21 000 3 09 53 00 1 00 53
21 001 3 09 53 00 1 01 53
21 002 3 14 62 01 1 01 62
21 003 3 10 48 02 1 02 48
21 004 3 14 62 01 1 02 62
21 005 3 09 53 00 0 02 52
21 006 3 10 48 02 0 02 62
21 007 3 14 62 01 0 02 58
21 008 3 09 53 00 0 02 52
21 009 3 09 53 00 0 02 62
21 010 3 14 62 01 1 02 62
21 011 3 10 48 02 0 02 53
21 012 3 10 48 02 0 02 53
21 013 3 09 53 00 1 02 53
21 014 3 14 62 01 0 02 14
21 015 3 09 53 00 0 02 48
21 016 3 10 48 02 0 02 53
21 017 3 14 62 01 0 02 53
21 018 3 09 53 00 1 02 53
21 019 3 14 62 01 0 02 48
21 020 3 10 48 02 1 02 48
21 021 3 10 48 02 0 02 62
21 022 3 14 62 01 1 02 62
21 023 3 09 53 00 1 02 53
21 024 3 09 53 00 1 02 53
21 025 3 14 62 01 1 02 62
21 026 3 10 48 02 1 02 48
21 027 3 07 60 03 1 03 60
21 028 3 09 53 00 1 03 53
21 029 3 14 62 01 0 03 48
21 030 3 10 48 02 1 03 48
21 031 3 09 53 00 1 03 53
21 032 3 07 60 03 1 03 60
21 033 3 10 48 02 0 03 53
21 034 3 14 62 01 1 03 62
21 035 3 10 48 02 1 03 48
21 036 3 14 62 01 1 03 62
21 037 3 07 60 03 1 03 60
21 038 3 09 53 00 1 03 53
21 039 3 14 62 01 1 04 62
21 000 0 04 55 00 1 00 55
21 001 0 04 55 00 0 01 21
21 002 0 11 29 01 1 01 29
21 003 0 11 29 01 1 01 29
21 004 0 04 55 00 0 01 51
21 005 0 11 29 01 1 01 29
21 006 0 04 55 00 1 01 55
21 007 0 11 29 01 1 02 29
21 008 0 05 72 02 0 02 69
21 009 0 04 55 00 0 02 72
21 010 0 04 55 00 1 02 55
21 011 0 11 29 01 1 02 29
21 012 0 05 72 02 1 02 72
21 013 0 04 55 00 0 03 72
21 014 0 05 72 02 1 03 72
21 015 0 11 29 01 1 03 29
21 016 0 03 65 03 0 03 96
21 017 0 05 72 02 1 03 72
21 018 0 03 65 03 1 03 65
21 019 0 04 55 00 0 03 29
21 020 0 11 29 01 1 03 29
21 021 0 03 65 03 1 03 65
21 022 0 11 29 01 1 03 29
21 023 0 05 72 02 0 03 55
21 024 0 04 55 00 1 03 55
21 025 0 03 65 03 1 03 65
21 026 0 04 55 00 1 03 55
21 027 0 11 29 01 1 03 29
21 028 0 05 72 02 0 03 55
21 029 0 05 72 02 0 03 55
21 030 0 04 55 00 0 03 65
21 031 0 11 29 01 1 03 29
21 032 0 03 65 03 0 03 72
21 033 0 05 72 02 0 03 55
21 034 0 03 65 03 1 03 65
21 035 0 11 29 01 1 03 29
21 036 0 04 55 00 1 03 55
21 037 0 05 72 02 1 03 72
21 038 0 04 55 00 1 03 55
21 039 0 11 29 01 1 03 29
21 040 0 03 65 03 0 03 72
21 041 0 05 72 02 0 03 55
21 042 0 11 29 01 1 03 29
21 043 0 03 65 03 0 03 72
21 044 0 04 55 00 0 03 65
21 045 0 03 65 03 0 03 29
21 046 0 05 72 02 0 03 55
21 047 0 11 29 01 1 03 29
21 048 0 04 55 00 0 03 65
21 049 0 04 55 00 1 03 55
21 050 0 03 65 03 1 03 65
21 051 0 05 72 02 1 03 72
21 052 0 11 29 01 1 03 29
21 053 0 03 65 03 0 04 72
21 054 0 15 37 04 1 04 37
21 055 0 04 55 00 1 04 55
21 056 0 11 29 01 1 04 29
21 057 0 05 72 02 1 04 72
21 058 0 03 65 03 0 04 55
21 059 0 15 37 04 1 04 37
21 060 0 05 72 02 0 04 55
21 061 0 11 29 01 1 04 29
21 062 0 04 55 00 1 04 55
21 063 0 11 29 01 1 04 29
21 064 0 05 72 02 1 04 72
21 065 0 03 65 03 1 04 65
21 066 0 04 55 00 1 04 55
21 067 0 15 37 04 1 04 37
21 068 0 14 11 05 1 05 11
21 069 0 04 55 00 0 05 72
21 070 0 03 65 03 0 05 72
21 071 0 15 37 04 0 05 33
21 072 0 11 29 01 1 05 29
21 073 0 05 72 02 1 05 72
21 074 0 11 29 01 1 05 29
21 075 0 05 72 02 0 05 55
21 076 0 04 55 00 1 05 55
21 077 0 14 11 05 1 05 11
21 078 0 15 37 04 1 05 37
21 079 0 03 65 03 1 05 65
21 080 0 05 72 02 1 05 72
21 081 0 11 29 01 1 05 29
21 082 0 03 65 03 0 05 55
21 083 0 14 11 05 1 05 11
21 084 0 15 37 04 1 05 37
21 085 0 04 55 00 1 05 55
21 086 0 15 37 04 1 05 37
21 087 0 11 29 01 1 05 29
21 088 0 14 11 05 1 05 11
21 089 0 03 65 03 1 05 65
21 090 0 05 72 02 0 05 55
21 091 0 04 55 00 1 05 55
21 092 0 03 65 03 1 05 65
21 093 0 05 72 02 1 05 72
21 094 0 11 29 01 1 05 29
21 095 0 04 55 00 0 05 65
21 096 0 15 37 04 1 05 37
21 097 0 14 11 05 1 05 11
21 098 0 11 29 01 1 05 29
21 099 0 04 55 00 1 05 55
21 100 0 14 11 05 1 05 11
21 101 0 15 37 04 1 05 37
21 102 0 03 65 03 0 05 29
21 103 0 05 72 02 1 05 72
21 104 0 11 29 01 1 05 29
21 105 0 04 55 00 1 05 55
21 106 0 05 72 02 1 05 72
21 107 0 14 11 05 1 05 11
21 108 0 03 65 03 0 05 29
21 109 0 15 37 04 1 05 37
21 110 0 14 11 05 1 05 11
21 111 0 05 72 02 1 05 72
21 112 0 04 55 00 1 05 55
21 113 0 11 29 01 1 05 29
21 114 0 03 65 03 0 05 29
21 115 0 15 37 04 1 05 37
21 116 0 11 29 01 1 05 29
21 117 0 04 55 00 1 05 55
21 118 0 05 72 02 1 05 72
21 119 0 03 65 03 1 05 65
21 120 1 08 56 00 1 00 56
21 121 1 08 56 00 1 01 56
21 122 1 09 67 01 1 01 67
21 123 1 09 67 01 0 02 45
21 124 1 11 45 02 1 02 45
21 125 1 08 56 00 1 02 56
21 126 1 09 67 01 1 02 67
21 127 1 08 56 00 1 02 56
21 128 1 11 45 02 1 02 45
21 129 1 09 67 01 1 03 67
21 130 1 11 45 02 0 03 54
21 131 1 17 34 03 0 03 37
21 132 1 08 56 00 1 03 56
21 133 1 17 34 03 0 03 45
21 134 1 11 45 02 1 03 45
21 135 1 09 67 01 1 03 67
21 136 1 08 56 00 1 03 56
21 137 1 17 34 03 0 03 37
21 138 1 09 67 01 1 03 67
21 139 1 11 45 02 1 03 45
21 140 1 08 56 00 1 03 56
21 141 1 09 67 01 1 03 67
21 142 1 17 34 03 1 03 34
21 143 1 08 56 00 1 03 56
21 144 1 11 45 02 1 03 45
21 145 1 02 16 04 1 04 16
21 146 1 08 56 00 1 04 56
21 147 1 09 67 01 1 04 67
21 148 1 17 34 03 1 04 34
21 149 1 11 45 02 1 04 45
21 150 1 08 56 00 1 05 56
21 151 1 00 31 05 0 05 16
21 152 1 17 34 03 1 05 34
21 153 1 09 67 01 1 05 67
21 154 1 11 45 02 0 05 34
21 155 1 02 16 04 1 05 16
21 156 1 11 45 02 0 05 34
21 157 1 09 67 01 1 05 67
21 158 1 08 56 00 1 05 56
21 159 1 02 16 04 1 05 16
21 160 1 00 31 05 0 05 37
21 161 1 17 34 03 1 05 34
21 162 1 17 34 03 1 05 34
21 163 1 11 45 02 0 05 31
21 164 1 09 67 01 1 05 67
21 165 1 08 56 00 1 05 56
21 166 1 00 31 05 1 05 31
21 167 1 02 16 04 1 05 16
21 168 1 00 31 05 1 05 31
21 169 1 17 34 03 1 05 34
21 170 1 11 45 02 0 05 71
21 171 1 09 67 01 1 05 67
21 172 1 08 56 00 1 05 56
21 173 1 02 16 04 0 05 31
21 174 1 17 34 03 1 05 34
21 175 1 00 31 05 0 05 16
21 176 1 02 16 04 1 05 16
21 177 1 09 67 01 1 05 67
21 178 1 11 45 02 0 05 37
21 179 1 08 56 00 0 05 05
21 180 1 11 45 02 0 05 34
21 181 1 08 56 00 1 05 56
21 182 1 02 16 04 1 05 16
21 183 1 09 67 01 1 05 67
21 184 1 17 34 03 1 05 34
21 185 1 00 31 05 0 05 16
21 186 1 11 45 02 0 05 34
21 187 1 02 16 04 1 05 16
21 188 1 00 31 05 0 05 45
21 189 1 09 67 01 1 05 67
21 190 1 17 34 03 1 05 34
21 191 1 08 56 00 1 05 56
21 192 1 11 45 02 0 05 31
21 193 1 08 56 00 1 05 56
21 194 1 09 67 01 1 05 67
21 195 1 00 31 05 0 05 16
21 196 1 02 16 04 1 05 16
21 197 1 17 34 03 1 05 34
21 198 1 17 34 03 1 05 34
21 199 1 08 56 00 1 05 56
21 200 1 02 16 04 1 05 16
21 201 1 11 45 02 1 05 45
21 202 1 00 31 05 1 05 31
21 203 1 09 67 01 1 05 67
21 204 1 11 45 02 0 06 34
21 205 1 08 56 00 0 06 05
21 206 1 09 67 01 1 06 67
21 207 1 02 16 04 1 06 16
21 208 1 00 31 05 1 06 31
21 209 1 07 47 06 0 06 37
21 210 1 17 34 03 1 06 34
21 211 1 00 31 05 0 06 45
21 212 1 02 16 04 1 06 16
21 213 1 07 47 06 1 06 47
21 214 1 08 56 00 1 06 56
21 215 1 09 67 01 1 06 67
21 216 1 11 45 02 1 06 45
21 217 1 17 34 03 1 06 34
21 218 1 11 45 02 1 06 45
21 219 1 07 47 06 0 06 11
21 220 1 09 67 01 1 06 67
21 221 1 02 16 04 1 06 16
21 222 1 17 34 03 1 06 34
21 223 1 08 56 00 1 06 56
21 224 1 00 31 05 1 06 31
21 225 1 11 45 02 1 06 45
21 226 1 07 47 06 0 06 37
21 227 1 17 34 03 1 06 34
21 228 1 02 16 04 1 06 16
21 229 1 08 56 00 1 06 56
21 230 1 00 31 05 0 06 45
21 231 1 09 67 01 0 06 06
21 232 1 07 47 06 0 06 31
21 233 1 02 16 04 1 06 16
21 234 1 11 45 02 0 06 34
21 235 1 00 31 05 1 06 31
21 236 1 09 67 01 1 06 67
21 237 1 08 56 00 1 06 56
21 238 1 17 34 03 1 06 34
21 239 1 07 47 06 1 06 47
21 240 2 10 43 00 0 00 53
21 241 2 10 43 00 1 00 43
21 242 2 06 73 01 1 01 73
21 243 2 10 43 00 1 01 43
21 244 2 10 43 00 1 02 43
21 245 2 06 73 01 0 02 37
21 246 2 16 59 02 0 02 53
21 247 2 06 73 01 0 02 04
21 248 2 10 43 00 1 02 43
21 249 2 16 59 02 1 02 59
21 250 2 10 43 00 1 02 43
21 251 2 16 59 02 1 02 59
21 252 2 06 73 01 1 02 73
21 253 2 11 38 03 1 03 38
21 254 2 16 59 02 0 03 43
21 255 2 10 43 00 0 03 05
21 256 2 06 73 01 1 03 73
21 257 2 11 38 03 0 03 43
21 258 2 16 59 02 0 03 53
21 259 2 06 73 01 0 03 43
21 260 2 10 43 00 1 03 43
21 261 2 10 43 00 0 03 71
21 262 2 11 38 03 0 03 43
21 263 2 06 73 01 0 03 04
21 264 2 16 59 02 1 03 59
21 265 2 06 73 01 0 03 79
21 266 2 10 43 00 1 03 43
21 267 2 11 38 03 0 03 59
21 268 2 16 59 02 0 03 53
21 269 2 06 73 01 0 03 04
21 270 2 11 38 03 0 03 05
21 271 2 16 59 02 0 03 05
21 272 2 10 43 00 0 03 04
21 273 2 16 59 02 0 03 05
21 274 2 06 73 01 0 03 43
21 275 2 11 38 03 0 03 53
21 276 2 10 43 00 0 03 59
21 277 2 10 43 00 1 03 43
21 278 2 16 59 02 1 03 59
21 279 2 11 38 03 0 03 43
21 280 2 06 73 01 1 03 73
21 281 2 11 38 03 0 03 43
21 282 2 06 73 01 1 03 73
21 283 2 16 59 02 0 03 43
21 284 2 10 43 00 1 03 43
21 285 2 10 43 00 1 03 43
21 286 2 11 38 03 0 03 59
21 287 2 06 73 01 1 03 73
21 288 2 16 59 02 0 03 43
21 289 2 11 38 03 0 03 43
21 290 2 10 43 00 0 03 38
21 291 2 16 59 02 1 03 59
21 292 2 06 73 01 1 03 73
21 293 2 06 73 01 1 03 73
21 294 2 11 38 03 0 03 43
21 295 2 10 43 00 0 03 38
21 296 2 16 59 02 1 03 59
21 297 2 11 38 03 0 03 43
21 298 2 16 59 02 0 03 05
21 299 2 06 73 01 0 03 38
21 300 2 10 43 00 1 03 43
21 301 2 16 59 02 1 03 59
21 302 2 10 43 00 0 03 38
21 303 2 06 73 01 0 03 38
21 304 2 11 38 03 0 03 43
21 305 2 06 73 01 0 03 72
21 306 2 16 59 02 1 03 59
21 307 2 10 43 00 0 03 38
21 308 2 11 38 03 0 03 43
21 309 2 06 73 01 1 03 73
21 310 2 10 43 00 1 03 43
21 311 2 11 38 03 1 03 38
21 312 2 16 59 02 1 03 59
21 313 2 13 51 04 0 04 05
21 314 2 10 43 00 0 04 38
21 315 2 11 38 03 0 04 43
21 316 2 06 73 01 0 04 00
21 317 2 16 59 02 0 04 73
21 318 2 06 73 01 0 04 07
21 319 2 16 59 02 0 04 43
21 320 2 10 43 00 1 04 43
21 321 2 13 51 04 0 04 43
21 322 2 11 38 03 0 04 00
21 323 2 10 43 00 0 04 00
21 324 2 13 51 04 0 04 00
21 325 2 16 59 02 0 04 00
21 326 2 06 73 01 0 04 00
21 327 2 11 38 03 0 04 00
21 328 2 06 73 01 0 04 00
21 329 2 13 51 04 0 04 00
21 330 2 16 59 02 0 04 00
21 331 2 11 38 03 0 04 00
21 332 2 10 43 00 0 04 00
21 333 2 10 43 00 0 04 03
21 334 2 13 51 04 0 04 00
21 335 2 11 38 03 0 04 00
21 336 2 06 73 01 0 04 00
21 337 2 16 59 02 1 04 59
21 338 2 16 59 02 1 04 59
21 339 2 13 51 04 0 04 43
21 340 2 10 43 00 0 04 38
21 341 2 11 38 03 0 04 00
21 342 2 06 73 01 0 04 07
21 343 2 10 43 00 0 04 00
21 344 2 13 51 04 0 04 00
21 345 2 06 73 01 0 04 00
21 346 2 16 59 02 0 04 00
21 347 2 11 38 03 0 04 00
21 348 2 16 59 02 0 04 00
21 349 2 06 73 01 0 04 00
21 350 2 10 43 00 0 04 00
21 351 2 13 51 04 0 04 00
21 352 2 11 38 03 0 04 00
21 353 2 13 51 04 0 04 00
21 354 2 06 73 01 0 04 00
21 355 2 16 59 02 0 04 00
21 356 2 11 38 03 0 04 00
21 357 2 10 43 00 0 04 00
21 358 2 16 59 02 0 04 00
21 359 2 06 73 01 0 04 00
