29 000 3 01 38 00 1 00 38
29 001 3 00 33 01 1 01 33
29 002 3 01 38 00 0 01 03
29 003 3 01 38 00 1 01 38
29 004 3 00 33 01 1 01 33
29 005 3 00 33 01 1 02 33
29 006 3 01 38 00 1 02 38
29 007 3 05 72 02 1 02 72
29 008 3 00 33 01 1 03 33
29 009 3 06 56 03 1 03 56
29 010 3 05 72 02 1 03 72
29 011 3 01 38 00 1 03 38
29 012 3 05 72 02 1 04 72
29 013 3 01 38 00 1 04 38
29 014 3 06 56 03 0 04 52
29 015 3 00 33 01 1 04 33
29 016 3 02 62 04 1 04 62
29 017 3 05 72 02 1 04 72
29 018 3 06 56 03 1 04 56
29 019 3 01 38 00 1 04 38
29 020 3 02 62 04 1 04 62
29 021 3 00 33 01 1 04 33
29 022 3 02 62 04 1 05 62
29 023 3 00 33 01 1 05 33
29 024 3 06 56 03 0 05 52
29 025 3 05 72 02 1 05 72
29 026 3 16 40 05 1 05 40
29 027 3 01 38 00 1 05 38
29 028 3 02 62 04 1 05 62
29 029 3 01 38 00 1 05 38
29 030 3 00 33 01 1 05 33
29 031 3 05 72 02 1 05 72
29 032 3 16 40 05 1 05 40
29 033 3 06 56 03 1 05 56
29 034 3 16 40 05 1 06 40
29 035 3 02 62 04 1 06 62
29 036 3 05 72 02 1 06 72
29 037 3 10 41 06 1 06 41
29 038 3 01 38 00 1 06 38
29 039 3 06 56 03 1 06 56
29 000 2 04 59 00 1 00 59
29 001 2 06 23 01 1 01 23
29 002 2 04 59 00 1 01 59
29 003 2 02 34 02 1 02 34
29 004 2 06 23 01 1 02 23
29 005 2 04 59 00 1 02 59
29 006 2 02 34 02 0 03 33
29 007 2 06 23 01 0 03 59
29 008 2 04 59 00 1 03 59
29 009 2 05 31 03 0 03 59
29 010 2 04 59 00 1 03 59
29 011 2 06 23 01 0 03 33
29 012 2 05 31 03 1 03 31
29 013 2 02 34 02 1 03 34
29 014 2 04 59 00 1 03 59
29 015 2 02 34 02 1 03 34
29 016 2 06 23 01 1 03 23
29 017 2 05 31 03 1 03 31
29 018 2 06 23 01 0 04 31
29 019 2 09 11 04 1 04 11
29 020 2 02 34 02 1 04 34
29 021 2 05 31 03 0 04 59
29 022 2 04 59 00 1 04 59
29 023 2 02 34 02 0 04 29
29 024 2 04 59 00 0 04 23
29 025 2 06 23 01 0 04 31
29 026 2 09 11 04 0 04 71
29 027 2 05 31 03 0 04 23
29 028 2 06 23 01 0 04 31
29 029 2 02 34 02 1 04 34
29 030 2 04 59 00 1 04 59
29 031 2 05 31 03 1 04 31
29 032 2 09 11 04 0 04 23
29 033 2 05 31 03 1 04 31
29 034 2 02 34 02 1 04 34
29 035 2 06 23 01 1 04 23
29 036 2 04 59 00 1 04 59
29 037 2 09 11 04 1 04 11
29 038 2 04 59 00 1 05 59
29 039 2 09 11 04 1 05 11
29 040 2 02 34 02 1 05 34
29 041 2 06 23 01 1 05 23
29 042 2 13 53 05 1 05 53
29 043 2 05 31 03 0 05 23
29 044 2 13 53 05 1 05 53
29 045 2 09 11 04 1 05 11
29 046 2 06 23 01 0 05 31
29 047 2 04 59 00 1 05 59
29 048 2 05 31 03 1 05 31
29 049 2 02 34 02 1 05 34
29 050 2 09 11 04 1 05 11
29 051 2 13 53 05 1 05 53
29 052 2 04 59 00 0 05 23
29 053 2 06 23 01 1 05 23
29 054 2 05 31 03 1 05 31
29 055 2 02 34 02 0 05 29
29 056 2 04 59 00 0 05 31
29 057 2 09 11 04 1 05 11
29 058 2 06 23 01 1 05 23
29 059 2 02 34 02 1 05 34
29 060 2 05 31 03 0 05 59
29 061 2 13 53 05 1 05 53
29 062 2 13 53 05 0 05 11
29 063 2 02 34 02 1 05 34
29 064 2 06 23 01 1 05 23
29 065 2 04 59 00 0 05 31
29 066 2 09 11 04 1 05 11
29 067 2 05 31 03 0 05 23
29 068 2 04 59 00 1 05 59
29 069 2 05 31 03 0 05 59
29 070 2 09 11 04 1 05 11
29 071 2 02 34 02 1 05 34
29 072 2 13 53 05 1 05 53
29 073 2 06 23 01 1 05 23
29 074 2 13 53 05 1 05 53
29 075 2 04 59 00 0 05 31
29 076 2 02 34 02 1 05 34
29 077 2 05 31 03 0 05 59
29 078 2 09 11 04 1 05 11
29 079 2 06 23 01 1 05 23
29 080 2 04 59 00 1 05 59
29 081 2 06 23 01 0 05 31
29 082 2 05 31 03 0 05 59
29 083 2 02 34 02 0 05 29
29 084 2 13 53 05 1 05 53
29 085 2 09 11 04 1 05 11
29 086 2 02 34 02 1 05 34
29 087 2 09 11 04 1 05 11
29 088 2 06 23 01 1 05 23
29 089 2 04 59 00 1 05 59
29 090 2 05 31 03 1 05 31
29 091 2 13 53 05 1 05 53
29 092 2 04 59 00 1 06 59
29 093 2 06 23 01 0 06 31
29 094 2 05 31 03 0 06 23
29 095 2 13 53 05 1 06 53
29 096 2 15 60 06 1 06 60
29 097 2 02 34 02 1 06 34
29 098 2 09 11 04 1 06 11
29 099 2 06 23 01 1 06 23
29 100 2 15 60 06 0 06 53
29 101 2 04 59 00 1 06 59
29 102 2 09 11 04 0 06 23
29 103 2 05 31 03 0 06 23
29 104 2 13 53 05 1 06 53
29 105 2 02 34 02 1 06 34
29 106 2 02 34 02 1 06 34
29 107 2 09 11 04 1 06 11
29 108 2 05 31 03 0 06 23
29 109 2 15 60 06 1 06 60
29 110 2 04 59 00 0 06 31
29 111 2 06 23 01 0 06 31
29 112 2 13 53 05 1 06 53
29 113 2 15 60 06 1 06 60
29 114 2 02 34 02 1 06 34
29 115 2 09 11 04 1 06 11
29 116 2 13 53 05 1 06 53
29 117 2 06 23 01 1 06 23
29 118 2 05 31 03 1 06 31
29 119 2 04 59 00 1 06 59
29 120 0 05 57 00 1 00 57
29 121 0 08 14 01 1 01 14
29 122 0 05 57 00 1 01 57
29 123 0 08 14 01 0 02 17
29 124 0 00 50 02 1 02 50
29 125 0 05 57 00 1 02 57
29 126 0 05 57 00 1 02 57
29 127 0 08 14 01 0 02 17
29 128 0 00 50 02 1 02 50
29 129 0 00 50 02 1 02 50
29 130 0 08 14 01 1 02 14
29 131 0 05 57 00 1 02 57
29 132 0 05 57 00 1 03 57
29 133 0 15 67 03 1 03 67
29 134 0 08 14 01 1 03 14
29 135 0 00 50 02 1 03 50
29 136 0 15 67 03 1 04 67
29 137 0 05 57 00 1 04 57
29 138 0 06 39 04 1 04 39
29 139 0 00 50 02 1 04 50
29 140 0 08 14 01 1 04 14
29 141 0 06 39 04 0 05 67
29 142 0 15 67 03 1 05 67
29 143 0 00 50 02 1 05 50
29 144 0 08 14 01 1 05 14
29 145 0 10 70 05 0 05 60
29 146 0 05 57 00 1 05 57
29 147 0 06 39 04 1 05 39
29 148 0 00 50 02 1 05 50
29 149 0 08 14 01 1 05 14
29 150 0 15 67 03 1 05 67
29 151 0 05 57 00 1 05 57
29 152 0 10 70 05 1 05 70
29 153 0 05 57 00 1 06 57
29 154 0 00 50 02 1 06 50
29 155 0 10 70 05 0 06 39
29 156 0 06 39 04 1 06 39
29 157 0 15 67 03 1 06 67
29 158 0 08 14 01 1 06 14
29 159 0 07 36 06 0 06 71
29 160 0 08 14 01 0 06 01
29 161 0 06 39 04 1 06 39
29 162 0 00 50 02 1 06 50
29 163 0 10 70 05 1 06 70
29 164 0 05 57 00 1 06 57
29 165 0 07 36 06 1 06 36
29 166 0 15 67 03 1 06 67
29 167 0 10 70 05 1 06 70
29 168 0 08 14 01 1 06 14
29 169 0 00 50 02 1 06 50
29 170 0 15 67 03 1 06 67
29 171 0 06 39 04 1 06 39
29 172 0 05 57 00 1 06 57
29 173 0 07 36 06 0 06 39
29 174 0 07 36 06 1 06 36
29 175 0 10 70 05 1 06 70
29 176 0 08 14 01 1 06 14
29 177 0 05 57 00 1 06 57
29 178 0 06 39 04 1 06 39
29 179 0 15 67 03 1 06 67
29 180 0 00 50 02 1 06 50
29 181 0 00 50 02 1 07 50
29 182 0 16 77 07 1 07 77
29 183 0 15 67 03 1 07 67
29 184 0 08 14 01 1 07 14
29 185 0 07 36 06 1 07 36
29 186 0 06 39 04 1 07 39
29 187 0 05 57 00 0 07 55
29 188 0 10 70 05 1 07 70
29 189 0 16 77 07 1 07 77
29 190 0 07 36 06 1 07 36
29 191 0 00 50 02 1 07 50
29 192 0 10 70 05 1 07 70
29 193 0 05 57 00 1 07 57
29 194 0 08 14 01 1 07 14
29 195 0 06 39 04 1 07 39
29 196 0 15 67 03 1 07 67
29 197 0 16 77 07 1 08 77
29 198 0 08 14 01 1 08 14
29 199 0 17 75 08 1 08 75
29 200 0 06 39 04 0 08 57
29 201 0 15 67 03 1 08 67
29 202 0 10 70 05 1 08 70
29 203 0 07 36 06 1 08 36
29 204 0 05 57 00 1 08 57
29 205 0 00 50 02 1 08 50
29 206 0 06 39 04 0 08 36
29 207 0 16 77 07 1 08 77
29 208 0 07 36 06 0 08 39
29 209 0 08 14 01 1 08 14
29 210 0 10 70 05 1 08 70
29 211 0 00 50 02 1 08 50
29 212 0 05 57 00 1 08 57
29 213 0 15 67 03 1 08 67
29 214 0 17 75 08 1 08 75
29 215 0 08 14 01 1 08 14
29 216 0 15 67 03 0 08 77
29 217 0 07 36 06 1 08 36
29 218 0 06 39 04 1 08 39
29 219 0 17 75 08 1 08 75
29 220 0 05 57 00 1 08 57
29 221 0 00 50 02 1 08 50
29 222 0 16 77 07 1 08 77
29 223 0 10 70 05 1 08 70
29 224 0 16 77 07 1 08 77
29 225 0 00 50 02 1 08 50
29 226 0 05 57 00 1 08 57
29 227 0 10 70 05 1 08 70
29 228 0 08 14 01 1 08 14
29 229 0 17 75 08 1 08 75
29 230 0 06 39 04 1 08 39
29 231 0 07 36 06 1 08 36
29 232 0 15 67 03 1 08 67
29 233 0 15 67 03 1 09 67
29 234 0 08 14 01 1 09 14
29 235 0 10 70 05 1 09 70
29 236 0 11 17 09 1 09 17
29 237 0 07 36 06 1 09 36
29 238 0 06 39 04 1 09 39
29 239 0 17 75 08 1 09 75
29 240 1 08 45 00 1 00 45
29 241 1 08 45 00 1 01 45
29 242 1 10 54 01 1 01 54
29 243 1 10 54 01 1 02 54
29 244 1 02 48 02 1 02 48
29 245 1 08 45 00 1 02 45
29 246 1 02 48 02 1 03 48
29 247 1 03 42 03 1 03 42
29 248 1 10 54 01 1 03 54
29 249 1 08 45 00 1 03 45
29 250 1 10 54 01 1 04 54
29 251 1 08 45 00 1 04 45
29 252 1 02 48 02 1 04 48
29 253 1 11 63 04 1 04 63
29 254 1 03 42 03 0 04 48
29 255 1 03 42 03 1 04 42
29 256 1 02 48 02 1 04 48
29 257 1 08 45 00 1 04 45
29 258 1 11 63 04 1 04 63
29 259 1 10 54 01 1 04 54
29 260 1 08 45 00 1 05 45
29 261 1 02 48 02 1 05 48
29 262 1 10 54 01 1 05 54
29 263 1 01 28 05 0 05 43
29 264 1 11 63 04 1 05 63
29 265 1 03 42 03 1 05 42
29 266 1 08 45 00 1 05 45
29 267 1 03 42 03 1 05 42
29 268 1 11 63 04 0 05 28
29 269 1 10 54 01 0 05 05
29 270 1 01 28 05 0 05 63
29 271 1 02 48 02 1 05 48
29 272 1 02 48 02 1 05 48
29 273 1 01 28 05 1 05 28
29 274 1 03 42 03 1 05 42
29 275 1 08 45 00 1 05 45
29 276 1 11 63 04 1 05 63
29 277 1 10 54 01 1 05 54
29 278 1 08 45 00 1 06 45
29 279 1 02 48 02 1 06 48
29 280 1 10 54 01 1 06 54
29 281 1 00 52 06 1 06 52
29 282 1 01 28 05 1 06 28
29 283 1 03 42 03 1 06 42
29 284 1 11 63 04 1 06 63
29 285 1 11 63 04 1 07 63
29 286 1 10 54 01 1 07 54
29 287 1 08 45 00 1 07 45
29 288 1 02 48 02 1 07 48
29 289 1 03 42 03 1 07 42
29 290 1 01 28 05 1 07 28
29 291 1 00 52 06 1 07 52
29 292 1 16 35 07 1 07 35
29 293 1 16 35 07 1 08 35
29 294 1 00 52 06 1 08 52
29 295 1 08 45 00 1 08 45
29 296 1 02 48 02 1 08 48
29 297 1 05 12 08 1 08 12
29 298 1 01 28 05 1 08 28
29 299 1 11 63 04 1 08 63
29 300 1 03 42 03 1 08 42
29 301 1 10 54 01 1 08 54
29 302 1 00 52 06 1 09 52
29 303 1 10 54 01 1 09 54
29 304 1 01 28 05 1 09 28
29 305 1 08 45 00 1 09 45
29 306 1 16 35 07 0 09 12
29 307 1 04 66 09 0 09 12
29 308 1 11 63 04 1 09 63
29 309 1 03 42 03 1 09 42
29 310 1 02 48 02 1 09 48
29 311 1 05 12 08 0 09 35
29 312 1 10 54 01 1 09 54
29 313 1 02 48 02 1 09 48
29 314 1 03 42 03 1 09 42
29 315 1 08 45 00 1 09 45
29 316 1 05 12 08 1 09 12
29 317 1 00 52 06 0 09 35
29 318 1 04 66 09 0 09 12
29 319 1 01 28 05 1 09 28
29 320 1 11 63 04 1 09 63
29 321 1 16 35 07 1 09 35
29 322 1 11 63 04 1 09 63
29 323 1 01 28 05 1 09 28
29 324 1 16 35 07 1 09 35
29 325 1 00 52 06 1 09 52
29 326 1 08 45 00 1 09 45
29 327 1 05 12 08 1 09 12
29 328 1 02 48 02 1 09 48
29 329 1 03 42 03 1 09 42
29 330 1 10 54 01 1 09 54
29 331 1 04 66 09 1 09 66
29 332 1 08 45 00 1 10 45
29 333 1 11 63 04 1 10 63
29 334 1 09 25 10 1 10 25
29 335 1 05 12 08 1 10 12
29 336 1 03 42 03 1 10 42
29 337 1 10 54 01 1 10 54
29 338 1 04 66 09 1 10 66
29 339 1 00 52 06 1 10 52
29 340 1 02 48 02 1 10 48
29 341 1 16 35 07 0 10 12
29 342 1 01 28 05 0 10 63
29 343 1 09 25 10 1 10 25
29 344 1 08 45 00 1 10 45
29 345 1 03 42 03 1 10 42
29 346 1 11 63 04 1 10 63
29 347 1 04 66 09 1 10 66
29 348 1 01 28 05 1 10 28
29 349 1 00 52 06 0 10 12
29 350 1 02 48 02 1 10 48
29 351 1 16 35 07 1 10 35
29 352 1 10 54 01 1 10 54
29 353 1 05 12 08 1 10 12
29 354 1 04 66 09 1 10 66
29 355 1 05 12 08 1 10 12
29 356 1 02 48 02 1 10 48
29 357 1 00 52 06 1 10 52
29 358 1 03 42 03 1 10 42
29 359 1 11 63 04 1 10 63
