20 000 3 13 69 00 0 00 66
20 001 3 13 69 00 1 00 69
20 002 3 13 69 00 0 01 08
20 003 3 00 58 01 1 01 58
20 004 3 13 69 00 1 01 69
20 005 3 00 58 01 1 01 58
20 006 3 00 58 01 1 02 58
20 007 3 13 69 00 1 02 69
20 008 3 05 26 02 1 02 26
20 009 3 00 58 01 1 03 58
20 010 3 11 14 03 1 03 14
20 011 3 13 69 00 1 03 69
20 012 3 05 26 02 1 03 26
20 013 3 15 15 04 1 04 15
20 014 3 11 14 03 1 04 14
20 015 3 05 26 02 1 04 26
20 016 3 13 69 00 1 04 69
20 017 3 00 58 01 1 04 58
20 018 3 00 58 01 1 05 58
20 019 3 06 79 05 0 05 70
20 020 3 05 26 02 0 05 01
20 021 3 15 15 04 1 05 15
20 022 3 11 14 03 1 05 14
20 023 3 13 69 00 1 05 69
20 024 3 15 15 04 1 05 15
20 025 3 06 79 05 0 05 58
20 026 3 05 26 02 1 05 26
20 027 3 00 58 01 1 05 58
20 028 3 13 69 00 1 05 69
20 029 3 11 14 03 1 05 14
20 030 3 15 15 04 1 05 15
20 031 3 05 26 02 1 05 26
20 032 3 00 58 01 1 05 58
20 033 3 06 79 05 1 05 79
20 034 3 13 69 00 1 05 69
20 035 3 11 14 03 1 05 14
20 036 3 11 14 03 1 06 14
20 037 3 00 58 01 1 06 58
20 038 3 06 79 05 1 06 79
20 039 3 05 26 02 1 06 26
20 000 2 13 65 00 1 00 65
20 001 2 13 65 00 1 01 65
20 002 2 05 45 01 1 01 45
20 003 2 00 16 02 1 02 16
20 004 2 13 65 00 1 02 65
20 005 2 05 45 01 1 02 45
20 006 2 00 16 02 1 03 16
20 007 2 05 45 01 0 03 30
20 008 2 02 30 03 1 03 30
20 009 2 13 65 00 1 03 65
20 010 2 00 16 02 1 03 16
20 011 2 05 45 01 1 03 45
20 012 2 13 65 00 1 03 65
20 013 2 02 30 03 1 03 30
20 014 2 00 16 02 1 04 16
20 015 2 02 30 03 1 04 30
20 016 2 17 43 04 0 04 63
20 017 2 13 65 00 1 04 65
20 018 2 05 45 01 1 04 45
20 019 2 00 16 02 1 04 16
20 020 2 17 43 04 1 04 43
20 021 2 05 45 01 1 04 45
20 022 2 02 30 03 1 04 30
20 023 2 13 65 00 1 04 65
20 024 2 05 45 01 1 05 45
20 025 2 13 65 00 1 05 65
20 026 2 02 30 03 1 05 30
20 027 2 00 16 02 1 05 16
20 028 2 17 43 04 1 05 43
20 029 2 15 50 05 1 05 50
20 030 2 05 45 01 1 06 45
20 031 2 02 30 03 1 06 30
20 032 2 13 65 00 0 06 45
20 033 2 00 16 02 1 06 16
20 034 2 15 50 05 0 06 65
20 035 2 17 43 04 0 06 50
20 036 2 11 27 06 0 06 65
20 037 2 05 45 01 0 06 30
20 038 2 17 43 04 1 06 43
20 039 2 00 16 02 1 06 16
20 040 2 02 30 03 1 06 30
20 041 2 13 65 00 1 06 65
20 042 2 11 27 06 1 06 27
20 043 2 15 50 05 1 06 50
20 044 2 00 16 02 1 06 16
20 045 2 17 43 04 1 06 43
20 046 2 15 50 05 0 06 65
20 047 2 11 27 06 0 06 65
20 048 2 13 65 00 0 06 27
20 049 2 05 45 01 1 06 45
20 050 2 02 30 03 1 06 30
20 051 2 02 30 03 1 06 30
20 052 2 17 43 04 1 06 43
20 053 2 05 45 01 1 06 45
20 054 2 11 27 06 0 06 65
20 055 2 13 65 00 0 06 27
20 056 2 15 50 05 0 06 27
20 057 2 00 16 02 1 06 16
20 058 2 15 50 05 1 06 50
20 059 2 17 43 04 1 06 43
20 060 2 05 45 01 1 06 45
20 061 2 11 27 06 0 06 65
20 062 2 13 65 00 0 06 27
20 063 2 02 30 03 1 06 30
20 064 2 00 16 02 1 06 16
20 065 2 13 65 00 1 06 65
20 066 2 15 50 05 0 06 27
20 067 2 17 43 04 0 06 05
20 068 2 05 45 01 1 06 45
20 069 2 02 30 03 1 06 30
20 070 2 00 16 02 1 06 16
20 071 2 11 27 06 0 06 65
20 072 2 13 65 00 1 06 65
20 073 2 11 27 06 1 06 27
20 074 2 05 45 01 1 06 45
20 075 2 17 43 04 1 06 43
20 076 2 02 30 03 1 06 30
20 077 2 15 50 05 1 06 50
20 078 2 00 16 02 1 06 16
20 079 2 13 65 00 1 07 65
20 080 2 11 27 06 1 07 27
20 081 2 17 43 04 1 07 43
20 082 2 05 45 01 1 07 45
20 083 2 04 46 07 0 07 40
20 084 2 00 16 02 1 07 16
20 085 2 15 50 05 0 07 43
20 086 2 02 30 03 1 07 30
20 087 2 05 45 01 0 07 46
20 088 2 00 16 02 1 07 16
20 089 2 11 27 06 0 07 65
20 090 2 17 43 04 1 07 43
20 091 2 15 50 05 1 07 50
20 092 2 02 30 03 1 07 30
20 093 2 04 46 07 0 07 54
20 094 2 13 65 00 0 07 50
20 095 2 02 30 03 1 07 30
20 096 2 00 16 02 1 07 16
20 097 2 05 45 01 0 07 46
20 098 2 04 46 07 0 07 45
20 099 2 15 50 05 1 07 50
20 100 2 13 65 00 1 07 65
20 101 2 17 43 04 1 07 43
20 102 2 11 27 06 0 07 65
20 103 2 05 45 01 1 07 45
20 104 2 00 16 02 1 07 16
20 105 2 15 50 05 1 07 50
20 106 2 11 27 06 0 07 65
20 107 2 13 65 00 1 07 65
20 108 2 02 30 03 1 07 30
20 109 2 17 43 04 1 07 43
20 110 2 04 46 07 1 07 46
20 111 2 00 16 02 1 07 16
20 112 2 05 45 01 1 07 45
20 113 2 17 43 04 0 07 50
20 114 2 15 50 05 1 07 50
20 115 2 04 46 07 0 07 45
20 116 2 13 65 00 1 07 65
20 117 2 11 27 06 1 07 27
20 118 2 02 30 03 1 07 30
20 119 2 15 50 05 0 07 65
20 120 0 03 34 00 1 00 34
20 121 0 03 34 00 1 01 34
20 122 0 04 42 01 1 01 42
20 123 0 04 42 01 0 02 64
20 124 0 03 34 00 1 02 34
20 125 0 10 32 02 0 02 52
20 126 0 03 34 00 1 02 34
20 127 0 04 42 01 0 02 32
20 128 0 10 32 02 0 02 41
20 129 0 03 34 00 0 02 32
20 130 0 10 32 02 0 02 42
20 131 0 04 42 01 0 02 43
20 132 0 10 32 02 0 02 04
20 133 0 03 34 00 1 02 34
20 134 0 04 42 01 0 02 32
20 135 0 10 32 02 1 02 32
20 136 0 04 42 01 1 02 42
20 137 0 03 34 00 1 02 34
20 138 0 03 34 00 1 03 34
20 139 0 04 42 01 1 03 42
20 140 0 13 37 03 1 03 37
20 141 0 10 32 02 0 03 42
20 142 0 10 32 02 1 03 32
20 143 0 04 42 01 1 03 42
20 144 0 03 34 00 1 03 34
20 145 0 13 37 03 1 03 37
20 146 0 10 32 02 1 04 32
20 147 0 00 57 04 0 04 47
20 148 0 13 37 03 1 04 37
20 149 0 04 42 01 1 04 42
20 150 0 03 34 00 1 04 34
20 151 0 13 37 03 1 04 37
20 152 0 10 32 02 0 04 42
20 153 0 03 34 00 1 04 34
20 154 0 00 57 04 1 04 57
20 155 0 04 42 01 1 04 42
20 156 0 00 57 04 1 04 57
20 157 0 03 34 00 1 04 34
20 158 0 10 32 02 1 04 32
20 159 0 13 37 03 1 04 37
20 160 0 04 42 01 1 04 42
20 161 0 13 37 03 1 05 37
20 162 0 04 42 01 1 05 42
20 163 0 10 32 02 1 05 32
20 164 0 03 34 00 1 05 34
20 165 0 05 47 05 1 05 47
20 166 0 00 57 04 1 05 57
20 167 0 03 34 00 1 06 34
20 168 0 04 42 01 1 06 42
20 169 0 13 37 03 1 06 37
20 170 0 06 44 06 0 06 52
20 171 0 05 47 05 1 06 47
20 172 0 00 57 04 1 06 57
20 173 0 10 32 02 1 06 32
20 174 0 05 47 05 1 06 47
20 175 0 00 57 04 1 06 57
20 176 0 10 32 02 1 06 32
20 177 0 13 37 03 1 06 37
20 178 0 03 34 00 1 06 34
20 179 0 06 44 06 1 06 44
20 180 0 04 42 01 1 06 42
20 181 0 05 47 05 1 07 47
20 182 0 03 34 00 1 07 34
20 183 0 04 42 01 1 07 42
20 184 0 09 56 07 0 07 46
20 185 0 00 57 04 1 07 57
20 186 0 10 32 02 1 07 32
20 187 0 06 44 06 1 07 44
20 188 0 13 37 03 1 07 37
20 189 0 05 47 05 1 07 47
20 190 0 09 56 07 1 07 56
20 191 0 06 44 06 1 07 44
20 192 0 10 32 02 1 07 32
20 193 0 04 42 01 1 07 42
20 194 0 13 37 03 1 07 37
20 195 0 00 57 04 1 07 57
20 196 0 03 34 00 1 07 34
20 197 0 05 47 05 1 08 47
20 198 0 10 32 02 1 08 32
20 199 0 17 70 08 1 08 70
20 200 0 00 57 04 1 08 57
20 201 0 04 42 01 1 08 42
20 202 0 06 44 06 1 08 44
20 203 0 09 56 07 1 08 56
20 204 0 13 37 03 1 08 37
20 205 0 03 34 00 1 08 34
20 206 0 10 32 02 1 09 32
20 207 0 04 42 01 1 09 42
20 208 0 09 56 07 1 09 56
20 209 0 06 44 06 1 09 44
20 210 0 13 37 03 1 09 37
20 211 0 05 47 05 1 09 47
20 212 0 00 57 04 1 09 57
20 213 0 03 34 00 1 09 34
20 214 0 17 70 08 1 09 70
20 215 0 11 59 09 0 09 46
20 216 0 13 37 03 1 09 37
20 217 0 06 44 06 1 09 44
20 218 0 05 47 05 1 09 47
20 219 0 10 32 02 1 09 32
20 220 0 03 34 00 1 09 34
20 221 0 09 56 07 1 09 56
20 222 0 17 70 08 1 09 70
20 223 0 11 59 09 1 09 59
20 224 0 00 57 04 1 09 57
20 225 0 04 42 01 1 09 42
20 226 0 00 57 04 1 10 57
20 227 0 10 32 02 1 10 32
20 228 0 06 44 06 1 10 44
20 229 0 04 42 01 1 10 42
20 230 0 11 59 09 1 10 59
20 231 0 09 56 07 1 10 56
20 232 0 17 70 08 1 10 70
20 233 0 05 47 05 1 10 47
20 234 0 13 37 03 1 10 37
20 235 0 16 61 10 0 10 27
20 236 0 03 34 00 1 10 34
20 237 0 05 47 05 1 10 47
20 238 0 03 34 00 1 10 34
20 239 0 17 70 08 1 10 70
20 240 1 03 33 00 1 00 33
20 241 1 03 33 00 1 01 33
20 242 1 17 12 01 1 01 12
20 243 1 03 33 00 1 02 33
20 244 1 08 13 02 1 02 13
20 245 1 17 12 01 1 02 12
20 246 1 03 33 00 1 03 33
20 247 1 09 66 03 0 03 16
20 248 1 17 12 01 0 03 14
20 249 1 08 13 02 1 03 13
20 250 1 17 12 01 1 03 12
20 251 1 08 13 02 1 03 13
20 252 1 09 66 03 1 03 66
20 253 1 03 33 00 1 03 33
20 254 1 03 33 00 1 04 33
20 255 1 09 66 03 1 04 66
20 256 1 17 12 01 1 04 12
20 257 1 08 13 02 1 04 13
20 258 1 10 35 04 0 04 62
20 259 1 03 33 00 1 04 33
20 260 1 09 66 03 1 04 66
20 261 1 08 13 02 1 04 13
20 262 1 17 12 01 1 04 12
20 263 1 10 35 04 1 04 35
20 264 1 03 33 00 1 05 33
20 265 1 11 17 05 0 05 43
20 266 1 10 35 04 1 05 35
20 267 1 09 66 03 1 05 66
20 268 1 08 13 02 1 05 13
20 269 1 17 12 01 1 05 12
20 270 1 17 12 01 1 05 12
20 271 1 03 33 00 1 05 33
20 272 1 10 35 04 1 05 35
20 273 1 11 17 05 1 05 17
20 274 1 08 13 02 1 05 13
20 275 1 09 66 03 1 05 66
20 276 1 11 17 05 1 06 17
20 277 1 08 13 02 1 06 13
20 278 1 01 23 06 1 06 23
20 279 1 03 33 00 1 06 33
20 280 1 10 35 04 1 06 35
20 281 1 17 12 01 1 06 12
20 282 1 09 66 03 1 06 66
20 283 1 10 35 04 1 07 35
20 284 1 11 17 05 1 07 17
20 285 1 13 25 07 1 07 25
20 286 1 17 12 01 1 07 12
20 287 1 09 66 03 1 07 66
20 288 1 03 33 00 1 07 33
20 289 1 01 23 06 0 07 17
20 290 1 08 13 02 1 07 13
20 291 1 01 23 06 1 07 23
20 292 1 10 35 04 1 07 35
20 293 1 17 12 01 1 07 12
20 294 1 11 17 05 1 07 17
20 295 1 08 13 02 1 07 13
20 296 1 09 66 03 1 07 66
20 297 1 13 25 07 1 07 25
20 298 1 03 33 00 1 07 33
20 299 1 03 33 00 1 08 33
20 300 1 12 51 08 1 08 51
20 301 1 01 23 06 1 08 23
20 302 1 17 12 01 1 08 12
20 303 1 08 13 02 1 08 13
20 304 1 11 17 05 1 08 17
20 305 1 09 66 03 1 08 66
20 306 1 13 25 07 0 08 24
20 307 1 10 35 04 1 08 35
20 308 1 03 33 00 1 08 33
20 309 1 09 66 03 1 08 66
20 310 1 11 17 05 1 08 17
20 311 1 01 23 06 1 08 23
20 312 1 13 25 07 0 08 24
20 313 1 08 13 02 1 08 13
20 314 1 17 12 01 1 08 12
20 315 1 10 35 04 1 08 35
20 316 1 12 51 08 1 08 51
20 317 1 08 13 02 1 08 13
20 318 1 09 66 03 0 08 86
20 319 1 03 33 00 1 08 33
20 320 1 11 17 05 1 08 17
20 321 1 10 35 04 1 08 35
20 322 1 17 12 01 1 08 12
20 323 1 01 23 06 1 08 23
20 324 1 13 25 07 1 08 25
20 325 1 12 51 08 1 08 51
20 326 1 17 12 01 1 08 12
20 327 1 13 25 07 1 08 25
20 328 1 01 23 06 1 08 23
20 329 1 03 33 00 1 08 33
20 330 1 09 66 03 1 08 66
20 331 1 10 35 04 1 08 35
20 332 1 11 17 05 1 08 17
20 333 1 12 51 08 1 08 51
20 334 1 08 13 02 1 08 13
20 335 1 17 12 01 1 09 12
20 336 1 03 33 00 1 09 33
20 337 1 01 23 06 1 09 23
20 338 1 07 41 09 1 09 41
20 339 1 10 35 04 1 09 35
20 340 1 11 17 05 1 09 17
20 341 1 09 66 03 0 09 76
20 342 1 13 25 07 1 09 25
20 343 1 12 51 08 1 09 51
20 344 1 08 13 02 1 09 13
20 345 1 09 66 03 1 09 66
20 346 1 03 33 00 1 09 33
20 347 1 17 12 01 1 09 12
20 348 1 12 51 08 1 09 51
20 349 1 10 35 04 1 09 35
20 350 1 11 17 05 1 09 17
20 351 1 13 25 07 1 09 25
20 352 1 08 13 02 1 09 13
20 353 1 07 41 09 1 09 41
20 354 1 01 23 06 1 09 23
20 355 1 10 35 04 1 10 35
20 356 1 13 25 07 1 10 25
20 357 1 12 51 08 1 10 51
20 358 1 01 23 06 1 10 23
20 359 1 08 13 02 1 10 13
