45 000 3 03 67 00 0 00 26
45 001 3 03 67 00 0 00 02
45 002 3 03 67 00 1 00 67
45 003 3 03 67 00 1 01 67
45 004 3 00 27 01 0 01 26
45 005 3 00 27 01 0 01 67
45 006 3 03 67 00 1 01 67
45 007 3 00 27 01 1 01 27
45 008 3 03 67 00 1 01 67
45 009 3 02 19 02 1 02 19
45 010 3 03 67 00 1 02 67
45 011 3 00 27 01 0 02 29
45 012 3 03 67 00 1 02 67
45 013 3 00 27 01 1 02 27
45 014 3 02 19 02 1 02 19
45 015 3 14 54 03 1 03 54
45 016 3 02 19 02 1 03 19
45 017 3 00 27 01 0 03 26
45 018 3 03 67 00 1 03 67
45 019 3 14 54 03 1 03 54
45 020 3 02 19 02 1 03 19
45 021 3 00 27 01 1 03 27
45 022 3 03 67 00 1 03 67
45 023 3 00 27 01 0 04 19
45 024 3 02 19 02 1 04 19
45 025 3 08 20 04 0 04 02
45 026 3 03 67 00 1 04 67
45 027 3 14 54 03 1 04 54
45 028 3 02 19 02 0 04 20
45 029 3 08 20 04 1 04 20
45 030 3 03 67 00 1 04 67
45 031 3 00 27 01 0 04 19
45 032 3 14 54 03 1 04 54
45 033 3 03 67 00 1 04 67
45 034 3 02 19 02 0 04 20
45 035 3 00 27 01 0 04 20
45 036 3 14 54 03 1 04 54
45 037 3 08 20 04 0 04 19
45 038 3 14 54 03 1 04 54
45 039 3 03 67 00 1 04 67
45 000 0 12 41 00 1 00 41
45 001 0 00 13 01 1 01 13
45 002 0 12 41 00 1 01 41
45 003 0 11 38 02 1 02 38
45 004 0 12 41 00 1 02 41
45 005 0 00 13 01 1 02 13
45 006 0 12 41 00 1 03 41
45 007 0 00 13 01 1 03 13
45 008 0 03 75 03 1 03 75
45 009 0 11 38 02 0 03 31
45 010 0 03 75 03 0 03 31
45 011 0 11 38 02 0 03 31
45 012 0 12 41 00 1 03 41
45 013 0 00 13 01 1 03 13
45 014 0 12 41 00 0 03 38
45 015 0 11 38 02 0 03 41
45 016 0 03 75 03 0 03 38
45 017 0 00 13 01 1 03 13
45 018 0 03 75 03 1 03 75
45 019 0 00 13 01 1 03 13
45 020 0 12 41 00 1 03 41
45 021 0 11 38 02 0 03 75
45 022 0 12 41 00 1 03 41
45 023 0 03 75 03 1 03 75
45 024 0 00 13 01 1 03 13
45 025 0 11 38 02 1 03 38
45 026 0 03 75 03 1 04 75
45 027 0 10 16 04 0 04 31
45 028 0 12 41 00 1 04 41
45 029 0 11 38 02 0 04 75
45 030 0 00 13 01 1 04 13
45 031 0 03 75 03 0 04 38
45 032 0 10 16 04 1 04 16
45 033 0 12 41 00 1 04 41
45 034 0 00 13 01 1 04 13
45 035 0 11 38 02 1 04 38
45 036 0 12 41 00 1 04 41
45 037 0 10 16 04 1 04 16
45 038 0 03 75 03 1 04 75
45 039 0 00 13 01 1 04 13
45 040 0 11 38 02 0 04 75
45 041 0 03 75 03 1 04 75
45 042 0 10 16 04 1 04 16
45 043 0 00 13 01 1 04 13
45 044 0 12 41 00 1 04 41
45 045 0 11 38 02 1 04 38
45 046 0 11 38 02 1 05 38
45 047 0 03 75 03 1 05 75
45 048 0 09 12 05 1 05 12
45 049 0 10 16 04 1 05 16
45 050 0 00 13 01 1 05 13
45 051 0 12 41 00 1 05 41
45 052 0 05 15 06 1 06 15
45 053 0 11 38 02 0 06 41
45 054 0 10 16 04 1 06 16
45 055 0 12 41 00 1 06 41
45 056 0 09 12 05 1 06 12
45 057 0 03 75 03 1 06 75
45 058 0 00 13 01 1 06 13
45 059 0 00 13 01 1 06 13
45 060 0 09 12 05 1 06 12
45 061 0 12 41 00 1 06 41
45 062 0 10 16 04 0 06 15
45 063 0 11 38 02 0 06 41
45 064 0 05 15 06 0 06 13
45 065 0 03 75 03 1 06 75
45 066 0 10 16 04 0 06 41
45 067 0 03 75 03 1 06 75
45 068 0 05 15 06 0 06 16
45 069 0 12 41 00 1 06 41
45 070 0 09 12 05 0 06 21
45 071 0 11 38 02 1 06 38
45 072 0 00 13 01 1 06 13
45 073 0 11 38 02 0 06 41
45 074 0 00 13 01 1 06 13
45 075 0 10 16 04 1 06 16
45 076 0 09 12 05 0 06 13
45 077 0 05 15 06 0 06 13
45 078 0 12 41 00 1 06 41
45 079 0 03 75 03 0 06 38
45 080 0 12 41 00 1 06 41
45 081 0 10 16 04 1 06 16
45 082 0 11 38 02 1 06 38
45 083 0 03 75 03 1 06 75
45 084 0 00 13 01 1 06 13
45 085 0 09 12 05 1 06 12
45 086 0 05 15 06 1 06 15
45 087 0 08 72 07 1 07 72
45 088 0 00 13 01 1 07 13
45 089 0 05 15 06 0 07 13
45 090 0 12 41 00 1 07 41
45 091 0 11 38 02 1 07 38
45 092 0 10 16 04 1 07 16
45 093 0 03 75 03 0 07 37
45 094 0 09 12 05 1 07 12
45 095 0 09 12 05 1 07 12
45 096 0 11 38 02 1 07 38
45 097 0 05 15 06 1 07 15
45 098 0 08 72 07 1 07 72
45 099 0 10 16 04 1 07 16
45 100 0 12 41 00 1 07 41
45 101 0 03 75 03 1 07 75
45 102 0 00 13 01 1 07 13
45 103 0 01 74 08 1 08 74
45 104 0 08 72 07 1 08 72
45 105 0 05 15 06 0 08 13
45 106 0 03 75 03 1 08 75
45 107 0 11 38 02 0 08 41
45 108 0 12 41 00 1 08 41
45 109 0 00 13 01 1 08 13
45 110 0 10 16 04 1 08 16
45 111 0 09 12 05 1 08 12
45 112 0 03 75 03 1 08 75
45 113 0 11 38 02 0 08 41
45 114 0 05 15 06 1 08 15
45 115 0 00 13 01 1 08 13
45 116 0 10 16 04 1 08 16
45 117 0 09 12 05 1 08 12
45 118 0 01 74 08 1 08 74
45 119 0 12 41 00 1 08 41
45 120 1 08 22 00 1 00 22
45 121 1 14 23 01 1 01 23
45 122 1 08 22 00 1 01 22
45 123 1 14 23 01 1 02 23
45 124 1 08 22 00 1 02 22
45 125 1 11 32 02 1 02 32
45 126 1 14 23 01 0 03 32
45 127 1 11 32 02 1 03 32
45 128 1 08 22 00 1 03 22
45 129 1 05 29 03 0 03 34
45 130 1 05 29 03 1 03 29
45 131 1 08 22 00 1 03 22
45 132 1 11 32 02 1 03 32
45 133 1 14 23 01 0 03 32
45 134 1 11 32 02 1 03 32
45 135 1 14 23 01 1 03 23
45 136 1 05 29 03 1 03 29
45 137 1 08 22 00 1 03 22
45 138 1 05 29 03 1 04 29
45 139 1 08 22 00 1 04 22
45 140 1 11 32 02 1 04 32
45 141 1 01 18 04 1 04 18
45 142 1 14 23 01 1 04 23
45 143 1 12 70 05 1 05 70
45 144 1 01 18 04 0 05 29
45 145 1 05 29 03 1 05 29
45 146 1 08 22 00 1 05 22
45 147 1 14 23 01 0 05 32
45 148 1 11 32 02 1 05 32
45 149 1 14 23 01 1 05 23
45 150 1 05 29 03 1 05 29
45 151 1 11 32 02 0 05 18
45 152 1 08 22 00 1 05 22
45 153 1 12 70 05 1 05 70
45 154 1 01 18 04 1 05 18
45 155 1 08 22 00 1 05 22
45 156 1 14 23 01 0 05 32
45 157 1 11 32 02 1 05 32
45 158 1 12 70 05 1 05 70
45 159 1 05 29 03 1 05 29
45 160 1 01 18 04 1 05 18
45 161 1 01 18 04 1 05 18
45 162 1 11 32 02 1 05 32
45 163 1 08 22 00 1 05 22
45 164 1 05 29 03 1 05 29
45 165 1 14 23 01 1 05 23
45 166 1 12 70 05 1 05 70
45 167 1 13 24 06 1 06 24
45 168 1 12 70 05 1 06 70
45 169 1 08 22 00 1 06 22
45 170 1 14 23 01 1 06 23
45 171 1 01 18 04 1 06 18
45 172 1 05 29 03 1 06 29
45 173 1 11 32 02 0 06 23
45 174 1 13 24 06 1 06 24
45 175 1 11 32 02 1 06 32
45 176 1 12 70 05 1 06 70
45 177 1 01 18 04 1 06 18
45 178 1 14 23 01 1 06 23
45 179 1 05 29 03 1 06 29
45 180 1 08 22 00 1 06 22
45 181 1 09 33 07 0 07 23
45 182 1 12 70 05 1 07 70
45 183 1 05 29 03 1 07 29
45 184 1 11 32 02 1 07 32
45 185 1 13 24 06 1 07 24
45 186 1 14 23 01 1 07 23
45 187 1 08 22 00 1 07 22
45 188 1 01 18 04 1 07 18
45 189 1 05 29 03 1 07 29
45 190 1 13 24 06 1 07 24
45 191 1 11 32 02 1 07 32
45 192 1 14 23 01 1 07 23
45 193 1 08 22 00 1 07 22
45 194 1 01 18 04 0 07 28
45 195 1 09 33 07 1 07 33
45 196 1 12 70 05 1 07 70
45 197 1 01 18 04 1 07 18
45 198 1 08 22 00 1 07 22
45 199 1 11 32 02 1 07 32
45 200 1 13 24 06 0 07 29
45 201 1 14 23 01 1 07 23
45 202 1 05 29 03 1 07 29
45 203 1 09 33 07 1 07 33
45 204 1 12 70 05 1 07 70
45 205 1 11 32 02 1 07 32
45 206 1 08 22 00 1 07 22
45 207 1 01 18 04 1 07 18
45 208 1 12 70 05 0 07 29
45 209 1 09 33 07 1 07 33
45 210 1 13 24 06 1 07 24
45 211 1 14 23 01 1 07 23
45 212 1 05 29 03 1 07 29
45 213 1 09 33 07 1 07 33
45 214 1 14 23 01 1 07 23
45 215 1 05 29 03 1 07 29
45 216 1 12 70 05 1 07 70
45 217 1 01 18 04 1 07 18
45 218 1 11 32 02 1 07 32
45 219 1 13 24 06 1 07 24
45 220 1 08 22 00 1 07 22
45 221 1 05 29 03 1 08 29
45 222 1 09 33 07 1 08 33
45 223 1 15 65 08 1 08 65
45 224 1 12 70 05 1 08 70
45 225 1 14 23 01 1 08 23
45 226 1 08 22 00 1 08 22
45 227 1 01 18 04 1 08 18
45 228 1 11 32 02 1 08 32
45 229 1 13 24 06 1 08 24
45 230 1 14 23 01 1 09 23
45 231 1 11 32 02 1 09 32
45 232 1 08 22 00 1 09 22
45 233 1 15 65 08 1 09 65
45 234 1 12 70 05 1 09 70
45 235 1 09 33 07 1 09 33
45 236 1 01 18 04 1 09 18
45 237 1 17 28 09 0 09 26
45 238 1 13 24 06 1 09 24
45 239 1 05 29 03 1 09 29
45 240 2 06 77 00 1 00 77
45 241 2 14 47 01 1 01 47
45 242 2 06 77 00 1 01 77
45 243 2 14 47 01 1 02 47
45 244 2 11 64 02 1 02 64
45 245 2 06 77 00 1 02 77
45 246 2 14 47 01 0 03 46
45 247 2 17 66 03 0 03 48
45 248 2 11 64 02 0 03 46
45 249 2 06 77 00 1 03 77
45 250 2 17 66 03 0 03 64
45 251 2 14 47 01 0 03 64
45 252 2 11 64 02 0 03 47
45 253 2 06 77 00 1 03 77
45 254 2 17 66 03 0 03 46
45 255 2 14 47 01 0 03 46
45 256 2 06 77 00 1 03 77
45 257 2 11 64 02 0 03 47
45 258 2 06 77 00 1 03 77
45 259 2 11 64 02 1 03 64
45 260 2 14 47 01 0 03 66
45 261 2 17 66 03 1 03 66
45 262 2 11 64 02 1 03 64
45 263 2 14 47 01 0 03 66
45 264 2 17 66 03 0 03 47
45 265 2 06 77 00 1 03 77
45 266 2 14 47 01 0 03 64
45 267 2 06 77 00 1 03 77
45 268 2 17 66 03 0 03 64
45 269 2 11 64 02 1 03 64
45 270 2 11 64 02 1 03 64
45 271 2 14 47 01 0 03 66
45 272 2 17 66 03 1 03 66
45 273 2 06 77 00 1 03 77
45 274 2 17 66 03 1 03 66
45 275 2 06 77 00 1 03 77
45 276 2 11 64 02 0 03 47
45 277 2 14 47 01 0 03 64
45 278 2 11 64 02 0 03 74
45 279 2 06 77 00 1 03 77
45 280 2 17 66 03 1 03 66
45 281 2 14 47 01 0 03 46
45 282 2 17 66 03 1 03 66
45 283 2 06 77 00 1 03 77
45 284 2 11 64 02 0 03 47
45 285 2 14 47 01 0 03 64
45 286 2 06 77 00 1 03 77
45 287 2 17 66 03 1 03 66
45 288 2 14 47 01 1 03 47
45 289 2 11 64 02 0 03 46
45 290 2 06 77 00 1 03 77
45 291 2 17 66 03 1 03 66
45 292 2 14 47 01 0 03 46
45 293 2 11 64 02 0 03 47
45 294 2 06 77 00 1 03 77
45 295 2 11 64 02 0 03 47
45 296 2 14 47 01 1 03 47
45 297 2 17 66 03 1 03 66
45 298 2 14 47 01 0 03 64
45 299 2 17 66 03 1 03 66
45 300 2 11 64 02 0 03 46
45 301 2 06 77 00 1 03 77
45 302 2 06 77 00 1 03 77
45 303 2 17 66 03 1 03 66
45 304 2 14 47 01 0 03 64
45 305 2 11 64 02 1 03 64
45 306 2 14 47 01 1 03 47
45 307 2 17 66 03 1 03 66
45 308 2 11 64 02 0 03 47
45 309 2 06 77 00 1 03 77
45 310 2 14 47 01 0 03 66
45 311 2 11 64 02 0 03 46
45 312 2 17 66 03 1 03 66
45 313 2 06 77 00 1 03 77
45 314 2 06 77 00 1 03 77
45 315 2 11 64 02 0 03 47
45 316 2 17 66 03 1 03 66
45 317 2 14 47 01 0 03 64
45 318 2 14 47 01 0 03 64
45 319 2 17 66 03 1 03 66
45 320 2 06 77 00 1 03 77
45 321 2 11 64 02 1 03 64
45 322 2 14 47 01 1 03 47
45 323 2 11 64 02 1 03 64
45 324 2 06 77 00 1 03 77
45 325 2 17 66 03 0 03 47
45 326 2 11 64 02 1 03 64
45 327 2 17 66 03 1 03 66
45 328 2 06 77 00 1 03 77
45 329 2 14 47 01 0 03 74
45 330 2 17 66 03 1 03 66
45 331 2 06 77 00 1 03 77
45 332 2 14 47 01 0 03 64
45 333 2 11 64 02 1 03 64
45 334 2 17 66 03 1 03 66
45 335 2 11 64 02 0 03 74
45 336 2 14 47 01 0 03 64
45 337 2 06 77 00 1 03 77
45 338 2 11 64 02 1 03 64
45 339 2 17 66 03 1 03 66
45 340 2 14 47 01 0 03 64
45 341 2 06 77 00 1 03 77
45 342 2 11 64 02 1 03 64
45 343 2 17 66 03 1 03 66
45 344 2 14 47 01 1 03 47
45 345 2 06 77 00 1 03 77
45 346 2 06 77 00 1 04 77
45 347 2 11 64 02 0 04 25
45 348 2 13 25 04 1 04 25
45 349 2 17 66 03 1 04 66
45 350 2 14 47 01 1 04 47
45 351 2 17 66 03 1 04 66
45 352 2 13 25 04 0 04 64
45 353 2 11 64 02 1 04 64
45 354 2 14 47 01 0 04 25
45 355 2 06 77 00 1 04 77
45 356 2 13 25 04 0 04 47
45 357 2 06 77 00 1 04 77
45 358 2 17 66 03 1 04 66
45 359 2 11 64 02 1 04 64
