46 000 3 03 77 00 1 00 77
46 001 3 03 77 00 1 01 77
46 002 3 00 47 01 1 01 47
46 003 3 03 77 00 1 02 77
46 004 3 02 64 02 0 02 47
46 005 3 00 47 01 0 02 64
46 006 3 02 64 02 1 02 64
46 007 3 03 77 00 0 02 06
46 008 3 00 47 01 1 02 47
46 009 3 00 47 01 1 02 47
46 010 3 03 77 00 1 02 77
46 011 3 02 64 02 1 02 64
46 012 3 03 77 00 1 03 77
46 013 3 14 66 03 1 03 66
46 014 3 02 64 02 1 03 64
46 015 3 00 47 01 1 03 47
46 016 3 02 64 02 1 04 64
46 017 3 03 77 00 1 04 77
46 018 3 14 66 03 1 04 66
46 019 3 00 47 01 1 04 47
46 020 3 08 25 04 1 04 25
46 021 3 02 64 02 1 05 64
46 022 3 03 77 00 1 05 77
46 023 3 00 47 01 1 05 47
46 024 3 14 66 03 1 05 66
46 025 3 05 40 05 0 05 25
46 026 3 08 25 04 0 05 64
46 027 3 08 25 04 1 05 25
46 028 3 00 47 01 0 05 64
46 029 3 14 66 03 1 05 66
46 030 3 05 40 05 0 05 25
46 031 3 03 77 00 1 05 77
46 032 3 02 64 02 1 05 64
46 033 3 14 66 03 1 05 66
46 034 3 05 40 05 0 05 25
46 035 3 03 77 00 0 05 40
46 036 3 08 25 04 0 05 64
46 037 3 00 47 01 0 05 25
46 038 3 02 64 02 0 05 47
46 039 3 08 25 04 0 05 47
46 000 1 08 41 00 1 00 41
46 001 1 14 13 01 1 01 13
46 002 1 08 41 00 1 01 41
46 003 1 11 38 02 0 02 37
46 004 1 08 41 00 1 02 41
46 005 1 14 13 01 0 02 17
46 006 1 14 13 01 0 02 18
46 007 1 11 38 02 1 02 38
46 008 1 08 41 00 1 02 41
46 009 1 08 41 00 1 02 41
46 010 1 11 38 02 1 02 38
46 011 1 14 13 01 1 02 13
46 012 1 14 13 01 1 03 13
46 013 1 11 38 02 0 03 13
46 014 1 08 41 00 1 03 41
46 015 1 05 75 03 0 03 45
46 016 1 08 41 00 1 03 41
46 017 1 05 75 03 0 03 47
46 018 1 14 13 01 1 03 13
46 019 1 11 38 02 0 03 41
46 020 1 14 13 01 1 03 13
46 021 1 08 41 00 1 03 41
46 022 1 05 75 03 1 03 75
46 023 1 11 38 02 0 03 13
46 024 1 08 41 00 1 03 41
46 025 1 11 38 02 1 03 38
46 026 1 14 13 01 1 03 13
46 027 1 05 75 03 1 03 75
46 028 1 05 75 03 1 04 75
46 029 1 11 38 02 1 04 38
46 030 1 14 13 01 1 04 13
46 031 1 08 41 00 1 04 41
46 032 1 01 16 04 0 04 17
46 033 1 14 13 01 1 04 13
46 034 1 08 41 00 1 04 41
46 035 1 05 75 03 1 04 75
46 036 1 11 38 02 1 04 38
46 037 1 01 16 04 1 04 16
46 038 1 11 38 02 1 05 38
46 039 1 14 13 01 1 05 13
46 040 1 05 75 03 1 05 75
46 041 1 01 16 04 1 05 16
46 042 1 08 41 00 1 05 41
46 043 1 12 12 05 0 05 25
46 044 1 08 41 00 1 05 41
46 045 1 11 38 02 0 05 13
46 046 1 12 12 05 1 05 12
46 047 1 14 13 01 1 05 13
46 048 1 05 75 03 1 05 75
46 049 1 01 16 04 1 05 16
46 050 1 01 16 04 1 05 16
46 051 1 08 41 00 1 05 41
46 052 1 14 13 01 1 05 13
46 053 1 11 38 02 0 05 13
46 054 1 05 75 03 1 05 75
46 055 1 12 12 05 1 05 12
46 056 1 14 13 01 1 05 13
46 057 1 12 12 05 1 05 12
46 058 1 05 75 03 1 05 75
46 059 1 01 16 04 1 05 16
46 060 1 11 38 02 1 05 38
46 061 1 08 41 00 1 05 41
46 062 1 08 41 00 1 06 41
46 063 1 13 15 06 1 06 15
46 064 1 11 38 02 1 06 38
46 065 1 12 12 05 1 06 12
46 066 1 01 16 04 1 06 16
46 067 1 05 75 03 1 06 75
46 068 1 14 13 01 1 06 13
46 069 1 05 75 03 1 07 75
46 070 1 12 12 05 1 07 12
46 071 1 14 13 01 1 07 13
46 072 1 09 72 07 1 07 72
46 073 1 11 38 02 1 07 38
46 074 1 01 16 04 1 07 16
46 075 1 13 15 06 0 07 72
46 076 1 08 41 00 1 07 41
46 077 1 08 41 00 1 07 41
46 078 1 13 15 06 1 07 15
46 079 1 09 72 07 1 07 72
46 080 1 12 12 05 1 07 12
46 081 1 05 75 03 1 07 75
46 082 1 14 13 01 1 07 13
46 083 1 11 38 02 0 07 16
46 084 1 01 16 04 1 07 16
46 085 1 01 16 04 1 07 16
46 086 1 05 75 03 1 07 75
46 087 1 11 38 02 1 07 38
46 088 1 08 41 00 1 07 41
46 089 1 09 72 07 1 07 72
46 090 1 13 15 06 1 07 15
46 091 1 12 12 05 1 07 12
46 092 1 14 13 01 1 07 13
46 093 1 15 74 08 0 08 14
46 094 1 13 15 06 1 08 15
46 095 1 11 38 02 0 08 13
46 096 1 01 16 04 1 08 16
46 097 1 05 75 03 1 08 75
46 098 1 08 41 00 1 08 41
46 099 1 12 12 05 1 08 12
46 100 1 09 72 07 1 08 72
46 101 1 14 13 01 1 08 13
46 102 1 11 38 02 1 08 38
46 103 1 15 74 08 0 08 42
46 104 1 12 12 05 1 08 12
46 105 1 08 41 00 1 08 41
46 106 1 05 75 03 1 08 75
46 107 1 13 15 06 1 08 15
46 108 1 01 16 04 1 08 16
46 109 1 14 13 01 1 08 13
46 110 1 09 72 07 1 08 72
46 111 1 05 75 03 1 08 75
46 112 1 15 74 08 0 08 42
46 113 1 01 16 04 1 08 16
46 114 1 14 13 01 1 08 13
46 115 1 09 72 07 1 08 72
46 116 1 13 15 06 1 08 15
46 117 1 11 38 02 0 08 16
46 118 1 12 12 05 1 08 12
46 119 1 08 41 00 1 08 41
46 120 2 06 22 00 1 00 22
46 121 2 14 23 01 1 01 23
46 122 2 06 22 00 1 01 22
46 123 2 06 22 00 1 02 22
46 124 2 11 32 02 0 02 23
46 125 2 14 23 01 1 02 23
46 126 2 06 22 00 1 02 22
46 127 2 14 23 01 0 02 32
46 128 2 11 32 02 1 02 32
46 129 2 11 32 02 0 02 23
46 130 2 14 23 01 1 02 23
46 131 2 06 22 00 1 02 22
46 132 2 06 22 00 1 02 22
46 133 2 11 32 02 0 02 23
46 134 2 14 23 01 0 02 32
46 135 2 14 23 01 1 02 23
46 136 2 11 32 02 1 02 32
46 137 2 06 22 00 1 02 22
46 138 2 14 23 01 0 03 32
46 139 2 17 29 03 1 03 29
46 140 2 06 22 00 1 03 22
46 141 2 11 32 02 0 03 23
46 142 2 14 23 01 0 03 32
46 143 2 06 22 00 1 03 22
46 144 2 17 29 03 0 03 23
46 145 2 11 32 02 1 03 32
46 146 2 17 29 03 1 03 29
46 147 2 06 22 00 1 03 22
46 148 2 14 23 01 0 03 32
46 149 2 11 32 02 1 03 32
46 150 2 17 29 03 1 03 29
46 151 2 11 32 02 1 03 32
46 152 2 14 23 01 1 03 23
46 153 2 06 22 00 1 03 22
46 154 2 14 23 01 0 04 18
46 155 2 06 22 00 1 04 22
46 156 2 17 29 03 1 04 29
46 157 2 13 18 04 1 04 18
46 158 2 11 32 02 0 04 23
46 159 2 14 23 01 1 04 23
46 160 2 17 29 03 1 04 29
46 161 2 11 32 02 1 04 32
46 162 2 06 22 00 1 04 22
46 163 2 13 18 04 0 04 23
46 164 2 14 23 01 0 04 18
46 165 2 13 18 04 0 04 32
46 166 2 17 29 03 1 04 29
46 167 2 06 22 00 1 04 22
46 168 2 11 32 02 1 04 32
46 169 2 14 23 01 1 04 23
46 170 2 06 22 00 1 04 22
46 171 2 11 32 02 0 04 19
46 172 2 13 18 04 0 04 19
46 173 2 17 29 03 0 04 23
46 174 2 11 32 02 1 04 32
46 175 2 17 29 03 1 04 29
46 176 2 06 22 00 1 04 22
46 177 2 13 18 04 0 04 32
46 178 2 14 23 01 0 04 18
46 179 2 17 29 03 1 04 29
46 180 2 13 18 04 0 04 32
46 181 2 06 22 00 1 04 22
46 182 2 14 23 01 1 04 23
46 183 2 11 32 02 0 04 23
46 184 2 14 23 01 0 04 18
46 185 2 17 29 03 1 04 29
46 186 2 11 32 02 1 04 32
46 187 2 06 22 00 1 04 22
46 188 2 13 18 04 1 04 18
46 189 2 14 23 01 1 04 23
46 190 2 17 29 03 1 04 29
46 191 2 11 32 02 1 04 32
46 192 2 06 22 00 1 04 22
46 193 2 13 18 04 0 04 23
46 194 2 06 22 00 1 04 22
46 195 2 11 32 02 1 04 32
46 196 2 17 29 03 1 04 29
46 197 2 14 23 01 0 04 29
46 198 2 13 18 04 0 04 32
46 199 2 17 29 03 0 04 32
46 200 2 14 23 01 1 04 23
46 201 2 06 22 00 1 04 22
46 202 2 13 18 04 1 04 18
46 203 2 11 32 02 0 04 23
46 204 2 13 18 04 1 04 18
46 205 2 11 32 02 1 04 32
46 206 2 06 22 00 1 04 22
46 207 2 14 23 01 0 04 29
46 208 2 17 29 03 1 04 29
46 209 2 17 29 03 1 04 29
46 210 2 11 32 02 1 04 32
46 211 2 06 22 00 1 04 22
46 212 2 14 23 01 1 04 23
46 213 2 13 18 04 1 04 18
46 214 2 17 29 03 1 05 29
46 215 2 00 70 05 1 05 70
46 216 2 13 18 04 1 05 18
46 217 2 11 32 02 1 05 32
46 218 2 06 22 00 1 05 22
46 219 2 14 23 01 0 05 32
46 220 2 13 18 04 0 05 29
46 221 2 06 22 00 1 05 22
46 222 2 11 32 02 1 05 32
46 223 2 00 70 05 1 05 70
46 224 2 17 29 03 1 05 29
46 225 2 14 23 01 0 05 18
46 226 2 13 18 04 0 05 02
46 227 2 14 23 01 0 05 18
46 228 2 11 32 02 1 05 32
46 229 2 00 70 05 1 05 70
46 230 2 06 22 00 1 05 22
46 231 2 17 29 03 1 05 29
46 232 2 17 29 03 1 05 29
46 233 2 13 18 04 0 05 29
46 234 2 06 22 00 1 05 22
46 235 2 11 32 02 0 05 18
46 236 2 14 23 01 1 05 23
46 237 2 00 70 05 1 05 70
46 238 2 11 32 02 0 05 23
46 239 2 14 23 01 0 05 29
46 240 0 12 67 00 1 00 67
46 241 0 12 67 00 1 01 67
46 242 0 00 27 01 1 01 27
46 243 0 11 19 02 1 02 19
46 244 0 12 67 00 1 02 67
46 245 0 00 27 01 1 02 27
46 246 0 12 67 00 1 03 67
46 247 0 11 19 02 1 03 19
46 248 0 00 27 01 1 03 27
46 249 0 03 54 03 1 03 54
46 250 0 12 67 00 1 04 67
46 251 0 11 19 02 1 04 19
46 252 0 03 54 03 1 04 54
46 253 0 10 20 04 1 04 20
46 254 0 00 27 01 0 04 67
46 255 0 00 27 01 1 04 27
46 256 0 12 67 00 1 04 67
46 257 0 11 19 02 1 04 19
46 258 0 10 20 04 1 04 20
46 259 0 03 54 03 1 04 54
46 260 0 09 48 05 1 05 48
46 261 0 12 67 00 1 05 67
46 262 0 10 20 04 1 05 20
46 263 0 00 27 01 1 05 27
46 264 0 03 54 03 1 05 54
46 265 0 11 19 02 1 05 19
46 266 0 05 21 06 1 06 21
46 267 0 09 48 05 1 06 48
46 268 0 10 20 04 1 06 20
46 269 0 11 19 02 1 06 19
46 270 0 00 27 01 1 06 27
46 271 0 12 67 00 1 06 67
46 272 0 03 54 03 1 06 54
46 273 0 05 21 06 0 07 48
46 274 0 12 67 00 1 07 67
46 275 0 11 19 02 1 07 19
46 276 0 00 27 01 1 07 27
46 277 0 10 20 04 1 07 20
46 278 0 03 54 03 1 07 54
46 279 0 09 48 05 1 07 48
46 280 0 08 46 07 0 07 21
46 281 0 11 19 02 1 07 19
46 282 0 05 21 06 1 07 21
46 283 0 12 67 00 1 07 67
46 284 0 08 46 07 0 07 48
46 285 0 10 20 04 1 07 20
46 286 0 03 54 03 1 07 54
46 287 0 09 48 05 0 07 21
46 288 0 00 27 01 1 07 27
46 289 0 10 20 04 1 07 20
46 290 0 05 21 06 1 07 21
46 291 0 00 27 01 1 07 27
46 292 0 11 19 02 1 07 19
46 293 0 09 48 05 1 07 48
46 294 0 12 67 00 1 07 67
46 295 0 03 54 03 1 07 54
46 296 0 08 46 07 1 07 46
46 297 0 08 46 07 1 08 46
46 298 0 10 20 04 1 08 20
46 299 0 09 48 05 1 08 48
46 300 0 05 21 06 1 08 21
46 301 0 12 67 00 0 08 27
46 302 0 11 19 02 1 08 19
46 303 0 03 54 03 1 08 54
46 304 0 01 56 08 0 08 24
46 305 0 00 27 01 1 08 27
46 306 0 09 48 05 0 08 46
46 307 0 11 19 02 1 08 19
46 308 0 08 46 07 1 08 46
46 309 0 03 54 03 1 08 54
46 310 0 00 27 01 1 08 27
46 311 0 05 21 06 1 08 21
46 312 0 10 20 04 1 08 20
46 313 0 01 56 08 1 08 56
46 314 0 12 67 00 1 08 67
46 315 0 00 27 01 1 08 27
46 316 0 10 20 04 1 08 20
46 317 0 05 21 06 1 08 21
46 318 0 09 48 05 0 08 46
46 319 0 12 67 00 1 08 67
46 320 0 08 46 07 1 08 46
46 321 0 03 54 03 1 08 54
46 322 0 01 56 08 0 08 46
46 323 0 11 19 02 1 08 19
46 324 0 00 27 01 1 08 27
46 325 0 09 48 05 0 08 21
46 326 0 08 46 07 1 08 46
46 327 0 05 21 06 1 08 21
46 328 0 11 19 02 1 08 19
46 329 0 12 67 00 1 08 67
46 330 0 03 54 03 1 08 54
46 331 0 10 20 04 1 08 20
46 332 0 01 56 08 0 08 48
46 333 0 08 46 07 0 08 21
46 334 0 11 19 02 1 08 19
46 335 0 05 21 06 1 08 21
46 336 0 00 27 01 1 08 27
46 337 0 03 54 03 1 08 54
46 338 0 12 67 00 1 08 67
46 339 0 09 48 05 0 08 46
46 340 0 10 20 04 1 08 20
46 341 0 01 56 08 1 08 56
46 342 0 09 48 05 1 08 48
46 343 0 08 46 07 1 08 46
46 344 0 10 20 04 1 08 20
46 345 0 00 27 01 1 08 27
46 346 0 11 19 02 1 08 19
46 347 0 05 21 06 1 08 21
46 348 0 12 67 00 1 08 67
46 349 0 03 54 03 1 08 54
46 350 0 01 56 08 0 08 46
46 351 0 10 20 04 1 08 20
46 352 0 00 27 01 1 08 27
46 353 0 01 56 08 1 08 56
46 354 0 03 54 03 1 08 54
46 355 0 09 48 05 1 08 48
46 356 0 08 46 07 1 08 46
46 357 0 12 67 00 1 08 67
46 358 0 05 21 06 1 08 21
46 359 0 11 19 02 1 08 19
