40 000 3 10 63 00 1 00 63
40 001 3 05 19 01 1 01 19
40 002 3 10 63 00 1 01 63
40 003 3 05 19 01 1 02 19
40 004 3 10 63 00 1 02 63
40 005 3 01 77 02 1 02 77
40 006 3 05 19 01 1 03 19
40 007 3 10 63 00 0 03 77
40 008 3 13 64 03 1 03 64
40 009 3 01 77 02 0 03 19
40 010 3 01 77 02 1 03 77
40 011 3 13 64 03 1 03 64
40 012 3 10 63 00 0 03 19
40 013 3 05 19 01 1 03 19
40 014 3 10 63 00 1 03 63
40 015 3 13 64 03 1 03 64
40 016 3 01 77 02 1 03 77
40 017 3 05 19 01 0 03 64
40 018 3 05 19 01 1 03 19
40 019 3 13 64 03 1 03 64
40 020 3 10 63 00 0 03 77
40 021 3 01 77 02 1 03 77
40 022 3 05 19 01 1 03 19
40 023 3 01 77 02 0 03 63
40 024 3 13 64 03 1 03 64
40 025 3 10 63 00 0 03 77
40 026 3 01 77 02 1 03 77
40 027 3 10 63 00 1 03 63
40 028 3 05 19 01 1 03 19
40 029 3 13 64 03 1 03 64
40 030 3 05 19 01 0 04 64
40 031 3 13 64 03 1 04 64
40 032 3 10 63 00 0 04 77
40 033 3 11 48 04 0 04 54
40 034 3 01 77 02 0 04 64
40 035 3 10 63 00 1 04 63
40 036 3 13 64 03 1 04 64
40 037 3 05 19 01 1 04 19
40 038 3 11 48 04 1 04 48
40 039 3 01 77 02 0 04 19
40 000 1 15 29 00 1 00 29
40 001 1 06 34 01 1 01 34
40 002 1 15 29 00 1 01 29
40 003 1 15 29 00 0 02 39
40 004 1 09 51 02 1 02 51
40 005 1 06 34 01 1 02 34
40 006 1 06 34 01 1 02 34
40 007 1 15 29 00 0 02 21
40 008 1 09 51 02 1 02 51
40 009 1 06 34 01 1 02 34
40 010 1 09 51 02 1 02 51
40 011 1 15 29 00 1 02 29
40 012 1 09 51 02 1 03 51
40 013 1 15 29 00 1 03 29
40 014 1 06 34 01 1 03 34
40 015 1 07 12 03 1 03 12
40 016 1 02 31 04 1 04 31
40 017 1 15 29 00 1 04 29
40 018 1 06 34 01 1 04 34
40 019 1 07 12 03 1 04 12
40 020 1 09 51 02 1 04 51
40 021 1 02 31 04 1 05 31
40 022 1 06 34 01 1 05 34
40 023 1 01 26 05 0 05 34
40 024 1 15 29 00 0 05 32
40 025 1 07 12 03 1 05 12
40 026 1 09 51 02 1 05 51
40 027 1 06 34 01 1 05 34
40 028 1 09 51 02 0 05 31
40 029 1 02 31 04 1 05 31
40 030 1 07 12 03 1 05 12
40 031 1 15 29 00 1 05 29
40 032 1 01 26 05 1 05 26
40 033 1 07 12 03 1 05 12
40 034 1 01 26 05 1 05 26
40 035 1 02 31 04 1 05 31
40 036 1 15 29 00 1 05 29
40 037 1 06 34 01 1 05 34
40 038 1 09 51 02 1 05 51
40 039 1 01 26 05 1 06 26
40 040 1 05 38 06 0 06 36
40 041 1 02 31 04 1 06 31
40 042 1 07 12 03 1 06 12
40 043 1 06 34 01 1 06 34
40 044 1 09 51 02 1 06 51
40 045 1 15 29 00 1 06 29
40 046 1 15 29 00 1 06 29
40 047 1 02 31 04 1 06 31
40 048 1 01 26 05 1 06 26
40 049 1 06 34 01 1 06 34
40 050 1 09 51 02 0 06 31
40 051 1 07 12 03 1 06 12
40 052 1 05 38 06 1 06 38
40 053 1 01 26 05 1 06 26
40 054 1 15 29 00 1 06 29
40 055 1 09 51 02 1 06 51
40 056 1 05 38 06 1 06 38
40 057 1 07 12 03 1 06 12
40 058 1 06 34 01 1 06 34
40 059 1 02 31 04 1 06 31
40 060 1 06 34 01 1 07 34
40 061 1 00 68 07 1 07 68
40 062 1 05 38 06 1 07 38
40 063 1 01 26 05 1 07 26
40 064 1 07 12 03 1 07 12
40 065 1 09 51 02 1 07 51
40 066 1 02 31 04 1 07 31
40 067 1 15 29 00 1 07 29
40 068 1 09 51 02 1 08 51
40 069 1 00 68 07 1 08 68
40 070 1 06 34 01 1 08 34
40 071 1 02 31 04 1 08 31
40 072 1 15 29 00 1 08 29
40 073 1 11 27 08 0 08 65
40 074 1 01 26 05 1 08 26
40 075 1 07 12 03 1 08 12
40 076 1 05 38 06 0 08 31
40 077 1 06 34 01 1 08 34
40 078 1 05 38 06 0 08 27
40 079 1 07 12 03 1 08 12
40 080 1 00 68 07 1 08 68
40 081 1 01 26 05 0 08 29
40 082 1 09 51 02 1 08 51
40 083 1 11 27 08 1 08 27
40 084 1 02 31 04 1 08 31
40 085 1 15 29 00 1 08 29
40 086 1 06 34 01 1 08 34
40 087 1 15 29 00 1 08 29
40 088 1 11 27 08 1 08 27
40 089 1 09 51 02 1 08 51
40 090 1 05 38 06 1 08 38
40 091 1 07 12 03 1 08 12
40 092 1 01 26 05 0 08 27
40 093 1 02 31 04 1 08 31
40 094 1 00 68 07 1 08 68
40 095 1 07 12 03 1 08 12
40 096 1 00 68 07 1 08 68
40 097 1 09 51 02 1 08 51
40 098 1 01 26 05 1 08 26
40 099 1 05 38 06 1 08 38
40 100 1 06 34 01 1 08 34
40 101 1 11 27 08 1 08 27
40 102 1 15 29 00 1 08 29
40 103 1 02 31 04 1 08 31
40 104 1 09 51 02 1 09 51
40 105 1 12 66 09 1 09 66
40 106 1 01 26 05 1 09 26
40 107 1 00 68 07 1 09 68
40 108 1 05 38 06 1 09 38
40 109 1 11 27 08 1 09 27
40 110 1 06 34 01 1 09 34
40 111 1 15 29 00 1 09 29
40 112 1 02 31 04 1 09 31
40 113 1 07 12 03 1 09 12
40 114 1 00 68 07 1 10 68
40 115 1 17 53 10 1 10 53
40 116 1 05 38 06 1 10 38
40 117 1 09 51 02 1 10 51
40 118 1 01 26 05 1 10 26
40 119 1 06 34 01 1 10 34
40 120 2 02 60 00 1 00 60
40 121 2 02 60 00 1 01 60
40 122 2 16 24 01 1 01 24
40 123 2 16 24 01 1 02 24
40 124 2 02 60 00 1 02 60
40 125 2 00 17 02 1 02 17
40 126 2 00 17 02 1 03 17
40 127 2 15 79 03 0 03 24
40 128 2 16 24 01 0 03 79
40 129 2 02 60 00 1 03 60
40 130 2 00 17 02 1 03 17
40 131 2 02 60 00 1 03 60
40 132 2 15 79 03 0 03 70
40 133 2 16 24 01 0 03 79
40 134 2 02 60 00 1 03 60
40 135 2 00 17 02 1 03 17
40 136 2 16 24 01 0 03 79
40 137 2 15 79 03 0 03 24
40 138 2 16 24 01 0 03 79
40 139 2 15 79 03 0 03 24
40 140 2 02 60 00 1 03 60
40 141 2 00 17 02 1 03 17
40 142 2 02 60 00 0 03 17
40 143 2 16 24 01 1 03 24
40 144 2 00 17 02 1 03 17
40 145 2 15 79 03 1 03 79
40 146 2 00 17 02 1 03 17
40 147 2 02 60 00 1 03 60
40 148 2 15 79 03 0 03 24
40 149 2 16 24 01 0 03 79
40 150 2 16 24 01 1 03 24
40 151 2 02 60 00 1 03 60
40 152 2 15 79 03 1 03 79
40 153 2 00 17 02 1 03 17
40 154 2 16 24 01 1 04 24
40 155 2 00 17 02 1 04 17
40 156 2 15 79 03 1 04 79
40 157 2 04 14 04 0 04 40
40 158 2 02 60 00 1 04 60
40 159 2 15 79 03 1 04 79
40 160 2 04 14 04 1 04 14
40 161 2 02 60 00 1 04 60
40 162 2 00 17 02 1 04 17
40 163 2 16 24 01 1 04 24
40 164 2 00 17 02 1 05 17
40 165 2 04 14 04 1 05 14
40 166 2 02 60 00 1 05 60
40 167 2 15 79 03 1 05 79
40 168 2 16 24 01 1 05 24
40 169 2 08 50 05 1 05 50
40 170 2 12 74 06 1 06 74
40 171 2 04 14 04 1 06 14
40 172 2 16 24 01 1 06 24
40 173 2 08 50 05 1 06 50
40 174 2 02 60 00 1 06 60
40 175 2 00 17 02 1 06 17
40 176 2 15 79 03 1 06 79
40 177 2 12 74 06 0 07 79
40 178 2 01 16 07 0 07 60
40 179 2 04 14 04 0 07 50
40 180 2 00 17 02 1 07 17
40 181 2 08 50 05 1 07 50
40 182 2 15 79 03 0 07 24
40 183 2 02 60 00 0 07 16
40 184 2 16 24 01 1 07 24
40 185 2 01 16 07 0 07 60
40 186 2 02 60 00 0 07 16
40 187 2 15 79 03 0 07 74
40 188 2 12 74 06 0 07 79
40 189 2 08 50 05 1 07 50
40 190 2 04 14 04 0 07 60
40 191 2 16 24 01 1 07 24
40 192 2 00 17 02 1 07 17
40 193 2 00 17 02 1 07 17
40 194 2 15 79 03 0 07 74
40 195 2 08 50 05 1 07 50
40 196 2 04 14 04 0 07 16
40 197 2 01 16 07 1 07 16
40 198 2 02 60 00 1 07 60
40 199 2 16 24 01 0 07 79
40 200 2 12 74 06 0 07 24
40 201 2 04 14 04 1 07 14
40 202 2 01 16 07 0 07 60
40 203 2 02 60 00 0 07 16
40 204 2 15 79 03 1 07 79
40 205 2 08 50 05 1 07 50
40 206 2 00 17 02 1 07 17
40 207 2 16 24 01 1 07 24
40 208 2 12 74 06 1 07 74
40 209 2 15 79 03 0 07 24
40 210 2 08 50 05 1 07 50
40 211 2 01 16 07 1 07 16
40 212 2 16 24 01 1 07 24
40 213 2 02 60 00 0 07 14
40 214 2 12 74 06 0 07 50
40 215 2 00 17 02 1 07 17
40 216 2 04 14 04 1 07 14
40 217 2 00 17 02 1 07 17
40 218 2 04 14 04 1 07 14
40 219 2 01 16 07 0 07 60
40 220 2 16 24 01 1 07 24
40 221 2 15 79 03 0 07 24
40 222 2 12 74 06 1 07 74
40 223 2 08 50 05 1 07 50
40 224 2 02 60 00 1 07 60
40 225 2 16 24 01 1 07 24
40 226 2 02 60 00 1 07 60
40 227 2 12 74 06 1 07 74
40 228 2 04 14 04 0 07 50
40 229 2 08 50 05 0 07 14
40 230 2 01 16 07 0 07 60
40 231 2 00 17 02 1 07 17
40 232 2 15 79 03 0 07 24
40 233 2 04 14 04 0 07 50
40 234 2 08 50 05 1 07 50
40 235 2 15 79 03 1 07 79
40 236 2 12 74 06 0 07 79
40 237 2 00 17 02 1 07 17
40 238 2 01 16 07 1 07 16
40 239 2 16 24 01 1 07 24
40 240 0 13 44 00 1 00 44
40 241 0 06 22 01 1 01 22
40 242 0 13 44 00 1 01 44
40 243 0 13 44 00 1 02 44
40 244 0 03 36 02 1 02 36
40 245 0 06 22 01 1 02 22
40 246 0 03 36 02 1 03 36
40 247 0 13 44 00 0 03 22
40 248 0 06 22 01 1 03 22
40 249 0 10 70 03 1 03 70
40 250 0 10 70 03 1 03 70
40 251 0 03 36 02 1 03 36
40 252 0 13 44 00 1 03 44
40 253 0 06 22 01 1 03 22
40 254 0 10 70 03 1 04 70
40 255 0 13 44 00 1 04 44
40 256 0 16 47 04 0 04 46
40 257 0 03 36 02 1 04 36
40 258 0 06 22 01 1 04 22
40 259 0 10 70 03 1 04 70
40 260 0 13 44 00 1 04 44
40 261 0 06 22 01 1 04 22
40 262 0 16 47 04 1 04 47
40 263 0 03 36 02 1 04 36
40 264 0 10 70 03 1 05 70
40 265 0 00 52 05 1 05 52
40 266 0 16 47 04 1 05 47
40 267 0 13 44 00 1 05 44
40 268 0 03 36 02 1 05 36
40 269 0 06 22 01 1 05 22
40 270 0 00 52 05 1 06 52
40 271 0 06 22 01 1 06 22
40 272 0 03 36 02 1 06 36
40 273 0 05 61 06 0 06 72
40 274 0 13 44 00 1 06 44
40 275 0 10 70 03 1 06 70
40 276 0 16 47 04 1 06 47
40 277 0 10 70 03 0 06 47
40 278 0 13 44 00 1 06 44
40 279 0 16 47 04 1 06 47
40 280 0 03 36 02 1 06 36
40 281 0 00 52 05 1 06 52
40 282 0 05 61 06 1 06 61
40 283 0 06 22 01 1 06 22
40 284 0 16 47 04 1 06 47
40 285 0 06 22 01 1 06 22
40 286 0 03 36 02 1 06 36
40 287 0 05 61 06 1 06 61
40 288 0 13 44 00 1 06 44
40 289 0 00 52 05 1 06 52
40 290 0 10 70 03 1 06 70
40 291 0 17 13 07 1 07 13
40 292 0 06 22 01 1 07 22
40 293 0 05 61 06 1 07 61
40 294 0 00 52 05 1 07 52
40 295 0 13 44 00 1 07 44
40 296 0 16 47 04 1 07 47
40 297 0 10 70 03 1 07 70
40 298 0 03 36 02 1 07 36
40 299 0 13 44 00 1 08 44
40 300 0 09 33 08 1 08 33
40 301 0 03 36 02 1 08 36
40 302 0 10 70 03 1 08 70
40 303 0 16 47 04 1 08 47
40 304 0 06 22 01 1 08 22
40 305 0 00 52 05 1 08 52
40 306 0 17 13 07 1 08 13
40 307 0 05 61 06 1 08 61
40 308 0 03 36 02 1 09 36
40 309 0 09 33 08 0 09 13
40 310 0 01 25 09 1 09 25
40 311 0 16 47 04 1 09 47
40 312 0 13 44 00 1 09 44
40 313 0 05 61 06 1 09 61
40 314 0 06 22 01 1 09 22
40 315 0 00 52 05 1 09 52
40 316 0 10 70 03 1 09 70
40 317 0 17 13 07 1 09 13
40 318 0 01 25 09 1 09 25
40 319 0 05 61 06 1 09 61
40 320 0 00 52 05 1 09 52
40 321 0 06 22 01 1 09 22
40 322 0 03 36 02 1 09 36
40 323 0 10 70 03 1 09 70
40 324 0 16 47 04 0 09 52
40 325 0 09 33 08 1 09 33
40 326 0 17 13 07 1 09 13
40 327 0 13 44 00 1 09 44
40 328 0 03 36 02 1 09 36
40 329 0 17 13 07 1 09 13
40 330 0 16 47 04 1 09 47
40 331 0 06 22 01 1 09 22
40 332 0 10 70 03 1 09 70
40 333 0 00 52 05 1 09 52
40 334 0 01 25 09 1 09 25
40 335 0 05 61 06 1 09 61
40 336 0 09 33 08 1 09 33
40 337 0 13 44 00 1 09 44
40 338 0 06 22 01 1 10 22
40 339 0 05 61 06 1 10 61
40 340 0 17 13 07 1 10 13
40 341 0 14 55 10 1 10 55
40 342 0 03 36 02 1 10 36
40 343 0 00 52 05 1 10 52
40 344 0 09 33 08 1 10 33
40 345 0 01 25 09 1 10 25
40 346 0 16 47 04 1 10 47
40 347 0 10 70 03 1 10 70
40 348 0 13 44 00 1 10 44
40 349 0 00 52 05 1 11 52
40 350 0 11 15 11 1 11 15
40 351 0 16 47 04 1 11 47
40 352 0 09 33 08 1 11 33
40 353 0 03 36 02 1 11 36
40 354 0 01 25 09 1 11 25
40 355 0 17 13 07 1 11 13
40 356 0 14 55 10 1 11 55
40 357 0 05 61 06 1 11 61
40 358 0 13 44 00 1 11 44
40 359 0 06 22 01 1 11 22
