28 000 3 01 57 00 1 00 57
28 001 3 00 14 01 1 01 14
28 002 3 01 57 00 0 01 00
28 003 3 01 57 00 1 01 57
28 004 3 00 14 01 1 01 14
28 005 3 00 14 01 1 02 14
28 006 3 01 57 00 1 02 57
28 007 3 05 50 02 0 02 05
28 008 3 00 14 01 1 02 14
28 009 3 05 50 02 0 02 57
28 010 3 01 57 00 1 02 57
28 011 3 01 57 00 1 02 57
28 012 3 05 50 02 1 02 50
28 013 3 00 14 01 1 02 14
28 014 3 00 14 01 1 03 14
28 015 3 05 50 02 1 03 50
28 016 3 06 67 03 0 03 60
28 017 3 01 57 00 1 03 57
28 018 3 05 50 02 1 03 50
28 019 3 00 14 01 1 03 14
28 020 3 01 57 00 1 03 57
28 021 3 06 67 03 1 03 67
28 022 3 01 57 00 0 04 15
28 023 3 06 67 03 1 04 67
28 024 3 00 14 01 0 04 39
28 025 3 05 50 02 0 04 67
28 026 3 02 39 04 1 04 39
28 027 3 01 57 00 1 04 57
28 028 3 06 67 03 1 04 67
28 029 3 02 39 04 1 04 39
28 030 3 00 14 01 1 04 14
28 031 3 05 50 02 1 04 50
28 032 3 01 57 00 1 05 57
28 033 3 00 14 01 1 05 14
28 034 3 05 50 02 1 05 50
28 035 3 02 39 04 1 05 39
28 036 3 06 67 03 1 05 67
28 037 3 16 70 05 1 05 70
28 038 3 00 14 01 1 06 14
28 039 3 05 50 02 1 06 50
28 000 1 08 59 00 1 00 59
28 001 1 10 23 01 1 01 23
28 002 1 08 59 00 1 01 59
28 003 1 10 23 01 0 02 29
28 004 1 08 59 00 1 02 59
28 005 1 02 34 02 0 02 02
28 006 1 08 59 00 0 02 23
28 007 1 10 23 01 1 02 23
28 008 1 02 34 02 0 02 59
28 009 1 10 23 01 1 02 23
28 010 1 08 59 00 1 02 59
28 011 1 02 34 02 1 02 34
28 012 1 03 31 03 1 03 31
28 013 1 02 34 02 1 03 34
28 014 1 08 59 00 1 03 59
28 015 1 10 23 01 1 03 23
28 016 1 11 11 04 1 04 11
28 017 1 02 34 02 1 04 34
28 018 1 08 59 00 1 04 59
28 019 1 10 23 01 1 04 23
28 020 1 03 31 03 0 04 11
28 021 1 11 11 04 1 04 11
28 022 1 03 31 03 1 04 31
28 023 1 08 59 00 1 04 59
28 024 1 02 34 02 1 04 34
28 025 1 10 23 01 1 04 23
28 026 1 03 31 03 0 05 34
28 027 1 10 23 01 1 05 23
28 028 1 08 59 00 1 05 59
28 029 1 01 53 05 0 05 54
28 030 1 11 11 04 1 05 11
28 031 1 02 34 02 1 05 34
28 032 1 03 31 03 0 05 59
28 033 1 02 34 02 1 05 34
28 034 1 11 11 04 1 05 11
28 035 1 10 23 01 1 05 23
28 036 1 01 53 05 1 05 53
28 037 1 08 59 00 1 05 59
28 038 1 08 59 00 1 05 59
28 039 1 01 53 05 1 05 53
28 040 1 02 34 02 1 05 34
28 041 1 10 23 01 1 05 23
28 042 1 11 11 04 1 05 11
28 043 1 03 31 03 0 05 59
28 044 1 11 11 04 1 05 11
28 045 1 01 53 05 1 05 53
28 046 1 02 34 02 1 05 34
28 047 1 10 23 01 1 05 23
28 048 1 08 59 00 1 05 59
28 049 1 03 31 03 1 05 31
28 050 1 02 34 02 1 06 34
28 051 1 00 60 06 1 06 60
28 052 1 08 59 00 1 06 59
28 053 1 11 11 04 1 06 11
28 054 1 03 31 03 1 06 31
28 055 1 01 53 05 1 06 53
28 056 1 10 23 01 1 06 23
28 057 1 02 34 02 1 07 34
28 058 1 16 76 07 1 07 76
28 059 1 03 31 03 1 07 31
28 060 1 11 11 04 1 07 11
28 061 1 00 60 06 1 07 60
28 062 1 10 23 01 1 07 23
28 063 1 08 59 00 1 07 59
28 064 1 01 53 05 1 07 53
28 065 1 01 53 05 1 08 53
28 066 1 10 23 01 1 08 23
28 067 1 05 30 08 1 08 30
28 068 1 08 59 00 1 08 59
28 069 1 03 31 03 1 08 31
28 070 1 00 60 06 1 08 60
28 071 1 02 34 02 1 08 34
28 072 1 11 11 04 0 08 53
28 073 1 16 76 07 0 08 34
28 074 1 08 59 00 1 08 59
28 075 1 02 34 02 1 08 34
28 076 1 01 53 05 1 08 53
28 077 1 16 76 07 0 08 34
28 078 1 10 23 01 1 08 23
28 079 1 03 31 03 1 08 31
28 080 1 05 30 08 1 08 30
28 081 1 00 60 06 1 08 60
28 082 1 11 11 04 1 08 11
28 083 1 11 11 04 1 08 11
28 084 1 00 60 06 1 08 60
28 085 1 01 53 05 1 08 53
28 086 1 08 59 00 1 08 59
28 087 1 05 30 08 1 08 30
28 088 1 10 23 01 1 08 23
28 089 1 03 31 03 1 08 31
28 090 1 02 34 02 0 08 76
28 091 1 16 76 07 1 08 76
28 092 1 03 31 03 1 08 31
28 093 1 08 59 00 1 08 59
28 094 1 01 53 05 1 08 53
28 095 1 05 30 08 0 08 76
28 096 1 02 34 02 1 08 34
28 097 1 11 11 04 1 08 11
28 098 1 16 76 07 0 08 34
28 099 1 00 60 06 1 08 60
28 100 1 10 23 01 1 08 23
28 101 1 03 31 03 1 08 31
28 102 1 10 23 01 1 08 23
28 103 1 02 34 02 1 08 34
28 104 1 11 11 04 1 08 11
28 105 1 01 53 05 1 08 53
28 106 1 05 30 08 0 08 76
28 107 1 08 59 00 1 08 59
28 108 1 00 60 06 1 08 60
28 109 1 16 76 07 1 08 76
28 110 1 11 11 04 0 08 53
28 111 1 03 31 03 1 08 31
28 112 1 00 60 06 1 08 60
28 113 1 05 30 08 1 08 30
28 114 1 16 76 07 1 08 76
28 115 1 01 53 05 1 08 53
28 116 1 08 59 00 1 08 59
28 117 1 10 23 01 1 08 23
28 118 1 02 34 02 1 08 34
28 119 1 05 30 08 1 08 30
28 120 2 04 38 00 1 00 38
28 121 2 04 38 00 1 01 38
28 122 2 06 33 01 1 01 33
28 123 2 02 72 02 1 02 72
28 124 2 04 38 00 1 02 38
28 125 2 06 33 01 1 02 33
28 126 2 02 72 02 1 03 72
28 127 2 05 56 03 0 03 33
28 128 2 04 38 00 0 03 33
28 129 2 06 33 01 1 03 33
28 130 2 04 38 00 1 03 38
28 131 2 05 56 03 1 03 56
28 132 2 02 72 02 1 03 72
28 133 2 06 33 01 1 03 33
28 134 2 06 33 01 0 04 62
28 135 2 05 56 03 0 04 33
28 136 2 09 62 04 1 04 62
28 137 2 04 38 00 0 04 56
28 138 2 02 72 02 1 04 72
28 139 2 09 62 04 1 04 62
28 140 2 04 38 00 1 04 38
28 141 2 05 56 03 0 04 33
28 142 2 02 72 02 1 04 72
28 143 2 06 33 01 1 04 33
28 144 2 04 38 00 1 04 38
28 145 2 05 56 03 1 04 56
28 146 2 09 62 04 0 04 09
28 147 2 06 33 01 0 04 38
28 148 2 02 72 02 1 04 72
28 149 2 06 33 01 0 04 38
28 150 2 05 56 03 0 04 33
28 151 2 02 72 02 1 04 72
28 152 2 04 38 00 0 04 33
28 153 2 09 62 04 0 04 06
28 154 2 06 33 01 1 04 33
28 155 2 09 62 04 1 04 62
28 156 2 05 56 03 0 04 38
28 157 2 04 38 00 1 04 38
28 158 2 02 72 02 1 04 72
28 159 2 06 33 01 1 04 33
28 160 2 05 56 03 1 04 56
28 161 2 02 72 02 1 04 72
28 162 2 09 62 04 1 04 62
28 163 2 04 38 00 1 04 38
28 164 2 02 72 02 1 05 72
28 165 2 05 56 03 0 05 38
28 166 2 13 40 05 1 05 40
28 167 2 06 33 01 1 05 33
28 168 2 09 62 04 1 05 62
28 169 2 04 38 00 0 05 56
28 170 2 04 38 00 1 05 38
28 171 2 02 72 02 1 05 72
28 172 2 05 56 03 1 05 56
28 173 2 09 62 04 0 05 33
28 174 2 06 33 01 1 05 33
28 175 2 13 40 05 1 05 40
28 176 2 09 62 04 1 05 62
28 177 2 13 40 05 1 05 40
28 178 2 02 72 02 1 05 72
28 179 2 06 33 01 1 05 33
28 180 2 05 56 03 0 05 38
28 181 2 04 38 00 1 05 38
28 182 2 06 33 01 0 05 56
28 183 2 02 72 02 1 05 72
28 184 2 13 40 05 1 05 40
28 185 2 09 62 04 1 05 62
28 186 2 05 56 03 0 05 38
28 187 2 04 38 00 0 05 33
28 188 2 04 38 00 1 05 38
28 189 2 05 56 03 0 05 38
28 190 2 06 33 01 0 05 56
28 191 2 13 40 05 0 05 62
28 192 2 02 72 02 1 05 72
28 193 2 09 62 04 1 05 62
28 194 2 13 40 05 1 05 40
28 195 2 09 62 04 1 05 62
28 196 2 02 72 02 1 05 72
28 197 2 05 56 03 1 05 56
28 198 2 06 33 01 0 05 38
28 199 2 04 38 00 1 05 38
28 200 2 09 62 04 1 05 62
28 201 2 06 33 01 1 05 33
28 202 2 05 56 03 0 05 38
28 203 2 13 40 05 1 05 40
28 204 2 04 38 00 1 05 38
28 205 2 02 72 02 1 05 72
28 206 2 05 56 03 1 05 56
28 207 2 02 72 02 1 05 72
28 208 2 13 40 05 1 05 40
28 209 2 06 33 01 1 05 33
28 210 2 04 38 00 1 05 38
28 211 2 09 62 04 1 05 62
28 212 2 09 62 04 1 06 62
28 213 2 02 72 02 1 06 72
28 214 2 13 40 05 0 06 41
28 215 2 15 41 06 1 06 41
28 216 2 05 56 03 0 06 33
28 217 2 04 38 00 0 06 33
28 218 2 06 33 01 1 06 33
28 219 2 05 56 03 1 06 56
28 220 2 04 38 00 1 06 38
28 221 2 02 72 02 1 06 72
28 222 2 09 62 04 1 06 62
28 223 2 06 33 01 1 06 33
28 224 2 15 41 06 1 06 41
28 225 2 13 40 05 1 06 40
28 226 2 07 19 07 1 07 19
28 227 2 06 33 01 0 07 19
28 228 2 04 38 00 0 07 56
28 229 2 05 56 03 1 07 56
28 230 2 15 41 06 1 07 41
28 231 2 02 72 02 1 07 72
28 232 2 09 62 04 0 07 40
28 233 2 13 40 05 1 07 40
28 234 2 04 38 00 1 07 38
28 235 2 06 33 01 0 07 56
28 236 2 07 19 07 0 07 38
28 237 2 15 41 06 1 07 41
28 238 2 02 72 02 1 07 72
28 239 2 09 62 04 1 07 62
28 240 0 05 45 00 1 00 45
28 241 0 08 54 01 1 01 54
28 242 0 05 45 00 1 01 45
28 243 0 08 54 01 1 02 54
28 244 0 00 48 02 0 02 58
28 245 0 05 45 00 1 02 45
28 246 0 00 48 02 1 02 48
28 247 0 08 54 01 1 02 54
28 248 0 05 45 00 1 02 45
28 249 0 00 48 02 1 03 48
28 250 0 15 42 03 1 03 42
28 251 0 08 54 01 1 03 54
28 252 0 05 45 00 1 03 45
28 253 0 15 42 03 1 04 42
28 254 0 00 48 02 1 04 48
28 255 0 08 54 01 1 04 54
28 256 0 05 45 00 1 04 45
28 257 0 06 63 04 0 04 44
28 258 0 15 42 03 1 04 42
28 259 0 05 45 00 1 04 45
28 260 0 06 63 04 1 04 63
28 261 0 08 54 01 1 04 54
28 262 0 00 48 02 1 04 48
28 263 0 15 42 03 1 05 42
28 264 0 10 28 05 1 05 28
28 265 0 00 48 02 1 05 48
28 266 0 06 63 04 1 05 63
28 267 0 08 54 01 1 05 54
28 268 0 05 45 00 1 05 45
28 269 0 07 52 06 1 06 52
28 270 0 05 45 00 1 06 45
28 271 0 10 28 05 0 06 48
28 272 0 15 42 03 1 06 42
28 273 0 00 48 02 1 06 48
28 274 0 08 54 01 1 06 54
28 275 0 06 63 04 1 06 63
28 276 0 10 28 05 1 06 28
28 277 0 08 54 01 1 06 54
28 278 0 06 63 04 1 06 63
28 279 0 07 52 06 0 06 55
28 280 0 00 48 02 1 06 48
28 281 0 15 42 03 1 06 42
28 282 0 05 45 00 1 06 45
28 283 0 08 54 01 1 06 54
28 284 0 15 42 03 1 06 42
28 285 0 10 28 05 0 06 52
28 286 0 00 48 02 1 06 48
28 287 0 07 52 06 1 06 52
28 288 0 06 63 04 1 06 63
28 289 0 05 45 00 1 06 45
28 290 0 05 45 00 1 06 45
28 291 0 07 52 06 1 06 52
28 292 0 10 28 05 1 06 28
28 293 0 00 48 02 1 06 48
28 294 0 08 54 01 1 06 54
28 295 0 06 63 04 1 06 63
28 296 0 15 42 03 1 06 42
28 297 0 16 35 07 1 07 35
28 298 0 06 63 04 1 07 63
28 299 0 10 28 05 1 07 28
28 300 0 05 45 00 1 07 45
28 301 0 07 52 06 1 07 52
28 302 0 15 42 03 1 07 42
28 303 0 00 48 02 1 07 48
28 304 0 08 54 01 1 07 54
28 305 0 06 63 04 1 08 63
28 306 0 05 45 00 1 08 45
28 307 0 08 54 01 1 08 54
28 308 0 16 35 07 0 08 12
28 309 0 07 52 06 0 08 45
28 310 0 17 12 08 0 08 01
28 311 0 15 42 03 1 08 42
28 312 0 10 28 05 1 08 28
28 313 0 00 48 02 1 08 48
28 314 0 15 42 03 1 08 42
28 315 0 06 63 04 1 08 63
28 316 0 08 54 01 1 08 54
28 317 0 07 52 06 1 08 52
28 318 0 17 12 08 1 08 12
28 319 0 00 48 02 1 08 48
28 320 0 16 35 07 1 08 35
28 321 0 05 45 00 1 08 45
28 322 0 10 28 05 1 08 28
28 323 0 06 63 04 1 09 63
28 324 0 08 54 01 1 09 54
28 325 0 00 48 02 1 09 48
28 326 0 10 28 05 1 09 28
28 327 0 17 12 08 1 09 12
28 328 0 16 35 07 1 09 35
28 329 0 05 45 00 1 09 45
28 330 0 07 52 06 0 09 28
28 331 0 11 66 09 1 09 66
28 332 0 15 42 03 1 09 42
28 333 0 17 12 08 1 09 12
28 334 0 05 45 00 1 09 45
28 335 0 07 52 06 1 09 52
28 336 0 16 35 07 1 09 35
28 337 0 08 54 01 1 09 54
28 338 0 11 66 09 1 09 66
28 339 0 10 28 05 0 09 35
28 340 0 00 48 02 1 09 48
28 341 0 06 63 04 1 09 63
28 342 0 15 42 03 1 09 42
28 343 0 05 45 00 1 09 45
28 344 0 16 35 07 1 09 35
28 345 0 15 42 03 1 09 42
28 346 0 11 66 09 1 09 66
28 347 0 10 28 05 1 09 28
28 348 0 00 48 02 1 09 48
28 349 0 07 52 06 1 09 52
28 350 0 08 54 01 1 09 54
28 351 0 06 63 04 1 09 63
28 352 0 17 12 08 1 09 12
28 353 0 07 52 06 1 10 52
28 354 0 00 48 02 1 10 48
28 355 0 08 54 01 1 10 54
28 356 0 16 35 07 1 10 35
28 357 0 15 42 03 1 10 42
28 358 0 10 28 05 1 10 28
28 359 0 04 25 10 0 10 22
