18 000 3 13 33 00 1 00 33
18 001 3 13 33 00 1 01 33
18 002 3 00 12 01 0 01 00
18 003 3 00 12 01 1 01 12
18 004 3 13 33 00 1 01 33
18 005 3 05 13 02 1 02 13
18 006 3 00 12 01 1 02 12
18 007 3 13 33 00 1 02 33
18 008 3 11 66 03 0 03 13
18 009 3 00 12 01 1 03 12
18 010 3 05 13 02 1 03 13
18 011 3 13 33 00 1 03 33
18 012 3 05 13 02 1 03 13
18 013 3 13 33 00 1 03 33
18 014 3 11 66 03 1 03 66
18 015 3 00 12 01 1 03 12
18 016 3 13 33 00 1 04 33
18 017 3 15 35 04 1 04 35
18 018 3 05 13 02 1 04 13
18 019 3 11 66 03 0 04 12
18 020 3 00 12 01 1 04 12
18 021 3 15 35 04 1 04 35
18 022 3 11 66 03 1 04 66
18 023 3 00 12 01 1 04 12
18 024 3 05 13 02 1 04 13
18 025 3 13 33 00 1 04 33
18 026 3 15 35 04 1 05 35
18 027 3 11 66 03 1 05 66
18 028 3 06 17 05 0 05 35
18 029 3 13 33 00 1 05 33
18 030 3 05 13 02 1 05 13
18 031 3 00 12 01 1 05 12
18 032 3 06 17 05 0 05 12
18 033 3 11 66 03 1 05 66
18 034 3 15 35 04 1 05 35
18 035 3 05 13 02 1 05 13
18 036 3 00 12 01 1 05 12
18 037 3 13 33 00 1 05 33
18 038 3 11 66 03 0 05 12
18 039 3 06 17 05 0 05 13
18 000 0 03 65 00 1 00 65
18 001 0 04 45 01 1 01 45
18 002 0 03 65 00 1 01 65
18 003 0 03 65 00 1 02 65
18 004 0 10 16 02 1 02 16
18 005 0 04 45 01 1 02 45
18 006 0 10 16 02 1 03 16
18 007 0 13 30 03 0 03 35
18 008 0 04 45 01 1 03 45
18 009 0 03 65 00 1 03 65
18 010 0 13 30 03 1 03 30
18 011 0 03 65 00 1 03 65
18 012 0 04 45 01 1 03 45
18 013 0 10 16 02 1 03 16
18 014 0 10 16 02 1 04 16
18 015 0 13 30 03 1 04 30
18 016 0 03 65 00 1 04 65
18 017 0 04 45 01 1 04 45
18 018 0 00 43 04 0 04 44
18 019 0 13 30 03 1 04 30
18 020 0 00 43 04 1 04 43
18 021 0 10 16 02 1 04 16
18 022 0 04 45 01 1 04 45
18 023 0 03 65 00 1 04 65
18 024 0 03 65 00 1 05 65
18 025 0 04 45 01 0 05 16
18 026 0 10 16 02 1 05 16
18 027 0 00 43 04 1 05 43
18 028 0 05 50 05 1 05 50
18 029 0 13 30 03 1 05 30
18 030 0 04 45 01 1 05 45
18 031 0 03 65 00 1 05 65
18 032 0 10 16 02 1 05 16
18 033 0 05 50 05 1 05 50
18 034 0 00 43 04 1 05 43
18 035 0 13 30 03 1 05 30
18 036 0 04 45 01 0 06 16
18 037 0 13 30 03 1 06 30
18 038 0 05 50 05 1 06 50
18 039 0 03 65 00 1 06 65
18 040 0 10 16 02 1 06 16
18 041 0 06 27 06 0 06 33
18 042 0 00 43 04 1 06 43
18 043 0 05 50 05 1 06 50
18 044 0 13 30 03 1 06 30
18 045 0 00 43 04 1 06 43
18 046 0 06 27 06 1 06 27
18 047 0 10 16 02 1 06 16
18 048 0 04 45 01 1 06 45
18 049 0 03 65 00 1 06 65
18 050 0 09 46 07 1 07 46
18 051 0 13 30 03 1 07 30
18 052 0 04 45 01 1 07 45
18 053 0 06 27 06 1 07 27
18 054 0 00 43 04 1 07 43
18 055 0 10 16 02 1 07 16
18 056 0 03 65 00 1 07 65
18 057 0 05 50 05 1 07 50
18 058 0 13 30 03 1 08 30
18 059 0 04 45 01 1 08 45
18 060 0 06 27 06 1 08 27
18 061 0 09 46 07 1 08 46
18 062 0 10 16 02 1 08 16
18 063 0 03 65 00 1 08 65
18 064 0 05 50 05 0 08 30
18 065 0 17 53 08 1 08 53
18 066 0 00 43 04 1 08 43
18 067 0 06 27 06 1 08 27
18 068 0 03 65 00 1 08 65
18 069 0 00 43 04 1 08 43
18 070 0 17 53 08 1 08 53
18 071 0 10 16 02 1 08 16
18 072 0 13 30 03 1 08 30
18 073 0 05 50 05 0 08 16
18 074 0 09 46 07 1 08 46
18 075 0 04 45 01 1 08 45
18 076 0 09 46 07 1 08 46
18 077 0 04 45 01 1 08 45
18 078 0 00 43 04 1 08 43
18 079 0 17 53 08 1 08 53
18 080 0 13 30 03 1 08 30
18 081 0 10 16 02 0 08 65
18 082 0 03 65 00 1 08 65
18 083 0 05 50 05 1 08 50
18 084 0 06 27 06 1 08 27
18 085 0 09 46 07 0 08 43
18 086 0 13 30 03 1 08 30
18 087 0 03 65 00 1 08 65
18 088 0 00 43 04 1 08 43
18 089 0 17 53 08 1 08 53
18 090 0 05 50 05 1 08 50
18 091 0 06 27 06 1 08 27
18 092 0 10 16 02 1 08 16
18 093 0 04 45 01 1 08 45
18 094 0 06 27 06 0 08 43
18 095 0 13 30 03 1 08 30
18 096 0 09 46 07 1 08 46
18 097 0 10 16 02 1 08 16
18 098 0 17 53 08 1 08 53
18 099 0 04 45 01 1 08 45
18 100 0 03 65 00 1 08 65
18 101 0 05 50 05 1 08 50
18 102 0 00 43 04 1 08 43
18 103 0 13 30 03 1 08 30
18 104 0 17 53 08 1 08 53
18 105 0 05 50 05 1 08 50
18 106 0 04 45 01 1 08 45
18 107 0 06 27 06 1 08 27
18 108 0 03 65 00 1 08 65
18 109 0 10 16 02 1 08 16
18 110 0 09 46 07 1 08 46
18 111 0 00 43 04 1 08 43
18 112 0 09 46 07 1 09 46
18 113 0 10 16 02 1 09 16
18 114 0 00 43 04 1 09 43
18 115 0 13 30 03 1 09 30
18 116 0 03 65 00 1 09 65
18 117 0 06 27 06 1 09 27
18 118 0 04 45 01 1 09 45
18 119 0 05 50 05 1 09 50
18 120 1 03 69 00 1 00 69
18 121 1 03 69 00 1 01 69
18 122 1 17 58 01 1 01 58
18 123 1 17 58 01 1 02 58
18 124 1 08 26 02 1 02 26
18 125 1 03 69 00 1 02 69
18 126 1 03 69 00 0 03 58
18 127 1 17 58 01 0 03 14
18 128 1 08 26 02 0 03 14
18 129 1 09 14 03 1 03 14
18 130 1 17 58 01 1 03 58
18 131 1 03 69 00 1 03 69
18 132 1 08 26 02 1 03 26
18 133 1 09 14 03 1 03 14
18 134 1 10 15 04 1 04 15
18 135 1 17 58 01 1 04 58
18 136 1 09 14 03 1 04 14
18 137 1 08 26 02 1 04 26
18 138 1 03 69 00 1 04 69
18 139 1 10 15 04 0 05 12
18 140 1 08 26 02 1 05 26
18 141 1 03 69 00 1 05 69
18 142 1 09 14 03 1 05 14
18 143 1 17 58 01 1 05 58
18 144 1 11 79 05 0 05 18
18 145 1 09 14 03 1 05 14
18 146 1 17 58 01 1 05 58
18 147 1 03 69 00 1 05 69
18 148 1 11 79 05 1 05 79
18 149 1 10 15 04 1 05 15
18 150 1 08 26 02 0 05 58
18 151 1 10 15 04 1 05 15
18 152 1 03 69 00 1 05 69
18 153 1 09 14 03 1 05 14
18 154 1 17 58 01 1 05 58
18 155 1 11 79 05 1 05 79
18 156 1 08 26 02 1 05 26
18 157 1 11 79 05 1 06 79
18 158 1 08 26 02 1 06 26
18 159 1 17 58 01 1 06 58
18 160 1 01 75 06 1 06 75
18 161 1 03 69 00 1 06 69
18 162 1 10 15 04 1 06 15
18 163 1 09 14 03 1 06 14
18 164 1 08 26 02 1 07 26
18 165 1 10 15 04 1 07 15
18 166 1 09 14 03 1 07 14
18 167 1 03 69 00 1 07 69
18 168 1 17 58 01 1 07 58
18 169 1 13 21 07 1 07 21
18 170 1 01 75 06 0 07 79
18 171 1 11 79 05 1 07 79
18 172 1 10 15 04 1 07 15
18 173 1 09 14 03 1 07 14
18 174 1 11 79 05 1 07 79
18 175 1 17 58 01 1 07 58
18 176 1 03 69 00 1 07 69
18 177 1 13 21 07 1 07 21
18 178 1 08 26 02 0 07 58
18 179 1 01 75 06 1 07 75
18 180 1 01 75 06 1 07 75
18 181 1 08 26 02 1 07 26
18 182 1 11 79 05 1 07 79
18 183 1 10 15 04 1 07 15
18 184 1 17 58 01 1 07 58
18 185 1 13 21 07 1 07 21
18 186 1 03 69 00 1 07 69
18 187 1 09 14 03 1 07 14
18 188 1 12 52 08 1 08 52
18 189 1 11 79 05 1 08 79
18 190 1 13 21 07 1 08 21
18 191 1 17 58 01 1 08 58
18 192 1 10 15 04 1 08 15
18 193 1 08 26 02 1 08 26
18 194 1 09 14 03 1 08 14
18 195 1 01 75 06 1 08 75
18 196 1 03 69 00 1 08 69
18 197 1 01 75 06 1 09 75
18 198 1 07 24 09 0 09 52
18 199 1 17 58 01 1 09 58
18 200 1 10 15 04 1 09 15
18 201 1 13 21 07 1 09 21
18 202 1 09 14 03 1 09 14
18 203 1 11 79 05 1 09 79
18 204 1 03 69 00 1 09 69
18 205 1 12 52 08 1 09 52
18 206 1 08 26 02 1 09 26
18 207 1 17 58 01 1 09 58
18 208 1 08 26 02 1 09 26
18 209 1 13 21 07 1 09 21
18 210 1 10 15 04 1 09 15
18 211 1 11 79 05 1 09 79
18 212 1 12 52 08 1 09 52
18 213 1 03 69 00 1 09 69
18 214 1 09 14 03 1 09 14
18 215 1 07 24 09 1 09 24
18 216 1 01 75 06 1 09 75
18 217 1 03 69 00 1 10 69
18 218 1 11 79 05 1 10 79
18 219 1 13 21 07 1 10 21
18 220 1 17 58 01 1 10 58
18 221 1 12 52 08 0 10 24
18 222 1 09 14 03 1 10 14
18 223 1 08 26 02 1 10 26
18 224 1 01 75 06 1 10 75
18 225 1 07 24 09 1 10 24
18 226 1 02 19 10 1 10 19
18 227 1 10 15 04 1 10 15
18 228 1 12 52 08 1 10 52
18 229 1 09 14 03 1 10 14
18 230 1 07 24 09 1 10 24
18 231 1 11 79 05 1 10 79
18 232 1 17 58 01 1 10 58
18 233 1 02 19 10 1 10 19
18 234 1 13 21 07 1 10 21
18 235 1 01 75 06 1 10 75
18 236 1 08 26 02 1 10 26
18 237 1 10 15 04 1 10 15
18 238 1 03 69 00 1 10 69
18 239 1 13 21 07 1 11 21
18 240 2 13 34 00 1 00 34
18 241 2 13 34 00 1 01 34
18 242 2 05 42 01 1 01 42
18 243 2 05 42 01 1 02 42
18 244 2 13 34 00 1 02 34
18 245 2 00 32 02 1 02 32
18 246 2 02 37 03 1 03 37
18 247 2 13 34 00 1 03 34
18 248 2 05 42 01 1 03 42
18 249 2 00 32 02 0 03 37
18 250 2 05 42 01 1 03 42
18 251 2 02 37 03 0 03 32
18 252 2 00 32 02 1 03 32
18 253 2 13 34 00 1 03 34
18 254 2 00 32 02 1 03 32
18 255 2 13 34 00 1 03 34
18 256 2 05 42 01 1 03 42
18 257 2 02 37 03 1 03 37
18 258 2 05 42 01 1 04 42
18 259 2 02 37 03 1 04 37
18 260 2 00 32 02 1 04 32
18 261 2 13 34 00 0 04 32
18 262 2 17 57 04 0 04 52
18 263 2 00 32 02 1 04 32
18 264 2 05 42 01 1 04 42
18 265 2 02 37 03 1 04 37
18 266 2 17 57 04 1 04 57
18 267 2 13 34 00 1 04 34
18 268 2 15 47 05 1 05 47
18 269 2 05 42 01 1 05 42
18 270 2 13 34 00 1 05 34
18 271 2 00 32 02 0 05 34
18 272 2 17 57 04 1 05 57
18 273 2 02 37 03 1 05 37
18 274 2 17 57 04 0 05 47
18 275 2 05 42 01 1 05 42
18 276 2 15 47 05 0 05 34
18 277 2 13 34 00 0 05 47
18 278 2 02 37 03 0 05 42
18 279 2 00 32 02 1 05 32
18 280 2 05 42 01 1 05 42
18 281 2 00 32 02 1 05 32
18 282 2 17 57 04 1 05 57
18 283 2 13 34 00 0 05 47
18 284 2 15 47 05 1 05 47
18 285 2 02 37 03 1 05 37
18 286 2 02 37 03 1 05 37
18 287 2 13 34 00 1 05 34
18 288 2 15 47 05 1 05 47
18 289 2 00 32 02 1 05 32
18 290 2 05 42 01 1 05 42
18 291 2 17 57 04 1 05 57
18 292 2 17 57 04 1 06 57
18 293 2 02 37 03 1 06 37
18 294 2 00 32 02 1 06 32
18 295 2 11 44 06 1 06 44
18 296 2 15 47 05 0 06 34
18 297 2 05 42 01 1 06 42
18 298 2 13 34 00 1 06 34
18 299 2 02 37 03 0 06 42
18 300 2 13 34 00 1 06 34
18 301 2 17 57 04 1 06 57
18 302 2 05 42 01 1 06 42
18 303 2 00 32 02 1 06 32
18 304 2 11 44 06 0 06 47
18 305 2 15 47 05 1 06 47
18 306 2 00 32 02 1 06 32
18 307 2 13 34 00 0 06 44
18 308 2 02 37 03 1 06 37
18 309 2 05 42 01 1 06 42
18 310 2 15 47 05 1 06 47
18 311 2 11 44 06 1 06 44
18 312 2 17 57 04 1 06 57
18 313 2 15 47 05 0 06 57
18 314 2 11 44 06 0 06 34
18 315 2 00 32 02 1 06 32
18 316 2 13 34 00 0 06 44
18 317 2 17 57 04 1 06 57
18 318 2 02 37 03 1 06 37
18 319 2 05 42 01 1 06 42
18 320 2 13 34 00 1 06 34
18 321 2 15 47 05 1 06 47
18 322 2 02 37 03 1 06 37
18 323 2 17 57 04 1 06 57
18 324 2 11 44 06 1 06 44
18 325 2 00 32 02 1 06 32
18 326 2 05 42 01 0 06 37
18 327 2 11 44 06 1 06 44
18 328 2 05 42 01 1 06 42
18 329 2 00 32 02 1 06 32
18 330 2 02 37 03 1 06 37
18 331 2 17 57 04 1 06 57
18 332 2 15 47 05 1 06 47
18 333 2 13 34 00 0 06 47
18 334 2 17 57 04 1 06 57
18 335 2 05 42 01 1 06 42
18 336 2 00 32 02 1 06 32
18 337 2 11 44 06 1 06 44
18 338 2 02 37 03 1 06 37
18 339 2 13 34 00 1 06 34
18 340 2 15 47 05 1 06 47
18 341 2 11 44 06 1 07 44
18 342 2 00 32 02 1 07 32
18 343 2 15 47 05 0 07 34
18 344 2 05 42 01 0 07 56
18 345 2 17 57 04 0 07 47
18 346 2 04 56 07 0 07 42
18 347 2 02 37 03 1 07 37
18 348 2 13 34 00 1 07 34
18 349 2 02 37 03 1 07 37
18 350 2 00 32 02 1 07 32
18 351 2 15 47 05 1 07 47
18 352 2 17 57 04 1 07 57
18 353 2 11 44 06 1 07 44
18 354 2 05 42 01 0 07 56
18 355 2 04 56 07 0 07 42
18 356 2 13 34 00 1 07 34
18 357 2 11 44 06 0 07 34
18 358 2 00 32 02 1 07 32
18 359 2 04 56 07 0 07 42
