47 000 3 03 22 00 1 00 22
47 001 3 03 22 00 1 01 22
47 002 3 00 23 01 1 01 23
47 003 3 03 22 00 1 02 22
47 004 3 02 32 02 0 02 02
47 005 3 00 23 01 1 02 23
47 006 3 02 32 02 1 02 32
47 007 3 03 22 00 1 02 22
47 008 3 00 23 01 1 02 23
47 009 3 14 29 03 1 03 29
47 010 3 03 22 00 1 03 22
47 011 3 02 32 02 0 03 23
47 012 3 00 23 01 1 03 23
47 013 3 00 23 01 1 03 23
47 014 3 02 32 02 1 03 32
47 015 3 14 29 03 0 03 48
47 016 3 03 22 00 1 03 22
47 017 3 02 32 02 0 03 34
47 018 3 00 23 01 0 03 34
47 019 3 14 29 03 1 03 29
47 020 3 03 22 00 1 03 22
47 021 3 02 32 02 0 03 23
47 022 3 00 23 01 0 03 32
47 023 3 14 29 03 1 03 29
47 024 3 03 22 00 1 03 22
47 025 3 14 29 03 1 03 29
47 026 3 00 23 01 1 03 23
47 027 3 03 22 00 1 03 22
47 028 3 02 32 02 1 03 32
47 029 3 00 23 01 1 04 23
47 030 3 02 32 02 1 04 32
47 031 3 03 22 00 1 04 22
47 032 3 08 18 04 1 04 18
47 033 3 14 29 03 1 04 29
47 034 3 03 22 00 1 05 22
47 035 3 08 18 04 1 05 18
47 036 3 14 29 03 1 05 29
47 037 3 02 32 02 1 05 32
47 038 3 05 70 05 1 05 70
47 039 3 00 23 01 1 05 23
47 000 2 06 41 00 1 00 41
47 001 2 14 13 01 1 01 13
47 002 2 06 41 00 1 01 41
47 003 2 06 41 00 1 02 41
47 004 2 11 38 02 0 02 31
47 005 2 14 13 01 1 02 13
47 006 2 11 38 02 1 02 38
47 007 2 14 13 01 1 02 13
47 008 2 06 41 00 1 02 41
47 009 2 11 38 02 1 03 38
47 010 2 06 41 00 1 03 41
47 011 2 14 13 01 0 03 70
47 012 2 17 75 03 0 03 70
47 013 2 06 41 00 1 03 41
47 014 2 14 13 01 0 03 38
47 015 2 17 75 03 1 03 75
47 016 2 11 38 02 1 03 38
47 017 2 17 75 03 1 03 75
47 018 2 06 41 00 1 03 41
47 019 2 14 13 01 0 03 38
47 020 2 11 38 02 0 03 13
47 021 2 14 13 01 0 03 38
47 022 2 06 41 00 1 03 41
47 023 2 11 38 02 0 03 13
47 024 2 17 75 03 1 03 75
47 025 2 14 13 01 1 03 13
47 026 2 17 75 03 1 03 75
47 027 2 11 38 02 0 03 13
47 028 2 06 41 00 1 03 41
47 029 2 14 13 01 0 03 38
47 030 2 06 41 00 1 03 41
47 031 2 17 75 03 1 03 75
47 032 2 11 38 02 0 03 13
47 033 2 14 13 01 1 03 13
47 034 2 06 41 00 1 03 41
47 035 2 17 75 03 1 03 75
47 036 2 11 38 02 1 03 38
47 037 2 17 75 03 1 04 75
47 038 2 06 41 00 1 04 41
47 039 2 11 38 02 0 04 13
47 040 2 14 13 01 0 04 16
47 041 2 13 16 04 1 04 16
47 042 2 14 13 01 0 04 16
47 043 2 17 75 03 1 04 75
47 044 2 13 16 04 1 04 16
47 045 2 11 38 02 1 04 38
47 046 2 06 41 00 1 04 41
47 047 2 11 38 02 1 04 38
47 048 2 06 41 00 1 04 41
47 049 2 17 75 03 1 04 75
47 050 2 14 13 01 1 04 13
47 051 2 13 16 04 1 04 16
47 052 2 17 75 03 1 05 75
47 053 2 14 13 01 1 05 13
47 054 2 06 41 00 1 05 41
47 055 2 00 12 05 1 05 12
47 056 2 11 38 02 1 05 38
47 057 2 13 16 04 0 05 13
47 058 2 14 13 01 1 05 13
47 059 2 17 75 03 1 05 75
47 060 2 13 16 04 1 05 16
47 061 2 06 41 00 1 05 41
47 062 2 11 38 02 1 05 38
47 063 2 00 12 05 1 05 12
47 064 2 11 38 02 1 06 38
47 065 2 00 12 05 1 06 12
47 066 2 17 75 03 1 06 75
47 067 2 13 16 04 0 06 13
47 068 2 14 13 01 1 06 13
47 069 2 02 15 06 0 06 14
47 070 2 06 41 00 1 06 41
47 071 2 14 13 01 1 06 13
47 072 2 13 16 04 1 06 16
47 073 2 02 15 06 1 06 15
47 074 2 00 12 05 1 06 12
47 075 2 06 41 00 1 06 41
47 076 2 11 38 02 1 06 38
47 077 2 17 75 03 1 06 75
47 078 2 11 38 02 1 07 38
47 079 2 17 75 03 1 07 75
47 080 2 14 13 01 0 07 16
47 081 2 15 72 07 0 07 16
47 082 2 06 41 00 1 07 41
47 083 2 00 12 05 0 07 15
47 084 2 02 15 06 0 07 12
47 085 2 13 16 04 0 07 13
47 086 2 02 15 06 1 07 15
47 087 2 00 12 05 1 07 12
47 088 2 06 41 00 1 07 41
47 089 2 17 75 03 1 07 75
47 090 2 13 16 04 0 07 13
47 091 2 14 13 01 1 07 13
47 092 2 15 72 07 1 07 72
47 093 2 11 38 02 1 07 38
47 094 2 11 38 02 0 07 16
47 095 2 06 41 00 1 07 41
47 096 2 15 72 07 0 07 16
47 097 2 13 16 04 0 07 13
47 098 2 00 12 05 1 07 12
47 099 2 02 15 06 1 07 15
47 100 2 17 75 03 1 07 75
47 101 2 14 13 01 1 07 13
47 102 2 00 12 05 1 07 12
47 103 2 13 16 04 0 07 38
47 104 2 15 72 07 0 07 13
47 105 2 02 15 06 1 07 15
47 106 2 06 41 00 1 07 41
47 107 2 17 75 03 0 07 72
47 108 2 11 38 02 0 07 00
47 109 2 14 13 01 0 07 00
47 110 2 00 12 05 1 07 12
47 111 2 17 75 03 1 07 75
47 112 2 11 38 02 0 07 13
47 113 2 14 13 01 1 07 13
47 114 2 06 41 00 1 07 41
47 115 2 02 15 06 1 07 15
47 116 2 13 16 04 1 07 16
47 117 2 15 72 07 1 07 72
47 118 2 02 15 06 1 07 15
47 119 2 11 38 02 1 07 38
47 120 0 12 77 00 1 00 77
47 121 0 00 47 01 1 01 47
47 122 0 12 77 00 1 01 77
47 123 0 00 47 01 1 02 47
47 124 0 11 64 02 1 02 64
47 125 0 12 77 00 1 02 77
47 126 0 03 66 03 1 03 66
47 127 0 11 64 02 1 03 64
47 128 0 00 47 01 1 03 47
47 129 0 12 77 00 1 03 77
47 130 0 12 77 00 1 04 77
47 131 0 11 64 02 1 04 64
47 132 0 10 25 04 0 04 27
47 133 0 00 47 01 1 04 47
47 134 0 03 66 03 0 04 44
47 135 0 10 25 04 1 04 25
47 136 0 03 66 03 1 04 66
47 137 0 12 77 00 1 04 77
47 138 0 00 47 01 1 04 47
47 139 0 11 64 02 1 04 64
47 140 0 11 64 02 1 05 64
47 141 0 12 77 00 1 05 77
47 142 0 09 40 05 1 05 40
47 143 0 00 47 01 1 05 47
47 144 0 10 25 04 1 05 25
47 145 0 03 66 03 1 05 66
47 146 0 10 25 04 1 06 25
47 147 0 11 64 02 1 06 64
47 148 0 09 40 05 1 06 40
47 149 0 12 77 00 1 06 77
47 150 0 00 47 01 1 06 47
47 151 0 03 66 03 1 06 66
47 152 0 05 60 06 1 06 60
47 153 0 09 40 05 1 07 40
47 154 0 05 60 06 0 07 40
47 155 0 03 66 03 1 07 66
47 156 0 10 25 04 1 07 25
47 157 0 00 47 01 1 07 47
47 158 0 08 44 07 0 07 40
47 159 0 12 77 00 1 07 77
47 160 0 11 64 02 1 07 64
47 161 0 10 25 04 1 07 25
47 162 0 11 64 02 1 07 64
47 163 0 08 44 07 1 07 44
47 164 0 05 60 06 0 07 40
47 165 0 00 47 01 1 07 47
47 166 0 09 40 05 0 07 25
47 167 0 03 66 03 1 07 66
47 168 0 12 77 00 1 07 77
47 169 0 10 25 04 1 07 25
47 170 0 11 64 02 1 07 64
47 171 0 03 66 03 1 07 66
47 172 0 12 77 00 1 07 77
47 173 0 00 47 01 1 07 47
47 174 0 08 44 07 1 07 44
47 175 0 09 40 05 0 07 60
47 176 0 05 60 06 1 07 60
47 177 0 08 44 07 1 07 44
47 178 0 03 66 03 1 07 66
47 179 0 11 64 02 1 07 64
47 180 0 00 47 01 1 07 47
47 181 0 09 40 05 1 07 40
47 182 0 10 25 04 1 07 25
47 183 0 05 60 06 1 07 60
47 184 0 12 77 00 1 07 77
47 185 0 12 77 00 1 08 77
47 186 0 10 25 04 1 08 25
47 187 0 08 44 07 1 08 44
47 188 0 05 60 06 1 08 60
47 189 0 00 47 01 1 08 47
47 190 0 03 66 03 1 08 66
47 191 0 09 40 05 1 08 40
47 192 0 11 64 02 1 08 64
47 193 0 01 35 08 1 08 35
47 194 0 08 44 07 1 09 44
47 195 0 11 64 02 1 09 64
47 196 0 00 47 01 1 09 47
47 197 0 05 60 06 1 09 60
47 198 0 12 77 00 1 09 77
47 199 0 17 57 09 1 09 57
47 200 0 01 35 08 1 09 35
47 201 0 03 66 03 1 09 66
47 202 0 09 40 05 1 09 40
47 203 0 10 25 04 1 09 25
47 204 0 01 35 08 1 10 35
47 205 0 09 40 05 1 10 40
47 206 0 15 59 10 1 10 59
47 207 0 05 60 06 1 10 60
47 208 0 00 47 01 1 10 47
47 209 0 12 77 00 1 10 77
47 210 0 17 57 09 1 10 57
47 211 0 03 66 03 1 10 66
47 212 0 11 64 02 1 10 64
47 213 0 10 25 04 1 10 25
47 214 0 08 44 07 1 10 44
47 215 0 01 35 08 1 11 35
47 216 0 04 58 11 1 11 58
47 217 0 03 66 03 1 11 66
47 218 0 08 44 07 1 11 44
47 219 0 12 77 00 1 11 77
47 220 0 10 25 04 1 11 25
47 221 0 11 64 02 1 11 64
47 222 0 05 60 06 1 11 60
47 223 0 00 47 01 1 11 47
47 224 0 15 59 10 1 11 59
47 225 0 17 57 09 1 11 57
47 226 0 09 40 05 1 11 40
47 227 0 04 58 11 1 12 58
47 228 0 07 55 12 1 12 55
47 229 0 03 66 03 1 12 66
47 230 0 08 44 07 1 12 44
47 231 0 09 40 05 1 12 40
47 232 0 01 35 08 1 12 35
47 233 0 12 77 00 1 12 77
47 234 0 10 25 04 1 12 25
47 235 0 17 57 09 1 12 57
47 236 0 11 64 02 1 12 64
47 237 0 05 60 06 1 12 60
47 238 0 00 47 01 1 12 47
47 239 0 15 59 10 1 12 59
47 240 1 08 67 00 1 00 67
47 241 1 08 67 00 1 01 67
47 242 1 14 27 01 1 01 27
47 243 1 14 27 01 0 02 67
47 244 1 11 19 02 1 02 19
47 245 1 08 67 00 1 02 67
47 246 1 08 67 00 1 02 67
47 247 1 14 27 01 1 02 27
47 248 1 11 19 02 1 02 19
47 249 1 14 27 01 1 03 27
47 250 1 11 19 02 1 03 19
47 251 1 05 54 03 0 03 57
47 252 1 08 67 00 1 03 67
47 253 1 11 19 02 0 03 27
47 254 1 08 67 00 0 03 27
47 255 1 05 54 03 0 03 67
47 256 1 14 27 01 1 03 27
47 257 1 14 27 01 1 03 27
47 258 1 11 19 02 1 03 19
47 259 1 05 54 03 1 03 54
47 260 1 08 67 00 1 03 67
47 261 1 05 54 03 1 04 54
47 262 1 01 20 04 1 04 20
47 263 1 14 27 01 1 04 27
47 264 1 08 67 00 1 04 67
47 265 1 11 19 02 1 04 19
47 266 1 01 20 04 1 05 20
47 267 1 14 27 01 1 05 27
47 268 1 05 54 03 1 05 54
47 269 1 11 19 02 1 05 19
47 270 1 08 67 00 1 05 67
47 271 1 12 48 05 1 05 48
47 272 1 05 54 03 1 06 54
47 273 1 01 20 04 1 06 20
47 274 1 14 27 01 1 06 27
47 275 1 13 21 06 0 06 18
47 276 1 08 67 00 1 06 67
47 277 1 12 48 05 0 06 40
47 278 1 11 19 02 1 06 19
47 279 1 05 54 03 0 06 40
47 280 1 08 67 00 1 06 67
47 281 1 14 27 01 1 06 27
47 282 1 11 19 02 1 06 19
47 283 1 01 20 04 0 06 40
47 284 1 13 21 06 0 06 40
47 285 1 12 48 05 0 06 28
47 286 1 13 21 06 1 06 21
47 287 1 12 48 05 1 06 48
47 288 1 08 67 00 1 06 67
47 289 1 14 27 01 1 06 27
47 290 1 01 20 04 1 06 20
47 291 1 11 19 02 1 06 19
47 292 1 05 54 03 1 06 54
47 293 1 01 20 04 1 07 20
47 294 1 12 48 05 1 07 48
47 295 1 05 54 03 1 07 54
47 296 1 13 21 06 1 07 21
47 297 1 14 27 01 1 07 27
47 298 1 08 67 00 1 07 67
47 299 1 11 19 02 1 07 19
47 300 1 09 46 07 1 07 46
47 301 1 15 56 08 1 08 56
47 302 1 13 21 06 1 08 21
47 303 1 14 27 01 1 08 27
47 304 1 12 48 05 1 08 48
47 305 1 09 46 07 0 08 26
47 306 1 11 19 02 1 08 19
47 307 1 05 54 03 1 08 54
47 308 1 08 67 00 1 08 67
47 309 1 01 20 04 1 08 20
47 310 1 08 67 00 1 08 67
47 311 1 13 21 06 1 08 21
47 312 1 01 20 04 1 08 20
47 313 1 11 19 02 1 08 19
47 314 1 15 56 08 1 08 56
47 315 1 12 48 05 1 08 48
47 316 1 05 54 03 1 08 54
47 317 1 09 46 07 0 08 48
47 318 1 14 27 01 1 08 27
47 319 1 09 46 07 1 08 46
47 320 1 14 27 01 0 08 28
47 321 1 01 20 04 1 08 20
47 322 1 08 67 00 1 08 67
47 323 1 12 48 05 1 08 48
47 324 1 05 54 03 1 08 54
47 325 1 11 19 02 1 08 19
47 326 1 15 56 08 1 08 56
47 327 1 13 21 06 1 08 21
47 328 1 05 54 03 1 08 54
47 329 1 01 20 04 1 08 20
47 330 1 08 67 00 1 08 67
47 331 1 09 46 07 0 08 56
47 332 1 11 19 02 1 08 19
47 333 1 15 56 08 1 08 56
47 334 1 13 21 06 1 08 21
47 335 1 12 48 05 1 08 48
47 336 1 14 27 01 1 08 27
47 337 1 09 46 07 0 08 56
47 338 1 13 21 06 1 08 21
47 339 1 11 19 02 1 08 19
47 340 1 08 67 00 0 08 06
47 341 1 01 20 04 1 08 20
47 342 1 15 56 08 0 08 46
47 343 1 05 54 03 1 08 54
47 344 1 14 27 01 1 08 27
47 345 1 12 48 05 1 08 48
47 346 1 14 27 01 1 08 27
47 347 1 05 54 03 1 08 54
47 348 1 08 67 00 1 08 67
47 349 1 01 20 04 1 08 20
47 350 1 09 46 07 1 08 46
47 351 1 13 21 06 1 08 21
47 352 1 12 48 05 1 08 48
47 353 1 15 56 08 1 08 56
47 354 1 11 19 02 1 08 19
47 355 1 12 48 05 1 09 48
47 356 1 15 56 08 1 09 56
47 357 1 17 37 09 1 09 37
47 358 1 11 19 02 1 09 19
47 359 1 14 27 01 1 09 27
