34 000 3 14 27 00 1 00 27
34 001 3 14 27 00 0 01 51
34 002 3 02 63 01 1 01 63
34 003 3 14 27 00 0 01 22
34 004 3 02 63 01 1 01 63
34 005 3 14 27 00 1 01 27
34 006 3 02 63 01 1 01 63
34 007 3 02 63 01 0 02 47
34 008 3 12 47 02 1 02 47
34 009 3 14 27 00 1 02 27
34 010 3 12 47 02 0 02 27
34 011 3 02 63 01 0 02 47
34 012 3 14 27 00 1 02 27
34 013 3 02 63 01 1 02 63
34 014 3 12 47 02 1 02 47
34 015 3 14 27 00 1 02 27
34 016 3 14 27 00 1 03 27
34 017 3 02 63 01 1 03 63
34 018 3 12 47 02 1 03 47
34 019 3 06 26 03 1 03 26
34 020 3 06 26 03 1 04 26
34 021 3 14 27 00 1 04 27
34 022 3 12 47 02 1 04 47
34 023 3 01 48 04 0 04 26
34 024 3 02 63 01 0 04 48
34 025 3 01 48 04 0 04 26
34 026 3 02 63 01 1 04 63
34 027 3 12 47 02 0 04 27
34 028 3 14 27 00 1 04 27
34 029 3 06 26 03 0 04 48
34 030 3 01 48 04 1 04 48
34 031 3 12 47 02 1 04 47
34 032 3 06 26 03 0 04 63
34 033 3 02 63 01 0 04 48
34 034 3 14 27 00 1 04 27
34 035 3 12 47 02 1 04 47
34 036 3 06 26 03 1 04 26
34 037 3 01 48 04 1 04 48
34 038 3 02 63 01 1 04 63
34 039 3 14 27 00 1 04 27
34 000 1 07 21 00 1 00 21
34 001 1 07 21 00 1 01 21
34 002 1 16 16 01 1 01 16
34 003 1 16 16 01 1 02 16
34 004 1 07 21 00 1 02 21
34 005 1 15 72 02 0 02 27
34 006 1 16 16 01 0 02 26
34 007 1 07 21 00 1 02 21
34 008 1 15 72 02 1 02 72
34 009 1 07 21 00 1 02 21
34 010 1 16 16 01 1 02 16
34 011 1 15 72 02 1 02 72
34 012 1 03 15 03 1 03 15
34 013 1 16 16 01 1 03 16
34 014 1 07 21 00 1 03 21
34 015 1 15 72 02 1 03 72
34 016 1 03 15 03 1 04 15
34 017 1 16 16 01 1 04 16
34 018 1 10 24 04 0 04 15
34 019 1 15 72 02 0 04 16
34 020 1 07 21 00 1 04 21
34 021 1 16 16 01 1 04 16
34 022 1 15 72 02 1 04 72
34 023 1 07 21 00 1 04 21
34 024 1 03 15 03 1 04 15
34 025 1 10 24 04 1 04 24
34 026 1 09 22 05 1 05 22
34 027 1 15 72 02 1 05 72
34 028 1 03 15 03 1 05 15
34 029 1 10 24 04 1 05 24
34 030 1 16 16 01 1 05 16
34 031 1 07 21 00 1 05 21
34 032 1 07 21 00 1 06 21
34 033 1 16 16 01 1 06 16
34 034 1 10 24 04 0 06 12
34 035 1 03 15 03 1 06 15
34 036 1 15 72 02 1 06 72
34 037 1 17 78 06 0 06 77
34 038 1 09 22 05 0 06 24
34 039 1 10 24 04 1 06 24
34 040 1 17 78 06 1 06 78
34 041 1 15 72 02 1 06 72
34 042 1 09 22 05 0 06 24
34 043 1 07 21 00 1 06 21
34 044 1 03 15 03 1 06 15
34 045 1 16 16 01 1 06 16
34 046 1 03 15 03 1 06 15
34 047 1 15 72 02 1 06 72
34 048 1 17 78 06 1 06 78
34 049 1 16 16 01 0 06 22
34 050 1 07 21 00 1 06 21
34 051 1 09 22 05 1 06 22
34 052 1 10 24 04 1 06 24
34 053 1 17 78 06 1 06 78
34 054 1 03 15 03 1 06 15
34 055 1 15 72 02 1 06 72
34 056 1 16 16 01 1 06 16
34 057 1 07 21 00 1 06 21
34 058 1 10 24 04 1 06 24
34 059 1 09 22 05 1 06 22
34 060 1 15 72 02 1 07 72
34 061 1 10 24 04 1 07 24
34 062 1 17 78 06 1 07 78
34 063 1 03 15 03 1 07 15
34 064 1 09 22 05 1 07 22
34 065 1 11 74 07 1 07 74
34 066 1 16 16 01 1 07 16
34 067 1 07 21 00 1 07 21
34 068 1 10 24 04 1 08 24
34 069 1 17 78 06 1 08 78
34 070 1 09 22 05 0 08 24
34 071 1 11 74 07 1 08 74
34 072 1 07 21 00 1 08 21
34 073 1 08 60 08 1 08 60
34 074 1 03 15 03 1 08 15
34 075 1 15 72 02 1 08 72
34 076 1 16 16 01 1 08 16
34 077 1 17 78 06 1 08 78
34 078 1 15 72 02 1 08 72
34 079 1 16 16 01 1 08 16
34 080 1 09 22 05 1 08 22
34 081 1 10 24 04 1 08 24
34 082 1 03 15 03 1 08 15
34 083 1 08 60 08 1 08 60
34 084 1 11 74 07 1 08 74
34 085 1 07 21 00 1 08 21
34 086 1 03 15 03 1 09 15
34 087 1 17 78 06 1 09 78
34 088 1 15 72 02 1 09 72
34 089 1 16 16 01 1 09 16
34 090 1 09 22 05 1 09 22
34 091 1 08 60 08 1 09 60
34 092 1 04 76 09 1 09 76
34 093 1 07 21 00 1 09 21
34 094 1 10 24 04 1 09 24
34 095 1 11 74 07 1 09 74
34 096 1 15 72 02 1 10 72
34 097 1 07 21 00 1 10 21
34 098 1 10 24 04 1 10 24
34 099 1 08 60 08 1 10 60
34 100 1 09 22 05 1 10 22
34 101 1 11 74 07 1 10 74
34 102 1 17 78 06 1 10 78
34 103 1 16 16 01 1 10 16
34 104 1 04 76 09 0 10 74
34 105 1 03 15 03 1 10 15
34 106 1 06 29 10 0 10 79
34 107 1 11 74 07 1 10 74
34 108 1 06 29 10 1 10 29
34 109 1 15 72 02 1 10 72
34 110 1 08 60 08 1 10 60
34 111 1 10 24 04 1 10 24
34 112 1 07 21 00 1 10 21
34 113 1 17 78 06 0 10 74
34 114 1 03 15 03 1 10 15
34 115 1 09 22 05 1 10 22
34 116 1 16 16 01 1 10 16
34 117 1 04 76 09 0 10 74
34 118 1 09 22 05 0 10 16
34 119 1 10 24 04 1 10 24
34 120 2 04 58 00 1 00 58
34 121 2 04 58 00 1 01 58
34 122 2 12 20 01 0 01 00
34 123 2 12 20 01 1 01 20
34 124 2 04 58 00 1 01 58
34 125 2 13 42 02 0 02 20
34 126 2 12 20 01 1 02 20
34 127 2 04 58 00 1 02 58
34 128 2 04 58 00 0 02 42
34 129 2 12 20 01 0 02 42
34 130 2 13 42 02 0 02 20
34 131 2 13 42 02 1 02 42
34 132 2 04 58 00 1 02 58
34 133 2 12 20 01 1 02 20
34 134 2 00 13 03 1 03 13
34 135 2 04 58 00 1 03 58
34 136 2 13 42 02 0 03 20
34 137 2 12 20 01 1 03 20
34 138 2 00 13 03 1 03 13
34 139 2 12 20 01 0 03 42
34 140 2 04 58 00 0 03 11
34 141 2 13 42 02 1 03 42
34 142 2 00 13 03 1 03 13
34 143 2 12 20 01 1 03 20
34 144 2 13 42 02 1 03 42
34 145 2 04 58 00 1 03 58
34 146 2 00 13 03 1 04 13
34 147 2 03 45 04 1 04 45
34 148 2 12 20 01 0 04 42
34 149 2 04 58 00 1 04 58
34 150 2 13 42 02 0 04 20
34 151 2 12 20 01 0 04 42
34 152 2 03 45 04 1 04 45
34 153 2 04 58 00 0 04 45
34 154 2 00 13 03 1 04 13
34 155 2 13 42 02 0 04 24
34 156 2 04 58 00 0 04 45
34 157 2 03 45 04 0 04 58
34 158 2 12 20 01 0 04 42
34 159 2 00 13 03 1 04 13
34 160 2 13 42 02 1 04 42
34 161 2 03 45 04 1 04 45
34 162 2 12 20 01 1 04 20
34 163 2 04 58 00 1 04 58
34 164 2 13 42 02 0 04 20
34 165 2 00 13 03 1 04 13
34 166 2 03 45 04 0 04 58
34 167 2 04 58 00 1 04 58
34 168 2 13 42 02 1 04 42
34 169 2 00 13 03 1 04 13
34 170 2 12 20 01 1 04 20
34 171 2 12 20 01 0 04 42
34 172 2 13 42 02 0 04 45
34 173 2 00 13 03 1 04 13
34 174 2 03 45 04 1 04 45
34 175 2 04 58 00 1 04 58
34 176 2 13 42 02 0 04 20
34 177 2 12 20 01 1 04 20
34 178 2 03 45 04 0 04 58
34 179 2 04 58 00 0 04 45
34 180 2 00 13 03 1 04 13
34 181 2 12 20 01 1 04 20
34 182 2 00 13 03 1 04 13
34 183 2 04 58 00 1 04 58
34 184 2 03 45 04 1 04 45
34 185 2 13 42 02 0 04 48
34 186 2 00 13 03 1 04 13
34 187 2 12 20 01 0 04 42
34 188 2 03 45 04 1 04 45
34 189 2 13 42 02 1 04 42
34 190 2 04 58 00 1 04 58
34 191 2 00 13 03 1 04 13
34 192 2 04 58 00 0 04 45
34 193 2 13 42 02 1 04 42
34 194 2 03 45 04 1 04 45
34 195 2 12 20 01 1 04 20
34 196 2 00 13 03 1 04 13
34 197 2 12 20 01 1 04 20
34 198 2 13 42 02 1 04 42
34 199 2 03 45 04 0 04 58
34 200 2 04 58 00 1 04 58
34 201 2 04 58 00 0 04 45
34 202 2 03 45 04 0 04 58
34 203 2 12 20 01 0 04 42
34 204 2 00 13 03 1 04 13
34 205 2 13 42 02 1 04 42
34 206 2 13 42 02 0 04 20
34 207 2 04 58 00 1 04 58
34 208 2 00 13 03 1 04 13
34 209 2 03 45 04 1 04 45
34 210 2 12 20 01 0 04 42
34 211 2 04 58 00 1 04 58
34 212 2 00 13 03 1 04 13
34 213 2 12 20 01 1 04 20
34 214 2 13 42 02 0 04 20
34 215 2 03 45 04 1 04 45
34 216 2 13 42 02 0 04 20
34 217 2 03 45 04 1 04 45
34 218 2 04 58 00 1 04 58
34 219 2 12 20 01 1 04 20
34 220 2 00 13 03 1 04 13
34 221 2 13 42 02 1 04 42
34 222 2 12 20 01 1 04 20
34 223 2 04 58 00 1 04 58
34 224 2 03 45 04 1 04 45
34 225 2 00 13 03 1 04 13
34 226 2 03 45 04 0 05 23
34 227 2 04 58 00 1 05 58
34 228 2 00 13 03 1 05 13
34 229 2 12 20 01 1 05 20
34 230 2 02 23 05 1 05 23
34 231 2 13 42 02 1 05 42
34 232 2 00 13 03 1 05 13
34 233 2 03 45 04 1 05 45
34 234 2 04 58 00 1 05 58
34 235 2 12 20 01 1 05 20
34 236 2 02 23 05 1 05 23
34 237 2 13 42 02 1 05 42
34 238 2 02 23 05 1 06 23
34 239 2 04 58 00 1 06 58
34 240 0 08 67 00 1 00 67
34 241 0 08 67 00 1 01 67
34 242 0 10 39 01 1 01 39
34 243 0 10 39 01 1 02 39
34 244 0 08 67 00 0 02 27
34 245 0 03 18 02 0 02 21
34 246 0 03 18 02 1 02 18
34 247 0 08 67 00 1 02 67
34 248 0 10 39 01 1 02 39
34 249 0 10 39 01 1 03 39
34 250 0 08 67 00 1 03 67
34 251 0 12 68 03 0 03 38
34 252 0 03 18 02 1 03 18
34 253 0 08 67 00 1 03 67
34 254 0 03 18 02 1 03 18
34 255 0 10 39 01 1 03 39
34 256 0 12 68 03 1 03 68
34 257 0 10 39 01 1 04 39
34 258 0 03 18 02 1 04 18
34 259 0 12 68 03 1 04 68
34 260 0 08 67 00 1 04 67
34 261 0 04 69 04 1 04 69
34 262 0 05 44 05 1 05 44
34 263 0 10 39 01 1 05 39
34 264 0 08 67 00 1 05 67
34 265 0 03 18 02 1 05 18
34 266 0 04 69 04 1 05 69
34 267 0 12 68 03 1 05 68
34 268 0 08 67 00 1 06 67
34 269 0 12 68 03 1 06 68
34 270 0 05 44 05 1 06 44
34 271 0 14 32 06 1 06 32
34 272 0 03 18 02 1 06 18
34 273 0 04 69 04 1 06 69
34 274 0 10 39 01 1 06 39
34 275 0 03 18 02 1 07 18
34 276 0 05 44 05 1 07 44
34 277 0 10 39 01 1 07 39
34 278 0 12 68 03 1 07 68
34 279 0 04 69 04 1 07 69
34 280 0 14 32 06 1 07 32
34 281 0 09 52 07 1 07 52
34 282 0 08 67 00 1 07 67
34 283 0 03 18 02 1 08 18
34 284 0 12 68 03 1 08 68
34 285 0 08 67 00 1 08 67
34 286 0 02 38 08 0 08 32
34 287 0 10 39 01 1 08 39
34 288 0 05 44 05 1 08 44
34 289 0 14 32 06 1 08 32
34 290 0 04 69 04 1 08 69
34 291 0 09 52 07 1 08 52
34 292 0 03 18 02 1 08 18
34 293 0 04 69 04 1 08 69
34 294 0 12 68 03 1 08 68
34 295 0 10 39 01 1 08 39
34 296 0 09 52 07 1 08 52
34 297 0 05 44 05 1 08 44
34 298 0 08 67 00 1 08 67
34 299 0 14 32 06 1 08 32
34 300 0 02 38 08 0 08 58
34 301 0 03 18 02 1 08 18
34 302 0 10 39 01 1 08 39
34 303 0 14 32 06 1 08 32
34 304 0 05 44 05 1 08 44
34 305 0 12 68 03 1 08 68
34 306 0 09 52 07 1 08 52
34 307 0 02 38 08 1 08 38
34 308 0 04 69 04 1 08 69
34 309 0 08 67 00 1 08 67
34 310 0 13 70 09 1 09 70
34 311 0 10 39 01 1 09 39
34 312 0 12 68 03 1 09 68
34 313 0 02 38 08 1 09 38
34 314 0 03 18 02 1 09 18
34 315 0 14 32 06 1 09 32
34 316 0 05 44 05 1 09 44
34 317 0 04 69 04 1 09 69
34 318 0 09 52 07 1 09 52
34 319 0 08 67 00 1 09 67
34 320 0 08 67 00 1 10 67
34 321 0 03 18 02 1 10 18
34 322 0 12 68 03 1 10 68
34 323 0 10 39 01 1 10 39
34 324 0 13 70 09 1 10 70
34 325 0 09 52 07 1 10 52
34 326 0 01 49 10 1 10 49
34 327 0 02 38 08 1 10 38
34 328 0 14 32 06 1 10 32
34 329 0 04 69 04 1 10 69
34 330 0 05 44 05 1 10 44
34 331 0 03 18 02 1 11 18
34 332 0 02 38 08 1 11 38
34 333 0 08 67 00 1 11 67
34 334 0 15 37 11 1 11 37
34 335 0 13 70 09 0 11 49
34 336 0 10 39 01 1 11 39
34 337 0 09 52 07 1 11 52
34 338 0 14 32 06 1 11 32
34 339 0 05 44 05 1 11 44
34 340 0 04 69 04 1 11 69
34 341 0 12 68 03 1 11 68
34 342 0 01 49 10 1 11 49
34 343 0 10 39 01 1 11 39
34 344 0 04 69 04 1 11 69
34 345 0 05 44 05 1 11 44
34 346 0 03 18 02 1 11 18
34 347 0 13 70 09 1 11 70
34 348 0 02 38 08 1 11 38
34 349 0 12 68 03 1 11 68
34 350 0 14 32 06 1 11 32
34 351 0 09 52 07 1 11 52
34 352 0 01 49 10 1 11 49
34 353 0 08 67 00 1 11 67
34 354 0 15 37 11 0 11 79
34 355 0 02 38 08 1 11 38
34 356 0 12 68 03 1 11 68
34 357 0 14 32 06 1 11 32
34 358 0 03 18 02 1 11 18
34 359 0 04 69 04 1 11 69
