41 000 3 10 60 00 1 00 60
41 001 3 05 24 01 1 01 24
41 002 3 10 60 00 0 01 00
41 003 3 05 24 01 1 01 24
41 004 3 10 60 00 1 01 60
41 005 3 05 24 01 1 02 24
41 006 3 10 60 00 0 02 17
41 007 3 01 17 02 1 02 17
41 008 3 01 17 02 0 02 64
41 009 3 10 60 00 0 02 64
41 010 3 05 24 01 1 02 24
41 011 3 10 60 00 0 02 14
41 012 3 01 17 02 1 02 17
41 013 3 05 24 01 0 02 64
41 014 3 05 24 01 0 02 17
41 015 3 01 17 02 0 02 60
41 016 3 10 60 00 0 02 24
41 017 3 05 24 01 1 02 24
41 018 3 10 60 00 0 02 17
41 019 3 01 17 02 1 02 17
41 020 3 01 17 02 1 02 17
41 021 3 05 24 01 0 02 60
41 022 3 10 60 00 1 02 60
41 023 3 10 60 00 1 02 60
41 024 3 01 17 02 0 02 24
41 025 3 05 24 01 0 02 17
41 026 3 01 17 02 0 02 60
41 027 3 05 24 01 0 02 00
41 028 3 10 60 00 1 02 60
41 029 3 01 17 02 1 02 17
41 030 3 10 60 00 1 02 60
41 031 3 05 24 01 1 02 24
41 032 3 10 60 00 1 03 60
41 033 3 13 79 03 1 03 79
41 034 3 05 24 01 1 03 24
41 035 3 01 17 02 0 03 60
41 036 3 10 60 00 1 03 60
41 037 3 13 79 03 0 03 49
41 038 3 05 24 01 0 03 17
41 039 3 01 17 02 1 03 17
41 000 2 02 29 00 1 00 29
41 001 2 16 34 01 1 01 34
41 002 2 02 29 00 1 01 29
41 003 2 02 29 00 0 02 51
41 004 2 00 51 02 0 02 08
41 005 2 16 34 01 0 02 29
41 006 2 00 51 02 1 02 51
41 007 2 16 34 01 1 02 34
41 008 2 02 29 00 1 02 29
41 009 2 00 51 02 1 03 51
41 010 2 16 34 01 0 03 12
41 011 2 15 12 03 0 03 21
41 012 2 02 29 00 1 03 29
41 013 2 16 34 01 1 03 34
41 014 2 15 12 03 0 03 27
41 015 2 00 51 02 1 03 51
41 016 2 02 29 00 1 03 29
41 017 2 02 29 00 1 03 29
41 018 2 15 12 03 1 03 12
41 019 2 00 51 02 1 03 51
41 020 2 16 34 01 0 03 64
41 021 2 16 34 01 1 03 34
41 022 2 15 12 03 1 03 12
41 023 2 00 51 02 1 03 51
41 024 2 02 29 00 0 03 24
41 025 2 02 29 00 1 03 29
41 026 2 16 34 01 1 03 34
41 027 2 15 12 03 1 03 12
41 028 2 00 51 02 1 03 51
41 029 2 04 31 04 1 04 31
41 030 2 02 29 00 0 04 51
41 031 2 00 51 02 1 04 51
41 032 2 15 12 03 1 04 12
41 033 2 16 34 01 1 04 34
41 034 2 15 12 03 0 04 34
41 035 2 16 34 01 1 04 34
41 036 2 00 51 02 1 04 51
41 037 2 04 31 04 0 04 29
41 038 2 02 29 00 1 04 29
41 039 2 04 31 04 0 04 34
41 040 2 16 34 01 0 04 12
41 041 2 02 29 00 1 04 29
41 042 2 15 12 03 0 04 34
41 043 2 00 51 02 1 04 51
41 044 2 16 34 01 1 04 34
41 045 2 04 31 04 0 04 29
41 046 2 15 12 03 1 04 12
41 047 2 00 51 02 1 04 51
41 048 2 02 29 00 0 04 31
41 049 2 02 29 00 0 04 31
41 050 2 15 12 03 0 04 34
41 051 2 00 51 02 1 04 51
41 052 2 04 31 04 0 04 29
41 053 2 16 34 01 0 04 12
41 054 2 15 12 03 0 04 34
41 055 2 00 51 02 1 04 51
41 056 2 04 31 04 0 04 29
41 057 2 16 34 01 0 04 12
41 058 2 02 29 00 1 04 29
41 059 2 04 31 04 1 04 31
41 060 2 02 29 00 1 04 29
41 061 2 16 34 01 0 04 12
41 062 2 00 51 02 1 04 51
41 063 2 15 12 03 1 04 12
41 064 2 16 34 01 1 04 34
41 065 2 02 29 00 1 04 29
41 066 2 04 31 04 1 04 31
41 067 2 00 51 02 1 04 51
41 068 2 15 12 03 1 04 12
41 069 2 00 51 02 1 05 51
41 070 2 02 29 00 1 05 29
41 071 2 15 12 03 0 05 36
41 072 2 04 31 04 0 05 29
41 073 2 08 26 05 0 05 29
41 074 2 16 34 01 0 05 12
41 075 2 02 29 00 1 05 29
41 076 2 04 31 04 1 05 31
41 077 2 08 26 05 1 05 26
41 078 2 00 51 02 1 05 51
41 079 2 16 34 01 0 05 12
41 080 2 15 12 03 1 05 12
41 081 2 15 12 03 0 05 31
41 082 2 00 51 02 1 05 51
41 083 2 16 34 01 0 05 12
41 084 2 08 26 05 1 05 26
41 085 2 02 29 00 1 05 29
41 086 2 04 31 04 1 05 31
41 087 2 15 12 03 1 05 12
41 088 2 04 31 04 0 05 26
41 089 2 02 29 00 1 05 29
41 090 2 16 34 01 0 05 12
41 091 2 00 51 02 0 05 05
41 092 2 08 26 05 0 05 12
41 093 2 00 51 02 1 05 51
41 094 2 02 29 00 0 05 12
41 095 2 08 26 05 1 05 26
41 096 2 15 12 03 1 05 12
41 097 2 04 31 04 0 05 26
41 098 2 16 34 01 0 05 12
41 099 2 15 12 03 1 05 12
41 100 2 02 29 00 0 05 12
41 101 2 08 26 05 0 05 12
41 102 2 00 51 02 1 05 51
41 103 2 16 34 01 0 05 12
41 104 2 04 31 04 0 05 12
41 105 2 02 29 00 0 05 12
41 106 2 04 31 04 0 05 29
41 107 2 08 26 05 0 05 12
41 108 2 15 12 03 1 05 12
41 109 2 16 34 01 1 05 34
41 110 2 00 51 02 1 05 51
41 111 2 02 29 00 0 05 26
41 112 2 08 26 05 0 05 29
41 113 2 04 31 04 0 05 26
41 114 2 15 12 03 1 05 12
41 115 2 16 34 01 1 05 34
41 116 2 00 51 02 1 05 51
41 117 2 08 26 05 0 05 12
41 118 2 02 29 00 0 05 26
41 119 2 04 31 04 0 05 26
41 120 0 13 63 00 1 00 63
41 121 0 13 63 00 1 01 63
41 122 0 06 19 01 1 01 19
41 123 0 06 19 01 1 02 19
41 124 0 13 63 00 1 02 63
41 125 0 03 77 02 1 02 77
41 126 0 13 63 00 1 03 63
41 127 0 03 77 02 1 03 77
41 128 0 10 64 03 1 03 64
41 129 0 06 19 01 1 03 19
41 130 0 06 19 01 1 04 19
41 131 0 10 64 03 0 04 77
41 132 0 03 77 02 1 04 77
41 133 0 13 63 00 1 04 63
41 134 0 16 48 04 0 04 64
41 135 0 13 63 00 1 04 63
41 136 0 10 64 03 1 04 64
41 137 0 06 19 01 1 04 19
41 138 0 03 77 02 1 04 77
41 139 0 16 48 04 1 04 48
41 140 0 13 63 00 1 05 63
41 141 0 16 48 04 1 05 48
41 142 0 00 72 05 1 05 72
41 143 0 03 77 02 1 05 77
41 144 0 10 64 03 1 05 64
41 145 0 06 19 01 1 05 19
41 146 0 03 77 02 1 06 77
41 147 0 06 19 01 1 06 19
41 148 0 13 63 00 1 06 63
41 149 0 16 48 04 0 06 64
41 150 0 00 72 05 1 06 72
41 151 0 05 39 06 0 06 44
41 152 0 10 64 03 0 06 67
41 153 0 05 39 06 1 06 39
41 154 0 13 63 00 1 06 63
41 155 0 16 48 04 0 06 74
41 156 0 06 19 01 1 06 19
41 157 0 00 72 05 0 06 48
41 158 0 10 64 03 0 06 72
41 159 0 03 77 02 1 06 77
41 160 0 06 19 01 1 06 19
41 161 0 03 77 02 1 06 77
41 162 0 00 72 05 1 06 72
41 163 0 10 64 03 0 06 48
41 164 0 13 63 00 1 06 63
41 165 0 05 39 06 0 06 48
41 166 0 16 48 04 0 06 72
41 167 0 10 64 03 1 06 64
41 168 0 03 77 02 1 06 77
41 169 0 00 72 05 1 06 72
41 170 0 06 19 01 1 06 19
41 171 0 13 63 00 1 06 63
41 172 0 05 39 06 0 06 48
41 173 0 16 48 04 0 06 72
41 174 0 10 64 03 1 06 64
41 175 0 06 19 01 1 06 19
41 176 0 05 39 06 0 06 72
41 177 0 13 63 00 1 06 63
41 178 0 00 72 05 1 06 72
41 179 0 03 77 02 1 06 77
41 180 0 16 48 04 1 06 48
41 181 0 16 48 04 1 06 48
41 182 0 10 64 03 1 06 64
41 183 0 00 72 05 0 06 48
41 184 0 05 39 06 1 06 39
41 185 0 03 77 02 1 06 77
41 186 0 13 63 00 1 06 63
41 187 0 06 19 01 1 06 19
41 188 0 10 64 03 0 06 72
41 189 0 13 63 00 1 06 63
41 190 0 03 77 02 1 06 77
41 191 0 06 19 01 1 06 19
41 192 0 00 72 05 0 06 64
41 193 0 16 48 04 0 06 64
41 194 0 05 39 06 1 06 39
41 195 0 06 19 01 1 06 19
41 196 0 05 39 06 1 06 39
41 197 0 10 64 03 1 06 64
41 198 0 00 72 05 1 06 72
41 199 0 16 48 04 0 06 64
41 200 0 13 63 00 1 06 63
41 201 0 03 77 02 1 06 77
41 202 0 10 64 03 0 06 72
41 203 0 03 77 02 1 06 77
41 204 0 16 48 04 0 06 64
41 205 0 13 63 00 1 06 63
41 206 0 00 72 05 1 06 72
41 207 0 06 19 01 1 06 19
41 208 0 05 39 06 1 06 39
41 209 0 10 64 03 0 06 73
41 210 0 16 48 04 0 06 64
41 211 0 13 63 00 1 06 63
41 212 0 00 72 05 1 06 72
41 213 0 06 19 01 1 06 19
41 214 0 03 77 02 1 06 77
41 215 0 05 39 06 1 06 39
41 216 0 10 64 03 1 06 64
41 217 0 05 39 06 1 06 39
41 218 0 16 48 04 0 06 47
41 219 0 13 63 00 1 06 63
41 220 0 00 72 05 1 06 72
41 221 0 06 19 01 1 06 19
41 222 0 03 77 02 1 06 77
41 223 0 05 39 06 1 06 39
41 224 0 00 72 05 1 06 72
41 225 0 13 63 00 1 06 63
41 226 0 03 77 02 1 06 77
41 227 0 10 64 03 1 06 64
41 228 0 06 19 01 1 06 19
41 229 0 16 48 04 1 06 48
41 230 0 10 64 03 0 07 48
41 231 0 16 48 04 1 07 48
41 232 0 00 72 05 1 07 72
41 233 0 03 77 02 1 07 77
41 234 0 13 63 00 1 07 63
41 235 0 05 39 06 1 07 39
41 236 0 06 19 01 1 07 19
41 237 0 17 46 07 0 07 68
41 238 0 17 46 07 1 07 46
41 239 0 06 19 01 1 07 19
41 240 1 15 44 00 0 00 39
41 241 1 15 44 00 1 00 44
41 242 1 06 22 01 0 01 33
41 243 1 15 44 00 1 01 44
41 244 1 06 22 01 1 01 22
41 245 1 15 44 00 1 01 44
41 246 1 06 22 01 1 02 22
41 247 1 09 36 02 1 02 36
41 248 1 15 44 00 1 02 44
41 249 1 15 44 00 1 03 44
41 250 1 07 70 03 1 03 70
41 251 1 06 22 01 1 03 22
41 252 1 09 36 02 1 03 36
41 253 1 07 70 03 1 04 70
41 254 1 02 47 04 0 04 36
41 255 1 09 36 02 1 04 36
41 256 1 15 44 00 1 04 44
41 257 1 06 22 01 1 04 22
41 258 1 07 70 03 1 04 70
41 259 1 15 44 00 1 04 44
41 260 1 06 22 01 1 04 22
41 261 1 09 36 02 1 04 36
41 262 1 02 47 04 1 04 47
41 263 1 01 52 05 1 05 52
41 264 1 06 22 01 1 05 22
41 265 1 07 70 03 1 05 70
41 266 1 09 36 02 0 05 47
41 267 1 02 47 04 1 05 47
41 268 1 15 44 00 1 05 44
41 269 1 02 47 04 1 05 47
41 270 1 09 36 02 1 05 36
41 271 1 15 44 00 1 05 44
41 272 1 07 70 03 1 05 70
41 273 1 01 52 05 0 05 49
41 274 1 06 22 01 1 05 22
41 275 1 01 52 05 1 05 52
41 276 1 02 47 04 0 05 36
41 277 1 06 22 01 1 05 22
41 278 1 15 44 00 1 05 44
41 279 1 09 36 02 1 05 36
41 280 1 07 70 03 1 05 70
41 281 1 15 44 00 1 05 44
41 282 1 06 22 01 1 05 22
41 283 1 07 70 03 1 05 70
41 284 1 01 52 05 0 05 74
41 285 1 02 47 04 1 05 47
41 286 1 09 36 02 1 05 36
41 287 1 01 52 05 1 05 52
41 288 1 07 70 03 1 05 70
41 289 1 09 36 02 0 05 47
41 290 1 15 44 00 1 05 44
41 291 1 02 47 04 1 05 47
41 292 1 06 22 01 1 05 22
41 293 1 07 70 03 1 05 70
41 294 1 06 22 01 1 05 22
41 295 1 09 36 02 1 05 36
41 296 1 01 52 05 1 05 52
41 297 1 02 47 04 1 05 47
41 298 1 15 44 00 1 05 44
41 299 1 15 44 00 1 06 44
41 300 1 02 47 04 0 06 36
41 301 1 01 52 05 1 06 52
41 302 1 05 61 06 1 06 61
41 303 1 06 22 01 1 06 22
41 304 1 09 36 02 1 06 36
41 305 1 07 70 03 1 06 70
41 306 1 02 47 04 0 06 36
41 307 1 15 44 00 1 06 44
41 308 1 07 70 03 1 06 70
41 309 1 05 61 06 0 06 47
41 310 1 01 52 05 1 06 52
41 311 1 06 22 01 1 06 22
41 312 1 09 36 02 1 06 36
41 313 1 05 61 06 1 06 61
41 314 1 01 52 05 1 06 52
41 315 1 02 47 04 1 06 47
41 316 1 15 44 00 1 06 44
41 317 1 06 22 01 1 06 22
41 318 1 09 36 02 1 06 36
41 319 1 07 70 03 1 06 70
41 320 1 09 36 02 1 07 36
41 321 1 07 70 03 1 07 70
41 322 1 02 47 04 1 07 47
41 323 1 05 61 06 1 07 61
41 324 1 01 52 05 1 07 52
41 325 1 00 13 07 0 07 21
41 326 1 06 22 01 1 07 22
41 327 1 15 44 00 1 07 44
41 328 1 01 52 05 1 07 52
41 329 1 07 70 03 1 07 70
41 330 1 05 61 06 0 07 47
41 331 1 09 36 02 0 07 47
41 332 1 02 47 04 1 07 47
41 333 1 06 22 01 1 07 22
41 334 1 00 13 07 0 07 12
41 335 1 15 44 00 1 07 44
41 336 1 05 61 06 1 07 61
41 337 1 06 22 01 1 07 22
41 338 1 07 70 03 1 07 70
41 339 1 15 44 00 1 07 44
41 340 1 09 36 02 1 07 36
41 341 1 01 52 05 1 07 52
41 342 1 00 13 07 1 07 13
41 343 1 02 47 04 1 07 47
41 344 1 07 70 03 1 08 70
41 345 1 11 33 08 1 08 33
41 346 1 00 13 07 1 08 13
41 347 1 01 52 05 1 08 52
41 348 1 06 22 01 1 08 22
41 349 1 02 47 04 1 08 47
41 350 1 15 44 00 1 08 44
41 351 1 05 61 06 0 08 36
41 352 1 09 36 02 1 08 36
41 353 1 06 22 01 1 08 22
41 354 1 00 13 07 0 08 31
41 355 1 09 36 02 1 08 36
41 356 1 15 44 00 1 08 44
41 357 1 11 33 08 0 08 31
41 358 1 02 47 04 1 08 47
41 359 1 07 70 03 1 08 70
