24 000 3 02 79 00 1 00 79
24 001 3 02 79 00 1 01 79
24 002 3 11 50 01 1 01 50
24 003 3 11 50 01 1 02 50
24 004 3 02 79 00 1 02 79
24 005 3 01 41 02 1 02 41
24 006 3 01 41 02 1 03 41
24 007 3 02 79 00 1 03 79
24 008 3 15 29 03 1 03 29
24 009 3 11 50 01 0 03 79
24 010 3 15 29 03 1 03 29
24 011 3 01 41 02 1 03 41
24 012 3 11 50 01 1 03 50
24 013 3 02 79 00 1 03 79
24 014 3 02 79 00 1 04 79
24 015 3 15 29 03 1 04 29
24 016 3 08 45 04 0 04 49
24 017 3 11 50 01 1 04 50
24 018 3 01 41 02 1 04 41
24 019 3 11 50 01 1 04 50
24 020 3 08 45 04 1 04 45
24 021 3 01 41 02 1 04 41
24 022 3 02 79 00 1 04 79
24 023 3 15 29 03 1 04 29
24 024 3 08 45 04 1 05 45
24 025 3 02 79 00 1 05 79
24 026 3 15 29 03 1 05 29
24 027 3 11 50 01 1 05 50
24 028 3 01 41 02 1 05 41
24 029 3 13 73 05 1 05 73
24 030 3 08 45 04 1 06 45
24 031 3 05 57 06 0 06 51
24 032 3 13 73 05 1 06 73
24 033 3 15 29 03 1 06 29
24 034 3 02 79 00 1 06 79
24 035 3 01 41 02 1 06 41
24 036 3 11 50 01 1 06 50
24 037 3 01 41 02 1 06 41
24 038 3 02 79 00 1 06 79
24 039 3 15 29 03 1 06 29
24 000 0 07 58 00 1 00 58
24 001 0 07 58 00 1 01 58
24 002 0 12 12 01 1 01 12
24 003 0 07 58 00 1 02 58
24 004 0 17 38 02 1 02 38
24 005 0 12 12 01 1 02 12
24 006 0 07 58 00 1 03 58
24 007 0 15 65 03 0 03 68
24 008 0 17 38 02 0 03 65
24 009 0 12 12 01 1 03 12
24 010 0 12 12 01 1 03 12
24 011 0 17 38 02 1 03 38
24 012 0 15 65 03 1 03 65
24 013 0 07 58 00 1 03 58
24 014 0 15 65 03 0 04 38
24 015 0 12 12 01 1 04 12
24 016 0 06 17 04 1 04 17
24 017 0 07 58 00 1 04 58
24 018 0 17 38 02 1 04 38
24 019 0 06 17 04 1 04 17
24 020 0 12 12 01 1 04 12
24 021 0 07 58 00 0 04 12
24 022 0 15 65 03 0 04 38
24 023 0 17 38 02 1 04 38
24 024 0 06 17 04 1 04 17
24 025 0 12 12 01 1 04 12
24 026 0 15 65 03 1 04 65
24 027 0 17 38 02 1 04 38
24 028 0 07 58 00 1 04 58
24 029 0 07 58 00 1 05 58
24 030 0 17 38 02 1 05 38
24 031 0 04 43 05 1 05 43
24 032 0 06 17 04 1 05 17
24 033 0 15 65 03 1 05 65
24 034 0 12 12 01 1 05 12
24 035 0 15 65 03 1 06 65
24 036 0 07 58 00 1 06 58
24 037 0 12 12 01 1 06 12
24 038 0 06 17 04 1 06 17
24 039 0 08 61 06 1 06 61
24 040 0 17 38 02 1 06 38
24 041 0 04 43 05 1 06 43
24 042 0 07 58 00 1 07 58
24 043 0 04 43 05 1 07 43
24 044 0 17 38 02 1 07 38
24 045 0 12 12 01 1 07 12
24 046 0 15 65 03 1 07 65
24 047 0 06 17 04 1 07 17
24 048 0 10 15 07 1 07 15
24 049 0 08 61 06 1 07 61
24 050 0 06 17 04 1 08 17
24 051 0 15 65 03 1 08 65
24 052 0 17 38 02 1 08 38
24 053 0 12 12 01 1 08 12
24 054 0 04 43 05 1 08 43
24 055 0 08 61 06 1 08 61
24 056 0 07 58 00 1 08 58
24 057 0 10 15 07 1 08 15
24 058 0 14 55 08 1 08 55
24 059 0 12 12 01 1 09 12
24 060 0 14 55 08 1 09 55
24 061 0 06 17 04 1 09 17
24 062 0 08 61 06 1 09 61
24 063 0 09 64 09 0 09 63
24 064 0 10 15 07 1 09 15
24 065 0 15 65 03 1 09 65
24 066 0 07 58 00 1 09 58
24 067 0 17 38 02 1 09 38
24 068 0 04 43 05 1 09 43
24 069 0 08 61 06 1 09 61
24 070 0 17 38 02 1 09 38
24 071 0 15 65 03 1 09 65
24 072 0 06 17 04 1 09 17
24 073 0 10 15 07 1 09 15
24 074 0 04 43 05 1 09 43
24 075 0 12 12 01 1 09 12
24 076 0 09 64 09 1 09 64
24 077 0 07 58 00 1 09 58
24 078 0 14 55 08 1 09 55
24 079 0 15 65 03 1 10 65
24 080 0 08 61 06 1 10 61
24 081 0 04 43 05 1 10 43
24 082 0 06 17 04 1 10 17
24 083 0 02 31 10 1 10 31
24 084 0 12 12 01 1 10 12
24 085 0 10 15 07 1 10 15
24 086 0 17 38 02 1 10 38
24 087 0 07 58 00 1 10 58
24 088 0 14 55 08 1 10 55
24 089 0 09 64 09 1 10 64
24 090 0 06 17 04 1 11 17
24 091 0 01 66 11 0 11 51
24 092 0 10 15 07 1 11 15
24 093 0 12 12 01 1 11 12
24 094 0 15 65 03 1 11 65
24 095 0 09 64 09 1 11 64
24 096 0 14 55 08 1 11 55
24 097 0 07 58 00 1 11 58
24 098 0 17 38 02 1 11 38
24 099 0 02 31 10 1 11 31
24 100 0 08 61 06 1 11 61
24 101 0 04 43 05 1 11 43
24 102 0 04 43 05 1 11 43
24 103 0 02 31 10 1 11 31
24 104 0 01 66 11 1 11 66
24 105 0 12 12 01 1 11 12
24 106 0 14 55 08 1 11 55
24 107 0 09 64 09 1 11 64
24 108 0 17 38 02 1 11 38
24 109 0 15 65 03 1 11 65
24 110 0 06 17 04 1 11 17
24 111 0 10 15 07 1 11 15
24 112 0 07 58 00 1 11 58
24 113 0 08 61 06 1 11 61
24 114 0 13 59 12 1 12 59
24 115 0 04 43 05 1 12 43
24 116 0 17 38 02 1 12 38
24 117 0 06 17 04 1 12 17
24 118 0 14 55 08 1 12 55
24 119 0 12 12 01 1 12 12
24 120 1 12 69 00 1 00 69
24 121 1 03 72 01 1 01 72
24 122 1 12 69 00 1 01 69
24 123 1 07 30 02 1 02 30
24 124 1 03 72 01 1 02 72
24 125 1 12 69 00 1 02 69
24 126 1 12 69 00 1 03 69
24 127 1 07 30 02 1 03 30
24 128 1 03 72 01 1 03 72
24 129 1 08 36 03 1 03 36
24 130 1 03 72 01 0 04 69
24 131 1 15 27 04 1 04 27
24 132 1 12 69 00 1 04 69
24 133 1 08 36 03 1 04 36
24 134 1 07 30 02 0 04 55
24 135 1 08 36 03 1 04 36
24 136 1 03 72 01 1 04 72
24 137 1 12 69 00 1 04 69
24 138 1 07 30 02 1 04 30
24 139 1 15 27 04 1 04 27
24 140 1 15 27 04 1 05 27
24 141 1 12 69 00 1 05 69
24 142 1 03 72 01 1 05 72
24 143 1 06 62 05 0 05 58
24 144 1 08 36 03 1 05 36
24 145 1 07 30 02 1 05 30
24 146 1 15 27 04 1 05 27
24 147 1 06 62 05 1 05 62
24 148 1 07 30 02 1 05 30
24 149 1 08 36 03 1 05 36
24 150 1 12 69 00 1 05 69
24 151 1 03 72 01 1 05 72
24 152 1 12 69 00 1 06 69
24 153 1 08 36 03 1 06 36
24 154 1 03 72 01 1 06 72
24 155 1 15 27 04 1 06 27
24 156 1 06 62 05 1 06 62
24 157 1 07 30 02 1 06 30
24 158 1 04 20 06 1 06 20
24 159 1 15 27 04 1 07 27
24 160 1 03 72 01 1 07 72
24 161 1 11 28 07 1 07 28
24 162 1 08 36 03 1 07 36
24 163 1 12 69 00 1 07 69
24 164 1 04 20 06 1 07 20
24 165 1 06 62 05 1 07 62
24 166 1 07 30 02 1 07 30
24 167 1 07 30 02 1 08 30
24 168 1 04 20 06 1 08 20
24 169 1 06 62 05 1 08 62
24 170 1 08 36 03 1 08 36
24 171 1 12 69 00 1 08 69
24 172 1 15 27 04 1 08 27
24 173 1 01 24 08 1 08 24
24 174 1 03 72 01 1 08 72
24 175 1 11 28 07 1 08 28
24 176 1 04 20 06 1 09 20
24 177 1 08 36 03 1 09 36
24 178 1 12 69 00 1 09 69
24 179 1 06 62 05 0 09 20
24 180 1 13 37 09 0 09 24
24 181 1 03 72 01 1 09 72
24 182 1 07 30 02 1 09 30
24 183 1 11 28 07 1 09 28
24 184 1 01 24 08 1 09 24
24 185 1 15 27 04 1 09 27
24 186 1 13 37 09 0 09 34
24 187 1 07 30 02 0 09 32
24 188 1 12 69 00 1 09 69
24 189 1 08 36 03 1 09 36
24 190 1 11 28 07 1 09 28
24 191 1 04 20 06 1 09 20
24 192 1 01 24 08 1 09 24
24 193 1 06 62 05 1 09 62
24 194 1 03 72 01 1 09 72
24 195 1 15 27 04 1 09 27
24 196 1 12 69 00 1 09 69
24 197 1 04 20 06 1 09 20
24 198 1 13 37 09 1 09 37
24 199 1 01 24 08 1 09 24
24 200 1 06 62 05 1 09 62
24 201 1 03 72 01 1 09 72
24 202 1 08 36 03 1 09 36
24 203 1 15 27 04 1 09 27
24 204 1 11 28 07 1 09 28
24 205 1 07 30 02 0 09 20
24 206 1 01 24 08 1 09 24
24 207 1 03 72 01 1 09 72
24 208 1 13 37 09 1 09 37
24 209 1 06 62 05 1 09 62
24 210 1 15 27 04 0 09 03
24 211 1 08 36 03 1 09 36
24 212 1 07 30 02 1 09 30
24 213 1 11 28 07 1 09 28
24 214 1 12 69 00 1 09 69
24 215 1 04 20 06 1 09 20
24 216 1 04 20 06 1 09 20
24 217 1 01 24 08 1 09 24
24 218 1 07 30 02 1 09 30
24 219 1 06 62 05 1 09 62
24 220 1 11 28 07 1 09 28
24 221 1 12 69 00 1 09 69
24 222 1 15 27 04 1 09 27
24 223 1 08 36 03 1 09 36
24 224 1 13 37 09 1 09 37
24 225 1 03 72 01 1 09 72
24 226 1 03 72 01 1 10 72
24 227 1 01 24 08 1 10 24
24 228 1 02 35 10 1 10 35
24 229 1 12 69 00 1 10 69
24 230 1 04 20 06 1 10 20
24 231 1 08 36 03 1 10 36
24 232 1 11 28 07 1 10 28
24 233 1 06 62 05 1 10 62
24 234 1 15 27 04 1 10 27
24 235 1 13 37 09 1 10 37
24 236 1 07 30 02 1 10 30
24 237 1 11 28 07 1 11 28
24 238 1 10 23 11 0 11 24
24 239 1 08 36 03 1 11 36
24 240 2 11 47 00 1 00 47
24 241 2 11 47 00 1 01 47
24 242 2 03 14 01 1 01 14
24 243 2 03 14 01 1 02 14
24 244 2 02 52 02 1 02 52
24 245 2 11 47 00 1 02 47
24 246 2 11 47 00 1 03 47
24 247 2 15 16 03 1 03 16
24 248 2 03 14 01 0 03 52
24 249 2 02 52 02 1 03 52
24 250 2 02 52 02 1 03 52
24 251 2 11 47 00 1 03 47
24 252 2 15 16 03 1 03 16
24 253 2 03 14 01 1 03 14
24 254 2 03 14 01 1 04 14
24 255 2 15 16 03 1 04 16
24 256 2 11 47 00 0 04 51
24 257 2 10 51 04 0 04 47
24 258 2 02 52 02 1 04 52
24 259 2 11 47 00 1 04 47
24 260 2 03 14 01 1 04 14
24 261 2 15 16 03 1 04 16
24 262 2 10 51 04 0 04 47
24 263 2 02 52 02 1 04 52
24 264 2 15 16 03 0 04 19
24 265 2 11 47 00 1 04 47
24 266 2 02 52 02 1 04 52
24 267 2 03 14 01 1 04 14
24 268 2 10 51 04 0 04 47
24 269 2 02 52 02 1 04 52
24 270 2 11 47 00 0 04 51
24 271 2 10 51 04 0 04 47
24 272 2 03 14 01 1 04 14
24 273 2 15 16 03 1 04 16
24 274 2 02 52 02 1 04 52
24 275 2 10 51 04 1 04 51
24 276 2 03 14 01 1 04 14
24 277 2 11 47 00 1 04 47
24 278 2 15 16 03 0 04 61
24 279 2 03 14 01 1 04 14
24 280 2 10 51 04 1 04 51
24 281 2 02 52 02 1 04 52
24 282 2 15 16 03 1 04 16
24 283 2 11 47 00 1 04 47
24 284 2 10 51 04 0 05 63
24 285 2 07 63 05 0 05 51
24 286 2 11 47 00 1 05 47
24 287 2 15 16 03 1 05 16
24 288 2 02 52 02 1 05 52
24 289 2 03 14 01 1 05 14
24 290 2 15 16 03 1 05 16
24 291 2 07 63 05 1 05 63
24 292 2 10 51 04 1 05 51
24 293 2 02 52 02 1 05 52
24 294 2 11 47 00 1 05 47
24 295 2 03 14 01 1 05 14
24 296 2 10 51 04 1 06 51
24 297 2 03 14 01 1 06 14
24 298 2 11 47 00 1 06 47
24 299 2 07 63 05 1 06 63
24 300 2 15 16 03 1 06 16
24 301 2 02 52 02 1 06 52
24 302 2 04 25 06 0 06 63
24 303 2 02 52 02 1 06 52
24 304 2 15 16 03 1 06 16
24 305 2 11 47 00 1 06 47
24 306 2 10 51 04 1 06 51
24 307 2 07 63 05 0 06 25
24 308 2 03 14 01 1 06 14
24 309 2 04 25 06 0 06 63
24 310 2 11 47 00 0 06 51
24 311 2 10 51 04 0 06 47
24 312 2 04 25 06 0 06 14
24 313 2 15 16 03 1 06 16
24 314 2 03 14 01 1 06 14
24 315 2 07 63 05 1 06 63
24 316 2 02 52 02 1 06 52
24 317 2 02 52 02 1 06 52
24 318 2 10 51 04 1 06 51
24 319 2 03 14 01 0 06 25
24 320 2 04 25 06 1 06 25
24 321 2 15 16 03 1 06 16
24 322 2 11 47 00 1 06 47
24 323 2 07 63 05 1 06 63
24 324 2 04 25 06 0 06 14
24 325 2 15 16 03 1 06 16
24 326 2 07 63 05 1 06 63
24 327 2 02 52 02 1 06 52
24 328 2 10 51 04 0 06 47
24 329 2 03 14 01 1 06 14
24 330 2 11 47 00 1 06 47
24 331 2 11 47 00 1 06 47
24 332 2 03 14 01 1 06 14
24 333 2 15 16 03 1 06 16
24 334 2 07 63 05 1 06 63
24 335 2 10 51 04 1 06 51
24 336 2 02 52 02 1 06 52
24 337 2 04 25 06 0 06 14
24 338 2 03 14 01 0 06 25
24 339 2 07 63 05 1 06 63
24 340 2 11 47 00 0 06 51
24 341 2 15 16 03 1 06 16
24 342 2 02 52 02 1 06 52
24 343 2 10 51 04 1 06 51
24 344 2 04 25 06 1 06 25
24 345 2 11 47 00 0 06 63
24 346 2 10 51 04 1 06 51
24 347 2 03 14 01 1 06 14
24 348 2 07 63 05 0 06 25
24 349 2 02 52 02 1 06 52
24 350 2 15 16 03 1 06 16
24 351 2 04 25 06 0 06 14
24 352 2 10 51 04 0 06 00
24 353 2 11 47 00 1 06 47
24 354 2 07 63 05 1 06 63
24 355 2 02 52 02 1 06 52
24 356 2 15 16 03 1 06 16
24 357 2 04 25 06 1 06 25
24 358 2 03 14 01 1 06 14
24 359 2 07 63 05 1 06 63
