11 000 3 02 36 00 1 00 36
11 001 3 02 36 00 1 01 36
11 002 3 10 13 01 1 01 13
11 003 3 14 69 02 1 02 69
11 004 3 10 13 01 1 02 13
11 005 3 02 36 00 1 02 36
11 006 3 10 13 01 1 03 13
11 007 3 02 36 00 1 03 36
11 008 3 14 69 02 0 03 31
11 009 3 12 50 03 0 03 69
11 010 3 14 69 02 1 03 69
11 011 3 10 13 01 1 03 13
11 012 3 12 50 03 1 03 50
11 013 3 02 36 00 1 03 36
11 014 3 12 50 03 1 04 50
11 015 3 10 13 01 1 04 13
11 016 3 02 36 00 1 04 36
11 017 3 04 77 04 1 04 77
11 018 3 14 69 02 1 04 69
11 019 3 02 36 00 1 05 36
11 020 3 10 13 01 1 05 13
11 021 3 12 50 03 1 05 50
11 022 3 00 19 05 1 05 19
11 023 3 04 77 04 1 05 77
11 024 3 14 69 02 1 05 69
11 025 3 10 13 01 1 06 13
11 026 3 12 50 03 1 06 50
11 027 3 02 36 00 1 06 36
11 028 3 06 43 06 1 06 43
11 029 3 00 19 05 1 06 19
11 030 3 04 77 04 1 06 77
11 031 3 14 69 02 1 06 69
11 032 3 15 18 07 1 07 18
11 033 3 02 36 00 1 07 36
11 034 3 10 13 01 1 07 13
11 035 3 04 77 04 1 07 77
11 036 3 14 69 02 0 07 05
11 037 3 00 19 05 1 07 19
11 038 3 06 43 06 1 07 43
11 039 3 12 50 03 1 07 50
11 000 2 08 63 00 1 00 63
11 001 2 15 51 01 1 01 51
11 002 2 08 63 00 1 01 63
11 003 2 09 64 02 1 02 64
11 004 2 08 63 00 1 02 63
11 005 2 15 51 01 0 02 72
11 006 2 08 63 00 0 02 34
11 007 2 09 64 02 0 02 63
11 008 2 15 51 01 1 02 51
11 009 2 15 51 01 0 02 64
11 010 2 08 63 00 1 02 63
11 011 2 09 64 02 1 02 64
11 012 2 08 63 00 1 02 63
11 013 2 09 64 02 1 02 64
11 014 2 15 51 01 1 02 51
11 015 2 08 63 00 1 03 63
11 016 2 15 51 01 1 03 51
11 017 2 09 64 02 1 03 64
11 018 2 07 24 03 1 03 24
11 019 2 07 24 03 1 04 24
11 020 2 08 63 00 0 04 24
11 021 2 15 51 01 1 04 51
11 022 2 12 30 04 0 04 51
11 023 2 09 64 02 0 04 36
11 024 2 15 51 01 1 04 51
11 025 2 12 30 04 0 04 64
11 026 2 08 63 00 0 04 24
11 027 2 07 24 03 0 04 63
11 028 2 09 64 02 0 04 24
11 029 2 12 30 04 0 04 51
11 030 2 15 51 01 1 04 51
11 031 2 08 63 00 1 04 63
11 032 2 07 24 03 1 04 24
11 033 2 09 64 02 1 04 64
11 034 2 09 64 02 1 04 64
11 035 2 15 51 01 1 04 51
11 036 2 07 24 03 1 04 24
11 037 2 12 30 04 0 04 64
11 038 2 08 63 00 0 04 24
11 039 2 12 30 04 0 04 64
11 040 2 15 51 01 1 04 51
11 041 2 09 64 02 0 04 30
11 042 2 08 63 00 0 04 24
11 043 2 07 24 03 0 04 64
11 044 2 15 51 01 1 04 51
11 045 2 08 63 00 0 04 24
11 046 2 12 30 04 0 04 51
11 047 2 09 64 02 1 04 64
11 048 2 07 24 03 0 04 63
11 049 2 12 30 04 1 04 30
11 050 2 08 63 00 1 04 63
11 051 2 09 64 02 1 04 64
11 052 2 15 51 01 1 04 51
11 053 2 07 24 03 1 04 24
11 054 2 07 24 03 0 05 63
11 055 2 08 63 00 1 05 63
11 056 2 16 11 05 1 05 11
11 057 2 15 51 01 1 05 51
11 058 2 12 30 04 1 05 30
11 059 2 09 64 02 0 05 63
11 060 2 07 24 03 1 05 24
11 061 2 12 30 04 1 05 30
11 062 2 08 63 00 1 05 63
11 063 2 09 64 02 0 05 63
11 064 2 15 51 01 0 05 30
11 065 2 16 11 05 0 05 51
11 066 2 07 24 03 1 05 24
11 067 2 15 51 01 0 05 11
11 068 2 08 63 00 0 05 24
11 069 2 12 30 04 1 05 30
11 070 2 09 64 02 1 05 64
11 071 2 16 11 05 0 05 51
11 072 2 07 24 03 1 05 24
11 073 2 09 64 02 1 05 64
11 074 2 12 30 04 1 05 30
11 075 2 08 63 00 1 05 63
11 076 2 15 51 01 0 05 11
11 077 2 16 11 05 0 05 51
11 078 2 08 63 00 1 05 63
11 079 2 12 30 04 0 05 64
11 080 2 09 64 02 1 05 64
11 081 2 15 51 01 0 05 30
11 082 2 16 11 05 0 05 30
11 083 2 07 24 03 1 05 24
11 084 2 16 11 05 0 05 51
11 085 2 12 30 04 0 05 64
11 086 2 09 64 02 0 05 63
11 087 2 07 24 03 1 05 24
11 088 2 08 63 00 1 05 63
11 089 2 15 51 01 0 05 11
11 090 2 12 30 04 0 05 64
11 091 2 07 24 03 1 05 24
11 092 2 16 11 05 0 05 51
11 093 2 15 51 01 1 05 51
11 094 2 09 64 02 0 05 63
11 095 2 08 63 00 0 05 64
11 096 2 12 30 04 1 05 30
11 097 2 16 11 05 1 05 11
11 098 2 07 24 03 1 05 24
11 099 2 09 64 02 1 05 64
11 100 2 08 63 00 1 05 63
11 101 2 15 51 01 1 05 51
11 102 2 12 30 04 1 06 30
11 103 2 09 64 02 1 06 64
11 104 2 08 63 00 1 06 63
11 105 2 15 51 01 0 06 11
11 106 2 03 70 06 1 06 70
11 107 2 07 24 03 1 06 24
11 108 2 16 11 05 1 06 11
11 109 2 16 11 05 0 06 51
11 110 2 07 24 03 1 06 24
11 111 2 09 64 02 0 06 63
11 112 2 08 63 00 0 06 24
11 113 2 15 51 01 0 06 30
11 114 2 03 70 06 1 06 70
11 115 2 12 30 04 1 06 30
11 116 2 12 30 04 1 06 30
11 117 2 03 70 06 1 06 70
11 118 2 16 11 05 1 06 11
11 119 2 09 64 02 1 06 64
11 120 0 14 39 00 1 00 39
11 121 0 15 58 01 1 01 58
11 122 0 14 39 00 1 01 39
11 123 0 14 39 00 1 02 39
11 124 0 15 58 01 1 02 58
11 125 0 08 31 02 1 02 31
11 126 0 15 58 01 1 03 58
11 127 0 14 39 00 1 03 39
11 128 0 08 31 02 1 03 31
11 129 0 09 22 03 1 03 22
11 130 0 09 22 03 1 04 22
11 131 0 07 66 04 1 04 66
11 132 0 14 39 00 1 04 39
11 133 0 15 58 01 1 04 58
11 134 0 08 31 02 1 04 31
11 135 0 00 57 05 1 05 57
11 136 0 07 66 04 1 05 66
11 137 0 09 22 03 1 05 22
11 138 0 08 31 02 1 05 31
11 139 0 14 39 00 1 05 39
11 140 0 15 58 01 1 05 58
11 141 0 08 31 02 1 06 31
11 142 0 07 66 04 1 06 66
11 143 0 13 17 06 1 06 17
11 144 0 15 58 01 1 06 58
11 145 0 00 57 05 1 06 57
11 146 0 14 39 00 1 06 39
11 147 0 09 22 03 1 06 22
11 148 0 09 22 03 1 07 22
11 149 0 13 17 06 1 07 17
11 150 0 00 57 05 1 07 57
11 151 0 08 31 02 1 07 31
11 152 0 15 58 01 1 07 58
11 153 0 14 39 00 1 07 39
11 154 0 07 66 04 1 07 66
11 155 0 05 76 07 1 07 76
11 156 0 08 31 02 1 08 31
11 157 0 05 76 07 1 08 76
11 158 0 00 57 05 1 08 57
11 159 0 14 39 00 1 08 39
11 160 0 09 22 03 1 08 22
11 161 0 07 66 04 1 08 66
11 162 0 15 58 01 1 08 58
11 163 0 13 17 06 1 08 17
11 164 0 03 34 08 1 08 34
11 165 0 14 39 00 1 09 39
11 166 0 09 22 03 1 09 22
11 167 0 07 66 04 1 09 66
11 168 0 02 45 09 1 09 45
11 169 0 00 57 05 1 09 57
11 170 0 15 58 01 1 09 58
11 171 0 03 34 08 1 09 34
11 172 0 08 31 02 1 09 31
11 173 0 05 76 07 1 09 76
11 174 0 13 17 06 1 09 17
11 175 0 08 31 02 1 10 31
11 176 0 14 39 00 1 10 39
11 177 0 13 17 06 1 10 17
11 178 0 07 66 04 1 10 66
11 179 0 02 45 09 1 10 45
11 180 0 05 76 07 1 10 76
11 181 0 15 58 01 1 10 58
11 182 0 09 22 03 1 10 22
11 183 0 16 62 10 1 10 62
11 184 0 00 57 05 1 10 57
11 185 0 03 34 08 1 10 34
11 186 0 05 76 07 1 11 76
11 187 0 16 62 10 1 11 62
11 188 0 04 26 11 1 11 26
11 189 0 03 34 08 1 11 34
11 190 0 00 57 05 1 11 57
11 191 0 15 58 01 1 11 58
11 192 0 07 66 04 1 11 66
11 193 0 09 22 03 1 11 22
11 194 0 13 17 06 1 11 17
11 195 0 14 39 00 1 11 39
11 196 0 08 31 02 1 11 31
11 197 0 02 45 09 1 11 45
11 198 0 08 31 02 1 12 31
11 199 0 13 17 06 1 12 17
11 200 0 15 58 01 1 12 58
11 201 0 04 26 11 1 12 26
11 202 0 03 34 08 1 12 34
11 203 0 02 45 09 1 12 45
11 204 0 00 57 05 1 12 57
11 205 0 17 67 12 1 12 67
11 206 0 05 76 07 1 12 76
11 207 0 16 62 10 1 12 62
11 208 0 14 39 00 1 12 39
11 209 0 09 22 03 1 12 22
11 210 0 07 66 04 1 12 66
11 211 0 05 76 07 1 13 76
11 212 0 15 58 01 1 13 58
11 213 0 16 62 10 1 13 62
11 214 0 11 49 13 1 13 49
11 215 0 17 67 12 1 13 67
11 216 0 14 39 00 1 13 39
11 217 0 04 26 11 1 13 26
11 218 0 00 57 05 1 13 57
11 219 0 07 66 04 1 13 66
11 220 0 09 22 03 1 13 22
11 221 0 03 34 08 1 13 34
11 222 0 08 31 02 1 13 31
11 223 0 13 17 06 1 13 17
11 224 0 02 45 09 1 13 45
11 225 0 02 45 09 1 14 45
11 226 0 09 22 03 1 14 22
11 227 0 08 31 02 1 14 31
11 228 0 10 25 14 1 14 25
11 229 0 15 58 01 1 14 58
11 230 0 16 62 10 1 14 62
11 231 0 13 17 06 1 14 17
11 232 0 00 57 05 1 14 57
11 233 0 05 76 07 0 14 27
11 234 0 04 26 11 1 14 26
11 235 0 14 39 00 1 14 39
11 236 0 03 34 08 1 14 34
11 237 0 17 67 12 1 14 67
11 238 0 07 66 04 1 14 66
11 239 0 11 49 13 0 14 45
11 240 1 12 44 00 1 00 44
11 241 1 07 72 01 1 01 72
11 242 1 12 44 00 1 01 44
11 243 1 12 44 00 1 02 44
11 244 1 01 20 02 0 02 22
11 245 1 07 72 01 1 02 72
11 246 1 07 72 01 0 02 20
11 247 1 01 20 02 1 02 20
11 248 1 12 44 00 0 02 22
11 249 1 12 44 00 1 02 44
11 250 1 01 20 02 1 02 20
11 251 1 07 72 01 1 02 72
11 252 1 07 72 01 1 03 72
11 253 1 01 20 02 1 03 20
11 254 1 04 32 03 1 03 32
11 255 1 12 44 00 1 03 44
11 256 1 01 20 02 1 04 20
11 257 1 04 32 03 1 04 32
11 258 1 03 71 04 1 04 71
11 259 1 07 72 01 1 04 72
11 260 1 12 44 00 1 04 44
11 261 1 04 32 03 1 05 32
11 262 1 03 71 04 1 05 71
11 263 1 12 44 00 1 05 44
11 264 1 08 37 05 0 05 73
11 265 1 01 20 02 1 05 20
11 266 1 07 72 01 1 05 72
11 267 1 07 72 01 1 05 72
11 268 1 12 44 00 1 05 44
11 269 1 08 37 05 1 05 37
11 270 1 03 71 04 1 05 71
11 271 1 04 32 03 1 05 32
11 272 1 01 20 02 1 05 20
11 273 1 04 32 03 1 06 32
11 274 1 01 20 02 1 06 20
11 275 1 03 71 04 1 06 71
11 276 1 07 72 01 1 06 72
11 277 1 08 37 05 1 06 37
11 278 1 13 46 06 1 06 46
11 279 1 12 44 00 1 06 44
11 280 1 03 71 04 1 07 71
11 281 1 16 78 07 1 07 78
11 282 1 13 46 06 1 07 46
11 283 1 01 20 02 1 07 20
11 284 1 08 37 05 1 07 37
11 285 1 12 44 00 1 07 44
11 286 1 07 72 01 1 07 72
11 287 1 04 32 03 1 07 32
11 288 1 01 20 02 1 08 20
11 289 1 08 37 05 1 08 37
11 290 1 13 46 06 1 08 46
11 291 1 03 71 04 1 08 71
11 292 1 16 78 07 0 08 72
11 293 1 07 72 01 1 08 72
11 294 1 12 44 00 1 08 44
11 295 1 15 53 08 0 08 48
11 296 1 04 32 03 1 08 32
11 297 1 16 78 07 1 08 78
11 298 1 07 72 01 1 08 72
11 299 1 03 71 04 1 08 71
11 300 1 12 44 00 1 08 44
11 301 1 08 37 05 1 08 37
11 302 1 13 46 06 1 08 46
11 303 1 15 53 08 0 08 52
11 304 1 04 32 03 1 08 32
11 305 1 01 20 02 1 08 20
11 306 1 15 53 08 1 08 53
11 307 1 03 71 04 1 08 71
11 308 1 16 78 07 1 08 78
11 309 1 01 20 02 0 08 02
11 310 1 07 72 01 1 08 72
11 311 1 13 46 06 1 08 46
11 312 1 08 37 05 1 08 37
11 313 1 12 44 00 1 08 44
11 314 1 04 32 03 1 08 32
11 315 1 13 46 06 1 08 46
11 316 1 08 37 05 1 08 37
11 317 1 15 53 08 1 08 53
11 318 1 01 20 02 1 08 20
11 319 1 04 32 03 1 08 32
11 320 1 16 78 07 1 08 78
11 321 1 12 44 00 1 08 44
11 322 1 07 72 01 1 08 72
11 323 1 03 71 04 1 08 71
11 324 1 08 37 05 1 09 37
11 325 1 04 32 03 1 09 32
11 326 1 03 71 04 1 09 71
11 327 1 12 44 00 1 09 44
11 328 1 15 53 08 1 09 53
11 329 1 16 78 07 1 09 78
11 330 1 13 46 06 1 09 46
11 331 1 00 75 09 1 09 75
11 332 1 01 20 02 1 09 20
11 333 1 07 72 01 1 09 72
11 334 1 06 29 10 1 10 29
11 335 1 07 72 01 1 10 72
11 336 1 16 78 07 1 10 78
11 337 1 12 44 00 1 10 44
11 338 1 15 53 08 1 10 53
11 339 1 08 37 05 1 10 37
11 340 1 01 20 02 1 10 20
11 341 1 03 71 04 1 10 71
11 342 1 00 75 09 1 10 75
11 343 1 13 46 06 1 10 46
11 344 1 04 32 03 1 10 32
11 345 1 01 20 02 1 11 20
11 346 1 13 46 06 1 11 46
11 347 1 03 71 04 1 11 71
11 348 1 07 72 01 1 11 72
11 349 1 06 29 10 1 11 29
11 350 1 05 52 11 1 11 52
11 351 1 12 44 00 1 11 44
11 352 1 04 32 03 1 11 32
11 353 1 00 75 09 1 11 75
11 354 1 15 53 08 1 11 53
11 355 1 16 78 07 1 11 78
11 356 1 08 37 05 1 11 37
11 357 1 05 52 11 1 12 52
11 358 1 00 75 09 1 12 75
11 359 1 01 20 02 1 12 20
11 360 2 12 30 04 1 00 30
11 361 2 12 30 04 1 01 30
11 362 2 03 70 06 1 01 70
11 363 2 16 11 05 1 02 11
11 364 2 03 70 06 1 02 70
11 365 2 12 30 04 1 02 30
11 366 2 16 11 05 1 03 11
11 367 2 03 70 06 1 03 70
11 368 2 09 64 02 1 03 64
11 369 2 12 30 04 1 03 30
11 370 2 16 11 05 0 04 51
11 371 2 09 64 02 1 04 64
11 372 2 15 51 01 0 04 11
11 373 2 12 30 04 1 04 30
11 374 2 03 70 06 1 04 70
11 375 2 16 11 05 1 04 11
11 376 2 09 64 02 1 04 64
11 377 2 15 51 01 1 04 51
11 378 2 12 30 04 0 04 51
11 379 2 03 70 06 1 04 70
11 380 2 09 64 02 0 04 30
11 381 2 15 51 01 1 04 51
11 382 2 12 30 04 0 04 64
11 383 2 16 11 05 1 04 11
11 384 2 03 70 06 1 04 70
11 385 2 09 64 02 1 04 64
11 386 2 12 30 04 1 04 30
11 387 2 03 70 06 1 04 70
11 388 2 16 11 05 0 04 51
11 389 2 15 51 01 1 04 51
11 390 2 15 51 01 0 04 11
11 391 2 12 30 04 1 04 30
11 392 2 03 70 06 1 04 70
11 393 2 16 11 05 0 04 51
11 394 2 09 64 02 1 04 64
11 395 2 16 11 05 1 04 11
11 396 2 15 51 01 1 04 51
11 397 2 12 30 04 1 04 30
11 398 2 03 70 06 1 04 70
11 399 2 09 64 02 1 04 64
11 400 2 09 64 02 1 05 64
11 401 2 15 51 01 0 05 30
11 402 2 03 70 06 1 05 70
11 403 2 16 11 05 0 05 51
11 404 2 12 30 04 1 05 30
11 405 2 08 63 00 1 05 63
11 406 2 09 64 02 1 05 64
11 407 2 16 11 05 1 05 11
11 408 2 12 30 04 1 05 30
11 409 2 03 70 06 1 05 70
11 410 2 08 63 00 1 05 63
11 411 2 15 51 01 1 05 51
11 412 2 16 11 05 0 06 51
11 413 2 12 30 04 1 06 30
11 414 2 08 63 00 1 06 63
11 415 2 03 70 06 1 06 70
11 416 2 09 64 02 1 06 64
11 417 2 07 24 03 1 06 24
11 418 2 15 51 01 0 06 11
11 419 2 12 30 04 1 06 30
11 420 2 08 63 00 0 06 24
11 421 2 09 64 02 1 06 64
11 422 2 16 11 05 1 06 11
11 423 2 03 70 06 1 06 70
11 424 2 07 24 03 1 06 24
11 425 2 15 51 01 1 06 51
11 426 2 08 63 00 1 06 63
11 427 2 03 70 06 1 06 70
11 428 2 16 11 05 1 06 11
11 429 2 07 24 03 1 06 24
11 430 2 09 64 02 0 06 63
11 431 2 15 51 01 1 06 51
11 432 2 12 30 04 1 06 30
11 433 2 15 51 01 1 06 51
11 434 2 16 11 05 1 06 11
11 435 2 12 30 04 1 06 30
11 436 2 03 70 06 1 06 70
11 437 2 07 24 03 1 06 24
11 438 2 09 64 02 1 06 64
11 439 2 08 63 00 1 06 63
11 440 2 03 70 06 1 07 70
11 441 2 05 73 07 1 07 73
11 442 2 07 24 03 1 07 24
11 443 2 09 64 02 1 07 64
11 444 2 08 63 00 1 07 63
11 445 2 15 51 01 1 07 51
11 446 2 16 11 05 1 07 11
11 447 2 12 30 04 1 07 30
11 448 2 17 74 08 1 08 74
11 449 2 03 70 06 1 08 70
11 450 2 12 30 04 1 08 30
11 451 2 07 24 03 1 08 24
11 452 2 05 73 07 1 08 73
11 453 2 15 51 01 1 08 51
11 454 2 08 63 00 1 08 63
11 455 2 09 64 02 1 08 64
11 456 2 16 11 05 0 08 72
11 457 2 15 51 01 0 08 11
11 458 2 17 74 08 0 08 51
11 459 2 07 24 03 1 08 24
11 460 2 12 30 04 1 08 30
11 461 2 05 73 07 1 08 73
11 462 2 16 11 05 0 08 74
11 463 2 08 63 00 1 08 63
11 464 2 03 70 06 1 08 70
11 465 2 09 64 02 1 08 64
11 466 2 05 73 07 0 08 00
11 467 2 09 64 02 0 08 00
11 468 2 08 63 00 0 08 00
