44 000 3 04 39 00 0 00 33
44 001 3 04 39 00 1 00 39
44 002 3 04 39 00 1 01 39
44 003 3 08 41 01 1 01 41
44 004 3 04 39 00 1 02 39
44 005 3 00 38 02 0 02 41
44 006 3 08 41 01 1 02 41
44 007 3 04 39 00 1 02 39
44 008 3 00 38 02 1 02 38
44 009 3 08 41 01 1 02 41
44 010 3 01 31 03 1 03 31
44 011 3 08 41 01 0 03 38
44 012 3 00 38 02 1 03 38
44 013 3 04 39 00 1 03 39
44 014 3 00 38 02 1 03 38
44 015 3 08 41 01 1 03 41
44 016 3 01 31 03 1 03 31
44 017 3 04 39 00 1 03 39
44 018 3 11 12 04 1 04 12
44 019 3 00 38 02 1 04 38
44 020 3 08 41 01 1 04 41
44 021 3 01 31 03 1 04 31
44 022 3 04 39 00 1 04 39
44 023 3 00 38 02 1 05 38
44 024 3 04 39 00 1 05 39
44 025 3 01 31 03 0 05 12
44 026 3 08 41 01 0 05 38
44 027 3 03 65 05 0 05 28
44 028 3 11 12 04 1 05 12
44 029 3 11 12 04 1 05 12
44 030 3 04 39 00 1 05 39
44 031 3 08 41 01 1 05 41
44 032 3 03 65 05 1 05 65
44 033 3 00 38 02 1 05 38
44 034 3 01 31 03 1 05 31
44 035 3 01 31 03 0 06 65
44 036 3 16 42 06 0 06 00
44 037 3 04 39 00 1 06 39
44 038 3 11 12 04 1 06 12
44 039 3 00 38 02 1 06 38
44 000 2 03 64 00 1 00 64
44 001 2 08 25 01 1 01 25
44 002 2 03 64 00 1 01 64
44 003 2 12 16 02 1 02 16
44 004 2 08 25 01 1 02 25
44 005 2 03 64 00 1 02 64
44 006 2 10 17 03 1 03 17
44 007 2 12 16 02 0 03 17
44 008 2 08 25 01 0 03 21
44 009 2 03 64 00 1 03 64
44 010 2 03 64 00 1 03 64
44 011 2 08 25 01 1 03 25
44 012 2 10 17 03 0 03 25
44 013 2 12 16 02 1 03 16
44 014 2 08 25 01 1 03 25
44 015 2 03 64 00 1 03 64
44 016 2 10 17 03 0 03 16
44 017 2 12 16 02 1 03 16
44 018 2 12 16 02 1 03 16
44 019 2 03 64 00 1 03 64
44 020 2 08 25 01 0 03 17
44 021 2 10 17 03 0 03 25
44 022 2 03 64 00 1 03 64
44 023 2 10 17 03 1 03 17
44 024 2 08 25 01 0 03 01
44 025 2 12 16 02 1 03 16
44 026 2 12 16 02 1 03 16
44 027 2 08 25 01 1 03 25
44 028 2 03 64 00 1 03 64
44 029 2 10 17 03 1 03 17
44 030 2 08 25 01 1 04 25
44 031 2 10 17 03 1 04 17
44 032 2 12 16 02 1 04 16
44 033 2 04 22 04 0 04 64
44 034 2 03 64 00 1 04 64
44 035 2 08 25 01 0 04 22
44 036 2 04 22 04 1 04 22
44 037 2 03 64 00 1 04 64
44 038 2 12 16 02 1 04 16
44 039 2 10 17 03 1 04 17
44 040 2 12 16 02 1 04 16
44 041 2 08 25 01 1 04 25
44 042 2 10 17 03 1 04 17
44 043 2 04 22 04 1 04 22
44 044 2 03 64 00 1 04 64
44 045 2 10 17 03 1 05 17
44 046 2 03 64 00 1 05 64
44 047 2 08 25 01 1 05 25
44 048 2 04 22 04 1 05 22
44 049 2 14 30 05 1 05 30
44 050 2 12 16 02 1 05 16
44 051 2 03 64 00 0 06 22
44 052 2 09 33 06 0 06 25
44 053 2 04 22 04 0 06 25
44 054 2 10 17 03 1 06 17
44 055 2 08 25 01 1 06 25
44 056 2 14 30 05 1 06 30
44 057 2 12 16 02 1 06 16
44 058 2 09 33 06 1 06 33
44 059 2 10 17 03 0 06 33
44 060 2 03 64 00 1 06 64
44 061 2 14 30 05 1 06 30
44 062 2 12 16 02 1 06 16
44 063 2 04 22 04 0 06 25
44 064 2 08 25 01 1 06 25
44 065 2 08 25 01 0 06 17
44 066 2 12 16 02 1 06 16
44 067 2 14 30 05 1 06 30
44 068 2 04 22 04 1 06 22
44 069 2 10 17 03 1 06 17
44 070 2 03 64 00 1 06 64
44 071 2 09 33 06 1 06 33
44 072 2 08 25 01 0 06 33
44 073 2 04 22 04 1 06 22
44 074 2 10 17 03 1 06 17
44 075 2 09 33 06 0 06 22
44 076 2 03 64 00 1 06 64
44 077 2 12 16 02 0 06 17
44 078 2 14 30 05 1 06 30
44 079 2 14 30 05 0 06 33
44 080 2 03 64 00 1 06 64
44 081 2 12 16 02 1 06 16
44 082 2 08 25 01 0 06 22
44 083 2 10 17 03 0 06 33
44 084 2 04 22 04 1 06 22
44 085 2 09 33 06 0 06 25
44 086 2 14 30 05 1 06 30
44 087 2 08 25 01 0 06 22
44 088 2 09 33 06 0 06 17
44 089 2 12 16 02 0 06 17
44 090 2 03 64 00 1 06 64
44 091 2 04 22 04 0 06 64
44 092 2 10 17 03 0 06 25
44 093 2 09 33 06 0 06 22
44 094 2 14 30 05 1 06 30
44 095 2 03 64 00 1 06 64
44 096 2 12 16 02 0 06 30
44 097 2 04 22 04 1 06 22
44 098 2 08 25 01 0 06 33
44 099 2 10 17 03 0 06 25
44 100 2 08 25 01 0 06 33
44 101 2 09 33 06 0 06 25
44 102 2 14 30 05 1 06 30
44 103 2 03 64 00 0 06 22
44 104 2 10 17 03 0 06 01
44 105 2 04 22 04 0 06 25
44 106 2 12 16 02 0 06 30
44 107 2 09 33 06 0 06 17
44 108 2 04 22 04 0 06 25
44 109 2 12 16 02 0 06 30
44 110 2 03 64 00 1 06 64
44 111 2 14 30 05 1 06 30
44 112 2 10 17 03 0 06 16
44 113 2 08 25 01 0 06 33
44 114 2 08 25 01 0 06 33
44 115 2 03 64 00 1 06 64
44 116 2 09 33 06 0 06 17
44 117 2 04 22 04 0 06 64
44 118 2 10 17 03 1 06 17
44 119 2 12 16 02 1 06 16
44 120 0 03 26 00 0 00 06
44 121 0 03 26 00 1 00 26
44 122 0 14 50 01 1 01 50
44 123 0 03 26 00 1 01 26
44 124 0 14 50 01 1 02 50
44 125 0 00 75 02 1 02 75
44 126 0 03 26 00 1 02 26
44 127 0 06 62 03 0 03 25
44 128 0 03 26 00 1 03 26
44 129 0 14 50 01 1 03 50
44 130 0 00 75 02 1 03 75
44 131 0 03 26 00 1 03 26
44 132 0 06 62 03 1 03 62
44 133 0 14 50 01 1 03 50
44 134 0 00 75 02 1 03 75
44 135 0 09 29 04 1 04 29
44 136 0 03 26 00 1 04 26
44 137 0 14 50 01 1 04 50
44 138 0 06 62 03 1 04 62
44 139 0 00 75 02 1 04 75
44 140 0 06 62 03 0 05 29
44 141 0 03 26 00 1 05 26
44 142 0 09 29 04 1 05 29
44 143 0 05 46 05 0 05 32
44 144 0 00 75 02 1 05 75
44 145 0 14 50 01 1 05 50
44 146 0 05 46 05 0 05 49
44 147 0 03 26 00 1 05 26
44 148 0 09 29 04 0 05 62
44 149 0 14 50 01 1 05 50
44 150 0 06 62 03 1 05 62
44 151 0 00 75 02 1 05 75
44 152 0 06 62 03 1 05 62
44 153 0 14 50 01 1 05 50
44 154 0 09 29 04 1 05 29
44 155 0 03 26 00 0 05 52
44 156 0 00 75 02 1 05 75
44 157 0 05 46 05 0 05 42
44 158 0 09 29 04 1 05 29
44 159 0 06 62 03 1 05 62
44 160 0 03 26 00 1 05 26
44 161 0 00 75 02 1 05 75
44 162 0 05 46 05 1 05 46
44 163 0 14 50 01 1 05 50
44 164 0 00 75 02 1 06 75
44 165 0 03 26 00 1 06 26
44 166 0 09 29 04 1 06 29
44 167 0 14 50 01 1 06 50
44 168 0 06 62 03 1 06 62
44 169 0 11 79 06 1 06 79
44 170 0 05 46 05 1 06 46
44 171 0 06 62 03 1 07 62
44 172 0 11 79 06 1 07 79
44 173 0 03 26 00 0 07 52
44 174 0 05 46 05 1 07 46
44 175 0 09 29 04 1 07 29
44 176 0 02 32 07 1 07 32
44 177 0 00 75 02 1 07 75
44 178 0 14 50 01 1 07 50
44 179 0 11 79 06 0 07 32
44 180 0 09 29 04 1 07 29
44 181 0 14 50 01 1 07 50
44 182 0 06 62 03 1 07 62
44 183 0 03 26 00 0 07 50
44 184 0 02 32 07 1 07 32
44 185 0 00 75 02 1 07 75
44 186 0 05 46 05 1 07 46
44 187 0 09 29 04 1 07 29
44 188 0 00 75 02 1 07 75
44 189 0 05 46 05 1 07 46
44 190 0 02 32 07 1 07 32
44 191 0 14 50 01 1 07 50
44 192 0 11 79 06 1 07 79
44 193 0 06 62 03 0 07 46
44 194 0 03 26 00 1 07 26
44 195 0 03 26 00 1 07 26
44 196 0 05 46 05 1 07 46
44 197 0 14 50 01 1 07 50
44 198 0 00 75 02 1 07 75
44 199 0 02 32 07 1 07 32
44 200 0 11 79 06 1 07 79
44 201 0 09 29 04 1 07 29
44 202 0 06 62 03 1 07 62
44 203 0 09 29 04 1 08 29
44 204 0 03 26 00 0 08 56
44 205 0 02 32 07 1 08 32
44 206 0 10 55 08 0 08 36
44 207 0 14 50 01 1 08 50
44 208 0 05 46 05 0 08 55
44 209 0 00 75 02 1 08 75
44 210 0 06 62 03 1 08 62
44 211 0 11 79 06 1 08 79
44 212 0 00 75 02 1 08 75
44 213 0 05 46 05 1 08 46
44 214 0 14 50 01 1 08 50
44 215 0 10 55 08 1 08 55
44 216 0 03 26 00 1 08 26
44 217 0 02 32 07 1 08 32
44 218 0 06 62 03 1 08 62
44 219 0 11 79 06 1 08 79
44 220 0 09 29 04 0 08 32
44 221 0 14 50 01 1 08 50
44 222 0 10 55 08 1 08 55
44 223 0 09 29 04 1 08 29
44 224 0 05 46 05 1 08 46
44 225 0 11 79 06 1 08 79
44 226 0 06 62 03 1 08 62
44 227 0 02 32 07 1 08 32
44 228 0 00 75 02 1 08 75
44 229 0 03 26 00 1 08 26
44 230 0 10 55 08 1 09 55
44 231 0 05 46 05 1 09 46
44 232 0 06 62 03 1 09 62
44 233 0 00 75 02 1 09 75
44 234 0 03 26 00 1 09 26
44 235 0 09 29 04 1 09 29
44 236 0 11 79 06 0 09 32
44 237 0 14 50 01 1 09 50
44 238 0 16 52 09 1 09 52
44 239 0 02 32 07 1 09 32
44 240 1 04 48 00 1 00 48
44 241 1 04 48 00 1 01 48
44 242 1 11 13 01 1 01 13
44 243 1 10 71 02 1 02 71
44 244 1 04 48 00 1 02 48
44 245 1 11 13 01 1 02 13
44 246 1 11 13 01 0 03 48
44 247 1 04 48 00 1 03 48
44 248 1 10 71 02 0 03 72
44 249 1 03 67 03 0 03 62
44 250 1 04 48 00 1 03 48
44 251 1 03 67 03 1 03 67
44 252 1 10 71 02 0 03 32
44 253 1 11 13 01 0 03 32
44 254 1 03 67 03 1 03 67
44 255 1 04 48 00 1 03 48
44 256 1 11 13 01 0 03 71
44 257 1 10 71 02 0 03 67
44 258 1 03 67 03 1 03 67
44 259 1 11 13 01 1 03 13
44 260 1 04 48 00 1 03 48
44 261 1 10 71 02 1 03 71
44 262 1 10 71 02 1 04 71
44 263 1 11 13 01 1 04 13
44 264 1 03 67 03 1 04 67
44 265 1 01 40 04 1 04 40
44 266 1 04 48 00 1 04 48
44 267 1 11 13 01 1 05 13
44 268 1 01 40 04 1 05 40
44 269 1 07 58 05 0 05 80
44 270 1 03 67 03 0 05 36
44 271 1 10 71 02 1 05 71
44 272 1 04 48 00 1 05 48
44 273 1 11 13 01 1 05 13
44 274 1 01 40 04 1 05 40
44 275 1 04 48 00 1 05 48
44 276 1 07 58 05 1 05 58
44 277 1 03 67 03 1 05 67
44 278 1 10 71 02 1 05 71
44 279 1 11 13 01 1 06 13
44 280 1 12 28 06 1 06 28
44 281 1 03 67 03 1 06 67
44 282 1 01 40 04 1 06 40
44 283 1 07 58 05 1 06 58
44 284 1 04 48 00 1 06 48
44 285 1 10 71 02 1 06 71
44 286 1 03 67 03 1 07 67
44 287 1 10 71 02 1 07 71
44 288 1 04 48 00 1 07 48
44 289 1 07 58 05 1 07 58
44 290 1 05 66 07 1 07 66
44 291 1 01 40 04 1 07 40
44 292 1 11 13 01 1 07 13
44 293 1 12 28 06 1 07 28
44 294 1 07 58 05 1 08 58
44 295 1 10 71 02 1 08 71
44 296 1 11 13 01 1 08 13
44 297 1 05 66 07 1 08 66
44 298 1 12 28 06 1 08 28
44 299 1 04 48 00 1 08 48
44 300 1 03 67 03 1 08 67
44 301 1 09 74 08 1 08 74
44 302 1 01 40 04 1 08 40
44 303 1 12 28 06 1 09 28
44 304 1 11 13 01 1 09 13
44 305 1 04 48 00 1 09 48
44 306 1 09 74 08 1 09 74
44 307 1 07 58 05 1 09 58
44 308 1 10 71 02 1 09 71
44 309 1 03 67 03 1 09 67
44 310 1 06 11 09 1 09 11
44 311 1 01 40 04 1 09 40
44 312 1 05 66 07 0 09 76
44 313 1 04 48 00 1 09 48
44 314 1 03 67 03 1 09 67
44 315 1 01 40 04 1 09 40
44 316 1 11 13 01 1 09 13
44 317 1 10 71 02 1 09 71
44 318 1 06 11 09 1 09 11
44 319 1 07 58 05 1 09 58
44 320 1 12 28 06 1 09 28
44 321 1 09 74 08 1 09 74
44 322 1 05 66 07 1 09 66
44 323 1 01 40 04 1 10 40
44 324 1 17 61 10 1 10 61
44 325 1 06 11 09 1 10 11
44 326 1 07 58 05 1 10 58
44 327 1 11 13 01 1 10 13
44 328 1 04 48 00 1 10 48
44 329 1 12 28 06 1 10 28
44 330 1 03 67 03 1 10 67
44 331 1 05 66 07 1 10 66
44 332 1 10 71 02 1 10 71
44 333 1 09 74 08 1 10 74
44 334 1 04 48 00 1 11 48
44 335 1 11 13 01 1 11 13
44 336 1 16 54 11 0 11 05
44 337 1 10 71 02 1 11 71
44 338 1 12 28 06 1 11 28
44 339 1 06 11 09 1 11 11
44 340 1 01 40 04 1 11 40
44 341 1 05 66 07 1 11 66
44 342 1 07 58 05 1 11 58
44 343 1 09 74 08 1 11 74
44 344 1 03 67 03 1 11 67
44 345 1 17 61 10 0 11 41
44 346 1 11 13 01 1 11 13
44 347 1 01 40 04 1 11 40
44 348 1 04 48 00 1 11 48
44 349 1 10 71 02 1 11 71
44 350 1 12 28 06 1 11 28
44 351 1 03 67 03 1 11 67
44 352 1 05 66 07 1 11 66
44 353 1 17 61 10 1 11 61
44 354 1 09 74 08 1 11 74
44 355 1 07 58 05 1 11 58
44 356 1 16 54 11 1 11 54
44 357 1 06 11 09 1 11 11
44 358 1 07 58 05 1 12 58
44 359 1 01 40 04 1 12 40
