04 000 1 05 23 00 1 00 23
04 001 1 16 19 01 1 01 19
04 002 1 05 23 00 0 01 12
04 003 1 16 19 01 1 01 19
04 004 1 05 23 00 0 01 01
04 005 1 16 19 01 0 01 23
04 006 1 05 23 00 1 01 23
04 007 1 16 19 01 1 01 19
04 008 1 05 23 00 1 01 23
04 009 1 03 42 02 1 02 42
04 010 1 16 19 01 0 02 23
04 011 1 05 23 00 1 02 23
04 012 1 16 19 01 0 02 23
04 013 1 05 23 00 1 02 23
04 014 1 03 42 02 1 02 42
04 015 1 05 23 00 0 02 19
04 016 1 03 42 02 1 02 42
04 017 1 16 19 01 0 02 23
04 018 1 16 19 01 1 02 19
04 019 1 05 23 00 1 02 23
04 020 1 03 42 02 1 02 42
04 021 1 10 38 03 1 03 38
04 022 1 05 23 00 0 03 19
04 023 1 16 19 01 1 03 19
04 024 1 03 42 02 1 03 42
04 025 1 05 23 00 0 03 19
04 026 1 10 38 03 1 03 38
04 027 1 03 42 02 1 03 42
04 028 1 16 19 01 1 03 19
04 029 1 03 42 02 1 03 42
04 030 1 05 23 00 1 03 23
04 031 1 10 38 03 1 03 38
04 032 1 16 19 01 1 03 19
04 033 1 16 19 01 1 04 19
04 034 1 03 42 02 1 04 42
04 035 1 10 38 03 1 04 38
04 036 1 02 43 04 0 04 37
04 037 1 05 23 00 1 04 23
04 038 1 16 19 01 1 04 19
04 039 1 10 38 03 0 04 42
04 040 1 05 23 00 0 04 19
04 041 1 02 43 04 1 04 43
04 042 1 03 42 02 1 04 42
04 043 1 05 23 00 0 04 19
04 044 1 16 19 01 1 04 19
04 045 1 10 38 03 1 04 38
04 046 1 02 43 04 1 04 43
04 047 1 03 42 02 1 04 42
04 048 1 05 23 00 1 04 23
04 049 1 03 42 02 1 04 42
04 050 1 02 43 04 1 04 43
04 051 1 16 19 01 1 04 19
04 052 1 10 38 03 0 04 42
04 053 1 16 19 01 1 04 19
04 054 1 02 43 04 1 04 43
04 055 1 03 42 02 1 04 42
04 056 1 05 23 00 1 04 23
04 057 1 10 38 03 0 04 42
04 058 1 10 38 03 1 04 38
04 059 1 02 43 04 1 04 43
04 060 1 03 42 02 1 04 42
04 061 1 05 23 00 0 04 19
04 062 1 16 19 01 1 04 19
04 063 1 16 19 01 1 04 19
04 064 1 02 43 04 1 04 43
04 065 1 10 38 03 1 04 38
04 066 1 03 42 02 0 04 12
04 067 1 05 23 00 1 04 23
04 068 1 03 42 02 1 04 42
04 069 1 16 19 01 1 04 19
04 070 1 10 38 03 0 04 42
04 071 1 05 23 00 1 04 23
04 072 1 02 43 04 1 04 43
04 073 1 10 38 03 1 04 38
04 074 1 03 42 02 1 04 42
04 075 1 02 43 04 1 04 43
04 076 1 16 19 01 0 04 23
04 077 1 05 23 00 1 04 23
04 078 1 05 23 00 1 04 23
04 079 1 02 43 04 1 04 43
04 080 1 16 19 01 1 04 19
04 081 1 03 42 02 1 04 42
04 082 1 10 38 03 1 04 38
04 083 1 05 23 00 1 05 23
04 084 1 15 59 05 0 05 53
04 085 1 10 38 03 0 05 43
04 086 1 02 43 04 1 05 43
04 087 1 16 19 01 1 05 19
04 088 1 03 42 02 1 05 42
04 089 1 16 19 01 0 05 42
04 090 1 02 43 04 1 05 43
04 091 1 03 42 02 1 05 42
04 092 1 05 23 00 1 05 23
04 093 1 10 38 03 1 05 38
04 094 1 15 59 05 1 05 59
04 095 1 15 59 05 1 05 59
04 096 1 03 42 02 1 05 42
04 097 1 05 23 00 1 05 23
04 098 1 16 19 01 1 05 19
04 099 1 02 43 04 1 05 43
04 100 1 10 38 03 1 05 38
04 101 1 05 23 00 1 06 23
04 102 1 03 42 02 1 06 42
04 103 1 11 71 06 1 06 71
04 104 1 16 19 01 1 06 19
04 105 1 15 59 05 1 06 59
04 106 1 02 43 04 1 06 43
04 107 1 10 38 03 0 06 43
04 108 1 05 23 00 1 06 23
04 109 1 10 38 03 0 06 43
04 110 1 16 19 01 1 06 19
04 111 1 02 43 04 1 06 43
04 112 1 15 59 05 1 06 59
04 113 1 03 42 02 1 06 42
04 114 1 11 71 06 1 06 71
04 115 1 16 19 01 1 06 19
04 116 1 03 42 02 1 06 42
04 117 1 02 43 04 1 06 43
04 118 1 15 59 05 0 06 53
04 119 1 11 71 06 1 06 71
04 120 2 02 68 00 1 00 68
04 121 2 01 16 01 0 01 68
04 122 2 02 68 00 0 01 19
04 123 2 02 68 00 1 01 68
04 124 2 01 16 01 0 01 19
04 125 2 02 68 00 1 01 68
04 126 2 01 16 01 1 01 16
04 127 2 01 16 01 1 02 16
04 128 2 02 68 00 1 02 68
04 129 2 17 17 02 0 02 71
04 130 2 17 17 02 1 02 17
04 131 2 02 68 00 1 02 68
04 132 2 01 16 01 1 02 16
04 133 2 03 55 03 0 03 68
04 134 2 01 16 01 1 03 16
04 135 2 02 68 00 1 03 68
04 136 2 17 17 02 1 03 17
04 137 2 17 17 02 1 03 17
04 138 2 03 55 03 0 03 68
04 139 2 01 16 01 1 03 16
04 140 2 02 68 00 1 03 68
04 141 2 01 16 01 1 03 16
04 142 2 17 17 02 1 03 17
04 143 2 02 68 00 1 03 68
04 144 2 03 55 03 0 03 68
04 145 2 17 17 02 1 03 17
04 146 2 03 55 03 1 03 55
04 147 2 01 16 01 1 03 16
04 148 2 02 68 00 0 03 16
04 149 2 01 16 01 1 03 16
04 150 2 17 17 02 1 03 17
04 151 2 03 55 03 1 03 55
04 152 2 02 68 00 1 03 68
04 153 2 02 68 00 1 04 68
04 154 2 17 17 02 1 04 17
04 155 2 01 16 01 1 04 16
04 156 2 11 32 04 1 04 32
04 157 2 03 55 03 1 04 55
04 158 2 11 32 04 0 05 58
04 159 2 03 55 03 0 05 68
04 160 2 17 17 02 1 05 17
04 161 2 05 58 05 0 05 32
04 162 2 02 68 00 1 05 68
04 163 2 01 16 01 0 05 15
04 164 2 03 55 03 0 05 68
04 165 2 01 16 01 1 05 16
04 166 2 05 58 05 0 05 55
04 167 2 02 68 00 0 05 55
04 168 2 17 17 02 1 05 17
04 169 2 11 32 04 1 05 32
04 170 2 17 17 02 1 05 17
04 171 2 01 16 01 1 05 16
04 172 2 11 32 04 1 05 32
04 173 2 05 58 05 0 05 55
04 174 2 03 55 03 1 05 55
04 175 2 02 68 00 0 05 11
04 176 2 17 17 02 1 05 17
04 177 2 01 16 01 1 05 16
04 178 2 02 68 00 1 05 68
04 179 2 05 58 05 0 05 55
04 180 2 11 32 04 1 05 32
04 181 2 03 55 03 1 05 55
04 182 2 11 32 04 1 05 32
04 183 2 03 55 03 1 05 55
04 184 2 01 16 01 1 05 16
04 185 2 17 17 02 1 05 17
04 186 2 05 58 05 1 05 58
04 187 2 02 68 00 0 05 55
04 188 2 01 16 01 1 05 16
04 189 2 03 55 03 1 05 55
04 190 2 11 32 04 1 05 32
04 191 2 05 58 05 1 05 58
04 192 2 17 17 02 1 05 17
04 193 2 02 68 00 1 05 68
04 194 2 08 35 06 1 06 35
04 195 2 11 32 04 1 06 32
04 196 2 17 17 02 1 06 17
04 197 2 02 68 00 0 06 55
04 198 2 01 16 01 1 06 16
04 199 2 05 58 05 1 06 58
04 200 2 03 55 03 1 06 55
04 201 2 03 55 03 1 06 55
04 202 2 08 35 06 0 06 32
04 203 2 17 17 02 1 06 17
04 204 2 05 58 05 1 06 58
04 205 2 11 32 04 0 06 35
04 206 2 01 16 01 1 06 16
04 207 2 02 68 00 0 06 55
04 208 2 01 16 01 1 06 16
04 209 2 05 58 05 0 06 55
04 210 2 02 68 00 0 06 55
04 211 2 03 55 03 1 06 55
04 212 2 08 35 06 0 06 32
04 213 2 17 17 02 1 06 17
04 214 2 11 32 04 1 06 32
04 215 2 08 35 06 0 06 58
04 216 2 03 55 03 1 06 55
04 217 2 11 32 04 1 06 32
04 218 2 05 58 05 1 06 58
04 219 2 01 16 01 1 06 16
04 220 2 17 17 02 1 06 17
04 221 2 02 68 00 1 06 68
04 222 2 17 17 02 1 06 17
04 223 2 02 68 00 1 06 68
04 224 2 01 16 01 1 06 16
04 225 2 11 32 04 0 06 33
04 226 2 08 35 06 0 06 58
04 227 2 05 58 05 0 06 00
04 228 2 03 55 03 0 06 58
04 229 2 17 17 02 1 06 17
04 230 2 01 16 01 1 06 16
04 231 2 05 58 05 1 06 58
04 232 2 02 68 00 1 06 68
04 233 2 03 55 03 1 06 55
04 234 2 08 35 06 1 06 35
04 235 2 11 32 04 1 06 32
04 236 2 11 32 04 0 07 35
04 237 2 03 55 03 1 07 55
04 238 2 17 17 02 1 07 17
04 239 2 01 16 01 1 07 16
04 240 0 16 26 00 1 00 26
04 241 0 16 26 00 1 01 26
04 242 0 07 22 01 1 01 22
04 243 0 16 26 00 1 02 26
04 244 0 07 22 01 0 02 28
04 245 0 15 28 02 1 02 28
04 246 0 15 28 02 1 02 28
04 247 0 07 22 01 1 02 22
04 248 0 16 26 00 1 02 26
04 249 0 07 22 01 1 03 22
04 250 0 15 28 02 1 03 28
04 251 0 08 45 03 1 03 45
04 252 0 16 26 00 1 03 26
04 253 0 16 26 00 1 04 26
04 254 0 09 64 04 1 04 64
04 255 0 15 28 02 1 04 28
04 256 0 08 45 03 1 04 45
04 257 0 07 22 01 1 04 22
04 258 0 15 28 02 1 05 28
04 259 0 08 45 03 1 05 45
04 260 0 16 26 00 1 05 26
04 261 0 07 22 01 0 05 45
04 262 0 02 77 05 0 05 58
04 263 0 09 64 04 1 05 64
04 264 0 08 45 03 1 05 45
04 265 0 02 77 05 0 05 25
04 266 0 07 22 01 1 05 22
04 267 0 09 64 04 1 05 64
04 268 0 16 26 00 1 05 26
04 269 0 15 28 02 1 05 28
04 270 0 02 77 05 1 05 77
04 271 0 08 45 03 1 05 45
04 272 0 09 64 04 1 05 64
04 273 0 07 22 01 0 05 28
04 274 0 16 26 00 1 05 26
04 275 0 15 28 02 1 05 28
04 276 0 08 45 03 1 05 45
04 277 0 02 77 05 0 05 22
04 278 0 07 22 01 1 05 22
04 279 0 09 64 04 1 05 64
04 280 0 16 26 00 1 05 26
04 281 0 15 28 02 1 05 28
04 282 0 15 28 02 1 05 28
04 283 0 07 22 01 1 05 22
04 284 0 08 45 03 1 05 45
04 285 0 02 77 05 1 05 77
04 286 0 09 64 04 1 05 64
04 287 0 16 26 00 1 05 26
04 288 0 11 15 06 1 06 15
04 289 0 07 22 01 1 06 22
04 290 0 02 77 05 1 06 77
04 291 0 09 64 04 1 06 64
04 292 0 08 45 03 1 06 45
04 293 0 16 26 00 1 06 26
04 294 0 15 28 02 1 06 28
04 295 0 07 22 01 1 07 22
04 296 0 10 74 07 1 07 74
04 297 0 08 45 03 1 07 45
04 298 0 16 26 00 1 07 26
04 299 0 02 77 05 1 07 77
04 300 0 09 64 04 1 07 64
04 301 0 11 15 06 1 07 15
04 302 0 15 28 02 1 07 28
04 303 0 16 26 00 1 08 26
04 304 0 11 15 06 1 08 15
04 305 0 15 28 02 1 08 28
04 306 0 08 45 03 1 08 45
04 307 0 09 64 04 1 08 64
04 308 0 10 74 07 0 08 15
04 309 0 02 77 05 1 08 77
04 310 0 07 22 01 1 08 22
04 311 0 13 66 08 1 08 66
04 312 0 15 28 02 1 08 28
04 313 0 13 66 08 1 08 66
04 314 0 08 45 03 1 08 45
04 315 0 10 74 07 1 08 74
04 316 0 02 77 05 1 08 77
04 317 0 11 15 06 1 08 15
04 318 0 16 26 00 1 08 26
04 319 0 09 64 04 1 08 64
04 320 0 07 22 01 1 08 22
04 321 0 09 64 04 1 09 64
04 322 0 11 15 06 1 09 15
04 323 0 15 28 02 1 09 28
04 324 0 07 22 01 1 09 22
04 325 0 10 74 07 1 09 74
04 326 0 13 66 08 1 09 66
04 327 0 08 45 03 1 09 45
04 328 0 02 77 05 1 09 77
04 329 0 14 75 09 1 09 75
04 330 0 16 26 00 1 09 26
04 331 0 08 45 03 1 10 45
04 332 0 02 77 05 1 10 77
04 333 0 11 15 06 1 10 15
04 334 0 16 26 00 1 10 26
04 335 0 12 76 10 1 10 76
04 336 0 15 28 02 1 10 28
04 337 0 07 22 01 1 10 22
04 338 0 14 75 09 1 10 75
04 339 0 09 64 04 1 10 64
04 340 0 13 66 08 1 10 66
04 341 0 10 74 07 0 10 75
04 342 0 13 66 08 1 10 66
04 343 0 11 15 06 1 10 15
04 344 0 14 75 09 1 10 75
04 345 0 16 26 00 1 10 26
04 346 0 10 74 07 1 10 74
04 347 0 08 45 03 1 10 45
04 348 0 02 77 05 1 10 77
04 349 0 07 22 01 1 10 22
04 350 0 15 28 02 1 10 28
04 351 0 09 64 04 1 10 64
04 352 0 12 76 10 1 10 76
04 353 0 09 64 04 1 11 64
04 354 0 15 28 02 1 11 28
04 355 0 10 74 07 0 11 75
04 356 0 11 15 06 0 11 01
04 357 0 02 77 05 1 11 77
04 358 0 13 66 08 1 11 66
04 359 0 07 22 01 1 11 22
