01 000 1 06 60 00 0 00 06
01 001 1 06 60 00 1 00 60
01 002 1 06 60 00 1 01 60
01 003 1 03 33 01 1 01 33
01 004 1 06 60 00 1 02 60
01 005 1 10 52 02 1 02 52
01 006 1 03 33 01 1 02 33
01 007 1 03 33 01 1 03 33
01 008 1 08 71 03 1 03 71
01 009 1 10 52 02 1 03 52
01 010 1 06 60 00 1 03 60
01 011 1 01 42 04 1 04 42
01 012 1 10 52 02 0 04 71
01 013 1 06 60 00 1 04 60
01 014 1 03 33 01 1 04 33
01 015 1 08 71 03 1 04 71
01 016 1 08 71 03 1 04 71
01 017 1 10 52 02 1 04 52
01 018 1 01 42 04 1 04 42
01 019 1 03 33 01 1 04 33
01 020 1 06 60 00 1 04 60
01 021 1 13 67 05 1 05 67
01 022 1 03 33 01 1 05 33
01 023 1 01 42 04 1 05 42
01 024 1 06 60 00 1 05 60
01 025 1 08 71 03 1 05 71
01 026 1 10 52 02 1 05 52
01 027 1 13 67 05 1 06 67
01 028 1 03 33 01 1 06 33
01 029 1 01 42 04 1 06 42
01 030 1 06 60 00 1 06 60
01 031 1 10 52 02 1 06 52
01 032 1 08 71 03 1 06 71
01 033 1 17 77 06 1 06 77
01 034 1 06 60 00 1 07 60
01 035 1 13 67 05 1 07 67
01 036 1 11 63 07 1 07 63
01 037 1 01 42 04 1 07 42
01 038 1 08 71 03 1 07 71
01 039 1 17 77 06 1 07 77
01 040 1 10 52 02 1 07 52
01 041 1 03 33 01 1 07 33
01 042 1 06 60 00 1 08 60
01 043 1 13 67 05 1 08 67
01 044 1 10 52 02 1 08 52
01 045 1 08 71 03 1 08 71
01 046 1 03 33 01 1 08 33
01 047 1 01 42 04 1 08 42
01 048 1 11 63 07 0 08 68
01 049 1 15 68 08 0 08 63
01 050 1 17 77 06 1 08 77
01 051 1 06 60 00 1 08 60
01 052 1 08 71 03 1 08 71
01 053 1 03 33 01 1 08 33
01 054 1 11 63 07 0 08 68
01 055 1 15 68 08 0 08 63
01 056 1 01 42 04 1 08 42
01 057 1 17 77 06 1 08 77
01 058 1 10 52 02 1 08 52
01 059 1 13 67 05 1 08 67
01 060 1 10 52 02 1 08 52
01 061 1 08 71 03 1 08 71
01 062 1 13 67 05 1 08 67
01 063 1 17 77 06 1 08 77
01 064 1 11 63 07 0 08 68
01 065 1 06 60 00 1 08 60
01 066 1 15 68 08 1 08 68
01 067 1 03 33 01 1 08 33
01 068 1 01 42 04 1 08 42
01 069 1 08 71 03 1 08 71
01 070 1 11 63 07 1 08 63
01 071 1 17 77 06 1 08 77
01 072 1 01 42 04 1 08 42
01 073 1 13 67 05 1 08 67
01 074 1 15 68 08 1 08 68
01 075 1 06 60 00 1 08 60
01 076 1 10 52 02 1 08 52
01 077 1 03 33 01 1 08 33
01 078 1 15 68 08 0 09 63
01 079 1 03 33 01 1 09 33
01 080 1 02 44 09 1 09 44
01 081 1 10 52 02 1 09 52
01 082 1 08 71 03 1 09 71
01 083 1 17 77 06 1 09 77
01 084 1 13 67 05 1 09 67
01 085 1 01 42 04 1 09 42
01 086 1 06 60 00 1 09 60
01 087 1 11 63 07 0 09 44
01 088 1 11 63 07 1 09 63
01 089 1 17 77 06 1 09 77
01 090 1 13 67 05 1 09 67
01 091 1 08 71 03 1 09 71
01 092 1 15 68 08 1 09 68
01 093 1 02 44 09 1 09 44
01 094 1 06 60 00 1 09 60
01 095 1 01 42 04 1 09 42
01 096 1 10 52 02 1 09 52
01 097 1 03 33 01 1 09 33
01 098 1 13 67 05 1 10 67
01 099 1 01 42 04 1 10 42
01 100 1 17 77 06 1 10 77
01 101 1 15 68 08 1 10 68
01 102 1 06 60 00 1 10 60
01 103 1 03 33 01 1 10 33
01 104 1 14 27 10 1 10 27
01 105 1 10 52 02 1 10 52
01 106 1 11 63 07 1 10 63
01 107 1 08 71 03 1 10 71
01 108 1 02 44 09 1 10 44
01 109 1 15 68 08 1 11 68
01 110 1 06 60 00 1 11 60
01 111 1 10 52 02 1 11 52
01 112 1 02 44 09 1 11 44
01 113 1 17 77 06 1 11 77
01 114 1 03 33 01 1 11 33
01 115 1 14 27 10 1 11 27
01 116 1 11 63 07 1 11 63
01 117 1 13 67 05 1 11 67
01 118 1 08 71 03 1 11 71
01 119 1 04 70 11 1 11 70
01 120 2 13 43 00 1 00 43
01 121 2 07 17 01 1 01 17
01 122 2 13 43 00 1 01 43
01 123 2 07 17 01 1 02 17
01 124 2 00 14 02 1 02 14
01 125 2 13 43 00 1 02 43
01 126 2 09 29 03 1 03 29
01 127 2 13 43 00 1 03 43
01 128 2 00 14 02 1 03 14
01 129 2 07 17 01 1 03 17
01 130 2 13 43 00 1 04 43
01 131 2 11 45 04 0 04 44
01 132 2 07 17 01 0 04 29
01 133 2 00 14 02 1 04 14
01 134 2 09 29 03 0 04 45
01 135 2 00 14 02 1 04 14
01 136 2 07 17 01 1 04 17
01 137 2 09 29 03 1 04 29
01 138 2 13 43 00 1 04 43
01 139 2 11 45 04 0 04 44
01 140 2 11 45 04 1 04 45
01 141 2 07 17 01 1 04 17
01 142 2 09 29 03 1 04 29
01 143 2 13 43 00 1 04 43
01 144 2 00 14 02 1 04 14
01 145 2 00 14 02 1 05 14
01 146 2 07 17 01 0 05 23
01 147 2 13 43 00 1 05 43
01 148 2 09 29 03 0 05 17
01 149 2 11 45 04 0 05 29
01 150 2 05 23 05 0 05 17
01 151 2 11 45 04 1 05 45
01 152 2 00 14 02 1 05 14
01 153 2 09 29 03 1 05 29
01 154 2 05 23 05 1 05 23
01 155 2 07 17 01 0 05 23
01 156 2 13 43 00 1 05 43
01 157 2 09 29 03 0 05 45
01 158 2 13 43 00 1 05 43
01 159 2 00 14 02 1 05 14
01 160 2 07 17 01 1 05 17
01 161 2 05 23 05 1 05 23
01 162 2 11 45 04 1 05 45
01 163 2 07 17 01 0 05 29
01 164 2 00 14 02 1 05 14
01 165 2 09 29 03 0 05 45
01 166 2 13 43 00 1 05 43
01 167 2 05 23 05 0 05 17
01 168 2 11 45 04 1 05 45
01 169 2 07 17 01 0 05 29
01 170 2 00 14 02 1 05 14
01 171 2 05 23 05 1 05 23
01 172 2 09 29 03 0 05 17
01 173 2 13 43 00 1 05 43
01 174 2 11 45 04 1 05 45
01 175 2 09 29 03 1 05 29
01 176 2 00 14 02 1 05 14
01 177 2 11 45 04 0 05 43
01 178 2 07 17 01 0 05 00
01 179 2 13 43 00 1 05 43
01 180 2 05 23 05 1 05 23
01 181 2 09 29 03 0 05 45
01 182 2 05 23 05 1 05 23
01 183 2 00 14 02 1 05 14
01 184 2 13 43 00 1 05 43
01 185 2 07 17 01 1 05 17
01 186 2 11 45 04 1 05 45
01 187 2 07 17 01 0 05 29
01 188 2 11 45 04 1 05 45
01 189 2 09 29 03 0 05 17
01 190 2 13 43 00 1 05 43
01 191 2 05 23 05 1 05 23
01 192 2 00 14 02 1 05 14
01 193 2 05 23 05 1 05 23
01 194 2 00 14 02 1 05 14
01 195 2 07 17 01 0 05 23
01 196 2 13 43 00 1 05 43
01 197 2 09 29 03 0 05 45
01 198 2 11 45 04 1 05 45
01 199 2 11 45 04 1 05 45
01 200 2 09 29 03 0 05 45
01 201 2 13 43 00 1 05 43
01 202 2 00 14 02 1 05 14
01 203 2 07 17 01 1 05 17
01 204 2 05 23 05 1 05 23
01 205 2 00 14 02 1 05 14
01 206 2 13 43 00 1 05 43
01 207 2 05 23 05 1 05 23
01 208 2 11 45 04 0 05 43
01 209 2 07 17 01 0 05 29
01 210 2 09 29 03 0 05 17
01 211 2 07 17 01 1 05 17
01 212 2 13 43 00 1 05 43
01 213 2 11 45 04 1 05 45
01 214 2 00 14 02 1 05 14
01 215 2 09 29 03 0 05 17
01 216 2 05 23 05 1 05 23
01 217 2 13 43 00 1 05 43
01 218 2 11 45 04 1 05 45
01 219 2 09 29 03 1 05 29
01 220 2 07 17 01 1 05 17
01 221 2 05 23 05 1 05 23
01 222 2 00 14 02 1 05 14
01 223 2 11 45 04 1 06 45
01 224 2 07 17 01 1 06 17
01 225 2 14 15 06 1 06 15
01 226 2 13 43 00 1 06 43
01 227 2 00 14 02 1 06 14
01 228 2 09 29 03 0 06 17
01 229 2 05 23 05 1 06 23
01 230 2 05 23 05 1 06 23
01 231 2 09 29 03 1 06 29
01 232 2 00 14 02 1 06 14
01 233 2 07 17 01 1 06 17
01 234 2 14 15 06 1 06 15
01 235 2 13 43 00 0 06 15
01 236 2 11 45 04 1 06 45
01 237 2 09 29 03 1 06 29
01 238 2 00 14 02 1 06 14
01 239 2 14 15 06 0 06 43
01 240 0 00 48 00 1 00 48
01 241 0 00 48 00 1 01 48
01 242 0 06 40 01 1 01 40
01 243 0 17 50 02 1 02 50
01 244 0 06 40 01 1 02 40
01 245 0 00 48 00 1 02 48
01 246 0 00 48 00 1 03 48
01 247 0 17 50 02 0 03 40
01 248 0 03 54 03 1 03 54
01 249 0 06 40 01 1 03 40
01 250 0 06 40 01 1 03 40
01 251 0 00 48 00 1 03 48
01 252 0 03 54 03 1 03 54
01 253 0 17 50 02 1 03 50
01 254 0 13 65 04 1 04 65
01 255 0 03 54 03 1 04 54
01 256 0 00 48 00 1 04 48
01 257 0 17 50 02 1 04 50
01 258 0 06 40 01 1 04 40
01 259 0 17 50 02 1 05 50
01 260 0 00 48 00 1 05 48
01 261 0 03 54 03 1 05 54
01 262 0 06 40 01 1 05 40
01 263 0 13 65 04 1 05 65
01 264 0 15 31 05 1 05 31
01 265 0 13 65 04 1 06 65
01 266 0 00 48 00 1 06 48
01 267 0 05 46 06 1 06 46
01 268 0 03 54 03 1 06 54
01 269 0 06 40 01 1 06 40
01 270 0 17 50 02 1 06 50
01 271 0 15 31 05 1 06 31
01 272 0 03 54 03 1 07 54
01 273 0 17 50 02 1 07 50
01 274 0 00 48 00 1 07 48
01 275 0 15 31 05 1 07 31
01 276 0 07 49 07 1 07 49
01 277 0 06 40 01 1 07 40
01 278 0 13 65 04 1 07 65
01 279 0 05 46 06 1 07 46
01 280 0 06 40 01 1 08 40
01 281 0 10 26 08 0 08 29
01 282 0 15 31 05 1 08 31
01 283 0 03 54 03 1 08 54
01 284 0 05 46 06 1 08 46
01 285 0 07 49 07 0 08 26
01 286 0 17 50 02 1 08 50
01 287 0 00 48 00 1 08 48
01 288 0 13 65 04 1 08 65
01 289 0 00 48 00 1 08 48
01 290 0 06 40 01 1 08 40
01 291 0 17 50 02 1 08 50
01 292 0 13 65 04 1 08 65
01 293 0 15 31 05 1 08 31
01 294 0 10 26 08 1 08 26
01 295 0 07 49 07 1 08 49
01 296 0 05 46 06 1 08 46
01 297 0 03 54 03 1 08 54
01 298 0 03 54 03 1 09 54
01 299 0 10 26 08 1 09 26
01 300 0 17 50 02 1 09 50
01 301 0 02 76 09 1 09 76
01 302 0 05 46 06 1 09 46
01 303 0 07 49 07 1 09 49
01 304 0 15 31 05 1 09 31
01 305 0 13 65 04 1 09 65
01 306 0 00 48 00 1 09 48
01 307 0 06 40 01 1 09 40
01 308 0 03 54 03 1 10 54
01 309 0 05 46 06 1 10 46
01 310 0 07 49 07 1 10 49
01 311 0 13 65 04 1 10 65
01 312 0 10 26 08 1 10 26
01 313 0 02 76 09 0 10 16
01 314 0 11 16 10 1 10 16
01 315 0 00 48 00 1 10 48
01 316 0 17 50 02 1 10 50
01 317 0 15 31 05 1 10 31
01 318 0 06 40 01 1 10 40
01 319 0 10 26 08 1 10 26
01 320 0 13 65 04 1 10 65
01 321 0 02 76 09 1 10 76
01 322 0 00 48 00 1 10 48
01 323 0 06 40 01 1 10 40
01 324 0 17 50 02 1 10 50
01 325 0 11 16 10 1 10 16
01 326 0 05 46 06 0 10 06
01 327 0 03 54 03 1 10 54
01 328 0 15 31 05 1 10 31
01 329 0 07 49 07 1 10 49
01 330 0 11 16 10 1 10 16
01 331 0 00 48 00 1 10 48
01 332 0 06 40 01 1 10 40
01 333 0 15 31 05 1 10 31
01 334 0 13 65 04 1 10 65
01 335 0 02 76 09 1 10 76
01 336 0 05 46 06 0 10 65
01 337 0 03 54 03 1 10 54
01 338 0 07 49 07 1 10 49
01 339 0 10 26 08 1 10 26
01 340 0 17 50 02 1 10 50
01 341 0 17 50 02 1 10 50
01 342 0 15 31 05 1 10 31
01 343 0 06 40 01 1 10 40
01 344 0 02 76 09 1 10 76
01 345 0 07 49 07 1 10 49
01 346 0 03 54 03 1 10 54
01 347 0 10 26 08 1 10 26
01 348 0 11 16 10 1 10 16
01 349 0 05 46 06 1 10 46
01 350 0 13 65 04 1 10 65
01 351 0 00 48 00 1 10 48
01 352 0 03 54 03 1 11 54
01 353 0 15 31 05 1 11 31
01 354 0 05 46 06 1 11 46
01 355 0 12 79 11 1 11 79
01 356 0 11 16 10 1 11 16
01 357 0 17 50 02 1 11 50
01 358 0 07 49 07 1 11 49
01 359 0 00 48 00 1 11 48
