43 000 3 04 26 00 0 00 00
43 001 3 04 26 00 1 00 26
43 002 3 04 26 00 1 01 26
43 003 3 08 50 01 1 01 50
43 004 3 04 26 00 1 02 26
43 005 3 00 75 02 0 02 50
43 006 3 08 50 01 1 02 50
43 007 3 04 26 00 1 02 26
43 008 3 00 75 02 1 02 75
43 009 3 08 50 01 1 02 50
43 010 3 01 62 03 1 03 62
43 011 3 08 50 01 1 03 50
43 012 3 00 75 02 1 03 75
43 013 3 04 26 00 1 03 26
43 014 3 04 26 00 1 04 26
43 015 3 08 50 01 1 04 50
43 016 3 00 75 02 1 04 75
43 017 3 01 62 03 1 04 62
43 018 3 11 29 04 0 04 26
43 019 3 11 29 04 0 04 28
43 020 3 04 26 00 0 04 52
43 021 3 01 62 03 0 04 52
43 022 3 00 75 02 1 04 75
43 023 3 08 50 01 1 04 50
43 024 3 00 75 02 1 04 75
43 025 3 01 62 03 0 04 26
43 026 3 04 26 00 1 04 26
43 027 3 08 50 01 1 04 50
43 028 3 11 29 04 1 04 29
43 029 3 11 29 04 1 04 29
43 030 3 01 62 03 0 04 26
43 031 3 08 50 01 1 04 50
43 032 3 04 26 00 1 04 26
43 033 3 00 75 02 1 04 75
43 034 3 11 29 04 0 04 62
43 035 3 04 26 00 1 04 26
43 036 3 00 75 02 1 04 75
43 037 3 08 50 01 1 04 50
43 038 3 01 62 03 0 04 26
43 039 3 11 29 04 1 04 29
43 000 1 04 64 00 1 00 64
43 001 1 11 25 01 1 01 25
43 002 1 04 64 00 1 01 64
43 003 1 11 25 01 1 02 25
43 004 1 10 16 02 1 02 16
43 005 1 04 64 00 1 02 64
43 006 1 04 64 00 0 03 25
43 007 1 10 16 02 1 03 16
43 008 1 03 17 03 1 03 17
43 009 1 11 25 01 1 03 25
43 010 1 03 17 03 1 03 17
43 011 1 11 25 01 0 03 17
43 012 1 04 64 00 1 03 64
43 013 1 10 16 02 1 03 16
43 014 1 03 17 03 1 03 17
43 015 1 04 64 00 1 03 64
43 016 1 10 16 02 1 03 16
43 017 1 11 25 01 0 03 17
43 018 1 11 25 01 1 03 25
43 019 1 10 16 02 1 03 16
43 020 1 04 64 00 0 03 17
43 021 1 03 17 03 1 03 17
43 022 1 11 25 01 1 03 25
43 023 1 10 16 02 1 03 16
43 024 1 03 17 03 1 03 17
43 025 1 04 64 00 1 03 64
43 026 1 04 64 00 1 04 64
43 027 1 10 16 02 1 04 16
43 028 1 03 17 03 1 04 17
43 029 1 01 22 04 0 04 24
43 030 1 11 25 01 1 04 25
43 031 1 01 22 04 1 04 22
43 032 1 04 64 00 1 04 64
43 033 1 03 17 03 1 04 17
43 034 1 11 25 01 0 04 64
43 035 1 10 16 02 1 04 16
43 036 1 03 17 03 1 04 17
43 037 1 01 22 04 1 04 22
43 038 1 11 25 01 1 04 25
43 039 1 10 16 02 1 04 16
43 040 1 04 64 00 1 04 64
43 041 1 03 17 03 1 05 17
43 042 1 07 30 05 1 05 30
43 043 1 10 16 02 1 05 16
43 044 1 01 22 04 1 05 22
43 045 1 11 25 01 1 05 25
43 046 1 04 64 00 1 05 64
43 047 1 11 25 01 0 06 64
43 048 1 07 30 05 1 06 30
43 049 1 10 16 02 1 06 16
43 050 1 12 33 06 1 06 33
43 051 1 03 17 03 1 06 17
43 052 1 01 22 04 1 06 22
43 053 1 04 64 00 1 06 64
43 054 1 01 22 04 1 06 22
43 055 1 03 17 03 1 06 17
43 056 1 12 33 06 1 06 33
43 057 1 07 30 05 1 06 30
43 058 1 11 25 01 1 06 25
43 059 1 04 64 00 1 06 64
43 060 1 10 16 02 1 06 16
43 061 1 03 17 03 1 07 17
43 062 1 01 22 04 1 07 22
43 063 1 05 14 07 1 07 14
43 064 1 10 16 02 1 07 16
43 065 1 04 64 00 1 07 64
43 066 1 12 33 06 1 07 33
43 067 1 07 30 05 1 07 30
43 068 1 11 25 01 1 07 25
43 069 1 11 25 01 1 08 25
43 070 1 01 22 04 1 08 22
43 071 1 04 64 00 1 08 64
43 072 1 07 30 05 1 08 30
43 073 1 09 19 08 1 08 19
43 074 1 10 16 02 1 08 16
43 075 1 05 14 07 1 08 14
43 076 1 03 17 03 1 08 17
43 077 1 12 33 06 1 08 33
43 078 1 05 14 07 1 09 14
43 079 1 11 25 01 1 09 25
43 080 1 12 33 06 1 09 33
43 081 1 10 16 02 1 09 16
43 082 1 01 22 04 1 09 22
43 083 1 07 30 05 1 09 30
43 084 1 09 19 08 0 09 21
43 085 1 04 64 00 1 09 64
43 086 1 06 21 09 1 09 21
43 087 1 03 17 03 1 09 17
43 088 1 03 17 03 1 09 17
43 089 1 11 25 01 1 09 25
43 090 1 12 33 06 1 09 33
43 091 1 07 30 05 1 09 30
43 092 1 10 16 02 1 09 16
43 093 1 04 64 00 1 09 64
43 094 1 09 19 08 1 09 19
43 095 1 06 21 09 1 09 21
43 096 1 01 22 04 1 09 22
43 097 1 05 14 07 1 09 14
43 098 1 05 14 07 1 10 14
43 099 1 06 21 09 1 10 21
43 100 1 11 25 01 1 10 25
43 101 1 01 22 04 1 10 22
43 102 1 17 78 10 1 10 78
43 103 1 10 16 02 1 10 16
43 104 1 07 30 05 1 10 30
43 105 1 12 33 06 1 10 33
43 106 1 04 64 00 1 10 64
43 107 1 09 19 08 1 10 19
43 108 1 03 17 03 1 10 17
43 109 1 16 56 11 1 11 56
43 110 1 12 33 06 1 11 33
43 111 1 06 21 09 1 11 21
43 112 1 05 14 07 1 11 14
43 113 1 11 25 01 1 11 25
43 114 1 01 22 04 1 11 22
43 115 1 17 78 10 1 11 78
43 116 1 09 19 08 1 11 19
43 117 1 03 17 03 1 11 17
43 118 1 10 16 02 1 11 16
43 119 1 04 64 00 0 11 25
43 120 2 03 39 00 1 00 39
43 121 2 08 41 01 1 01 41
43 122 2 03 39 00 1 01 39
43 123 2 12 38 02 0 02 23
43 124 2 08 41 01 0 02 38
43 125 2 03 39 00 0 02 33
43 126 2 08 41 01 0 02 38
43 127 2 03 39 00 1 02 39
43 128 2 12 38 02 1 02 38
43 129 2 03 39 00 0 02 41
43 130 2 08 41 01 0 02 00
43 131 2 12 38 02 1 02 38
43 132 2 03 39 00 1 02 39
43 133 2 12 38 02 0 02 41
43 134 2 08 41 01 1 02 41
43 135 2 03 39 00 1 02 39
43 136 2 08 41 01 1 02 41
43 137 2 12 38 02 1 02 38
43 138 2 12 38 02 1 03 38
43 139 2 08 41 01 0 03 31
43 140 2 03 39 00 1 03 39
43 141 2 10 31 03 1 03 31
43 142 2 08 41 01 1 03 41
43 143 2 10 31 03 0 03 38
43 144 2 12 38 02 1 03 38
43 145 2 03 39 00 1 03 39
43 146 2 08 41 01 0 03 31
43 147 2 03 39 00 1 03 39
43 148 2 10 31 03 0 03 38
43 149 2 12 38 02 1 03 38
43 150 2 10 31 03 0 03 41
43 151 2 08 41 01 0 03 31
43 152 2 03 39 00 1 03 39
43 153 2 12 38 02 1 03 38
43 154 2 03 39 00 1 03 39
43 155 2 12 38 02 1 03 38
43 156 2 10 31 03 0 03 41
43 157 2 08 41 01 0 03 31
43 158 2 12 38 02 1 03 38
43 159 2 10 31 03 0 03 41
43 160 2 08 41 01 0 03 31
43 161 2 03 39 00 1 03 39
43 162 2 08 41 01 1 03 41
43 163 2 10 31 03 1 03 31
43 164 2 12 38 02 1 03 38
43 165 2 03 39 00 1 03 39
43 166 2 10 31 03 0 04 38
43 167 2 04 12 04 0 04 39
43 168 2 08 41 01 0 04 31
43 169 2 12 38 02 1 04 38
43 170 2 03 39 00 0 04 12
43 171 2 08 41 01 1 04 41
43 172 2 12 38 02 1 04 38
43 173 2 10 31 03 1 04 31
43 174 2 03 39 00 0 04 12
43 175 2 04 12 04 1 04 12
43 176 2 04 12 04 1 04 12
43 177 2 12 38 02 1 04 38
43 178 2 03 39 00 1 04 39
43 179 2 08 41 01 0 04 31
43 180 2 10 31 03 0 04 41
43 181 2 10 31 03 1 04 31
43 182 2 03 39 00 1 04 39
43 183 2 12 38 02 0 04 41
43 184 2 04 12 04 1 04 12
43 185 2 08 41 01 1 04 41
43 186 2 04 12 04 1 04 12
43 187 2 08 41 01 1 04 41
43 188 2 10 31 03 0 04 38
43 189 2 03 39 00 1 04 39
43 190 2 12 38 02 1 04 38
43 191 2 08 41 01 1 04 41
43 192 2 04 12 04 1 04 12
43 193 2 12 38 02 0 04 31
43 194 2 03 39 00 1 04 39
43 195 2 10 31 03 0 04 41
43 196 2 04 12 04 1 04 12
43 197 2 08 41 01 1 04 41
43 198 2 12 38 02 0 04 31
43 199 2 10 31 03 1 04 31
43 200 2 03 39 00 1 04 39
43 201 2 10 31 03 1 04 31
43 202 2 04 12 04 1 04 12
43 203 2 12 38 02 1 04 38
43 204 2 03 39 00 1 04 39
43 205 2 08 41 01 1 04 41
43 206 2 12 38 02 1 05 38
43 207 2 08 41 01 1 05 41
43 208 2 10 31 03 1 05 31
43 209 2 04 12 04 1 05 12
43 210 2 14 65 05 1 05 65
43 211 2 03 39 00 1 05 39
43 212 2 10 31 03 1 06 31
43 213 2 08 41 01 1 06 41
43 214 2 04 12 04 1 06 12
43 215 2 12 38 02 1 06 38
43 216 2 03 39 00 1 06 39
43 217 2 09 42 06 0 06 41
43 218 2 14 65 05 1 06 65
43 219 2 08 41 01 1 06 41
43 220 2 04 12 04 1 06 12
43 221 2 14 65 05 0 06 38
43 222 2 12 38 02 1 06 38
43 223 2 10 31 03 1 06 31
43 224 2 09 42 06 0 06 31
43 225 2 03 39 00 0 06 12
43 226 2 10 31 03 1 06 31
43 227 2 03 39 00 0 06 12
43 228 2 14 65 05 0 06 38
43 229 2 08 41 01 1 06 41
43 230 2 09 42 06 1 06 42
43 231 2 04 12 04 1 06 12
43 232 2 12 38 02 1 06 38
43 233 2 10 31 03 0 06 38
43 234 2 09 42 06 0 06 31
43 235 2 08 41 01 0 06 31
43 236 2 12 38 02 1 06 38
43 237 2 14 65 05 1 06 65
43 238 2 03 39 00 1 06 39
43 239 2 04 12 04 1 06 12
43 240 0 03 48 00 1 00 48
43 241 0 03 48 00 1 01 48
43 242 0 14 13 01 1 01 13
43 243 0 00 71 02 1 02 71
43 244 0 03 48 00 1 02 48
43 245 0 14 13 01 1 02 13
43 246 0 06 67 03 1 03 67
43 247 0 14 13 01 1 03 13
43 248 0 03 48 00 1 03 48
43 249 0 00 71 02 0 03 72
43 250 0 06 67 03 1 03 67
43 251 0 03 48 00 1 03 48
43 252 0 00 71 02 1 03 71
43 253 0 14 13 01 1 03 13
43 254 0 06 67 03 1 04 67
43 255 0 00 71 02 1 04 71
43 256 0 03 48 00 1 04 48
43 257 0 09 40 04 1 04 40
43 258 0 14 13 01 1 04 13
43 259 0 06 67 03 1 05 67
43 260 0 09 40 04 1 05 40
43 261 0 00 71 02 1 05 71
43 262 0 05 58 05 1 05 58
43 263 0 03 48 00 1 05 48
43 264 0 14 13 01 1 05 13
43 265 0 05 58 05 0 06 57
43 266 0 03 48 00 1 06 48
43 267 0 00 71 02 1 06 71
43 268 0 06 67 03 0 06 06
43 269 0 14 13 01 1 06 13
43 270 0 11 28 06 0 06 24
43 271 0 09 40 04 0 06 50
43 272 0 06 67 03 1 06 67
43 273 0 00 71 02 1 06 71
43 274 0 03 48 00 1 06 48
43 275 0 05 58 05 1 06 58
43 276 0 09 40 04 1 06 40
43 277 0 14 13 01 1 06 13
43 278 0 11 28 06 1 06 28
43 279 0 03 48 00 1 07 48
43 280 0 00 71 02 1 07 71
43 281 0 02 66 07 1 07 66
43 282 0 14 13 01 1 07 13
43 283 0 06 67 03 1 07 67
43 284 0 09 40 04 1 07 40
43 285 0 05 58 05 0 07 44
43 286 0 11 28 06 1 07 28
43 287 0 02 66 07 1 07 66
43 288 0 05 58 05 1 07 58
43 289 0 09 40 04 1 07 40
43 290 0 06 67 03 1 07 67
43 291 0 11 28 06 1 07 28
43 292 0 14 13 01 1 07 13
43 293 0 03 48 00 1 07 48
43 294 0 00 71 02 1 07 71
43 295 0 06 67 03 0 08 48
43 296 0 05 58 05 1 08 58
43 297 0 03 48 00 1 08 48
43 298 0 11 28 06 1 08 28
43 299 0 00 71 02 1 08 71
43 300 0 09 40 04 1 08 40
43 301 0 02 66 07 1 08 66
43 302 0 10 74 08 1 08 74
43 303 0 14 13 01 1 08 13
43 304 0 11 28 06 1 08 28
43 305 0 03 48 00 1 08 48
43 306 0 09 40 04 1 08 40
43 307 0 02 66 07 1 08 66
43 308 0 00 71 02 1 08 71
43 309 0 05 58 05 1 08 58
43 310 0 06 67 03 1 08 67
43 311 0 14 13 01 1 08 13
43 312 0 10 74 08 0 08 44
43 313 0 10 74 08 1 08 74
43 314 0 02 66 07 1 08 66
43 315 0 06 67 03 0 08 58
43 316 0 11 28 06 1 08 28
43 317 0 09 40 04 1 08 40
43 318 0 00 71 02 1 08 71
43 319 0 14 13 01 1 08 13
43 320 0 05 58 05 1 08 58
43 321 0 03 48 00 1 08 48
43 322 0 10 74 08 1 08 74
43 323 0 11 28 06 1 08 28
43 324 0 02 66 07 1 08 66
43 325 0 03 48 00 1 08 48
43 326 0 00 71 02 1 08 71
43 327 0 14 13 01 1 08 13
43 328 0 05 58 05 0 08 67
43 329 0 09 40 04 1 08 40
43 330 0 06 67 03 1 08 67
43 331 0 09 40 04 1 08 40
43 332 0 00 71 02 1 08 71
43 333 0 06 67 03 1 08 67
43 334 0 03 48 00 1 08 48
43 335 0 05 58 05 1 08 58
43 336 0 11 28 06 1 08 28
43 337 0 02 66 07 1 08 66
43 338 0 14 13 01 1 08 13
43 339 0 10 74 08 1 08 74
43 340 0 16 11 09 1 09 11
43 341 0 09 40 04 1 09 40
43 342 0 05 58 05 1 09 58
43 343 0 11 28 06 1 09 28
43 344 0 14 13 01 1 09 13
43 345 0 03 48 00 1 09 48
43 346 0 02 66 07 1 09 66
43 347 0 06 67 03 1 09 67
43 348 0 10 74 08 1 09 74
43 349 0 00 71 02 1 09 71
43 350 0 16 11 09 1 10 11
43 351 0 09 40 04 1 10 40
43 352 0 00 71 02 1 10 71
43 353 0 03 48 00 1 10 48
43 354 0 15 61 10 1 10 61
43 355 0 06 67 03 1 10 67
43 356 0 02 66 07 1 10 66
43 357 0 14 13 01 1 10 13
43 358 0 11 28 06 1 10 28
43 359 0 10 74 08 1 10 74
