02 000 2 13 60 00 1 00 60
02 001 2 13 60 00 0 01 33
02 002 2 07 33 01 1 01 33
02 003 2 13 60 00 1 01 60
02 004 2 07 33 01 1 01 33
02 005 2 00 52 02 1 02 52
02 006 2 13 60 00 1 02 60
02 007 2 07 33 01 1 02 33
02 008 2 09 71 03 1 03 71
02 009 2 07 33 01 1 03 33
02 010 2 13 60 00 1 03 60
02 011 2 00 52 02 1 03 52
02 012 2 13 60 00 1 04 60
02 013 2 00 52 02 1 04 52
02 014 2 11 42 04 0 04 41
02 015 2 07 33 01 1 04 33
02 016 2 09 71 03 0 04 42
02 017 2 13 60 00 1 04 60
02 018 2 09 71 03 0 04 42
02 019 2 11 42 04 0 04 61
02 020 2 07 33 01 1 04 33
02 021 2 00 52 02 1 04 52
02 022 2 11 42 04 1 04 42
02 023 2 09 71 03 1 04 71
02 024 2 07 33 01 1 04 33
02 025 2 00 52 02 1 04 52
02 026 2 13 60 00 1 04 60
02 027 2 11 42 04 1 05 42
02 028 2 09 71 03 1 05 71
02 029 2 07 33 01 0 05 67
02 030 2 00 52 02 1 05 52
02 031 2 13 60 00 1 05 60
02 032 2 05 67 05 1 05 67
02 033 2 00 52 02 1 05 52
02 034 2 11 42 04 1 05 42
02 035 2 09 71 03 1 05 71
02 036 2 05 67 05 1 05 67
02 037 2 07 33 01 1 05 33
02 038 2 13 60 00 1 05 60
02 039 2 07 33 01 0 06 62
02 040 2 05 67 05 0 06 42
02 041 2 14 77 06 1 06 77
02 042 2 11 42 04 0 06 60
02 043 2 00 52 02 1 06 52
02 044 2 09 71 03 1 06 71
02 045 2 13 60 00 1 06 60
02 046 2 09 71 03 0 06 42
02 047 2 00 52 02 1 06 52
02 048 2 14 77 06 1 06 77
02 049 2 13 60 00 1 06 60
02 050 2 11 42 04 0 06 71
02 051 2 07 33 01 0 06 71
02 052 2 05 67 05 0 06 61
02 053 2 14 77 06 0 06 60
02 054 2 11 42 04 0 06 60
02 055 2 07 33 01 0 06 42
02 056 2 13 60 00 0 06 77
02 057 2 05 67 05 0 06 33
02 058 2 09 71 03 0 06 42
02 059 2 00 52 02 1 06 52
02 060 2 00 52 02 1 06 52
02 061 2 11 42 04 0 06 60
02 062 2 14 77 06 1 06 77
02 063 2 09 71 03 0 06 42
02 064 2 13 60 00 1 06 60
02 065 2 07 33 01 1 06 33
02 066 2 05 67 05 0 06 62
02 067 2 07 33 01 0 06 67
02 068 2 11 42 04 0 06 71
02 069 2 14 77 06 0 06 60
02 070 2 13 60 00 1 06 60
02 071 2 09 71 03 0 06 42
02 072 2 05 67 05 1 06 67
02 073 2 00 52 02 1 06 52
02 074 2 11 42 04 1 06 42
02 075 2 07 33 01 1 06 33
02 076 2 00 52 02 1 06 52
02 077 2 14 77 06 0 06 71
02 078 2 05 67 05 1 06 67
02 079 2 13 60 00 0 06 71
02 080 2 09 71 03 1 06 71
02 081 2 05 67 05 0 06 33
02 082 2 00 52 02 1 06 52
02 083 2 09 71 03 1 06 71
02 084 2 07 33 01 0 06 42
02 085 2 11 42 04 1 06 42
02 086 2 14 77 06 0 06 60
02 087 2 13 60 00 1 06 60
02 088 2 13 60 00 1 06 60
02 089 2 11 42 04 1 06 42
02 090 2 00 52 02 1 06 52
02 091 2 07 33 01 1 06 33
02 092 2 05 67 05 1 06 67
02 093 2 14 77 06 1 06 77
02 094 2 09 71 03 1 06 71
02 095 2 00 52 02 1 07 52
02 096 2 09 71 03 1 07 71
02 097 2 15 63 07 0 07 77
02 098 2 05 67 05 1 07 67
02 099 2 11 42 04 0 07 60
02 100 2 07 33 01 0 07 67
02 101 2 14 77 06 1 07 77
02 102 2 13 60 00 0 07 63
02 103 2 14 77 06 0 07 63
02 104 2 13 60 00 0 07 63
02 105 2 11 42 04 0 07 63
02 106 2 15 63 07 1 07 63
02 107 2 09 71 03 1 07 71
02 108 2 07 33 01 0 07 42
02 109 2 00 52 02 1 07 52
02 110 2 05 67 05 1 07 67
02 111 2 09 71 03 0 07 42
02 112 2 00 52 02 1 07 52
02 113 2 14 77 06 0 07 63
02 114 2 15 63 07 1 07 63
02 115 2 11 42 04 1 07 42
02 116 2 07 33 01 1 07 33
02 117 2 05 67 05 1 07 67
02 118 2 13 60 00 0 07 42
02 119 2 07 33 01 0 07 42
02 120 0 00 43 00 0 00 04
02 121 0 00 43 00 0 00 04
02 122 0 00 43 00 0 00 04
02 123 0 00 43 00 0 00 04
02 124 0 00 43 00 0 00 04
02 125 0 00 43 00 1 00 43
02 126 0 00 43 00 1 01 43
02 127 0 06 17 01 1 01 17
02 128 0 17 14 02 1 02 14
02 129 0 00 43 00 1 02 43
02 130 0 06 17 01 1 02 17
02 131 0 03 29 03 1 03 29
02 132 0 00 43 00 1 03 43
02 133 0 06 17 01 0 03 47
02 134 0 17 14 02 0 03 47
02 135 0 03 29 03 1 03 29
02 136 0 00 43 00 1 03 43
02 137 0 06 17 01 1 03 17
02 138 0 17 14 02 1 03 14
02 139 0 17 14 02 0 04 17
02 140 0 00 43 00 1 04 43
02 141 0 06 17 01 1 04 17
02 142 0 03 29 03 1 04 29
02 143 0 13 45 04 1 04 45
02 144 0 03 29 03 0 04 14
02 145 0 13 45 04 1 04 45
02 146 0 00 43 00 1 04 43
02 147 0 17 14 02 1 04 14
02 148 0 06 17 01 1 04 17
02 149 0 00 43 00 1 04 43
02 150 0 03 29 03 1 04 29
02 151 0 17 14 02 1 04 14
02 152 0 06 17 01 1 04 17
02 153 0 13 45 04 1 04 45
02 154 0 06 17 01 1 05 17
02 155 0 17 14 02 1 05 14
02 156 0 03 29 03 1 05 29
02 157 0 13 45 04 1 05 45
02 158 0 00 43 00 1 05 43
02 159 0 15 23 05 1 05 23
02 160 0 06 17 01 1 06 17
02 161 0 17 14 02 1 06 14
02 162 0 13 45 04 1 06 45
02 163 0 03 29 03 1 06 29
02 164 0 00 43 00 1 06 43
02 165 0 05 15 06 1 06 15
02 166 0 15 23 05 1 06 23
02 167 0 17 14 02 1 07 14
02 168 0 15 23 05 1 07 23
02 169 0 05 15 06 1 07 15
02 170 0 03 29 03 1 07 29
02 171 0 07 34 07 0 07 28
02 172 0 13 45 04 1 07 45
02 173 0 06 17 01 1 07 17
02 174 0 00 43 00 1 07 43
02 175 0 17 14 02 1 07 14
02 176 0 00 43 00 1 07 43
02 177 0 06 17 01 1 07 17
02 178 0 07 34 07 1 07 34
02 179 0 03 29 03 1 07 29
02 180 0 05 15 06 1 07 15
02 181 0 15 23 05 1 07 23
02 182 0 13 45 04 1 07 45
02 183 0 05 15 06 1 08 15
02 184 0 06 17 01 1 08 17
02 185 0 15 23 05 1 08 23
02 186 0 00 43 00 1 08 43
02 187 0 13 45 04 1 08 45
02 188 0 10 57 08 1 08 57
02 189 0 03 29 03 1 08 29
02 190 0 07 34 07 1 08 34
02 191 0 17 14 02 1 08 14
02 192 0 15 23 05 1 09 23
02 193 0 02 62 09 1 09 62
02 194 0 07 34 07 1 09 34
02 195 0 10 57 08 1 09 57
02 196 0 03 29 03 1 09 29
02 197 0 13 45 04 1 09 45
02 198 0 06 17 01 1 09 17
02 199 0 17 14 02 1 09 14
02 200 0 05 15 06 1 09 15
02 201 0 00 43 00 1 09 43
02 202 0 02 62 09 1 10 62
02 203 0 07 34 07 1 10 34
02 204 0 11 20 10 1 10 20
02 205 0 05 15 06 1 10 15
02 206 0 03 29 03 1 10 29
02 207 0 17 14 02 1 10 14
02 208 0 10 57 08 1 10 57
02 209 0 00 43 00 1 10 43
02 210 0 06 17 01 1 10 17
02 211 0 13 45 04 1 10 45
02 212 0 15 23 05 1 10 23
02 213 0 06 17 01 1 11 17
02 214 0 17 14 02 1 11 14
02 215 0 15 23 05 1 11 23
02 216 0 02 62 09 0 11 20
02 217 0 07 34 07 1 11 34
02 218 0 00 43 00 1 11 43
02 219 0 12 64 11 0 11 57
02 220 0 05 15 06 1 11 15
02 221 0 11 20 10 1 11 20
02 222 0 10 57 08 1 11 57
02 223 0 03 29 03 1 11 29
02 224 0 13 45 04 1 11 45
02 225 0 10 57 08 1 11 57
02 226 0 00 43 00 1 11 43
02 227 0 11 20 10 0 11 21
02 228 0 07 34 07 1 11 34
02 229 0 02 62 09 1 11 62
02 230 0 12 64 11 1 11 64
02 231 0 05 15 06 1 11 15
02 232 0 15 23 05 1 11 23
02 233 0 06 17 01 1 11 17
02 234 0 13 45 04 1 11 45
02 235 0 03 29 03 1 11 29
02 236 0 17 14 02 1 11 14
02 237 0 10 57 08 1 11 57
02 238 0 11 20 10 1 11 20
02 239 0 17 14 02 0 11 01
02 240 1 06 48 00 1 00 48
02 241 1 06 48 00 1 01 48
02 242 1 03 40 01 1 01 40
02 243 1 10 50 02 0 02 40
02 244 1 03 40 01 1 02 40
02 245 1 06 48 00 1 02 48
02 246 1 10 50 02 1 02 50
02 247 1 06 48 00 1 02 48
02 248 1 03 40 01 1 02 40
02 249 1 10 50 02 0 03 05
02 250 1 06 48 00 1 03 48
02 251 1 03 40 01 1 03 40
02 252 1 08 54 03 1 03 54
02 253 1 03 40 01 0 03 50
02 254 1 08 54 03 1 03 54
02 255 1 10 50 02 1 03 50
02 256 1 06 48 00 1 03 48
02 257 1 06 48 00 1 03 48
02 258 1 03 40 01 1 03 40
02 259 1 08 54 03 1 03 54
02 260 1 10 50 02 1 03 50
02 261 1 08 54 03 1 04 54
02 262 1 10 50 02 1 04 50
02 263 1 03 40 01 1 04 40
02 264 1 01 65 04 1 04 65
02 265 1 06 48 00 1 04 48
02 266 1 06 48 00 1 05 48
02 267 1 10 50 02 1 05 50
02 268 1 08 54 03 1 05 54
02 269 1 03 40 01 1 05 40
02 270 1 13 31 05 1 05 31
02 271 1 01 65 04 1 05 65
02 272 1 03 40 01 1 06 40
02 273 1 01 65 04 0 06 66
02 274 1 10 50 02 1 06 50
02 275 1 08 54 03 1 06 54
02 276 1 13 31 05 1 06 31
02 277 1 06 48 00 1 06 48
02 278 1 17 46 06 0 06 55
02 279 1 06 48 00 1 06 48
02 280 1 13 31 05 1 06 31
02 281 1 17 46 06 0 06 04
02 282 1 03 40 01 1 06 40
02 283 1 08 54 03 1 06 54
02 284 1 10 50 02 1 06 50
02 285 1 01 65 04 1 06 65
02 286 1 10 50 02 1 06 50
02 287 1 06 48 00 1 06 48
02 288 1 08 54 03 1 06 54
02 289 1 03 40 01 1 06 40
02 290 1 01 65 04 1 06 65
02 291 1 17 46 06 1 06 46
02 292 1 13 31 05 1 06 31
02 293 1 03 40 01 1 07 40
02 294 1 17 46 06 1 07 46
02 295 1 08 54 03 1 07 54
02 296 1 13 31 05 1 07 31
02 297 1 01 65 04 1 07 65
02 298 1 10 50 02 1 07 50
02 299 1 06 48 00 1 07 48
02 300 1 11 49 07 1 07 49
02 301 1 03 40 01 1 08 40
02 302 1 01 65 04 1 08 65
02 303 1 15 26 08 1 08 26
02 304 1 10 50 02 1 08 50
02 305 1 13 31 05 1 08 31
02 306 1 11 49 07 1 08 49
02 307 1 06 48 00 1 08 48
02 308 1 17 46 06 1 08 46
02 309 1 08 54 03 1 08 54
02 310 1 13 31 05 1 09 31
02 311 1 06 48 00 1 09 48
02 312 1 02 76 09 1 09 76
02 313 1 01 65 04 1 09 65
02 314 1 03 40 01 1 09 40
02 315 1 11 49 07 1 09 49
02 316 1 08 54 03 1 09 54
02 317 1 10 50 02 1 09 50
02 318 1 15 26 08 1 09 26
02 319 1 17 46 06 1 09 46
02 320 1 01 65 04 1 10 65
02 321 1 13 31 05 1 10 31
02 322 1 17 46 06 1 10 46
02 323 1 02 76 09 1 10 76
02 324 1 06 48 00 1 10 48
02 325 1 08 54 03 1 10 54
02 326 1 10 50 02 1 10 50
02 327 1 14 16 10 1 10 16
02 328 1 03 40 01 1 10 40
02 329 1 11 49 07 1 10 49
02 330 1 15 26 08 1 10 26
02 331 1 02 76 09 1 11 76
02 332 1 13 31 05 1 11 31
02 333 1 06 48 00 1 11 48
02 334 1 03 40 01 1 11 40
02 335 1 14 16 10 1 11 16
02 336 1 15 26 08 1 11 26
02 337 1 04 79 11 1 11 79
02 338 1 11 49 07 1 11 49
02 339 1 17 46 06 1 11 46
02 340 1 10 50 02 1 11 50
02 341 1 08 54 03 1 11 54
02 342 1 01 65 04 1 11 65
02 343 1 17 46 06 1 12 46
02 344 1 12 18 12 1 12 18
02 345 1 04 79 11 1 12 79
02 346 1 03 40 01 1 12 40
02 347 1 06 48 00 1 12 48
02 348 1 01 65 04 1 12 65
02 349 1 02 76 09 1 12 76
02 350 1 10 50 02 1 12 50
02 351 1 15 26 08 1 12 26
02 352 1 11 49 07 0 12 76
02 353 1 08 54 03 1 12 54
02 354 1 13 31 05 1 12 31
02 355 1 14 16 10 1 12 16
02 356 1 08 54 03 1 12 54
02 357 1 15 26 08 1 12 26
02 358 1 06 48 00 1 12 48
02 359 1 02 76 09 1 12 76
