35 000 3 14 58 00 0 00 00
35 001 3 14 58 00 0 00 00
35 002 3 14 58 00 1 00 58
35 003 3 14 58 00 1 01 58
35 004 3 02 20 01 1 01 20
35 005 3 14 58 00 1 02 58
35 006 3 12 42 02 0 02 20
35 007 3 02 20 01 1 02 20
35 008 3 02 20 01 1 02 20
35 009 3 12 42 02 0 02 58
35 010 3 14 58 00 1 02 58
35 011 3 12 42 02 1 02 42
35 012 3 14 58 00 1 02 58
35 013 3 02 20 01 1 02 20
35 014 3 12 42 02 1 03 42
35 015 3 14 58 00 1 03 58
35 016 3 06 13 03 1 03 13
35 017 3 02 20 01 1 03 20
35 018 3 14 58 00 1 04 58
35 019 3 01 45 04 1 04 45
35 020 3 12 42 02 1 04 42
35 021 3 06 13 03 1 04 13
35 022 3 02 20 01 1 04 20
35 023 3 06 13 03 1 05 13
35 024 3 14 58 00 1 05 58
35 025 3 02 20 01 1 05 20
35 026 3 16 23 05 1 05 23
35 027 3 12 42 02 1 05 42
35 028 3 01 45 04 0 05 42
35 029 3 06 13 03 1 05 13
35 030 3 14 58 00 1 05 58
35 031 3 16 23 05 1 05 23
35 032 3 01 45 04 1 05 45
35 033 3 02 20 01 0 05 13
35 034 3 12 42 02 1 05 42
35 035 3 14 58 00 1 05 58
35 036 3 16 23 05 1 05 23
35 037 3 06 13 03 1 05 13
35 038 3 02 20 01 1 05 20
35 039 3 01 45 04 1 05 45
35 000 2 04 21 00 1 00 21
35 001 2 04 21 00 1 01 21
35 002 2 12 16 01 1 01 16
35 003 2 12 16 01 0 02 72
35 004 2 04 21 00 1 02 21
35 005 2 13 72 02 1 02 72
35 006 2 04 21 00 1 02 21
35 007 2 13 72 02 0 02 16
35 008 2 12 16 01 0 02 72
35 009 2 13 72 02 0 02 16
35 010 2 04 21 00 1 02 21
35 011 2 12 16 01 1 02 16
35 012 2 13 72 02 1 02 72
35 013 2 04 21 00 1 02 21
35 014 2 12 16 01 0 02 72
35 015 2 13 72 02 0 02 70
35 016 2 12 16 01 1 02 16
35 017 2 04 21 00 1 02 21
35 018 2 13 72 02 1 02 72
35 019 2 04 21 00 1 02 21
35 020 2 12 16 01 1 02 16
35 021 2 13 72 02 0 03 16
35 022 2 04 21 00 1 03 21
35 023 2 00 15 03 1 03 15
35 024 2 12 16 01 0 03 72
35 025 2 04 21 00 1 03 21
35 026 2 00 15 03 1 03 15
35 027 2 12 16 01 1 03 16
35 028 2 13 72 02 1 03 72
35 029 2 00 15 03 1 04 15
35 030 2 13 72 02 1 04 72
35 031 2 03 24 04 0 04 21
35 032 2 04 21 00 1 04 21
35 033 2 12 16 01 0 04 72
35 034 2 03 24 04 0 04 21
35 035 2 12 16 01 1 04 16
35 036 2 13 72 02 1 04 72
35 037 2 00 15 03 1 04 15
35 038 2 04 21 00 1 04 21
35 039 2 12 16 01 1 04 16
35 040 2 03 24 04 1 04 24
35 041 2 13 72 02 1 04 72
35 042 2 04 21 00 1 04 21
35 043 2 00 15 03 1 04 15
35 044 2 13 72 02 0 05 16
35 045 2 00 15 03 1 05 15
35 046 2 04 21 00 1 05 21
35 047 2 02 22 05 0 05 24
35 048 2 03 24 04 0 05 21
35 049 2 12 16 01 0 05 72
35 050 2 12 16 01 1 05 16
35 051 2 03 24 04 0 05 21
35 052 2 02 22 05 0 05 15
35 053 2 04 21 00 1 05 21
35 054 2 13 72 02 1 05 72
35 055 2 00 15 03 1 05 15
35 056 2 00 15 03 1 05 15
35 057 2 02 22 05 1 05 22
35 058 2 04 21 00 0 05 24
35 059 2 03 24 04 0 05 21
35 060 2 13 72 02 1 05 72
35 061 2 12 16 01 1 05 16
35 062 2 02 22 05 0 05 21
35 063 2 12 16 01 1 05 16
35 064 2 04 21 00 1 05 21
35 065 2 03 24 04 0 05 22
35 066 2 00 15 03 1 05 15
35 067 2 13 72 02 1 05 72
35 068 2 03 24 04 0 05 21
35 069 2 02 22 05 0 05 21
35 070 2 13 72 02 1 05 72
35 071 2 04 21 00 0 05 22
35 072 2 00 15 03 1 05 15
35 073 2 12 16 01 1 05 16
35 074 2 03 24 04 0 05 21
35 075 2 13 72 02 0 05 16
35 076 2 04 21 00 1 05 21
35 077 2 00 15 03 1 05 15
35 078 2 12 16 01 1 05 16
35 079 2 02 22 05 1 05 22
35 080 2 04 21 00 0 05 24
35 081 2 12 16 01 1 05 16
35 082 2 03 24 04 0 05 21
35 083 2 02 22 05 0 05 21
35 084 2 00 15 03 1 05 15
35 085 2 13 72 02 0 05 16
35 086 2 00 15 03 1 05 15
35 087 2 03 24 04 0 05 21
35 088 2 02 22 05 0 05 21
35 089 2 13 72 02 1 05 72
35 090 2 04 21 00 0 05 24
35 091 2 12 16 01 1 05 16
35 092 2 02 22 05 0 05 21
35 093 2 13 72 02 0 05 16
35 094 2 03 24 04 0 05 21
35 095 2 00 15 03 1 05 15
35 096 2 04 21 00 0 05 24
35 097 2 12 16 01 1 05 16
35 098 2 03 24 04 0 05 21
35 099 2 12 16 01 1 05 16
35 100 2 00 15 03 1 05 15
35 101 2 02 22 05 0 05 21
35 102 2 13 72 02 0 05 16
35 103 2 04 21 00 1 05 21
35 104 2 00 15 03 1 05 15
35 105 2 12 16 01 1 05 16
35 106 2 04 21 00 0 05 24
35 107 2 02 22 05 0 05 21
35 108 2 03 24 04 0 05 21
35 109 2 13 72 02 1 05 72
35 110 2 12 16 01 1 05 16
35 111 2 00 15 03 1 05 15
35 112 2 03 24 04 0 05 21
35 113 2 13 72 02 1 05 72
35 114 2 04 21 00 0 05 24
35 115 2 02 22 05 0 05 21
35 116 2 00 15 03 1 05 15
35 117 2 02 22 05 0 05 21
35 118 2 03 24 04 0 05 22
35 119 2 12 16 01 0 05 72
35 120 0 08 27 00 1 00 27
35 121 0 08 27 00 1 01 27
35 122 0 10 63 01 1 01 63
35 123 0 08 27 00 1 02 27
35 124 0 10 63 01 1 02 63
35 125 0 03 47 02 1 02 47
35 126 0 08 27 00 1 03 27
35 127 0 10 63 01 1 03 63
35 128 0 03 47 02 1 03 47
35 129 0 12 26 03 1 03 26
35 130 0 10 63 01 1 04 63
35 131 0 04 48 04 0 04 28
35 132 0 08 27 00 1 04 27
35 133 0 12 26 03 1 04 26
35 134 0 03 47 02 1 04 47
35 135 0 12 26 03 0 04 48
35 136 0 04 48 04 0 04 28
35 137 0 03 47 02 1 04 47
35 138 0 08 27 00 1 04 27
35 139 0 10 63 01 1 04 63
35 140 0 08 27 00 1 04 27
35 141 0 04 48 04 1 04 48
35 142 0 12 26 03 1 04 26
35 143 0 10 63 01 1 04 63
35 144 0 03 47 02 1 04 47
35 145 0 08 27 00 1 05 27
35 146 0 05 77 05 1 05 77
35 147 0 12 26 03 1 05 26
35 148 0 04 48 04 1 05 48
35 149 0 03 47 02 1 05 47
35 150 0 10 63 01 1 05 63
35 151 0 14 40 06 0 06 47
35 152 0 08 27 00 1 06 27
35 153 0 12 26 03 1 06 26
35 154 0 04 48 04 1 06 48
35 155 0 03 47 02 0 06 40
35 156 0 05 77 05 0 06 40
35 157 0 10 63 01 1 06 63
35 158 0 08 27 00 1 06 27
35 159 0 10 63 01 1 06 63
35 160 0 05 77 05 1 06 77
35 161 0 03 47 02 1 06 47
35 162 0 04 48 04 0 06 28
35 163 0 14 40 06 1 06 40
35 164 0 12 26 03 1 06 26
35 165 0 03 47 02 1 06 47
35 166 0 10 63 01 1 06 63
35 167 0 12 26 03 1 06 26
35 168 0 14 40 06 1 06 40
35 169 0 04 48 04 1 06 48
35 170 0 08 27 00 1 06 27
35 171 0 05 77 05 1 06 77
35 172 0 03 47 02 1 07 47
35 173 0 14 40 06 1 07 40
35 174 0 10 63 01 1 07 63
35 175 0 12 26 03 1 07 26
35 176 0 09 41 07 1 07 41
35 177 0 04 48 04 1 07 48
35 178 0 05 77 05 1 07 77
35 179 0 08 27 00 1 07 27
35 180 0 12 26 03 1 08 26
35 181 0 02 14 08 1 08 14
35 182 0 04 48 04 1 08 48
35 183 0 14 40 06 1 08 40
35 184 0 10 63 01 1 08 63
35 185 0 08 27 00 1 08 27
35 186 0 03 47 02 1 08 47
35 187 0 05 77 05 1 08 77
35 188 0 09 41 07 0 08 14
35 189 0 02 14 08 1 08 14
35 190 0 10 63 01 1 08 63
35 191 0 09 41 07 1 08 41
35 192 0 03 47 02 1 08 47
35 193 0 08 27 00 1 08 27
35 194 0 04 48 04 1 08 48
35 195 0 05 77 05 1 08 77
35 196 0 14 40 06 1 08 40
35 197 0 12 26 03 1 08 26
35 198 0 03 47 02 1 09 47
35 199 0 10 63 01 1 09 63
35 200 0 14 40 06 1 09 40
35 201 0 09 41 07 1 09 41
35 202 0 12 26 03 1 09 26
35 203 0 04 48 04 1 09 48
35 204 0 13 75 09 0 09 45
35 205 0 08 27 00 1 09 27
35 206 0 02 14 08 1 09 14
35 207 0 05 77 05 1 09 77
35 208 0 03 47 02 1 09 47
35 209 0 02 14 08 1 09 14
35 210 0 14 40 06 1 09 40
35 211 0 04 48 04 1 09 48
35 212 0 12 26 03 1 09 26
35 213 0 05 77 05 1 09 77
35 214 0 10 63 01 1 09 63
35 215 0 13 75 09 1 09 75
35 216 0 09 41 07 1 09 41
35 217 0 08 27 00 1 09 27
35 218 0 08 27 00 1 10 27
35 219 0 01 46 10 1 10 46
35 220 0 05 77 05 1 10 77
35 221 0 02 14 08 1 10 14
35 222 0 13 75 09 1 10 75
35 223 0 10 63 01 1 10 63
35 224 0 12 26 03 1 10 26
35 225 0 04 48 04 1 10 48
35 226 0 14 40 06 1 10 40
35 227 0 09 41 07 1 10 41
35 228 0 03 47 02 1 10 47
35 229 0 09 41 07 1 11 41
35 230 0 12 26 03 1 11 26
35 231 0 02 14 08 1 11 14
35 232 0 04 48 04 1 11 48
35 233 0 13 75 09 1 11 75
35 234 0 08 27 00 1 11 27
35 235 0 01 46 10 0 11 04
35 236 0 10 63 01 1 11 63
35 237 0 15 71 11 0 11 74
35 238 0 03 47 02 1 11 47
35 239 0 05 77 05 1 11 77
35 240 1 07 67 00 1 00 67
35 241 1 07 67 00 1 01 67
35 242 1 16 39 01 1 01 39
35 243 1 16 39 01 0 02 69
35 244 1 07 67 00 0 02 37
35 245 1 15 18 02 0 02 39
35 246 1 16 39 01 1 02 39
35 247 1 07 67 00 1 02 67
35 248 1 15 18 02 0 02 31
35 249 1 16 39 01 1 02 39
35 250 1 15 18 02 1 02 18
35 251 1 07 67 00 1 02 67
35 252 1 07 67 00 1 03 67
35 253 1 03 68 03 1 03 68
35 254 1 16 39 01 1 03 39
35 255 1 15 18 02 1 03 18
35 256 1 07 67 00 1 04 67
35 257 1 03 68 03 1 04 68
35 258 1 10 69 04 1 04 69
35 259 1 16 39 01 1 04 39
35 260 1 15 18 02 1 04 18
35 261 1 09 44 05 1 05 44
35 262 1 07 67 00 1 05 67
35 263 1 10 69 04 1 05 69
35 264 1 15 18 02 1 05 18
35 265 1 03 68 03 1 05 68
35 266 1 16 39 01 1 05 39
35 267 1 15 18 02 1 06 18
35 268 1 16 39 01 1 06 39
35 269 1 09 44 05 0 06 69
35 270 1 07 67 00 1 06 67
35 271 1 17 32 06 0 06 44
35 272 1 03 68 03 1 06 68
35 273 1 10 69 04 1 06 69
35 274 1 15 18 02 1 06 18
35 275 1 07 67 00 1 06 67
35 276 1 17 32 06 0 06 42
35 277 1 10 69 04 1 06 69
35 278 1 16 39 01 1 06 39
35 279 1 09 44 05 1 06 44
35 280 1 03 68 03 1 06 68
35 281 1 09 44 05 0 06 32
35 282 1 10 69 04 1 06 69
35 283 1 15 18 02 1 06 18
35 284 1 16 39 01 1 06 39
35 285 1 03 68 03 1 06 68
35 286 1 17 32 06 1 06 32
35 287 1 07 67 00 1 06 67
35 288 1 07 67 00 1 06 67
35 289 1 09 44 05 1 06 44
35 290 1 03 68 03 1 06 68
35 291 1 17 32 06 1 06 32
35 292 1 15 18 02 1 06 18
35 293 1 10 69 04 1 06 69
35 294 1 16 39 01 1 06 39
35 295 1 17 32 06 1 07 32
35 296 1 15 18 02 1 07 18
35 297 1 11 52 07 1 07 52
35 298 1 03 68 03 1 07 68
35 299 1 09 44 05 0 07 39
35 300 1 10 69 04 0 07 36
35 301 1 07 67 00 1 07 67
35 302 1 16 39 01 1 07 39
35 303 1 10 69 04 1 07 69
35 304 1 16 39 01 1 07 39
35 305 1 15 18 02 1 07 18
35 306 1 03 68 03 1 07 68
35 307 1 07 67 00 1 07 67
35 308 1 17 32 06 1 07 32
35 309 1 11 52 07 1 07 52
35 310 1 09 44 05 1 07 44
35 311 1 15 18 02 1 08 18
35 312 1 08 38 08 1 08 38
35 313 1 10 69 04 1 08 69
35 314 1 11 52 07 1 08 52
35 315 1 03 68 03 1 08 68
35 316 1 17 32 06 1 08 32
35 317 1 07 67 00 1 08 67
35 318 1 09 44 05 1 08 44
35 319 1 16 39 01 1 08 39
35 320 1 03 68 03 1 09 68
35 321 1 09 44 05 1 09 44
35 322 1 08 38 08 1 09 38
35 323 1 16 39 01 1 09 39
35 324 1 15 18 02 1 09 18
35 325 1 11 52 07 1 09 52
35 326 1 04 70 09 0 09 38
35 327 1 10 69 04 0 09 39
35 328 1 17 32 06 1 09 32
35 329 1 07 67 00 1 09 67
35 330 1 07 67 00 1 09 67
35 331 1 03 68 03 1 09 68
35 332 1 08 38 08 1 09 38
35 333 1 16 39 01 1 09 39
35 334 1 10 69 04 1 09 69
35 335 1 17 32 06 1 09 32
35 336 1 09 44 05 1 09 44
35 337 1 11 52 07 1 09 52
35 338 1 15 18 02 1 09 18
35 339 1 04 70 09 1 09 70
35 340 1 15 18 02 1 10 18
35 341 1 09 44 05 0 10 39
35 342 1 06 49 10 1 10 49
35 343 1 11 52 07 1 10 52
35 344 1 10 69 04 1 10 69
35 345 1 17 32 06 1 10 32
35 346 1 03 68 03 1 10 68
35 347 1 16 39 01 1 10 39
35 348 1 04 70 09 1 10 70
35 349 1 08 38 08 1 10 38
35 350 1 07 67 00 1 10 67
35 351 1 15 18 02 1 10 18
35 352 1 08 38 08 1 10 38
35 353 1 09 44 05 1 10 44
35 354 1 10 69 04 1 10 69
35 355 1 16 39 01 1 10 39
35 356 1 03 68 03 1 10 68
35 357 1 17 32 06 1 10 32
35 358 1 11 52 07 1 10 52
35 359 1 06 49 10 0 10 48
