26 000 3 02 69 00 1 00 69
26 001 3 02 69 00 1 01 69
26 002 3 11 72 01 1 01 72
26 003 3 11 72 01 1 02 72
26 004 3 02 69 00 1 02 69
26 005 3 01 30 02 0 02 08
26 006 3 02 69 00 1 02 69
26 007 3 11 72 01 1 02 72
26 008 3 01 30 02 1 02 30
26 009 3 02 69 00 0 03 72
26 010 3 15 36 03 0 03 72
26 011 3 11 72 01 0 03 69
26 012 3 01 30 02 1 03 30
26 013 3 15 36 03 0 03 72
26 014 3 11 72 01 0 03 36
26 015 3 01 30 02 1 03 30
26 016 3 02 69 00 1 03 69
26 017 3 02 69 00 1 03 69
26 018 3 01 30 02 1 03 30
26 019 3 15 36 03 0 03 72
26 020 3 11 72 01 1 03 72
26 021 3 11 72 01 1 03 72
26 022 3 01 30 02 1 03 30
26 023 3 15 36 03 1 03 36
26 024 3 02 69 00 0 03 72
26 025 3 01 30 02 1 03 30
26 026 3 02 69 00 0 03 72
26 027 3 15 36 03 0 03 72
26 028 3 11 72 01 0 03 69
26 029 3 11 72 01 1 03 72
26 030 3 02 69 00 0 03 36
26 031 3 01 30 02 1 03 30
26 032 3 15 36 03 0 03 69
26 033 3 01 30 02 1 03 30
26 034 3 15 36 03 1 03 36
26 035 3 02 69 00 1 03 69
26 036 3 11 72 01 1 03 72
26 037 3 08 27 04 1 04 27
26 038 3 11 72 01 0 04 69
26 039 3 02 69 00 0 04 03
26 000 2 11 58 00 1 00 58
26 001 2 03 12 01 1 01 12
26 002 2 11 58 00 1 01 58
26 003 2 03 12 01 1 02 12
26 004 2 11 58 00 1 02 58
26 005 2 02 38 02 0 02 32
26 006 2 02 38 02 0 02 32
26 007 2 11 58 00 1 02 58
26 008 2 03 12 01 1 02 12
26 009 2 03 12 01 0 02 38
26 010 2 02 38 02 1 02 38
26 011 2 11 58 00 1 02 58
26 012 2 11 58 00 1 02 58
26 013 2 03 12 01 1 02 12
26 014 2 02 38 02 1 02 38
26 015 2 15 65 03 1 03 65
26 016 2 02 38 02 1 03 38
26 017 2 03 12 01 1 03 12
26 018 2 11 58 00 1 03 58
26 019 2 15 65 03 0 04 38
26 020 2 10 17 04 0 04 58
26 021 2 11 58 00 1 04 58
26 022 2 03 12 01 1 04 12
26 023 2 02 38 02 1 04 38
26 024 2 10 17 04 0 04 58
26 025 2 15 65 03 0 04 38
26 026 2 11 58 00 0 04 38
26 027 2 03 12 01 1 04 12
26 028 2 02 38 02 1 04 38
26 029 2 03 12 01 1 04 12
26 030 2 15 65 03 1 04 65
26 031 2 02 38 02 1 04 38
26 032 2 11 58 00 1 04 58
26 033 2 10 17 04 0 04 58
26 034 2 15 65 03 1 04 65
26 035 2 10 17 04 0 04 58
26 036 2 02 38 02 1 04 38
26 037 2 03 12 01 1 04 12
26 038 2 11 58 00 1 04 58
26 039 2 03 12 01 1 04 12
26 040 2 10 17 04 0 04 58
26 041 2 11 58 00 0 04 17
26 042 2 02 38 02 1 04 38
26 043 2 15 65 03 1 04 65
26 044 2 10 17 04 1 04 17
26 045 2 15 65 03 1 04 65
26 046 2 02 38 02 1 04 38
26 047 2 03 12 01 1 04 12
26 048 2 11 58 00 0 04 17
26 049 2 15 65 03 1 04 65
26 050 2 03 12 01 1 04 12
26 051 2 02 38 02 1 04 38
26 052 2 11 58 00 0 04 17
26 053 2 10 17 04 1 04 17
26 054 2 15 65 03 1 04 65
26 055 2 03 12 01 1 04 12
26 056 2 02 38 02 1 04 38
26 057 2 10 17 04 0 04 38
26 058 2 11 58 00 1 04 58
26 059 2 03 12 01 1 04 12
26 060 2 02 38 02 1 04 38
26 061 2 15 65 03 1 04 65
26 062 2 11 58 00 0 04 17
26 063 2 10 17 04 1 04 17
26 064 2 02 38 02 1 04 38
26 065 2 10 17 04 1 04 17
26 066 2 11 58 00 0 04 38
26 067 2 03 12 01 1 04 12
26 068 2 15 65 03 1 04 65
26 069 2 10 17 04 1 04 17
26 070 2 03 12 01 1 04 12
26 071 2 11 58 00 1 04 58
26 072 2 15 65 03 1 04 65
26 073 2 02 38 02 1 04 38
26 074 2 15 65 03 1 05 65
26 075 2 11 58 00 0 05 17
26 076 2 07 43 05 1 05 43
26 077 2 10 17 04 1 05 17
26 078 2 03 12 01 1 05 12
26 079 2 02 38 02 1 05 38
26 080 2 15 65 03 1 05 65
26 081 2 07 43 05 1 05 43
26 082 2 11 58 00 1 05 58
26 083 2 03 12 01 1 05 12
26 084 2 10 17 04 1 05 17
26 085 2 02 38 02 1 05 38
26 086 2 07 43 05 1 06 43
26 087 2 04 61 06 1 06 61
26 088 2 15 65 03 1 06 65
26 089 2 03 12 01 1 06 12
26 090 2 02 38 02 1 06 38
26 091 2 10 17 04 0 06 58
26 092 2 11 58 00 1 06 58
26 093 2 11 58 00 0 06 17
26 094 2 03 12 01 1 06 12
26 095 2 04 61 06 0 06 12
26 096 2 15 65 03 1 06 65
26 097 2 07 43 05 0 06 61
26 098 2 02 38 02 1 06 38
26 099 2 10 17 04 0 06 58
26 100 2 11 58 00 1 06 58
26 101 2 15 65 03 1 06 65
26 102 2 07 43 05 1 06 43
26 103 2 04 61 06 0 06 12
26 104 2 10 17 04 1 06 17
26 105 2 03 12 01 1 06 12
26 106 2 02 38 02 1 06 38
26 107 2 11 58 00 0 06 17
26 108 2 07 43 05 0 06 61
26 109 2 15 65 03 0 06 06
26 110 2 10 17 04 1 06 17
26 111 2 04 61 06 0 06 12
26 112 2 02 38 02 1 06 38
26 113 2 03 12 01 0 06 38
26 114 2 02 38 02 1 06 38
26 115 2 15 65 03 0 06 58
26 116 2 03 12 01 1 06 12
26 117 2 07 43 05 0 06 61
26 118 2 11 58 00 1 06 58
26 119 2 10 17 04 0 06 58
26 120 0 07 47 00 1 00 47
26 121 0 07 47 00 1 01 47
26 122 0 12 14 01 1 01 14
26 123 0 07 47 00 1 02 47
26 124 0 12 14 01 1 02 14
26 125 0 17 52 02 1 02 52
26 126 0 07 47 00 1 03 47
26 127 0 15 16 03 0 03 05
26 128 0 17 52 02 1 03 52
26 129 0 12 14 01 1 03 14
26 130 0 07 47 00 0 03 14
26 131 0 12 14 01 1 03 14
26 132 0 15 16 03 0 03 52
26 133 0 17 52 02 1 03 52
26 134 0 15 16 03 1 03 16
26 135 0 07 47 00 1 03 47
26 136 0 12 14 01 1 03 14
26 137 0 17 52 02 0 03 16
26 138 0 07 47 00 1 03 47
26 139 0 17 52 02 0 03 58
26 140 0 12 14 01 1 03 14
26 141 0 15 16 03 1 03 16
26 142 0 17 52 02 1 03 52
26 143 0 15 16 03 1 03 16
26 144 0 07 47 00 1 03 47
26 145 0 12 14 01 1 03 14
26 146 0 12 14 01 1 04 14
26 147 0 06 51 04 1 04 51
26 148 0 15 16 03 0 04 11
26 149 0 17 52 02 1 04 52
26 150 0 07 47 00 1 04 47
26 151 0 17 52 02 0 04 14
26 152 0 06 51 04 1 04 51
26 153 0 12 14 01 1 04 14
26 154 0 15 16 03 1 04 16
26 155 0 07 47 00 1 04 47
26 156 0 07 47 00 1 04 47
26 157 0 15 16 03 1 04 16
26 158 0 12 14 01 0 04 47
26 159 0 06 51 04 1 04 51
26 160 0 17 52 02 0 04 58
26 161 0 15 16 03 1 04 16
26 162 0 06 51 04 1 04 51
26 163 0 12 14 01 1 04 14
26 164 0 07 47 00 1 04 47
26 165 0 17 52 02 1 04 52
26 166 0 06 51 04 1 05 51
26 167 0 07 47 00 1 05 47
26 168 0 12 14 01 1 05 14
26 169 0 04 63 05 0 05 53
26 170 0 15 16 03 1 05 16
26 171 0 17 52 02 1 05 52
26 172 0 12 14 01 1 05 14
26 173 0 17 52 02 1 05 52
26 174 0 06 51 04 1 05 51
26 175 0 07 47 00 1 05 47
26 176 0 04 63 05 0 05 14
26 177 0 15 16 03 1 05 16
26 178 0 12 14 01 1 05 14
26 179 0 17 52 02 1 05 52
26 180 0 04 63 05 1 05 63
26 181 0 15 16 03 1 05 16
26 182 0 06 51 04 1 05 51
26 183 0 07 47 00 1 05 47
26 184 0 12 14 01 1 06 14
26 185 0 04 63 05 1 06 63
26 186 0 15 16 03 1 06 16
26 187 0 17 52 02 1 06 52
26 188 0 08 25 06 0 06 15
26 189 0 07 47 00 1 06 47
26 190 0 06 51 04 1 06 51
26 191 0 08 25 06 1 06 25
26 192 0 07 47 00 1 06 47
26 193 0 06 51 04 1 06 51
26 194 0 12 14 01 1 06 14
26 195 0 04 63 05 0 06 25
26 196 0 17 52 02 1 06 52
26 197 0 15 16 03 1 06 16
26 198 0 04 63 05 1 06 63
26 199 0 12 14 01 1 06 14
26 200 0 17 52 02 1 06 52
26 201 0 08 25 06 1 06 25
26 202 0 07 47 00 1 06 47
26 203 0 15 16 03 1 06 16
26 204 0 06 51 04 1 06 51
26 205 0 07 47 00 1 07 47
26 206 0 12 14 01 0 07 51
26 207 0 04 63 05 1 07 63
26 208 0 15 16 03 1 07 16
26 209 0 06 51 04 1 07 51
26 210 0 08 25 06 1 07 25
26 211 0 10 42 07 0 07 56
26 212 0 17 52 02 1 07 52
26 213 0 04 63 05 1 07 63
26 214 0 15 16 03 1 07 16
26 215 0 08 25 06 0 07 12
26 216 0 12 14 01 1 07 14
26 217 0 06 51 04 1 07 51
26 218 0 10 42 07 1 07 42
26 219 0 07 47 00 1 07 47
26 220 0 17 52 02 0 07 63
26 221 0 06 51 04 1 07 51
26 222 0 15 16 03 1 07 16
26 223 0 12 14 01 1 07 14
26 224 0 17 52 02 1 07 52
26 225 0 08 25 06 1 07 25
26 226 0 07 47 00 1 07 47
26 227 0 10 42 07 1 07 42
26 228 0 04 63 05 1 07 63
26 229 0 10 42 07 1 08 42
26 230 0 08 25 06 1 08 25
26 231 0 06 51 04 1 08 51
26 232 0 15 16 03 1 08 16
26 233 0 12 14 01 1 08 14
26 234 0 14 60 08 1 08 60
26 235 0 17 52 02 1 08 52
26 236 0 07 47 00 1 08 47
26 237 0 04 63 05 1 08 63
26 238 0 07 47 00 1 09 47
26 239 0 12 14 01 0 09 51
26 240 1 12 79 00 1 00 79
26 241 1 03 50 01 1 01 50
26 242 1 12 79 00 1 01 79
26 243 1 07 41 02 1 02 41
26 244 1 03 50 01 1 02 50
26 245 1 12 79 00 1 02 79
26 246 1 03 50 01 1 03 50
26 247 1 07 41 02 1 03 41
26 248 1 12 79 00 1 03 79
26 249 1 08 29 03 1 03 29
26 250 1 03 50 01 1 04 50
26 251 1 12 79 00 1 04 79
26 252 1 08 29 03 1 04 29
26 253 1 15 45 04 0 04 41
26 254 1 07 41 02 0 04 20
26 255 1 15 45 04 0 04 29
26 256 1 07 41 02 0 04 02
26 257 1 08 29 03 0 04 42
26 258 1 03 50 01 1 04 50
26 259 1 12 79 00 1 04 79
26 260 1 03 50 01 1 04 50
26 261 1 12 79 00 1 04 79
26 262 1 07 41 02 0 04 29
26 263 1 08 29 03 1 04 29
26 264 1 15 45 04 0 04 41
26 265 1 03 50 01 1 04 50
26 266 1 15 45 04 0 04 04
26 267 1 12 79 00 1 04 79
26 268 1 07 41 02 1 04 41
26 269 1 08 29 03 0 04 45
26 270 1 15 45 04 1 04 45
26 271 1 03 50 01 1 04 50
26 272 1 12 79 00 1 04 79
26 273 1 08 29 03 1 04 29
26 274 1 07 41 02 1 04 41
26 275 1 07 41 02 0 05 45
26 276 1 06 73 05 0 05 71
26 277 1 12 79 00 1 05 79
26 278 1 15 45 04 1 05 45
26 279 1 08 29 03 1 05 29
26 280 1 03 50 01 1 05 50
26 281 1 12 79 00 1 05 79
26 282 1 06 73 05 1 05 73
26 283 1 07 41 02 1 05 41
26 284 1 08 29 03 1 05 29
26 285 1 03 50 01 1 05 50
26 286 1 15 45 04 0 05 73
26 287 1 15 45 04 0 05 73
26 288 1 08 29 03 1 05 29
26 289 1 07 41 02 1 05 41
26 290 1 06 73 05 1 05 73
26 291 1 12 79 00 1 05 79
26 292 1 03 50 01 1 05 50
26 293 1 08 29 03 1 05 29
26 294 1 03 50 01 1 05 50
26 295 1 12 79 00 1 05 79
26 296 1 06 73 05 1 05 73
26 297 1 07 41 02 1 05 41
26 298 1 15 45 04 1 05 45
26 299 1 06 73 05 1 06 73
26 300 1 03 50 01 1 06 50
26 301 1 08 29 03 0 06 45
26 302 1 07 41 02 0 06 45
26 303 1 12 79 00 1 06 79
26 304 1 04 57 06 0 06 79
26 305 1 15 45 04 0 06 73
26 306 1 04 57 06 1 06 57
26 307 1 12 79 00 1 06 79
26 308 1 06 73 05 1 06 73
26 309 1 07 41 02 1 06 41
26 310 1 03 50 01 1 06 50
26 311 1 15 45 04 1 06 45
26 312 1 08 29 03 1 06 29
26 313 1 03 50 01 1 07 50
26 314 1 12 79 00 1 07 79
26 315 1 08 29 03 1 07 29
26 316 1 04 57 06 0 07 73
26 317 1 15 45 04 1 07 45
26 318 1 06 73 05 1 07 73
26 319 1 07 41 02 1 07 41
26 320 1 11 48 07 0 07 57
26 321 1 07 41 02 1 07 41
26 322 1 12 79 00 1 07 79
26 323 1 06 73 05 1 07 73
26 324 1 04 57 06 1 07 57
26 325 1 15 45 04 1 07 45
26 326 1 11 48 07 1 07 48
26 327 1 03 50 01 1 07 50
26 328 1 08 29 03 1 07 29
26 329 1 04 57 06 1 08 57
26 330 1 07 41 02 1 08 41
26 331 1 08 29 03 1 08 29
26 332 1 03 50 01 1 08 50
26 333 1 12 79 00 1 08 79
26 334 1 06 73 05 1 08 73
26 335 1 01 70 08 1 08 70
26 336 1 11 48 07 1 08 48
26 337 1 15 45 04 1 08 45
26 338 1 15 45 04 1 09 45
26 339 1 06 73 05 1 09 73
26 340 1 13 56 09 1 09 56
26 341 1 11 48 07 1 09 48
26 342 1 04 57 06 1 09 57
26 343 1 12 79 00 1 09 79
26 344 1 01 70 08 0 09 56
26 345 1 03 50 01 1 09 50
26 346 1 08 29 03 0 09 59
26 347 1 07 41 02 1 09 41
26 348 1 11 48 07 1 09 48
26 349 1 04 57 06 1 09 57
26 350 1 13 56 09 1 09 56
26 351 1 03 50 01 1 09 50
26 352 1 12 79 00 1 09 79
26 353 1 06 73 05 1 09 73
26 354 1 15 45 04 1 09 45
26 355 1 07 41 02 1 09 41
26 356 1 08 29 03 1 09 29
26 357 1 01 70 08 0 09 58
26 358 1 11 48 07 0 09 57
26 359 1 13 56 09 1 09 56
