23 000 3 09 56 00 0 00 06
23 001 3 09 56 00 1 00 56
23 002 3 14 67 01 1 01 67
23 003 3 09 56 00 1 01 56
23 004 3 09 56 00 1 02 56
23 005 3 10 45 02 0 02 46
23 006 3 14 67 01 0 02 46
23 007 3 09 56 00 1 02 56
23 008 3 10 45 02 1 02 45
23 009 3 14 67 01 1 02 67
23 010 3 10 45 02 1 03 45
23 011 3 09 56 00 1 03 56
23 012 3 07 34 03 1 03 34
23 013 3 14 67 01 1 03 67
23 014 3 09 56 00 1 04 56
23 015 3 07 34 03 0 04 37
23 016 3 10 45 02 0 04 48
23 017 3 15 16 04 0 04 56
23 018 3 14 67 01 0 04 48
23 019 3 14 67 01 1 04 67
23 020 3 09 56 00 1 04 56
23 021 3 07 34 03 0 04 45
23 022 3 15 16 04 0 04 56
23 023 3 10 45 02 1 04 45
23 024 3 15 16 04 0 04 56
23 025 3 09 56 00 1 04 56
23 026 3 14 67 01 0 04 48
23 027 3 10 45 02 1 04 45
23 028 3 07 34 03 0 04 37
23 029 3 14 67 01 0 04 45
23 030 3 10 45 02 0 04 48
23 031 3 09 56 00 0 04 16
23 032 3 15 16 04 1 04 16
23 033 3 07 34 03 1 04 34
23 034 3 07 34 03 1 04 34
23 035 3 15 16 04 0 04 56
23 036 3 14 67 01 0 04 45
23 037 3 09 56 00 1 04 56
23 038 3 10 45 02 0 04 34
23 039 3 15 16 04 1 04 16
23 000 2 10 55 00 1 00 55
23 001 2 10 55 00 1 01 55
23 002 2 06 29 01 1 01 29
23 003 2 16 72 02 1 02 72
23 004 2 06 29 01 0 02 27
23 005 2 10 55 00 0 02 57
23 006 2 16 72 02 1 02 72
23 007 2 06 29 01 0 02 25
23 008 2 10 55 00 1 02 55
23 009 2 10 55 00 1 02 55
23 010 2 16 72 02 1 02 72
23 011 2 06 29 01 0 02 25
23 012 2 06 29 01 1 02 29
23 013 2 16 72 02 1 02 72
23 014 2 10 55 00 1 02 55
23 015 2 06 29 01 1 03 29
23 016 2 10 55 00 1 03 55
23 017 2 16 72 02 1 03 72
23 018 2 11 65 03 1 03 65
23 019 2 16 72 02 1 04 72
23 020 2 11 65 03 0 04 57
23 021 2 10 55 00 1 04 55
23 022 2 13 37 04 0 04 65
23 023 2 06 29 01 1 04 29
23 024 2 13 37 04 0 04 35
23 025 2 11 65 03 0 04 64
23 026 2 06 29 01 1 04 29
23 027 2 10 55 00 1 04 55
23 028 2 16 72 02 1 04 72
23 029 2 16 72 02 1 04 72
23 030 2 11 65 03 1 04 65
23 031 2 10 55 00 0 04 65
23 032 2 06 29 01 1 04 29
23 033 2 13 37 04 0 04 65
23 034 2 13 37 04 1 04 37
23 035 2 10 55 00 1 04 55
23 036 2 16 72 02 1 04 72
23 037 2 06 29 01 1 04 29
23 038 2 11 65 03 0 04 55
23 039 2 16 72 02 1 04 72
23 040 2 11 65 03 1 04 65
23 041 2 13 37 04 0 04 34
23 042 2 06 29 01 1 04 29
23 043 2 10 55 00 1 04 55
23 044 2 11 65 03 1 04 65
23 045 2 06 29 01 1 04 29
23 046 2 16 72 02 0 04 37
23 047 2 13 37 04 0 04 65
23 048 2 10 55 00 1 04 55
23 049 2 10 55 00 1 04 55
23 050 2 13 37 04 0 04 65
23 051 2 11 65 03 0 04 55
23 052 2 16 72 02 1 04 72
23 053 2 06 29 01 1 04 29
23 054 2 06 29 01 1 04 29
23 055 2 10 55 00 1 04 55
23 056 2 11 65 03 1 04 65
23 057 2 16 72 02 1 04 72
23 058 2 13 37 04 1 04 37
23 059 2 06 29 01 1 05 29
23 060 2 13 37 04 0 05 65
23 061 2 11 65 03 1 05 65
23 062 2 16 72 02 1 05 72
23 063 2 00 11 05 1 05 11
23 064 2 10 55 00 1 05 55
23 065 2 11 65 03 0 05 55
23 066 2 10 55 00 1 05 55
23 067 2 16 72 02 1 05 72
23 068 2 13 37 04 1 05 37
23 069 2 06 29 01 1 05 29
23 070 2 00 11 05 1 05 11
23 071 2 13 37 04 0 05 65
23 072 2 11 65 03 1 05 65
23 073 2 00 11 05 1 05 11
23 074 2 16 72 02 1 05 72
23 075 2 10 55 00 1 05 55
23 076 2 06 29 01 1 05 29
23 077 2 00 11 05 1 05 11
23 078 2 16 72 02 1 05 72
23 079 2 13 37 04 1 05 37
23 080 2 11 65 03 1 05 65
23 081 2 10 55 00 1 05 55
23 082 2 06 29 01 1 05 29
23 083 2 00 11 05 1 06 11
23 084 2 16 72 02 1 06 72
23 085 2 11 65 03 1 06 65
23 086 2 06 29 01 1 06 29
23 087 2 10 55 00 1 06 55
23 088 2 13 37 04 0 06 65
23 089 2 04 20 06 1 06 20
23 090 2 11 65 03 1 06 65
23 091 2 10 55 00 0 06 65
23 092 2 13 37 04 0 06 65
23 093 2 00 11 05 1 06 11
23 094 2 04 20 06 1 06 20
23 095 2 16 72 02 1 06 72
23 096 2 06 29 01 1 06 29
23 097 2 00 11 05 1 06 11
23 098 2 11 65 03 0 06 55
23 099 2 04 20 06 1 06 20
23 100 2 06 29 01 1 06 29
23 101 2 16 72 02 1 06 72
23 102 2 10 55 00 0 06 65
23 103 2 13 37 04 1 06 37
23 104 2 00 11 05 1 06 11
23 105 2 11 65 03 1 06 65
23 106 2 13 37 04 1 06 37
23 107 2 10 55 00 1 06 55
23 108 2 06 29 01 1 06 29
23 109 2 04 20 06 1 06 20
23 110 2 16 72 02 1 06 72
23 111 2 13 37 04 0 07 72
23 112 2 11 65 03 0 07 37
23 113 2 00 11 05 1 07 11
23 114 2 10 55 00 1 07 55
23 115 2 01 25 07 1 07 25
23 116 2 16 72 02 1 07 72
23 117 2 04 20 06 0 07 29
23 118 2 06 29 01 1 07 29
23 119 2 16 72 02 1 07 72
23 120 0 04 43 00 1 00 43
23 121 0 04 43 00 1 01 43
23 122 0 11 73 01 1 01 73
23 123 0 04 43 00 1 02 43
23 124 0 11 73 01 1 02 73
23 125 0 05 59 02 0 02 49
23 126 0 11 73 01 1 02 73
23 127 0 05 59 02 1 02 59
23 128 0 04 43 00 1 02 43
23 129 0 11 73 01 0 03 43
23 130 0 05 59 02 0 03 43
23 131 0 03 38 03 1 03 38
23 132 0 04 43 00 1 03 43
23 133 0 05 59 02 1 03 59
23 134 0 11 73 01 1 03 73
23 135 0 03 38 03 1 03 38
23 136 0 04 43 00 1 03 43
23 137 0 05 59 02 1 04 59
23 138 0 04 43 00 1 04 43
23 139 0 15 51 04 0 04 41
23 140 0 03 38 03 1 04 38
23 141 0 11 73 01 1 04 73
23 142 0 03 38 03 1 04 38
23 143 0 05 59 02 1 04 59
23 144 0 15 51 04 1 04 51
23 145 0 04 43 00 1 04 43
23 146 0 11 73 01 1 04 73
23 147 0 15 51 04 1 05 51
23 148 0 05 59 02 1 05 59
23 149 0 04 43 00 1 05 43
23 150 0 14 41 05 0 05 31
23 151 0 03 38 03 1 05 38
23 152 0 11 73 01 1 05 73
23 153 0 03 38 03 1 05 38
23 154 0 11 73 01 1 05 73
23 155 0 15 51 04 1 05 51
23 156 0 14 41 05 1 05 41
23 157 0 05 59 02 1 05 59
23 158 0 04 43 00 1 05 43
23 159 0 12 79 06 1 06 79
23 160 0 03 38 03 1 06 38
23 161 0 15 51 04 1 06 51
23 162 0 11 73 01 1 06 73
23 163 0 14 41 05 1 06 41
23 164 0 05 59 02 1 06 59
23 165 0 04 43 00 1 06 43
23 166 0 15 51 04 1 07 51
23 167 0 03 38 03 1 07 38
23 168 0 12 79 06 0 07 57
23 169 0 14 41 05 1 07 41
23 170 0 11 73 01 1 07 73
23 171 0 00 58 07 1 07 58
23 172 0 04 43 00 1 07 43
23 173 0 05 59 02 1 07 59
23 174 0 11 73 01 1 07 73
23 175 0 00 58 07 1 07 58
23 176 0 05 59 02 1 07 59
23 177 0 14 41 05 1 07 41
23 178 0 15 51 04 1 07 51
23 179 0 03 38 03 1 07 38
23 180 0 12 79 06 1 07 79
23 181 0 04 43 00 1 07 43
23 182 0 05 59 02 1 08 59
23 183 0 04 43 00 1 08 43
23 184 0 15 51 04 1 08 51
23 185 0 11 73 01 1 08 73
23 186 0 14 41 05 1 08 41
23 187 0 03 38 03 1 08 38
23 188 0 13 24 08 0 08 51
23 189 0 00 58 07 1 08 58
23 190 0 12 79 06 1 08 79
23 191 0 12 79 06 1 08 79
23 192 0 05 59 02 1 08 59
23 193 0 04 43 00 1 08 43
23 194 0 11 73 01 1 08 73
23 195 0 13 24 08 1 08 24
23 196 0 15 51 04 1 08 51
23 197 0 00 58 07 1 08 58
23 198 0 03 38 03 1 08 38
23 199 0 14 41 05 1 08 41
23 200 0 05 59 02 1 09 59
23 201 0 03 38 03 1 09 38
23 202 0 12 79 06 0 09 58
23 203 0 11 73 01 1 09 73
23 204 0 10 68 09 1 09 68
23 205 0 15 51 04 1 09 51
23 206 0 14 41 05 1 09 41
23 207 0 00 58 07 0 09 51
23 208 0 13 24 08 1 09 24
23 209 0 04 43 00 1 09 43
23 210 0 10 68 09 1 09 68
23 211 0 15 51 04 1 09 51
23 212 0 14 41 05 1 09 41
23 213 0 13 24 08 0 09 58
23 214 0 03 38 03 1 09 38
23 215 0 00 58 07 0 09 51
23 216 0 05 59 02 0 09 58
23 217 0 04 43 00 1 09 43
23 218 0 12 79 06 1 09 79
23 219 0 11 73 01 1 09 73
23 220 0 10 68 09 1 09 68
23 221 0 14 41 05 1 09 41
23 222 0 05 59 02 1 09 59
23 223 0 03 38 03 1 09 38
23 224 0 15 51 04 1 09 51
23 225 0 12 79 06 0 09 58
23 226 0 13 24 08 1 09 24
23 227 0 04 43 00 1 09 43
23 228 0 00 58 07 1 09 58
23 229 0 11 73 01 1 09 73
23 230 0 13 24 08 1 09 24
23 231 0 00 58 07 1 09 58
23 232 0 04 43 00 1 09 43
23 233 0 11 73 01 1 09 73
23 234 0 15 51 04 1 09 51
23 235 0 12 79 06 1 09 79
23 236 0 03 38 03 1 09 38
23 237 0 10 68 09 1 09 68
23 238 0 05 59 02 1 09 59
23 239 0 14 41 05 1 09 41
23 240 1 08 53 00 1 00 53
23 241 1 09 62 01 1 01 62
23 242 1 08 53 00 1 01 53
23 243 1 11 48 02 1 02 48
23 244 1 08 53 00 1 02 53
23 245 1 09 62 01 1 02 62
23 246 1 09 62 01 1 03 62
23 247 1 08 53 00 0 03 48
23 248 1 11 48 02 1 03 48
23 249 1 17 60 03 0 03 32
23 250 1 08 53 00 1 03 53
23 251 1 17 60 03 1 03 60
23 252 1 09 62 01 0 03 63
23 253 1 11 48 02 1 03 48
23 254 1 09 62 01 1 03 62
23 255 1 08 53 00 1 03 53
23 256 1 17 60 03 1 03 60
23 257 1 11 48 02 0 03 62
23 258 1 17 60 03 0 03 69
23 259 1 08 53 00 1 03 53
23 260 1 11 48 02 1 03 48
23 261 1 09 62 01 1 03 62
23 262 1 17 60 03 1 03 60
23 263 1 11 48 02 1 03 48
23 264 1 08 53 00 1 03 53
23 265 1 09 62 01 1 03 62
23 266 1 11 48 02 1 04 48
23 267 1 02 21 04 1 04 21
23 268 1 17 60 03 1 04 60
23 269 1 09 62 01 1 04 62
23 270 1 08 53 00 1 04 53
23 271 1 09 62 01 1 05 62
23 272 1 00 46 05 1 05 46
23 273 1 08 53 00 1 05 53
23 274 1 02 21 04 0 05 16
23 275 1 11 48 02 1 05 48
23 276 1 17 60 03 1 05 60
23 277 1 17 60 03 1 05 60
23 278 1 08 53 00 1 05 53
23 279 1 02 21 04 1 05 21
23 280 1 00 46 05 0 05 63
23 281 1 09 62 01 1 05 62
23 282 1 11 48 02 1 05 48
23 283 1 11 48 02 1 05 48
23 284 1 09 62 01 1 05 62
23 285 1 08 53 00 1 05 53
23 286 1 02 21 04 1 05 21
23 287 1 00 46 05 0 05 25
23 288 1 17 60 03 1 05 60
23 289 1 02 21 04 1 05 21
23 290 1 11 48 02 1 05 48
23 291 1 09 62 01 1 05 62
23 292 1 17 60 03 1 05 60
23 293 1 00 46 05 1 05 46
23 294 1 08 53 00 1 05 53
23 295 1 17 60 03 1 06 60
23 296 1 02 21 04 1 06 21
23 297 1 09 62 01 1 06 62
23 298 1 11 48 02 1 06 48
23 299 1 00 46 05 1 06 46
23 300 1 08 53 00 1 06 53
23 301 1 07 28 06 0 06 25
23 302 1 17 60 03 1 06 60
23 303 1 08 53 00 1 06 53
23 304 1 11 48 02 1 06 48
23 305 1 09 62 01 1 06 62
23 306 1 02 21 04 1 06 21
23 307 1 07 28 06 1 06 28
23 308 1 00 46 05 1 06 46
23 309 1 00 46 05 1 07 46
23 310 1 17 60 03 1 07 60
23 311 1 11 48 02 1 07 48
23 312 1 08 53 00 1 07 53
23 313 1 07 28 06 1 07 28
23 314 1 09 62 01 1 07 62
23 315 1 02 21 04 1 07 21
23 316 1 15 66 07 0 07 56
23 317 1 11 48 02 1 07 48
23 318 1 09 62 01 1 07 62
23 319 1 00 46 05 1 07 46
23 320 1 08 53 00 1 07 53
23 321 1 15 66 07 1 07 66
23 322 1 07 28 06 0 07 26
23 323 1 17 60 03 1 07 60
23 324 1 02 21 04 1 07 21
23 325 1 15 66 07 1 07 66
23 326 1 17 60 03 1 07 60
23 327 1 07 28 06 1 07 28
23 328 1 02 21 04 1 07 21
23 329 1 11 48 02 1 07 48
23 330 1 08 53 00 1 07 53
23 331 1 00 46 05 0 07 28
23 332 1 09 62 01 1 07 62
23 333 1 02 21 04 1 07 21
23 334 1 17 60 03 1 07 60
23 335 1 09 62 01 1 07 62
23 336 1 08 53 00 1 07 53
23 337 1 07 28 06 0 07 66
23 338 1 11 48 02 1 07 48
23 339 1 00 46 05 0 07 28
23 340 1 15 66 07 1 07 66
23 341 1 09 62 01 1 07 62
23 342 1 15 66 07 1 07 66
23 343 1 11 48 02 1 07 48
23 344 1 08 53 00 1 07 53
23 345 1 02 21 04 1 07 21
23 346 1 00 46 05 1 07 46
23 347 1 17 60 03 1 07 60
23 348 1 07 28 06 1 07 28
23 349 1 09 62 01 1 08 62
23 350 1 15 66 07 1 08 66
23 351 1 00 46 05 1 08 46
23 352 1 04 30 08 0 08 21
23 353 1 11 48 02 1 08 48
23 354 1 02 21 04 1 08 21
23 355 1 08 53 00 1 08 53
23 356 1 07 28 06 1 08 28
23 357 1 17 60 03 1 08 60
23 358 1 04 30 08 1 08 30
23 359 1 09 62 01 1 08 62
