15 000 3 10 75 00 1 00 75
15 001 3 00 61 01 1 01 61
15 002 3 10 75 00 1 01 75
15 003 3 06 34 02 1 02 34
15 004 3 00 61 01 0 02 25
15 005 3 10 75 00 1 02 75
15 006 3 00 61 01 1 02 61
15 007 3 06 34 02 1 02 34
15 008 3 10 75 00 1 02 75
15 009 3 06 34 02 1 03 34
15 010 3 00 61 01 1 03 61
15 011 3 10 75 00 1 03 75
15 012 3 01 58 03 1 03 58
15 013 3 01 58 03 1 04 58
15 014 3 06 34 02 1 04 34
15 015 3 10 75 00 1 04 75
15 016 3 12 51 04 1 04 51
15 017 3 00 61 01 0 04 34
15 018 3 06 34 02 1 04 34
15 019 3 00 61 01 1 04 61
15 020 3 10 75 00 1 04 75
15 021 3 01 58 03 1 04 58
15 022 3 12 51 04 1 04 51
15 023 3 12 51 04 1 05 51
15 024 3 00 61 01 1 05 61
15 025 3 06 34 02 0 05 38
15 026 3 10 75 00 1 05 75
15 027 3 01 58 03 0 05 54
15 028 3 04 40 05 0 05 52
15 029 3 10 75 00 0 05 38
15 030 3 04 40 05 1 05 40
15 031 3 01 58 03 1 05 58
15 032 3 12 51 04 0 05 54
15 033 3 00 61 01 0 05 34
15 034 3 06 34 02 0 05 38
15 035 3 06 34 02 1 05 34
15 036 3 01 58 03 1 05 58
15 037 3 12 51 04 1 05 51
15 038 3 10 75 00 1 05 75
15 039 3 00 61 01 1 05 61
15 000 0 07 56 00 1 00 56
15 001 0 07 56 00 1 01 56
15 002 0 10 33 01 1 01 33
15 003 0 15 38 02 1 02 38
15 004 0 07 56 00 1 02 56
15 005 0 10 33 01 1 02 33
15 006 0 07 56 00 1 03 56
15 007 0 02 79 03 1 03 79
15 008 0 15 38 02 0 03 33
15 009 0 10 33 01 1 03 33
15 010 0 02 79 03 1 03 79
15 011 0 15 38 02 0 03 79
15 012 0 07 56 00 1 03 56
15 013 0 10 33 01 1 03 33
15 014 0 07 56 00 1 03 56
15 015 0 15 38 02 1 03 38
15 016 0 10 33 01 1 03 33
15 017 0 02 79 03 1 03 79
15 018 0 15 38 02 1 04 38
15 019 0 09 35 04 1 04 35
15 020 0 02 79 03 1 04 79
15 021 0 07 56 00 1 04 56
15 022 0 10 33 01 1 04 33
15 023 0 10 33 01 1 05 33
15 024 0 07 56 00 1 05 56
15 025 0 09 35 04 1 05 35
15 026 0 02 79 03 1 05 79
15 027 0 15 38 02 1 05 38
15 028 0 17 53 05 0 05 38
15 029 0 10 33 01 1 05 33
15 030 0 07 56 00 0 05 05
15 031 0 17 53 05 1 05 53
15 032 0 15 38 02 1 05 38
15 033 0 09 35 04 0 05 03
15 034 0 02 79 03 1 05 79
15 035 0 07 56 00 1 05 56
15 036 0 02 79 03 1 05 79
15 037 0 15 38 02 1 05 38
15 038 0 09 35 04 1 05 35
15 039 0 10 33 01 1 05 33
15 040 0 17 53 05 0 05 63
15 041 0 15 38 02 0 05 35
15 042 0 07 56 00 1 05 56
15 043 0 17 53 05 0 05 38
15 044 0 10 33 01 1 05 33
15 045 0 02 79 03 1 05 79
15 046 0 09 35 04 1 05 35
15 047 0 09 35 04 1 05 35
15 048 0 07 56 00 1 05 56
15 049 0 02 79 03 1 05 79
15 050 0 17 53 05 1 05 53
15 051 0 10 33 01 1 05 33
15 052 0 15 38 02 1 05 38
15 053 0 07 56 00 1 06 56
15 054 0 02 79 03 1 06 79
15 055 0 09 35 04 1 06 35
15 056 0 16 18 06 1 06 18
15 057 0 17 53 05 0 06 38
15 058 0 15 38 02 0 06 35
15 059 0 10 33 01 1 06 33
15 060 0 16 18 06 1 06 18
15 061 0 07 56 00 1 06 56
15 062 0 17 53 05 1 06 53
15 063 0 02 79 03 1 06 79
15 064 0 15 38 02 1 06 38
15 065 0 09 35 04 1 06 35
15 066 0 10 33 01 1 06 33
15 067 0 10 33 01 1 07 33
15 068 0 02 79 03 1 07 79
15 069 0 15 38 02 1 07 38
15 070 0 17 53 05 1 07 53
15 071 0 09 35 04 1 07 35
15 072 0 11 64 07 0 07 54
15 073 0 07 56 00 1 07 56
15 074 0 16 18 06 0 07 54
15 075 0 02 79 03 1 07 79
15 076 0 09 35 04 1 07 35
15 077 0 15 38 02 1 07 38
15 078 0 07 56 00 1 07 56
15 079 0 17 53 05 1 07 53
15 080 0 16 18 06 1 07 18
15 081 0 11 64 07 1 07 64
15 082 0 10 33 01 1 07 33
15 083 0 09 35 04 1 08 35
15 084 0 10 33 01 1 08 33
15 085 0 07 56 00 1 08 56
15 086 0 12 78 08 1 08 78
15 087 0 11 64 07 1 08 64
15 088 0 17 53 05 1 08 53
15 089 0 16 18 06 1 08 18
15 090 0 15 38 02 1 08 38
15 091 0 02 79 03 1 08 79
15 092 0 16 18 06 1 09 18
15 093 0 02 79 03 1 09 79
15 094 0 15 38 02 1 09 38
15 095 0 12 78 08 1 09 78
15 096 0 06 39 09 1 09 39
15 097 0 11 64 07 1 09 64
15 098 0 10 33 01 1 09 33
15 099 0 07 56 00 1 09 56
15 100 0 09 35 04 1 09 35
15 101 0 17 53 05 1 09 53
15 102 0 02 79 03 1 10 79
15 103 0 07 56 00 1 10 56
15 104 0 10 33 01 1 10 33
15 105 0 06 39 09 0 10 93
15 106 0 11 64 07 1 10 64
15 107 0 17 53 05 1 10 53
15 108 0 09 35 04 1 10 35
15 109 0 04 63 10 1 10 63
15 110 0 12 78 08 1 10 78
15 111 0 16 18 06 1 10 18
15 112 0 15 38 02 1 10 38
15 113 0 10 33 01 1 10 33
15 114 0 11 64 07 1 10 64
15 115 0 16 18 06 1 10 18
15 116 0 17 53 05 1 10 53
15 117 0 07 56 00 1 10 56
15 118 0 06 39 09 1 10 39
15 119 0 09 35 04 1 10 35
15 120 1 10 30 00 1 00 30
15 121 1 10 30 00 1 01 30
15 122 1 14 59 01 1 01 59
15 123 1 10 30 00 1 02 30
15 124 1 04 52 02 1 02 52
15 125 1 14 59 01 1 02 59
15 126 1 10 30 00 1 03 30
15 127 1 04 52 02 1 03 52
15 128 1 14 59 01 1 03 59
15 129 1 17 21 03 1 03 21
15 130 1 13 14 04 1 04 14
15 131 1 14 59 01 1 04 59
15 132 1 10 30 00 1 04 30
15 133 1 17 21 03 1 04 21
15 134 1 04 52 02 1 04 52
15 135 1 10 30 00 1 05 30
15 136 1 04 52 02 1 05 52
15 137 1 17 21 03 1 05 21
15 138 1 14 59 01 1 05 59
15 139 1 13 14 04 0 05 18
15 140 1 02 55 05 1 05 55
15 141 1 17 21 03 1 05 21
15 142 1 04 52 02 1 05 52
15 143 1 13 14 04 1 05 14
15 144 1 10 30 00 0 05 31
15 145 1 02 55 05 1 05 55
15 146 1 14 59 01 1 05 59
15 147 1 13 14 04 1 05 14
15 148 1 17 21 03 1 05 21
15 149 1 14 59 01 1 05 59
15 150 1 10 30 00 1 05 30
15 151 1 02 55 05 1 05 55
15 152 1 04 52 02 1 05 52
15 153 1 14 59 01 1 06 59
15 154 1 17 21 03 1 06 21
15 155 1 04 52 02 1 06 52
15 156 1 10 30 00 1 06 30
15 157 1 13 14 04 1 06 14
15 158 1 02 55 05 1 06 55
15 159 1 07 15 06 1 06 15
15 160 1 04 52 02 1 07 52
15 161 1 14 59 01 1 07 59
15 162 1 02 55 05 1 07 55
15 163 1 10 30 00 1 07 30
15 164 1 17 21 03 1 07 21
15 165 1 07 15 06 1 07 15
15 166 1 13 14 04 1 07 14
15 167 1 08 32 07 1 07 32
15 168 1 14 59 01 1 08 59
15 169 1 10 30 00 1 08 30
15 170 1 09 24 08 1 08 24
15 171 1 08 32 07 0 08 36
15 172 1 02 55 05 1 08 55
15 173 1 07 15 06 1 08 15
15 174 1 13 14 04 1 08 14
15 175 1 17 21 03 1 08 21
15 176 1 04 52 02 1 08 52
15 177 1 09 24 08 1 08 24
15 178 1 07 15 06 1 08 15
15 179 1 14 59 01 1 08 59
15 180 1 13 14 04 1 08 14
15 181 1 08 32 07 1 08 32
15 182 1 02 55 05 1 08 55
15 183 1 10 30 00 1 08 30
15 184 1 17 21 03 1 08 21
15 185 1 04 52 02 1 08 52
15 186 1 13 14 04 1 09 14
15 187 1 14 59 01 1 09 59
15 188 1 07 15 06 1 09 15
15 189 1 08 32 07 1 09 32
15 190 1 09 24 08 0 09 25
15 191 1 04 52 02 1 09 52
15 192 1 10 30 00 1 09 30
15 193 1 17 21 03 1 09 21
15 194 1 02 55 05 1 09 55
15 195 1 12 27 09 1 09 27
15 196 1 02 55 05 1 09 55
15 197 1 12 27 09 1 09 27
15 198 1 14 59 01 1 09 59
15 199 1 07 15 06 1 09 15
15 200 1 08 32 07 1 09 32
15 201 1 13 14 04 1 09 14
15 202 1 04 52 02 1 09 52
15 203 1 17 21 03 1 09 21
15 204 1 10 30 00 1 09 30
15 205 1 09 24 08 1 09 24
15 206 1 14 59 01 1 10 59
15 207 1 02 55 05 1 10 55
15 208 1 17 21 03 1 10 21
15 209 1 10 30 00 1 10 30
15 210 1 09 24 08 0 10 25
15 211 1 07 15 06 1 10 15
15 212 1 12 27 09 1 10 27
15 213 1 13 14 04 1 10 14
15 214 1 03 65 10 1 10 65
15 215 1 04 52 02 1 10 52
15 216 1 08 32 07 1 10 32
15 217 1 12 27 09 1 10 27
15 218 1 08 32 07 1 10 32
15 219 1 13 14 04 1 10 14
15 220 1 17 21 03 1 10 21
15 221 1 14 59 01 1 10 59
15 222 1 07 15 06 1 10 15
15 223 1 03 65 10 1 10 65
15 224 1 10 30 00 1 10 30
15 225 1 02 55 05 1 10 55
15 226 1 04 52 02 1 10 52
15 227 1 09 24 08 1 10 24
15 228 1 17 21 03 1 11 21
15 229 1 10 30 00 1 11 30
15 230 1 08 32 07 1 11 32
15 231 1 01 68 11 1 11 68
15 232 1 13 14 04 1 11 14
15 233 1 12 27 09 1 11 27
15 234 1 09 24 08 1 11 24
15 235 1 07 15 06 1 11 15
15 236 1 04 52 02 1 11 52
15 237 1 03 65 10 1 11 65
15 238 1 02 55 05 1 11 55
15 239 1 14 59 01 1 11 59
15 240 2 09 45 00 1 00 45
15 241 2 12 31 01 1 01 31
15 242 2 09 45 00 1 01 45
15 243 2 09 45 00 1 02 45
15 244 2 13 23 02 0 02 31
15 245 2 12 31 01 0 02 23
15 246 2 13 23 02 1 02 23
15 247 2 12 31 01 1 02 31
15 248 2 09 45 00 1 02 45
15 249 2 09 45 00 1 03 45
15 250 2 13 23 02 0 03 31
15 251 2 12 31 01 0 03 23
15 252 2 14 77 03 1 03 77
15 253 2 12 31 01 1 03 31
15 254 2 14 77 03 0 03 23
15 255 2 13 23 02 0 03 77
15 256 2 09 45 00 1 03 45
15 257 2 12 31 01 1 03 31
15 258 2 14 77 03 0 03 23
15 259 2 13 23 02 0 03 31
15 260 2 09 45 00 1 03 45
15 261 2 12 31 01 0 03 23
15 262 2 14 77 03 1 03 77
15 263 2 13 23 02 1 03 23
15 264 2 09 45 00 1 03 45
15 265 2 14 77 03 0 03 31
15 266 2 13 23 02 0 03 77
15 267 2 12 31 01 0 03 23
15 268 2 09 45 00 1 03 45
15 269 2 13 23 02 0 03 77
15 270 2 09 45 00 1 03 45
15 271 2 14 77 03 0 03 23
15 272 2 12 31 01 0 03 77
15 273 2 12 31 01 0 03 23
15 274 2 13 23 02 0 03 31
15 275 2 14 77 03 0 03 31
15 276 2 09 45 00 1 03 45
15 277 2 09 45 00 0 03 31
15 278 2 14 77 03 1 03 77
15 279 2 12 31 01 0 03 23
15 280 2 13 23 02 0 03 77
15 281 2 12 31 01 0 03 26
15 282 2 14 77 03 1 03 77
15 283 2 09 45 00 1 03 45
15 284 2 13 23 02 1 03 23
15 285 2 12 31 01 1 03 31
15 286 2 14 77 03 1 03 77
15 287 2 13 23 02 1 03 23
15 288 2 09 45 00 1 03 45
15 289 2 09 45 00 1 04 45
15 290 2 12 31 01 0 04 23
15 291 2 03 73 04 1 04 73
15 292 2 13 23 02 1 04 23
15 293 2 14 77 03 1 04 77
15 294 2 14 77 03 1 04 77
15 295 2 09 45 00 1 04 45
15 296 2 03 73 04 1 04 73
15 297 2 13 23 02 1 04 23
15 298 2 12 31 01 1 04 31
15 299 2 09 45 00 1 05 45
15 300 2 14 77 03 1 05 77
15 301 2 07 17 05 0 05 77
15 302 2 13 23 02 0 05 77
15 303 2 12 31 01 0 05 23
15 304 2 03 73 04 1 05 73
15 305 2 07 17 05 1 05 17
15 306 2 14 77 03 0 05 23
15 307 2 09 45 00 1 05 45
15 308 2 12 31 01 1 05 31
15 309 2 03 73 04 1 05 73
15 310 2 13 23 02 0 05 77
15 311 2 09 45 00 0 05 17
15 312 2 03 73 04 1 05 73
15 313 2 13 23 02 1 05 23
15 314 2 12 31 01 0 05 77
15 315 2 07 17 05 0 05 45
15 316 2 14 77 03 1 05 77
15 317 2 14 77 03 1 05 77
15 318 2 09 45 00 1 05 45
15 319 2 03 73 04 1 05 73
15 320 2 12 31 01 1 05 31
15 321 2 13 23 02 0 05 02
15 322 2 07 17 05 0 05 45
15 323 2 03 73 04 1 05 73
15 324 2 13 23 02 0 05 31
15 325 2 07 17 05 0 05 45
15 326 2 14 77 03 1 05 77
15 327 2 12 31 01 0 05 23
15 328 2 09 45 00 0 05 04
15 329 2 07 17 05 1 05 17
15 330 2 12 31 01 1 05 31
15 331 2 13 23 02 1 05 23
15 332 2 14 77 03 1 05 77
15 333 2 09 45 00 1 05 45
15 334 2 03 73 04 1 05 73
15 335 2 14 77 03 1 06 77
15 336 2 03 73 04 0 06 12
15 337 2 13 23 02 1 06 23
15 338 2 09 45 00 1 06 45
15 339 2 12 31 01 1 06 31
15 340 2 07 17 05 0 06 45
15 341 2 05 12 06 0 06 17
15 342 2 05 12 06 1 06 12
15 343 2 13 23 02 1 06 23
15 344 2 14 77 03 1 06 77
15 345 2 12 31 01 1 06 31
15 346 2 09 45 00 1 06 45
15 347 2 03 73 04 1 06 73
15 348 2 07 17 05 1 06 17
15 349 2 14 77 03 1 07 77
15 350 2 05 12 06 0 07 17
15 351 2 01 66 07 1 07 66
15 352 2 12 31 01 1 07 31
15 353 2 09 45 00 1 07 45
15 354 2 03 73 04 1 07 73
15 355 2 13 23 02 1 07 23
15 356 2 07 17 05 1 07 17
15 357 2 09 45 00 1 07 45
15 358 2 05 12 06 1 07 12
15 359 2 13 23 02 0 07 77
