17 000 3 10 30 00 1 00 30
17 001 3 00 59 01 1 01 59
17 002 3 10 30 00 1 01 30
17 003 3 06 52 02 0 02 50
17 004 3 00 59 01 0 02 50
17 005 3 10 30 00 1 02 30
17 006 3 00 59 01 0 02 52
17 007 3 06 52 02 1 02 52
17 008 3 10 30 00 1 02 30
17 009 3 00 59 01 1 02 59
17 010 3 06 52 02 1 02 52
17 011 3 10 30 00 1 02 30
17 012 3 00 59 01 1 03 59
17 013 3 10 30 00 1 03 30
17 014 3 01 21 03 0 03 29
17 015 3 06 52 02 1 03 52
17 016 3 01 21 03 1 03 21
17 017 3 10 30 00 1 03 30
17 018 3 00 59 01 1 03 59
17 019 3 06 52 02 0 03 02
17 020 3 01 21 03 1 03 21
17 021 3 06 52 02 1 03 52
17 022 3 10 30 00 1 03 30
17 023 3 00 59 01 1 03 59
17 024 3 01 21 03 1 04 21
17 025 3 00 59 01 1 04 59
17 026 3 06 52 02 1 04 52
17 027 3 10 30 00 1 04 30
17 028 3 12 14 04 1 04 14
17 029 3 10 30 00 1 05 30
17 030 3 04 55 05 0 05 53
17 031 3 12 14 04 1 05 14
17 032 3 01 21 03 0 05 01
17 033 3 00 59 01 0 05 52
17 034 3 06 52 02 1 05 52
17 035 3 06 52 02 1 05 52
17 036 3 12 14 04 1 05 14
17 037 3 01 21 03 0 05 29
17 038 3 10 30 00 1 05 30
17 039 3 00 59 01 1 05 59
17 000 2 09 56 00 1 00 56
17 001 2 09 56 00 1 01 56
17 002 2 12 33 01 1 01 33
17 003 2 13 38 02 0 02 33
17 004 2 09 56 00 1 02 56
17 005 2 12 33 01 1 02 33
17 006 2 09 56 00 1 02 56
17 007 2 12 33 01 0 02 38
17 008 2 13 38 02 1 02 38
17 009 2 09 56 00 1 02 56
17 010 2 12 33 01 1 02 33
17 011 2 13 38 02 1 02 38
17 012 2 12 33 01 1 03 33
17 013 2 09 56 00 1 03 56
17 014 2 14 79 03 0 03 38
17 015 2 13 38 02 1 03 38
17 016 2 13 38 02 0 03 76
17 017 2 12 33 01 0 03 38
17 018 2 14 79 03 0 03 38
17 019 2 09 56 00 1 03 56
17 020 2 12 33 01 0 03 38
17 021 2 09 56 00 1 03 56
17 022 2 13 38 02 0 03 33
17 023 2 14 79 03 1 03 79
17 024 2 13 38 02 1 03 38
17 025 2 12 33 01 1 03 33
17 026 2 09 56 00 1 03 56
17 027 2 14 79 03 1 03 79
17 028 2 09 56 00 1 04 56
17 029 2 12 33 01 1 04 33
17 030 2 13 38 02 1 04 38
17 031 2 03 35 04 0 04 33
17 032 2 14 79 03 0 04 38
17 033 2 14 79 03 1 04 79
17 034 2 03 35 04 0 04 33
17 035 2 13 38 02 0 04 78
17 036 2 09 56 00 0 04 33
17 037 2 12 33 01 1 04 33
17 038 2 13 38 02 1 04 38
17 039 2 12 33 01 0 04 38
17 040 2 03 35 04 1 04 35
17 041 2 09 56 00 1 04 56
17 042 2 14 79 03 0 04 33
17 043 2 09 56 00 0 04 33
17 044 2 03 35 04 1 04 35
17 045 2 14 79 03 0 04 78
17 046 2 12 33 01 0 04 56
17 047 2 13 38 02 1 04 38
17 048 2 09 56 00 1 04 56
17 049 2 12 33 01 0 04 38
17 050 2 03 35 04 1 04 35
17 051 2 14 79 03 1 04 79
17 052 2 13 38 02 1 04 38
17 053 2 12 33 01 1 04 33
17 054 2 03 35 04 1 04 35
17 055 2 09 56 00 0 04 33
17 056 2 13 38 02 1 04 38
17 057 2 14 79 03 0 04 38
17 058 2 12 33 01 0 04 38
17 059 2 14 79 03 0 04 38
17 060 2 13 38 02 0 04 79
17 061 2 09 56 00 0 04 23
17 062 2 03 35 04 1 04 35
17 063 2 12 33 01 0 04 38
17 064 2 09 56 00 0 04 85
17 065 2 14 79 03 0 04 38
17 066 2 03 35 04 1 04 35
17 067 2 13 38 02 1 04 38
17 068 2 09 56 00 1 04 56
17 069 2 14 79 03 0 04 33
17 070 2 03 35 04 0 04 05
17 071 2 12 33 01 1 04 33
17 072 2 13 38 02 1 04 38
17 073 2 12 33 01 0 04 38
17 074 2 13 38 02 0 04 79
17 075 2 03 35 04 1 04 35
17 076 2 14 79 03 1 04 79
17 077 2 09 56 00 0 04 33
17 078 2 14 79 03 0 04 38
17 079 2 12 33 01 0 04 37
17 080 2 09 56 00 1 04 56
17 081 2 03 35 04 1 04 35
17 082 2 13 38 02 0 04 79
17 083 2 14 79 03 1 04 79
17 084 2 13 38 02 1 04 38
17 085 2 09 56 00 1 04 56
17 086 2 12 33 01 1 04 33
17 087 2 03 35 04 1 04 35
17 088 2 13 38 02 1 05 38
17 089 2 09 56 00 0 05 53
17 090 2 03 35 04 1 05 35
17 091 2 07 53 05 0 05 56
17 092 2 12 33 01 0 05 38
17 093 2 14 79 03 0 05 38
17 094 2 12 33 01 0 05 38
17 095 2 09 56 00 1 05 56
17 096 2 14 79 03 1 05 79
17 097 2 03 35 04 1 05 35
17 098 2 07 53 05 1 05 53
17 099 2 13 38 02 1 05 38
17 100 2 09 56 00 1 05 56
17 101 2 07 53 05 1 05 53
17 102 2 14 79 03 1 05 79
17 103 2 12 33 01 0 05 38
17 104 2 13 38 02 0 05 79
17 105 2 03 35 04 1 05 35
17 106 2 07 53 05 0 05 56
17 107 2 13 38 02 1 05 38
17 108 2 09 56 00 1 05 56
17 109 2 03 35 04 1 05 35
17 110 2 12 33 01 0 05 63
17 111 2 14 79 03 0 05 38
17 112 2 12 33 01 0 05 38
17 113 2 09 56 00 1 05 56
17 114 2 03 35 04 1 05 35
17 115 2 14 79 03 0 05 38
17 116 2 07 53 05 0 05 56
17 117 2 13 38 02 1 05 38
17 118 2 12 33 01 0 05 38
17 119 2 09 56 00 1 05 56
17 120 0 07 45 00 1 00 45
17 121 0 07 45 00 1 01 45
17 122 0 10 31 01 1 01 31
17 123 0 07 45 00 0 02 41
17 124 0 15 23 02 1 02 23
17 125 0 10 31 01 1 02 31
17 126 0 07 45 00 1 02 45
17 127 0 15 23 02 1 02 23
17 128 0 10 31 01 1 02 31
17 129 0 15 23 02 1 03 23
17 130 0 02 77 03 1 03 77
17 131 0 10 31 01 1 03 31
17 132 0 07 45 00 1 03 45
17 133 0 02 77 03 1 04 77
17 134 0 10 31 01 1 04 31
17 135 0 07 45 00 1 04 45
17 136 0 09 73 04 1 04 73
17 137 0 15 23 02 1 04 23
17 138 0 09 73 04 1 05 73
17 139 0 10 31 01 1 05 31
17 140 0 07 45 00 1 05 45
17 141 0 15 23 02 1 05 23
17 142 0 02 77 03 1 05 77
17 143 0 17 17 05 1 05 17
17 144 0 15 23 02 0 06 17
17 145 0 02 77 03 1 06 77
17 146 0 17 17 05 1 06 17
17 147 0 10 31 01 1 06 31
17 148 0 09 73 04 1 06 73
17 149 0 16 12 06 1 06 12
17 150 0 07 45 00 1 06 45
17 151 0 15 23 02 1 06 23
17 152 0 17 17 05 1 06 17
17 153 0 10 31 01 1 06 31
17 154 0 02 77 03 1 06 77
17 155 0 07 45 00 1 06 45
17 156 0 16 12 06 1 06 12
17 157 0 09 73 04 0 06 77
17 158 0 15 23 02 1 06 23
17 159 0 07 45 00 1 06 45
17 160 0 02 77 03 1 06 77
17 161 0 10 31 01 1 06 31
17 162 0 16 12 06 1 06 12
17 163 0 17 17 05 1 06 17
17 164 0 09 73 04 1 06 73
17 165 0 10 31 01 1 07 31
17 166 0 15 23 02 1 07 23
17 167 0 17 17 05 1 07 17
17 168 0 07 45 00 1 07 45
17 169 0 02 77 03 1 07 77
17 170 0 11 66 07 1 07 66
17 171 0 16 12 06 1 07 12
17 172 0 09 73 04 1 07 73
17 173 0 10 31 01 1 08 31
17 174 0 07 45 00 1 08 45
17 175 0 09 73 04 1 08 73
17 176 0 17 17 05 1 08 17
17 177 0 11 66 07 1 08 66
17 178 0 15 23 02 1 08 23
17 179 0 16 12 06 1 08 12
17 180 0 12 67 08 1 08 67
17 181 0 02 77 03 1 08 77
17 182 0 11 66 07 1 09 66
17 183 0 17 17 05 0 09 23
17 184 0 15 23 02 1 09 23
17 185 0 16 12 06 1 09 12
17 186 0 09 73 04 1 09 73
17 187 0 10 31 01 1 09 31
17 188 0 07 45 00 1 09 45
17 189 0 12 67 08 1 09 67
17 190 0 02 77 03 1 09 77
17 191 0 06 42 09 1 09 42
17 192 0 17 17 05 1 09 17
17 193 0 11 66 07 1 09 66
17 194 0 10 31 01 1 09 31
17 195 0 09 73 04 1 09 73
17 196 0 06 42 09 1 09 42
17 197 0 16 12 06 1 09 12
17 198 0 15 23 02 1 09 23
17 199 0 07 45 00 1 09 45
17 200 0 12 67 08 1 09 67
17 201 0 02 77 03 1 09 77
17 202 0 07 45 00 1 10 45
17 203 0 10 31 01 1 10 31
17 204 0 09 73 04 1 10 73
17 205 0 12 67 08 1 10 67
17 206 0 16 12 06 1 10 12
17 207 0 15 23 02 1 10 23
17 208 0 02 77 03 1 10 77
17 209 0 06 42 09 1 10 42
17 210 0 04 25 10 0 10 41
17 211 0 11 66 07 1 10 66
17 212 0 17 17 05 0 10 23
17 213 0 15 23 02 1 10 23
17 214 0 17 17 05 1 10 17
17 215 0 06 42 09 1 10 42
17 216 0 09 73 04 1 10 73
17 217 0 04 25 10 1 10 25
17 218 0 10 31 01 1 10 31
17 219 0 11 66 07 1 10 66
17 220 0 02 77 03 1 10 77
17 221 0 16 12 06 1 10 12
17 222 0 12 67 08 1 10 67
17 223 0 07 45 00 1 10 45
17 224 0 06 42 09 1 11 42
17 225 0 07 45 00 1 11 45
17 226 0 15 23 02 1 11 23
17 227 0 12 67 08 1 11 67
17 228 0 11 66 07 1 11 66
17 229 0 09 73 04 1 11 73
17 230 0 10 31 01 1 11 31
17 231 0 03 50 11 1 11 50
17 232 0 04 25 10 1 11 25
17 233 0 02 77 03 1 11 77
17 234 0 16 12 06 1 11 12
17 235 0 17 17 05 0 11 02
17 236 0 11 66 07 1 11 66
17 237 0 03 50 11 1 11 50
17 238 0 09 73 04 1 11 73
17 239 0 06 42 09 1 11 42
17 240 1 10 75 00 1 00 75
17 241 1 10 75 00 1 01 75
17 242 1 14 61 01 1 01 61
17 243 1 04 34 02 0 02 64
17 244 1 14 61 01 0 02 64
17 245 1 10 75 00 1 02 75
17 246 1 14 61 01 1 02 61
17 247 1 04 34 02 1 02 34
17 248 1 10 75 00 1 02 75
17 249 1 17 58 03 0 03 67
17 250 1 04 34 02 0 03 61
17 251 1 14 61 01 0 03 51
17 252 1 10 75 00 1 03 75
17 253 1 04 34 02 0 03 61
17 254 1 14 61 01 1 03 61
17 255 1 17 58 03 1 03 58
17 256 1 10 75 00 1 03 75
17 257 1 17 58 03 1 03 58
17 258 1 04 34 02 1 03 34
17 259 1 10 75 00 1 03 75
17 260 1 14 61 01 1 03 61
17 261 1 10 75 00 1 04 75
17 262 1 04 34 02 1 04 34
17 263 1 17 58 03 1 04 58
17 264 1 14 61 01 1 04 61
17 265 1 13 51 04 1 04 51
17 266 1 04 34 02 0 05 61
17 267 1 10 75 00 1 05 75
17 268 1 17 58 03 1 05 58
17 269 1 13 51 04 0 05 41
17 270 1 14 61 01 0 05 51
17 271 1 02 40 05 1 05 40
17 272 1 10 75 00 1 05 75
17 273 1 04 34 02 1 05 34
17 274 1 13 51 04 0 05 41
17 275 1 02 40 05 0 05 61
17 276 1 17 58 03 1 05 58
17 277 1 14 61 01 0 05 51
17 278 1 14 61 01 1 05 61
17 279 1 10 75 00 1 05 75
17 280 1 13 51 04 1 05 51
17 281 1 02 40 05 1 05 40
17 282 1 04 34 02 0 05 06
17 283 1 17 58 03 1 05 58
17 284 1 04 34 02 1 05 34
17 285 1 10 75 00 1 05 75
17 286 1 14 61 01 1 05 61
17 287 1 02 40 05 1 05 40
17 288 1 13 51 04 1 05 51
17 289 1 17 58 03 1 05 58
17 290 1 10 75 00 1 06 75
17 291 1 14 61 01 0 06 34
17 292 1 17 58 03 1 06 58
17 293 1 07 16 06 1 06 16
17 294 1 04 34 02 1 06 34
17 295 1 02 40 05 1 06 40
17 296 1 13 51 04 1 06 51
17 297 1 04 34 02 1 06 34
17 298 1 13 51 04 1 06 51
17 299 1 14 61 01 1 06 61
17 300 1 17 58 03 1 06 58
17 301 1 10 75 00 1 06 75
17 302 1 02 40 05 0 06 34
17 303 1 07 16 06 1 06 16
17 304 1 13 51 04 1 06 51
17 305 1 14 61 01 1 06 61
17 306 1 07 16 06 1 06 16
17 307 1 17 58 03 1 06 58
17 308 1 10 75 00 1 06 75
17 309 1 04 34 02 1 06 34
17 310 1 02 40 05 1 06 40
17 311 1 13 51 04 1 07 51
17 312 1 07 16 06 1 07 16
17 313 1 04 34 02 1 07 34
17 314 1 02 40 05 1 07 40
17 315 1 14 61 01 1 07 61
17 316 1 17 58 03 1 07 58
17 317 1 08 54 07 0 07 64
17 318 1 10 75 00 1 07 75
17 319 1 07 16 06 1 07 16
17 320 1 08 54 07 1 07 54
17 321 1 02 40 05 1 07 40
17 322 1 10 75 00 1 07 75
17 323 1 04 34 02 1 07 34
17 324 1 14 61 01 1 07 61
17 325 1 13 51 04 1 07 51
17 326 1 17 58 03 1 07 58
17 327 1 13 51 04 1 08 51
17 328 1 04 34 02 1 08 34
17 329 1 17 58 03 1 08 58
17 330 1 09 19 08 1 08 19
17 331 1 10 75 00 1 08 75
17 332 1 08 54 07 1 08 54
17 333 1 07 16 06 1 08 16
17 334 1 02 40 05 1 08 40
17 335 1 14 61 01 1 08 61
17 336 1 02 40 05 1 09 40
17 337 1 17 58 03 1 09 58
17 338 1 14 61 01 1 09 61
17 339 1 04 34 02 1 09 34
17 340 1 13 51 04 1 09 51
17 341 1 09 19 08 1 09 19
17 342 1 07 16 06 1 09 16
17 343 1 08 54 07 1 09 54
17 344 1 12 76 09 0 09 75
17 345 1 10 75 00 1 09 75
17 346 1 04 34 02 0 09 40
17 347 1 12 76 09 1 09 76
17 348 1 02 40 05 1 09 40
17 349 1 17 58 03 1 09 58
17 350 1 07 16 06 1 09 16
17 351 1 13 51 04 1 09 51
17 352 1 14 61 01 1 09 61
17 353 1 08 54 07 1 09 54
17 354 1 09 19 08 1 09 19
17 355 1 10 75 00 1 09 75
17 356 1 10 75 00 1 09 75
17 357 1 12 76 09 1 09 76
17 358 1 17 58 03 1 09 58
17 359 1 02 40 05 1 09 40
