05 000 2 02 23 00 1 00 23
05 001 2 01 19 01 1 01 19
05 002 2 02 23 00 1 01 23
05 003 2 01 19 01 1 02 19
05 004 2 17 42 02 1 02 42
05 005 2 02 23 00 0 02 19
05 006 2 01 19 01 1 02 19
05 007 2 17 42 02 1 02 42
05 008 2 02 23 00 1 02 23
05 009 2 03 38 03 1 03 38
05 010 2 01 19 01 1 03 19
05 011 2 17 42 02 1 03 42
05 012 2 02 23 00 0 03 01
05 013 2 17 42 02 1 03 42
05 014 2 02 23 00 1 03 23
05 015 2 03 38 03 0 03 23
05 016 2 01 19 01 0 03 23
05 017 2 02 23 00 1 03 23
05 018 2 01 19 01 1 03 19
05 019 2 17 42 02 1 03 42
05 020 2 03 38 03 1 03 38
05 021 2 11 43 04 1 04 43
05 022 2 01 19 01 1 04 19
05 023 2 03 38 03 0 04 23
05 024 2 17 42 02 1 04 42
05 025 2 02 23 00 0 04 19
05 026 2 11 43 04 1 04 43
05 027 2 17 42 02 1 04 42
05 028 2 01 19 01 1 04 19
05 029 2 02 23 00 1 04 23
05 030 2 03 38 03 1 04 38
05 031 2 01 19 01 1 05 19
05 032 2 17 42 02 1 05 42
05 033 2 03 38 03 1 05 38
05 034 2 05 59 05 0 05 23
05 035 2 11 43 04 0 05 42
05 036 2 02 23 00 1 05 23
05 037 2 01 19 01 1 05 19
05 038 2 17 42 02 1 05 42
05 039 2 05 59 05 1 05 59
05 040 2 02 23 00 0 05 38
05 041 2 11 43 04 1 05 43
05 042 2 03 38 03 1 05 38
05 043 2 05 59 05 1 05 59
05 044 2 01 19 01 1 05 19
05 045 2 17 42 02 1 05 42
05 046 2 02 23 00 1 05 23
05 047 2 03 38 03 0 05 33
05 048 2 11 43 04 0 05 59
05 049 2 11 43 04 1 05 43
05 050 2 02 23 00 1 05 23
05 051 2 03 38 03 0 05 23
05 052 2 01 19 01 1 05 19
05 053 2 05 59 05 0 05 38
05 054 2 17 42 02 1 05 42
05 055 2 11 43 04 1 05 43
05 056 2 03 38 03 0 05 23
05 057 2 01 19 01 1 05 19
05 058 2 17 42 02 1 05 42
05 059 2 05 59 05 1 05 59
05 060 2 02 23 00 0 05 33
05 061 2 03 38 03 0 05 23
05 062 2 17 42 02 1 05 42
05 063 2 02 23 00 0 05 19
05 064 2 11 43 04 1 05 43
05 065 2 01 19 01 1 05 19
05 066 2 05 59 05 0 05 38
05 067 2 03 38 03 1 05 38
05 068 2 01 19 01 1 05 19
05 069 2 17 42 02 1 05 42
05 070 2 11 43 04 1 05 43
05 071 2 05 59 05 1 05 59
05 072 2 02 23 00 1 05 23
05 073 2 11 43 04 0 06 71
05 074 2 03 38 03 1 06 38
05 075 2 08 71 06 0 06 59
05 076 2 17 42 02 1 06 42
05 077 2 02 23 00 1 06 23
05 078 2 01 19 01 1 06 19
05 079 2 05 59 05 1 06 59
05 080 2 02 23 00 1 06 23
05 081 2 03 38 03 0 06 23
05 082 2 08 71 06 0 06 70
05 083 2 17 42 02 1 06 42
05 084 2 05 59 05 1 06 59
05 085 2 11 43 04 1 06 43
05 086 2 01 19 01 0 06 23
05 087 2 17 42 02 1 06 42
05 088 2 11 43 04 1 06 43
05 089 2 03 38 03 1 06 38
05 090 2 05 59 05 1 06 59
05 091 2 01 19 01 0 06 23
05 092 2 08 71 06 1 06 71
05 093 2 02 23 00 1 06 23
05 094 2 11 43 04 1 06 43
05 095 2 02 23 00 1 06 23
05 096 2 05 59 05 0 06 38
05 097 2 01 19 01 1 06 19
05 098 2 17 42 02 1 06 42
05 099 2 03 38 03 0 06 23
05 100 2 08 71 06 1 06 71
05 101 2 05 59 05 1 06 59
05 102 2 02 23 00 0 06 38
05 103 2 08 71 06 0 06 59
05 104 2 01 19 01 1 06 19
05 105 2 11 43 04 1 06 43
05 106 2 17 42 02 1 06 42
05 107 2 03 38 03 0 06 23
05 108 2 05 59 05 1 06 59
05 109 2 03 38 03 1 06 38
05 110 2 01 19 01 0 06 23
05 111 2 17 42 02 1 06 42
05 112 2 11 43 04 0 06 71
05 113 2 02 23 00 1 06 23
05 114 2 08 71 06 1 06 71
05 115 2 01 19 01 1 06 19
05 116 2 02 23 00 1 06 23
05 117 2 17 42 02 1 06 42
05 118 2 11 43 04 1 06 43
05 119 2 08 71 06 1 06 71
05 120 0 16 68 00 1 00 68
05 121 0 07 16 01 1 01 16
05 122 0 16 68 00 1 01 68
05 123 0 15 17 02 1 02 17
05 124 0 16 68 00 1 02 68
05 125 0 07 16 01 1 02 16
05 126 0 15 17 02 1 03 17
05 127 0 07 16 01 1 03 16
05 128 0 16 68 00 1 03 68
05 129 0 08 55 03 1 03 55
05 130 0 09 32 04 1 04 32
05 131 0 07 16 01 1 04 16
05 132 0 08 55 03 1 04 55
05 133 0 15 17 02 1 04 17
05 134 0 16 68 00 1 04 68
05 135 0 07 16 01 1 05 16
05 136 0 16 68 00 1 05 68
05 137 0 02 58 05 1 05 58
05 138 0 08 55 03 1 05 55
05 139 0 15 17 02 1 05 17
05 140 0 09 32 04 1 05 32
05 141 0 09 32 04 1 06 32
05 142 0 08 55 03 1 06 55
05 143 0 11 35 06 1 06 35
05 144 0 07 16 01 1 06 16
05 145 0 15 17 02 1 06 17
05 146 0 02 58 05 1 06 58
05 147 0 16 68 00 1 06 68
05 148 0 16 68 00 1 07 68
05 149 0 15 17 02 1 07 17
05 150 0 02 58 05 0 07 32
05 151 0 08 55 03 1 07 55
05 152 0 07 16 01 1 07 16
05 153 0 10 30 07 1 07 30
05 154 0 09 32 04 1 07 32
05 155 0 11 35 06 1 07 35
05 156 0 10 30 07 1 07 30
05 157 0 07 16 01 1 07 16
05 158 0 16 68 00 1 07 68
05 159 0 09 32 04 1 07 32
05 160 0 08 55 03 1 07 55
05 161 0 11 35 06 1 07 35
05 162 0 02 58 05 1 07 58
05 163 0 15 17 02 1 07 17
05 164 0 07 16 01 1 08 16
05 165 0 15 17 02 1 08 17
05 166 0 08 55 03 1 08 55
05 167 0 11 35 06 1 08 35
05 168 0 16 68 00 1 08 68
05 169 0 10 30 07 1 08 30
05 170 0 13 62 08 1 08 62
05 171 0 09 32 04 1 08 32
05 172 0 02 58 05 1 08 58
05 173 0 02 58 05 1 09 58
05 174 0 15 17 02 1 09 17
05 175 0 10 30 07 1 09 30
05 176 0 11 35 06 1 09 35
05 177 0 16 68 00 1 09 68
05 178 0 14 65 09 0 09 56
05 179 0 13 62 08 0 09 32
05 180 0 08 55 03 1 09 55
05 181 0 09 32 04 1 09 32
05 182 0 07 16 01 1 09 16
05 183 0 07 16 01 1 09 16
05 184 0 09 32 04 1 09 32
05 185 0 13 62 08 1 09 62
05 186 0 11 35 06 1 09 35
05 187 0 14 65 09 1 09 65
05 188 0 08 55 03 1 09 55
05 189 0 10 30 07 1 09 30
05 190 0 16 68 00 1 09 68
05 191 0 15 17 02 1 09 17
05 192 0 02 58 05 1 09 58
05 193 0 02 58 05 1 10 58
05 194 0 12 70 10 1 10 70
05 195 0 11 35 06 1 10 35
05 196 0 16 68 00 1 10 68
05 197 0 13 62 08 1 10 62
05 198 0 09 32 04 1 10 32
05 199 0 10 30 07 1 10 30
05 200 0 07 16 01 1 10 16
05 201 0 08 55 03 1 10 55
05 202 0 15 17 02 1 10 17
05 203 0 14 65 09 1 10 65
05 204 0 08 55 03 1 11 55
05 205 0 00 52 11 1 11 52
05 206 0 15 17 02 1 11 17
05 207 0 14 65 09 1 11 65
05 208 0 16 68 00 1 11 68
05 209 0 07 16 01 1 11 16
05 210 0 12 70 10 1 11 70
05 211 0 11 35 06 1 11 35
05 212 0 13 62 08 1 11 62
05 213 0 10 30 07 1 11 30
05 214 0 02 58 05 1 11 58
05 215 0 09 32 04 1 11 32
05 216 0 12 70 10 1 12 70
05 217 0 09 32 04 1 12 32
05 218 0 16 68 00 1 12 68
05 219 0 14 65 09 1 12 65
05 220 0 11 35 06 1 12 35
05 221 0 13 62 08 1 12 62
05 222 0 00 52 11 1 12 52
05 223 0 06 79 12 1 12 79
05 224 0 02 58 05 1 12 58
05 225 0 07 16 01 1 12 16
05 226 0 08 55 03 1 12 55
05 227 0 10 30 07 1 12 30
05 228 0 15 17 02 1 12 17
05 229 0 09 32 04 1 13 32
05 230 0 11 35 06 1 13 35
05 231 0 08 55 03 1 13 55
05 232 0 07 16 01 1 13 16
05 233 0 15 17 02 1 13 17
05 234 0 10 30 07 1 13 30
05 235 0 00 52 11 1 13 52
05 236 0 12 70 10 1 13 70
05 237 0 13 62 08 1 13 62
05 238 0 06 79 12 1 13 79
05 239 0 02 58 05 1 13 58
05 240 1 05 26 00 1 00 26
05 241 1 16 22 01 0 01 76
05 242 1 05 26 00 1 01 26
05 243 1 05 26 00 1 01 26
05 244 1 16 22 01 1 01 22
05 245 1 16 22 01 1 02 22
05 246 1 03 28 02 1 02 28
05 247 1 05 26 00 1 02 26
05 248 1 03 28 02 1 03 28
05 249 1 16 22 01 1 03 22
05 250 1 05 26 00 1 03 26
05 251 1 10 45 03 0 03 35
05 252 1 05 26 00 1 03 26
05 253 1 16 22 01 1 03 22
05 254 1 10 45 03 1 03 45
05 255 1 03 28 02 1 03 28
05 256 1 02 64 04 1 04 64
05 257 1 05 26 00 1 04 26
05 258 1 10 45 03 1 04 45
05 259 1 03 28 02 0 04 58
05 260 1 16 22 01 1 04 22
05 261 1 02 64 04 1 04 64
05 262 1 10 45 03 1 04 45
05 263 1 16 22 01 1 04 22
05 264 1 05 26 00 0 04 64
05 265 1 03 28 02 1 04 28
05 266 1 05 26 00 1 04 26
05 267 1 16 22 01 1 04 22
05 268 1 03 28 02 1 04 28
05 269 1 10 45 03 1 04 45
05 270 1 02 64 04 0 04 26
05 271 1 16 22 01 1 04 22
05 272 1 05 26 00 1 04 26
05 273 1 10 45 03 1 04 45
05 274 1 03 28 02 1 04 28
05 275 1 02 64 04 1 04 64
05 276 1 15 77 05 1 05 77
05 277 1 10 45 03 1 05 45
05 278 1 05 26 00 1 05 26
05 279 1 02 64 04 1 05 64
05 280 1 03 28 02 1 05 28
05 281 1 16 22 01 1 05 22
05 282 1 15 77 05 1 06 77
05 283 1 11 15 06 1 06 15
05 284 1 02 64 04 1 06 64
05 285 1 10 45 03 1 06 45
05 286 1 05 26 00 1 06 26
05 287 1 03 28 02 1 06 28
05 288 1 16 22 01 1 06 22
05 289 1 01 74 07 1 07 74
05 290 1 11 15 06 0 07 14
05 291 1 05 26 00 1 07 26
05 292 1 02 64 04 1 07 64
05 293 1 03 28 02 0 07 58
05 294 1 10 45 03 1 07 45
05 295 1 15 77 05 1 07 77
05 296 1 16 22 01 1 07 22
05 297 1 16 22 01 1 07 22
05 298 1 02 64 04 1 07 64
05 299 1 10 45 03 1 07 45
05 300 1 11 15 06 0 07 72
05 301 1 03 28 02 1 07 28
05 302 1 01 74 07 0 07 72
05 303 1 15 77 05 1 07 77
05 304 1 05 26 00 1 07 26
05 305 1 01 74 07 1 07 74
05 306 1 15 77 05 1 07 77
05 307 1 02 64 04 1 07 64
05 308 1 03 28 02 0 07 05
05 309 1 16 22 01 1 07 22
05 310 1 11 15 06 1 07 15
05 311 1 10 45 03 1 07 45
05 312 1 05 26 00 1 07 26
05 313 1 02 64 04 1 07 64
05 314 1 05 26 00 1 07 26
05 315 1 03 28 02 1 07 28
05 316 1 11 15 06 1 07 15
05 317 1 01 74 07 1 07 74
05 318 1 15 77 05 1 07 77
05 319 1 16 22 01 1 07 22
05 320 1 10 45 03 1 07 45
05 321 1 01 74 07 1 08 74
05 322 1 16 22 01 1 08 22
05 323 1 15 77 05 1 08 77
05 324 1 05 26 00 1 08 26
05 325 1 10 45 03 1 08 45
05 326 1 13 66 08 1 08 66
05 327 1 11 15 06 1 08 15
05 328 1 02 64 04 1 08 64
05 329 1 03 28 02 1 08 28
05 330 1 04 75 09 0 09 77
05 331 1 11 15 06 1 09 15
05 332 1 16 22 01 1 09 22
05 333 1 02 64 04 1 09 64
05 334 1 05 26 00 1 09 26
05 335 1 01 74 07 1 09 74
05 336 1 13 66 08 1 09 66
05 337 1 03 28 02 1 09 28
05 338 1 15 77 05 1 09 77
05 339 1 10 45 03 1 09 45
05 340 1 05 26 00 1 09 26
05 341 1 01 74 07 1 09 74
05 342 1 15 77 05 1 09 77
05 343 1 10 45 03 1 09 45
05 344 1 04 75 09 1 09 75
05 345 1 03 28 02 1 09 28
05 346 1 13 66 08 1 09 66
05 347 1 02 64 04 1 09 64
05 348 1 11 15 06 1 09 15
05 349 1 16 22 01 1 09 22
05 350 1 05 26 00 1 10 26
05 351 1 13 66 08 1 10 66
05 352 1 03 28 02 1 10 28
05 353 1 15 77 05 1 10 77
05 354 1 16 22 01 1 10 22
05 355 1 04 75 09 1 10 75
05 356 1 02 64 04 1 10 64
05 357 1 10 45 03 1 10 45
05 358 1 11 15 06 1 10 15
05 359 1 09 76 10 0 10 46
