42 000 3 04 48 00 0 00 44
42 001 3 04 48 00 1 00 48
42 002 3 04 48 00 1 01 48
42 003 3 08 13 01 1 01 13
42 004 3 04 48 00 1 02 48
42 005 3 00 71 02 0 02 13
42 006 3 08 13 01 0 02 71
42 007 3 04 48 00 1 02 48
42 008 3 00 71 02 1 02 71
42 009 3 08 13 01 1 02 13
42 010 3 01 67 03 1 03 67
42 011 3 08 13 01 1 03 13
42 012 3 00 71 02 1 03 71
42 013 3 04 48 00 1 03 48
42 014 3 04 48 00 1 04 48
42 015 3 08 13 01 1 04 13
42 016 3 00 71 02 1 04 71
42 017 3 01 67 03 1 04 67
42 018 3 11 40 04 0 04 00
42 019 3 11 40 04 1 04 40
42 020 3 04 48 00 1 04 48
42 021 3 01 67 03 0 04 71
42 022 3 00 71 02 1 04 71
42 023 3 08 13 01 1 04 13
42 024 3 00 71 02 1 04 71
42 025 3 01 67 03 1 04 67
42 026 3 04 48 00 1 04 48
42 027 3 08 13 01 1 04 13
42 028 3 11 40 04 1 04 40
42 029 3 03 58 05 1 05 58
42 030 3 01 67 03 0 05 13
42 031 3 08 13 01 1 05 13
42 032 3 11 40 04 1 05 40
42 033 3 00 71 02 0 05 67
42 034 3 04 48 00 1 05 48
42 035 3 00 71 02 1 05 71
42 036 3 04 48 00 1 05 48
42 037 3 01 67 03 0 05 13
42 038 3 08 13 01 1 05 13
42 039 3 03 58 05 1 05 58
42 000 0 03 64 00 1 00 64
42 001 0 14 25 01 1 01 25
42 002 0 03 64 00 0 01 67
42 003 0 03 64 00 1 01 64
42 004 0 14 25 01 1 01 25
42 005 0 00 16 02 1 02 16
42 006 0 14 25 01 1 02 25
42 007 0 03 64 00 1 02 64
42 008 0 03 64 00 1 03 64
42 009 0 00 16 02 0 03 13
42 010 0 14 25 01 1 03 25
42 011 0 06 17 03 1 03 17
42 012 0 14 25 01 1 03 25
42 013 0 03 64 00 1 03 64
42 014 0 06 17 03 1 03 17
42 015 0 00 16 02 1 03 16
42 016 0 03 64 00 1 04 64
42 017 0 14 25 01 1 04 25
42 018 0 00 16 02 1 04 16
42 019 0 09 22 04 0 04 66
42 020 0 06 17 03 1 04 17
42 021 0 06 17 03 1 04 17
42 022 0 09 22 04 1 04 22
42 023 0 00 16 02 1 04 16
42 024 0 03 64 00 1 04 64
42 025 0 14 25 01 1 04 25
42 026 0 06 17 03 1 05 17
42 027 0 05 30 05 1 05 30
42 028 0 03 64 00 0 05 01
42 029 0 09 22 04 1 05 22
42 030 0 14 25 01 1 05 25
42 031 0 00 16 02 1 05 16
42 032 0 09 22 04 1 05 22
42 033 0 03 64 00 1 05 64
42 034 0 14 25 01 1 05 25
42 035 0 05 30 05 0 05 22
42 036 0 06 17 03 1 05 17
42 037 0 00 16 02 1 05 16
42 038 0 00 16 02 1 05 16
42 039 0 05 30 05 1 05 30
42 040 0 03 64 00 1 05 64
42 041 0 06 17 03 1 05 17
42 042 0 09 22 04 1 05 22
42 043 0 14 25 01 1 05 25
42 044 0 00 16 02 1 06 16
42 045 0 11 33 06 0 06 25
42 046 0 09 22 04 1 06 22
42 047 0 14 25 01 1 06 25
42 048 0 06 17 03 1 06 17
42 049 0 03 64 00 1 06 64
42 050 0 05 30 05 1 06 30
42 051 0 00 16 02 1 06 16
42 052 0 09 22 04 1 06 22
42 053 0 05 30 05 1 06 30
42 054 0 14 25 01 1 06 25
42 055 0 11 33 06 1 06 33
42 056 0 06 17 03 1 06 17
42 057 0 03 64 00 1 06 64
42 058 0 11 33 06 1 07 33
42 059 0 05 30 05 1 07 30
42 060 0 00 16 02 1 07 16
42 061 0 09 22 04 1 07 22
42 062 0 03 64 00 1 07 64
42 063 0 02 14 07 1 07 14
42 064 0 14 25 01 1 07 25
42 065 0 06 17 03 0 07 03
42 066 0 06 17 03 1 07 17
42 067 0 02 14 07 1 07 14
42 068 0 03 64 00 1 07 64
42 069 0 14 25 01 1 07 25
42 070 0 00 16 02 1 07 16
42 071 0 05 30 05 1 07 30
42 072 0 11 33 06 1 07 33
42 073 0 09 22 04 1 07 22
42 074 0 14 25 01 1 08 25
42 075 0 05 30 05 1 08 30
42 076 0 10 19 08 0 08 28
42 077 0 02 14 07 1 08 14
42 078 0 03 64 00 1 08 64
42 079 0 11 33 06 1 08 33
42 080 0 00 16 02 1 08 16
42 081 0 06 17 03 1 08 17
42 082 0 09 22 04 1 08 22
42 083 0 06 17 03 1 08 17
42 084 0 03 64 00 1 08 64
42 085 0 11 33 06 1 08 33
42 086 0 02 14 07 1 08 14
42 087 0 05 30 05 1 08 30
42 088 0 00 16 02 1 08 16
42 089 0 09 22 04 1 08 22
42 090 0 10 19 08 1 08 19
42 091 0 14 25 01 1 08 25
42 092 0 06 17 03 1 09 17
42 093 0 03 64 00 1 09 64
42 094 0 00 16 02 1 09 16
42 095 0 05 30 05 1 09 30
42 096 0 09 22 04 1 09 22
42 097 0 11 33 06 1 09 33
42 098 0 14 25 01 1 09 25
42 099 0 02 14 07 1 09 14
42 100 0 16 21 09 1 09 21
42 101 0 10 19 08 1 09 19
42 102 0 02 14 07 1 10 14
42 103 0 06 17 03 1 10 17
42 104 0 16 21 09 0 10 78
42 105 0 15 78 10 1 10 78
42 106 0 05 30 05 1 10 30
42 107 0 03 64 00 1 10 64
42 108 0 14 25 01 1 10 25
42 109 0 10 19 08 1 10 19
42 110 0 09 22 04 1 10 22
42 111 0 11 33 06 0 10 17
42 112 0 00 16 02 1 10 16
42 113 0 14 25 01 1 10 25
42 114 0 02 14 07 1 10 14
42 115 0 00 16 02 1 10 16
42 116 0 06 17 03 1 10 17
42 117 0 16 21 09 1 10 21
42 118 0 15 78 10 1 10 78
42 119 0 09 22 04 1 10 22
42 120 1 04 39 00 1 00 39
42 121 1 11 41 01 1 01 41
42 122 1 04 39 00 0 01 21
42 123 1 04 39 00 1 01 39
42 124 1 11 41 01 0 01 40
42 125 1 11 41 01 1 01 41
42 126 1 04 39 00 1 01 39
42 127 1 10 38 02 1 02 38
42 128 1 11 41 01 1 02 41
42 129 1 04 39 00 1 02 39
42 130 1 11 41 01 1 03 41
42 131 1 04 39 00 1 03 39
42 132 1 10 38 02 1 03 38
42 133 1 03 31 03 0 03 71
42 134 1 03 31 03 1 03 31
42 135 1 04 39 00 0 03 41
42 136 1 11 41 01 1 03 41
42 137 1 10 38 02 1 03 38
42 138 1 11 41 01 1 03 41
42 139 1 04 39 00 1 03 39
42 140 1 03 31 03 1 03 31
42 141 1 10 38 02 1 03 38
42 142 1 04 39 00 1 04 39
42 143 1 10 38 02 1 04 38
42 144 1 11 41 01 1 04 41
42 145 1 03 31 03 1 04 31
42 146 1 01 12 04 0 04 21
42 147 1 03 31 03 1 04 31
42 148 1 04 39 00 1 04 39
42 149 1 11 41 01 1 04 41
42 150 1 01 12 04 0 04 38
42 151 1 10 38 02 1 04 38
42 152 1 03 31 03 1 04 31
42 153 1 11 41 01 1 04 41
42 154 1 01 12 04 1 04 12
42 155 1 10 38 02 1 04 38
42 156 1 04 39 00 1 04 39
42 157 1 11 41 01 1 05 41
42 158 1 10 38 02 1 05 38
42 159 1 03 31 03 1 05 31
42 160 1 07 65 05 0 05 25
42 161 1 01 12 04 1 05 12
42 162 1 04 39 00 1 05 39
42 163 1 10 38 02 1 05 38
42 164 1 03 31 03 1 05 31
42 165 1 01 12 04 1 05 12
42 166 1 11 41 01 1 05 41
42 167 1 04 39 00 1 05 39
42 168 1 07 65 05 0 05 62
42 169 1 11 41 01 1 05 41
42 170 1 04 39 00 1 05 39
42 171 1 03 31 03 1 05 31
42 172 1 07 65 05 1 05 65
42 173 1 01 12 04 1 05 12
42 174 1 10 38 02 1 05 38
42 175 1 01 12 04 1 06 12
42 176 1 12 42 06 1 06 42
42 177 1 07 65 05 1 06 65
42 178 1 10 38 02 1 06 38
42 179 1 04 39 00 1 06 39
42 180 1 03 31 03 1 06 31
42 181 1 11 41 01 1 06 41
42 182 1 07 65 05 1 07 65
42 183 1 01 12 04 1 07 12
42 184 1 05 20 07 0 07 21
42 185 1 10 38 02 1 07 38
42 186 1 11 41 01 1 07 41
42 187 1 12 42 06 1 07 42
42 188 1 03 31 03 1 07 31
42 189 1 04 39 00 1 07 39
42 190 1 11 41 01 1 07 41
42 191 1 10 38 02 1 07 38
42 192 1 05 20 07 1 07 20
42 193 1 04 39 00 1 07 39
42 194 1 12 42 06 1 07 42
42 195 1 03 31 03 1 07 31
42 196 1 07 65 05 1 07 65
42 197 1 01 12 04 1 07 12
42 198 1 11 41 01 1 08 41
42 199 1 03 31 03 1 08 31
42 200 1 04 39 00 1 08 39
42 201 1 01 12 04 1 08 12
42 202 1 05 20 07 1 08 20
42 203 1 07 65 05 1 08 65
42 204 1 09 35 08 0 08 32
42 205 1 12 42 06 1 08 42
42 206 1 10 38 02 0 08 39
42 207 1 09 35 08 1 08 35
42 208 1 03 31 03 1 08 31
42 209 1 07 65 05 1 08 65
42 210 1 12 42 06 1 08 42
42 211 1 11 41 01 1 08 41
42 212 1 05 20 07 1 08 20
42 213 1 04 39 00 1 08 39
42 214 1 01 12 04 1 08 12
42 215 1 10 38 02 1 08 38
42 216 1 04 39 00 1 09 39
42 217 1 01 12 04 1 09 12
42 218 1 05 20 07 1 09 20
42 219 1 11 41 01 1 09 41
42 220 1 07 65 05 1 09 65
42 221 1 06 70 09 0 09 78
42 222 1 09 35 08 0 09 20
42 223 1 12 42 06 1 09 42
42 224 1 10 38 02 1 09 38
42 225 1 03 31 03 1 09 31
42 226 1 09 35 08 1 09 35
42 227 1 10 38 02 1 09 38
42 228 1 11 41 01 1 09 41
42 229 1 06 70 09 0 09 35
42 230 1 04 39 00 1 09 39
42 231 1 01 12 04 1 09 12
42 232 1 05 20 07 1 09 20
42 233 1 12 42 06 1 09 42
42 234 1 03 31 03 0 09 12
42 235 1 07 65 05 1 09 65
42 236 1 07 65 05 1 09 65
42 237 1 03 31 03 1 09 31
42 238 1 10 38 02 1 09 38
42 239 1 05 20 07 1 09 20
42 240 2 03 26 00 1 00 26
42 241 2 03 26 00 1 01 26
42 242 2 08 50 01 1 01 50
42 243 2 08 50 01 1 02 50
42 244 2 12 75 02 1 02 75
42 245 2 03 26 00 1 02 26
42 246 2 10 62 03 1 03 62
42 247 2 08 50 01 1 03 50
42 248 2 12 75 02 1 03 75
42 249 2 03 26 00 1 03 26
42 250 2 10 62 03 0 04 50
42 251 2 08 50 01 1 04 50
42 252 2 03 26 00 1 04 26
42 253 2 04 29 04 1 04 29
42 254 2 12 75 02 1 04 75
42 255 2 10 62 03 1 04 62
42 256 2 03 26 00 1 04 26
42 257 2 08 50 01 1 04 50
42 258 2 12 75 02 1 04 75
42 259 2 04 29 04 1 04 29
42 260 2 10 62 03 0 05 50
42 261 2 12 75 02 0 05 62
42 262 2 03 26 00 0 05 29
42 263 2 14 46 05 0 05 75
42 264 2 08 50 01 0 05 26
42 265 2 04 29 04 1 05 29
42 266 2 03 26 00 1 05 26
42 267 2 14 46 05 0 05 75
42 268 2 10 62 03 0 05 50
42 269 2 12 75 02 0 05 62
42 270 2 04 29 04 1 05 29
42 271 2 08 50 01 1 05 50
42 272 2 04 29 04 1 05 29
42 273 2 12 75 02 0 05 62
42 274 2 10 62 03 0 05 50
42 275 2 14 46 05 0 05 42
42 276 2 03 26 00 1 05 26
42 277 2 08 50 01 1 05 50
42 278 2 03 26 00 1 05 26
42 279 2 08 50 01 1 05 50
42 280 2 14 46 05 0 05 75
42 281 2 10 62 03 0 05 50
42 282 2 12 75 02 0 05 46
42 283 2 04 29 04 1 05 29
42 284 2 12 75 02 0 05 46
42 285 2 04 29 04 1 05 29
42 286 2 03 26 00 1 05 26
42 287 2 08 50 01 1 05 50
42 288 2 14 46 05 1 05 46
42 289 2 10 62 03 0 05 50
42 290 2 08 50 01 1 05 50
42 291 2 03 26 00 1 05 26
42 292 2 10 62 03 1 05 62
42 293 2 04 29 04 1 05 29
42 294 2 12 75 02 0 05 50
42 295 2 14 46 05 1 05 46
42 296 2 10 62 03 0 05 75
42 297 2 03 26 00 0 05 29
42 298 2 12 75 02 0 05 46
42 299 2 04 29 04 1 05 29
42 300 2 14 46 05 1 05 46
42 301 2 08 50 01 0 05 62
42 302 2 12 75 02 0 05 62
42 303 2 08 50 01 1 05 50
42 304 2 14 46 05 1 05 46
42 305 2 10 62 03 0 05 75
42 306 2 04 29 04 1 05 29
42 307 2 03 26 00 1 05 26
42 308 2 10 62 03 0 05 46
42 309 2 08 50 01 1 05 50
42 310 2 14 46 05 0 05 75
42 311 2 12 75 02 0 05 46
42 312 2 03 26 00 0 05 29
42 313 2 04 29 04 1 05 29
42 314 2 04 29 04 1 05 29
42 315 2 14 46 05 0 05 62
42 316 2 03 26 00 1 05 26
42 317 2 10 62 03 1 05 62
42 318 2 08 50 01 1 05 50
42 319 2 12 75 02 1 05 75
42 320 2 10 62 03 0 05 75
42 321 2 03 26 00 1 05 26
42 322 2 08 50 01 1 05 50
42 323 2 04 29 04 1 05 29
42 324 2 14 46 05 1 05 46
42 325 2 12 75 02 1 05 75
42 326 2 12 75 02 0 05 62
42 327 2 08 50 01 0 05 62
42 328 2 04 29 04 1 05 29
42 329 2 14 46 05 1 05 46
42 330 2 03 26 00 1 05 26
42 331 2 10 62 03 1 05 62
42 332 2 03 26 00 1 05 26
42 333 2 04 29 04 1 05 29
42 334 2 10 62 03 1 05 62
42 335 2 14 46 05 1 05 46
42 336 2 12 75 02 1 05 75
42 337 2 08 50 01 1 05 50
42 338 2 09 79 06 1 06 79
42 339 2 08 50 01 1 06 50
42 340 2 14 46 05 1 06 46
42 341 2 03 26 00 1 06 26
42 342 2 10 62 03 1 06 62
42 343 2 04 29 04 1 06 29
42 344 2 12 75 02 0 06 62
42 345 2 10 62 03 1 06 62
42 346 2 08 50 01 0 06 52
42 347 2 14 46 05 1 06 46
42 348 2 03 26 00 0 06 29
42 349 2 04 29 04 1 06 29
42 350 2 09 79 06 0 06 62
42 351 2 12 75 02 0 06 62
42 352 2 10 62 03 0 06 79
42 353 2 09 79 06 0 06 50
42 354 2 03 26 00 1 06 26
42 355 2 12 75 02 0 06 62
42 356 2 08 50 01 0 06 05
42 357 2 04 29 04 1 06 29
42 358 2 14 46 05 1 06 46
42 359 2 04 29 04 1 06 29
