16 000 3 10 45 00 0 00 00
16 001 3 10 45 00 0 00 00
16 002 3 10 45 00 0 00 00
16 003 3 10 45 00 1 00 45
16 004 3 00 31 01 1 01 31
16 005 3 10 45 00 1 01 45
16 006 3 10 45 00 1 02 45
16 007 3 00 31 01 1 02 31
16 008 3 06 23 02 1 02 23
16 009 3 00 31 01 0 03 02
16 010 3 10 45 00 1 03 45
16 011 3 06 23 02 0 03 31
16 012 3 01 77 03 1 03 77
16 013 3 06 23 02 1 03 23
16 014 3 00 31 01 0 03 21
16 015 3 10 45 00 1 03 45
16 016 3 01 77 03 1 03 77
16 017 3 06 23 02 0 03 31
16 018 3 00 31 01 1 03 31
16 019 3 01 77 03 1 03 77
16 020 3 10 45 00 1 03 45
16 021 3 10 45 00 1 03 45
16 022 3 06 23 02 1 03 23
16 023 3 00 31 01 1 03 31
16 024 3 01 77 03 1 03 77
16 025 3 00 31 01 1 04 31
16 026 3 10 45 00 1 04 45
16 027 3 06 23 02 0 04 31
16 028 3 01 77 03 1 04 77
16 029 3 12 73 04 0 04 21
16 030 3 12 73 04 1 04 73
16 031 3 01 77 03 1 04 77
16 032 3 06 23 02 0 04 31
16 033 3 00 31 01 1 04 31
16 034 3 10 45 00 1 04 45
16 035 3 10 45 00 1 04 45
16 036 3 06 23 02 0 04 31
16 037 3 00 31 01 1 04 31
16 038 3 12 73 04 0 04 77
16 039 3 01 77 03 1 04 77
16 000 1 10 56 00 1 00 56
16 001 1 10 56 00 1 01 56
16 002 1 14 33 01 1 01 33
16 003 1 04 38 02 1 02 38
16 004 1 10 56 00 1 02 56
16 005 1 14 33 01 1 02 33
16 006 1 10 56 00 1 03 56
16 007 1 14 33 01 1 03 33
16 008 1 04 38 02 1 03 38
16 009 1 17 79 03 0 03 76
16 010 1 04 38 02 0 03 56
16 011 1 14 33 01 1 03 33
16 012 1 17 79 03 1 03 79
16 013 1 10 56 00 1 03 56
16 014 1 04 38 02 1 03 38
16 015 1 10 56 00 1 03 56
16 016 1 17 79 03 1 03 79
16 017 1 14 33 01 1 03 33
16 018 1 17 79 03 1 04 79
16 019 1 14 33 01 1 04 33
16 020 1 10 56 00 1 04 56
16 021 1 04 38 02 1 04 38
16 022 1 13 35 04 0 04 59
16 023 1 17 79 03 1 04 79
16 024 1 04 38 02 1 04 38
16 025 1 10 56 00 1 04 56
16 026 1 14 33 01 1 04 33
16 027 1 13 35 04 1 04 35
16 028 1 10 56 00 1 05 56
16 029 1 02 53 05 1 05 53
16 030 1 13 35 04 1 05 35
16 031 1 14 33 01 1 05 33
16 032 1 04 38 02 1 05 38
16 033 1 17 79 03 1 05 79
16 034 1 14 33 01 1 06 33
16 035 1 07 18 06 1 06 18
16 036 1 02 53 05 0 06 35
16 037 1 04 38 02 1 06 38
16 038 1 10 56 00 1 06 56
16 039 1 13 35 04 0 06 18
16 040 1 17 79 03 1 06 79
16 041 1 13 35 04 1 06 35
16 042 1 14 33 01 1 06 33
16 043 1 17 79 03 1 06 79
16 044 1 04 38 02 1 06 38
16 045 1 07 18 06 1 06 18
16 046 1 10 56 00 1 06 56
16 047 1 02 53 05 1 06 53
16 048 1 04 38 02 1 07 38
16 049 1 17 79 03 1 07 79
16 050 1 13 35 04 0 07 53
16 051 1 14 33 01 1 07 33
16 052 1 08 64 07 0 07 45
16 053 1 07 18 06 1 07 18
16 054 1 02 53 05 0 07 38
16 055 1 10 56 00 1 07 56
16 056 1 08 64 07 1 07 64
16 057 1 04 38 02 1 07 38
16 058 1 07 18 06 1 07 18
16 059 1 14 33 01 1 07 33
16 060 1 02 53 05 0 07 35
16 061 1 17 79 03 1 07 79
16 062 1 10 56 00 1 07 56
16 063 1 13 35 04 1 07 35
16 064 1 14 33 01 1 07 33
16 065 1 08 64 07 1 07 64
16 066 1 02 53 05 1 07 53
16 067 1 17 79 03 1 07 79
16 068 1 13 35 04 1 07 35
16 069 1 07 18 06 1 07 18
16 070 1 04 38 02 1 07 38
16 071 1 10 56 00 1 07 56
16 072 1 13 35 04 1 08 35
16 073 1 08 64 07 1 08 64
16 074 1 04 38 02 1 08 38
16 075 1 02 53 05 1 08 53
16 076 1 09 78 08 1 08 78
16 077 1 14 33 01 1 08 33
16 078 1 07 18 06 1 08 18
16 079 1 10 56 00 1 08 56
16 080 1 17 79 03 1 08 79
16 081 1 08 64 07 0 09 18
16 082 1 17 79 03 1 09 79
16 083 1 07 18 06 1 09 18
16 084 1 14 33 01 1 09 33
16 085 1 02 53 05 1 09 53
16 086 1 13 35 04 0 09 53
16 087 1 12 39 09 1 09 39
16 088 1 04 38 02 1 09 38
16 089 1 10 56 00 1 09 56
16 090 1 09 78 08 0 09 64
16 091 1 08 64 07 1 09 64
16 092 1 09 78 08 1 09 78
16 093 1 17 79 03 1 09 79
16 094 1 04 38 02 1 09 38
16 095 1 13 35 04 1 09 35
16 096 1 12 39 09 1 09 39
16 097 1 10 56 00 1 09 56
16 098 1 14 33 01 1 09 33
16 099 1 07 18 06 1 09 18
16 100 1 02 53 05 0 09 38
16 101 1 09 78 08 0 09 39
16 102 1 17 79 03 1 09 79
16 103 1 07 18 06 1 09 18
16 104 1 14 33 01 1 09 33
16 105 1 02 53 05 1 09 53
16 106 1 04 38 02 1 09 38
16 107 1 13 35 04 1 09 35
16 108 1 10 56 00 1 09 56
16 109 1 08 64 07 1 09 64
16 110 1 12 39 09 1 09 39
16 111 1 08 64 07 1 09 64
16 112 1 14 33 01 1 09 33
16 113 1 07 18 06 1 09 18
16 114 1 02 53 05 1 09 53
16 115 1 17 79 03 1 09 79
16 116 1 13 35 04 1 09 35
16 117 1 12 39 09 1 09 39
16 118 1 04 38 02 1 09 38
16 119 1 10 56 00 1 09 56
16 120 2 09 30 00 1 00 30
16 121 2 09 30 00 1 01 30
16 122 2 12 59 01 1 01 59
16 123 2 13 52 02 0 02 59
16 124 2 12 59 01 0 02 52
16 125 2 09 30 00 1 02 30
16 126 2 13 52 02 1 02 52
16 127 2 12 59 01 1 02 59
16 128 2 09 30 00 1 02 30
16 129 2 14 21 03 1 03 21
16 130 2 09 30 00 1 03 30
16 131 2 13 52 02 0 03 59
16 132 2 12 59 01 0 03 52
16 133 2 09 30 00 1 03 30
16 134 2 13 52 02 0 03 21
16 135 2 12 59 01 0 03 52
16 136 2 14 21 03 0 03 52
16 137 2 12 59 01 0 03 52
16 138 2 13 52 02 0 03 59
16 139 2 09 30 00 1 03 30
16 140 2 14 21 03 1 03 21
16 141 2 12 59 01 1 03 59
16 142 2 09 30 00 1 03 30
16 143 2 13 52 02 1 03 52
16 144 2 14 21 03 0 03 59
16 145 2 13 52 02 0 03 59
16 146 2 12 59 01 1 03 59
16 147 2 09 30 00 1 03 30
16 148 2 14 21 03 0 03 52
16 149 2 13 52 02 0 03 59
16 150 2 12 59 01 0 03 52
16 151 2 09 30 00 1 03 30
16 152 2 14 21 03 1 03 21
16 153 2 13 52 02 1 03 52
16 154 2 14 21 03 0 03 59
16 155 2 09 30 00 1 03 30
16 156 2 12 59 01 1 03 59
16 157 2 13 52 02 1 03 52
16 158 2 09 30 00 1 03 30
16 159 2 14 21 03 1 03 21
16 160 2 12 59 01 1 03 59
16 161 2 14 21 03 1 04 21
16 162 2 09 30 00 1 04 30
16 163 2 12 59 01 1 04 59
16 164 2 13 52 02 0 04 21
16 165 2 03 14 04 1 04 14
16 166 2 12 59 01 1 04 59
16 167 2 09 30 00 0 04 52
16 168 2 13 52 02 0 04 59
16 169 2 03 14 04 1 04 14
16 170 2 14 21 03 1 04 21
16 171 2 14 21 03 1 04 21
16 172 2 09 30 00 1 04 30
16 173 2 13 52 02 0 04 21
16 174 2 12 59 01 1 04 59
16 175 2 03 14 04 1 04 14
16 176 2 09 30 00 1 04 30
16 177 2 12 59 01 1 04 59
16 178 2 13 52 02 0 04 21
16 179 2 03 14 04 1 04 14
16 180 2 14 21 03 1 04 21
16 181 2 13 52 02 0 04 21
16 182 2 09 30 00 1 04 30
16 183 2 03 14 04 1 04 14
16 184 2 14 21 03 0 04 52
16 185 2 12 59 01 0 04 21
16 186 2 13 52 02 0 04 59
16 187 2 09 30 00 1 04 30
16 188 2 03 14 04 1 04 14
16 189 2 14 21 03 1 04 21
16 190 2 12 59 01 0 04 52
16 191 2 13 52 02 0 04 21
16 192 2 09 30 00 1 04 30
16 193 2 14 21 03 1 04 21
16 194 2 03 14 04 1 04 14
16 195 2 12 59 01 0 04 52
16 196 2 12 59 01 0 04 52
16 197 2 13 52 02 0 04 59
16 198 2 09 30 00 1 04 30
16 199 2 14 21 03 1 04 21
16 200 2 03 14 04 1 04 14
16 201 2 14 21 03 1 04 21
16 202 2 13 52 02 1 04 52
16 203 2 09 30 00 0 04 59
16 204 2 03 14 04 1 04 14
16 205 2 12 59 01 0 04 21
16 206 2 14 21 03 1 04 21
16 207 2 03 14 04 1 04 14
16 208 2 12 59 01 0 04 52
16 209 2 09 30 00 0 04 59
16 210 2 13 52 02 0 04 21
16 211 2 03 14 04 1 04 14
16 212 2 12 59 01 1 04 59
16 213 2 13 52 02 1 04 52
16 214 2 14 21 03 1 04 21
16 215 2 09 30 00 1 04 30
16 216 2 14 21 03 1 05 21
16 217 2 07 55 05 0 05 30
16 218 2 09 30 00 0 05 55
16 219 2 13 52 02 0 05 02
16 220 2 03 14 04 1 05 14
16 221 2 12 59 01 0 05 21
16 222 2 09 30 00 0 05 05
16 223 2 14 21 03 1 05 21
16 224 2 12 59 01 1 05 59
16 225 2 13 52 02 1 05 52
16 226 2 07 55 05 1 05 55
16 227 2 03 14 04 1 05 14
16 228 2 13 52 02 1 05 52
16 229 2 09 30 00 1 05 30
16 230 2 03 14 04 1 05 14
16 231 2 07 55 05 0 05 30
16 232 2 12 59 01 0 05 21
16 233 2 14 21 03 1 05 21
16 234 2 12 59 01 1 05 59
16 235 2 03 14 04 1 05 14
16 236 2 13 52 02 1 05 52
16 237 2 09 30 00 0 05 55
16 238 2 07 55 05 1 05 55
16 239 2 14 21 03 1 05 21
16 240 0 07 75 00 1 00 75
16 241 0 07 75 00 1 01 75
16 242 0 10 61 01 1 01 61
16 243 0 07 75 00 1 02 75
16 244 0 15 34 02 0 02 31
16 245 0 10 61 01 1 02 61
16 246 0 07 75 00 1 02 75
16 247 0 10 61 01 0 02 34
16 248 0 15 34 02 0 02 31
16 249 0 10 61 01 1 02 61
16 250 0 15 34 02 1 02 34
16 251 0 07 75 00 1 02 75
16 252 0 07 75 00 1 03 75
16 253 0 02 58 03 0 03 54
16 254 0 10 61 01 1 03 61
16 255 0 15 34 02 1 03 34
16 256 0 02 58 03 1 03 58
16 257 0 10 61 01 1 03 61
16 258 0 15 34 02 1 03 34
16 259 0 07 75 00 1 03 75
16 260 0 07 75 00 1 04 75
16 261 0 02 58 03 1 04 58
16 262 0 10 61 01 1 04 61
16 263 0 15 34 02 1 04 34
16 264 0 09 51 04 1 04 51
16 265 0 10 61 01 1 05 61
16 266 0 17 40 05 1 05 40
16 267 0 07 75 00 1 05 75
16 268 0 15 34 02 1 05 34
16 269 0 09 51 04 1 05 51
16 270 0 02 58 03 1 05 58
16 271 0 07 75 00 1 06 75
16 272 0 09 51 04 0 06 30
16 273 0 15 34 02 1 06 34
16 274 0 10 61 01 1 06 61
16 275 0 17 40 05 0 06 22
16 276 0 16 16 06 1 06 16
16 277 0 02 58 03 0 06 30
16 278 0 16 16 06 1 06 16
16 279 0 02 58 03 1 06 58
16 280 0 09 51 04 1 06 51
16 281 0 10 61 01 1 06 61
16 282 0 17 40 05 0 06 30
16 283 0 15 34 02 1 06 34
16 284 0 07 75 00 1 06 75
16 285 0 15 34 02 1 06 34
16 286 0 02 58 03 0 06 51
16 287 0 16 16 06 1 06 16
16 288 0 10 61 01 1 06 61
16 289 0 17 40 05 1 06 40
16 290 0 09 51 04 1 06 51
16 291 0 07 75 00 1 06 75
16 292 0 02 58 03 1 06 58
16 293 0 09 51 04 0 06 34
16 294 0 07 75 00 1 06 75
16 295 0 15 34 02 1 06 34
16 296 0 16 16 06 1 06 16
16 297 0 17 40 05 1 06 40
16 298 0 10 61 01 1 06 61
16 299 0 10 61 01 1 06 61
16 300 0 02 58 03 1 06 58
16 301 0 09 51 04 1 06 51
16 302 0 15 34 02 1 06 34
16 303 0 17 40 05 1 06 40
16 304 0 16 16 06 1 06 16
16 305 0 07 75 00 1 06 75
16 306 0 02 58 03 1 07 58
16 307 0 11 54 07 0 07 64
16 308 0 15 34 02 1 07 34
16 309 0 09 51 04 1 07 51
16 310 0 10 61 01 1 07 61
16 311 0 07 75 00 1 07 75
16 312 0 16 16 06 1 07 16
16 313 0 17 40 05 1 07 40
16 314 0 10 61 01 1 07 61
16 315 0 16 16 06 1 07 16
16 316 0 09 51 04 1 07 51
16 317 0 07 75 00 1 07 75
16 318 0 17 40 05 1 07 40
16 319 0 02 58 03 1 07 58
16 320 0 11 54 07 1 07 54
16 321 0 15 34 02 1 07 34
16 322 0 09 51 04 1 08 51
16 323 0 12 19 08 1 08 19
16 324 0 16 16 06 1 08 16
16 325 0 10 61 01 1 08 61
16 326 0 17 40 05 1 08 40
16 327 0 15 34 02 1 08 34
16 328 0 07 75 00 1 08 75
16 329 0 02 58 03 1 08 58
16 330 0 11 54 07 1 08 54
16 331 0 06 76 09 1 09 76
16 332 0 09 51 04 1 09 51
16 333 0 12 19 08 0 09 54
16 334 0 17 40 05 1 09 40
16 335 0 07 75 00 1 09 75
16 336 0 11 54 07 1 09 54
16 337 0 15 34 02 1 09 34
16 338 0 02 58 03 1 09 58
16 339 0 16 16 06 1 09 16
16 340 0 10 61 01 1 09 61
16 341 0 11 54 07 1 09 54
16 342 0 02 58 03 1 09 58
16 343 0 17 40 05 1 09 40
16 344 0 06 76 09 0 09 19
16 345 0 09 51 04 1 09 51
16 346 0 12 19 08 1 09 19
16 347 0 07 75 00 1 09 75
16 348 0 10 61 01 1 09 61
16 349 0 16 16 06 1 09 16
16 350 0 15 34 02 1 09 34
16 351 0 09 51 04 1 09 51
16 352 0 06 76 09 1 09 76
16 353 0 10 61 01 1 09 61
16 354 0 11 54 07 1 09 54
16 355 0 12 19 08 1 09 19
16 356 0 07 75 00 1 09 75
16 357 0 15 34 02 1 09 34
16 358 0 17 40 05 1 09 40
16 359 0 16 16 06 1 09 16
