33 000 3 14 67 00 1 00 67
33 001 3 14 67 00 0 01 96
33 002 3 02 39 01 0 01 54
33 003 3 14 67 00 0 01 64
33 004 3 02 39 01 0 01 34
33 005 3 14 67 00 1 01 67
33 006 3 02 39 01 1 01 39
33 007 3 02 39 01 1 02 39
33 008 3 12 18 02 0 02 67
33 009 3 14 67 00 1 02 67
33 010 3 12 18 02 1 02 18
33 011 3 02 39 01 1 02 39
33 012 3 14 67 00 1 02 67
33 013 3 14 67 00 1 03 67
33 014 3 02 39 01 1 03 39
33 015 3 12 18 02 1 03 18
33 016 3 06 68 03 0 03 05
33 017 3 02 39 01 0 03 37
33 018 3 12 18 02 1 03 18
33 019 3 06 68 03 1 03 68
33 020 3 14 67 00 0 03 39
33 021 3 06 68 03 0 03 38
33 022 3 12 18 02 1 03 18
33 023 3 14 67 00 0 03 39
33 024 3 02 39 01 0 03 68
33 025 3 14 67 00 0 03 37
33 026 3 02 39 01 0 03 68
33 027 3 06 68 03 1 03 68
33 028 3 12 18 02 1 03 18
33 029 3 14 67 00 0 03 39
33 030 3 02 39 01 0 03 67
33 031 3 06 68 03 1 03 68
33 032 3 12 18 02 1 03 18
33 033 3 06 68 03 0 03 39
33 034 3 02 39 01 0 03 37
33 035 3 14 67 00 1 03 67
33 036 3 12 18 02 1 03 18
33 037 3 06 68 03 0 03 39
33 038 3 14 67 00 0 03 37
33 039 3 02 39 01 1 03 39
33 000 0 08 21 00 1 00 21
33 001 0 08 21 00 1 01 21
33 002 0 10 16 01 1 01 16
33 003 0 10 16 01 1 02 16
33 004 0 08 21 00 1 02 21
33 005 0 03 72 02 0 02 71
33 006 0 08 21 00 1 02 21
33 007 0 03 72 02 0 02 62
33 008 0 10 16 01 0 02 61
33 009 0 03 72 02 1 02 72
33 010 0 08 21 00 1 02 21
33 011 0 10 16 01 1 02 16
33 012 0 03 72 02 0 03 62
33 013 0 08 21 00 1 03 21
33 014 0 10 16 01 1 03 16
33 015 0 12 15 03 0 03 52
33 016 0 10 16 01 1 03 16
33 017 0 12 15 03 1 03 15
33 018 0 03 72 02 1 03 72
33 019 0 08 21 00 1 03 21
33 020 0 03 72 02 1 04 72
33 021 0 12 15 03 1 04 15
33 022 0 10 16 01 1 04 16
33 023 0 04 24 04 1 04 24
33 024 0 08 21 00 1 04 21
33 025 0 10 16 01 1 05 16
33 026 0 03 72 02 1 05 72
33 027 0 08 21 00 1 05 21
33 028 0 05 22 05 1 05 22
33 029 0 12 15 03 1 05 15
33 030 0 04 24 04 1 05 24
33 031 0 14 78 06 1 06 78
33 032 0 03 72 02 1 06 72
33 033 0 05 22 05 1 06 22
33 034 0 04 24 04 1 06 24
33 035 0 10 16 01 1 06 16
33 036 0 12 15 03 1 06 15
33 037 0 08 21 00 1 06 21
33 038 0 10 16 01 1 07 16
33 039 0 04 24 04 1 07 24
33 040 0 03 72 02 1 07 72
33 041 0 05 22 05 1 07 22
33 042 0 09 74 07 1 07 74
33 043 0 14 78 06 1 07 78
33 044 0 08 21 00 1 07 21
33 045 0 12 15 03 1 07 15
33 046 0 05 22 05 1 08 22
33 047 0 02 60 08 0 08 62
33 048 0 10 16 01 1 08 16
33 049 0 08 21 00 1 08 21
33 050 0 04 24 04 1 08 24
33 051 0 12 15 03 1 08 15
33 052 0 03 72 02 1 08 72
33 053 0 14 78 06 1 08 78
33 054 0 09 74 07 0 08 72
33 055 0 10 16 01 1 08 16
33 056 0 09 74 07 1 08 74
33 057 0 08 21 00 1 08 21
33 058 0 12 15 03 1 08 15
33 059 0 05 22 05 1 08 22
33 060 0 04 24 04 1 08 24
33 061 0 03 72 02 1 08 72
33 062 0 14 78 06 1 08 78
33 063 0 02 60 08 0 08 05
33 064 0 09 74 07 0 08 78
33 065 0 12 15 03 1 08 15
33 066 0 03 72 02 0 08 24
33 067 0 10 16 01 1 08 16
33 068 0 08 21 00 1 08 21
33 069 0 14 78 06 1 08 78
33 070 0 02 60 08 1 08 60
33 071 0 05 22 05 1 08 22
33 072 0 04 24 04 1 08 24
33 073 0 12 15 03 1 08 15
33 074 0 03 72 02 1 08 72
33 075 0 08 21 00 1 08 21
33 076 0 14 78 06 1 08 78
33 077 0 05 22 05 1 08 22
33 078 0 04 24 04 1 08 24
33 079 0 10 16 01 1 08 16
33 080 0 09 74 07 1 08 74
33 081 0 02 60 08 1 08 60
33 082 0 03 72 02 1 09 72
33 083 0 02 60 08 1 09 60
33 084 0 13 76 09 1 09 76
33 085 0 08 21 00 1 09 21
33 086 0 12 15 03 1 09 15
33 087 0 10 16 01 1 09 16
33 088 0 09 74 07 0 09 78
33 089 0 14 78 06 1 09 78
33 090 0 05 22 05 1 09 22
33 091 0 04 24 04 1 09 24
33 092 0 12 15 03 1 09 15
33 093 0 03 72 02 1 09 72
33 094 0 02 60 08 1 09 60
33 095 0 13 76 09 1 09 76
33 096 0 10 16 01 1 09 16
33 097 0 05 22 05 1 09 22
33 098 0 14 78 06 1 09 78
33 099 0 04 24 04 1 09 24
33 100 0 08 21 00 1 09 21
33 101 0 09 74 07 1 09 74
33 102 0 04 24 04 0 10 22
33 103 0 12 15 03 1 10 15
33 104 0 05 22 05 1 10 22
33 105 0 13 76 09 1 10 76
33 106 0 09 74 07 1 10 74
33 107 0 14 78 06 1 10 78
33 108 0 10 16 01 1 10 16
33 109 0 02 60 08 1 10 60
33 110 0 08 21 00 1 10 21
33 111 0 03 72 02 1 10 72
33 112 0 01 29 10 1 10 29
33 113 0 01 29 10 1 10 29
33 114 0 14 78 06 1 10 78
33 115 0 05 22 05 1 10 22
33 116 0 09 74 07 1 10 74
33 117 0 04 24 04 1 10 24
33 118 0 12 15 03 1 10 15
33 119 0 03 72 02 1 10 72
33 120 1 07 58 00 1 00 58
33 121 1 07 58 00 1 01 58
33 122 1 16 20 01 1 01 20
33 123 1 16 20 01 1 02 20
33 124 1 07 58 00 1 02 58
33 125 1 15 42 02 1 02 42
33 126 1 16 20 01 1 03 20
33 127 1 07 58 00 1 03 58
33 128 1 15 42 02 1 03 42
33 129 1 03 13 03 1 03 13
33 130 1 03 13 03 1 04 13
33 131 1 15 42 02 1 04 42
33 132 1 07 58 00 1 04 58
33 133 1 10 45 04 0 04 32
33 134 1 16 20 01 1 04 20
33 135 1 10 45 04 1 04 45
33 136 1 03 13 03 1 04 13
33 137 1 07 58 00 1 04 58
33 138 1 16 20 01 1 04 20
33 139 1 15 42 02 1 04 42
33 140 1 07 58 00 1 05 58
33 141 1 15 42 02 1 05 42
33 142 1 09 23 05 0 05 54
33 143 1 16 20 01 1 05 20
33 144 1 10 45 04 0 05 23
33 145 1 03 13 03 1 05 13
33 146 1 10 45 04 1 05 45
33 147 1 16 20 01 1 05 20
33 148 1 09 23 05 1 05 23
33 149 1 03 13 03 1 05 13
33 150 1 15 42 02 1 05 42
33 151 1 07 58 00 1 05 58
33 152 1 10 45 04 1 06 45
33 153 1 09 23 05 1 06 23
33 154 1 15 42 02 1 06 42
33 155 1 17 51 06 1 06 51
33 156 1 16 20 01 1 06 20
33 157 1 03 13 03 1 06 13
33 158 1 07 58 00 1 06 58
33 159 1 17 51 06 1 07 51
33 160 1 09 23 05 1 07 23
33 161 1 03 13 03 1 07 13
33 162 1 10 45 04 1 07 45
33 163 1 07 58 00 1 07 58
33 164 1 15 42 02 1 07 42
33 165 1 11 59 07 1 07 59
33 166 1 16 20 01 1 07 20
33 167 1 09 23 05 1 08 23
33 168 1 03 13 03 1 08 13
33 169 1 17 51 06 1 08 51
33 170 1 10 45 04 1 08 45
33 171 1 15 42 02 1 08 42
33 172 1 11 59 07 1 08 59
33 173 1 07 58 00 1 08 58
33 174 1 08 66 08 1 08 66
33 175 1 16 20 01 1 08 20
33 176 1 03 13 03 1 09 13
33 177 1 15 42 02 1 09 42
33 178 1 09 23 05 1 09 23
33 179 1 04 79 09 0 09 76
33 180 1 07 58 00 1 09 58
33 181 1 10 45 04 0 09 42
33 182 1 08 66 08 1 09 66
33 183 1 16 20 01 1 09 20
33 184 1 11 59 07 1 09 59
33 185 1 17 51 06 1 09 51
33 186 1 09 23 05 1 09 23
33 187 1 03 13 03 1 09 13
33 188 1 10 45 04 0 09 42
33 189 1 17 51 06 1 09 51
33 190 1 16 20 01 1 09 20
33 191 1 08 66 08 1 09 66
33 192 1 04 79 09 0 09 59
33 193 1 11 59 07 0 09 79
33 194 1 07 58 00 1 09 58
33 195 1 15 42 02 1 09 42
33 196 1 17 51 06 1 09 51
33 197 1 03 13 03 1 09 13
33 198 1 11 59 07 1 09 59
33 199 1 10 45 04 1 09 45
33 200 1 07 58 00 1 09 58
33 201 1 08 66 08 1 09 66
33 202 1 15 42 02 1 09 42
33 203 1 16 20 01 0 09 23
33 204 1 09 23 05 1 09 23
33 205 1 04 79 09 0 09 76
33 206 1 17 51 06 1 09 51
33 207 1 09 23 05 1 09 23
33 208 1 11 59 07 1 09 59
33 209 1 08 66 08 1 09 66
33 210 1 07 58 00 1 09 58
33 211 1 04 79 09 1 09 79
33 212 1 03 13 03 1 09 13
33 213 1 15 42 02 1 09 42
33 214 1 10 45 04 1 09 45
33 215 1 16 20 01 1 09 20
33 216 1 16 20 01 1 10 20
33 217 1 06 57 10 1 10 57
33 218 1 04 79 09 1 10 79
33 219 1 09 23 05 1 10 23
33 220 1 15 42 02 1 10 42
33 221 1 03 13 03 1 10 13
33 222 1 07 58 00 1 10 58
33 223 1 08 66 08 1 10 66
33 224 1 11 59 07 1 10 59
33 225 1 10 45 04 1 10 45
33 226 1 17 51 06 1 10 51
33 227 1 10 45 04 1 11 45
33 228 1 07 58 00 1 11 58
33 229 1 09 23 05 1 11 23
33 230 1 08 66 08 1 11 66
33 231 1 15 42 02 1 11 42
33 232 1 16 20 01 1 11 20
33 233 1 06 57 10 1 11 57
33 234 1 03 13 03 1 11 13
33 235 1 02 19 11 1 11 19
33 236 1 17 51 06 1 11 51
33 237 1 04 79 09 1 11 79
33 238 1 11 59 07 1 11 59
33 239 1 16 20 01 1 12 20
33 240 2 04 27 00 1 00 27
33 241 2 04 27 00 1 01 27
33 242 2 12 63 01 1 01 63
33 243 2 04 27 00 1 02 27
33 244 2 12 63 01 0 02 43
33 245 2 13 47 02 1 02 47
33 246 2 12 63 01 1 02 63
33 247 2 04 27 00 1 02 27
33 248 2 13 47 02 0 02 43
33 249 2 13 47 02 0 02 43
33 250 2 04 27 00 1 02 27
33 251 2 12 63 01 0 02 67
33 252 2 12 63 01 1 02 63
33 253 2 04 27 00 0 02 32
33 254 2 13 47 02 1 02 47
33 255 2 13 47 02 0 02 63
33 256 2 04 27 00 1 02 27
33 257 2 12 63 01 1 02 63
33 258 2 12 63 01 1 02 63
33 259 2 13 47 02 1 02 47
33 260 2 04 27 00 1 02 27
33 261 2 12 63 01 0 03 47
33 262 2 04 27 00 1 03 27
33 263 2 13 47 02 1 03 47
33 264 2 00 26 03 0 03 27
33 265 2 00 26 03 1 03 26
33 266 2 12 63 01 1 03 63
33 267 2 13 47 02 1 03 47
33 268 2 04 27 00 1 03 27
33 269 2 13 47 02 1 04 47
33 270 2 04 27 00 1 04 27
33 271 2 00 26 03 1 04 26
33 272 2 03 48 04 0 04 43
33 273 2 12 63 01 0 04 47
33 274 2 03 48 04 0 04 27
33 275 2 12 63 01 0 04 47
33 276 2 04 27 00 1 04 27
33 277 2 13 47 02 0 04 63
33 278 2 00 26 03 1 04 26
33 279 2 03 48 04 1 04 48
33 280 2 13 47 02 0 04 63
33 281 2 12 63 01 0 04 47
33 282 2 04 27 00 1 04 27
33 283 2 00 26 03 1 04 26
33 284 2 00 26 03 1 04 26
33 285 2 03 48 04 1 04 48
33 286 2 12 63 01 0 04 47
33 287 2 04 27 00 1 04 27
33 288 2 13 47 02 0 04 63
33 289 2 13 47 02 1 04 47
33 290 2 04 27 00 1 04 27
33 291 2 00 26 03 1 04 26
33 292 2 12 63 01 1 04 63
33 293 2 03 48 04 1 04 48
33 294 2 12 63 01 1 05 63
33 295 2 04 27 00 1 05 27
33 296 2 02 77 05 0 05 48
33 297 2 00 26 03 1 05 26
33 298 2 03 48 04 0 05 77
33 299 2 13 47 02 1 05 47
33 300 2 12 63 01 1 05 63
33 301 2 00 26 03 1 05 26
33 302 2 04 27 00 1 05 27
33 303 2 02 77 05 1 05 77
33 304 2 03 48 04 1 05 48
33 305 2 13 47 02 1 05 47
33 306 2 13 47 02 0 06 63
33 307 2 02 77 05 0 06 26
33 308 2 12 63 01 0 06 47
33 309 2 04 27 00 1 06 27
33 310 2 16 40 06 0 06 60
33 311 2 00 26 03 1 06 26
33 312 2 03 48 04 0 06 27
33 313 2 03 48 04 1 06 48
33 314 2 02 77 05 0 06 27
33 315 2 04 27 00 1 06 27
33 316 2 16 40 06 0 06 60
33 317 2 13 47 02 0 06 63
33 318 2 12 63 01 0 06 47
33 319 2 00 26 03 1 06 26
33 320 2 03 48 04 0 06 27
33 321 2 13 47 02 0 06 63
33 322 2 12 63 01 0 06 47
33 323 2 00 26 03 1 06 26
33 324 2 04 27 00 0 06 77
33 325 2 02 77 05 1 06 77
33 326 2 16 40 06 1 06 40
33 327 2 02 77 05 0 06 27
33 328 2 04 27 00 1 06 27
33 329 2 16 40 06 1 06 40
33 330 2 03 48 04 0 06 27
33 331 2 13 47 02 0 06 63
33 332 2 00 26 03 1 06 26
33 333 2 12 63 01 0 06 47
33 334 2 02 77 05 0 06 27
33 335 2 13 47 02 0 06 40
33 336 2 04 27 00 0 06 48
33 337 2 12 63 01 0 06 47
33 338 2 16 40 06 1 06 40
33 339 2 03 48 04 0 06 27
33 340 2 00 26 03 1 06 26
33 341 2 13 47 02 1 06 47
33 342 2 16 40 06 1 06 40
33 343 2 12 63 01 1 06 63
33 344 2 04 27 00 1 06 27
33 345 2 02 77 05 0 06 48
33 346 2 03 48 04 1 06 48
33 347 2 00 26 03 1 06 26
33 348 2 02 77 05 1 06 77
33 349 2 12 63 01 1 06 63
33 350 2 16 40 06 1 06 40
33 351 2 03 48 04 0 06 27
33 352 2 00 26 03 1 06 26
33 353 2 04 27 00 1 06 27
33 354 2 13 47 02 0 06 63
33 355 2 04 27 00 1 06 27
33 356 2 12 63 01 1 06 63
33 357 2 00 26 03 1 06 26
33 358 2 16 40 06 1 06 40
33 359 2 02 77 05 0 06 48
