25 000 3 02 47 00 1 00 47
25 001 3 02 47 00 1 01 47
25 002 3 11 14 01 1 01 14
25 003 3 11 14 01 1 02 14
25 004 3 02 47 00 1 02 47
25 005 3 01 52 02 1 02 52
25 006 3 01 52 02 1 03 52
25 007 3 02 47 00 1 03 47
25 008 3 15 16 03 0 03 12
25 009 3 11 14 01 1 03 14
25 010 3 15 16 03 1 03 16
25 011 3 01 52 02 1 03 52
25 012 3 11 14 01 0 03 47
25 013 3 02 47 00 1 03 47
25 014 3 11 14 01 1 03 14
25 015 3 15 16 03 1 03 16
25 016 3 02 47 00 1 03 47
25 017 3 01 52 02 1 03 52
25 018 3 02 47 00 1 04 47
25 019 3 01 52 02 1 04 52
25 020 3 15 16 03 1 04 16
25 021 3 08 51 04 1 04 51
25 022 3 11 14 01 1 04 14
25 023 3 01 52 02 1 05 52
25 024 3 15 16 03 1 05 16
25 025 3 08 51 04 1 05 51
25 026 3 13 63 05 1 05 63
25 027 3 11 14 01 1 05 14
25 028 3 02 47 00 1 05 47
25 029 3 02 47 00 1 06 47
25 030 3 15 16 03 1 06 16
25 031 3 05 25 06 0 06 52
25 032 3 08 51 04 0 06 16
25 033 3 13 63 05 1 06 63
25 034 3 11 14 01 1 06 14
25 035 3 01 52 02 1 06 52
25 036 3 11 14 01 1 06 14
25 037 3 02 47 00 1 06 47
25 038 3 15 16 03 1 06 16
25 039 3 08 51 04 0 06 52
25 000 1 12 58 00 1 00 58
25 001 1 12 58 00 1 01 58
25 002 1 03 12 01 1 01 12
25 003 1 12 58 00 1 02 58
25 004 1 03 12 01 1 02 12
25 005 1 07 38 02 0 02 23
25 006 1 03 12 01 1 02 12
25 007 1 12 58 00 0 02 28
25 008 1 07 38 02 1 02 38
25 009 1 07 38 02 1 02 38
25 010 1 03 12 01 1 02 12
25 011 1 12 58 00 1 02 58
25 012 1 12 58 00 1 03 58
25 013 1 07 38 02 1 03 38
25 014 1 08 65 03 0 03 63
25 015 1 03 12 01 1 03 12
25 016 1 07 38 02 1 03 38
25 017 1 03 12 01 1 03 12
25 018 1 08 65 03 1 03 65
25 019 1 12 58 00 1 03 58
25 020 1 08 65 03 1 04 65
25 021 1 03 12 01 1 04 12
25 022 1 12 58 00 1 04 58
25 023 1 07 38 02 1 04 38
25 024 1 15 17 04 0 04 15
25 025 1 08 65 03 1 04 65
25 026 1 03 12 01 1 04 12
25 027 1 07 38 02 1 04 38
25 028 1 15 17 04 1 04 17
25 029 1 12 58 00 1 04 58
25 030 1 12 58 00 1 05 58
25 031 1 15 17 04 1 05 17
25 032 1 06 43 05 0 05 47
25 033 1 08 65 03 1 05 65
25 034 1 07 38 02 1 05 38
25 035 1 03 12 01 1 05 12
25 036 1 08 65 03 1 05 65
25 037 1 12 58 00 1 05 58
25 038 1 07 38 02 1 05 38
25 039 1 15 17 04 0 05 43
25 040 1 03 12 01 1 05 12
25 041 1 06 43 05 1 05 43
25 042 1 07 38 02 1 05 38
25 043 1 08 65 03 1 05 65
25 044 1 06 43 05 0 05 17
25 045 1 03 12 01 1 05 12
25 046 1 12 58 00 1 05 58
25 047 1 15 17 04 0 05 43
25 048 1 08 65 03 1 05 65
25 049 1 03 12 01 1 05 12
25 050 1 06 43 05 0 05 17
25 051 1 12 58 00 1 05 58
25 052 1 07 38 02 1 05 38
25 053 1 15 17 04 0 05 43
25 054 1 08 65 03 1 05 65
25 055 1 03 12 01 1 05 12
25 056 1 07 38 02 1 05 38
25 057 1 06 43 05 0 05 17
25 058 1 12 58 00 1 05 58
25 059 1 15 17 04 1 05 17
25 060 1 03 12 01 1 05 12
25 061 1 12 58 00 1 05 58
25 062 1 07 38 02 1 05 38
25 063 1 06 43 05 1 05 43
25 064 1 15 17 04 1 05 17
25 065 1 08 65 03 1 05 65
25 066 1 15 17 04 0 06 43
25 067 1 03 12 01 1 06 12
25 068 1 06 43 05 0 06 17
25 069 1 08 65 03 1 06 65
25 070 1 12 58 00 1 06 58
25 071 1 04 61 06 1 06 61
25 072 1 07 38 02 1 06 38
25 073 1 08 65 03 1 06 65
25 074 1 06 43 05 0 06 17
25 075 1 07 38 02 1 06 38
25 076 1 15 17 04 1 06 17
25 077 1 03 12 01 1 06 12
25 078 1 12 58 00 1 06 58
25 079 1 04 61 06 1 06 61
25 080 1 06 43 05 1 06 43
25 081 1 08 65 03 1 06 65
25 082 1 03 12 01 1 06 12
25 083 1 15 17 04 0 06 43
25 084 1 04 61 06 1 06 61
25 085 1 12 58 00 1 06 58
25 086 1 07 38 02 1 06 38
25 087 1 07 38 02 1 06 38
25 088 1 03 12 01 1 06 12
25 089 1 04 61 06 1 06 61
25 090 1 08 65 03 1 06 65
25 091 1 15 17 04 1 06 17
25 092 1 06 43 05 1 06 43
25 093 1 12 58 00 0 06 55
25 094 1 03 12 01 0 06 81
25 095 1 07 38 02 1 06 38
25 096 1 06 43 05 1 06 43
25 097 1 04 61 06 1 06 61
25 098 1 08 65 03 1 06 65
25 099 1 15 17 04 1 06 17
25 100 1 12 58 00 1 06 58
25 101 1 04 61 06 1 06 61
25 102 1 03 12 01 1 06 12
25 103 1 12 58 00 1 06 58
25 104 1 15 17 04 1 06 17
25 105 1 06 43 05 1 06 43
25 106 1 07 38 02 1 06 38
25 107 1 08 65 03 1 06 65
25 108 1 04 61 06 1 07 61
25 109 1 06 43 05 1 07 43
25 110 1 15 17 04 1 07 17
25 111 1 11 15 07 1 07 15
25 112 1 03 12 01 1 07 12
25 113 1 12 58 00 1 07 58
25 114 1 08 65 03 1 07 65
25 115 1 07 38 02 1 07 38
25 116 1 01 55 08 1 08 55
25 117 1 03 12 01 1 08 12
25 118 1 08 65 03 1 08 65
25 119 1 11 15 07 1 08 15
25 120 2 11 69 00 1 00 69
25 121 2 11 69 00 1 01 69
25 122 2 03 72 01 1 01 72
25 123 2 11 69 00 1 02 69
25 124 2 02 30 02 1 02 30
25 125 2 03 72 01 1 02 72
25 126 2 15 36 03 1 03 36
25 127 2 11 69 00 0 03 60
25 128 2 02 30 02 1 03 30
25 129 2 03 72 01 1 03 72
25 130 2 02 30 02 1 03 30
25 131 2 15 36 03 1 03 36
25 132 2 11 69 00 1 03 69
25 133 2 03 72 01 1 03 72
25 134 2 03 72 01 1 04 72
25 135 2 15 36 03 1 04 36
25 136 2 02 30 02 1 04 30
25 137 2 11 69 00 0 04 27
25 138 2 10 27 04 0 04 69
25 139 2 02 30 02 1 04 30
25 140 2 15 36 03 1 04 36
25 141 2 11 69 00 1 04 69
25 142 2 10 27 04 1 04 27
25 143 2 03 72 01 1 04 72
25 144 2 15 36 03 1 05 36
25 145 2 02 30 02 0 05 72
25 146 2 07 62 05 0 05 72
25 147 2 10 27 04 0 05 62
25 148 2 11 69 00 0 05 27
25 149 2 03 72 01 1 05 72
25 150 2 07 62 05 0 05 27
25 151 2 03 72 01 0 05 27
25 152 2 11 69 00 1 05 69
25 153 2 10 27 04 0 05 36
25 154 2 15 36 03 1 05 36
25 155 2 02 30 02 1 05 30
25 156 2 11 69 00 0 05 62
25 157 2 15 36 03 1 05 36
25 158 2 10 27 04 1 05 27
25 159 2 07 62 05 0 05 36
25 160 2 03 72 01 0 05 27
25 161 2 02 30 02 1 05 30
25 162 2 10 27 04 0 05 36
25 163 2 11 69 00 0 05 36
25 164 2 02 30 02 0 05 72
25 165 2 15 36 03 0 05 69
25 166 2 07 62 05 1 05 62
25 167 2 03 72 01 1 05 72
25 168 2 07 62 05 0 05 27
25 169 2 11 69 00 1 05 69
25 170 2 03 72 01 1 05 72
25 171 2 10 27 04 0 05 62
25 172 2 02 30 02 0 05 72
25 173 2 15 36 03 0 05 69
25 174 2 07 62 05 0 05 72
25 175 2 10 27 04 0 05 69
25 176 2 15 36 03 1 05 36
25 177 2 02 30 02 0 05 72
25 178 2 11 69 00 1 05 69
25 179 2 03 72 01 1 05 72
25 180 2 10 27 04 0 05 62
25 181 2 15 36 03 1 05 36
25 182 2 07 62 05 1 05 62
25 183 2 03 72 01 1 05 72
25 184 2 11 69 00 1 05 69
25 185 2 02 30 02 1 05 30
25 186 2 03 72 01 0 05 30
25 187 2 11 69 00 1 05 69
25 188 2 02 30 02 0 05 72
25 189 2 15 36 03 0 05 69
25 190 2 07 62 05 1 05 62
25 191 2 10 27 04 0 05 69
25 192 2 15 36 03 1 05 36
25 193 2 07 62 05 0 05 27
25 194 2 03 72 01 0 05 27
25 195 2 10 27 04 1 05 27
25 196 2 11 69 00 1 05 69
25 197 2 02 30 02 1 05 30
25 198 2 02 30 02 0 05 72
25 199 2 03 72 01 1 05 72
25 200 2 11 69 00 1 05 69
25 201 2 10 27 04 1 05 27
25 202 2 07 62 05 1 05 62
25 203 2 15 36 03 1 05 36
25 204 2 07 62 05 1 05 62
25 205 2 03 72 01 0 05 30
25 206 2 15 36 03 1 05 36
25 207 2 02 30 02 1 05 30
25 208 2 10 27 04 0 05 62
25 209 2 11 69 00 1 05 69
25 210 2 02 30 02 1 05 30
25 211 2 03 72 01 1 05 72
25 212 2 15 36 03 1 05 36
25 213 2 10 27 04 1 05 27
25 214 2 07 62 05 1 05 62
25 215 2 11 69 00 1 05 69
25 216 2 10 27 04 0 06 69
25 217 2 03 72 01 0 06 20
25 218 2 02 30 02 1 06 30
25 219 2 04 20 06 1 06 20
25 220 2 15 36 03 1 06 36
25 221 2 07 62 05 0 06 27
25 222 2 11 69 00 1 06 69
25 223 2 04 20 06 0 06 27
25 224 2 07 62 05 1 06 62
25 225 2 15 36 03 1 06 36
25 226 2 03 72 01 0 06 20
25 227 2 02 30 02 1 06 30
25 228 2 11 69 00 1 06 69
25 229 2 10 27 04 0 06 69
25 230 2 04 20 06 1 06 20
25 231 2 10 27 04 0 06 69
25 232 2 03 72 01 1 06 72
25 233 2 11 69 00 1 06 69
25 234 2 15 36 03 1 06 36
25 235 2 07 62 05 0 06 27
25 236 2 02 30 02 1 06 30
25 237 2 15 36 03 1 06 36
25 238 2 10 27 04 1 06 27
25 239 2 11 69 00 1 06 69
25 240 0 07 79 00 1 00 79
25 241 0 07 79 00 1 01 79
25 242 0 12 50 01 1 01 50
25 243 0 12 50 01 1 02 50
25 244 0 07 79 00 1 02 79
25 245 0 17 41 02 0 02 70
25 246 0 12 50 01 1 02 50
25 247 0 07 79 00 1 02 79
25 248 0 17 41 02 1 02 41
25 249 0 12 50 01 1 03 50
25 250 0 07 79 00 1 03 79
25 251 0 17 41 02 1 03 41
25 252 0 15 29 03 1 03 29
25 253 0 12 50 01 1 04 50
25 254 0 15 29 03 1 04 29
25 255 0 06 45 04 1 04 45
25 256 0 07 79 00 1 04 79
25 257 0 17 41 02 0 04 50
25 258 0 17 41 02 1 04 41
25 259 0 07 79 00 1 04 79
25 260 0 12 50 01 1 04 50
25 261 0 06 45 04 1 04 45
25 262 0 15 29 03 1 04 29
25 263 0 12 50 01 1 05 50
25 264 0 07 79 00 1 05 79
25 265 0 04 73 05 0 05 70
25 266 0 17 41 02 0 05 29
25 267 0 06 45 04 1 05 45
25 268 0 15 29 03 1 05 29
25 269 0 07 79 00 1 05 79
25 270 0 12 50 01 1 05 50
25 271 0 04 73 05 1 05 73
25 272 0 06 45 04 1 05 45
25 273 0 17 41 02 1 05 41
25 274 0 15 29 03 1 05 29
25 275 0 15 29 03 1 06 29
25 276 0 12 50 01 1 06 50
25 277 0 17 41 02 0 06 14
25 278 0 06 45 04 0 06 14
25 279 0 08 57 06 1 06 57
25 280 0 07 79 00 1 06 79
25 281 0 04 73 05 1 06 73
25 282 0 12 50 01 1 06 50
25 283 0 06 45 04 1 06 45
25 284 0 08 57 06 1 06 57
25 285 0 17 41 02 1 06 41
25 286 0 04 73 05 1 06 73
25 287 0 07 79 00 1 06 79
25 288 0 15 29 03 1 06 29
25 289 0 08 57 06 1 07 57
25 290 0 07 79 00 1 07 79
25 291 0 06 45 04 1 07 45
25 292 0 04 73 05 1 07 73
25 293 0 10 48 07 1 07 48
25 294 0 15 29 03 1 07 29
25 295 0 12 50 01 1 07 50
25 296 0 17 41 02 1 07 41
25 297 0 15 29 03 1 08 29
25 298 0 08 57 06 1 08 57
25 299 0 06 45 04 1 08 45
25 300 0 07 79 00 1 08 79
25 301 0 12 50 01 1 08 50
25 302 0 04 73 05 1 08 73
25 303 0 14 70 08 1 08 70
25 304 0 17 41 02 1 08 41
25 305 0 10 48 07 1 08 48
25 306 0 04 73 05 1 09 73
25 307 0 14 70 08 1 09 70
25 308 0 06 45 04 1 09 45
25 309 0 07 79 00 1 09 79
25 310 0 17 41 02 1 09 41
25 311 0 09 56 09 1 09 56
25 312 0 10 48 07 1 09 48
25 313 0 12 50 01 1 09 50
25 314 0 15 29 03 1 09 29
25 315 0 08 57 06 1 09 57
25 316 0 17 41 02 1 10 41
25 317 0 10 48 07 1 10 48
25 318 0 09 56 09 1 10 56
25 319 0 14 70 08 1 10 70
25 320 0 08 57 06 0 10 79
25 321 0 06 45 04 0 10 57
25 322 0 04 73 05 1 10 73
25 323 0 12 50 01 1 10 50
25 324 0 15 29 03 1 10 29
25 325 0 02 67 10 1 10 67
25 326 0 07 79 00 1 10 79
25 327 0 06 45 04 1 10 45
25 328 0 08 57 06 1 10 57
25 329 0 10 48 07 1 10 48
25 330 0 15 29 03 1 10 29
25 331 0 14 70 08 1 10 70
25 332 0 09 56 09 1 10 56
25 333 0 17 41 02 1 10 41
25 334 0 07 79 00 1 10 79
25 335 0 04 73 05 1 10 73
25 336 0 02 67 10 1 10 67
25 337 0 12 50 01 1 10 50
25 338 0 17 41 02 1 11 41
25 339 0 01 68 11 1 11 68
25 340 0 04 73 05 1 11 73
25 341 0 02 67 10 1 11 67
25 342 0 15 29 03 1 11 29
25 343 0 09 56 09 1 11 56
25 344 0 07 79 00 1 11 79
25 345 0 12 50 01 1 11 50
25 346 0 10 48 07 1 11 48
25 347 0 06 45 04 1 11 45
25 348 0 14 70 08 1 11 70
25 349 0 08 57 06 1 11 57
25 350 0 12 50 01 1 12 50
25 351 0 02 67 10 1 12 67
25 352 0 04 73 05 1 12 73
25 353 0 07 79 00 1 12 79
25 354 0 08 57 06 1 12 57
25 355 0 09 56 09 1 12 56
25 356 0 14 70 08 1 12 70
25 357 0 17 41 02 1 12 41
25 358 0 10 48 07 1 12 48
25 359 0 01 68 11 1 12 68
