39 000 3 10 44 00 0 00 42
39 001 3 10 44 00 1 00 44
39 002 3 10 44 00 1 01 44
39 003 3 05 22 01 1 01 22
39 004 3 05 22 01 1 02 22
39 005 3 10 44 00 1 02 44
39 006 3 01 36 02 1 02 36
39 007 3 05 22 01 1 03 22
39 008 3 13 70 03 0 03 36
39 009 3 01 36 02 1 03 36
39 010 3 10 44 00 1 03 44
39 011 3 01 36 02 1 03 36
39 012 3 13 70 03 1 03 70
39 013 3 10 44 00 1 03 44
39 014 3 05 22 01 1 03 22
39 015 3 01 36 02 1 04 36
39 016 3 13 70 03 1 04 70
39 017 3 10 44 00 1 04 44
39 018 3 11 47 04 1 04 47
39 019 3 05 22 01 1 04 22
39 020 3 05 22 01 1 05 22
39 021 3 01 36 02 1 05 36
39 022 3 10 44 00 1 05 44
39 023 3 15 52 05 1 05 52
39 024 3 11 47 04 1 05 47
39 025 3 13 70 03 1 05 70
39 026 3 10 44 00 1 06 44
39 027 3 00 61 06 1 06 61
39 028 3 13 70 03 1 06 70
39 029 3 11 47 04 1 06 47
39 030 3 05 22 01 1 06 22
39 031 3 01 36 02 1 06 36
39 032 3 15 52 05 1 06 52
39 033 3 12 13 07 1 07 13
39 034 3 11 47 04 1 07 47
39 035 3 05 22 01 1 07 22
39 036 3 00 61 06 0 07 64
39 037 3 13 70 03 1 07 70
39 038 3 01 36 02 1 07 36
39 039 3 15 52 05 1 07 52
39 000 0 13 29 00 1 00 29
39 001 0 13 29 00 1 01 29
39 002 0 06 34 01 1 01 34
39 003 0 13 29 00 1 02 29
39 004 0 03 51 02 0 02 54
39 005 0 06 34 01 0 02 54
39 006 0 03 51 02 1 02 51
39 007 0 06 34 01 1 02 34
39 008 0 13 29 00 1 02 29
39 009 0 13 29 00 1 03 29
39 010 0 10 12 03 1 03 12
39 011 0 06 34 01 1 03 34
39 012 0 03 51 02 1 03 51
39 013 0 13 29 00 1 04 29
39 014 0 16 31 04 0 04 13
39 015 0 10 12 03 1 04 12
39 016 0 03 51 02 1 04 51
39 017 0 06 34 01 1 04 34
39 018 0 16 31 04 1 04 31
39 019 0 13 29 00 1 04 29
39 020 0 06 34 01 1 04 34
39 021 0 03 51 02 1 04 51
39 022 0 10 12 03 1 04 12
39 023 0 13 29 00 1 05 29
39 024 0 00 26 05 1 05 26
39 025 0 06 34 01 1 05 34
39 026 0 03 51 02 1 05 51
39 027 0 16 31 04 1 05 31
39 028 0 10 12 03 1 05 12
39 029 0 05 38 06 1 06 38
39 030 0 13 29 00 1 06 29
39 031 0 03 51 02 1 06 51
39 032 0 00 26 05 1 06 26
39 033 0 06 34 01 1 06 34
39 034 0 16 31 04 1 06 31
39 035 0 10 12 03 1 06 12
39 036 0 17 68 07 1 07 68
39 037 0 16 31 04 1 07 31
39 038 0 05 38 06 1 07 38
39 039 0 00 26 05 1 07 26
39 040 0 13 29 00 1 07 29
39 041 0 06 34 01 1 07 34
39 042 0 03 51 02 1 07 51
39 043 0 10 12 03 1 07 12
39 044 0 10 12 03 1 08 12
39 045 0 16 31 04 1 08 31
39 046 0 17 68 07 1 08 68
39 047 0 13 29 00 1 08 29
39 048 0 06 34 01 1 08 34
39 049 0 03 51 02 1 08 51
39 050 0 09 27 08 1 08 27
39 051 0 05 38 06 1 08 38
39 052 0 00 26 05 1 08 26
39 053 0 13 29 00 1 09 29
39 054 0 06 34 01 1 09 34
39 055 0 16 31 04 1 09 31
39 056 0 00 26 05 1 09 26
39 057 0 09 27 08 1 09 27
39 058 0 17 68 07 1 09 68
39 059 0 05 38 06 1 09 38
39 060 0 01 66 09 1 09 66
39 061 0 10 12 03 1 09 12
39 062 0 03 51 02 1 09 51
39 063 0 14 53 10 1 10 53
39 064 0 01 66 09 1 10 66
39 065 0 03 51 02 1 10 51
39 066 0 09 27 08 1 10 27
39 067 0 06 34 01 1 10 34
39 068 0 17 68 07 1 10 68
39 069 0 05 38 06 1 10 38
39 070 0 10 12 03 1 10 12
39 071 0 16 31 04 1 10 31
39 072 0 13 29 00 1 10 29
39 073 0 00 26 05 1 10 26
39 074 0 05 38 06 1 11 38
39 075 0 14 53 10 1 11 53
39 076 0 16 31 04 1 11 31
39 077 0 11 78 11 1 11 78
39 078 0 01 66 09 1 11 66
39 079 0 03 51 02 1 11 51
39 080 0 13 29 00 1 11 29
39 081 0 17 68 07 1 11 68
39 082 0 09 27 08 1 11 27
39 083 0 10 12 03 1 11 12
39 084 0 06 34 01 1 11 34
39 085 0 00 26 05 1 11 26
39 086 0 13 29 00 1 12 29
39 087 0 05 38 06 1 12 38
39 088 0 10 12 03 1 12 12
39 089 0 03 51 02 1 12 51
39 090 0 01 66 09 1 12 66
39 091 0 12 65 12 1 12 65
39 092 0 06 34 01 1 12 34
39 093 0 16 31 04 1 12 31
39 094 0 11 78 11 1 12 78
39 095 0 14 53 10 1 12 53
39 096 0 09 27 08 1 12 27
39 097 0 00 26 05 1 12 26
39 098 0 17 68 07 1 12 68
39 099 0 14 53 10 1 13 53
39 100 0 07 49 13 1 13 49
39 101 0 01 66 09 1 13 66
39 102 0 13 29 00 1 13 29
39 103 0 10 12 03 1 13 12
39 104 0 12 65 12 1 13 65
39 105 0 11 78 11 1 13 78
39 106 0 00 26 05 1 13 26
39 107 0 16 31 04 1 13 31
39 108 0 09 27 08 1 13 27
39 109 0 05 38 06 1 13 38
39 110 0 06 34 01 1 13 34
39 111 0 03 51 02 1 13 51
39 112 0 17 68 07 1 13 68
39 113 0 13 29 00 1 14 29
39 114 0 07 49 13 1 14 49
39 115 0 12 65 12 1 14 65
39 116 0 01 66 09 1 14 66
39 117 0 10 12 03 1 14 12
39 118 0 16 31 04 1 14 31
39 119 0 08 21 14 1 14 21
39 120 1 15 60 00 1 00 60
39 121 1 15 60 00 1 01 60
39 122 1 06 24 01 1 01 24
39 123 1 15 60 00 0 02 26
39 124 1 06 24 01 1 02 24
39 125 1 09 17 02 1 02 17
39 126 1 09 17 02 1 02 17
39 127 1 15 60 00 1 02 60
39 128 1 06 24 01 1 02 24
39 129 1 15 60 00 1 03 60
39 130 1 09 17 02 1 03 17
39 131 1 06 24 01 1 03 24
39 132 1 07 79 03 1 03 79
39 133 1 07 79 03 1 04 79
39 134 1 09 17 02 1 04 17
39 135 1 15 60 00 1 04 60
39 136 1 06 24 01 1 04 24
39 137 1 02 14 04 1 04 14
39 138 1 07 79 03 1 05 79
39 139 1 02 14 04 1 05 14
39 140 1 01 50 05 1 05 50
39 141 1 06 24 01 1 05 24
39 142 1 09 17 02 1 05 17
39 143 1 15 60 00 1 05 60
39 144 1 06 24 01 1 06 24
39 145 1 15 60 00 1 06 60
39 146 1 07 79 03 1 06 79
39 147 1 02 14 04 1 06 14
39 148 1 01 50 05 1 06 50
39 149 1 05 74 06 1 06 74
39 150 1 09 17 02 1 06 17
39 151 1 09 17 02 1 07 17
39 152 1 02 14 04 1 07 14
39 153 1 01 50 05 1 07 50
39 154 1 15 60 00 1 07 60
39 155 1 07 79 03 1 07 79
39 156 1 00 16 07 1 07 16
39 157 1 06 24 01 1 07 24
39 158 1 05 74 06 1 07 74
39 159 1 11 42 08 1 08 42
39 160 1 00 16 07 1 08 16
39 161 1 06 24 01 1 08 24
39 162 1 09 17 02 1 08 17
39 163 1 02 14 04 1 08 14
39 164 1 15 60 00 1 08 60
39 165 1 05 74 06 1 08 74
39 166 1 01 50 05 1 08 50
39 167 1 07 79 03 1 08 79
39 168 1 11 42 08 1 09 42
39 169 1 09 17 02 1 09 17
39 170 1 00 16 07 1 09 16
39 171 1 12 67 09 1 09 67
39 172 1 02 14 04 1 09 14
39 173 1 01 50 05 1 09 50
39 174 1 07 79 03 1 09 79
39 175 1 15 60 00 1 09 60
39 176 1 06 24 01 1 09 24
39 177 1 05 74 06 1 09 74
39 178 1 11 42 08 1 10 42
39 179 1 17 32 10 1 10 32
39 180 1 09 17 02 1 10 17
39 181 1 07 79 03 1 10 79
39 182 1 12 67 09 1 10 67
39 183 1 06 24 01 1 10 24
39 184 1 15 60 00 1 10 60
39 185 1 05 74 06 1 10 74
39 186 1 01 50 05 1 10 50
39 187 1 00 16 07 1 10 16
39 188 1 02 14 04 1 10 14
39 189 1 00 16 07 1 11 16
39 190 1 09 17 02 1 11 17
39 191 1 12 67 09 1 11 67
39 192 1 02 14 04 1 11 14
39 193 1 05 74 06 1 11 74
39 194 1 14 20 11 1 11 20
39 195 1 17 32 10 1 11 32
39 196 1 11 42 08 1 11 42
39 197 1 07 79 03 1 11 79
39 198 1 06 24 01 1 11 24
39 199 1 15 60 00 1 11 60
39 200 1 01 50 05 1 11 50
39 201 1 03 30 12 1 12 30
39 202 1 17 32 10 1 12 32
39 203 1 07 79 03 1 12 79
39 204 1 12 67 09 1 12 67
39 205 1 11 42 08 1 12 42
39 206 1 02 14 04 1 12 14
39 207 1 09 17 02 1 12 17
39 208 1 14 20 11 1 12 20
39 209 1 06 24 01 1 12 24
39 210 1 15 60 00 1 12 60
39 211 1 01 50 05 1 12 50
39 212 1 05 74 06 1 12 74
39 213 1 00 16 07 1 12 16
39 214 1 17 32 10 1 13 32
39 215 1 00 16 07 1 13 16
39 216 1 04 59 13 1 13 59
39 217 1 07 79 03 1 13 79
39 218 1 03 30 12 1 13 30
39 219 1 12 67 09 1 13 67
39 220 1 14 20 11 1 13 20
39 221 1 06 24 01 1 13 24
39 222 1 05 74 06 1 13 74
39 223 1 01 50 05 1 13 50
39 224 1 02 14 04 1 13 14
39 225 1 09 17 02 1 13 17
39 226 1 11 42 08 1 13 42
39 227 1 15 60 00 1 13 60
39 228 1 06 24 01 1 14 24
39 229 1 11 42 08 1 14 42
39 230 1 02 14 04 1 14 14
39 231 1 12 67 09 1 14 67
39 232 1 09 17 02 1 14 17
39 233 1 03 30 12 1 14 30
39 234 1 04 59 13 1 14 59
39 235 1 14 20 11 1 14 20
39 236 1 08 23 14 0 14 32
39 237 1 15 60 00 1 14 60
39 238 1 01 50 05 1 14 50
39 239 1 07 79 03 1 14 79
39 240 2 02 63 00 1 00 63
39 241 2 02 63 00 1 01 63
39 242 2 16 19 01 1 01 19
39 243 2 16 19 01 1 02 19
39 244 2 00 77 02 1 02 77
39 245 2 02 63 00 1 02 63
39 246 2 16 19 01 0 03 64
39 247 2 00 77 02 1 03 77
39 248 2 15 64 03 1 03 64
39 249 2 02 63 00 1 03 63
39 250 2 15 64 03 1 03 64
39 251 2 02 63 00 1 03 63
39 252 2 16 19 01 1 03 19
39 253 2 00 77 02 1 03 77
39 254 2 02 63 00 1 04 63
39 255 2 04 48 04 1 04 48
39 256 2 00 77 02 1 04 77
39 257 2 15 64 03 0 04 74
39 258 2 16 19 01 1 04 19
39 259 2 02 63 00 1 04 63
39 260 2 15 64 03 1 04 64
39 261 2 16 19 01 0 04 64
39 262 2 00 77 02 1 04 77
39 263 2 04 48 04 1 04 48
39 264 2 04 48 04 0 04 63
39 265 2 16 19 01 1 04 19
39 266 2 02 63 00 1 04 63
39 267 2 00 77 02 1 04 77
39 268 2 15 64 03 1 04 64
39 269 2 16 19 01 1 04 19
39 270 2 15 64 03 1 04 64
39 271 2 00 77 02 1 04 77
39 272 2 04 48 04 0 04 63
39 273 2 02 63 00 1 04 63
39 274 2 00 77 02 1 04 77
39 275 2 04 48 04 1 04 48
39 276 2 02 63 00 1 04 63
39 277 2 16 19 01 1 04 19
39 278 2 15 64 03 0 04 48
39 279 2 15 64 03 0 04 19
39 280 2 02 63 00 1 04 63
39 281 2 16 19 01 0 04 64
39 282 2 00 77 02 1 04 77
39 283 2 04 48 04 1 04 48
39 284 2 04 48 04 0 04 64
39 285 2 16 19 01 0 04 64
39 286 2 00 77 02 1 04 77
39 287 2 15 64 03 0 04 19
39 288 2 02 63 00 1 04 63
39 289 2 16 19 01 1 04 19
39 290 2 02 63 00 0 04 48
39 291 2 00 77 02 1 04 77
39 292 2 15 64 03 0 04 63
39 293 2 04 48 04 1 04 48
39 294 2 02 63 00 1 04 63
39 295 2 04 48 04 1 04 48
39 296 2 00 77 02 1 04 77
39 297 2 16 19 01 1 04 19
39 298 2 15 64 03 1 04 64
39 299 2 08 72 05 1 05 72
39 300 2 02 63 00 1 05 63
39 301 2 15 64 03 1 05 64
39 302 2 16 19 01 1 05 19
39 303 2 04 48 04 0 05 72
39 304 2 00 77 02 1 05 77
39 305 2 00 77 02 1 05 77
39 306 2 16 19 01 1 05 19
39 307 2 02 63 00 1 05 63
39 308 2 15 64 03 1 05 64
39 309 2 08 72 05 1 05 72
39 310 2 04 48 04 1 05 48
39 311 2 12 39 06 1 06 39
39 312 2 04 48 04 1 06 48
39 313 2 08 72 05 0 06 39
39 314 2 02 63 00 1 06 63
39 315 2 16 19 01 1 06 19
39 316 2 15 64 03 1 06 64
39 317 2 00 77 02 1 06 77
39 318 2 02 63 00 1 06 63
39 319 2 16 19 01 0 06 64
39 320 2 04 48 04 0 06 72
39 321 2 15 64 03 0 06 19
39 322 2 00 77 02 1 06 77
39 323 2 12 39 06 0 06 64
39 324 2 08 72 05 1 06 72
39 325 2 00 77 02 1 06 77
39 326 2 08 72 05 1 06 72
39 327 2 02 63 00 1 06 63
39 328 2 16 19 01 1 06 19
39 329 2 12 39 06 0 06 64
39 330 2 04 48 04 0 06 72
39 331 2 15 64 03 0 06 19
39 332 2 08 72 05 1 06 72
39 333 2 00 77 02 1 06 77
39 334 2 12 39 06 0 06 64
39 335 2 02 63 00 1 06 63
39 336 2 15 64 03 1 06 64
39 337 2 04 48 04 1 06 48
39 338 2 16 19 01 1 06 19
39 339 2 15 64 03 1 06 64
39 340 2 16 19 01 1 06 19
39 341 2 00 77 02 1 06 77
39 342 2 02 63 00 1 06 63
39 343 2 04 48 04 1 06 48
39 344 2 08 72 05 0 06 39
39 345 2 12 39 06 1 06 39
39 346 2 12 39 06 0 06 64
39 347 2 04 48 04 1 06 48
39 348 2 16 19 01 1 06 19
39 349 2 15 64 03 1 06 64
39 350 2 08 72 05 0 06 39
39 351 2 00 77 02 1 06 77
39 352 2 02 63 00 0 06 48
39 353 2 16 19 01 1 06 19
39 354 2 15 64 03 0 06 19
39 355 2 04 48 04 1 06 48
39 356 2 02 63 00 1 06 63
39 357 2 00 77 02 1 06 77
39 358 2 12 39 06 1 06 39
39 359 2 08 72 05 1 06 72
