50 000 3 11 40 00 1 00 40
50 001 3 10 39 01 1 01 39
50 002 3 11 40 00 1 01 40
50 003 3 11 40 00 1 02 40
50 004 3 14 67 02 0 02 39
50 005 3 10 39 01 0 02 69
50 006 3 10 39 01 1 02 39
50 007 3 14 67 02 0 02 40
50 008 3 11 40 00 1 02 40
50 009 3 10 39 01 1 02 39
50 010 3 11 40 00 1 02 40
50 011 3 14 67 02 0 02 39
50 012 3 14 67 02 1 02 67
50 013 3 11 40 00 1 02 40
50 014 3 10 39 01 1 02 39
50 015 3 14 67 02 0 03 39
50 016 3 10 39 01 1 03 39
50 017 3 16 46 03 0 03 67
50 018 3 11 40 00 1 03 40
50 019 3 10 39 01 1 03 39
50 020 3 11 40 00 1 03 40
50 021 3 14 67 02 1 03 67
50 022 3 16 46 03 0 03 69
50 023 3 16 46 03 1 03 46
50 024 3 11 40 00 1 03 40
50 025 3 14 67 02 0 03 39
50 026 3 10 39 01 1 03 39
50 027 3 11 40 00 1 03 40
50 028 3 14 67 02 1 03 67
50 029 3 10 39 01 1 03 39
50 030 3 16 46 03 0 03 67
50 031 3 11 40 00 1 03 40
50 032 3 14 67 02 0 03 46
50 033 3 10 39 01 1 03 39
50 034 3 16 46 03 0 03 67
50 035 3 16 46 03 1 03 46
50 036 3 14 67 02 0 03 39
50 037 3 11 40 00 1 03 40
50 038 3 10 39 01 1 03 39
50 039 3 14 67 02 1 03 67
50 000 2 13 54 00 1 00 54
50 001 2 13 54 00 0 01 59
50 002 2 12 59 01 0 01 54
50 003 2 13 54 00 1 01 54
50 004 2 12 59 01 1 01 59
50 005 2 12 59 01 0 02 54
50 006 2 03 51 02 1 02 51
50 007 2 13 54 00 1 02 54
50 008 2 13 54 00 0 02 59
50 009 2 03 51 02 1 02 51
50 010 2 12 59 01 1 02 59
50 011 2 12 59 01 1 02 59
50 012 2 03 51 02 1 02 51
50 013 2 13 54 00 1 02 54
50 014 2 03 51 02 1 03 51
50 015 2 12 59 01 1 03 59
50 016 2 13 54 00 1 03 54
50 017 2 01 18 03 1 03 18
50 018 2 01 18 03 1 04 18
50 019 2 03 51 02 0 04 18
50 020 2 13 54 00 0 04 59
50 021 2 12 59 01 0 04 54
50 022 2 17 38 04 0 04 59
50 023 2 03 51 02 1 04 51
50 024 2 13 54 00 1 04 54
50 025 2 12 59 01 1 04 59
50 026 2 01 18 03 1 04 18
50 027 2 17 38 04 1 04 38
50 028 2 03 51 02 1 05 51
50 029 2 05 79 05 1 05 79
50 030 2 01 18 03 1 05 18
50 031 2 12 59 01 1 05 59
50 032 2 13 54 00 1 05 54
50 033 2 17 38 04 1 05 38
50 034 2 13 54 00 0 06 59
50 035 2 06 33 06 0 06 51
50 036 2 01 18 03 1 06 18
50 037 2 12 59 01 1 06 59
50 038 2 17 38 04 0 06 34
50 039 2 03 51 02 1 06 51
50 040 2 05 79 05 0 06 33
50 041 2 03 51 02 1 06 51
50 042 2 06 33 06 1 06 33
50 043 2 17 38 04 1 06 38
50 044 2 01 18 03 1 06 18
50 045 2 13 54 00 0 06 59
50 046 2 12 59 01 0 06 54
50 047 2 05 79 05 0 06 33
50 048 2 12 59 01 1 06 59
50 049 2 06 33 06 0 06 76
50 050 2 03 51 02 1 06 51
50 051 2 17 38 04 1 06 38
50 052 2 13 54 00 0 06 59
50 053 2 01 18 03 1 06 18
50 054 2 05 79 05 0 06 51
50 055 2 06 33 06 0 06 51
50 056 2 13 54 00 1 06 54
50 057 2 12 59 01 1 06 59
50 058 2 05 79 05 0 06 51
50 059 2 01 18 03 1 06 18
50 060 2 17 38 04 1 06 38
50 061 2 03 51 02 1 06 51
50 062 2 17 38 04 1 06 38
50 063 2 01 18 03 1 06 18
50 064 2 05 79 05 0 06 33
50 065 2 13 54 00 1 06 54
50 066 2 06 33 06 1 06 33
50 067 2 12 59 01 0 06 54
50 068 2 03 51 02 0 06 79
50 069 2 17 38 04 1 06 38
50 070 2 01 18 03 1 06 18
50 071 2 05 79 05 0 06 51
50 072 2 06 33 06 0 06 78
50 073 2 12 59 01 0 06 54
50 074 2 03 51 02 0 06 33
50 075 2 13 54 00 1 06 54
50 076 2 03 51 02 1 06 51
50 077 2 12 59 01 0 06 54
50 078 2 01 18 03 1 06 18
50 079 2 13 54 00 1 06 54
50 080 2 17 38 04 0 06 59
50 081 2 06 33 06 1 06 33
50 082 2 05 79 05 0 06 76
50 083 2 06 33 06 0 06 79
50 084 2 17 38 04 1 06 38
50 085 2 13 54 00 0 06 59
50 086 2 03 51 02 1 06 51
50 087 2 05 79 05 1 06 79
50 088 2 01 18 03 1 06 18
50 089 2 12 59 01 0 06 54
50 090 2 01 18 03 1 06 18
50 091 2 03 51 02 0 06 33
50 092 2 06 33 06 1 06 33
50 093 2 17 38 04 0 06 59
50 094 2 12 59 01 0 06 56
50 095 2 13 54 00 0 06 59
50 096 2 05 79 05 0 06 33
50 097 2 03 51 02 1 06 51
50 098 2 01 18 03 1 06 18
50 099 2 13 54 00 0 06 59
50 100 2 05 79 05 1 06 79
50 101 2 12 59 01 1 06 59
50 102 2 06 33 06 1 06 33
50 103 2 17 38 04 1 06 38
50 104 2 03 51 02 1 06 51
50 105 2 05 79 05 1 06 79
50 106 2 12 59 01 0 06 54
50 107 2 01 18 03 1 06 18
50 108 2 13 54 00 1 06 54
50 109 2 06 33 06 1 06 33
50 110 2 17 38 04 1 06 38
50 111 2 17 38 04 1 06 38
50 112 2 01 18 03 1 06 18
50 113 2 03 51 02 1 06 51
50 114 2 12 59 01 1 06 59
50 115 2 06 33 06 0 06 79
50 116 2 13 54 00 0 06 59
50 117 2 05 79 05 0 06 33
50 118 2 17 38 04 1 06 38
50 119 2 13 54 00 1 06 54
50 120 0 04 57 00 1 00 57
50 121 0 12 61 01 1 01 61
50 122 0 04 57 00 1 01 57
50 123 0 12 61 01 1 02 61
50 124 0 04 57 00 1 02 57
50 125 0 11 52 02 1 02 52
50 126 0 02 73 03 1 03 73
50 127 0 11 52 02 1 03 52
50 128 0 12 61 01 1 03 61
50 129 0 04 57 00 1 03 57
50 130 0 11 52 02 1 04 52
50 131 0 02 73 03 0 04 61
50 132 0 04 57 00 1 04 57
50 133 0 06 62 04 0 04 72
50 134 0 12 61 01 0 04 57
50 135 0 11 52 02 1 04 52
50 136 0 04 57 00 1 04 57
50 137 0 06 62 04 1 04 62
50 138 0 12 61 01 1 04 61
50 139 0 02 73 03 1 04 73
50 140 0 00 63 05 1 05 63
50 141 0 04 57 00 1 05 57
50 142 0 06 62 04 0 05 63
50 143 0 02 73 03 0 05 61
50 144 0 12 61 01 1 05 61
50 145 0 11 52 02 1 05 52
50 146 0 04 57 00 1 05 57
50 147 0 00 63 05 0 05 73
50 148 0 06 62 04 1 05 62
50 149 0 02 73 03 1 05 73
50 150 0 12 61 01 1 05 61
50 151 0 11 52 02 1 05 52
50 152 0 06 62 04 1 05 62
50 153 0 12 61 01 1 05 61
50 154 0 02 73 03 1 05 73
50 155 0 00 63 05 1 05 63
50 156 0 11 52 02 1 05 52
50 157 0 04 57 00 1 05 57
50 158 0 11 52 02 1 06 52
50 159 0 02 73 03 1 06 73
50 160 0 17 23 06 0 06 53
50 161 0 00 63 05 1 06 63
50 162 0 04 57 00 1 06 57
50 163 0 06 62 04 0 06 63
50 164 0 12 61 01 1 06 61
50 165 0 04 57 00 1 06 57
50 166 0 02 73 03 1 06 73
50 167 0 12 61 01 1 06 61
50 168 0 17 23 06 1 06 23
50 169 0 06 62 04 1 06 62
50 170 0 11 52 02 1 06 52
50 171 0 00 63 05 1 06 63
50 172 0 04 57 00 1 07 57
50 173 0 17 23 06 1 07 23
50 174 0 06 62 04 0 07 61
50 175 0 14 45 07 0 07 42
50 176 0 00 63 05 1 07 63
50 177 0 02 73 03 1 07 73
50 178 0 12 61 01 1 07 61
50 179 0 11 52 02 1 07 52
50 180 0 11 52 02 1 07 52
50 181 0 17 23 06 1 07 23
50 182 0 00 63 05 1 07 63
50 183 0 06 62 04 1 07 62
50 184 0 02 73 03 1 07 73
50 185 0 14 45 07 1 07 45
50 186 0 12 61 01 1 07 61
50 187 0 04 57 00 1 07 57
50 188 0 04 57 00 1 08 57
50 189 0 14 45 07 1 08 45
50 190 0 02 73 03 1 08 73
50 191 0 12 61 01 1 08 61
50 192 0 06 62 04 1 08 62
50 193 0 17 23 06 1 08 23
50 194 0 11 52 02 1 08 52
50 195 0 00 63 05 1 08 63
50 196 0 09 24 08 0 08 02
50 197 0 00 63 05 1 08 63
50 198 0 11 52 02 1 08 52
50 199 0 09 24 08 1 08 24
50 200 0 17 23 06 1 08 23
50 201 0 12 61 01 1 08 61
50 202 0 06 62 04 1 08 62
50 203 0 04 57 00 1 08 57
50 204 0 02 73 03 1 08 73
50 205 0 14 45 07 1 08 45
50 206 0 00 63 05 1 09 63
50 207 0 15 71 09 0 09 75
50 208 0 12 61 01 1 09 61
50 209 0 14 45 07 1 09 45
50 210 0 04 57 00 1 09 57
50 211 0 17 23 06 1 09 23
50 212 0 06 62 04 1 09 62
50 213 0 11 52 02 1 09 52
50 214 0 09 24 08 1 09 24
50 215 0 02 73 03 1 09 73
50 216 0 12 61 01 1 09 61
50 217 0 17 23 06 1 09 23
50 218 0 14 45 07 1 09 45
50 219 0 15 71 09 1 09 71
50 220 0 06 62 04 1 09 62
50 221 0 11 52 02 1 09 52
50 222 0 04 57 00 1 09 57
50 223 0 00 63 05 1 09 63
50 224 0 02 73 03 1 09 73
50 225 0 09 24 08 1 09 24
50 226 0 14 45 07 1 10 45
50 227 0 01 34 10 1 10 34
50 228 0 12 61 01 1 10 61
50 229 0 02 73 03 1 10 73
50 230 0 17 23 06 1 10 23
50 231 0 04 57 00 1 10 57
50 232 0 00 63 05 1 10 63
50 233 0 06 62 04 1 10 62
50 234 0 11 52 02 1 10 52
50 235 0 09 24 08 1 10 24
50 236 0 15 71 09 1 10 71
50 237 0 09 24 08 1 11 24
50 238 0 00 63 05 1 11 63
50 239 0 01 34 10 0 11 25
50 240 1 15 36 00 1 00 36
50 241 1 10 47 01 1 01 47
50 242 1 15 36 00 1 01 36
50 243 1 15 36 00 0 02 46
50 244 1 16 11 02 1 02 11
50 245 1 10 47 01 0 02 46
50 246 1 16 11 02 1 02 11
50 247 1 10 47 01 1 02 47
50 248 1 15 36 00 1 02 36
50 249 1 16 11 02 1 03 11
50 250 1 00 50 03 0 03 46
50 251 1 10 47 01 0 03 11
50 252 1 15 36 00 1 03 36
50 253 1 10 47 01 1 03 47
50 254 1 00 50 03 1 03 50
50 255 1 16 11 02 1 03 11
50 256 1 15 36 00 1 03 36
50 257 1 01 76 04 0 04 07
50 258 1 16 11 02 1 04 11
50 259 1 15 36 00 1 04 36
50 260 1 10 47 01 1 04 47
50 261 1 00 50 03 1 04 50
50 262 1 15 36 00 0 04 33
50 263 1 01 76 04 0 04 07
50 264 1 16 11 02 1 04 11
50 265 1 10 47 01 1 04 47
50 266 1 00 50 03 1 04 50
50 267 1 15 36 00 1 04 36
50 268 1 16 11 02 1 04 11
50 269 1 00 50 03 1 04 50
50 270 1 01 76 04 1 04 76
50 271 1 10 47 01 1 04 47
50 272 1 01 76 04 1 05 76
50 273 1 10 47 01 0 05 46
50 274 1 00 50 03 1 05 50
50 275 1 13 29 05 1 05 29
50 276 1 16 11 02 1 05 11
50 277 1 15 36 00 1 05 36
50 278 1 01 76 04 1 05 76
50 279 1 15 36 00 1 05 36
50 280 1 16 11 02 1 05 11
50 281 1 10 47 01 0 05 46
50 282 1 13 29 05 1 05 29
50 283 1 00 50 03 1 05 50
50 284 1 00 50 03 1 05 50
50 285 1 13 29 05 1 05 29
50 286 1 15 36 00 1 05 36
50 287 1 10 47 01 1 05 47
50 288 1 16 11 02 1 05 11
50 289 1 01 76 04 1 05 76
50 290 1 00 50 03 1 06 50
50 291 1 17 22 06 0 06 02
50 292 1 13 29 05 1 06 29
50 293 1 15 36 00 1 06 36
50 294 1 01 76 04 1 06 76
50 295 1 16 11 02 1 06 11
50 296 1 10 47 01 1 06 47
50 297 1 00 50 03 1 06 50
50 298 1 15 36 00 1 06 36
50 299 1 01 76 04 1 06 76
50 300 1 16 11 02 1 06 11
50 301 1 17 22 06 1 06 22
50 302 1 10 47 01 1 06 47
50 303 1 13 29 05 0 06 22
50 304 1 10 47 01 1 06 47
50 305 1 17 22 06 0 06 29
50 306 1 15 36 00 0 06 47
50 307 1 16 11 02 1 06 11
50 308 1 00 50 03 1 06 50
50 309 1 13 29 05 1 06 29
50 310 1 01 76 04 1 06 76
50 311 1 00 50 03 1 06 50
50 312 1 17 22 06 1 06 22
50 313 1 16 11 02 1 06 11
50 314 1 13 29 05 1 06 29
50 315 1 01 76 04 1 06 76
50 316 1 10 47 01 1 06 47
50 317 1 15 36 00 1 06 36
50 318 1 01 76 04 1 07 76
50 319 1 13 29 05 1 07 29
50 320 1 10 47 01 1 07 47
50 321 1 15 36 00 1 07 36
50 322 1 00 50 03 1 07 50
50 323 1 03 16 07 1 07 16
50 324 1 16 11 02 1 07 11
50 325 1 17 22 06 1 07 22
50 326 1 17 22 06 1 08 22
50 327 1 15 36 00 1 08 36
50 328 1 01 76 04 1 08 76
50 329 1 13 29 05 1 08 29
50 330 1 05 14 08 1 08 14
50 331 1 10 47 01 1 08 47
50 332 1 03 16 07 1 08 16
50 333 1 16 11 02 1 08 11
50 334 1 00 50 03 1 08 50
50 335 1 17 22 06 1 09 22
50 336 1 05 14 08 1 09 14
50 337 1 16 11 02 1 09 11
50 338 1 03 16 07 1 09 16
50 339 1 15 36 00 1 09 36
50 340 1 00 50 03 1 09 50
50 341 1 13 29 05 1 09 29
50 342 1 01 76 04 1 09 76
50 343 1 14 20 09 1 09 20
50 344 1 10 47 01 1 09 47
50 345 1 02 74 10 1 10 74
50 346 1 01 76 04 1 10 76
50 347 1 00 50 03 1 10 50
50 348 1 03 16 07 1 10 16
50 349 1 16 11 02 1 10 11
50 350 1 10 47 01 1 10 47
50 351 1 17 22 06 1 10 22
50 352 1 13 29 05 1 10 29
50 353 1 15 36 00 1 10 36
50 354 1 14 20 09 0 10 00
50 355 1 05 14 08 1 10 14
50 356 1 16 11 02 1 10 11
50 357 1 13 29 05 1 10 29
50 358 1 05 14 08 1 10 14
50 359 1 14 20 09 1 10 20
