32 000 3 00 65 00 1 00 65
32 001 3 14 73 01 1 01 73
32 002 3 00 65 00 0 01 06
32 003 3 00 65 00 0 01 73
32 004 3 14 73 01 1 01 73
32 005 3 00 65 00 1 01 65
32 006 3 14 73 01 0 01 65
32 007 3 00 65 00 1 01 65
32 008 3 14 73 01 1 01 73
32 009 3 14 73 01 1 02 73
32 010 3 17 39 02 0 02 65
32 011 3 00 65 00 1 02 65
32 012 3 00 65 00 1 02 65
32 013 3 17 39 02 0 02 35
32 014 3 14 73 01 1 02 73
32 015 3 00 65 00 0 02 39
32 016 3 14 73 01 0 02 39
32 017 3 17 39 02 1 02 39
32 018 3 17 39 02 1 02 39
32 019 3 14 73 01 0 02 65
32 020 3 00 65 00 1 02 65
32 021 3 00 65 00 0 02 73
32 022 3 17 39 02 0 02 65
32 023 3 14 73 01 1 02 73
32 024 3 14 73 01 1 02 73
32 025 3 00 65 00 0 02 39
32 026 3 17 39 02 1 02 39
32 027 3 14 73 01 1 02 73
32 028 3 17 39 02 1 02 39
32 029 3 00 65 00 1 02 65
32 030 3 05 42 03 1 03 42
32 031 3 17 39 02 1 03 39
32 032 3 00 65 00 1 03 65
32 033 3 14 73 01 1 03 73
32 034 3 12 43 04 1 04 43
32 035 3 14 73 01 1 04 73
32 036 3 05 42 03 0 04 43
32 037 3 00 65 00 1 04 65
32 038 3 17 39 02 1 04 39
32 039 3 14 73 01 1 04 73
32 000 2 02 57 00 1 00 57
32 001 2 13 37 01 1 01 37
32 002 2 02 57 00 1 01 57
32 003 2 02 57 00 1 02 57
32 004 2 10 19 02 1 02 19
32 005 2 13 37 01 0 02 19
32 006 2 10 19 02 1 02 19
32 007 2 02 57 00 1 02 57
32 008 2 13 37 01 1 02 37
32 009 2 11 55 03 1 03 55
32 010 2 10 19 02 0 03 37
32 011 2 13 37 01 0 03 19
32 012 2 02 57 00 1 03 57
32 013 2 02 57 00 1 03 57
32 014 2 10 19 02 0 03 37
32 015 2 13 37 01 1 03 37
32 016 2 11 55 03 0 03 19
32 017 2 10 19 02 0 03 55
32 018 2 02 57 00 1 03 57
32 019 2 11 55 03 1 03 55
32 020 2 13 37 01 0 03 19
32 021 2 11 55 03 0 03 37
32 022 2 13 37 01 1 03 37
32 023 2 02 57 00 1 03 57
32 024 2 10 19 02 1 03 19
32 025 2 02 57 00 1 03 57
32 026 2 10 19 02 0 03 37
32 027 2 13 37 01 0 03 55
32 028 2 11 55 03 0 03 19
32 029 2 13 37 01 0 03 19
32 030 2 10 19 02 0 03 55
32 031 2 02 57 00 1 03 57
32 032 2 11 55 03 0 03 19
32 033 2 11 55 03 1 03 55
32 034 2 02 57 00 1 03 57
32 035 2 10 19 02 1 03 19
32 036 2 13 37 01 1 03 37
32 037 2 15 71 04 1 04 71
32 038 2 02 57 00 1 04 57
32 039 2 13 37 01 0 04 19
32 040 2 10 19 02 1 04 19
32 041 2 11 55 03 0 04 37
32 042 2 02 57 00 0 04 27
32 043 2 15 71 04 0 04 19
32 044 2 11 55 03 0 04 19
32 045 2 10 19 02 0 04 55
32 046 2 13 37 01 0 04 19
32 047 2 11 55 03 0 04 19
32 048 2 13 37 01 0 04 55
32 049 2 15 71 04 0 04 37
32 050 2 10 19 02 0 04 55
32 051 2 02 57 00 1 04 57
32 052 2 13 37 01 1 04 37
32 053 2 11 55 03 0 04 19
32 054 2 15 71 04 1 04 71
32 055 2 10 19 02 1 04 19
32 056 2 02 57 00 1 04 57
32 057 2 10 19 02 0 04 55
32 058 2 02 57 00 1 04 57
32 059 2 13 37 01 1 04 37
32 060 2 11 55 03 1 04 55
32 061 2 15 71 04 0 04 19
32 062 2 11 55 03 0 04 19
32 063 2 02 57 00 1 04 57
32 064 2 15 71 04 0 04 19
32 065 2 13 37 01 0 04 19
32 066 2 10 19 02 1 04 19
32 067 2 13 37 01 0 04 97
32 068 2 02 57 00 1 04 57
32 069 2 11 55 03 0 04 19
32 070 2 10 19 02 0 04 55
32 071 2 15 71 04 1 04 71
32 072 2 13 37 01 0 04 55
32 073 2 11 55 03 1 04 55
32 074 2 10 19 02 0 04 55
32 075 2 15 71 04 0 04 37
32 076 2 02 57 00 1 04 57
32 077 2 02 57 00 1 04 57
32 078 2 11 55 03 0 04 37
32 079 2 10 19 02 0 04 37
32 080 2 15 71 04 1 04 71
32 081 2 13 37 01 1 04 37
32 082 2 11 55 03 1 04 55
32 083 2 10 19 02 1 04 19
32 084 2 15 71 04 1 04 71
32 085 2 02 57 00 1 04 57
32 086 2 13 37 01 1 04 37
32 087 2 11 55 03 0 05 44
32 088 2 10 19 02 0 05 44
32 089 2 15 71 04 1 05 71
32 090 2 13 37 01 1 05 37
32 091 2 02 57 00 1 05 57
32 092 2 04 44 05 1 05 44
32 093 2 15 71 04 0 05 37
32 094 2 02 57 00 1 05 57
32 095 2 04 44 05 1 05 44
32 096 2 10 19 02 0 05 31
32 097 2 11 55 03 0 05 19
32 098 2 13 37 01 1 05 37
32 099 2 13 37 01 1 05 37
32 100 2 11 55 03 0 05 37
32 101 2 10 19 02 1 05 19
32 102 2 15 71 04 1 05 71
32 103 2 04 44 05 1 05 44
32 104 2 02 57 00 1 05 57
32 105 2 10 19 02 0 05 37
32 106 2 15 71 04 1 05 71
32 107 2 02 57 00 1 05 57
32 108 2 11 55 03 0 05 37
32 109 2 04 44 05 1 05 44
32 110 2 13 37 01 0 05 71
32 111 2 02 57 00 1 05 57
32 112 2 15 71 04 1 05 71
32 113 2 13 37 01 1 05 37
32 114 2 10 19 02 0 05 55
32 115 2 04 44 05 1 05 44
32 116 2 11 55 03 1 05 55
32 117 2 13 37 01 1 05 37
32 118 2 15 71 04 1 05 71
32 119 2 02 57 00 1 05 57
32 120 0 17 28 00 1 00 28
32 121 0 17 28 00 1 01 28
32 122 0 11 69 01 1 01 69
32 123 0 11 69 01 1 02 69
32 124 0 02 30 02 1 02 30
32 125 0 17 28 00 1 02 28
32 126 0 02 30 02 1 03 30
32 127 0 06 56 03 1 03 56
32 128 0 17 28 00 1 03 28
32 129 0 11 69 01 0 03 39
32 130 0 17 28 00 1 03 28
32 131 0 02 30 02 1 03 30
32 132 0 11 69 01 1 03 69
32 133 0 06 56 03 0 03 45
32 134 0 02 30 02 1 03 30
32 135 0 06 56 03 1 03 56
32 136 0 17 28 00 1 03 28
32 137 0 11 69 01 0 03 03
32 138 0 02 30 02 1 03 30
32 139 0 17 28 00 1 03 28
32 140 0 06 56 03 1 03 56
32 141 0 11 69 01 1 03 69
32 142 0 16 35 04 1 04 35
32 143 0 02 30 02 1 04 30
32 144 0 11 69 01 1 04 69
32 145 0 17 28 00 1 04 28
32 146 0 06 56 03 1 04 56
32 147 0 16 35 04 1 05 35
32 148 0 06 56 03 1 05 56
32 149 0 11 69 01 1 05 69
32 150 0 02 30 02 1 05 30
32 151 0 17 28 00 1 05 28
32 152 0 00 16 05 1 05 16
32 153 0 17 28 00 1 06 28
32 154 0 00 16 05 1 06 16
32 155 0 16 35 04 0 06 31
32 156 0 14 54 06 1 06 54
32 157 0 02 30 02 1 06 30
32 158 0 11 69 01 1 06 69
32 159 0 06 56 03 1 06 56
32 160 0 17 28 00 1 06 28
32 161 0 06 56 03 1 06 56
32 162 0 14 54 06 0 06 35
32 163 0 00 16 05 1 06 16
32 164 0 11 69 01 0 06 56
32 165 0 16 35 04 0 06 16
32 166 0 02 30 02 1 06 30
32 167 0 17 28 00 0 06 16
32 168 0 14 54 06 0 06 64
32 169 0 02 30 02 1 06 30
32 170 0 06 56 03 1 06 56
32 171 0 00 16 05 1 06 16
32 172 0 11 69 01 1 06 69
32 173 0 16 35 04 1 06 35
32 174 0 00 16 05 1 06 16
32 175 0 16 35 04 0 06 16
32 176 0 17 28 00 1 06 28
32 177 0 06 56 03 1 06 56
32 178 0 02 30 02 1 06 30
32 179 0 14 54 06 1 06 54
32 180 0 11 69 01 1 06 69
32 181 0 06 56 03 1 06 56
32 182 0 17 28 00 1 06 28
32 183 0 11 69 01 0 06 56
32 184 0 14 54 06 1 06 54
32 185 0 00 16 05 1 06 16
32 186 0 02 30 02 1 06 30
32 187 0 16 35 04 0 06 54
32 188 0 06 56 03 1 06 56
32 189 0 14 54 06 1 06 54
32 190 0 02 30 02 1 06 30
32 191 0 17 28 00 1 06 28
32 192 0 16 35 04 1 06 35
32 193 0 00 16 05 1 06 16
32 194 0 11 69 01 0 06 56
32 195 0 00 16 05 1 06 16
32 196 0 02 30 02 1 06 30
32 197 0 06 56 03 1 06 56
32 198 0 16 35 04 1 06 35
32 199 0 17 28 00 1 06 28
32 200 0 11 69 01 1 06 69
32 201 0 14 54 06 1 06 54
32 202 0 14 54 06 1 07 54
32 203 0 11 69 01 1 07 69
32 204 0 00 16 05 1 07 16
32 205 0 03 11 07 1 07 11
32 206 0 17 28 00 1 07 28
32 207 0 02 30 02 1 07 30
32 208 0 06 56 03 1 07 56
32 209 0 16 35 04 1 07 35
32 210 0 02 30 02 1 08 30
32 211 0 00 16 05 1 08 16
32 212 0 11 69 01 1 08 69
32 213 0 17 28 00 1 08 28
32 214 0 06 56 03 1 08 56
32 215 0 14 54 06 1 08 54
32 216 0 05 14 08 1 08 14
32 217 0 16 35 04 1 08 35
32 218 0 03 11 07 1 08 11
32 219 0 08 41 09 1 09 41
32 220 0 11 69 01 1 09 69
32 221 0 02 30 02 1 09 30
32 222 0 05 14 08 0 09 11
32 223 0 06 56 03 1 09 56
32 224 0 16 35 04 1 09 35
32 225 0 03 11 07 1 09 11
32 226 0 14 54 06 1 09 54
32 227 0 17 28 00 1 09 28
32 228 0 00 16 05 1 09 16
32 229 0 05 14 08 1 09 14
32 230 0 11 69 01 1 09 69
32 231 0 06 56 03 1 09 56
32 232 0 02 30 02 1 09 30
32 233 0 08 41 09 1 09 41
32 234 0 03 11 07 1 09 11
32 235 0 14 54 06 1 09 54
32 236 0 00 16 05 1 09 16
32 237 0 16 35 04 1 09 35
32 238 0 17 28 00 1 09 28
32 239 0 17 28 00 1 10 28
32 240 1 16 52 00 1 00 52
32 241 1 08 50 01 1 01 50
32 242 1 16 52 00 1 01 52
32 243 1 08 50 01 1 02 50
32 244 1 16 52 00 1 02 52
32 245 1 02 13 02 0 02 15
32 246 1 08 50 01 1 02 50
32 247 1 16 52 00 1 02 52
32 248 1 02 13 02 1 02 13
32 249 1 08 50 01 1 03 50
32 250 1 16 52 00 1 03 52
32 251 1 02 13 02 1 03 13
32 252 1 00 49 03 1 03 49
32 253 1 16 52 00 1 04 52
32 254 1 08 50 01 1 04 50
32 255 1 10 38 04 0 04 13
32 256 1 00 49 03 1 04 49
32 257 1 02 13 02 1 04 13
32 258 1 16 52 00 1 04 52
32 259 1 00 49 03 1 04 49
32 260 1 08 50 01 1 04 50
32 261 1 10 38 04 1 04 38
32 262 1 02 13 02 1 04 13
32 263 1 16 52 00 1 05 52
32 264 1 08 50 01 1 05 50
32 265 1 01 61 05 1 05 61
32 266 1 00 49 03 1 05 49
32 267 1 02 13 02 1 05 13
32 268 1 10 38 04 1 05 38
32 269 1 08 50 01 1 06 50
32 270 1 02 13 02 1 06 13
32 271 1 00 49 03 1 06 49
32 272 1 04 21 06 0 06 31
32 273 1 16 52 00 1 06 52
32 274 1 10 38 04 1 06 38
32 275 1 01 61 05 0 06 21
32 276 1 08 50 01 1 06 50
32 277 1 00 49 03 1 06 49
32 278 1 01 61 05 0 06 21
32 279 1 10 38 04 0 06 31
32 280 1 02 13 02 0 06 31
32 281 1 16 52 00 1 06 52
32 282 1 04 21 06 0 06 64
32 283 1 08 50 01 1 06 50
32 284 1 10 38 04 1 06 38
32 285 1 00 49 03 1 06 49
32 286 1 04 21 06 1 06 21
32 287 1 01 61 05 1 06 61
32 288 1 16 52 00 1 06 52
32 289 1 02 13 02 1 06 13
32 290 1 04 21 06 0 07 13
32 291 1 00 49 03 1 07 49
32 292 1 10 38 04 0 07 61
32 293 1 02 13 02 1 07 13
32 294 1 08 50 01 1 07 50
32 295 1 16 52 00 1 07 52
32 296 1 09 62 07 0 07 28
32 297 1 01 61 05 0 07 68
32 298 1 08 50 01 1 07 50
32 299 1 01 61 05 0 07 68
32 300 1 10 38 04 0 07 31
32 301 1 09 62 07 0 07 28
32 302 1 04 21 06 0 07 13
32 303 1 16 52 00 1 07 52
32 304 1 02 13 02 1 07 13
32 305 1 00 49 03 1 07 49
32 306 1 09 62 07 0 07 61
32 307 1 01 61 05 1 07 61
32 308 1 10 38 04 0 07 31
32 309 1 16 52 00 1 07 52
32 310 1 02 13 02 1 07 13
32 311 1 00 49 03 1 07 49
32 312 1 08 50 01 1 07 50
32 313 1 04 21 06 0 07 31
32 314 1 00 49 03 1 07 49
32 315 1 01 61 05 0 07 38
32 316 1 09 62 07 0 07 38
32 317 1 04 21 06 1 07 21
32 318 1 16 52 00 1 07 52
32 319 1 08 50 01 1 07 50
32 320 1 02 13 02 1 07 13
32 321 1 10 38 04 1 07 38
32 322 1 04 21 06 1 07 21
32 323 1 08 50 01 1 07 50
32 324 1 09 62 07 1 07 62
32 325 1 10 38 04 1 07 38
32 326 1 01 61 05 1 07 61
32 327 1 00 49 03 1 07 49
32 328 1 02 13 02 1 07 13
32 329 1 16 52 00 1 07 52
32 330 1 01 61 05 0 08 38
32 331 1 04 21 06 1 08 21
32 332 1 00 49 03 1 08 49
32 333 1 10 38 04 1 08 38
32 334 1 06 17 08 0 08 41
32 335 1 09 62 07 0 08 28
32 336 1 02 13 02 1 08 13
32 337 1 08 50 01 1 08 50
32 338 1 16 52 00 1 08 52
32 339 1 10 38 04 1 08 38
32 340 1 08 50 01 1 08 50
32 341 1 16 52 00 1 08 52
32 342 1 09 62 07 1 08 62
32 343 1 02 13 02 1 08 13
32 344 1 00 49 03 1 08 49
32 345 1 01 61 05 0 08 38
32 346 1 06 17 08 1 08 17
32 347 1 04 21 06 1 08 21
32 348 1 01 61 05 0 08 38
32 349 1 02 13 02 1 08 13
32 350 1 09 62 07 1 08 62
32 351 1 10 38 04 1 08 38
32 352 1 08 50 01 1 08 50
32 353 1 06 17 08 1 08 17
32 354 1 04 21 06 0 08 13
32 355 1 16 52 00 1 08 52
32 356 1 00 49 03 0 08 64
32 357 1 04 21 06 0 08 13
32 358 1 10 38 04 1 08 38
32 359 1 16 52 00 1 08 52
