31 000 3 00 28 00 1 00 28
31 001 3 14 69 01 1 01 69
31 002 3 00 28 00 1 01 28
31 003 3 17 30 02 1 02 30
31 004 3 00 28 00 1 02 28
31 005 3 14 69 01 1 02 69
31 006 3 14 69 01 1 03 69
31 007 3 17 30 02 1 03 30
31 008 3 05 56 03 1 03 56
31 009 3 00 28 00 1 03 28
31 010 3 00 28 00 1 04 28
31 011 3 05 56 03 1 04 56
31 012 3 12 35 04 0 04 38
31 013 3 14 69 01 0 04 35
31 014 3 17 30 02 1 04 30
31 015 3 00 28 00 0 04 30
31 016 3 14 69 01 1 04 69
31 017 3 17 30 02 0 04 28
31 018 3 12 35 04 1 04 35
31 019 3 05 56 03 1 04 56
31 020 3 12 35 04 0 04 69
31 021 3 05 56 03 1 04 56
31 022 3 14 69 01 1 04 69
31 023 3 17 30 02 1 04 30
31 024 3 00 28 00 1 04 28
31 025 3 00 28 00 1 04 28
31 026 3 05 56 03 1 04 56
31 027 3 14 69 01 1 04 69
31 028 3 12 35 04 1 04 35
31 029 3 17 30 02 1 04 30
31 030 3 09 16 05 1 05 16
31 031 3 14 69 01 1 05 69
31 032 3 05 56 03 1 05 56
31 033 3 12 35 04 1 05 35
31 034 3 00 28 00 1 05 28
31 035 3 17 30 02 1 05 30
31 036 3 17 30 02 0 06 28
31 037 3 11 54 06 0 06 16
31 038 3 05 56 03 1 06 56
31 039 3 12 35 04 1 06 35
31 000 1 16 57 00 0 00 54
31 001 1 16 57 00 1 00 57
31 002 1 08 37 01 1 01 37
31 003 1 16 57 00 1 01 57
31 004 1 16 57 00 1 02 57
31 005 1 02 19 02 1 02 19
31 006 1 08 37 01 1 02 37
31 007 1 02 19 02 1 03 19
31 008 1 16 57 00 1 03 57
31 009 1 00 55 03 1 03 55
31 010 1 08 37 01 0 03 03
31 011 1 00 55 03 1 03 55
31 012 1 16 57 00 1 03 57
31 013 1 08 37 01 1 03 37
31 014 1 02 19 02 1 03 19
31 015 1 16 57 00 1 04 57
31 016 1 08 37 01 1 04 37
31 017 1 00 55 03 0 04 19
31 018 1 02 19 02 1 04 19
31 019 1 10 71 04 0 04 57
31 020 1 00 55 03 1 04 55
31 021 1 02 19 02 1 04 19
31 022 1 08 37 01 1 04 37
31 023 1 10 71 04 1 04 71
31 024 1 16 57 00 1 04 57
31 025 1 16 57 00 1 05 57
31 026 1 00 55 03 0 05 19
31 027 1 01 44 05 0 05 47
31 028 1 08 37 01 1 05 37
31 029 1 02 19 02 1 05 19
31 030 1 10 71 04 0 05 44
31 031 1 00 55 03 1 05 55
31 032 1 16 57 00 1 05 57
31 033 1 01 44 05 1 05 44
31 034 1 10 71 04 0 05 74
31 035 1 02 19 02 1 05 19
31 036 1 08 37 01 1 05 37
31 037 1 08 37 01 1 05 37
31 038 1 00 55 03 0 05 19
31 039 1 01 44 05 1 05 44
31 040 1 02 19 02 1 05 19
31 041 1 10 71 04 1 05 71
31 042 1 16 57 00 1 05 57
31 043 1 00 55 03 1 05 55
31 044 1 08 37 01 1 05 37
31 045 1 16 57 00 1 05 57
31 046 1 02 19 02 1 05 19
31 047 1 10 71 04 1 05 71
31 048 1 01 44 05 1 05 44
31 049 1 04 40 06 1 06 40
31 050 1 00 55 03 1 06 55
31 051 1 10 71 04 1 06 71
31 052 1 02 19 02 1 06 19
31 053 1 01 44 05 1 06 44
31 054 1 16 57 00 1 06 57
31 055 1 08 37 01 1 06 37
31 056 1 00 55 03 1 07 55
31 057 1 08 37 01 1 07 37
31 058 1 04 40 06 1 07 40
31 059 1 09 64 07 0 07 47
31 060 1 16 57 00 1 07 57
31 061 1 02 19 02 1 07 19
31 062 1 01 44 05 1 07 44
31 063 1 10 71 04 1 07 71
31 064 1 08 37 01 1 07 37
31 065 1 01 44 05 1 07 44
31 066 1 10 71 04 1 07 71
31 067 1 02 19 02 1 07 19
31 068 1 00 55 03 1 07 55
31 069 1 09 64 07 1 07 64
31 070 1 16 57 00 1 07 57
31 071 1 04 40 06 1 07 40
31 072 1 09 64 07 1 08 64
31 073 1 10 71 04 0 08 44
31 074 1 00 55 03 0 08 01
31 075 1 08 37 01 1 08 37
31 076 1 16 57 00 1 08 57
31 077 1 01 44 05 1 08 44
31 078 1 06 34 08 1 08 34
31 079 1 04 40 06 1 08 40
31 080 1 02 19 02 1 08 19
31 081 1 00 55 03 1 08 55
31 082 1 08 37 01 1 08 37
31 083 1 16 57 00 1 08 57
31 084 1 01 44 05 1 08 44
31 085 1 10 71 04 1 08 71
31 086 1 06 34 08 1 08 34
31 087 1 04 40 06 1 08 40
31 088 1 09 64 07 0 08 57
31 089 1 02 19 02 1 08 19
31 090 1 08 37 01 1 08 37
31 091 1 04 40 06 0 08 64
31 092 1 06 34 08 0 08 64
31 093 1 00 55 03 1 08 55
31 094 1 16 57 00 1 08 57
31 095 1 09 64 07 1 08 64
31 096 1 02 19 02 1 08 19
31 097 1 01 44 05 1 08 44
31 098 1 10 71 04 1 08 71
31 099 1 00 55 03 1 08 55
31 100 1 10 71 04 0 08 44
31 101 1 01 44 05 1 08 44
31 102 1 09 64 07 0 08 34
31 103 1 06 34 08 1 08 34
31 104 1 16 57 00 1 08 57
31 105 1 02 19 02 1 08 19
31 106 1 08 37 01 1 08 37
31 107 1 04 40 06 0 08 19
31 108 1 04 40 06 1 08 40
31 109 1 09 64 07 1 08 64
31 110 1 01 44 05 1 08 44
31 111 1 16 57 00 1 08 57
31 112 1 10 71 04 1 08 71
31 113 1 06 34 08 1 08 34
31 114 1 00 55 03 1 08 55
31 115 1 02 19 02 1 08 19
31 116 1 08 37 01 1 08 37
31 117 1 01 44 05 1 09 44
31 118 1 06 34 08 1 09 34
31 119 1 16 57 00 1 09 57
31 120 2 02 65 00 1 00 65
31 121 2 13 73 01 1 01 73
31 122 2 02 65 00 1 01 65
31 123 2 13 73 01 0 02 39
31 124 2 10 39 02 0 02 73
31 125 2 02 65 00 1 02 65
31 126 2 13 73 01 1 02 73
31 127 2 02 65 00 1 02 65
31 128 2 10 39 02 1 02 39
31 129 2 10 39 02 0 03 42
31 130 2 13 73 01 1 03 73
31 131 2 02 65 00 1 03 65
31 132 2 11 42 03 0 03 39
31 133 2 11 42 03 0 03 39
31 134 2 13 73 01 1 03 73
31 135 2 02 65 00 1 03 65
31 136 2 10 39 02 0 03 43
31 137 2 11 42 03 0 03 39
31 138 2 10 39 02 0 03 42
31 139 2 13 73 01 0 03 42
31 140 2 02 65 00 1 03 65
31 141 2 13 73 01 1 03 73
31 142 2 02 65 00 1 03 65
31 143 2 11 42 03 0 03 39
31 144 2 10 39 02 1 03 39
31 145 2 11 42 03 1 03 42
31 146 2 02 65 00 1 03 65
31 147 2 13 73 01 1 03 73
31 148 2 10 39 02 1 03 39
31 149 2 02 65 00 1 04 65
31 150 2 10 39 02 1 04 39
31 151 2 15 43 04 1 04 43
31 152 2 13 73 01 1 04 73
31 153 2 11 42 03 1 04 42
31 154 2 11 42 03 0 05 39
31 155 2 13 73 01 1 05 73
31 156 2 10 39 02 1 05 39
31 157 2 15 43 04 1 05 43
31 158 2 04 68 05 1 05 68
31 159 2 02 65 00 1 05 65
31 160 2 02 65 00 1 05 65
31 161 2 15 43 04 1 05 43
31 162 2 11 42 03 1 05 42
31 163 2 04 68 05 1 05 68
31 164 2 13 73 01 1 05 73
31 165 2 10 39 02 1 05 39
31 166 2 03 31 06 0 06 34
31 167 2 02 65 00 1 06 65
31 168 2 15 43 04 1 06 43
31 169 2 11 42 03 1 06 42
31 170 2 13 73 01 1 06 73
31 171 2 04 68 05 1 06 68
31 172 2 10 39 02 0 06 42
31 173 2 11 42 03 0 06 39
31 174 2 02 65 00 0 06 16
31 175 2 03 31 06 0 06 65
31 176 2 04 68 05 1 06 68
31 177 2 10 39 02 0 06 42
31 178 2 15 43 04 1 06 43
31 179 2 13 73 01 1 06 73
31 180 2 15 43 04 0 06 73
31 181 2 10 39 02 1 06 39
31 182 2 02 65 00 1 06 65
31 183 2 04 68 05 1 06 68
31 184 2 13 73 01 1 06 73
31 185 2 11 42 03 1 06 42
31 186 2 03 31 06 1 06 31
31 187 2 13 73 01 0 06 43
31 188 2 02 65 00 1 06 65
31 189 2 11 42 03 0 06 39
31 190 2 03 31 06 0 06 68
31 191 2 04 68 05 1 06 68
31 192 2 15 43 04 1 06 43
31 193 2 10 39 02 0 06 42
31 194 2 15 43 04 1 06 43
31 195 2 03 31 06 1 06 31
31 196 2 11 42 03 1 06 42
31 197 2 13 73 01 1 06 73
31 198 2 04 68 05 0 06 31
31 199 2 10 39 02 1 06 39
31 200 2 02 65 00 1 06 65
31 201 2 10 39 02 1 06 39
31 202 2 02 65 00 1 06 65
31 203 2 11 42 03 1 06 42
31 204 2 13 73 01 1 06 73
31 205 2 15 43 04 1 06 43
31 206 2 04 68 05 0 06 31
31 207 2 03 31 06 1 06 31
31 208 2 10 39 02 1 06 39
31 209 2 02 65 00 1 06 65
31 210 2 13 73 01 1 06 73
31 211 2 04 68 05 0 06 31
31 212 2 15 43 04 1 06 43
31 213 2 03 31 06 0 06 65
31 214 2 11 42 03 1 06 42
31 215 2 02 65 00 1 06 65
31 216 2 11 42 03 0 06 39
31 217 2 04 68 05 1 06 68
31 218 2 10 39 02 1 06 39
31 219 2 03 31 06 0 06 68
31 220 2 15 43 04 1 06 43
31 221 2 13 73 01 1 06 73
31 222 2 15 43 04 1 06 43
31 223 2 11 42 03 1 06 42
31 224 2 03 31 06 0 06 68
31 225 2 10 39 02 1 06 39
31 226 2 04 68 05 1 06 68
31 227 2 02 65 00 1 06 65
31 228 2 13 73 01 1 06 73
31 229 2 11 42 03 1 06 42
31 230 2 15 43 04 1 06 43
31 231 2 10 39 02 1 06 39
31 232 2 04 68 05 0 06 31
31 233 2 13 73 01 0 06 42
31 234 2 03 31 06 0 06 65
31 235 2 02 65 00 1 06 65
31 236 2 02 65 00 1 06 65
31 237 2 15 43 04 1 06 43
31 238 2 11 42 03 1 06 42
31 239 2 10 39 02 1 06 39
31 240 0 17 52 00 1 00 52
31 241 0 11 50 01 1 01 50
31 242 0 17 52 00 1 01 52
31 243 0 02 13 02 1 02 13
31 244 0 17 52 00 1 02 52
31 245 0 11 50 01 1 02 50
31 246 0 06 49 03 1 03 49
31 247 0 17 52 00 1 03 52
31 248 0 11 50 01 1 03 50
31 249 0 02 13 02 1 03 13
31 250 0 06 49 03 0 04 19
31 251 0 17 52 00 1 04 52
31 252 0 16 38 04 0 04 48
31 253 0 02 13 02 1 04 13
31 254 0 11 50 01 1 04 50
31 255 0 16 38 04 1 04 38
31 256 0 02 13 02 1 04 13
31 257 0 06 49 03 1 04 49
31 258 0 17 52 00 1 04 52
31 259 0 11 50 01 1 04 50
31 260 0 06 49 03 1 05 49
31 261 0 00 61 05 1 05 61
31 262 0 16 38 04 1 05 38
31 263 0 02 13 02 1 05 13
31 264 0 17 52 00 1 05 52
31 265 0 11 50 01 1 05 50
31 266 0 16 38 04 1 06 38
31 267 0 00 61 05 1 06 61
31 268 0 02 13 02 1 06 13
31 269 0 14 21 06 1 06 21
31 270 0 06 49 03 1 06 49
31 271 0 11 50 01 1 06 50
31 272 0 17 52 00 1 06 52
31 273 0 00 61 05 1 07 61
31 274 0 06 49 03 1 07 49
31 275 0 14 21 06 1 07 21
31 276 0 17 52 00 1 07 52
31 277 0 16 38 04 0 07 49
31 278 0 02 13 02 1 07 13
31 279 0 03 62 07 1 07 62
31 280 0 11 50 01 1 07 50
31 281 0 14 21 06 0 07 62
31 282 0 11 50 01 1 07 50
31 283 0 02 13 02 1 07 13
31 284 0 03 62 07 1 07 62
31 285 0 06 49 03 0 07 14
31 286 0 16 38 04 1 07 38
31 287 0 17 52 00 1 07 52
31 288 0 00 61 05 1 07 61
31 289 0 02 13 02 1 07 13
31 290 0 00 61 05 1 07 61
31 291 0 17 52 00 1 07 52
31 292 0 03 62 07 1 07 62
31 293 0 16 38 04 1 07 38
31 294 0 14 21 06 1 07 21
31 295 0 06 49 03 1 07 49
31 296 0 11 50 01 1 07 50
31 297 0 06 49 03 0 08 50
31 298 0 14 21 06 1 08 21
31 299 0 03 62 07 1 08 62
31 300 0 05 17 08 1 08 17
31 301 0 11 50 01 1 08 50
31 302 0 16 38 04 1 08 38
31 303 0 17 52 00 1 08 52
31 304 0 00 61 05 0 08 38
31 305 0 02 13 02 1 08 13
31 306 0 14 21 06 1 08 21
31 307 0 06 49 03 1 08 49
31 308 0 05 17 08 1 08 17
31 309 0 00 61 05 1 08 61
31 310 0 17 52 00 1 08 52
31 311 0 16 38 04 1 08 38
31 312 0 11 50 01 1 08 50
31 313 0 02 13 02 1 08 13
31 314 0 03 62 07 1 08 62
31 315 0 08 32 09 1 09 32
31 316 0 14 21 06 1 09 21
31 317 0 16 38 04 0 09 03
31 318 0 02 13 02 1 09 13
31 319 0 17 52 00 1 09 52
31 320 0 03 62 07 1 09 62
31 321 0 06 49 03 1 09 49
31 322 0 11 50 01 1 09 50
31 323 0 05 17 08 1 09 17
31 324 0 00 61 05 1 09 61
31 325 0 02 13 02 1 09 13
31 326 0 03 62 07 1 09 62
31 327 0 11 50 01 1 09 50
31 328 0 08 32 09 1 09 32
31 329 0 00 61 05 0 09 60
31 330 0 06 49 03 1 09 49
31 331 0 17 52 00 1 09 52
31 332 0 05 17 08 1 09 17
31 333 0 14 21 06 1 09 21
31 334 0 16 38 04 1 09 38
31 335 0 00 61 05 1 09 61
31 336 0 06 49 03 1 09 49
31 337 0 11 50 01 1 09 50
31 338 0 14 21 06 1 09 21
31 339 0 03 62 07 1 09 62
31 340 0 17 52 00 1 09 52
31 341 0 08 32 09 1 09 32
31 342 0 05 17 08 1 09 17
31 343 0 02 13 02 1 09 13
31 344 0 16 38 04 1 09 38
31 345 0 16 38 04 1 10 38
31 346 0 17 52 00 1 10 52
31 347 0 08 32 09 1 10 32
31 348 0 09 72 10 1 10 72
31 349 0 14 21 06 1 10 21
31 350 0 00 61 05 1 10 61
31 351 0 11 50 01 1 10 50
31 352 0 06 49 03 1 10 49
31 353 0 05 17 08 1 10 17
31 354 0 02 13 02 1 10 13
31 355 0 03 62 07 1 10 62
31 356 0 16 38 04 1 11 38
31 357 0 06 49 03 1 11 49
31 358 0 07 27 11 0 11 62
31 359 0 02 13 02 1 11 13
