27 000 3 01 45 00 1 00 45
27 001 3 00 54 01 1 01 54
27 002 3 01 45 00 1 01 45
27 003 3 01 45 00 1 02 45
27 004 3 05 48 02 1 02 48
27 005 3 00 54 01 1 02 54
27 006 3 01 45 00 1 03 45
27 007 3 00 54 01 1 03 54
27 008 3 05 48 02 1 03 48
27 009 3 06 42 03 0 03 52
27 010 3 00 54 01 0 03 48
27 011 3 06 42 03 0 03 48
27 012 3 05 48 02 0 03 45
27 013 3 01 45 00 0 03 48
27 014 3 05 48 02 0 03 42
27 015 3 06 42 03 1 03 42
27 016 3 01 45 00 1 03 45
27 017 3 00 54 01 0 03 52
27 018 3 06 42 03 0 03 48
27 019 3 05 48 02 0 03 52
27 020 3 00 54 01 0 03 42
27 021 3 01 45 00 0 03 48
27 022 3 00 54 01 0 03 42
27 023 3 01 45 00 0 03 48
27 024 3 05 48 02 0 03 45
27 025 3 06 42 03 0 03 52
27 026 3 06 42 03 1 03 42
27 027 3 01 45 00 0 03 48
27 028 3 05 48 02 1 03 48
27 029 3 00 54 01 0 03 48
27 030 3 00 54 01 1 03 54
27 031 3 01 45 00 0 03 48
27 032 3 05 48 02 1 03 48
27 033 3 06 42 03 1 03 42
27 034 3 05 48 02 1 03 48
27 035 3 00 54 01 1 03 54
27 036 3 01 45 00 1 03 45
27 037 3 06 42 03 0 03 05
27 038 3 05 48 02 1 03 48
27 039 3 00 54 01 1 03 54
27 000 0 05 59 00 1 00 59
27 001 0 05 59 00 1 01 59
27 002 0 08 23 01 1 01 23
27 003 0 08 23 01 1 02 23
27 004 0 00 34 02 1 02 34
27 005 0 05 59 00 1 02 59
27 006 0 00 34 02 1 03 34
27 007 0 05 59 00 1 03 59
27 008 0 08 23 01 1 03 23
27 009 0 15 31 03 1 03 31
27 010 0 05 59 00 0 04 58
27 011 0 06 11 04 1 04 11
27 012 0 15 31 03 1 04 31
27 013 0 08 23 01 1 04 23
27 014 0 00 34 02 1 04 34
27 015 0 08 23 01 1 04 23
27 016 0 05 59 00 1 04 59
27 017 0 06 11 04 1 04 11
27 018 0 00 34 02 1 04 34
27 019 0 15 31 03 1 04 31
27 020 0 08 23 01 1 05 23
27 021 0 06 11 04 1 05 11
27 022 0 00 34 02 1 05 34
27 023 0 10 53 05 0 05 51
27 024 0 15 31 03 0 05 23
27 025 0 05 59 00 1 05 59
27 026 0 08 23 01 1 05 23
27 027 0 10 53 05 1 05 53
27 028 0 06 11 04 1 05 11
27 029 0 00 34 02 1 05 34
27 030 0 05 59 00 1 05 59
27 031 0 15 31 03 0 05 51
27 032 0 05 59 00 1 05 59
27 033 0 10 53 05 0 05 31
27 034 0 00 34 02 1 05 34
27 035 0 06 11 04 1 05 11
27 036 0 15 31 03 1 05 31
27 037 0 08 23 01 0 05 24
27 038 0 15 31 03 1 05 31
27 039 0 05 59 00 1 05 59
27 040 0 06 11 04 0 05 53
27 041 0 08 23 01 0 05 53
27 042 0 00 34 02 1 05 34
27 043 0 10 53 05 1 05 53
27 044 0 15 31 03 1 05 31
27 045 0 08 23 01 0 05 31
27 046 0 00 34 02 1 05 34
27 047 0 10 53 05 1 05 53
27 048 0 06 11 04 1 05 11
27 049 0 05 59 00 1 05 59
27 050 0 15 31 03 0 05 53
27 051 0 10 53 05 0 05 23
27 052 0 00 34 02 1 05 34
27 053 0 06 11 04 1 05 11
27 054 0 05 59 00 1 05 59
27 055 0 08 23 01 1 05 23
27 056 0 00 34 02 1 05 34
27 057 0 06 11 04 1 05 11
27 058 0 08 23 01 1 05 23
27 059 0 10 53 05 0 05 31
27 060 0 05 59 00 1 05 59
27 061 0 15 31 03 0 05 53
27 062 0 08 23 01 1 05 23
27 063 0 06 11 04 1 05 11
27 064 0 15 31 03 1 05 31
27 065 0 05 59 00 1 05 59
27 066 0 00 34 02 1 05 34
27 067 0 10 53 05 0 05 31
27 068 0 10 53 05 1 05 53
27 069 0 05 59 00 1 05 59
27 070 0 08 23 01 1 05 23
27 071 0 00 34 02 1 05 34
27 072 0 15 31 03 1 05 31
27 073 0 06 11 04 1 05 11
27 074 0 15 31 03 1 06 31
27 075 0 08 23 01 1 06 23
27 076 0 10 53 05 1 06 53
27 077 0 05 59 00 1 06 59
27 078 0 06 11 04 1 06 11
27 079 0 00 34 02 1 06 34
27 080 0 07 60 06 1 06 60
27 081 0 05 59 00 1 07 59
27 082 0 15 31 03 1 07 31
27 083 0 16 76 07 1 07 76
27 084 0 07 60 06 1 07 60
27 085 0 08 23 01 1 07 23
27 086 0 10 53 05 1 07 53
27 087 0 00 34 02 0 07 23
27 088 0 06 11 04 1 07 11
27 089 0 06 11 04 1 07 11
27 090 0 07 60 06 1 07 60
27 091 0 08 23 01 1 07 23
27 092 0 16 76 07 1 07 76
27 093 0 10 53 05 1 07 53
27 094 0 05 59 00 1 07 59
27 095 0 15 31 03 1 07 31
27 096 0 00 34 02 1 07 34
27 097 0 06 11 04 1 08 11
27 098 0 16 76 07 1 08 76
27 099 0 15 31 03 1 08 31
27 100 0 05 59 00 1 08 59
27 101 0 17 30 08 1 08 30
27 102 0 07 60 06 1 08 60
27 103 0 10 53 05 1 08 53
27 104 0 00 34 02 1 08 34
27 105 0 08 23 01 1 08 23
27 106 0 17 30 08 0 09 76
27 107 0 07 60 06 1 09 60
27 108 0 05 59 00 1 09 59
27 109 0 15 31 03 1 09 31
27 110 0 08 23 01 1 09 23
27 111 0 10 53 05 1 09 53
27 112 0 06 11 04 1 09 11
27 113 0 16 76 07 1 09 76
27 114 0 00 34 02 1 09 34
27 115 0 11 64 09 0 09 56
27 116 0 08 23 01 1 09 23
27 117 0 00 34 02 1 09 34
27 118 0 07 60 06 1 09 60
27 119 0 17 30 08 1 09 30
27 120 1 08 38 00 1 00 38
27 121 1 10 33 01 1 01 33
27 122 1 08 38 00 1 01 38
27 123 1 10 33 01 1 02 33
27 124 1 08 38 00 1 02 38
27 125 1 02 72 02 1 02 72
27 126 1 10 33 01 1 03 33
27 127 1 03 56 03 1 03 56
27 128 1 08 38 00 1 03 38
27 129 1 02 72 02 1 03 72
27 130 1 02 72 02 1 04 72
27 131 1 03 56 03 0 04 58
27 132 1 11 62 04 0 04 64
27 133 1 08 38 00 1 04 38
27 134 1 10 33 01 1 04 33
27 135 1 08 38 00 1 04 38
27 136 1 03 56 03 1 04 56
27 137 1 11 62 04 1 04 62
27 138 1 02 72 02 1 04 72
27 139 1 10 33 01 1 04 33
27 140 1 03 56 03 1 05 56
27 141 1 01 40 05 1 05 40
27 142 1 02 72 02 1 05 72
27 143 1 11 62 04 1 05 62
27 144 1 10 33 01 0 05 38
27 145 1 08 38 00 1 05 38
27 146 1 11 62 04 0 05 40
27 147 1 10 33 01 0 05 38
27 148 1 02 72 02 1 05 72
27 149 1 03 56 03 0 05 62
27 150 1 01 40 05 1 05 40
27 151 1 08 38 00 0 05 33
27 152 1 01 40 05 1 05 40
27 153 1 08 38 00 0 05 33
27 154 1 11 62 04 0 05 40
27 155 1 03 56 03 0 05 62
27 156 1 10 33 01 1 05 33
27 157 1 02 72 02 1 05 72
27 158 1 08 38 00 1 05 38
27 159 1 01 40 05 0 05 62
27 160 1 02 72 02 1 05 72
27 161 1 11 62 04 1 05 62
27 162 1 10 33 01 0 05 38
27 163 1 03 56 03 0 05 54
27 164 1 08 38 00 1 05 38
27 165 1 11 62 04 0 05 40
27 166 1 03 56 03 1 05 56
27 167 1 02 72 02 1 05 72
27 168 1 01 40 05 1 05 40
27 169 1 10 33 01 0 05 38
27 170 1 08 38 00 1 05 38
27 171 1 01 40 05 0 05 62
27 172 1 10 33 01 1 05 33
27 173 1 03 56 03 1 05 56
27 174 1 02 72 02 1 05 72
27 175 1 11 62 04 1 05 62
27 176 1 11 62 04 1 05 62
27 177 1 08 38 00 1 05 38
27 178 1 02 72 02 1 05 72
27 179 1 03 56 03 1 05 56
27 180 1 10 33 01 1 05 33
27 181 1 01 40 05 1 05 40
27 182 1 01 40 05 1 06 40
27 183 1 00 41 06 1 06 41
27 184 1 10 33 01 1 06 33
27 185 1 11 62 04 0 06 60
27 186 1 03 56 03 1 06 56
27 187 1 08 38 00 1 06 38
27 188 1 02 72 02 1 06 72
27 189 1 01 40 05 1 06 40
27 190 1 10 33 01 1 06 33
27 191 1 03 56 03 1 06 56
27 192 1 00 41 06 1 06 41
27 193 1 02 72 02 1 06 72
27 194 1 11 62 04 1 06 62
27 195 1 08 38 00 1 06 38
27 196 1 16 19 07 1 07 19
27 197 1 00 41 06 1 07 41
27 198 1 03 56 03 1 07 56
27 199 1 08 38 00 1 07 38
27 200 1 01 40 05 1 07 40
27 201 1 10 33 01 1 07 33
27 202 1 02 72 02 1 07 72
27 203 1 11 62 04 1 07 62
27 204 1 16 19 07 1 08 19
27 205 1 03 56 03 1 08 56
27 206 1 11 62 04 1 08 62
27 207 1 10 33 01 1 08 33
27 208 1 08 38 00 1 08 38
27 209 1 00 41 06 1 08 41
27 210 1 02 72 02 0 08 26
27 211 1 01 40 05 0 08 62
27 212 1 05 26 08 0 08 32
27 213 1 10 33 01 1 08 33
27 214 1 05 26 08 1 08 26
27 215 1 08 38 00 1 08 38
27 216 1 00 41 06 1 08 41
27 217 1 01 40 05 1 08 40
27 218 1 16 19 07 1 08 19
27 219 1 02 72 02 0 08 42
27 220 1 03 56 03 1 08 56
27 221 1 11 62 04 1 08 62
27 222 1 05 26 08 1 08 26
27 223 1 00 41 06 1 08 41
27 224 1 02 72 02 1 08 72
27 225 1 03 56 03 1 08 56
27 226 1 10 33 01 1 08 33
27 227 1 08 38 00 1 08 38
27 228 1 11 62 04 1 08 62
27 229 1 16 19 07 1 08 19
27 230 1 01 40 05 1 08 40
27 231 1 04 44 09 1 09 44
27 232 1 08 38 00 1 09 38
27 233 1 00 41 06 1 09 41
27 234 1 01 40 05 1 09 40
27 235 1 11 62 04 1 09 62
27 236 1 02 72 02 1 09 72
27 237 1 05 26 08 1 09 26
27 238 1 03 56 03 1 09 56
27 239 1 16 19 07 1 09 19
27 240 2 04 57 00 1 00 57
27 241 2 04 57 00 0 01 14
27 242 2 06 14 01 0 01 57
27 243 2 04 57 00 1 01 57
27 244 2 06 14 01 1 01 14
27 245 2 04 57 00 0 02 14
27 246 2 06 14 01 1 02 14
27 247 2 02 50 02 1 02 50
27 248 2 04 57 00 1 02 57
27 249 2 06 14 01 1 02 14
27 250 2 02 50 02 1 02 50
27 251 2 02 50 02 1 03 50
27 252 2 04 57 00 1 03 57
27 253 2 06 14 01 1 03 14
27 254 2 05 67 03 1 03 67
27 255 2 02 50 02 1 04 50
27 256 2 09 39 04 0 04 19
27 257 2 04 57 00 0 04 47
27 258 2 06 14 01 0 04 57
27 259 2 05 67 03 0 04 14
27 260 2 02 50 02 1 04 50
27 261 2 04 57 00 1 04 57
27 262 2 09 39 04 0 04 19
27 263 2 06 14 01 1 04 14
27 264 2 05 67 03 0 04 57
27 265 2 06 14 01 0 04 19
27 266 2 02 50 02 1 04 50
27 267 2 05 67 03 0 04 14
27 268 2 04 57 00 1 04 57
27 269 2 09 39 04 1 04 39
27 270 2 09 39 04 0 04 67
27 271 2 04 57 00 1 04 57
27 272 2 02 50 02 1 04 50
27 273 2 05 67 03 0 04 19
27 274 2 06 14 01 0 04 67
27 275 2 06 14 01 1 04 14
27 276 2 09 39 04 0 04 19
27 277 2 05 67 03 0 04 57
27 278 2 04 57 00 1 04 57
27 279 2 02 50 02 1 04 50
27 280 2 09 39 04 0 04 19
27 281 2 04 57 00 0 04 67
27 282 2 06 14 01 0 04 57
27 283 2 02 50 02 1 04 50
27 284 2 05 67 03 1 04 67
27 285 2 02 50 02 1 04 50
27 286 2 06 14 01 0 04 19
27 287 2 05 67 03 1 04 67
27 288 2 04 57 00 1 04 57
27 289 2 09 39 04 1 04 39
27 290 2 09 39 04 0 04 19
27 291 2 02 50 02 1 04 50
27 292 2 04 57 00 0 04 67
27 293 2 05 67 03 1 04 67
27 294 2 06 14 01 1 04 14
27 295 2 02 50 02 1 04 50
27 296 2 06 14 01 1 04 14
27 297 2 05 67 03 0 04 14
27 298 2 04 57 00 0 04 67
27 299 2 09 39 04 0 04 19
27 300 2 09 39 04 1 04 39
27 301 2 06 14 01 1 04 14
27 302 2 04 57 00 0 04 67
27 303 2 02 50 02 1 04 50
27 304 2 05 67 03 1 04 67
27 305 2 09 39 04 1 04 39
27 306 2 05 67 03 0 04 14
27 307 2 02 50 02 1 04 50
27 308 2 04 57 00 0 04 67
27 309 2 06 14 01 0 04 67
27 310 2 06 14 01 0 04 67
27 311 2 05 67 03 1 04 67
27 312 2 02 50 02 1 04 50
27 313 2 09 39 04 0 04 14
27 314 2 04 57 00 1 04 57
27 315 2 06 14 01 1 04 14
27 316 2 04 57 00 0 04 67
27 317 2 05 67 03 1 04 67
27 318 2 09 39 04 1 04 39
27 319 2 02 50 02 1 04 50
27 320 2 09 39 04 1 04 39
27 321 2 06 14 01 1 04 14
27 322 2 05 67 03 1 04 67
27 323 2 04 57 00 1 04 57
27 324 2 02 50 02 1 04 50
27 325 2 13 70 05 1 05 70
27 326 2 02 50 02 1 05 50
27 327 2 09 39 04 1 05 39
27 328 2 06 14 01 1 05 14
27 329 2 04 57 00 1 05 57
27 330 2 05 67 03 1 05 67
27 331 2 06 14 01 1 06 14
27 332 2 05 67 03 1 06 67
27 333 2 09 39 04 1 06 39
27 334 2 04 57 00 0 06 67
27 335 2 02 50 02 1 06 50
27 336 2 13 70 05 1 06 70
27 337 2 15 36 06 0 06 39
27 338 2 09 39 04 1 06 39
27 339 2 04 57 00 0 06 67
27 340 2 13 70 05 1 06 70
27 341 2 06 14 01 0 06 39
27 342 2 02 50 02 1 06 50
27 343 2 05 67 03 1 06 67
27 344 2 15 36 06 1 06 36
27 345 2 05 67 03 1 06 67
27 346 2 13 70 05 1 06 70
27 347 2 04 57 00 0 06 67
27 348 2 02 50 02 1 06 50
27 349 2 06 14 01 0 06 67
27 350 2 09 39 04 1 06 39
27 351 2 15 36 06 1 06 36
27 352 2 04 57 00 0 06 56
27 353 2 02 50 02 1 06 50
27 354 2 06 14 01 0 06 67
27 355 2 15 36 06 0 06 70
27 356 2 13 70 05 0 06 36
27 357 2 09 39 04 1 06 39
27 358 2 05 67 03 1 06 67
27 359 2 13 70 05 1 06 70
