00 000 0 00 60 00 1 00 60
00 000 0 00 60 00 1 01 60
00 000 0 06 33 01 1 01 33
00 000 0 00 60 00 1 02 60
00 000 0 06 33 01 1 02 33
00 000 0 17 52 02 1 02 52
00 000 0 17 52 02 1 03 52
00 000 0 03 71 03 1 03 71
00 000 0 06 33 01 1 03 33
00 000 0 00 60 00 1 03 60
00 000 0 06 33 01 1 04 33
00 000 0 13 42 04 1 04 42
00 000 0 00 60 00 1 04 60
00 000 0 03 71 03 1 04 71
00 000 0 17 52 02 1 04 52
00 000 0 06 33 01 1 05 33
00 000 0 15 67 05 1 05 67
00 000 0 00 60 00 1 05 60
00 000 0 13 42 04 1 05 42
00 000 0 17 52 02 1 05 52
00 000 0 03 71 03 1 05 71
00 000 0 05 77 06 1 06 77
00 000 0 17 52 02 1 06 52
00 000 0 00 60 00 1 06 60
00 000 0 03 71 03 1 06 71
00 000 0 06 33 01 1 06 33
00 000 0 15 67 05 0 06 68
00 000 0 13 42 04 1 06 42
00 000 0 05 77 06 0 06 55
00 000 0 17 52 02 1 06 52
00 000 0 03 71 03 1 06 71
00 000 0 06 33 01 1 06 33
00 000 0 00 60 00 1 06 60
00 000 0 13 42 04 1 06 42
00 000 0 15 67 05 1 06 67
00 000 0 03 71 03 1 06 71
00 000 0 15 67 05 1 06 67
00 000 0 17 52 02 1 06 52
00 000 0 00 60 00 1 06 60
00 000 0 13 42 04 1 06 42
00 000 0 06 33 01 1 06 33
00 000 0 05 77 06 1 06 77
00 000 0 03 71 03 1 07 71
00 000 0 15 67 05 1 07 67
00 000 0 06 33 01 1 07 33
00 000 0 00 60 00 1 07 60
00 000 0 07 63 07 1 07 63
00 000 0 05 77 06 1 07 77
00 000 0 17 52 02 0 07 67
00 000 0 13 42 04 1 07 42
00 000 0 05 77 06 1 07 77
00 000 0 15 67 05 1 07 67
00 000 0 07 63 07 1 07 63
00 000 0 06 33 01 1 07 33
00 000 0 17 52 02 1 07 52
00 000 0 00 60 00 1 07 60
00 000 0 03 71 03 1 07 71
00 000 0 13 42 04 1 07 42
00 000 0 17 52 02 1 08 52
00 000 0 03 71 03 1 08 71
00 000 0 10 68 08 1 08 68
00 000 0 06 33 01 1 08 33
00 000 0 07 63 07 1 08 63
00 000 0 13 42 04 1 08 42
00 000 0 00 60 00 1 08 60
00 000 0 05 77 06 1 08 77
00 000 0 15 67 05 1 08 67
00 000 0 15 67 05 1 09 67
00 000 0 03 71 03 1 09 71
00 000 0 10 68 08 1 09 68
00 000 0 00 60 00 1 09 60
00 000 0 13 42 04 1 09 42
00 000 0 02 44 09 1 09 44
00 000 0 07 63 07 1 09 63
00 000 0 05 77 06 1 09 77
00 000 0 17 52 02 1 09 52
00 000 0 06 33 01 1 09 33
00 000 0 17 52 02 1 10 52
00 000 0 07 63 07 1 10 63
00 000 0 06 33 01 1 10 33
00 000 0 11 27 10 1 10 27
00 000 0 15 67 05 1 10 67
00 000 0 03 71 03 1 10 71
00 000 0 00 60 00 1 10 60
00 000 0 02 44 09 1 10 44
00 000 0 13 42 04 1 10 42
00 000 0 05 77 06 1 10 77
00 000 0 10 68 08 1 10 68
00 000 0 12 70 11 1 11 70
00 000 0 00 60 00 1 11 60
00 000 0 02 44 09 1 11 44
00 000 0 15 67 05 1 11 67
00 000 0 17 52 02 1 11 52
00 000 0 06 33 01 1 11 33
00 000 0 10 68 08 1 11 68
00 000 0 13 42 04 1 11 42
00 000 0 11 27 10 0 11 70
00 000 0 03 71 03 1 11 71
00 000 0 07 63 07 1 11 63
00 000 0 05 77 06 1 11 77
00 000 0 13 42 04 1 11 42
00 000 0 15 67 05 1 11 67
00 000 0 06 33 01 1 11 33
00 000 0 07 63 07 1 11 63
00 000 0 05 77 06 1 11 77
00 000 0 11 27 10 1 11 27
00 000 0 12 70 11 1 11 70
00 000 0 17 52 02 1 11 52
00 000 0 02 44 09 1 11 44
00 000 0 03 71 03 1 11 71
00 000 0 00 60 00 1 11 60
00 000 0 10 68 08 1 11 68
00 000 0 00 60 00 1 12 60
00 000 0 11 27 10 1 12 27
00 000 0 06 33 01 1 12 33
00 000 0 07 63 07 1 12 63
00 000 0 12 70 11 1 12 70
00 000 0 13 42 04 1 12 42
00 000 0 17 52 02 1 12 52
00 000 0 15 67 05 1 12 67
00 000 0 05 77 06 1 12 77
00 000 0 10 68 08 1 12 68
00 000 0 02 44 09 1 12 44
00 000 0 03 71 03 1 12 71
00 000 0 01 22 12 0 12 56
00 000 0 01 22 12 1 12 22
00 000 0 02 44 09 1 12 44
00 000 0 17 52 02 1 12 52
00 000 0 13 42 04 1 12 42
00 000 0 07 63 07 1 12 63
00 000 0 15 67 05 1 12 67
00 000 0 03 71 03 1 12 71
00 000 0 10 68 08 1 12 68
00 000 0 05 77 06 1 12 77
00 000 0 06 33 01 1 12 33
00 000 0 00 60 00 1 12 60
00 000 0 12 70 11 1 12 70
00 000 0 11 27 10 1 12 27
00 000 0 01 22 12 1 13 22
00 000 0 07 63 07 1 13 63
00 000 0 08 47 13 1 13 47
00 000 0 13 42 04 1 13 42
00 000 0 02 44 09 1 13 44
00 000 0 10 68 08 1 13 68
00 000 0 06 33 01 1 13 33
00 000 0 12 70 11 1 13 70
00 000 0 05 77 06 1 13 77
00 000 0 00 60 00 1 13 60
00 000 0 15 67 05 1 13 67
00 000 0 03 71 03 1 13 71
00 000 0 17 52 02 1 13 52
00 000 0 11 27 10 1 13 27
00 000 0 15 67 05 1 14 67
00 000 0 06 33 01 1 14 33
00 000 0 16 58 14 1 14 58
00 000 0 05 77 06 1 14 77
00 000 0 00 60 00 1 14 60
00 000 0 02 44 09 1 14 44
00 000 0 11 27 10 0 14 33
00 000 0 08 47 13 1 14 47
00 000 0 03 71 03 1 14 71
00 000 0 13 42 04 1 14 42
00 000 0 01 22 12 1 14 22
00 000 0 07 63 07 1 14 63
00 000 0 17 52 02 1 14 52
00 000 0 10 68 08 1 14 68
00 000 0 12 70 11 1 14 70
00 000 0 06 33 01 1 14 33
00 000 0 00 60 00 1 14 60
00 000 0 15 67 05 1 14 67
00 000 0 05 77 06 1 14 77
00 000 0 01 22 12 1 14 22
00 000 0 07 63 07 1 14 63
00 000 0 08 47 13 1 14 47
00 000 0 17 52 02 1 14 52
00 000 0 02 44 09 1 14 44
00 000 0 13 42 04 1 14 42
00 000 0 12 70 11 1 14 70
00 000 0 11 27 10 1 14 27
00 000 0 03 71 03 1 14 71
00 000 0 10 68 08 1 14 68
00 000 0 16 58 14 0 14 38
00 000 0 16 58 14 1 14 58
00 000 0 03 71 03 1 14 71
00 000 0 17 52 02 1 14 52
00 000 0 05 77 06 1 14 77
00 000 0 12 70 11 1 14 70
00 000 0 00 60 00 1 14 60
00 000 0 06 33 01 1 14 33
00 000 0 11 27 10 1 14 27
00 000 0 13 42 04 1 14 42
00 000 0 07 63 07 1 14 63
00 000 0 10 68 08 1 14 68
00 000 0 01 22 12 1 14 22
00 000 0 08 47 13 1 14 47
00 000 0 02 44 09 1 14 44
00 000 0 15 67 05 1 14 67
00 000 0 00 60 00 1 15 60
00 000 0 12 70 11 1 15 70
00 000 0 04 78 15 1 15 78
00 000 0 08 47 13 1 15 47
00 000 0 13 42 04 1 15 42
00 000 0 10 68 08 1 15 68
00 000 0 03 71 03 1 15 71
00 000 0 17 52 02 1 15 52
00 000 0 05 77 06 1 15 77
00 000 0 16 58 14 1 15 58
00 000 0 11 27 10 1 15 27
00 000 0 01 22 12 1 15 22
00 000 0 06 33 01 1 15 33
00 000 0 07 63 07 1 15 63
00 000 0 02 44 09 1 15 44
00 000 0 15 67 05 1 15 67
00 000 0 05 77 06 1 16 77
00 000 0 16 58 14 1 16 58
00 000 0 01 22 12 1 16 22
00 000 0 08 47 13 0 16 58
00 000 0 17 52 02 1 16 52
00 000 0 13 42 04 1 16 42
00 000 0 07 63 07 1 16 63
00 000 0 04 78 15 1 16 78
00 000 0 15 67 05 1 16 67
00 000 0 02 44 09 1 16 44
00 000 0 10 68 08 1 16 68
00 000 0 03 71 03 1 16 71
00 000 0 09 38 16 1 16 38
00 000 0 11 27 10 1 16 27
00 000 0 00 60 00 1 16 60
00 000 0 06 33 01 1 16 33
00 000 0 12 70 11 1 16 70
00 000 0 06 33 01 1 16 33
00 000 0 11 27 10 1 16 27
00 000 0 15 67 05 1 16 67
00 000 0 09 38 16 1 16 38
00 000 0 07 63 07 1 16 63
00 000 0 17 52 02 1 16 52
00 000 0 02 44 09 1 16 44
00 000 0 13 42 04 1 16 42
00 000 0 10 68 08 1 16 68
00 000 0 08 47 13 1 16 47
00 000 0 12 70 11 1 16 70
00 000 0 03 71 03 1 16 71
00 000 0 00 60 00 1 16 60
00 000 0 16 58 14 1 16 58
00 000 0 04 78 15 1 16 78
00 000 0 01 22 12 1 16 22
00 000 0 05 77 06 1 16 77
00 000 0 10 68 08 1 17 68
00 000 0 09 38 16 1 17 38
00 000 0 12 70 11 1 17 70
00 000 0 15 67 05 1 17 67
00 000 0 05 77 06 1 17 77
00 000 0 04 78 15 1 17 78
00 000 0 01 22 12 1 17 22
00 000 0 02 44 09 1 17 44
00 000 0 11 27 10 1 17 27
00 000 0 06 33 01 1 17 33
00 000 0 14 11 17 1 17 11
00 000 0 16 58 14 1 17 58
00 000 0 00 60 00 1 17 60
00 000 0 03 71 03 1 17 71
00 000 0 07 63 07 1 17 63
00 000 0 17 52 02 1 17 52
00 000 0 13 42 04 1 17 42
00 000 0 08 47 13 1 17 47
00 000 0 01 22 12 1 18 22
00 000 0 12 70 11 1 18 70
00 000 0 16 58 14 1 18 58
00 000 0 07 63 07 1 18 63
00 000 0 05 77 06 1 18 77
00 000 0 08 47 13 1 18 47
00 000 0 13 42 04 1 18 42
00 000 0 04 78 15 1 18 78
00 000 0 17 52 02 1 18 52
00 000 0 10 68 08 1 18 68
00 000 0 15 67 05 1 18 67
00 000 0 06 33 01 1 18 33
00 000 0 11 27 10 1 18 27
00 000 0 02 44 09 1 18 44
00 000 0 00 00 18 0 18 60
00 000 0 03 71 03 1 18 71
00 000 0 09 38 16 1 18 38
00 000 0 14 11 17 1 18 11
00 000 0 00 60 00 0 18 00
00 000 0 14 11 17 1 18 11
00 000 0 05 77 06 1 18 77
00 000 0 15 67 05 1 18 67
00 000 0 03 71 03 1 18 71
00 000 0 00 00 18 0 18 60
00 000 0 07 63 07 1 18 63
00 000 0 13 42 04 1 18 42
00 000 0 16 58 14 1 18 58
00 000 0 01 22 12 1 18 22
00 000 0 17 52 02 1 18 52
00 000 0 08 47 13 1 18 47
00 000 0 00 60 00 1 18 60
00 000 0 09 38 16 1 18 38
00 000 0 11 27 10 1 18 27
00 000 0 02 44 09 1 18 44
00 000 0 12 70 11 1 18 70
00 000 0 06 33 01 1 18 33
00 000 0 04 78 15 1 18 78
00 000 0 10 68 08 1 18 68
00 000 0 05 77 06 1 18 77
00 000 0 06 33 01 1 18 33
00 000 0 11 27 10 1 18 27
00 000 0 01 22 12 1 18 22
00 000 0 08 47 13 1 18 47
00 000 0 02 44 09 1 18 44
00 000 0 16 58 14 1 18 58
00 000 0 12 70 11 1 18 70
00 000 0 03 71 03 1 18 71
00 000 0 09 38 16 1 18 38
00 000 0 15 67 05 1 18 67
00 000 0 13 42 04 1 18 42
00 000 0 17 52 02 1 18 52
00 000 0 00 60 00 0 18 00
00 000 0 10 68 08 1 18 68
00 000 0 14 11 17 1 18 11
00 000 0 00 00 18 0 18 60
00 000 0 07 63 07 1 18 63
00 000 0 04 78 15 1 18 78
00 000 0 03 71 03 1 18 71
00 000 0 16 58 14 1 18 58
00 000 0 09 38 16 1 18 38
00 000 0 17 52 02 1 18 52
00 000 0 07 63 07 1 18 63
00 000 0 01 22 12 1 18 22
00 000 0 12 70 11 1 18 70
00 000 0 05 77 06 1 18 77
00 000 0 14 11 17 1 18 11
00 000 0 00 60 00 1 18 60
00 000 0 04 78 15 1 18 78
00 000 0 06 33 01 1 18 33
00 000 0 11 27 10 1 18 27
00 000 0 10 68 08 1 18 68
00 000 0 15 67 05 1 18 67
00 000 0 02 44 09 1 18 44
00 000 0 13 42 04 1 18 42
00 000 0 08 47 13 1 18 47
00 000 0 00 00 18 0 18 60
00 000 0 08 47 13 1 18 47
00 000 0 11 27 10 1 18 27
00 000 0 16 58 14 1 18 58
00 000 0 03 71 03 1 18 71
00 000 0 05 77 06 1 18 77
00 000 0 12 70 11 1 18 70
00 000 0 00 60 00 1 18 60
00 000 0 15 67 05 1 18 67
00 000 0 09 38 16 1 18 38
00 000 0 13 42 04 1 18 42
00 000 0 17 52 02 1 18 52
00 000 0 07 63 07 1 18 63
00 000 0 10 68 08 1 18 68
00 000 0 00 00 18 0 18 60
00 000 0 01 22 12 1 18 22
00 000 0 02 44 09 1 18 44
00 000 0 14 11 17 1 18 11
00 000 0 06 33 01 1 18 33
00 000 0 04 78 15 1 18 78
00 000 0 11 27 10 1 18 27
00 000 0 00 60 00 1 18 60
00 000 0 02 44 09 1 18 44
00 000 0 09 38 16 1 18 38
00 000 0 07 63 07 1 18 63
00 000 0 16 58 14 1 18 58
00 000 0 03 71 03 1 18 71
00 000 0 08 47 13 1 18 47
00 000 0 01 22 12 1 18 22
00 000 0 10 68 08 1 18 68
00 000 0 06 33 01 1 18 33
00 000 0 14 11 17 1 18 11
00 000 0 00 00 18 0 18 60
00 000 0 15 67 05 1 18 67
00 000 0 04 78 15 1 18 78
00 000 0 13 42 04 1 18 42
00 000 0 12 70 11 1 18 70
00 000 0 17 52 02 1 18 52
00 000 0 05 77 06 1 18 77
00 000 0 14 11 17 1 18 11
00 000 0 09 38 16 1 18 38
00 000 0 06 33 01 1 18 33
00 000 0 13 42 04 1 18 42
00 000 0 17 52 02 1 18 52
00 000 0 04 78 15 1 18 78
00 000 0 12 70 11 1 18 70
00 000 0 01 22 12 1 18 22
00 000 0 15 67 05 1 18 67
00 000 0 03 71 03 1 18 71
00 000 0 08 47 13 1 18 47
00 000 0 11 27 10 1 18 27
00 000 0 00 00 18 0 18 60
00 000 0 07 63 07 1 18 63
00 000 0 05 77 06 1 18 77
00 000 0 00 60 00 1 18 60
00 000 0 16 58 14 1 18 58
00 000 0 10 68 08 1 18 68
00 000 0 02 44 09 1 18 44
00 000 0 03 71 03 1 18 71
00 000 0 06 33 01 1 18 33
00 000 0 02 44 09 1 18 44
00 000 0 07 63 07 1 18 63
00 000 0 08 47 13 1 18 47
00 000 0 14 11 17 1 18 11
00 000 0 09 38 16 1 18 38
00 000 0 04 78 15 1 18 78
00 000 0 01 22 12 1 18 22
00 000 0 10 68 08 1 18 68
00 000 0 00 00 18 0 18 60
00 000 0 13 42 04 1 18 42
00 000 0 15 67 05 1 18 67
00 000 0 00 60 00 1 18 60
00 000 0 12 70 11 1 18 70
00 000 0 11 27 10 1 18 27
00 000 0 05 77 06 1 18 77
00 000 0 16 58 14 1 18 58
00 000 0 17 52 02 1 18 52
00 000 0 02 44 09 1 18 44
00 000 0 10 68 08 1 18 68
00 000 0 00 00 18 0 18 60
00 000 0 12 70 11 1 18 70
00 000 0 03 71 03 1 18 71
00 000 0 13 42 04 1 18 42
00 000 0 06 33 01 1 18 33
00 000 0 00 60 00 1 18 60
00 000 0 08 47 13 0 18 58
00 000 0 14 11 17 1 18 11
00 000 0 04 78 15 1 18 78
00 000 0 09 38 16 1 18 38
00 000 0 07 63 07 1 18 63
00 000 0 15 67 05 1 18 67
00 000 0 11 27 10 1 18 27
00 000 0 05 77 06 1 18 77
00 000 0 01 22 12 1 18 22
00 000 0 16 58 14 1 18 58
00 000 0 17 52 02 1 18 52
00 000 0 03 71 03 1 18 71
00 000 0 13 42 04 1 18 42
00 000 0 14 11 17 1 18 11
00 000 0 10 68 08 1 18 68
00 000 0 08 47 13 1 18 47
00 000 0 00 60 00 1 18 60
00 000 0 05 77 06 1 18 77
00 000 0 16 58 14 1 18 58
00 000 0 00 00 18 0 18 60
00 000 0 09 38 16 1 18 38
00 000 0 02 44 09 1 18 44
00 000 0 07 63 07 1 18 63
00 000 0 06 33 01 1 18 33
00 000 0 15 67 05 1 18 67
00 000 0 04 78 15 1 18 78
00 000 0 11 27 10 1 18 27
00 000 0 01 22 12 1 18 22
00 000 0 12 70 11 1 18 70
00 000 0 17 52 02 1 18 52
00 000 0 09 38 16 1 18 38
00 000 0 13 42 04 1 18 42
00 000 0 10 68 08 1 18 68
00 000 0 12 70 11 1 18 70
00 000 0 03 71 03 1 18 71
00 000 0 00 60 00 1 18 60
00 000 0 08 47 13 1 18 47
00 000 0 05 77 06 1 18 77
00 000 0 11 27 10 1 18 27
00 000 0 04 78 15 1 18 78
00 000 0 07 63 07 1 18 63
00 000 0 06 33 01 1 18 33
00 000 0 17 52 02 1 18 52
00 000 0 00 00 18 0 18 60
00 000 0 01 22 12 1 18 22
00 000 0 15 67 05 1 18 67
00 000 0 14 11 17 1 18 11
00 000 0 16 58 14 1 18 58
00 000 0 02 44 09 1 18 44
00 000 0 15 67 05 1 18 67
00 000 0 14 11 17 1 18 11
00 000 0 00 00 18 0 18 60
00 000 0 02 44 09 1 18 44
00 000 0 03 71 03 1 18 71
00 000 0 16 58 14 1 18 58
00 000 0 13 42 04 1 18 42
00 000 0 09 38 16 1 18 38
00 000 0 06 33 01 1 18 33
00 000 0 08 47 13 1 18 47
00 000 0 17 52 02 1 18 52
00 000 0 07 63 07 1 18 63
00 000 0 11 27 10 1 18 27
00 000 0 05 77 06 1 18 77
00 000 0 01 22 12 1 18 22
00 000 0 00 60 00 1 18 60
00 000 0 12 70 11 1 18 70
00 000 0 04 78 15 1 18 78
00 000 0 10 68 08 1 18 68
00 000 0 12 70 11 1 18 70
00 000 0 10 68 08 1 18 68
00 000 0 13 42 04 1 18 42
00 000 0 06 33 01 1 18 33
00 000 0 14 11 17 1 18 11
00 000 0 00 60 00 1 18 60
00 000 0 11 27 10 1 18 27
00 000 0 17 52 02 1 18 52
00 000 0 04 78 15 1 18 78
00 000 0 02 44 09 1 18 44
00 000 0 15 67 05 1 18 67
00 000 0 05 77 06 1 18 77
00 000 0 08 47 13 1 18 47
00 000 0 03 71 03 1 18 71
00 000 0 07 63 07 1 18 63
00 000 0 16 58 14 1 18 58
00 000 0 00 00 18 0 18 60
00 000 0 09 38 16 1 18 38
00 000 0 01 22 12 1 18 22
00 000 0 01 22 12 1 18 22
00 000 0 03 71 03 1 18 71
00 000 0 00 60 00 1 18 60
00 000 0 02 44 09 1 18 44
00 000 0 13 42 04 1 18 42
00 000 0 00 00 18 0 18 60
00 000 0 12 70 11 1 18 70
00 000 0 17 52 02 1 18 52
00 000 0 09 38 16 1 18 38
00 000 0 14 11 17 1 18 11
00 000 0 11 27 10 1 18 27
00 000 0 06 33 01 1 18 33
00 000 0 08 47 13 1 18 47
00 000 0 10 68 08 1 18 68
00 000 0 07 63 07 1 18 63
00 000 0 16 58 14 1 18 58
00 000 0 05 77 06 1 18 77
00 000 0 04 78 15 1 18 78
00 000 0 15 67 05 1 18 67
00 000 0 05 77 06 1 18 77
00 000 0 12 70 11 1 18 70
00 000 0 17 52 02 1 18 52
00 000 0 06 33 01 1 18 33
00 000 0 04 78 15 1 18 78
00 000 0 14 11 17 1 18 11
00 000 0 11 27 10 1 18 27
00 000 0 02 44 09 1 18 44
00 000 0 00 00 18 0 18 60
00 000 0 03 71 03 1 18 71
00 000 0 10 68 08 1 18 68
00 000 0 08 47 13 1 18 47
00 000 0 07 63 07 1 18 63
00 000 0 13 42 04 1 18 42
00 000 0 15 67 05 1 18 67
00 000 0 00 60 00 1 18 60
00 000 0 16 58 14 1 18 58
00 000 0 09 38 16 1 18 38
00 000 0 01 22 12 1 18 22
00 000 0 06 33 01 1 18 33
00 000 0 05 77 06 1 18 77
00 000 0 04 78 15 1 18 78
00 000 0 09 38 16 1 18 38
00 000 0 08 47 13 1 18 47
00 000 0 00 60 00 1 18 60
00 000 0 03 71 03 1 18 71
00 000 0 11 27 10 1 18 27
00 000 0 00 00 18 0 18 60
