12 000 3 06 75 00 1 00 75
12 001 3 03 50 01 1 01 50
12 002 3 06 75 00 1 01 75
12 003 3 03 50 01 1 02 50
12 004 3 05 48 02 1 02 48
12 005 3 06 75 00 1 02 75
12 006 3 00 42 03 1 03 42
12 007 3 06 75 00 1 03 75
12 008 3 05 48 02 1 03 48
12 009 3 03 50 01 1 03 50
12 010 3 00 42 03 0 04 75
12 011 3 05 48 02 1 04 48
12 012 3 06 75 00 1 04 75
12 013 3 03 50 01 1 04 50
12 014 3 12 60 04 1 04 60
12 015 3 05 48 02 1 04 48
12 016 3 12 60 04 1 04 60
12 017 3 00 42 03 1 04 42
12 018 3 06 75 00 1 04 75
12 019 3 03 50 01 1 04 50
12 020 3 03 50 01 1 05 50
12 021 3 12 60 04 1 05 60
12 022 3 05 48 02 1 05 48
12 023 3 06 75 00 1 05 75
12 024 3 00 42 03 1 05 42
12 025 3 09 26 05 1 05 26
12 026 3 05 48 02 1 06 48
12 027 3 09 26 05 1 06 26
12 028 3 16 36 06 1 06 36
12 029 3 03 50 01 1 06 50
12 030 3 12 60 04 1 06 60
12 031 3 06 75 00 1 06 75
12 032 3 00 42 03 1 06 42
12 033 3 09 26 05 0 07 03
12 034 3 16 36 06 1 07 36
12 035 3 03 50 01 1 07 50
12 036 3 05 48 02 1 07 48
12 037 3 00 42 03 1 07 42
12 038 3 06 75 00 1 07 75
12 039 3 12 60 04 1 07 60
12 000 0 00 71 00 1 00 71
12 001 0 03 63 01 1 01 63
12 002 0 00 71 00 1 01 71
12 003 0 10 67 02 1 02 67
12 004 0 00 71 00 1 02 71
12 005 0 03 63 01 1 02 63
12 006 0 10 67 02 1 03 67
12 007 0 00 71 00 1 03 71
12 008 0 03 63 01 1 03 63
12 009 0 06 59 03 1 03 59
12 010 0 10 67 02 0 04 59
12 011 0 06 59 03 1 04 59
12 012 0 03 63 01 1 04 63
12 013 0 00 71 00 1 04 71
12 014 0 05 24 04 0 04 64
12 015 0 03 63 01 1 04 63
12 016 0 10 67 02 0 04 69
12 017 0 06 59 03 1 04 59
12 018 0 00 71 00 1 04 71
12 019 0 05 24 04 1 04 24
12 020 0 03 63 01 1 04 63
12 021 0 10 67 02 1 04 67
12 022 0 06 59 03 1 04 59
12 023 0 00 71 00 1 04 71
12 024 0 05 24 04 1 04 24
12 025 0 05 24 04 1 05 24
12 026 0 10 67 02 1 05 67
12 027 0 15 61 05 1 05 61
12 028 0 03 63 01 1 05 63
12 029 0 06 59 03 1 05 59
12 030 0 00 71 00 1 05 71
12 031 0 15 61 05 1 06 61
12 032 0 06 59 03 1 06 59
12 033 0 05 24 04 1 06 24
12 034 0 10 67 02 1 06 67
12 035 0 03 63 01 1 06 63
12 036 0 12 62 06 1 06 62
12 037 0 00 71 00 1 06 71
12 038 0 06 59 03 1 07 59
12 039 0 12 62 06 0 07 61
12 040 0 05 24 04 1 07 24
12 041 0 15 61 05 1 07 61
12 042 0 03 63 01 1 07 63
12 043 0 04 78 07 0 07 72
12 044 0 00 71 00 1 07 71
12 045 0 10 67 02 1 07 67
12 046 0 15 61 05 1 07 61
12 047 0 00 71 00 1 07 71
12 048 0 05 24 04 1 07 24
12 049 0 03 63 01 1 07 63
12 050 0 06 59 03 1 07 59
12 051 0 10 67 02 1 07 67
12 052 0 04 78 07 1 07 78
12 053 0 12 62 06 1 07 62
12 054 0 10 67 02 1 08 67
12 055 0 00 71 00 1 08 71
12 056 0 14 72 08 1 08 72
12 057 0 03 63 01 1 08 63
12 058 0 15 61 05 0 08 62
12 059 0 04 78 07 1 08 78
12 060 0 06 59 03 1 08 59
12 061 0 05 24 04 1 08 24
12 062 0 12 62 06 1 08 62
12 063 0 15 61 05 1 08 61
12 064 0 12 62 06 1 08 62
12 065 0 00 71 00 1 08 71
12 066 0 05 24 04 1 08 24
12 067 0 10 67 02 1 08 67
12 068 0 04 78 07 1 08 78
12 069 0 14 72 08 1 08 72
12 070 0 06 59 03 1 08 59
12 071 0 03 63 01 1 08 63
12 072 0 10 67 02 1 09 67
12 073 0 15 61 05 1 09 61
12 074 0 03 63 01 1 09 63
12 075 0 12 62 06 1 09 62
12 076 0 14 72 08 1 09 72
12 077 0 04 78 07 1 09 78
12 078 0 05 24 04 1 09 24
12 079 0 07 38 09 1 09 38
12 080 0 00 71 00 1 09 71
12 081 0 06 59 03 1 09 59
12 082 0 12 62 06 1 10 62
12 083 0 05 24 04 1 10 24
12 084 0 03 63 01 1 10 63
12 085 0 15 61 05 1 10 61
12 086 0 14 72 08 1 10 72
12 087 0 01 28 10 1 10 28
12 088 0 07 38 09 0 10 32
12 089 0 06 59 03 1 10 59
12 090 0 00 71 00 1 10 71
12 091 0 10 67 02 1 10 67
12 092 0 04 78 07 1 10 78
12 093 0 00 71 00 1 10 71
12 094 0 01 28 10 1 10 28
12 095 0 05 24 04 1 10 24
12 096 0 10 67 02 1 10 67
12 097 0 03 63 01 1 10 63
12 098 0 15 61 05 1 10 61
12 099 0 12 62 06 1 10 62
12 100 0 14 72 08 0 10 23
12 101 0 06 59 03 1 10 59
12 102 0 07 38 09 1 10 38
12 103 0 04 78 07 1 10 78
12 104 0 06 59 03 1 10 59
12 105 0 10 67 02 1 10 67
12 106 0 03 63 01 1 10 63
12 107 0 05 24 04 1 10 24
12 108 0 15 61 05 1 10 61
12 109 0 04 78 07 1 10 78
12 110 0 07 38 09 1 10 38
12 111 0 14 72 08 1 10 72
12 112 0 01 28 10 1 10 28
12 113 0 12 62 06 1 10 62
12 114 0 00 71 00 1 10 71
12 115 0 15 61 05 1 11 61
12 116 0 14 72 08 1 11 72
12 117 0 04 78 07 1 11 78
12 118 0 10 67 02 1 11 67
12 119 0 12 62 06 1 11 62
12 120 1 12 56 00 1 00 56
12 121 1 12 56 00 1 01 56
12 122 1 05 30 01 1 01 30
12 123 1 03 70 02 1 02 70
12 124 1 05 30 01 1 02 30
12 125 1 12 56 00 1 02 56
12 126 1 05 30 01 1 03 30
12 127 1 02 68 03 1 03 68
12 128 1 12 56 00 1 03 56
12 129 1 03 70 02 0 03 32
12 130 1 12 56 00 1 03 56
12 131 1 02 68 03 1 03 68
12 132 1 03 70 02 1 03 70
12 133 1 05 30 01 0 03 32
12 134 1 05 30 01 1 03 30
12 135 1 02 68 03 1 03 68
12 136 1 03 70 02 1 03 70
12 137 1 12 56 00 1 03 56
12 138 1 03 70 02 1 04 70
12 139 1 02 68 03 1 04 68
12 140 1 05 30 01 1 04 30
12 141 1 12 56 00 1 04 56
12 142 1 04 37 04 1 04 37
12 143 1 04 37 04 0 05 38
12 144 1 12 56 00 1 05 56
12 145 1 03 70 02 1 05 70
12 146 1 14 12 05 1 05 12
12 147 1 05 30 01 1 05 30
12 148 1 02 68 03 1 05 68
12 149 1 03 70 02 1 05 70
12 150 1 02 68 03 1 05 68
12 151 1 12 56 00 1 05 56
12 152 1 04 37 04 0 05 12
12 153 1 14 12 05 1 05 12
12 154 1 05 30 01 1 05 30
12 155 1 14 12 05 1 05 12
12 156 1 03 70 02 1 05 70
12 157 1 12 56 00 1 05 56
12 158 1 02 68 03 1 05 68
12 159 1 05 30 01 1 05 30
12 160 1 04 37 04 1 05 37
12 161 1 02 68 03 1 06 68
12 162 1 04 37 04 1 06 37
12 163 1 14 12 05 1 06 12
12 164 1 16 29 06 1 06 29
12 165 1 03 70 02 1 06 70
12 166 1 05 30 01 1 06 30
12 167 1 12 56 00 1 06 56
12 168 1 14 12 05 1 07 12
12 169 1 05 30 01 1 07 30
12 170 1 04 37 04 1 07 37
12 171 1 13 18 07 1 07 18
12 172 1 16 29 06 1 07 29
12 173 1 02 68 03 1 07 68
12 174 1 03 70 02 1 07 70
12 175 1 12 56 00 1 07 56
12 176 1 06 25 08 1 08 25
12 177 1 03 70 02 1 08 70
12 178 1 13 18 07 1 08 18
12 179 1 04 37 04 1 08 37
12 180 1 16 29 06 1 08 29
12 181 1 02 68 03 1 08 68
12 182 1 14 12 05 1 08 12
12 183 1 12 56 00 1 08 56
12 184 1 05 30 01 1 08 30
12 185 1 04 37 04 1 09 37
12 186 1 13 18 07 1 09 18
12 187 1 06 25 08 1 09 25
12 188 1 02 68 03 0 09 30
12 189 1 07 74 09 1 09 74
12 190 1 16 29 06 1 09 29
12 191 1 05 30 01 1 09 30
12 192 1 03 70 02 1 09 70
12 193 1 12 56 00 1 09 56
12 194 1 14 12 05 1 09 12
12 195 1 06 25 08 0 09 23
12 196 1 03 70 02 1 09 70
12 197 1 12 56 00 1 09 56
12 198 1 05 30 01 0 09 68
12 199 1 13 18 07 1 09 18
12 200 1 07 74 09 1 09 74
12 201 1 16 29 06 1 09 29
12 202 1 02 68 03 1 09 68
12 203 1 04 37 04 1 09 37
12 204 1 14 12 05 1 09 12
12 205 1 02 68 03 0 09 30
12 206 1 07 74 09 1 09 74
12 207 1 13 18 07 1 09 18
12 208 1 12 56 00 1 09 56
12 209 1 04 37 04 1 09 37
12 210 1 14 12 05 1 09 12
12 211 1 16 29 06 1 09 29
12 212 1 03 70 02 1 09 70
12 213 1 06 25 08 1 09 25
12 214 1 05 30 01 1 09 30
12 215 1 12 56 00 1 09 56
12 216 1 03 70 02 1 09 70
12 217 1 06 25 08 1 09 25
12 218 1 16 29 06 1 09 29
12 219 1 05 30 01 0 09 68
12 220 1 04 37 04 1 09 37
12 221 1 02 68 03 1 09 68
12 222 1 13 18 07 1 09 18
12 223 1 07 74 09 1 09 74
12 224 1 14 12 05 1 09 12
12 225 1 14 12 05 1 09 12
12 226 1 12 56 00 1 09 56
12 227 1 16 29 06 1 09 29
12 228 1 02 68 03 1 09 68
12 229 1 05 30 01 1 09 30
12 230 1 06 25 08 1 09 25
12 231 1 13 18 07 1 09 18
12 232 1 07 74 09 1 09 74
12 233 1 03 70 02 1 09 70
12 234 1 04 37 04 1 09 37
12 235 1 15 55 10 1 10 55
12 236 1 04 37 04 1 10 37
12 237 1 13 18 07 1 10 18
12 238 1 16 29 06 1 10 29
12 239 1 07 74 09 1 10 74
12 240 2 09 77 00 1 00 77
12 241 2 15 46 01 1 01 46
12 242 2 09 77 00 1 01 77
12 243 2 08 23 02 1 02 23
12 244 2 15 46 01 1 02 46
12 245 2 09 77 00 1 02 77
12 246 2 02 14 03 1 03 14
12 247 2 15 46 01 1 03 46
12 248 2 08 23 02 0 03 77
12 249 2 09 77 00 1 03 77
12 250 2 09 77 00 1 03 77
12 251 2 08 23 02 1 03 23
12 252 2 15 46 01 1 03 46
12 253 2 02 14 03 1 03 14
12 254 2 15 46 01 1 04 46
12 255 2 13 53 04 1 04 53
12 256 2 02 14 03 1 04 14
12 257 2 09 77 00 1 04 77
12 258 2 08 23 02 1 04 23
12 259 2 09 77 00 0 05 23
12 260 2 13 53 04 0 05 41
12 261 2 15 46 01 1 05 46
12 262 2 02 14 03 1 05 14
12 263 2 16 41 05 1 05 41
12 264 2 08 23 02 1 05 23
12 265 2 16 41 05 0 05 53
12 266 2 09 77 00 1 05 77
12 267 2 02 14 03 1 05 14
12 268 2 13 53 04 1 05 53
12 269 2 08 23 02 1 05 23
12 270 2 15 46 01 1 05 46
12 271 2 08 23 02 0 05 77
12 272 2 15 46 01 1 05 46
12 273 2 09 77 00 1 05 77
12 274 2 16 41 05 1 05 41
12 275 2 02 14 03 1 05 14
12 276 2 13 53 04 1 05 53
12 277 2 15 46 01 0 05 41
12 278 2 13 53 04 0 05 41
12 279 2 09 77 00 0 05 00
12 280 2 16 41 05 0 05 46
12 281 2 08 23 02 1 05 23
12 282 2 02 14 03 1 05 14
12 283 2 09 77 00 1 05 77
12 284 2 15 46 01 0 05 41
12 285 2 16 41 05 0 05 46
12 286 2 08 23 02 0 05 77
12 287 2 13 53 04 1 05 53
12 288 2 02 14 03 1 05 14
12 289 2 09 77 00 1 05 77
12 290 2 02 14 03 1 05 14
12 291 2 16 41 05 1 05 41
12 292 2 13 53 04 1 05 53
12 293 2 15 46 01 1 05 46
12 294 2 08 23 02 0 05 77
12 295 2 15 46 01 1 05 46
12 296 2 02 14 03 1 05 14
12 297 2 16 41 05 0 05 46
12 298 2 13 53 04 1 05 53
12 299 2 09 77 00 1 05 77
12 300 2 08 23 02 1 05 23
12 301 2 08 23 02 1 05 23
12 302 2 15 46 01 0 05 41
12 303 2 09 77 00 1 05 77
12 304 2 13 53 04 1 05 53
12 305 2 02 14 03 1 05 14
12 306 2 16 41 05 0 05 46
12 307 2 15 46 01 1 05 46
12 308 2 13 53 04 1 05 53
12 309 2 08 23 02 0 05 77
12 310 2 02 14 03 1 05 14
12 311 2 16 41 05 0 05 46
12 312 2 09 77 00 1 05 77
12 313 2 16 41 05 0 05 46
12 314 2 09 77 00 1 05 77
12 315 2 02 14 03 1 05 14
12 316 2 08 23 02 1 05 23
12 317 2 15 46 01 0 05 53
12 318 2 13 53 04 1 05 53
12 319 2 13 53 04 1 05 53
12 320 2 09 77 00 1 05 77
12 321 2 02 14 03 1 05 14
12 322 2 15 46 01 1 05 46
12 323 2 08 23 02 0 05 77
12 324 2 16 41 05 0 05 46
12 325 2 02 14 03 1 05 14
12 326 2 15 46 01 0 05 41
12 327 2 16 41 05 1 05 41
12 328 2 08 23 02 0 05 77
12 329 2 09 77 00 1 05 77
12 330 2 13 53 04 1 05 53
12 331 2 16 41 05 1 05 41
12 332 2 08 23 02 0 05 77
12 333 2 02 14 03 1 05 14
12 334 2 09 77 00 1 05 77
12 335 2 15 46 01 1 05 46
12 336 2 13 53 04 1 05 53
12 337 2 02 14 03 1 05 14
12 338 2 08 23 02 1 05 23
12 339 2 16 41 05 0 05 46
12 340 2 09 77 00 1 05 77
12 341 2 13 53 04 1 05 53
12 342 2 15 46 01 1 05 46
12 343 2 08 23 02 0 05 77
12 344 2 02 14 03 1 05 14
12 345 2 16 41 05 0 05 46
12 346 2 09 77 00 1 05 77
12 347 2 13 53 04 1 05 53
12 348 2 15 46 01 1 05 46
12 349 2 16 41 05 1 05 41
12 350 2 09 77 00 1 05 77
12 351 2 13 53 04 1 05 53
12 352 2 15 46 01 1 05 46
12 353 2 02 14 03 1 05 14
12 354 2 08 23 02 0 05 77
12 355 2 08 23 02 1 05 23
12 356 2 13 53 04 1 05 53
12 357 2 16 41 05 1 05 41
12 358 2 09 77 00 1 05 77
12 359 2 02 14 03 1 05 14
12 360 0 15 61 05 1 00 61
12 361 0 14 72 08 1 01 72
12 362 0 15 61 05 1 01 61
12 363 0 14 72 08 1 02 72
12 364 0 15 61 05 1 02 61
12 365 0 04 78 07 1 02 78
12 366 0 04 78 07 1 03 78
12 367 0 10 67 02 0 03 96
12 368 0 15 61 05 1 03 61
12 369 0 14 72 08 1 03 72
12 370 0 14 72 08 1 03 72
12 371 0 10 67 02 1 03 67
12 372 0 04 78 07 1 03 78
12 373 0 15 61 05 1 03 61
12 374 0 14 72 08 1 04 72
12 375 0 12 62 06 1 04 62
12 376 0 10 67 02 1 04 67
12 377 0 04 78 07 1 04 78
12 378 0 15 61 05 1 04 61
12 379 0 15 61 05 1 05 61
12 380 0 14 72 08 1 05 72
12 381 0 10 67 02 1 05 67
12 382 0 04 78 07 1 05 78
12 383 0 00 71 00 1 05 71
12 384 0 12 62 06 1 05 62
12 385 0 10 67 02 1 06 67
12 386 0 04 78 07 1 06 78
12 387 0 00 71 00 1 06 71
12 388 0 15 61 05 1 06 61
12 389 0 06 59 03 1 06 59
12 390 0 12 62 06 1 06 62
12 391 0 14 72 08 1 06 72
12 392 0 15 61 05 1 07 61
12 393 0 10 67 02 1 07 67
12 394 0 12 62 06 1 07 62
12 395 0 04 78 07 1 07 78
12 396 0 17 32 11 1 07 32
12 397 0 00 71 00 1 07 71
12 398 0 14 72 08 1 07 72
12 399 0 06 59 03 1 07 59
12 400 0 12 62 06 1 08 62
12 401 0 10 67 02 0 08 56
12 402 0 06 59 03 1 08 59
12 403 0 04 78 07 1 08 78
12 404 0 00 71 00 1 08 71
12 405 0 05 24 04 1 08 24
12 406 0 15 61 05 1 08 61
12 407 0 17 32 11 1 08 32
12 408 0 14 72 08 1 08 72
12 409 0 06 59 03 1 08 59
12 410 0 14 72 08 1 08 72
12 411 0 05 24 04 1 08 24
12 412 0 17 32 11 1 08 32
12 413 0 15 61 05 1 08 61
12 414 0 10 67 02 1 08 67
12 415 0 00 71 00 1 08 71
12 416 0 12 62 06 1 08 62
12 417 0 04 78 07 1 08 78
12 418 0 05 24 04 1 09 24
12 419 0 00 71 00 1 09 71
12 420 0 17 32 11 1 09 32
12 421 0 01 28 10 1 09 28
12 422 0 06 59 03 1 09 59
12 423 0 12 62 06 1 09 62
12 424 0 15 61 05 1 09 61
12 425 0 10 67 02 1 09 67
12 426 0 14 72 08 1 09 72
12 427 0 04 78 07 1 09 78
12 428 0 12 62 06 1 10 62
12 429 0 10 67 02 1 10 67
12 430 0 01 28 10 1 10 28
12 431 0 03 63 01 1 10 63
12 432 0 00 71 00 1 10 71
12 433 0 06 59 03 1 10 59
12 434 0 14 72 08 1 10 72
12 435 0 04 78 07 1 10 78
12 436 0 17 32 11 1 10 32
12 437 0 05 24 04 1 10 24
12 438 0 15 61 05 0 10 06
12 439 0 01 28 10 1 10 28
12 440 0 10 67 02 1 10 67
12 441 0 15 61 05 1 10 61
12 442 0 03 63 01 1 10 63
12 443 0 04 78 07 1 10 78
12 444 0 05 24 04 1 10 24
12 445 0 00 71 00 1 10 71
12 446 0 06 59 03 1 10 59
12 447 0 12 62 06 1 10 62
12 448 0 14 72 08 0 10 70
12 449 0 17 32 11 1 10 32
12 450 0 10 67 02 1 10 67
12 451 0 12 62 06 1 10 62
12 452 0 00 71 00 1 10 71
12 453 0 14 72 08 1 10 72
12 454 0 04 78 07 1 10 78
12 455 0 17 32 11 1 10 32
12 456 0 03 63 01 1 10 63
12 457 0 06 59 03 1 10 59
12 458 0 15 61 05 1 10 61
12 459 0 05 24 04 1 10 24
12 460 0 01 28 10 1 10 28
12 461 0 14 72 08 1 11 72
12 462 0 01 28 10 1 11 28
12 463 0 12 62 06 1 11 62
12 464 0 04 78 07 1 11 78
12 465 0 17 32 11 1 11 32
12 466 0 05 24 04 1 11 24
12 467 0 06 59 03 1 11 59
12 468 0 10 67 02 1 11 67
12 469 0 07 38 09 1 11 38
12 470 0 03 63 01 1 11 63
12 471 0 15 61 05 1 11 61
12 472 0 00 71 00 1 11 71
12 473 0 10 67 02 1 12 67
12 474 0 12 62 06 1 12 62
12 475 0 03 63 01 1 12 63
12 476 0 00 71 00 1 12 71
12 477 0 05 24 04 1 12 24
12 478 0 01 28 10 1 12 28
12 479 0 17 32 11 1 12 32
