20 000 0 17 51 00 1 00 51
20 001 1 13 44 00 1 00 44
20 002 0 02 63 01 1 01 63
20 003 1 13 44 00 1 01 44
20 004 0 17 51 00 1 01 51
20 005 1 10 29 01 1 01 29
20 006 0 04 32 02 0 02 44
20 007 1 10 29 01 0 02 63
20 008 0 02 63 01 1 02 63
20 009 1 13 44 00 1 02 44
20 010 0 17 51 00 0 02 63
20 011 1 17 21 02 1 02 21
20 012 0 02 63 01 1 02 63
20 013 1 10 29 01 1 02 29
20 014 0 17 51 00 1 02 51
20 015 1 17 21 02 1 02 21
20 016 0 04 32 02 0 02 63
20 017 1 13 44 00 1 02 44
20 018 0 17 51 00 0 02 63
20 019 1 13 44 00 1 03 44
20 020 0 02 63 01 0 02 29
20 021 1 10 29 01 0 03 32
20 022 0 04 32 02 0 02 62
20 023 1 17 21 02 1 03 21
20 024 0 04 32 02 1 02 32
20 025 1 11 33 03 1 03 33
20 026 0 02 63 01 1 02 63
20 027 1 11 33 03 1 03 33
20 028 0 17 51 00 1 02 51
20 029 1 13 44 00 1 03 44
20 030 0 02 63 01 1 03 63
20 031 1 17 21 02 1 03 21
20 032 0 06 66 03 0 03 55
20 033 1 10 29 01 0 03 63
20 034 0 04 32 02 0 03 63
20 035 1 17 21 02 1 03 21
20 036 0 17 51 00 0 03 41
20 037 1 13 44 00 1 03 44
20 038 0 06 66 03 0 03 29
20 039 1 11 33 03 1 03 33
20 040 0 17 51 00 1 03 51
20 041 1 10 29 01 0 03 32
20 042 0 04 32 02 0 03 63
20 043 1 11 33 03 1 03 33
20 044 0 02 63 01 0 03 32
20 045 1 10 29 01 1 03 29
20 046 0 04 32 02 0 03 51
20 047 1 17 21 02 1 03 21
20 048 0 02 63 01 0 03 29
20 049 1 13 44 00 1 03 44
20 050 0 06 66 03 1 03 66
20 051 1 16 46 04 1 04 46
20 052 0 17 51 00 1 03 51
20 053 1 10 29 01 1 04 29
20 054 0 02 63 01 0 03 32
20 055 1 13 44 00 1 04 44
20 056 0 06 66 03 1 03 66
20 057 1 17 21 02 1 04 21
20 058 0 17 51 00 1 03 51
20 059 1 11 33 03 1 04 33
20 060 0 04 32 02 0 03 62
20 061 1 17 21 02 1 05 21
20 062 0 17 51 00 1 03 51
20 063 1 13 44 00 1 05 44
20 064 0 02 63 01 1 03 63
20 065 1 16 46 04 1 05 46
20 066 0 06 66 03 1 03 66
20 067 1 08 12 05 1 05 12
20 068 0 04 32 02 1 03 32
20 069 1 11 33 03 1 05 33
20 070 0 04 32 02 0 04 63
20 071 1 10 29 01 0 05 63
20 072 0 17 51 00 1 04 51
20 073 1 13 44 00 1 05 44
20 074 0 05 72 04 1 04 72
20 075 1 10 29 01 0 05 32
20 076 0 02 63 01 0 04 29
20 077 1 08 12 05 1 05 12
20 078 0 06 66 03 1 04 66
20 079 1 11 33 03 1 05 33
20 080 0 06 66 03 1 04 66
20 081 1 17 21 02 1 05 21
20 082 0 17 51 00 1 04 51
20 083 1 16 46 04 1 05 46
20 084 0 05 72 04 1 04 72
20 085 1 11 33 03 1 05 33
20 086 0 04 32 02 0 04 62
20 087 1 16 46 04 1 05 46
20 088 0 02 63 01 0 04 62
20 089 1 10 29 01 1 05 29
20 090 0 02 63 01 1 04 63
20 091 1 17 21 02 1 05 21
20 092 0 05 72 04 1 04 72
20 093 1 13 44 00 1 05 44
20 094 0 17 51 00 1 04 51
20 095 1 08 12 05 1 05 12
20 096 0 04 32 02 0 04 15
20 097 1 10 29 01 1 06 29
20 098 0 06 66 03 1 04 66
20 099 1 08 12 05 1 06 12
20 100 0 02 63 01 1 04 63
20 101 1 13 44 00 1 06 44
20 102 0 17 51 00 1 04 51
20 103 1 07 71 06 1 06 71
20 104 0 04 32 02 1 04 32
20 105 1 11 33 03 1 06 33
20 106 0 05 72 04 0 04 71
20 107 1 17 21 02 1 06 21
20 108 0 06 66 03 1 04 66
20 109 1 16 46 04 1 06 46
20 110 0 04 32 02 1 04 32
20 111 1 10 29 01 0 07 28
20 112 0 02 63 01 1 04 63
20 113 1 11 33 03 1 07 33
20 114 0 06 66 03 1 04 66
20 115 1 17 21 02 1 07 21
20 116 0 17 51 00 1 04 51
20 117 1 08 12 05 1 07 12
20 118 0 05 72 04 1 04 72
20 119 1 16 46 04 1 07 46
20 120 0 11 36 05 1 05 36
20 121 1 07 71 06 1 07 71
20 122 0 05 72 04 1 05 72
20 123 1 13 44 00 1 07 44
20 124 0 17 51 00 1 05 51
20 125 1 05 60 07 1 07 60
20 126 0 06 66 03 1 05 66
20 127 1 11 33 03 1 07 33
20 128 0 04 32 02 0 05 63
20 129 1 16 46 04 1 07 46
20 130 0 02 63 01 1 05 63
20 131 1 08 12 05 1 07 12
20 132 0 04 32 02 0 05 29
20 133 1 17 21 02 1 07 21
20 134 0 11 36 05 1 05 36
20 135 1 05 60 07 1 07 60
20 136 0 05 72 04 0 05 63
20 137 1 07 71 06 1 07 71
20 138 0 06 66 03 1 05 66
20 139 1 10 29 01 0 07 32
20 140 0 02 63 01 1 05 63
20 141 1 13 44 00 1 07 44
20 142 0 17 51 00 1 05 51
20 143 1 17 21 02 1 07 21
20 144 0 11 36 05 1 05 36
20 145 1 10 29 01 0 07 32
20 146 0 04 32 02 0 05 29
20 147 1 16 46 04 1 07 46
20 148 0 17 51 00 1 05 51
20 149 1 05 60 07 1 07 60
20 150 0 05 72 04 1 05 72
20 151 1 08 12 05 1 07 12
20 152 0 06 66 03 1 05 66
20 153 1 13 44 00 1 07 44
20 154 0 02 63 01 1 05 63
20 155 1 11 33 03 0 07 43
20 156 0 11 36 05 1 05 36
20 157 1 07 71 06 1 07 71
20 158 0 05 72 04 1 05 72
20 159 1 11 33 03 1 07 33
20 160 0 06 66 03 1 05 66
20 161 1 17 21 02 1 07 21
20 162 0 02 63 01 1 05 63
20 163 1 16 46 04 1 07 46
20 164 0 17 51 00 1 05 51
20 165 1 07 71 06 1 07 71
20 166 0 04 32 02 0 05 62
20 167 1 08 12 05 1 07 12
20 168 0 06 66 03 1 05 66
20 169 1 10 29 01 1 07 29
20 170 0 04 32 02 0 05 63
20 171 1 13 44 00 1 07 44
20 172 0 05 72 04 1 05 72
20 173 1 05 60 07 1 07 60
20 174 0 02 63 01 1 05 63
20 175 1 05 60 07 1 08 60
20 176 0 11 36 05 1 05 36
20 177 1 17 21 02 1 08 21
20 178 0 17 51 00 1 05 51
20 179 1 13 44 00 1 08 44
20 180 0 06 66 03 1 05 66
20 181 1 11 33 03 1 08 33
20 182 0 05 72 04 1 05 72
20 183 1 10 29 01 0 08 63
20 184 0 17 51 00 1 05 51
20 185 1 08 12 05 1 08 12
20 186 0 11 36 05 1 05 36
20 187 1 07 71 06 1 08 71
20 188 0 04 32 02 1 05 32
20 189 1 12 70 08 0 08 73
20 190 0 02 63 01 1 05 63
20 191 1 16 46 04 1 08 46
20 192 0 05 72 04 1 06 72
20 193 1 13 44 00 1 08 44
20 194 0 06 66 03 1 06 66
20 195 1 05 60 07 1 08 60
20 196 0 12 65 06 1 06 65
20 197 1 16 46 04 1 08 46
20 198 0 02 63 01 1 06 63
20 199 1 11 33 03 1 08 33
20 200 0 04 32 02 1 06 32
20 201 1 07 71 06 1 08 71
20 202 0 11 36 05 1 06 36
20 203 1 17 21 02 1 08 21
20 204 0 17 51 00 1 06 51
20 205 1 12 70 08 1 08 70
20 206 0 13 41 07 1 07 41
20 207 1 10 29 01 0 08 32
20 208 0 06 66 03 1 07 66
20 209 1 08 12 05 1 08 12
20 210 0 02 63 01 1 07 63
20 211 1 13 44 00 1 08 44
20 212 0 05 72 04 1 07 72
20 213 1 05 60 07 1 08 60
20 214 0 12 65 06 1 07 65
20 215 1 16 46 04 1 08 46
20 216 0 17 51 00 1 07 51
20 217 1 17 21 02 1 08 21
20 218 0 11 36 05 1 07 36
20 219 1 10 29 01 1 08 29
20 220 0 04 32 02 0 07 63
20 221 1 07 71 06 1 08 71
20 222 0 04 32 02 0 07 63
20 223 1 12 70 08 1 08 70
20 224 0 05 72 04 1 07 72
20 225 1 11 33 03 1 08 33
20 226 0 11 36 05 1 07 36
20 227 1 08 12 05 1 08 12
20 228 0 17 51 00 1 07 51
20 229 1 07 71 06 1 09 71
20 230 0 12 65 06 1 07 65
20 231 1 12 70 08 1 09 70
20 232 0 13 41 07 0 07 20
20 233 1 16 46 04 1 09 46
20 234 0 02 63 01 1 07 63
20 235 1 05 60 07 0 09 70
20 236 0 06 66 03 1 07 66
20 237 1 11 33 03 1 09 33
20 238 0 13 41 07 1 07 41
20 239 1 13 44 00 1 09 44
20 240 0 04 32 02 0 07 63
20 241 1 08 12 05 1 09 12
20 242 0 12 65 06 1 07 65
20 243 1 10 29 01 1 09 29
20 244 0 06 66 03 1 07 66
20 245 1 01 53 09 0 09 32
20 246 0 02 63 01 1 07 63
20 247 1 17 21 02 1 09 21
20 248 0 17 51 00 1 07 51
20 249 1 01 53 09 0 09 52
20 250 0 11 36 05 1 07 36
20 251 1 08 12 05 1 09 12
20 252 0 05 72 04 1 07 72
20 253 1 17 21 02 1 09 21
20 254 0 13 41 07 1 07 41
20 255 1 13 44 00 1 09 44
20 256 0 17 51 00 1 07 51
20 257 1 07 71 06 1 09 71
20 258 0 12 65 06 1 07 65
20 259 1 05 60 07 1 09 60
20 260 0 02 63 01 1 07 63
20 261 1 12 70 08 0 09 60
20 262 0 05 72 04 1 07 72
20 263 1 11 33 03 1 09 33
20 264 0 04 32 02 0 07 29
20 265 1 10 29 01 1 09 29
20 266 0 06 66 03 1 07 66
20 267 1 16 46 04 1 09 46
20 268 0 11 36 05 1 07 36
20 269 1 12 70 08 0 09 60
20 270 0 05 72 04 1 07 72
20 271 1 13 44 00 1 09 44
20 272 0 06 66 03 1 07 66
20 273 1 10 29 01 0 09 32
20 274 0 11 36 05 1 07 36
20 275 1 16 46 04 1 09 46
20 276 0 02 63 01 1 07 63
20 277 1 07 71 06 1 09 71
20 278 0 12 65 06 1 07 65
20 279 1 01 53 09 1 09 53
20 280 0 04 32 02 0 07 29
20 281 1 05 60 07 1 09 60
20 282 0 17 51 00 1 07 51
20 283 1 11 33 03 1 09 33
20 284 0 13 41 07 1 07 41
20 285 1 17 21 02 1 09 21
20 286 0 12 65 06 1 07 65
20 287 1 08 12 05 1 09 12
20 288 0 04 32 02 1 07 32
20 289 1 12 70 08 1 09 70
20 290 0 17 51 00 1 07 51
20 291 1 05 60 07 1 09 60
20 292 0 05 72 04 1 07 72
20 293 1 13 44 00 1 09 44
20 294 0 11 36 05 1 07 36
20 295 1 01 53 09 1 09 53
20 296 0 06 66 03 1 07 66
20 297 1 16 46 04 1 09 46
20 298 0 02 63 01 1 07 63
20 299 1 17 21 02 0 09 02
20 300 0 13 41 07 1 07 41
20 301 1 07 71 06 1 09 71
20 302 0 13 41 07 1 08 41
20 303 1 11 33 03 1 09 33
20 304 0 05 72 04 1 08 72
20 305 1 10 29 01 0 09 32
20 306 0 17 51 00 1 08 51
20 307 1 08 12 05 1 09 12
20 308 0 00 59 08 0 08 49
20 309 1 11 33 03 1 09 33
20 310 0 11 36 05 1 08 36
20 311 1 10 29 01 0 09 32
20 312 0 12 65 06 1 08 65
20 313 1 01 53 09 1 09 53
20 314 0 04 32 02 1 08 32
20 315 1 07 71 06 1 09 71
20 316 0 02 63 01 0 08 65
20 317 1 12 70 08 1 09 70
20 318 0 06 66 03 1 08 66
20 319 1 13 44 00 1 09 44
20 320 0 02 63 01 1 08 63
20 321 1 08 12 05 1 09 12
20 322 0 04 32 02 1 08 32
20 323 1 17 21 02 1 09 21
20 324 0 06 66 03 1 08 66
20 325 1 05 60 07 0 09 71
20 326 0 11 36 05 1 08 36
20 327 1 16 46 04 1 09 46
20 328 0 17 51 00 1 08 51
20 329 1 10 29 01 1 09 29
20 330 0 05 72 04 0 08 71
20 331 1 07 71 06 1 09 71
20 332 0 13 41 07 1 08 41
20 333 1 17 21 02 1 09 21
20 334 0 00 59 08 1 08 59
20 335 1 08 12 05 1 09 12
20 336 0 12 65 06 1 08 65
20 337 1 13 44 00 1 09 44
20 338 0 17 51 00 1 08 51
20 339 1 01 53 09 1 09 53
20 340 0 00 59 08 1 08 59
20 341 1 12 70 08 1 09 70
20 342 0 13 41 07 1 08 41
20 343 1 11 33 03 1 09 33
20 344 0 06 66 03 1 08 66
20 345 1 05 60 07 1 09 60
20 346 0 02 63 01 1 08 63
20 347 1 16 46 04 1 09 46
20 348 0 05 72 04 1 08 72
20 349 1 17 21 02 1 10 21
20 350 0 12 65 06 1 08 65
20 351 1 08 12 05 1 10 12
20 352 0 04 32 02 0 08 63
20 353 1 05 60 07 0 10 70
20 354 0 11 36 05 1 08 36
20 355 1 04 76 10 0 10 56
20 356 0 11 36 05 1 08 36
20 357 1 11 33 03 1 10 33
20 358 0 17 51 00 1 08 51
20 359 1 10 29 01 0 10 32
20 360 0 12 65 06 0 08 56
20 361 1 13 44 00 1 10 44
20 362 0 05 72 04 1 08 72
20 363 1 12 70 08 1 10 70
20 364 0 13 41 07 1 08 41
20 365 1 16 46 04 1 10 46
20 366 0 06 66 03 1 08 66
20 367 1 01 53 09 1 10 53
20 368 0 02 63 01 1 08 63
20 369 1 07 71 06 1 10 71
20 370 0 04 32 02 0 08 29
20 371 1 16 46 04 1 10 46
20 372 0 00 59 08 1 08 59
20 373 1 07 71 06 1 10 71
20 374 0 12 65 06 1 08 65
20 375 1 08 12 05 1 10 12
20 376 0 05 72 04 1 08 72
20 377 1 13 44 00 1 10 44
20 378 0 02 63 01 1 08 63
20 379 1 05 60 07 1 10 60
20 380 0 17 51 00 1 08 51
20 381 1 10 29 01 1 10 29
20 382 0 06 66 03 1 08 66
20 383 1 04 76 10 1 10 76
20 384 0 11 36 05 1 08 36
20 385 1 12 70 08 1 10 70
20 386 0 04 32 02 0 08 63
20 387 1 01 53 09 1 10 53
20 388 0 13 41 07 1 08 41
20 389 1 11 33 03 1 10 33
20 390 0 00 59 08 1 08 59
20 391 1 17 21 02 1 10 21
20 392 0 17 51 00 1 08 51
20 393 1 11 33 03 1 11 33
20 394 0 05 72 04 1 08 72
20 395 1 13 44 00 1 11 44
20 396 0 13 41 07 1 08 41
20 397 1 03 35 11 0 11 52
20 398 0 04 32 02 1 08 32
20 399 1 01 53 09 1 11 53
