09 000 0 11 20 00 0 00 05
09 001 1 17 76 00 1 00 76
09 002 0 11 20 00 0 00 56
09 003 1 17 76 00 1 01 76
09 004 0 11 20 00 1 00 20
09 005 1 16 65 01 1 01 65
09 006 0 11 20 00 1 01 20
09 007 1 16 65 01 1 02 65
09 008 0 13 64 01 1 01 64
09 009 1 05 25 02 1 02 25
09 010 0 13 64 01 0 02 30
09 011 1 17 76 00 1 02 76
09 012 0 08 30 02 1 02 30
09 013 1 17 76 00 1 03 76
09 014 0 11 20 00 1 02 20
09 015 1 05 25 02 0 03 64
09 016 0 08 30 02 1 02 30
09 017 1 16 65 01 1 03 65
09 018 0 11 20 00 1 02 20
09 019 1 11 44 03 1 03 44
09 020 0 13 64 01 0 02 25
09 021 1 11 44 03 1 03 44
09 022 0 11 20 00 1 02 20
09 023 1 17 76 00 1 03 76
09 024 0 08 30 02 1 02 30
09 025 1 05 25 02 0 03 65
09 026 0 13 64 01 1 02 64
09 027 1 16 65 01 1 03 65
09 028 0 11 20 00 1 03 20
09 029 1 16 65 01 1 03 65
09 030 0 08 30 02 1 03 30
09 031 1 05 25 02 1 03 25
09 032 0 10 17 03 1 03 17
09 033 1 17 76 00 1 03 76
09 034 0 13 64 01 1 03 64
09 035 1 11 44 03 1 03 44
09 036 0 08 30 02 1 04 30
09 037 1 11 44 03 1 04 44
09 038 0 13 64 01 1 04 64
09 039 1 01 66 04 1 04 66
09 040 0 11 20 00 1 04 20
09 041 1 05 25 02 1 04 25
09 042 0 15 12 04 1 04 12
09 043 1 16 65 01 1 04 65
09 044 0 10 17 03 1 04 17
09 045 1 17 76 00 1 04 76
09 046 0 07 32 05 1 05 32
09 047 1 11 44 03 1 05 44
09 048 0 10 17 03 1 05 17
09 049 1 13 16 05 1 05 16
09 050 0 13 64 01 1 05 64
09 051 1 16 65 01 1 05 65
09 052 0 15 12 04 1 05 12
09 053 1 01 66 04 0 05 44
09 054 0 11 20 00 1 05 20
09 055 1 05 25 02 1 05 25
09 056 0 08 30 02 1 05 30
09 057 1 17 76 00 1 05 76
09 058 0 10 17 03 1 06 17
09 059 1 17 76 00 1 05 76
09 060 0 08 30 02 1 06 30
09 061 1 13 16 05 1 05 16
09 062 0 07 32 05 1 06 32
09 063 1 16 65 01 1 05 65
09 064 0 01 79 06 1 06 79
09 065 1 11 44 03 1 05 44
09 066 0 15 12 04 1 06 12
09 067 1 01 66 04 1 05 66
09 068 0 13 64 01 1 06 64
09 069 1 05 25 02 1 05 25
09 070 0 11 20 00 1 06 20
09 071 1 16 65 01 1 06 65
09 072 0 07 32 05 1 07 32
09 073 1 04 51 06 0 06 50
09 074 0 01 79 06 1 07 79
09 075 1 17 76 00 1 06 76
09 076 0 11 20 00 1 07 20
09 077 1 05 25 02 1 06 25
09 078 0 15 12 04 1 07 12
09 079 1 01 66 04 1 06 66
09 080 0 13 64 01 1 07 64
09 081 1 13 16 05 1 06 16
09 082 0 10 17 03 1 07 17
09 083 1 11 44 03 1 06 44
09 084 0 08 30 02 1 07 30
09 085 1 01 66 04 1 06 66
09 086 0 00 50 07 1 07 50
09 087 1 16 65 01 1 06 65
09 088 0 08 30 02 1 08 30
09 089 1 11 44 03 1 06 44
09 090 0 07 32 05 1 08 32
09 091 1 04 51 06 1 06 51
09 092 0 00 50 07 1 08 50
09 093 1 05 25 02 1 06 25
09 094 0 13 64 01 1 08 64
09 095 1 17 76 00 1 06 76
09 096 0 11 20 00 1 08 20
09 097 1 13 16 05 1 06 16
09 098 0 03 69 08 1 08 69
09 099 1 04 51 06 1 07 51
09 100 0 15 12 04 1 08 12
09 101 1 16 65 01 1 07 65
09 102 0 01 79 06 1 08 79
09 103 1 01 66 04 1 07 66
09 104 0 10 17 03 1 08 17
09 105 1 11 44 03 1 07 44
09 106 0 07 32 05 1 09 32
09 107 1 05 25 02 1 07 25
09 108 0 15 12 04 1 09 12
09 109 1 13 16 05 1 07 16
09 110 0 10 17 03 1 09 17
09 111 1 02 31 07 1 07 31
09 112 0 13 64 01 1 09 64
09 113 1 17 76 00 1 07 76
09 114 0 01 79 06 1 09 79
09 115 1 05 25 02 1 08 25
09 116 0 02 19 09 1 09 19
09 117 1 11 44 03 1 08 44
09 118 0 03 69 08 1 09 69
09 119 1 17 76 00 1 08 76
09 120 0 08 30 02 1 09 30
09 121 1 04 51 06 1 08 51
09 122 0 11 20 00 1 09 20
09 123 1 07 52 08 1 08 52
09 124 0 00 50 07 1 09 50
09 125 1 02 31 07 1 08 31
09 126 0 15 12 04 1 10 12
09 127 1 16 65 01 1 08 65
09 128 0 03 69 08 1 10 69
09 129 1 13 16 05 1 08 16
09 130 0 13 64 01 1 10 64
09 131 1 01 66 04 1 08 66
09 132 0 10 17 03 1 10 17
09 133 1 17 76 00 1 09 76
09 134 0 01 79 06 1 10 79
09 135 1 16 65 01 1 09 65
09 136 0 00 50 07 1 10 50
09 137 1 05 25 02 0 09 05
09 138 0 17 15 10 1 10 15
09 139 1 10 53 09 1 09 53
09 140 0 07 32 05 1 10 32
09 141 1 07 52 08 1 09 52
09 142 0 08 30 02 1 10 30
09 143 1 04 51 06 1 09 51
09 144 0 11 20 00 1 10 20
09 145 1 02 31 07 1 09 31
09 146 0 02 19 09 1 10 19
09 147 1 13 16 05 1 09 16
09 148 0 13 64 01 1 11 64
09 149 1 01 66 04 1 09 66
09 150 0 09 47 11 1 11 47
09 151 1 11 44 03 1 09 44
09 152 0 17 15 10 1 11 15
09 153 1 16 65 01 1 09 65
09 154 0 11 20 00 1 11 20
09 155 1 01 66 04 1 09 66
09 156 0 00 50 07 1 11 50
09 157 1 17 76 00 1 09 76
09 158 0 03 69 08 1 11 69
09 159 1 10 53 09 0 09 59
09 160 0 01 79 06 1 11 79
09 161 1 02 31 07 1 09 31
09 162 0 15 12 04 1 11 12
09 163 1 05 25 02 1 09 25
09 164 0 10 17 03 1 11 17
09 165 1 11 44 03 1 09 44
09 166 0 02 19 09 1 11 19
09 167 1 04 51 06 0 09 31
09 168 0 08 30 02 1 11 30
09 169 1 13 16 05 1 09 16
09 170 0 07 32 05 1 11 32
09 171 1 07 52 08 0 09 57
09 172 0 10 17 03 1 12 17
09 173 1 11 44 03 1 09 44
09 174 0 08 30 02 1 12 30
09 175 1 05 25 02 1 09 25
09 176 0 00 50 07 1 12 50
09 177 1 10 53 09 0 09 23
09 178 0 17 15 10 1 12 15
09 179 1 07 52 08 1 09 52
09 180 0 11 20 00 1 12 20
09 181 1 17 76 00 1 09 76
09 182 0 01 79 06 1 12 79
09 183 1 02 31 07 1 09 31
09 184 0 02 19 09 1 12 19
09 185 1 01 66 04 1 09 66
09 186 0 14 57 12 0 12 52
09 187 1 04 51 06 1 09 51
09 188 0 15 12 04 1 12 12
09 189 1 13 16 05 1 09 16
09 190 0 09 47 11 1 12 47
09 191 1 16 65 01 1 09 65
09 192 0 13 64 01 1 12 64
09 193 1 04 51 06 1 09 51
09 194 0 03 69 08 1 12 69
09 195 1 17 76 00 1 09 76
09 196 0 07 32 05 1 12 32
09 197 1 16 65 01 1 09 65
09 198 0 03 69 08 1 12 69
09 199 1 05 25 02 1 09 25
09 200 0 17 15 10 1 12 15
09 201 1 10 53 09 1 09 53
09 202 0 01 79 06 0 12 69
09 203 1 11 44 03 1 09 44
09 204 0 14 57 12 1 12 57
09 205 1 07 52 08 1 09 52
09 206 0 00 50 07 1 12 50
09 207 1 01 66 04 1 09 66
09 208 0 15 12 04 1 12 12
09 209 1 13 16 05 1 09 16
09 210 0 13 64 01 1 12 64
09 211 1 02 31 07 1 09 31
09 212 0 07 32 05 1 12 32
09 213 1 05 25 02 1 10 25
09 214 0 08 30 02 1 12 30
09 215 1 07 52 08 1 10 52
09 216 0 11 20 00 1 12 20
09 217 1 04 51 06 1 10 51
09 218 0 10 17 03 1 12 17
09 219 1 02 31 07 1 10 31
09 220 0 09 47 11 1 12 47
09 221 1 11 44 03 1 10 44
09 222 0 02 19 09 1 12 19
09 223 1 01 66 04 1 10 66
09 224 0 11 20 00 1 12 20
09 225 1 16 65 01 1 10 65
09 226 0 03 69 08 1 12 69
09 227 1 17 76 00 1 10 76
09 228 0 14 57 12 1 12 57
09 229 1 13 16 05 1 10 16
09 230 0 13 64 01 1 12 64
09 231 1 10 53 09 1 10 53
09 232 0 09 47 11 1 12 47
09 233 1 03 61 10 1 10 61
09 234 0 17 15 10 1 12 15
09 235 1 13 16 05 1 11 16
09 236 0 08 30 02 1 12 30
09 237 1 07 52 08 1 11 52
09 238 0 00 50 07 1 12 50
09 239 1 01 66 04 1 11 66
09 240 0 01 79 06 1 12 79
09 241 1 11 44 03 1 11 44
09 242 0 10 17 03 1 12 17
09 243 1 04 51 06 1 11 51
09 244 0 07 32 05 1 12 32
09 245 1 16 65 01 1 11 65
09 246 0 02 19 09 1 12 19
09 247 1 02 31 07 1 11 31
09 248 0 15 12 04 1 12 12
09 249 1 05 25 02 1 11 25
09 250 0 14 57 12 1 13 57
09 251 1 14 77 11 1 11 77
09 252 0 17 15 10 1 13 15
09 253 1 03 61 10 1 11 61
09 254 0 07 32 05 1 13 32
09 255 1 17 76 00 1 11 76
09 256 0 10 17 03 1 13 17
09 257 1 10 53 09 1 11 53
09 258 0 03 69 08 1 13 69
09 259 1 04 51 06 1 12 51
09 260 0 16 35 13 1 13 35
09 261 1 14 77 11 1 12 77
09 262 0 11 20 00 1 13 20
09 263 1 01 66 04 1 12 66
09 264 0 09 47 11 1 13 47
09 265 1 05 25 02 1 12 25
09 266 0 15 12 04 1 13 12
09 267 1 10 53 09 1 12 53
09 268 0 00 50 07 0 13 05
09 269 1 13 16 05 1 12 16
09 270 0 02 19 09 1 13 19
09 271 1 02 31 07 1 12 31
09 272 0 01 79 06 0 13 69
09 273 1 07 52 08 1 12 52
09 274 0 08 30 02 1 13 30
09 275 1 16 65 01 1 12 65
09 276 0 13 64 01 1 13 64
09 277 1 11 44 03 1 12 44
09 278 0 15 12 04 1 13 12
09 279 1 03 61 10 1 12 61
09 280 0 13 64 01 1 13 64
09 281 1 17 76 00 1 12 76
09 282 0 11 20 00 1 13 20
09 283 1 12 67 12 0 12 65
09 284 0 08 30 02 1 13 30
09 285 1 01 66 04 1 12 66
09 286 0 10 17 03 1 13 17
09 287 1 07 52 08 1 12 52
09 288 0 01 79 06 1 13 79
09 289 1 16 65 01 1 12 65
09 290 0 16 35 13 1 13 35
09 291 1 05 25 02 1 12 25
09 292 0 02 19 09 1 13 19
09 293 1 02 31 07 1 12 31
09 294 0 03 69 08 1 13 69
09 295 1 17 76 00 1 12 76
09 296 0 07 32 05 1 13 32
09 297 1 11 44 03 1 12 44
09 298 0 00 50 07 1 13 50
09 299 1 04 51 06 1 12 51
09 300 0 17 15 10 1 13 15
09 301 1 10 53 09 1 12 53
09 302 0 09 47 11 1 13 47
09 303 1 03 61 10 1 12 61
09 304 0 14 57 12 1 13 57
09 305 1 13 16 05 1 12 16
09 306 0 15 12 04 1 14 12
09 307 1 14 77 11 1 12 77
09 308 0 01 79 06 1 14 79
09 309 1 12 67 12 1 12 67
09 310 0 14 57 12 1 14 57
09 311 1 11 44 03 1 13 44
09 312 0 11 20 00 1 14 20
09 313 1 13 16 05 1 13 16
09 314 0 10 17 03 1 14 17
09 315 1 03 61 10 1 13 61
09 316 0 13 64 01 1 14 64
09 317 1 01 66 04 1 13 66
09 318 0 12 43 14 0 14 48
09 319 1 12 67 12 1 13 67
09 320 0 00 50 07 1 14 50
09 321 1 14 77 11 1 13 77
09 322 0 03 69 08 1 14 69
09 323 1 17 76 00 1 13 76
09 324 0 07 32 05 1 14 32
09 325 1 07 52 08 1 13 52
09 326 0 02 19 09 1 14 19
09 327 1 05 25 02 1 13 25
09 328 0 16 35 13 1 14 35
09 329 1 10 53 09 1 13 53
09 330 0 09 47 11 1 14 47
09 331 1 04 51 06 1 13 51
09 332 0 17 15 10 1 14 15
09 333 1 09 24 13 1 13 24
09 334 0 08 30 02 1 14 30
09 335 1 02 31 07 1 13 31
09 336 0 07 32 05 1 14 32
09 337 1 16 65 01 1 13 65
09 338 0 13 64 01 1 14 64
09 339 1 16 65 01 1 14 65
09 340 0 12 43 14 1 14 43
09 341 1 00 38 14 1 14 38
09 342 0 15 12 04 1 14 12
09 343 1 03 61 10 1 14 61
09 344 0 03 69 08 1 14 69
09 345 1 17 76 00 1 14 76
09 346 0 11 20 00 1 14 20
09 347 1 07 52 08 1 14 52
09 348 0 17 15 10 1 14 15
09 349 1 13 16 05 1 14 16
09 350 0 14 57 12 1 14 57
09 351 1 09 24 13 1 14 24
09 352 0 10 17 03 1 14 17
09 353 1 01 66 04 1 14 66
09 354 0 01 79 06 1 14 79
09 355 1 04 51 06 1 14 51
09 356 0 02 19 09 1 14 19
09 357 1 02 31 07 1 14 31
09 358 0 08 30 02 1 14 30
09 359 1 11 44 03 1 14 44
09 360 0 09 47 11 1 14 47
09 361 1 05 25 02 1 14 25
09 362 0 16 35 13 1 14 35
09 363 1 12 67 12 1 14 67
09 364 0 00 50 07 1 14 50
09 365 1 14 77 11 1 14 77
09 366 0 16 35 13 1 15 35
09 367 1 10 53 09 1 14 53
09 368 0 00 50 07 1 15 50
09 369 1 02 31 07 1 15 31
09 370 0 15 12 04 1 15 12
09 371 1 01 66 04 1 15 66
09 372 0 09 47 11 1 15 47
09 373 1 14 77 11 1 15 77
09 374 0 02 19 09 1 15 19
09 375 1 12 67 12 1 15 67
09 376 0 07 32 05 1 15 32
09 377 1 04 51 06 1 15 51
09 378 0 08 30 02 1 15 30
09 379 1 00 38 14 0 15 64
09 380 0 12 43 14 1 15 43
09 381 1 07 52 08 1 15 52
09 382 0 03 69 08 1 15 69
09 383 1 05 25 02 1 15 25
09 384 0 11 20 00 1 15 20
09 385 1 10 53 09 1 15 53
09 386 0 17 15 10 1 15 15
09 387 1 13 16 05 1 15 16
09 388 0 13 64 01 1 15 64
09 389 1 11 44 03 1 15 44
09 390 0 10 17 03 1 15 17
09 391 1 09 24 13 1 15 24
09 392 0 14 57 12 1 15 57
09 393 1 15 33 15 1 15 33
09 394 0 01 79 06 1 15 79
09 395 1 03 61 10 1 15 61
09 396 0 06 71 15 1 15 71
09 397 1 16 65 01 1 15 65
09 398 0 14 57 12 1 16 57
09 399 1 17 76 00 1 15 76
