07 000 0 15 14 00 1 00 14
07 001 1 03 62 00 1 00 62
07 002 0 13 45 01 1 01 45
07 003 1 03 62 00 0 01 45
07 004 0 15 14 00 1 01 14
07 005 1 04 15 01 1 01 15
07 006 0 13 45 01 0 02 15
07 007 1 03 62 00 1 01 62
07 008 0 14 72 02 1 02 72
07 009 1 04 15 01 1 01 15
07 010 0 15 14 00 1 02 14
07 011 1 12 54 02 0 02 67
07 012 0 15 14 00 1 02 14
07 013 1 03 62 00 1 02 62
07 014 0 13 45 01 1 02 45
07 015 1 04 15 01 0 02 52
07 016 0 14 72 02 1 02 72
07 017 1 12 54 02 0 02 52
07 018 0 14 72 02 1 03 72
07 019 1 04 15 01 1 02 15
07 020 0 07 47 03 0 03 57
07 021 1 03 62 00 1 02 62
07 022 0 15 14 00 1 03 14
07 023 1 04 15 01 1 02 15
07 024 0 13 45 01 1 03 45
07 025 1 12 54 02 0 02 52
07 026 0 07 47 03 0 03 57
07 027 1 03 62 00 1 02 62
07 028 0 14 72 02 1 03 72
07 029 1 03 62 00 1 02 62
07 030 0 15 14 00 1 03 14
07 031 1 04 15 01 1 02 15
07 032 0 13 45 01 1 03 45
07 033 1 12 54 02 1 02 54
07 034 0 14 72 02 1 03 72
07 035 1 00 55 03 1 03 55
07 036 0 07 47 03 1 03 47
07 037 1 04 15 01 1 03 15
07 038 0 13 45 01 0 03 15
07 039 1 12 54 02 1 03 54
07 040 0 15 14 00 1 03 14
07 041 1 03 62 00 1 03 62
07 042 0 13 45 01 1 03 45
07 043 1 12 54 02 1 04 54
07 044 0 15 14 00 1 03 14
07 045 1 00 55 03 1 04 55
07 046 0 07 47 03 1 03 47
07 047 1 05 69 04 1 04 69
07 048 0 14 72 02 1 03 72
07 049 1 04 15 01 1 04 15
07 050 0 07 47 03 1 04 47
07 051 1 03 62 00 1 04 62
07 052 0 15 14 00 1 04 14
07 053 1 05 69 04 1 05 69
07 054 0 14 72 02 1 04 72
07 055 1 00 55 03 1 05 55
07 056 0 13 45 01 1 04 45
07 057 1 04 15 01 1 05 15
07 058 0 00 29 04 0 04 25
07 059 1 12 54 02 1 05 54
07 060 0 07 47 03 1 04 47
07 061 1 17 17 05 0 05 67
07 062 0 14 72 02 1 04 72
07 063 1 03 62 00 1 05 62
07 064 0 15 14 00 1 04 14
07 065 1 00 55 03 1 05 55
07 066 0 13 45 01 1 04 45
07 067 1 03 62 00 1 05 62
07 068 0 00 29 04 1 04 29
07 069 1 04 15 01 1 05 15
07 070 0 15 14 00 1 05 14
07 071 1 12 54 02 1 05 54
07 072 0 00 29 04 1 05 29
07 073 1 05 69 04 1 05 69
07 074 0 07 47 03 1 05 47
07 075 1 17 17 05 1 05 17
07 076 0 13 45 01 1 05 45
07 077 1 04 15 01 1 06 15
07 078 0 14 72 02 1 05 72
07 079 1 17 17 05 1 06 17
07 080 0 03 30 05 1 05 30
07 081 1 05 69 04 1 06 69
07 082 0 12 48 06 1 06 48
07 083 1 03 62 00 1 06 62
07 084 0 13 45 01 1 06 45
07 085 1 00 55 03 1 06 55
07 086 0 07 47 03 1 06 47
07 087 1 08 51 06 1 06 51
07 088 0 15 14 00 1 06 14
07 089 1 12 54 02 1 06 54
07 090 0 14 72 02 1 06 72
07 091 1 08 51 06 1 07 51
07 092 0 03 30 05 1 06 30
07 093 1 00 55 03 1 07 55
07 094 0 00 29 04 1 06 29
07 095 1 12 54 02 1 07 54
07 096 0 13 45 01 1 07 45
07 097 1 05 69 04 1 07 69
07 098 0 11 36 07 1 07 36
07 099 1 04 15 01 1 07 15
07 100 0 14 72 02 1 07 72
07 101 1 17 17 05 1 07 17
07 102 0 12 48 06 1 07 48
07 103 1 06 11 07 1 07 11
07 104 0 00 29 04 1 07 29
07 105 1 03 62 00 1 07 62
07 106 0 07 47 03 1 07 47
07 107 1 00 55 03 1 08 55
07 108 0 15 14 00 1 07 14
07 109 1 04 15 01 1 08 15
07 110 0 03 30 05 1 07 30
07 111 1 06 11 07 1 08 11
07 112 0 03 30 05 1 08 30
07 113 1 12 54 02 1 08 54
07 114 0 13 45 01 1 08 45
07 115 1 05 69 04 1 08 69
07 116 0 00 29 04 1 08 29
07 117 1 17 17 05 1 08 17
07 118 0 11 36 07 1 08 36
07 119 1 08 51 06 1 08 51
07 120 0 15 14 00 1 08 14
07 121 1 02 60 08 1 08 60
07 122 0 14 72 02 1 08 72
07 123 1 03 62 00 1 08 62
07 124 0 01 18 08 0 08 29
07 125 1 06 11 07 1 09 11
07 126 0 07 47 03 1 08 47
07 127 1 11 34 09 0 09 38
07 128 0 12 48 06 1 08 48
07 129 1 03 62 00 1 09 62
07 130 0 00 29 04 1 08 29
07 131 1 04 15 01 1 09 15
07 132 0 12 48 06 1 08 48
07 133 1 08 51 06 1 09 51
07 134 0 03 30 05 1 08 30
07 135 1 00 55 03 1 09 55
07 136 0 13 45 01 1 08 45
07 137 1 02 60 08 1 09 60
07 138 0 07 47 03 1 08 47
07 139 1 17 17 05 1 09 17
07 140 0 01 18 08 1 08 18
07 141 1 12 54 02 1 09 54
07 142 0 15 14 00 1 08 14
07 143 1 05 69 04 1 09 69
07 144 0 11 36 07 1 08 36
07 145 1 17 17 05 1 09 17
07 146 0 14 72 02 1 08 72
07 147 1 08 51 06 1 09 51
07 148 0 13 45 01 1 09 45
07 149 1 12 54 02 1 09 54
07 150 0 12 48 06 1 09 48
07 151 1 02 60 08 1 09 60
07 152 0 15 14 00 1 09 14
07 153 1 05 69 04 1 09 69
07 154 0 14 72 02 1 09 72
07 155 1 11 34 09 1 09 34
07 156 0 11 36 07 1 09 36
07 157 1 00 55 03 1 09 55
07 158 0 01 18 08 1 09 18
07 159 1 06 11 07 1 09 11
07 160 0 07 47 03 1 09 47
07 161 1 03 62 00 1 09 62
07 162 0 00 29 04 1 09 29
07 163 1 04 15 01 0 09 34
07 164 0 03 30 05 1 09 30
07 165 1 02 60 08 1 09 60
07 166 0 04 19 09 1 09 19
07 167 1 12 54 02 1 09 54
07 168 0 13 45 01 1 10 45
07 169 1 06 11 07 1 09 11
07 170 0 03 30 05 1 10 30
07 171 1 00 55 03 1 09 55
07 172 0 11 36 07 1 10 36
07 173 1 17 17 05 1 09 17
07 174 0 12 48 06 1 10 48
07 175 1 11 34 09 1 09 34
07 176 0 01 18 08 1 10 18
07 177 1 03 62 00 1 09 62
07 178 0 16 76 10 1 10 76
07 179 1 05 69 04 1 09 69
07 180 0 00 29 04 1 10 29
07 181 1 04 15 01 1 09 15
07 182 0 15 14 00 1 10 14
07 183 1 08 51 06 1 09 51
07 184 0 04 19 09 1 10 19
07 185 1 17 17 05 1 10 17
07 186 0 14 72 02 1 10 72
07 187 1 11 34 09 1 10 34
07 188 0 07 47 03 1 10 47
07 189 1 04 15 01 1 10 15
07 190 0 07 47 03 1 11 47
07 191 1 02 60 08 1 10 60
07 192 0 01 18 08 1 11 18
07 193 1 05 69 04 1 10 69
07 194 0 14 72 02 1 11 72
07 195 1 00 55 03 1 10 55
07 196 0 05 46 11 1 11 46
07 197 1 12 54 02 1 10 54
07 198 0 11 36 07 1 11 36
07 199 1 08 51 06 1 10 51
07 200 0 00 29 04 1 11 29
07 201 1 13 58 10 0 10 48
07 202 0 16 76 10 0 11 46
07 203 1 03 62 00 1 10 62
07 204 0 12 48 06 1 11 48
07 205 1 06 11 07 1 10 11
07 206 0 03 30 05 1 11 30
07 207 1 03 62 00 1 10 62
07 208 0 04 19 09 1 11 19
07 209 1 06 11 07 1 10 11
07 210 0 13 45 01 1 11 45
07 211 1 11 34 09 1 10 34
07 212 0 15 14 00 1 11 14
07 213 1 00 55 03 1 10 55
07 214 0 00 29 04 1 11 29
07 215 1 12 54 02 1 10 54
07 216 0 13 45 01 1 11 45
07 217 1 13 58 10 1 10 58
07 218 0 07 47 03 1 11 47
07 219 1 02 60 08 1 10 60
07 220 0 04 19 09 1 11 19
07 221 1 17 17 05 1 10 17
07 222 0 15 14 00 1 11 14
07 223 1 05 69 04 1 10 69
07 224 0 12 48 06 1 11 48
07 225 1 08 51 06 1 10 51
07 226 0 11 36 07 1 11 36
07 227 1 04 15 01 0 10 34
07 228 0 14 72 02 1 11 72
07 229 1 04 15 01 1 10 15
07 230 0 03 30 05 1 11 30
07 231 1 08 51 06 1 10 51
07 232 0 16 76 10 0 11 48
07 233 1 02 60 08 1 10 60
07 234 0 05 46 11 0 11 58
07 235 1 06 11 07 1 10 11
07 236 0 01 18 08 1 11 18
07 237 1 17 17 05 1 10 17
07 238 0 16 76 10 0 11 72
07 239 1 12 54 02 1 10 54
07 240 0 15 14 00 1 11 14
07 241 1 11 34 09 1 10 34
07 242 0 11 36 07 1 11 36
07 243 1 03 62 00 1 10 62
07 244 0 01 18 08 1 11 18
07 245 1 05 69 04 1 10 69
07 246 0 03 30 05 1 11 30
07 247 1 00 55 03 1 10 55
07 248 0 07 47 03 1 11 47
07 249 1 13 58 10 1 10 58
07 250 0 04 19 09 1 11 19
07 251 1 06 11 07 1 11 11
07 252 0 14 72 02 1 11 72
07 253 1 00 55 03 1 11 55
07 254 0 13 45 01 1 11 45
07 255 1 17 17 05 1 11 17
07 256 0 12 48 06 1 11 48
07 257 1 13 58 10 1 11 58
07 258 0 05 46 11 1 11 46
07 259 1 12 54 02 1 11 54
07 260 0 00 29 04 1 11 29
07 261 1 14 39 11 0 11 19
07 262 0 15 14 00 1 11 14
07 263 1 04 15 01 1 11 15
07 264 0 12 48 06 1 11 48
07 265 1 03 62 00 1 11 62
07 266 0 04 19 09 1 11 19
07 267 1 11 34 09 1 11 34
07 268 0 14 72 02 1 11 72
07 269 1 08 51 06 1 11 51
07 270 0 16 76 10 1 11 76
07 271 1 02 60 08 1 11 60
07 272 0 03 30 05 1 11 30
07 273 1 05 69 04 1 11 69
07 274 0 13 45 01 1 11 45
07 275 1 02 60 08 1 11 60
07 276 0 00 29 04 1 11 29
07 277 1 11 34 09 1 11 34
07 278 0 07 47 03 1 11 47
07 279 1 05 69 04 1 11 69
07 280 0 05 46 11 0 11 45
07 281 1 13 58 10 1 11 58
07 282 0 01 18 08 1 11 18
07 283 1 08 51 06 1 11 51
07 284 0 11 36 07 1 11 36
07 285 1 06 11 07 1 11 11
07 286 0 05 46 11 1 11 46
07 287 1 12 54 02 1 11 54
07 288 0 00 29 04 1 11 29
07 289 1 04 15 01 1 11 15
07 290 0 16 76 10 1 11 76
07 291 1 00 55 03 1 11 55
07 292 0 03 30 05 1 11 30
07 293 1 03 62 00 1 11 62
07 294 0 07 47 03 1 11 47
07 295 1 14 39 11 1 11 39
07 296 0 01 18 08 1 11 18
07 297 1 17 17 05 1 11 17
07 298 0 11 36 07 1 11 36
07 299 1 06 11 07 1 12 11
07 300 0 12 48 06 1 11 48
07 301 1 13 58 10 1 12 58
07 302 0 13 45 01 1 11 45
07 303 1 03 62 00 1 12 62
07 304 0 04 19 09 1 11 19
07 305 1 09 25 12 1 12 25
07 306 0 14 72 02 1 11 72
07 307 1 14 39 11 1 12 39
07 308 0 15 14 00 1 11 14
07 309 1 08 51 06 1 12 51
07 310 0 01 18 08 1 12 18
07 311 1 05 69 04 1 12 69
07 312 0 04 19 09 1 12 19
07 313 1 02 60 08 1 12 60
07 314 0 11 36 07 1 12 36
07 315 1 00 55 03 1 12 55
07 316 0 05 46 11 1 12 46
07 317 1 12 54 02 1 12 54
07 318 0 03 30 05 1 12 30
07 319 1 11 34 09 1 12 34
07 320 0 13 45 01 1 12 45
07 321 1 04 15 01 1 12 15
07 322 0 00 29 04 1 12 29
07 323 1 17 17 05 1 12 17
07 324 0 14 72 02 1 12 72
07 325 1 14 39 11 1 13 39
07 326 0 07 47 03 1 12 47
07 327 1 17 17 05 1 13 17
07 328 0 15 14 00 1 12 14
07 329 1 13 58 10 1 13 58
07 330 0 16 76 10 1 12 76
07 331 1 00 55 03 1 13 55
07 332 0 12 48 06 1 12 48
07 333 1 03 62 00 1 13 62
07 334 0 17 12 12 1 12 12
07 335 1 10 61 13 1 13 61
07 336 0 13 45 01 1 13 45
07 337 1 08 51 06 1 13 51
07 338 0 01 18 08 1 13 18
07 339 1 06 11 07 1 13 11
07 340 0 15 14 00 1 13 14
07 341 1 11 34 09 1 13 34
07 342 0 03 30 05 1 13 30
07 343 1 02 60 08 1 13 60
07 344 0 11 36 07 1 13 36
07 345 1 09 25 12 1 13 25
07 346 0 07 47 03 1 13 47
07 347 1 04 15 01 1 13 15
07 348 0 05 46 11 1 13 46
07 349 1 05 69 04 1 13 69
07 350 0 17 12 12 1 13 12
07 351 1 12 54 02 1 13 54
07 352 0 06 24 13 1 13 24
07 353 1 04 15 01 1 14 15
07 354 0 16 76 10 1 13 76
07 355 1 00 55 03 1 14 55
07 356 0 04 19 09 1 13 19
07 357 1 16 38 14 0 14 25
07 358 0 12 48 06 1 13 48
07 359 1 02 60 08 1 14 60
07 360 0 00 29 04 1 13 29
07 361 1 14 39 11 1 14 39
07 362 0 14 72 02 1 13 72
07 363 1 08 51 06 1 14 51
07 364 0 00 29 04 1 14 29
07 365 1 11 34 09 1 14 34
07 366 0 05 46 11 1 14 46
07 367 1 17 17 05 1 14 17
07 368 0 12 48 06 1 14 48
07 369 1 03 62 00 1 14 62
07 370 0 07 47 03 1 14 47
07 371 1 10 61 13 1 14 61
07 372 0 13 45 01 1 14 45
07 373 1 13 58 10 1 14 58
07 374 0 11 36 07 1 14 36
07 375 1 05 69 04 1 14 69
07 376 0 17 12 12 1 14 12
07 377 1 09 25 12 1 14 25
07 378 0 04 19 09 1 14 19
07 379 1 12 54 02 1 14 54
07 380 0 14 72 02 1 14 72
07 381 1 06 11 07 1 14 11
07 382 0 06 24 13 1 14 24
07 383 1 17 17 05 1 14 17
07 384 0 01 18 08 1 14 18
07 385 1 03 62 00 1 14 62
07 386 0 02 16 14 0 14 19
07 387 1 06 11 07 1 14 11
07 388 0 03 30 05 1 14 30
07 389 1 11 34 09 1 14 34
07 390 0 16 76 10 1 14 76
07 391 1 09 25 12 1 14 25
07 392 0 15 14 00 1 14 14
07 393 1 00 55 03 1 14 55
07 394 0 02 16 14 1 14 16
07 395 1 14 39 11 1 14 39
07 396 0 12 48 06 1 14 48
07 397 1 10 61 13 1 14 61
07 398 0 13 45 01 1 14 45
07 399 1 13 58 10 1 14 58
