04 000 0 03 42 00 1 00 42
04 001 1 09 75 00 1 00 75
04 002 0 03 42 00 1 01 42
04 003 1 10 62 01 1 01 62
04 004 0 08 26 01 1 01 26
04 005 1 09 75 00 1 01 75
04 006 0 08 26 01 1 02 26
04 007 1 10 62 01 1 02 62
04 008 0 03 42 00 1 02 42
04 009 1 06 13 02 1 02 13
04 010 0 09 61 02 1 02 61
04 011 1 09 75 00 1 02 75
04 012 0 07 48 03 1 03 48
04 013 1 10 62 01 1 03 62
04 014 0 08 26 01 1 03 26
04 015 1 16 41 03 1 03 41
04 016 0 03 42 00 1 03 42
04 017 1 06 13 02 1 03 13
04 018 0 09 61 02 1 03 61
04 019 1 09 75 00 1 03 75
04 020 0 17 14 04 1 04 14
04 021 1 10 62 01 1 04 62
04 022 0 07 48 03 1 04 48
04 023 1 07 55 04 1 04 55
04 024 0 09 61 02 1 04 61
04 025 1 06 13 02 1 04 13
04 026 0 08 26 01 1 04 26
04 027 1 16 41 03 1 04 41
04 028 0 03 42 00 1 04 42
04 029 1 09 75 00 1 04 75
04 030 0 03 42 00 1 05 42
04 031 1 17 67 05 1 05 67
04 032 0 08 26 01 1 05 26
04 033 1 10 62 01 1 05 62
04 034 0 07 48 03 1 05 48
04 035 1 06 13 02 1 05 13
04 036 0 04 49 05 0 05 67
04 037 1 09 75 00 1 05 75
04 038 0 09 61 02 1 05 61
04 039 1 07 55 04 1 05 55
04 040 0 17 14 04 1 05 14
04 041 1 16 41 03 0 05 48
04 042 0 08 26 01 0 05 61
04 043 1 06 13 02 1 05 13
04 044 0 09 61 02 1 05 61
04 045 1 10 62 01 1 05 62
04 046 0 07 48 03 1 05 48
04 047 1 07 55 04 1 05 55
04 048 0 03 42 00 1 05 42
04 049 1 16 41 03 1 05 41
04 050 0 17 14 04 1 05 14
04 051 1 09 75 00 1 05 75
04 052 0 04 49 05 1 05 49
04 053 1 17 67 05 1 05 67
04 054 0 03 42 00 1 05 42
04 055 1 09 75 00 1 06 75
04 056 0 09 61 02 1 05 61
04 057 1 16 41 03 0 06 48
04 058 0 04 49 05 1 05 49
04 059 1 06 13 02 0 06 01
04 060 0 07 48 03 1 05 48
04 061 1 10 62 01 1 06 62
04 062 0 17 14 04 1 05 14
04 063 1 05 50 06 1 06 50
04 064 0 08 26 01 0 05 41
04 065 1 07 55 04 1 06 55
04 066 0 17 14 04 0 05 00
04 067 1 17 67 05 1 06 67
04 068 0 04 49 05 1 05 49
04 069 1 07 55 04 1 06 55
04 070 0 07 48 03 0 05 41
04 071 1 16 41 03 1 06 41
04 072 0 08 26 01 0 05 61
04 073 1 17 67 05 1 06 67
04 074 0 03 42 00 1 05 42
04 075 1 06 13 02 1 06 13
04 076 0 09 61 02 0 05 41
04 077 1 10 62 01 1 06 62
04 078 0 17 14 04 1 05 14
04 079 1 09 75 00 1 06 75
04 080 0 03 42 00 1 05 42
04 081 1 05 50 06 1 06 50
04 082 0 07 48 03 1 05 48
04 083 1 17 67 05 1 07 67
04 084 0 08 26 01 0 05 61
04 085 1 16 41 03 1 07 41
04 086 0 09 61 02 0 05 26
04 087 1 12 43 07 1 07 43
04 088 0 04 49 05 1 05 49
04 089 1 06 13 02 1 07 13
04 090 0 17 14 04 1 05 14
04 091 1 10 62 01 1 07 62
04 092 0 08 26 01 1 05 26
04 093 1 05 50 06 1 07 50
04 094 0 04 49 05 1 05 49
04 095 1 09 75 00 1 07 75
04 096 0 09 61 02 1 05 61
04 097 1 07 55 04 1 07 55
04 098 0 07 48 03 1 05 48
04 099 1 07 55 04 1 08 55
04 100 0 03 42 00 1 05 42
04 101 1 13 16 08 1 08 16
04 102 0 08 26 01 0 06 61
04 103 1 09 75 00 1 08 75
04 104 0 07 48 03 1 06 48
04 105 1 10 62 01 1 08 62
04 106 0 03 42 00 1 06 42
04 107 1 05 50 06 1 08 50
04 108 0 09 61 02 1 06 61
04 109 1 16 41 03 1 08 41
04 110 0 04 49 05 1 06 49
04 111 1 06 13 02 1 08 13
04 112 0 17 14 04 1 06 14
04 113 1 12 43 07 1 08 43
04 114 0 15 18 06 1 06 18
04 115 1 17 67 05 1 08 67
04 116 0 03 42 00 1 06 42
04 117 1 06 13 02 1 09 13
04 118 0 17 14 04 1 06 14
04 119 1 17 67 05 1 09 67
04 120 0 08 26 01 1 06 26
04 121 1 04 15 09 1 09 15
04 122 0 09 61 02 0 06 26
04 123 1 16 41 03 1 09 41
04 124 0 15 18 06 1 06 18
04 125 1 13 16 08 1 09 16
04 126 0 07 48 03 0 06 41
04 127 1 07 55 04 1 09 55
04 128 0 04 49 05 1 06 49
04 129 1 12 43 07 0 09 34
04 130 0 07 48 03 0 06 41
04 131 1 10 62 01 1 09 62
04 132 0 03 42 00 1 06 42
04 133 1 05 50 06 1 09 50
04 134 0 08 26 01 1 06 26
04 135 1 09 75 00 1 09 75
04 136 0 17 14 04 1 06 14
04 137 1 12 43 07 1 09 43
04 138 0 15 18 06 1 06 18
04 139 1 16 41 03 1 09 41
04 140 0 04 49 05 1 06 49
04 141 1 07 55 04 1 09 55
04 142 0 09 61 02 0 06 26
04 143 1 17 67 05 1 09 67
04 144 0 03 42 00 1 06 42
04 145 1 13 16 08 1 09 16
04 146 0 07 48 03 1 06 48
04 147 1 10 62 01 1 09 62
04 148 0 17 14 04 1 06 14
04 149 1 04 15 09 1 09 15
04 150 0 09 61 02 0 06 26
04 151 1 05 50 06 1 09 50
04 152 0 08 26 01 1 06 26
04 153 1 09 75 00 1 09 75
04 154 0 04 49 05 1 06 49
04 155 1 06 13 02 1 09 13
04 156 0 15 18 06 1 06 18
04 157 1 04 15 09 1 10 15
04 158 0 07 48 03 1 06 48
04 159 1 16 41 03 1 10 41
04 160 0 09 61 02 0 06 26
04 161 1 09 75 00 1 10 75
04 162 0 08 26 01 1 06 26
04 163 1 05 50 06 1 10 50
04 164 0 17 14 04 1 06 14
04 165 1 13 16 08 1 10 16
04 166 0 03 42 00 1 06 42
04 167 1 12 43 07 1 10 43
04 168 0 15 18 06 1 06 18
04 169 1 07 55 04 1 10 55
04 170 0 04 49 05 1 06 49
04 171 1 06 13 02 0 10 11
04 172 0 09 61 02 0 06 26
04 173 1 17 67 05 1 10 67
04 174 0 15 18 06 1 06 18
04 175 1 01 63 10 1 10 63
04 176 0 03 42 00 1 06 42
04 177 1 10 62 01 0 10 06
04 178 0 17 14 04 1 06 14
04 179 1 07 55 04 1 10 55
04 180 0 07 48 03 1 06 48
04 181 1 04 15 09 1 10 15
04 182 0 08 26 01 1 06 26
04 183 1 10 62 01 1 10 62
04 184 0 04 49 05 0 06 04
04 185 1 12 43 07 1 10 43
04 186 0 09 61 02 1 06 61
04 187 1 16 41 03 1 10 41
04 188 0 07 48 03 1 06 48
04 189 1 17 67 05 1 10 67
04 190 0 08 26 01 1 06 26
04 191 1 13 16 08 1 10 16
04 192 0 03 42 00 1 06 42
04 193 1 01 63 10 1 10 63
04 194 0 15 18 06 1 06 18
04 195 1 05 50 06 1 10 50
04 196 0 17 14 04 1 06 14
04 197 1 06 13 02 1 10 13
04 198 0 04 49 05 1 06 49
04 199 1 09 75 00 1 10 75
04 200 0 17 14 04 1 07 14
04 201 1 12 43 07 1 11 43
04 202 0 09 61 02 1 07 61
04 203 1 16 41 03 1 11 41
04 204 0 15 18 06 1 07 18
04 205 1 13 16 08 1 11 16
04 206 0 16 78 07 0 07 61
04 207 1 09 75 00 1 11 75
04 208 0 03 42 00 1 07 42
04 209 1 10 62 01 1 11 62
04 210 0 04 49 05 1 07 49
04 211 1 01 63 10 1 11 63
04 212 0 08 26 01 1 07 26
04 213 1 17 67 05 1 11 67
04 214 0 07 48 03 1 07 48
04 215 1 07 55 04 1 11 55
04 216 0 03 42 00 1 07 42
04 217 1 14 36 11 1 11 36
04 218 0 09 61 02 1 07 61
04 219 1 06 13 02 1 11 13
04 220 0 16 78 07 1 07 78
04 221 1 04 15 09 1 11 15
04 222 0 08 26 01 1 07 26
04 223 1 05 50 06 1 11 50
04 224 0 15 18 06 1 07 18
04 225 1 04 15 09 0 12 55
04 226 0 07 48 03 1 07 48
04 227 1 16 41 03 1 12 41
04 228 0 17 14 04 1 07 14
04 229 1 05 50 06 1 12 50
04 230 0 04 49 05 1 07 49
04 231 1 17 67 05 1 12 67
04 232 0 09 61 02 1 08 61
04 233 1 10 62 01 1 12 62
04 234 0 08 26 01 1 08 26
04 235 1 09 75 00 1 12 75
04 236 0 17 14 04 1 08 14
04 237 1 01 63 10 1 12 63
04 238 0 16 78 07 1 08 78
04 239 1 07 55 04 1 12 55
04 240 0 07 48 03 1 08 48
04 241 1 13 16 08 1 12 16
04 242 0 15 18 06 1 08 18
04 243 1 14 36 11 1 12 36
04 244 0 03 42 00 1 08 42
04 245 1 06 13 02 1 12 13
04 246 0 02 44 08 1 08 44
04 247 1 12 43 07 1 12 43
04 248 0 04 49 05 1 08 49
04 249 1 11 11 12 1 12 11
04 250 0 11 24 09 1 09 24
04 251 1 01 63 10 1 12 63
04 252 0 09 61 02 1 09 61
04 253 1 13 16 08 1 12 16
04 254 0 08 26 01 1 09 26
04 255 1 16 41 03 1 12 41
04 256 0 16 78 07 1 09 78
04 257 1 06 13 02 1 12 13
04 258 0 17 14 04 1 09 14
04 259 1 11 11 12 1 12 11
04 260 0 07 48 03 1 09 48
04 261 1 14 36 11 1 12 36
04 262 0 03 42 00 1 09 42
04 263 1 09 75 00 1 12 75
04 264 0 15 18 06 1 09 18
04 265 1 04 15 09 1 12 15
04 266 0 02 44 08 1 09 44
04 267 1 12 43 07 1 12 43
04 268 0 04 49 05 1 09 49
04 269 1 17 67 05 1 12 67
04 270 0 04 49 05 1 10 49
04 271 1 05 50 06 1 12 50
04 272 0 02 44 08 1 10 44
04 273 1 10 62 01 1 12 62
04 274 0 14 32 10 1 10 32
04 275 1 07 55 04 1 12 55
04 276 0 07 48 03 1 10 48
04 277 1 13 16 08 1 13 16
04 278 0 16 78 07 1 10 78
04 279 1 14 36 11 1 13 36
04 280 0 08 26 01 1 10 26
04 281 1 12 43 07 1 13 43
04 282 0 09 61 02 1 10 61
04 283 1 07 55 04 1 13 55
04 284 0 15 18 06 1 10 18
04 285 1 09 75 00 1 13 75
04 286 0 03 42 00 1 10 42
04 287 1 01 63 10 1 13 63
04 288 0 17 14 04 1 10 14
04 289 1 02 27 13 1 13 27
04 290 0 11 24 09 1 10 24
04 291 1 17 67 05 1 13 67
04 292 0 07 48 03 1 11 48
04 293 1 04 15 09 1 13 15
04 294 0 15 18 06 1 11 18
04 295 1 06 13 02 1 13 13
04 296 0 08 26 01 1 11 26
04 297 1 10 62 01 1 13 62
04 298 0 17 14 04 1 11 14
04 299 1 16 41 03 1 13 41
04 300 0 09 61 02 1 11 61
04 301 1 11 11 12 1 13 11
04 302 0 12 73 11 1 11 73
04 303 1 05 50 06 1 13 50
04 304 0 04 49 05 1 11 49
04 305 1 05 50 06 1 14 50
04 306 0 03 42 00 1 11 42
04 307 1 13 16 08 1 14 16
04 308 0 16 78 07 1 11 78
04 309 1 10 62 01 1 14 62
04 310 0 11 24 09 1 11 24
04 311 1 02 27 13 1 14 27
04 312 0 14 32 10 1 11 32
04 313 1 04 15 09 1 14 15
04 314 0 02 44 08 1 11 44
04 315 1 09 75 00 1 14 75
04 316 0 04 49 05 1 12 49
04 317 1 06 13 02 1 14 13
04 318 0 09 61 02 1 12 61
04 319 1 17 67 05 1 14 67
04 320 0 07 48 03 1 12 48
04 321 1 07 55 04 1 14 55
04 322 0 02 44 08 1 12 44
04 323 1 01 63 10 1 14 63
04 324 0 11 24 09 0 12 23
04 325 1 08 35 14 1 14 35
04 326 0 10 70 12 1 12 70
04 327 1 11 11 12 1 14 11
04 328 0 03 42 00 1 12 42
04 329 1 16 41 03 1 14 41
04 330 0 15 18 06 1 12 18
04 331 1 14 36 11 1 14 36
04 332 0 17 14 04 1 12 14
04 333 1 12 43 07 1 14 43
04 334 0 12 73 11 1 12 73
04 335 1 01 63 10 1 15 63
04 336 0 08 26 01 1 12 26
04 337 1 05 50 06 1 15 50
04 338 0 14 32 10 1 12 32
04 339 1 13 16 08 1 15 16
04 340 0 16 78 07 1 12 78
04 341 1 02 27 13 1 15 27
04 342 0 17 14 04 1 12 14
04 343 1 14 36 11 1 15 36
04 344 0 03 42 00 1 12 42
04 345 1 08 35 14 1 15 35
04 346 0 10 70 12 1 12 70
04 347 1 04 15 09 0 15 11
04 348 0 16 78 07 1 12 78
04 349 1 11 11 12 1 15 11
04 350 0 09 61 02 1 12 61
04 351 1 17 67 05 1 15 67
04 352 0 08 26 01 1 12 26
04 353 1 06 13 02 1 15 13
04 354 0 11 24 09 1 12 24
04 355 1 07 55 04 1 15 55
04 356 0 04 49 05 1 12 49
04 357 1 00 39 15 1 15 39
04 358 0 14 32 10 1 12 32
04 359 1 10 62 01 1 15 62
04 360 0 15 18 06 1 12 18
04 361 1 09 75 00 1 15 75
04 362 0 07 48 03 1 12 48
04 363 1 12 43 07 1 15 43
04 364 0 02 44 08 1 12 44
04 365 1 16 41 03 0 15 62
04 366 0 12 73 11 1 12 73
04 367 1 09 75 00 1 15 75
04 368 0 00 34 13 1 13 34
04 369 1 10 62 01 1 15 62
04 370 0 10 70 12 1 13 70
04 371 1 08 35 14 1 15 35
04 372 0 07 48 03 1 13 48
04 373 1 12 43 07 1 15 43
04 374 0 04 49 05 1 13 49
04 375 1 11 11 12 1 15 11
04 376 0 15 18 06 0 13 41
04 377 1 07 55 04 1 15 55
04 378 0 09 61 02 1 13 61
04 379 1 04 15 09 1 15 15
04 380 0 16 78 07 1 13 78
04 381 1 05 50 06 1 15 50
04 382 0 17 14 04 1 13 14
04 383 1 14 36 11 1 15 36
04 384 0 14 32 10 1 13 32
04 385 1 16 41 03 1 15 41
04 386 0 08 26 01 1 13 26
04 387 1 06 13 02 1 15 13
04 388 0 03 42 00 1 13 42
04 389 1 01 63 10 1 15 63
04 390 0 11 24 09 1 13 24
04 391 1 02 27 13 1 15 27
04 392 0 02 44 08 1 13 44
04 393 1 13 16 08 1 15 16
04 394 0 12 73 11 1 13 73
04 395 1 00 39 15 1 15 39
04 396 0 16 78 07 1 13 78
04 397 1 17 67 05 1 15 67
04 398 0 10 70 12 1 13 70
04 399 1 07 55 04 1 16 55
