16 000 0 11 40 00 1 00 40
16 001 1 09 50 00 1 00 50
16 002 0 11 40 00 1 01 40
16 003 1 09 50 00 1 01 50
16 004 0 02 49 01 1 01 49
16 005 1 06 71 01 1 01 71
16 006 0 11 40 00 1 02 40
16 007 1 09 50 00 1 02 50
16 008 0 02 49 01 1 02 49
16 009 1 08 33 02 1 02 33
16 010 0 16 63 02 1 02 63
16 011 1 06 71 01 1 02 71
16 012 0 11 40 00 1 03 40
16 013 1 09 50 00 1 03 50
16 014 0 04 12 03 0 03 31
16 015 1 08 33 02 1 03 33
16 016 0 02 49 01 1 03 49
16 017 1 06 71 01 1 03 71
16 018 0 16 63 02 1 03 63
16 019 1 00 31 03 1 03 31
16 020 0 02 49 01 1 03 49
16 021 1 09 50 00 1 04 50
16 022 0 04 12 03 1 03 12
16 023 1 08 33 02 1 04 33
16 024 0 16 63 02 1 03 63
16 025 1 06 71 01 1 04 71
16 026 0 11 40 00 1 03 40
16 027 1 10 13 04 1 04 13
16 028 0 17 25 04 1 04 25
16 029 1 00 31 03 1 04 31
16 030 0 11 40 00 1 04 40
16 031 1 08 33 02 1 05 33
16 032 0 16 63 02 1 04 63
16 033 1 09 50 00 1 05 50
16 034 0 04 12 03 1 04 12
16 035 1 10 13 04 1 05 13
16 036 0 02 49 01 1 04 49
16 037 1 06 71 01 1 05 71
16 038 0 08 65 05 1 05 65
16 039 1 00 31 03 1 05 31
16 040 0 16 63 02 1 05 63
16 041 1 01 48 05 0 05 35
16 042 0 02 49 01 1 05 49
16 043 1 00 31 03 1 05 31
16 044 0 11 40 00 1 05 40
16 045 1 08 33 02 1 05 33
16 046 0 04 12 03 1 05 12
16 047 1 01 48 05 1 05 48
16 048 0 17 25 04 0 05 13
16 049 1 10 13 04 1 05 13
16 050 0 02 49 01 1 05 49
16 051 1 06 71 01 1 05 71
16 052 0 16 63 02 1 05 63
16 053 1 09 50 00 1 05 50
16 054 0 11 40 00 1 05 40
16 055 1 01 48 05 1 06 48
16 056 0 17 25 04 1 05 25
16 057 1 07 60 06 1 06 60
16 058 0 08 65 05 1 05 65
16 059 1 00 31 03 1 06 31
16 060 0 04 12 03 0 05 28
16 061 1 09 50 00 1 06 50
16 062 0 16 63 02 1 05 63
16 063 1 10 13 04 1 06 13
16 064 0 08 65 05 0 05 60
16 065 1 08 33 02 1 06 33
16 066 0 04 12 03 1 05 12
16 067 1 06 71 01 1 06 71
16 068 0 17 25 04 1 05 25
16 069 1 00 31 03 1 07 31
16 070 0 11 40 00 1 05 40
16 071 1 07 60 06 0 07 70
16 072 0 02 49 01 1 05 49
16 073 1 06 71 01 1 07 71
16 074 0 08 65 05 1 05 65
16 075 1 10 13 04 1 07 13
16 076 0 17 25 04 1 05 25
16 077 1 08 33 02 0 07 13
16 078 0 02 49 01 1 05 49
16 079 1 09 50 00 1 07 50
16 080 0 11 40 00 1 05 40
16 081 1 15 15 07 1 07 15
16 082 0 16 63 02 1 05 63
16 083 1 01 48 05 1 07 48
16 084 0 04 12 03 1 05 12
16 085 1 00 31 03 1 07 31
16 086 0 04 12 03 1 06 12
16 087 1 08 33 02 1 07 33
16 088 0 02 49 01 0 06 40
16 089 1 01 48 05 1 07 48
16 090 0 05 54 06 1 06 54
16 091 1 07 60 06 0 07 48
16 092 0 11 40 00 1 06 40
16 093 1 15 15 07 0 07 54
16 094 0 16 63 02 1 06 63
16 095 1 10 13 04 1 07 13
16 096 0 08 65 05 1 06 65
16 097 1 09 50 00 0 07 04
16 098 0 17 25 04 1 06 25
16 099 1 06 71 01 1 07 71
16 100 0 08 65 05 1 06 65
16 101 1 15 15 07 1 07 15
16 102 0 04 12 03 1 06 12
16 103 1 07 60 06 1 07 60
16 104 0 05 54 06 1 06 54
16 105 1 00 31 03 1 07 31
16 106 0 02 49 01 1 06 49
16 107 1 10 13 04 1 07 13
16 108 0 11 40 00 1 06 40
16 109 1 01 48 05 1 07 48
16 110 0 16 63 02 1 06 63
16 111 1 06 71 01 1 07 71
16 112 0 17 25 04 1 06 25
16 113 1 08 33 02 1 07 33
16 114 0 08 65 05 1 07 65
16 115 1 09 50 00 1 07 50
16 116 0 05 54 06 1 07 54
16 117 1 01 48 05 1 08 48
16 118 0 02 49 01 1 07 49
16 119 1 10 13 04 1 08 13
16 120 0 16 63 02 1 07 63
16 121 1 00 31 03 0 08 13
16 122 0 11 40 00 1 07 40
16 123 1 09 50 00 1 08 50
16 124 0 03 21 07 1 07 21
16 125 1 16 77 08 1 08 77
16 126 0 04 12 03 1 07 12
16 127 1 15 15 07 1 08 15
16 128 0 17 25 04 1 07 25
16 129 1 06 71 01 1 08 71
16 130 0 07 28 08 1 08 28
16 131 1 08 33 02 1 08 33
16 132 0 03 21 07 1 08 21
16 133 1 07 60 06 1 08 60
16 134 0 11 40 00 1 08 40
16 135 1 16 77 08 1 08 77
16 136 0 04 12 03 1 08 12
16 137 1 15 15 07 1 08 15
16 138 0 17 25 04 1 08 25
16 139 1 01 48 05 1 08 48
16 140 0 02 49 01 1 08 49
16 141 1 06 71 01 1 08 71
16 142 0 16 63 02 1 08 63
16 143 1 08 33 02 1 08 33
16 144 0 08 65 05 1 08 65
16 145 1 10 13 04 1 08 13
16 146 0 05 54 06 1 08 54
16 147 1 00 31 03 1 08 31
16 148 0 02 49 01 1 09 49
16 149 1 07 60 06 0 08 28
16 150 0 14 59 09 1 09 59
16 151 1 09 50 00 1 08 50
16 152 0 03 21 07 1 09 21
16 153 1 01 48 05 1 08 48
16 154 0 07 28 08 1 09 28
16 155 1 10 13 04 1 08 13
16 156 0 04 12 03 1 09 12
16 157 1 07 60 06 1 08 60
16 158 0 08 65 05 1 09 65
16 159 1 09 50 00 1 08 50
16 160 0 11 40 00 1 09 40
16 161 1 16 77 08 1 08 77
16 162 0 05 54 06 1 09 54
16 163 1 00 31 03 0 08 13
16 164 0 16 63 02 1 09 63
16 165 1 06 71 01 1 08 71
16 166 0 17 25 04 1 09 25
16 167 1 15 15 07 1 08 15
16 168 0 08 65 05 1 10 65
16 169 1 08 33 02 1 08 33
16 170 0 07 28 08 1 10 28
16 171 1 08 33 02 1 08 33
16 172 0 02 49 01 0 10 40
16 173 1 07 60 06 1 08 60
16 174 0 16 63 02 1 10 63
16 175 1 10 13 04 1 08 13
16 176 0 14 59 09 0 10 71
16 177 1 16 77 08 1 08 77
16 178 0 05 54 06 1 10 54
16 179 1 01 48 05 1 08 48
16 180 0 11 40 00 1 10 40
16 181 1 06 71 01 1 08 71
16 182 0 17 25 04 1 10 25
16 183 1 09 50 00 1 08 50
16 184 0 03 21 07 1 10 21
16 185 1 15 15 07 1 08 15
16 186 0 15 41 10 1 10 41
16 187 1 00 31 03 1 08 31
16 188 0 04 12 03 1 10 12
16 189 1 04 18 09 0 09 01
16 190 0 16 63 02 1 10 63
16 191 1 10 13 04 1 09 13
16 192 0 17 25 04 1 10 25
16 193 1 01 48 05 1 09 48
16 194 0 02 49 01 1 10 49
16 195 1 15 15 07 1 09 15
16 196 0 04 12 03 1 10 12
16 197 1 06 71 01 1 09 71
16 198 0 08 65 05 1 10 65
16 199 1 07 60 06 1 09 60
16 200 0 05 54 06 1 10 54
16 201 1 09 50 00 1 09 50
16 202 0 15 41 10 1 10 41
16 203 1 16 77 08 1 09 77
16 204 0 11 40 00 1 10 40
16 205 1 00 31 03 1 09 31
16 206 0 14 59 09 1 10 59
16 207 1 08 33 02 1 09 33
16 208 0 07 28 08 1 10 28
16 209 1 07 60 06 1 09 60
16 210 0 03 21 07 1 10 21
16 211 1 08 33 02 1 09 33
16 212 0 15 41 10 1 11 41
16 213 1 10 13 04 1 09 13
16 214 0 17 25 04 1 11 25
16 215 1 15 15 07 1 09 15
16 216 0 14 59 09 1 11 59
16 217 1 00 31 03 1 09 31
16 218 0 08 65 05 1 11 65
16 219 1 09 50 00 1 09 50
16 220 0 07 28 08 1 11 28
16 221 1 16 77 08 1 09 77
16 222 0 03 21 07 1 11 21
16 223 1 04 18 09 1 09 18
16 224 0 12 30 11 1 11 30
16 225 1 01 48 05 1 09 48
16 226 0 02 49 01 1 11 49
16 227 1 06 71 01 1 09 71
16 228 0 11 40 00 1 11 40
16 229 1 01 48 05 1 10 48
16 230 0 05 54 06 1 11 54
16 231 1 00 31 03 1 10 31
16 232 0 16 63 02 1 11 63
16 233 1 07 60 06 1 10 60
16 234 0 04 12 03 1 11 12
16 235 1 09 50 00 1 10 50
16 236 0 15 41 10 1 12 41
16 237 1 16 77 08 1 10 77
16 238 0 13 56 12 1 12 56
16 239 1 05 45 10 1 10 45
16 240 0 04 12 03 1 12 12
16 241 1 06 71 01 1 10 71
16 242 0 17 25 04 1 12 25
16 243 1 15 15 07 1 10 15
16 244 0 11 40 00 1 12 40
16 245 1 10 13 04 1 10 13
16 246 0 03 21 07 1 12 21
16 247 1 04 18 09 1 10 18
16 248 0 05 54 06 1 12 54
16 249 1 08 33 02 1 10 33
16 250 0 14 59 09 0 12 45
16 251 1 10 13 04 1 11 13
16 252 0 02 49 01 1 12 49
16 253 1 09 50 00 1 11 50
16 254 0 08 65 05 1 12 65
16 255 1 00 31 03 1 11 31
16 256 0 12 30 11 1 12 30
16 257 1 16 77 08 1 11 77
16 258 0 07 28 08 1 12 28
16 259 1 06 71 01 1 11 71
16 260 0 16 63 02 1 12 63
16 261 1 08 33 02 1 11 33
16 262 0 05 54 06 1 12 54
16 263 1 15 15 07 1 11 15
16 264 0 08 65 05 1 12 65
16 265 1 07 60 06 1 11 60
16 266 0 04 12 03 1 12 12
16 267 1 05 45 10 1 11 45
16 268 0 13 56 12 1 12 56
16 269 1 04 18 09 1 11 18
16 270 0 11 40 00 1 12 40
16 271 1 03 17 11 1 11 17
16 272 0 07 28 08 1 12 28
16 273 1 01 48 05 1 11 48
16 274 0 14 59 09 0 12 48
16 275 1 06 71 01 1 12 71
16 276 0 16 63 02 1 12 63
16 277 1 15 15 07 1 12 15
16 278 0 17 25 04 1 12 25
16 279 1 05 45 10 1 12 45
16 280 0 02 49 01 1 12 49
16 281 1 10 13 04 1 12 13
16 282 0 03 21 07 1 12 21
16 283 1 04 18 09 1 12 18
16 284 0 15 41 10 1 12 41
16 285 1 08 33 02 1 12 33
16 286 0 12 30 11 1 12 30
16 287 1 14 72 12 1 12 72
16 288 0 15 41 10 1 12 41
16 289 1 09 50 00 1 12 50
16 290 0 13 56 12 1 12 56
16 291 1 07 60 06 1 12 60
16 292 0 05 54 06 1 12 54
16 293 1 01 48 05 0 12 59
16 294 0 16 63 02 1 12 63
16 295 1 03 17 11 1 12 17
16 296 0 02 49 01 1 12 49
16 297 1 16 77 08 1 12 77
16 298 0 03 21 07 1 12 21
16 299 1 00 31 03 1 12 31
16 300 0 04 12 03 1 12 12
16 301 1 06 71 01 1 12 71
16 302 0 17 25 04 1 12 25
16 303 1 16 77 08 1 12 77
16 304 0 12 30 11 1 12 30
16 305 1 08 33 02 1 12 33
16 306 0 11 40 00 1 12 40
16 307 1 15 15 07 1 12 15
16 308 0 14 59 09 1 12 59
16 309 1 05 45 10 1 12 45
16 310 0 08 65 05 1 12 65
16 311 1 04 18 09 1 12 18
16 312 0 07 28 08 1 12 28
16 313 1 03 17 11 1 12 17
16 314 0 16 63 02 1 13 63
16 315 1 07 60 06 1 12 60
16 316 0 07 28 08 1 13 28
16 317 1 14 72 12 1 12 72
16 318 0 14 59 09 1 13 59
16 319 1 01 48 05 1 12 48
16 320 0 02 49 01 1 13 49
16 321 1 10 13 04 1 12 13
16 322 0 05 54 06 1 13 54
16 323 1 09 50 00 1 12 50
16 324 0 12 30 11 1 13 30
16 325 1 00 31 03 1 12 31
16 326 0 04 12 03 1 13 12
16 327 1 15 15 07 1 13 15
16 328 0 08 65 05 1 13 65
16 329 1 07 60 06 1 13 60
16 330 0 13 56 12 1 13 56
16 331 1 16 77 08 1 13 77
16 332 0 03 21 07 1 13 21
16 333 1 10 13 04 1 13 13
16 334 0 11 40 00 1 13 40
16 335 1 06 71 01 1 13 71
16 336 0 15 41 10 1 13 41
16 337 1 04 18 09 1 13 18
16 338 0 06 22 13 1 13 22
16 339 1 05 45 10 1 13 45
16 340 0 17 25 04 1 13 25
16 341 1 01 48 05 1 13 48
16 342 0 05 54 06 1 14 54
16 343 1 03 17 11 1 13 17
16 344 0 09 67 14 1 14 67
16 345 1 14 72 12 1 13 72
16 346 0 15 41 10 1 14 41
16 347 1 17 75 13 1 13 75
16 348 0 11 40 00 1 14 40
16 349 1 08 33 02 1 13 33
16 350 0 17 25 04 1 14 25
16 351 1 00 31 03 1 13 31
16 352 0 13 56 12 1 14 56
16 353 1 09 50 00 1 13 50
16 354 0 03 21 07 1 14 21
16 355 1 05 45 10 1 14 45
16 356 0 08 65 05 1 14 65
16 357 1 09 50 00 1 14 50
16 358 0 04 12 03 1 14 12
16 359 1 00 31 03 1 14 31
16 360 0 14 59 09 1 14 59
16 361 1 06 71 01 1 14 71
16 362 0 02 49 01 1 14 49
16 363 1 08 33 02 1 14 33
16 364 0 12 30 11 1 14 30
16 365 1 15 15 07 1 14 15
16 366 0 07 28 08 1 14 28
16 367 1 11 51 14 0 14 54
16 368 0 06 22 13 1 14 22
16 369 1 14 72 12 1 14 72
16 370 0 16 63 02 1 14 63
16 371 1 04 18 09 0 14 51
16 372 0 12 30 11 1 15 30
16 373 1 03 17 11 1 14 17
16 374 0 17 25 04 1 15 25
16 375 1 07 60 06 1 14 60
16 376 0 05 54 06 1 15 54
16 377 1 16 77 08 1 14 77
16 378 0 09 67 14 1 15 67
16 379 1 01 48 05 1 14 48
16 380 0 15 41 10 1 15 41
16 381 1 10 13 04 1 14 13
16 382 0 04 12 03 1 15 12
16 383 1 17 75 13 0 14 47
16 384 0 01 52 15 0 15 12
16 385 1 14 72 12 1 14 72
16 386 0 16 63 02 1 15 63
16 387 1 15 15 07 1 14 15
16 388 0 11 40 00 1 15 40
16 389 1 10 13 04 1 14 13
16 390 0 13 56 12 1 15 56
16 391 1 04 18 09 1 14 18
16 392 0 14 59 09 1 15 59
16 393 1 08 33 02 1 14 33
16 394 0 08 65 05 1 15 65
16 395 1 05 45 10 1 14 45
16 396 0 03 21 07 1 15 21
16 397 1 03 17 11 1 14 17
16 398 0 02 49 01 1 15 49
16 399 1 11 51 14 0 14 18
