21 000 0 17 44 00 1 00 44
21 001 1 13 51 00 1 00 51
21 002 0 02 29 01 1 01 29
21 003 1 13 51 00 1 01 51
21 004 0 17 44 00 1 01 44
21 005 1 10 63 01 1 01 63
21 006 0 04 21 02 1 02 21
21 007 1 10 63 01 1 02 63
21 008 0 02 29 01 1 02 29
21 009 1 13 51 00 1 02 51
21 010 0 17 44 00 1 02 44
21 011 1 17 32 02 0 02 33
21 012 0 02 29 01 1 03 29
21 013 1 17 32 02 1 02 32
21 014 0 17 44 00 1 03 44
21 015 1 10 63 01 1 02 63
21 016 0 04 21 02 1 03 21
21 017 1 13 51 00 1 02 51
21 018 0 06 33 03 1 03 33
21 019 1 17 32 02 1 03 32
21 020 0 17 44 00 1 04 44
21 021 1 11 66 03 1 03 66
21 022 0 04 21 02 1 04 21
21 023 1 10 63 01 1 03 63
21 024 0 05 46 04 1 04 46
21 025 1 13 51 00 1 03 51
21 026 0 06 33 03 1 04 33
21 027 1 16 72 04 1 04 72
21 028 0 02 29 01 0 04 33
21 029 1 13 51 00 1 04 51
21 030 0 02 29 01 1 04 29
21 031 1 11 66 03 1 04 66
21 032 0 17 44 00 1 04 44
21 033 1 10 63 01 1 04 63
21 034 0 04 21 02 1 04 21
21 035 1 17 32 02 0 04 55
21 036 0 05 46 04 1 04 46
21 037 1 11 66 03 1 04 66
21 038 0 06 33 03 1 04 33
21 039 1 10 63 01 1 04 63
21 040 0 11 12 05 1 05 12
21 041 1 13 51 00 1 04 51
21 042 0 06 33 03 1 05 33
21 043 1 17 32 02 1 04 32
21 044 0 02 29 01 1 05 29
21 045 1 16 72 04 1 04 72
21 046 0 05 46 04 1 05 46
21 047 1 16 72 04 1 05 72
21 048 0 17 44 00 1 05 44
21 049 1 13 51 00 1 05 51
21 050 0 04 21 02 1 05 21
21 051 1 17 32 02 1 05 32
21 052 0 11 12 05 1 06 12
21 053 1 08 36 05 1 05 36
21 054 0 17 44 00 1 06 44
21 055 1 11 66 03 1 05 66
21 056 0 06 33 03 1 06 33
21 057 1 10 63 01 0 05 66
21 058 0 04 21 02 1 06 21
21 059 1 17 32 02 1 05 32
21 060 0 12 71 06 1 06 71
21 061 1 16 72 04 1 05 72
21 062 0 05 46 04 1 06 46
21 063 1 11 66 03 0 05 63
21 064 0 02 29 01 1 06 29
21 065 1 08 36 05 1 05 36
21 066 0 04 21 02 1 07 21
21 067 1 10 63 01 1 05 63
21 068 0 06 33 03 1 07 33
21 069 1 13 51 00 1 05 51
21 070 0 13 60 07 1 07 60
21 071 1 16 72 04 1 05 72
21 072 0 02 29 01 1 07 29
21 073 1 13 51 00 1 05 51
21 074 0 11 12 05 1 07 12
21 075 1 08 36 05 1 05 36
21 076 0 17 44 00 1 07 44
21 077 1 10 63 01 0 05 36
21 078 0 12 71 06 1 07 71
21 079 1 17 32 02 1 05 32
21 080 0 05 46 04 1 07 46
21 081 1 11 66 03 1 05 66
21 082 0 05 46 04 1 08 46
21 083 1 16 72 04 1 05 72
21 084 0 06 33 03 1 08 33
21 085 1 13 51 00 1 05 51
21 086 0 02 29 01 0 08 33
21 087 1 11 66 03 1 05 66
21 088 0 12 71 06 1 08 71
21 089 1 10 63 01 0 05 36
21 090 0 17 44 00 1 08 44
21 091 1 17 32 02 1 05 32
21 092 0 04 21 02 1 08 21
21 093 1 08 36 05 1 05 36
21 094 0 00 70 08 1 08 70
21 095 1 13 51 00 1 05 51
21 096 0 13 60 07 1 08 60
21 097 1 11 66 03 1 05 66
21 098 0 11 12 05 1 08 12
21 099 1 17 32 02 1 05 32
21 100 0 11 12 05 1 08 12
21 101 1 16 72 04 1 05 72
21 102 0 00 70 08 1 08 70
21 103 1 08 36 05 1 05 36
21 104 0 02 29 01 1 08 29
21 105 1 10 63 01 0 05 36
21 106 0 17 44 00 1 08 44
21 107 1 08 36 05 1 05 36
21 108 0 06 33 03 1 08 33
21 109 1 10 63 01 0 05 36
21 110 0 04 21 02 1 08 21
21 111 1 17 32 02 1 05 32
21 112 0 12 71 06 1 08 71
21 113 1 16 72 04 1 05 72
21 114 0 05 46 04 1 08 46
21 115 1 13 51 00 1 05 51
21 116 0 13 60 07 1 08 60
21 117 1 11 66 03 1 05 66
21 118 0 02 29 01 1 09 29
21 119 1 16 72 04 1 05 72
21 120 0 05 46 04 1 09 46
21 121 1 10 63 01 0 05 36
21 122 0 04 21 02 1 09 21
21 123 1 13 51 00 1 05 51
21 124 0 11 12 05 1 09 12
21 125 1 08 36 05 1 05 36
21 126 0 12 71 06 1 09 71
21 127 1 17 32 02 1 05 32
21 128 0 01 53 09 1 09 53
21 129 1 11 66 03 0 05 63
21 130 0 13 60 07 1 09 60
21 131 1 16 72 04 1 05 72
21 132 0 06 33 03 1 09 33
21 133 1 17 32 02 1 05 32
21 134 0 00 70 08 1 09 70
21 135 1 08 36 05 1 05 36
21 136 0 17 44 00 1 09 44
21 137 1 11 66 03 1 05 66
21 138 0 11 12 05 1 10 12
21 139 1 13 51 00 1 05 51
21 140 0 07 76 10 1 10 76
21 141 1 10 63 01 1 05 63
21 142 0 04 21 02 1 10 21
21 143 1 17 32 02 1 06 32
21 144 0 13 60 07 1 10 60
21 145 1 16 72 04 1 06 72
21 146 0 17 44 00 1 10 44
21 147 1 07 65 06 1 06 65
21 148 0 12 71 06 1 10 71
21 149 1 08 36 05 1 06 36
21 150 0 06 33 03 1 10 33
21 151 1 11 66 03 1 06 66
21 152 0 01 53 09 1 10 53
21 153 1 13 51 00 1 06 51
21 154 0 05 46 04 1 10 46
21 155 1 10 63 01 1 06 63
21 156 0 02 29 01 1 10 29
21 157 1 11 66 03 1 07 66
21 158 0 00 70 08 1 10 70
21 159 1 13 51 00 1 07 51
21 160 0 00 70 08 1 11 70
21 161 1 05 41 07 1 07 41
21 162 0 04 21 02 1 11 21
21 163 1 08 36 05 1 07 36
21 164 0 12 71 06 1 11 71
21 165 1 10 63 01 1 07 63
21 166 0 01 53 09 1 11 53
21 167 1 07 65 06 1 07 65
21 168 0 02 29 01 1 11 29
21 169 1 16 72 04 1 07 72
21 170 0 13 60 07 1 11 60
21 171 1 17 32 02 1 07 32
21 172 0 10 35 11 1 11 35
21 173 1 11 66 03 1 08 66
21 174 0 06 33 03 1 11 33
21 175 1 16 72 04 1 08 72
21 176 0 05 46 04 1 11 46
21 177 1 17 32 02 1 08 32
21 178 0 11 12 05 1 11 12
21 179 1 07 65 06 1 08 65
21 180 0 17 44 00 1 11 44
21 181 1 10 63 01 1 08 63
21 182 0 07 76 10 1 11 76
21 183 1 13 51 00 1 08 51
21 184 0 02 29 01 1 12 29
21 185 1 12 59 08 1 08 59
21 186 0 17 44 00 1 12 44
21 187 1 08 36 05 0 08 66
21 188 0 10 35 11 1 12 35
21 189 1 05 41 07 1 08 41
21 190 0 03 56 12 1 12 56
21 191 1 16 72 04 1 08 72
21 192 0 00 70 08 1 12 70
21 193 1 05 41 07 1 08 41
21 194 0 12 71 06 1 12 71
21 195 1 17 32 02 1 08 32
21 196 0 13 60 07 1 12 60
21 197 1 12 59 08 1 08 59
21 198 0 01 53 09 1 12 53
21 199 1 11 66 03 1 08 66
21 200 0 07 76 10 1 12 76
21 201 1 07 65 06 1 08 65
21 202 0 11 12 05 1 12 12
21 203 1 13 51 00 1 08 51
21 204 0 05 46 04 1 12 46
21 205 1 08 36 05 1 08 36
21 206 0 04 21 02 1 12 21
21 207 1 10 63 01 1 08 63
21 208 0 06 33 03 1 12 33
21 209 1 05 41 07 1 09 41
21 210 0 13 60 07 1 13 60
21 211 1 17 32 02 1 09 32
21 212 0 05 46 04 1 13 46
21 213 1 10 63 01 0 09 36
21 214 0 17 44 00 1 13 44
21 215 1 16 72 04 1 09 72
21 216 0 00 70 08 1 13 70
21 217 1 08 36 05 1 09 36
21 218 0 02 29 01 1 13 29
21 219 1 11 66 03 1 09 66
21 220 0 01 53 09 1 13 53
21 221 1 13 51 00 1 09 51
21 222 0 15 64 13 1 13 64
21 223 1 07 65 06 1 09 65
21 224 0 11 12 05 1 13 12
21 225 1 12 59 08 1 09 59
21 226 0 06 33 03 1 13 33
21 227 1 01 77 09 1 09 77
21 228 0 04 21 02 1 13 21
21 229 1 11 66 03 1 09 66
21 230 0 10 35 11 0 13 05
21 231 1 13 51 00 1 09 51
21 232 0 03 56 12 1 13 56
21 233 1 10 63 01 1 09 63
21 234 0 07 76 10 1 13 76
21 235 1 17 32 02 1 09 32
21 236 0 12 71 06 1 13 71
21 237 1 07 65 06 1 09 65
21 238 0 04 21 02 1 13 21
21 239 1 05 41 07 1 09 41
21 240 0 13 60 07 1 13 60
21 241 1 12 59 08 1 09 59
21 242 0 15 64 13 1 13 64
21 243 1 08 36 05 1 09 36
21 244 0 12 71 06 1 13 71
21 245 1 01 77 09 1 09 77
21 246 0 10 35 11 1 13 35
21 247 1 16 72 04 1 09 72
21 248 0 00 70 08 1 13 70
21 249 1 11 66 03 1 10 66
21 250 0 06 33 03 1 13 33
21 251 1 08 36 05 1 10 36
21 252 0 02 29 01 1 13 29
21 253 1 10 63 01 1 10 63
21 254 0 01 53 09 1 13 53
21 255 1 13 51 00 1 10 51
21 256 0 07 76 10 1 13 76
21 257 1 07 65 06 1 10 65
21 258 0 17 44 00 1 13 44
21 259 1 01 77 09 1 10 77
21 260 0 03 56 12 1 13 56
21 261 1 12 59 08 1 10 59
21 262 0 11 12 05 1 13 12
21 263 1 17 32 02 1 10 32
21 264 0 05 46 04 1 13 46
21 265 1 04 55 10 1 10 55
21 266 0 06 33 03 1 14 33
21 267 1 16 72 04 1 10 72
21 268 0 17 44 00 1 14 44
21 269 1 05 41 07 1 10 41
21 270 0 00 70 08 1 14 70
21 271 1 16 72 04 1 11 72
21 272 0 11 12 05 1 14 12
21 273 1 08 36 05 1 11 36
21 274 0 05 46 04 1 14 46
21 275 1 07 65 06 1 11 65
21 276 0 04 21 02 1 14 21
21 277 1 12 59 08 1 11 59
21 278 0 01 53 09 1 14 53
21 279 1 04 55 10 1 11 55
21 280 0 02 29 01 1 14 29
21 281 1 11 66 03 1 11 66
21 282 0 15 64 13 1 14 64
21 283 1 05 41 07 1 11 41
21 284 0 13 60 07 1 14 60
21 285 1 10 63 01 1 11 63
21 286 0 03 56 12 1 14 56
21 287 1 13 51 00 1 11 51
21 288 0 10 35 11 1 14 35
21 289 1 01 77 09 1 11 77
21 290 0 16 58 14 1 14 58
21 291 1 17 32 02 0 11 51
21 292 0 12 71 06 1 14 71
21 293 1 03 19 11 1 11 19
21 294 0 07 76 10 1 14 76
21 295 1 08 36 05 1 11 36
21 296 0 17 44 00 1 15 44
21 297 1 10 63 01 1 11 63
21 298 0 08 38 15 1 15 38
21 299 1 16 72 04 1 11 72
21 300 0 05 46 04 1 15 46
21 301 1 11 66 03 1 11 66
21 302 0 13 60 07 1 15 60
21 303 1 05 41 07 1 11 41
21 304 0 16 58 14 1 15 58
21 305 1 01 77 09 1 11 77
21 306 0 10 35 11 1 15 35
21 307 1 12 59 08 1 11 59
21 308 0 12 71 06 1 15 71
21 309 1 13 51 00 1 11 51
21 310 0 01 53 09 1 15 53
21 311 1 07 65 06 1 11 65
21 312 0 07 76 10 1 15 76
21 313 1 17 32 02 1 11 32
21 314 0 11 12 05 1 15 12
21 315 1 03 19 11 1 11 19
21 316 0 00 70 08 1 15 70
21 317 1 04 55 10 1 11 55
21 318 0 02 29 01 1 15 29
21 319 1 12 59 08 1 12 59
21 320 0 04 21 02 1 15 21
21 321 1 03 19 11 1 12 19
21 322 0 06 33 03 1 15 33
21 323 1 17 32 02 1 12 32
21 324 0 03 56 12 1 15 56
21 325 1 04 55 10 1 12 55
21 326 0 15 64 13 1 15 64
21 327 1 01 77 09 1 12 77
21 328 0 01 53 09 1 16 53
21 329 1 15 39 12 1 12 39
21 330 0 10 35 11 1 16 35
21 331 1 07 65 06 1 12 65
21 332 0 07 76 10 1 16 76
21 333 1 10 63 01 1 12 63
21 334 0 11 12 05 1 16 12
21 335 1 13 51 00 1 12 51
21 336 0 16 58 14 1 16 58
21 337 1 08 36 05 1 12 36
21 338 0 08 38 15 1 16 38
21 339 1 16 72 04 1 12 72
21 340 0 09 17 16 1 16 17
21 341 1 11 66 03 1 12 66
21 342 0 04 21 02 1 16 21
21 343 1 05 41 07 1 12 41
21 344 0 03 56 12 1 16 56
21 345 1 17 32 02 1 13 32
21 346 0 05 46 04 1 16 46
21 347 1 11 66 03 1 13 66
21 348 0 06 33 03 1 16 33
21 349 1 05 41 07 1 13 41
21 350 0 17 44 00 1 16 44
21 351 1 13 51 00 1 13 51
21 352 0 02 29 01 1 16 29
21 353 1 08 36 05 1 13 36
21 354 0 12 71 06 1 16 71
21 355 1 10 63 01 1 13 63
21 356 0 13 60 07 1 16 60
21 357 1 15 39 12 1 13 39
21 358 0 15 64 13 1 16 64
21 359 1 16 72 04 1 13 72
21 360 0 00 70 08 1 16 70
21 361 1 04 55 10 1 13 55
21 362 0 03 56 12 1 17 56
21 363 1 01 77 09 1 13 77
21 364 0 11 12 05 1 17 12
21 365 1 09 31 13 1 13 31
21 366 0 08 38 15 1 17 38
21 367 1 07 65 06 1 13 65
21 368 0 04 21 02 1 17 21
21 369 1 03 19 11 1 13 19
21 370 0 17 44 00 1 17 44
21 371 1 12 59 08 1 13 59
21 372 0 15 64 13 0 17 06
21 373 1 01 77 09 1 14 77
21 374 0 14 27 17 1 17 27
21 375 1 05 41 07 1 14 41
21 376 0 09 17 16 1 17 17
21 377 1 08 36 05 1 14 36
21 378 0 02 29 01 1 17 29
21 379 1 04 55 10 1 14 55
21 380 0 10 35 11 1 17 35
21 381 1 09 31 13 1 14 31
21 382 0 06 33 03 0 17 55
21 383 1 16 72 04 1 14 72
21 384 0 16 58 14 1 17 58
21 385 1 11 66 03 1 14 66
21 386 0 01 53 09 1 17 53
21 387 1 15 39 12 1 14 39
21 388 0 13 60 07 1 17 60
21 389 1 13 51 00 1 14 51
21 390 0 05 46 04 1 17 46
21 391 1 12 59 08 1 14 59
21 392 0 07 76 10 1 17 76
21 393 1 03 19 11 1 14 19
21 394 0 00 70 08 1 17 70
21 395 1 10 63 01 1 14 63
21 396 0 12 71 06 1 17 71
21 397 1 07 65 06 1 14 65
21 398 0 16 58 14 1 17 58
21 399 1 14 67 14 1 14 67
