03 000 0 17 56 00 0 00 55
03 001 1 05 69 00 0 00 66
03 002 0 17 56 00 1 00 56
03 003 1 05 69 00 1 00 69
03 004 0 04 78 01 0 01 56
03 005 1 05 69 00 1 01 69
03 006 0 17 56 00 1 01 56
03 007 1 01 48 01 1 01 48
03 008 0 04 78 01 1 01 78
03 009 1 05 69 00 1 02 69
03 010 0 17 56 00 1 01 56
03 011 1 09 61 02 1 02 61
03 012 0 17 56 00 1 02 56
03 013 1 01 48 01 1 02 48
03 014 0 04 78 01 1 02 78
03 015 1 14 15 03 1 03 15
03 016 0 16 28 02 1 02 28
03 017 1 01 48 01 1 03 48
03 018 0 13 77 03 1 03 77
03 019 1 09 61 02 1 03 61
03 020 0 04 78 01 1 03 78
03 021 1 05 69 00 1 03 69
03 022 0 16 28 02 1 03 28
03 023 1 14 15 03 1 04 15
03 024 0 17 56 00 1 03 56
03 025 1 01 48 01 1 04 48
03 026 0 16 28 02 1 04 28
03 027 1 15 31 04 1 04 31
03 028 0 17 56 00 1 04 56
03 029 1 09 61 02 1 04 61
03 030 0 13 77 03 1 04 77
03 031 1 05 69 00 1 04 69
03 032 0 00 54 04 0 04 15
03 033 1 05 69 00 1 05 69
03 034 0 04 78 01 1 04 78
03 035 1 15 31 04 1 05 31
03 036 0 04 78 01 1 04 78
03 037 1 09 61 02 1 05 61
03 038 0 16 28 02 1 04 28
03 039 1 16 68 05 0 05 64
03 040 0 17 56 00 1 04 56
03 041 1 14 15 03 1 05 15
03 042 0 13 77 03 1 04 77
03 043 1 01 48 01 1 05 48
03 044 0 00 54 04 1 04 54
03 045 1 16 68 05 1 05 68
03 046 0 17 56 00 1 05 56
03 047 1 15 31 04 1 05 31
03 048 0 12 17 05 1 05 17
03 049 1 05 69 00 1 05 69
03 050 0 13 77 03 1 05 77
03 051 1 09 61 02 1 05 61
03 052 0 16 28 02 1 05 28
03 053 1 14 15 03 1 05 15
03 054 0 00 54 04 1 05 54
03 055 1 01 48 01 1 05 48
03 056 0 04 78 01 1 05 78
03 057 1 15 31 04 1 06 31
03 058 0 04 78 01 1 06 78
03 059 1 16 68 05 1 06 68
03 060 0 16 28 02 1 06 28
03 061 1 09 61 02 1 06 61
03 062 0 00 54 04 1 06 54
03 063 1 05 69 00 1 06 69
03 064 0 12 17 05 1 06 17
03 065 1 14 15 03 1 06 15
03 066 0 17 56 00 1 06 56
03 067 1 01 48 01 1 06 48
03 068 0 08 27 06 1 06 27
03 069 1 12 65 06 1 06 65
03 070 0 13 77 03 1 06 77
03 071 1 12 65 06 1 07 65
03 072 0 05 51 07 1 07 51
03 073 1 01 48 01 1 07 48
03 074 0 16 28 02 1 07 28
03 075 1 16 68 05 1 07 68
03 076 0 04 78 01 1 07 78
03 077 1 05 69 00 1 07 69
03 078 0 13 77 03 1 07 77
03 079 1 15 31 04 1 07 31
03 080 0 17 56 00 1 07 56
03 081 1 10 22 07 1 07 22
03 082 0 08 27 06 1 07 27
03 083 1 09 61 02 1 07 61
03 084 0 00 54 04 1 07 54
03 085 1 14 15 03 1 07 15
03 086 0 12 17 05 1 07 17
03 087 1 00 11 08 1 08 11
03 088 0 08 27 06 1 08 27
03 089 1 01 48 01 1 08 48
03 090 0 12 17 05 1 08 17
03 091 1 16 68 05 1 08 68
03 092 0 01 59 08 1 08 59
03 093 1 10 22 07 1 08 22
03 094 0 13 77 03 1 08 77
03 095 1 15 31 04 1 08 31
03 096 0 16 28 02 1 08 28
03 097 1 05 69 00 1 08 69
03 098 0 00 54 04 1 08 54
03 099 1 12 65 06 1 08 65
03 100 0 17 56 00 1 08 56
03 101 1 09 61 02 1 08 61
03 102 0 05 51 07 1 08 51
03 103 1 14 15 03 1 08 15
03 104 0 04 78 01 1 08 78
03 105 1 00 11 08 1 09 11
03 106 0 17 56 00 1 09 56
03 107 1 05 69 00 1 09 69
03 108 0 13 77 03 1 09 77
03 109 1 09 61 02 1 09 61
03 110 0 08 27 06 0 09 57
03 111 1 01 48 01 1 09 48
03 112 0 16 28 02 0 09 05
03 113 1 12 65 06 1 09 65
03 114 0 04 78 01 1 09 78
03 115 1 14 15 03 1 09 15
03 116 0 00 54 04 1 09 54
03 117 1 16 68 05 1 09 68
03 118 0 12 17 05 1 09 17
03 119 1 10 22 07 1 09 22
03 120 0 05 51 07 1 09 51
03 121 1 13 50 09 1 09 50
03 122 0 09 49 09 1 09 49
03 123 1 15 31 04 1 09 31
03 124 0 01 59 08 0 09 99
03 125 1 01 48 01 1 10 48
03 126 0 09 49 09 1 09 49
03 127 1 11 63 10 1 10 63
03 128 0 16 28 02 1 09 28
03 129 1 10 22 07 1 10 22
03 130 0 01 59 08 1 09 59
03 131 1 16 68 05 1 10 68
03 132 0 12 17 05 1 09 17
03 133 1 09 61 02 1 10 61
03 134 0 17 56 00 1 09 56
03 135 1 05 69 00 1 10 69
03 136 0 00 54 04 1 09 54
03 137 1 15 31 04 1 10 31
03 138 0 04 78 01 1 09 78
03 139 1 12 65 06 1 10 65
03 140 0 05 51 07 1 09 51
03 141 1 13 50 09 1 10 50
03 142 0 13 77 03 1 09 77
03 143 1 00 11 08 1 10 11
03 144 0 08 27 06 1 09 27
03 145 1 14 15 03 1 10 15
03 146 0 04 78 01 1 10 78
03 147 1 13 50 09 1 11 50
03 148 0 17 56 00 1 10 56
03 149 1 09 61 02 1 11 61
03 150 0 12 17 05 1 10 17
03 151 1 00 11 08 1 11 11
03 152 0 13 77 03 1 10 77
03 153 1 01 48 01 1 11 48
03 154 0 16 28 02 1 10 28
03 155 1 03 79 11 1 11 79
03 156 0 00 54 04 1 10 54
03 157 1 10 22 07 1 11 22
03 158 0 01 59 08 1 10 59
03 159 1 15 31 04 1 11 31
03 160 0 05 51 07 1 10 51
03 161 1 16 68 05 1 11 68
03 162 0 08 27 06 1 10 27
03 163 1 14 15 03 1 11 15
03 164 0 03 25 10 1 10 25
03 165 1 12 65 06 1 11 65
03 166 0 09 49 09 1 10 49
03 167 1 11 63 10 1 11 63
03 168 0 03 25 10 0 11 52
03 169 1 05 69 00 1 11 69
03 170 0 08 27 06 1 11 27
03 171 1 03 79 11 1 12 79
03 172 0 13 77 03 1 11 77
03 173 1 05 69 00 1 12 69
03 174 0 10 34 11 1 11 34
03 175 1 11 63 10 1 12 63
03 176 0 04 78 01 1 11 78
03 177 1 00 11 08 1 12 11
03 178 0 17 56 00 1 11 56
03 179 1 09 61 02 1 12 61
03 180 0 05 51 07 1 11 51
03 181 1 10 22 07 1 12 22
03 182 0 16 28 02 1 11 28
03 183 1 14 15 03 1 12 15
03 184 0 01 59 08 1 11 59
03 185 1 13 50 09 1 12 50
03 186 0 00 54 04 1 11 54
03 187 1 12 65 06 1 12 65
03 188 0 12 17 05 1 11 17
03 189 1 16 68 05 1 12 68
03 190 0 09 49 09 1 11 49
03 191 1 01 48 01 1 12 48
03 192 0 09 49 09 1 11 49
03 193 1 08 43 12 1 12 43
03 194 0 01 59 08 1 11 59
03 195 1 15 31 04 1 12 31
03 196 0 04 78 01 1 11 78
03 197 1 10 22 07 1 13 22
03 198 0 12 17 05 1 11 17
03 199 1 00 11 08 1 13 11
03 200 0 05 51 07 1 11 51
03 201 1 14 15 03 1 13 15
03 202 0 10 34 11 1 11 34
03 203 1 05 69 00 1 13 69
03 204 0 17 56 00 1 11 56
03 205 1 09 61 02 1 13 61
03 206 0 03 25 10 0 11 52
03 207 1 04 74 13 0 13 04
03 208 0 00 54 04 1 11 54
03 209 1 03 79 11 1 13 79
03 210 0 13 77 03 1 11 77
03 211 1 13 50 09 1 13 50
03 212 0 08 27 06 1 11 27
03 213 1 15 31 04 1 13 31
03 214 0 16 28 02 0 11 15
03 215 1 12 65 06 1 13 65
03 216 0 01 59 08 1 11 59
03 217 1 08 43 12 1 13 43
03 218 0 13 77 03 1 11 77
03 219 1 16 68 05 1 13 68
03 220 0 16 28 02 1 11 28
03 221 1 01 48 01 1 13 48
03 222 0 05 51 07 1 11 51
03 223 1 11 63 10 1 13 63
03 224 0 10 34 11 1 11 34
03 225 1 01 48 01 1 13 48
03 226 0 03 25 10 0 11 05
03 227 1 11 63 10 1 13 63
03 228 0 08 27 06 1 11 27
03 229 1 00 11 08 1 13 11
03 230 0 17 56 00 1 11 56
03 231 1 05 69 00 1 13 69
03 232 0 09 49 09 1 11 49
03 233 1 14 15 03 1 13 15
03 234 0 12 17 05 1 11 17
03 235 1 03 79 11 1 13 79
03 236 0 04 78 01 1 11 78
03 237 1 15 31 04 1 13 31
03 238 0 00 54 04 1 11 54
03 239 1 13 50 09 1 13 50
03 240 0 13 77 03 1 11 77
03 241 1 16 68 05 1 13 68
03 242 0 17 56 00 1 11 56
03 243 1 09 61 02 1 13 61
03 244 0 16 28 02 1 11 28
03 245 1 10 22 07 1 13 22
03 246 0 09 49 09 1 11 49
03 247 1 12 65 06 1 13 65
03 248 0 10 34 11 1 11 34
03 249 1 08 43 12 1 13 43
03 250 0 03 25 10 1 11 25
03 251 1 04 74 13 1 13 74
03 252 0 00 54 04 1 11 54
03 253 1 09 61 02 1 14 61
03 254 0 05 51 07 1 11 51
03 255 1 10 22 07 1 14 22
03 256 0 04 78 01 1 11 78
03 257 1 15 31 04 1 14 31
03 258 0 12 17 05 1 11 17
03 259 1 12 65 06 1 14 65
03 260 0 01 59 08 1 11 59
03 261 1 14 15 03 1 14 15
03 262 0 08 27 06 1 11 27
03 263 1 13 50 09 1 14 50
03 264 0 05 51 07 1 12 51
03 265 1 01 48 01 1 14 48
03 266 0 04 78 01 1 12 78
03 267 1 04 74 13 1 14 74
03 268 0 10 34 11 1 12 34
03 269 1 05 69 00 1 14 69
03 270 0 09 49 09 1 12 49
03 271 1 07 24 14 1 14 24
03 272 0 12 17 05 1 12 17
03 273 1 16 68 05 1 14 68
03 274 0 08 27 06 1 12 27
03 275 1 00 11 08 1 14 11
03 276 0 00 54 04 1 12 54
03 277 1 03 79 11 1 14 79
03 278 0 03 25 10 1 12 25
03 279 1 08 43 12 1 14 43
03 280 0 16 28 02 1 12 28
03 281 1 11 63 10 0 14 74
03 282 0 01 59 08 1 12 59
03 283 1 15 31 04 1 14 31
03 284 0 13 77 03 1 12 77
03 285 1 03 79 11 1 14 79
03 286 0 06 53 12 1 12 53
03 287 1 07 24 14 1 14 24
03 288 0 17 56 00 1 12 56
03 289 1 05 69 00 1 14 69
03 290 0 06 53 12 1 13 53
03 291 1 09 61 02 1 14 61
03 292 0 12 17 05 1 13 17
03 293 1 04 74 13 0 14 63
03 294 0 16 28 02 1 13 28
03 295 1 01 48 01 1 14 48
03 296 0 00 54 04 1 13 54
03 297 1 16 68 05 1 14 68
03 298 0 11 38 13 1 13 38
03 299 1 00 11 08 1 14 11
03 300 0 17 56 00 1 13 56
03 301 1 13 50 09 1 14 50
03 302 0 03 25 10 1 13 25
03 303 1 10 22 07 1 14 22
03 304 0 13 77 03 1 13 77
03 305 1 12 65 06 1 14 65
03 306 0 05 51 07 1 13 51
03 307 1 14 15 03 1 14 15
03 308 0 10 34 11 1 13 34
03 309 1 11 63 10 1 14 63
03 310 0 08 27 06 1 13 27
03 311 1 08 43 12 1 14 43
03 312 0 01 59 08 1 13 59
03 313 1 12 65 06 1 14 65
03 314 0 09 49 09 0 13 74
03 315 1 07 24 14 1 14 24
03 316 0 04 78 01 1 13 78
03 317 1 11 63 10 1 14 63
03 318 0 17 56 00 1 13 56
03 319 1 05 69 00 1 14 69
03 320 0 16 28 02 1 13 28
03 321 1 08 43 12 1 14 43
03 322 0 03 25 10 1 13 25
03 323 1 03 79 11 1 14 79
03 324 0 06 53 12 1 13 53
03 325 1 00 11 08 1 14 11
03 326 0 12 17 05 1 13 17
03 327 1 13 50 09 1 14 50
03 328 0 01 59 08 1 13 59
03 329 1 10 22 07 1 14 22
03 330 0 13 77 03 1 13 77
03 331 1 04 74 13 1 14 74
03 332 0 09 49 09 1 13 49
03 333 1 09 61 02 1 14 61
03 334 0 00 54 04 1 13 54
03 335 1 15 31 04 1 14 31
03 336 0 04 78 01 1 13 78
03 337 1 16 68 05 1 14 68
03 338 0 05 51 07 1 13 51
03 339 1 14 15 03 1 14 15
03 340 0 11 38 13 1 13 38
03 341 1 01 48 01 1 14 48
03 342 0 10 34 11 1 13 34
03 343 1 04 74 13 1 15 74
03 344 0 08 27 06 1 13 27
03 345 1 11 63 10 1 15 63
03 346 0 13 77 03 1 14 77
03 347 1 03 79 11 1 15 79
03 348 0 07 76 14 1 14 76
03 349 1 09 61 02 1 15 61
03 350 0 03 25 10 1 14 25
03 351 1 07 24 14 1 15 24
03 352 0 01 59 08 1 14 59
03 353 1 05 69 00 1 15 69
03 354 0 12 17 05 1 14 17
03 355 1 08 43 12 1 15 43
03 356 0 17 56 00 1 14 56
03 357 1 14 15 03 1 15 15
03 358 0 11 38 13 1 14 38
03 359 1 15 31 04 1 15 31
03 360 0 06 53 12 1 14 53
03 361 1 13 50 09 1 15 50
03 362 0 05 51 07 1 14 51
03 363 1 16 68 05 1 15 68
03 364 0 00 54 04 1 14 54
03 365 1 00 11 08 1 15 11
03 366 0 04 78 01 1 14 78
03 367 1 12 65 06 1 15 65
03 368 0 09 49 09 1 14 49
03 369 1 01 48 01 1 15 48
03 370 0 08 27 06 1 14 27
03 371 1 10 22 07 1 15 22
03 372 0 16 28 02 1 14 28
03 373 1 06 75 15 1 15 75
03 374 0 10 34 11 1 14 34
03 375 1 11 63 10 1 16 63
03 376 0 16 28 02 1 15 28
03 377 1 12 65 06 1 16 65
03 378 0 07 76 14 1 15 76
03 379 1 16 68 05 1 16 68
03 380 0 11 38 13 1 15 38
03 381 1 13 50 09 1 16 50
03 382 0 03 25 10 1 15 25
03 383 1 02 55 16 1 16 55
03 384 0 08 27 06 1 15 27
03 385 1 14 15 03 1 16 15
03 386 0 04 78 01 1 15 78
03 387 1 01 48 01 1 16 48
03 388 0 06 53 12 1 15 53
03 389 1 06 75 15 1 16 75
03 390 0 13 77 03 1 15 77
03 391 1 07 24 14 1 16 24
03 392 0 17 56 00 1 15 56
03 393 1 08 43 12 1 16 43
03 394 0 01 59 08 1 15 59
03 395 1 03 79 11 1 16 79
03 396 0 09 49 09 1 15 49
03 397 1 09 61 02 1 16 61
03 398 0 00 54 04 1 15 54
03 399 1 04 74 13 1 16 74
