17 000 0 11 50 00 1 00 50
17 001 1 09 40 00 1 00 40
17 002 0 11 50 00 1 01 50
17 003 1 09 40 00 1 01 40
17 004 0 02 71 01 1 01 71
17 005 1 06 49 01 1 01 49
17 006 0 11 50 00 1 02 50
17 007 1 09 40 00 1 02 40
17 008 0 02 71 01 1 02 71
17 009 1 08 63 02 1 02 63
17 010 0 16 33 02 1 02 33
17 011 1 06 49 01 1 02 49
17 012 0 11 50 00 1 03 50
17 013 1 09 40 00 1 03 40
17 014 0 04 31 03 0 03 49
17 015 1 08 63 02 1 03 63
17 016 0 02 71 01 0 03 40
17 017 1 06 49 01 1 03 49
17 018 0 16 33 02 1 03 33
17 019 1 00 12 03 0 03 39
17 020 0 02 71 01 0 03 40
17 021 1 09 40 00 1 03 40
17 022 0 04 31 03 0 03 33
17 023 1 08 63 02 1 03 63
17 024 0 16 33 02 1 03 33
17 025 1 06 49 01 1 03 49
17 026 0 11 50 00 1 03 50
17 027 1 00 12 03 1 03 12
17 028 0 04 31 03 1 03 31
17 029 1 06 49 01 1 04 49
17 030 0 11 50 00 1 03 50
17 031 1 00 12 03 1 04 12
17 032 0 02 71 01 1 03 71
17 033 1 09 40 00 1 04 40
17 034 0 16 33 02 1 03 33
17 035 1 08 63 02 1 04 63
17 036 0 11 50 00 1 04 50
17 037 1 10 25 04 1 04 25
17 038 0 02 71 01 1 04 71
17 039 1 08 63 02 1 05 63
17 040 0 16 33 02 1 04 33
17 041 1 09 40 00 1 05 40
17 042 0 17 13 04 1 04 13
17 043 1 06 49 01 1 05 49
17 044 0 04 31 03 1 04 31
17 045 1 00 12 03 0 05 13
17 046 0 08 48 05 0 05 45
17 047 1 01 65 05 1 05 65
17 048 0 04 31 03 0 05 71
17 049 1 10 25 04 1 05 25
17 050 0 11 50 00 1 05 50
17 051 1 09 40 00 1 05 40
17 052 0 02 71 01 1 05 71
17 053 1 10 25 04 1 05 25
17 054 0 17 13 04 1 05 13
17 055 1 08 63 02 1 05 63
17 056 0 16 33 02 1 05 33
17 057 1 01 65 05 0 05 68
17 058 0 08 48 05 1 05 48
17 059 1 00 12 03 1 05 12
17 060 0 17 13 04 1 05 13
17 061 1 06 49 01 1 05 49
17 062 0 02 71 01 1 05 71
17 063 1 00 12 03 0 05 13
17 064 0 04 31 03 1 05 31
17 065 1 09 40 00 1 05 40
17 066 0 11 50 00 1 05 50
17 067 1 01 65 05 1 05 65
17 068 0 16 33 02 1 05 33
17 069 1 06 49 01 1 05 49
17 070 0 08 48 05 1 06 48
17 071 1 08 63 02 1 05 63
17 072 0 16 33 02 1 06 33
17 073 1 10 25 04 1 05 25
17 074 0 04 31 03 0 06 71
17 075 1 09 40 00 1 05 40
17 076 0 11 50 00 1 06 50
17 077 1 06 49 01 1 05 49
17 078 0 02 71 01 1 06 71
17 079 1 10 25 04 1 05 25
17 080 0 05 60 06 1 06 60
17 081 1 08 63 02 1 05 63
17 082 0 17 13 04 1 06 13
17 083 1 00 12 03 1 05 12
17 084 0 08 48 05 0 06 65
17 085 1 01 65 05 1 05 65
17 086 0 02 71 01 1 06 71
17 087 1 08 63 02 1 06 63
17 088 0 17 13 04 1 06 13
17 089 1 01 65 05 1 06 65
17 090 0 16 33 02 1 06 33
17 091 1 09 40 00 0 06 49
17 092 0 04 31 03 1 06 31
17 093 1 07 54 06 1 06 54
17 094 0 11 50 00 1 06 50
17 095 1 00 12 03 1 06 12
17 096 0 05 60 06 1 06 60
17 097 1 06 49 01 1 06 49
17 098 0 11 50 00 1 06 50
17 099 1 10 25 04 1 06 25
17 100 0 08 48 05 0 06 65
17 101 1 08 63 02 1 06 63
17 102 0 02 71 01 1 06 71
17 103 1 00 12 03 1 06 12
17 104 0 16 33 02 1 06 33
17 105 1 07 54 06 1 06 54
17 106 0 17 13 04 1 06 13
17 107 1 01 65 05 1 06 65
17 108 0 04 31 03 1 06 31
17 109 1 06 49 01 1 06 49
17 110 0 05 60 06 1 06 60
17 111 1 09 40 00 1 06 40
17 112 0 05 60 06 1 06 60
17 113 1 10 25 04 1 06 25
17 114 0 11 50 00 1 06 50
17 115 1 15 21 07 1 07 21
17 116 0 02 71 01 1 06 71
17 117 1 10 25 04 1 07 25
17 118 0 16 33 02 1 06 33
17 119 1 00 12 03 1 07 12
17 120 0 17 13 04 1 06 13
17 121 1 09 40 00 1 07 40
17 122 0 04 31 03 1 06 31
17 123 1 01 65 05 1 07 65
17 124 0 08 48 05 0 06 05
17 125 1 06 49 01 1 07 49
17 126 0 08 48 05 1 06 48
17 127 1 08 63 02 1 07 63
17 128 0 05 60 06 1 06 60
17 129 1 07 54 06 1 07 54
17 130 0 11 50 00 1 06 50
17 131 1 06 49 01 1 08 49
17 132 0 02 71 01 1 06 71
17 133 1 08 63 02 1 08 63
17 134 0 16 33 02 1 06 33
17 135 1 10 25 04 1 08 25
17 136 0 17 13 04 1 06 13
17 137 1 09 40 00 1 08 40
17 138 0 04 31 03 1 06 31
17 139 1 16 28 08 1 08 28
17 140 0 16 33 02 1 07 33
17 141 1 00 12 03 1 08 12
17 142 0 04 31 03 1 07 31
17 143 1 07 54 06 1 08 54
17 144 0 11 50 00 1 07 50
17 145 1 01 65 05 1 08 65
17 146 0 08 48 05 1 07 48
17 147 1 15 21 07 1 08 21
17 148 0 03 15 07 1 07 15
17 149 1 15 21 07 1 09 21
17 150 0 17 13 04 1 07 13
17 151 1 09 40 00 1 09 40
17 152 0 02 71 01 1 07 71
17 153 1 08 63 02 1 09 63
17 154 0 05 60 06 1 07 60
17 155 1 01 65 05 1 09 65
17 156 0 05 60 06 1 08 60
17 157 1 04 59 09 1 09 59
17 158 0 07 77 08 1 08 77
17 159 1 10 25 04 1 09 25
17 160 0 16 33 02 1 08 33
17 161 1 06 49 01 1 09 49
17 162 0 03 15 07 1 08 15
17 163 1 00 12 03 1 09 12
17 164 0 04 31 03 1 08 31
17 165 1 07 54 06 1 09 54
17 166 0 11 50 00 1 08 50
17 167 1 16 28 08 1 09 28
17 168 0 02 71 01 1 08 71
17 169 1 04 59 09 1 10 59
17 170 0 17 13 04 1 08 13
17 171 1 07 54 06 1 10 54
17 172 0 08 48 05 1 08 48
17 173 1 09 40 00 1 10 40
17 174 0 05 60 06 1 09 60
17 175 1 10 25 04 1 10 25
17 176 0 03 15 07 1 09 15
17 177 1 15 21 07 1 10 21
17 178 0 08 48 05 1 09 48
17 179 1 08 63 02 1 10 63
17 180 0 11 50 00 1 09 50
17 181 1 00 12 03 1 10 12
17 182 0 16 33 02 1 09 33
17 183 1 05 41 10 0 10 48
17 184 0 07 77 08 1 09 77
17 185 1 16 28 08 1 10 28
17 186 0 04 31 03 1 09 31
17 187 1 06 49 01 1 10 49
17 188 0 14 18 09 1 09 18
17 189 1 01 65 05 1 10 65
17 190 0 02 71 01 1 09 71
17 191 1 05 41 10 1 10 41
17 192 0 17 13 04 1 09 13
17 193 1 10 25 04 1 10 25
17 194 0 15 45 10 1 10 45
17 195 1 07 54 06 1 10 54
17 196 0 08 48 05 1 10 48
17 197 1 09 40 00 1 10 40
17 198 0 02 71 01 1 10 71
17 199 1 00 12 03 1 10 12
17 200 0 03 15 07 1 10 15
17 201 1 15 21 07 1 10 21
17 202 0 17 13 04 1 10 13
17 203 1 16 28 08 1 10 28
17 204 0 04 31 03 1 10 31
17 205 1 08 63 02 1 10 63
17 206 0 14 18 09 1 10 18
17 207 1 01 65 05 1 10 65
17 208 0 16 33 02 1 10 33
17 209 1 06 49 01 1 10 49
17 210 0 05 60 06 1 10 60
17 211 1 04 59 09 1 10 59
17 212 0 11 50 00 1 10 50
17 213 1 01 65 05 1 11 65
17 214 0 07 77 08 1 10 77
17 215 1 09 40 00 1 11 40
17 216 0 07 77 08 1 11 77
17 217 1 00 12 03 1 11 12
17 218 0 17 13 04 1 11 13
17 219 1 10 25 04 1 11 25
17 220 0 08 48 05 1 11 48
17 221 1 03 30 11 1 11 30
17 222 0 14 18 09 1 11 18
17 223 1 08 63 02 1 11 63
17 224 0 05 60 06 1 11 60
17 225 1 06 49 01 1 11 49
17 226 0 03 15 07 1 11 15
17 227 1 15 21 07 1 11 21
17 228 0 15 45 10 1 11 45
17 229 1 04 59 09 1 11 59
17 230 0 02 71 01 1 11 71
17 231 1 16 28 08 1 11 28
17 232 0 04 31 03 1 11 31
17 233 1 07 54 06 1 11 54
17 234 0 16 33 02 1 11 33
17 235 1 05 41 10 1 11 41
17 236 0 11 50 00 1 11 50
17 237 1 16 28 08 1 12 28
17 238 0 12 17 11 1 11 17
17 239 1 05 41 10 1 12 41
17 240 0 11 50 00 1 12 50
17 241 1 03 30 11 1 12 30
17 242 0 07 77 08 1 12 77
17 243 1 04 59 09 1 12 59
17 244 0 16 33 02 1 12 33
17 245 1 15 21 07 1 12 21
17 246 0 02 71 01 1 12 71
17 247 1 08 63 02 1 12 63
17 248 0 14 18 09 1 12 18
17 249 1 14 56 12 1 12 56
17 250 0 17 13 04 1 12 13
17 251 1 06 49 01 1 12 49
17 252 0 05 60 06 1 12 60
17 253 1 00 12 03 1 12 12
17 254 0 15 45 10 1 12 45
17 255 1 09 40 00 1 12 40
17 256 0 08 48 05 1 12 48
17 257 1 07 54 06 1 12 54
17 258 0 03 15 07 1 12 15
17 259 1 10 25 04 1 12 25
17 260 0 13 72 12 0 12 71
17 261 1 01 65 05 1 12 65
17 262 0 12 17 11 1 12 17
17 263 1 06 49 01 1 13 49
17 264 0 04 31 03 1 12 31
17 265 1 15 21 07 1 13 21
17 266 0 17 13 04 1 12 13
17 267 1 01 65 05 1 13 65
17 268 0 08 48 05 1 12 48
17 269 1 10 25 04 1 13 25
17 270 0 12 17 11 1 12 17
17 271 1 09 40 00 1 13 40
17 272 0 05 60 06 1 12 60
17 273 1 04 59 09 1 13 59
17 274 0 07 77 08 1 12 77
17 275 1 14 56 12 1 13 56
17 276 0 03 15 07 1 12 15
17 277 1 08 63 02 1 13 63
17 278 0 15 45 10 1 12 45
17 279 1 00 12 03 1 13 12
17 280 0 13 72 12 1 12 72
17 281 1 03 30 11 1 13 30
17 282 0 14 18 09 1 12 18
17 283 1 07 54 06 1 13 54
17 284 0 04 31 03 1 12 31
17 285 1 17 22 13 1 13 22
17 286 0 11 50 00 1 12 50
17 287 1 05 41 10 1 13 41
17 288 0 02 71 01 1 12 71
17 289 1 16 28 08 1 13 28
17 290 0 16 33 02 1 12 33
17 291 1 10 25 04 1 14 25
17 292 0 03 15 07 1 13 15
17 293 1 14 56 12 1 14 56
17 294 0 08 48 05 1 13 48
17 295 1 06 49 01 1 14 49
17 296 0 16 33 02 1 13 33
17 297 1 16 28 08 1 14 28
17 298 0 15 45 10 1 13 45
17 299 1 15 21 07 1 14 21
17 300 0 12 17 11 1 13 17
17 301 1 01 65 05 1 14 65
17 302 0 05 60 06 1 13 60
17 303 1 07 54 06 0 14 18
17 304 0 17 13 04 1 13 13
17 305 1 17 22 13 1 14 22
17 306 0 02 71 01 1 13 71
17 307 1 05 41 10 1 14 41
17 308 0 04 31 03 1 13 31
17 309 1 04 59 09 0 14 54
17 310 0 13 72 12 1 13 72
17 311 1 08 63 02 1 14 63
17 312 0 11 50 00 1 13 50
17 313 1 11 67 14 0 14 56
17 314 0 07 77 08 1 13 77
17 315 1 00 12 03 1 14 12
17 316 0 14 18 09 1 13 18
17 317 1 03 30 11 1 14 30
17 318 0 06 75 13 0 13 54
17 319 1 09 40 00 1 14 40
17 320 0 15 45 10 1 13 45
17 321 1 16 28 08 1 14 28
17 322 0 14 18 09 1 13 18
17 323 1 17 22 13 1 14 22
17 324 0 11 50 00 1 13 50
17 325 1 05 41 10 1 14 41
17 326 0 12 17 11 1 13 17
17 327 1 08 63 02 1 14 63
17 328 0 16 33 02 1 13 33
17 329 1 10 25 04 1 14 25
17 330 0 04 31 03 1 13 31
17 331 1 01 65 05 1 14 65
17 332 0 17 13 04 0 13 31
17 333 1 15 21 07 1 14 21
17 334 0 07 77 08 1 13 77
17 335 1 04 59 09 1 14 59
17 336 0 08 48 05 1 13 48
17 337 1 07 54 06 1 14 54
17 338 0 05 60 06 1 13 60
17 339 1 11 67 14 1 14 67
17 340 0 13 72 12 1 13 72
17 341 1 09 40 00 1 14 40
17 342 0 03 15 07 1 13 15
17 343 1 06 49 01 1 14 49
17 344 0 06 75 13 1 13 75
17 345 1 03 30 11 1 14 30
17 346 0 02 71 01 1 13 71
17 347 1 14 56 12 0 14 54
17 348 0 02 71 01 1 13 71
17 349 1 00 12 03 1 14 12
17 350 0 13 72 12 1 13 72
17 351 1 15 21 07 1 14 21
17 352 0 05 60 06 1 13 60
17 353 1 14 56 12 1 14 56
17 354 0 06 75 13 1 13 75
17 355 1 03 30 11 1 14 30
17 356 0 07 77 08 1 13 77
17 357 1 10 25 04 1 14 25
17 358 0 08 48 05 1 13 48
17 359 1 06 49 01 1 14 49
17 360 0 17 13 04 0 13 31
17 361 1 16 28 08 1 14 28
17 362 0 04 31 03 1 13 31
17 363 1 00 12 03 1 14 12
17 364 0 14 18 09 1 13 18
17 365 1 11 67 14 1 14 67
17 366 0 11 50 00 1 13 50
17 367 1 01 65 05 1 14 65
17 368 0 16 33 02 1 13 33
17 369 1 07 54 06 1 14 54
17 370 0 15 45 10 1 13 45
17 371 1 17 22 13 1 14 22
17 372 0 03 15 07 1 13 15
17 373 1 05 41 10 1 14 41
17 374 0 12 17 11 1 13 17
17 375 1 04 59 09 1 14 59
17 376 0 11 50 00 1 13 50
17 377 1 08 63 02 1 14 63
17 378 0 07 77 08 1 13 77
17 379 1 09 40 00 1 14 40
17 380 0 16 33 02 1 13 33
17 381 1 17 22 13 1 15 22
17 382 0 13 72 12 1 13 72
17 383 1 06 49 01 1 15 49
17 384 0 05 60 06 1 13 60
17 385 1 07 54 06 1 15 54
17 386 0 04 31 03 1 13 31
17 387 1 11 67 14 1 15 67
17 388 0 12 17 11 1 13 17
17 389 1 09 40 00 1 15 40
17 390 0 17 13 04 1 13 13
17 391 1 15 21 07 1 15 21
17 392 0 06 75 13 1 13 75
17 393 1 00 12 03 1 15 12
17 394 0 14 18 09 1 13 18
17 395 1 03 30 11 1 15 30
17 396 0 15 45 10 1 13 45
17 397 1 16 28 08 1 15 28
17 398 0 03 15 07 1 13 15
17 399 1 01 65 05 1 15 65
