13 000 0 10 14 00 1 00 14
13 001 1 15 62 00 1 00 62
13 002 0 08 21 01 0 01 75
13 003 1 03 75 01 1 01 75
13 004 0 10 14 00 1 01 14
13 005 1 15 62 00 1 01 62
13 006 0 08 21 01 1 01 21
13 007 1 14 55 02 1 02 55
13 008 0 10 14 00 1 01 14
13 009 1 15 62 00 1 02 62
13 010 0 08 21 01 0 02 75
13 011 1 03 75 01 0 02 74
13 012 0 07 61 02 0 02 64
13 013 1 03 75 01 1 02 75
13 014 0 10 14 00 1 02 14
13 015 1 14 55 02 1 02 55
13 016 0 07 61 02 1 02 61
13 017 1 15 62 00 1 02 62
13 018 0 08 21 01 1 02 21
13 019 1 14 55 02 1 03 55
13 020 0 10 14 00 1 02 14
13 021 1 13 38 03 1 03 38
13 022 0 01 40 03 1 03 40
13 023 1 15 62 00 0 03 65
13 024 0 08 21 01 1 03 21
13 025 1 03 75 01 0 03 55
13 026 0 10 14 00 1 03 14
13 027 1 03 75 01 0 03 55
13 028 0 07 61 02 0 03 75
13 029 1 14 55 02 1 03 55
13 030 0 07 61 02 1 03 61
13 031 1 15 62 00 0 03 65
13 032 0 08 21 01 0 03 65
13 033 1 13 38 03 1 03 38
13 034 0 10 14 00 1 03 14
13 035 1 14 55 02 1 03 55
13 036 0 01 40 03 0 03 38
13 037 1 13 38 03 1 03 38
13 038 0 01 40 03 1 03 40
13 039 1 03 75 01 0 03 55
13 040 0 07 61 02 0 03 21
13 041 1 15 62 00 0 03 65
13 042 0 10 14 00 1 03 14
13 043 1 03 75 01 0 03 55
13 044 0 08 21 01 1 03 21
13 045 1 13 38 03 1 03 38
13 046 0 10 14 00 1 03 14
13 047 1 14 55 02 1 03 55
13 048 0 08 21 01 1 03 21
13 049 1 15 62 00 0 03 65
13 050 0 07 61 02 0 03 65
13 051 1 13 38 03 1 03 38
13 052 0 01 40 03 1 03 40
13 053 1 15 62 00 1 03 62
13 054 0 08 21 01 1 03 21
13 055 1 03 75 01 1 03 75
13 056 0 07 61 02 0 03 21
13 057 1 14 55 02 1 03 55
13 058 0 10 14 00 1 03 14
13 059 1 03 75 01 0 04 55
13 060 0 01 40 03 1 03 40
13 061 1 14 55 02 1 04 55
13 062 0 07 61 02 0 03 21
13 063 1 13 38 03 1 04 38
13 064 0 08 21 01 1 03 21
13 065 1 10 73 04 0 04 71
13 066 0 10 14 00 1 03 14
13 067 1 15 62 00 0 04 65
13 068 0 01 40 03 1 03 40
13 069 1 13 38 03 1 04 38
13 070 0 08 21 01 1 03 21
13 071 1 14 55 02 1 04 55
13 072 0 10 14 00 1 03 14
13 073 1 15 62 00 1 04 62
13 074 0 01 40 03 1 03 40
13 075 1 10 73 04 1 04 73
13 076 0 07 61 02 0 03 21
13 077 1 03 75 01 1 04 75
13 078 0 07 61 02 0 03 65
13 079 1 03 75 01 1 05 75
13 080 0 08 21 01 1 03 21
13 081 1 17 23 05 1 05 23
13 082 0 01 40 03 1 03 40
13 083 1 14 55 02 1 05 55
13 084 0 10 14 00 1 03 14
13 085 1 15 62 00 1 05 62
13 086 0 07 61 02 1 03 61
13 087 1 13 38 03 1 05 38
13 088 0 01 40 03 1 03 40
13 089 1 10 73 04 0 05 23
13 090 0 08 21 01 1 03 21
13 091 1 14 55 02 1 05 55
13 092 0 10 14 00 1 03 14
13 093 1 13 38 03 1 05 38
13 094 0 01 40 03 1 04 40
13 095 1 03 75 01 0 05 76
13 096 0 08 21 01 1 04 21
13 097 1 17 23 05 1 05 23
13 098 0 07 61 02 0 04 62
13 099 1 10 73 04 1 05 73
13 100 0 04 30 04 1 04 30
13 101 1 15 62 00 0 05 65
13 102 0 10 14 00 1 04 14
13 103 1 17 23 05 1 05 23
13 104 0 07 61 02 0 04 63
13 105 1 03 75 01 1 05 75
13 106 0 01 40 03 1 04 40
13 107 1 10 73 04 0 05 53
13 108 0 08 21 01 1 04 21
13 109 1 14 55 02 1 05 55
13 110 0 10 14 00 1 04 14
13 111 1 15 62 00 1 05 62
13 112 0 04 30 04 1 04 30
13 113 1 13 38 03 0 05 23
13 114 0 10 14 00 1 04 14
13 115 1 10 73 04 0 05 53
13 116 0 08 21 01 1 04 21
13 117 1 13 38 03 1 05 38
13 118 0 01 40 03 1 04 40
13 119 1 17 23 05 1 05 23
13 120 0 07 61 02 1 04 61
13 121 1 14 55 02 1 05 55
13 122 0 04 30 04 1 04 30
13 123 1 15 62 00 0 05 65
13 124 0 07 61 02 1 05 61
13 125 1 03 75 01 1 05 75
13 126 0 04 30 04 1 05 30
13 127 1 17 23 05 1 05 23
13 128 0 01 40 03 1 05 40
13 129 1 14 55 02 1 05 55
13 130 0 10 14 00 1 05 14
13 131 1 10 73 04 0 05 53
13 132 0 08 21 01 1 05 21
13 133 1 03 75 01 1 05 75
13 134 0 11 51 05 1 05 51
13 135 1 15 62 00 0 05 61
13 136 0 13 60 06 1 06 60
13 137 1 13 38 03 0 05 28
13 138 0 11 51 05 0 06 60
13 139 1 03 75 01 1 05 75
13 140 0 07 61 02 1 06 61
13 141 1 10 73 04 1 05 73
13 142 0 08 21 01 1 06 21
13 143 1 15 62 00 0 05 65
13 144 0 01 40 03 1 06 40
13 145 1 14 55 02 1 05 55
13 146 0 10 14 00 1 06 14
13 147 1 17 23 05 1 05 23
13 148 0 04 30 04 1 06 30
13 149 1 13 38 03 0 05 28
13 150 0 01 40 03 1 06 40
13 151 1 10 73 04 0 05 62
13 152 0 11 51 05 0 06 40
13 153 1 13 38 03 1 05 38
13 154 0 08 21 01 1 06 21
13 155 1 14 55 02 1 05 55
13 156 0 10 14 00 1 06 14
13 157 1 15 62 00 0 05 63
13 158 0 13 60 06 1 06 60
13 159 1 17 23 05 1 05 23
13 160 0 04 30 04 0 06 00
13 161 1 03 75 01 1 05 75
13 162 0 07 61 02 1 06 61
13 163 1 15 62 00 1 05 62
13 164 0 07 61 02 1 06 61
13 165 1 10 73 04 1 05 73
13 166 0 10 14 00 1 06 14
13 167 1 03 75 01 1 05 75
13 168 0 08 21 01 1 06 21
13 169 1 14 55 02 1 05 55
13 170 0 13 60 06 1 06 60
13 171 1 13 38 03 1 05 38
13 172 0 01 40 03 1 06 40
13 173 1 17 23 05 1 05 23
13 174 0 11 51 05 1 06 51
13 175 1 03 75 01 1 06 75
13 176 0 04 30 04 1 06 30
13 177 1 13 38 03 1 06 38
13 178 0 09 17 07 1 07 17
13 179 1 09 33 06 0 06 55
13 180 0 13 60 06 1 07 60
13 181 1 10 73 04 1 06 73
13 182 0 07 61 02 1 07 61
13 183 1 15 62 00 0 06 63
13 184 0 10 14 00 1 07 14
13 185 1 17 23 05 1 06 23
13 186 0 04 30 04 1 07 30
13 187 1 14 55 02 1 06 55
13 188 0 08 21 01 1 07 21
13 189 1 10 73 04 1 06 73
13 190 0 11 51 05 1 07 51
13 191 1 17 23 05 1 06 23
13 192 0 01 40 03 1 07 40
13 193 1 03 75 01 1 06 75
13 194 0 07 61 02 0 08 21
13 195 1 13 38 03 1 06 38
13 196 0 13 60 06 1 08 60
13 197 1 09 33 06 1 06 33
13 198 0 00 12 08 1 08 12
13 199 1 14 55 02 1 06 55
13 200 0 08 21 01 1 08 21
13 201 1 15 62 00 1 06 62
13 202 0 10 14 00 1 08 14
13 203 1 09 33 06 1 07 33
13 204 0 09 17 07 0 08 16
13 205 1 15 62 00 1 07 62
13 206 0 11 51 05 1 08 51
13 207 1 17 23 05 1 07 23
13 208 0 01 40 03 1 08 40
13 209 1 03 75 01 1 07 75
13 210 0 04 30 04 1 08 30
13 211 1 00 76 07 1 07 76
13 212 0 07 61 02 1 08 61
13 213 1 14 55 02 1 07 55
13 214 0 08 21 01 1 08 21
13 215 1 13 38 03 1 07 38
13 216 0 09 17 07 1 08 17
13 217 1 10 73 04 1 07 73
13 218 0 00 12 08 1 08 12
13 219 1 03 75 01 1 08 75
13 220 0 04 30 04 1 08 30
13 221 1 14 55 02 1 08 55
13 222 0 01 40 03 1 08 40
13 223 1 10 73 04 1 08 73
13 224 0 10 14 00 1 08 14
13 225 1 00 76 07 1 08 76
13 226 0 11 51 05 1 08 51
13 227 1 09 33 06 1 08 33
13 228 0 13 60 06 1 08 60
13 229 1 15 62 00 1 08 62
13 230 0 00 12 08 1 09 12
13 231 1 07 48 08 1 08 48
13 232 0 01 40 03 1 09 40
13 233 1 13 38 03 1 08 38
13 234 0 11 51 05 1 09 51
13 235 1 17 23 05 1 08 23
13 236 0 16 58 09 1 09 58
13 237 1 10 73 04 1 09 73
13 238 0 08 21 01 1 09 21
13 239 1 00 76 07 1 09 76
13 240 0 10 14 00 1 09 14
13 241 1 09 33 06 0 09 15
13 242 0 07 61 02 1 09 61
13 243 1 14 55 02 1 09 55
13 244 0 04 30 04 1 09 30
13 245 1 16 15 09 1 09 15
13 246 0 09 17 07 1 09 17
13 247 1 07 48 08 1 09 48
13 248 0 13 60 06 1 09 60
13 249 1 15 62 00 0 09 61
13 250 0 07 61 02 1 10 61
13 251 1 03 75 01 1 09 75
13 252 0 00 12 08 1 10 12
13 253 1 13 38 03 1 09 38
13 254 0 12 43 10 1 10 43
13 255 1 17 23 05 1 09 23
13 256 0 04 30 04 1 10 30
13 257 1 03 75 01 1 09 75
13 258 0 09 17 07 1 10 17
13 259 1 17 23 05 1 09 23
13 260 0 11 51 05 1 10 51
13 261 1 16 15 09 1 09 15
13 262 0 10 14 00 1 10 14
13 263 1 14 55 02 0 09 06
13 264 0 01 40 03 1 10 40
13 265 1 09 33 06 0 09 15
13 266 0 16 58 09 1 10 58
13 267 1 00 76 07 1 09 76
13 268 0 13 60 06 1 10 60
13 269 1 07 48 08 1 09 48
13 270 0 08 21 01 1 10 21
13 271 1 13 38 03 1 09 38
13 272 0 10 14 00 1 11 14
13 273 1 15 62 00 1 09 62
13 274 0 07 61 02 0 11 21
13 275 1 10 73 04 1 09 73
13 276 0 16 58 09 0 11 76
13 277 1 10 73 04 1 09 73
13 278 0 01 40 03 1 11 40
13 279 1 07 48 08 1 09 48
13 280 0 08 21 01 1 11 21
13 281 1 16 15 09 1 09 15
13 282 0 04 30 04 1 11 30
13 283 1 13 38 03 1 09 38
13 284 0 00 12 08 1 11 12
13 285 1 03 75 01 1 09 75
13 286 0 09 17 07 1 11 17
13 287 1 00 76 07 1 09 76
13 288 0 03 19 11 0 11 16
13 289 1 17 23 05 1 09 23
13 290 0 12 43 10 1 11 43
13 291 1 15 62 00 1 09 62
13 292 0 13 60 06 1 11 60
13 293 1 14 55 02 1 09 55
13 294 0 11 51 05 1 11 51
13 295 1 09 33 06 0 09 58
13 296 0 00 12 08 1 11 12
13 297 1 09 33 06 1 09 33
13 298 0 04 30 04 1 11 30
13 299 1 03 75 01 1 09 75
13 300 0 08 21 01 1 11 21
13 301 1 07 48 08 1 09 48
13 302 0 01 40 03 1 11 40
13 303 1 00 76 07 1 09 76
13 304 0 16 58 09 1 11 58
13 305 1 14 55 02 1 09 55
13 306 0 09 17 07 1 11 17
13 307 1 17 23 05 1 09 23
13 308 0 10 14 00 1 11 14
13 309 1 16 15 09 1 09 15
13 310 0 11 51 05 1 11 51
13 311 1 15 62 00 1 09 62
13 312 0 07 61 02 1 11 61
13 313 1 10 73 04 1 09 73
13 314 0 12 43 10 1 11 43
13 315 1 13 38 03 1 09 38
13 316 0 03 19 11 1 11 19
13 317 1 09 33 06 1 10 33
13 318 0 13 60 06 1 11 60
13 319 1 07 48 08 1 10 48
13 320 0 00 12 08 1 12 12
13 321 1 10 73 04 1 10 73
13 322 0 16 58 09 1 12 58
13 323 1 03 75 01 1 10 75
13 324 0 03 19 11 1 12 19
13 325 1 00 76 07 1 10 76
13 326 0 10 14 00 1 12 14
13 327 1 01 28 10 0 10 59
13 328 0 09 17 07 1 12 17
13 329 1 17 23 05 1 10 23
13 330 0 08 21 01 1 12 21
13 331 1 15 62 00 1 10 62
13 332 0 12 43 10 1 12 43
13 333 1 14 55 02 1 10 55
13 334 0 15 69 12 1 12 69
13 335 1 13 38 03 1 10 38
13 336 0 13 60 06 1 12 60
13 337 1 16 15 09 1 10 15
13 338 0 07 61 02 1 12 61
13 339 1 03 75 01 1 10 75
13 340 0 01 40 03 1 12 40
13 341 1 10 73 04 1 10 73
13 342 0 04 30 04 1 12 30
13 343 1 15 62 00 1 10 62
13 344 0 11 51 05 1 12 51
13 345 1 00 76 07 1 10 76
13 346 0 05 39 13 1 13 39
13 347 1 17 23 05 1 10 23
13 348 0 08 21 01 1 13 21
13 349 1 01 28 10 1 10 28
13 350 0 10 14 00 1 13 14
13 351 1 07 48 08 1 10 48
13 352 0 03 19 11 1 13 19
13 353 1 14 55 02 1 10 55
13 354 0 13 60 06 1 13 60
13 355 1 13 38 03 1 10 38
13 356 0 07 61 02 1 13 61
13 357 1 09 33 06 1 10 33
13 358 0 01 40 03 1 13 40
13 359 1 16 15 09 1 10 15
13 360 0 09 17 07 1 13 17
13 361 1 03 75 01 1 11 75
13 362 0 15 69 12 1 13 69
13 363 1 01 28 10 1 11 28
13 364 0 00 12 08 1 13 12
13 365 1 14 55 02 1 11 55
13 366 0 04 30 04 1 13 30
13 367 1 15 62 00 1 11 62
13 368 0 12 43 10 1 13 43
13 369 1 09 33 06 1 11 33
13 370 0 16 58 09 1 13 58
13 371 1 13 38 03 1 11 38
13 372 0 11 51 05 1 13 51
13 373 1 16 15 09 0 11 33
13 374 0 12 43 10 1 14 43
13 375 1 00 76 07 1 11 76
13 376 0 07 61 02 1 14 61
13 377 1 06 44 11 1 11 44
13 378 0 15 69 12 1 14 69
13 379 1 10 73 04 1 11 73
13 380 0 14 35 14 1 14 35
13 381 1 07 48 08 1 11 48
13 382 0 04 30 04 1 14 30
13 383 1 17 23 05 1 11 23
13 384 0 11 51 05 1 14 51
13 385 1 01 28 10 1 11 28
13 386 0 09 17 07 1 14 17
13 387 1 10 73 04 1 11 73
13 388 0 03 19 11 1 14 19
13 389 1 14 55 02 1 11 55
13 390 0 08 21 01 1 14 21
13 391 1 06 44 11 1 11 44
13 392 0 05 39 13 1 14 39
13 393 1 16 15 09 1 11 15
13 394 0 10 14 00 1 14 14
13 395 1 17 23 05 1 11 23
13 396 0 13 60 06 1 14 60
13 397 1 15 62 00 1 11 62
13 398 0 01 40 03 1 14 40
13 399 1 03 75 01 1 11 75
