31 000 0 08 48 00 0 00 04
31 001 1 15 76 00 1 00 76
31 002 0 08 48 00 1 00 48
31 003 1 10 27 01 0 01 38
31 004 0 08 48 00 1 01 48
31 005 1 15 76 00 0 01 74
31 006 0 02 19 01 1 01 19
31 007 1 15 76 00 1 01 76
31 008 0 08 48 00 1 02 48
31 009 1 10 27 01 1 01 27
31 010 0 06 30 02 0 02 56
31 011 1 16 42 02 1 02 42
31 012 0 02 19 01 1 02 19
31 013 1 10 27 01 1 02 27
31 014 0 08 48 00 1 02 48
31 015 1 15 76 00 1 02 76
31 016 0 06 30 02 1 02 30
31 017 1 15 76 00 1 03 76
31 018 0 02 19 01 1 02 19
31 019 1 10 27 01 0 03 38
31 020 0 08 48 00 1 03 48
31 021 1 11 50 03 0 03 78
31 022 0 03 77 03 0 03 50
31 023 1 16 42 02 0 03 30
31 024 0 06 30 02 0 03 20
31 025 1 16 42 02 0 03 76
31 026 0 02 19 01 1 03 19
31 027 1 10 27 01 0 03 76
31 028 0 02 19 01 1 03 19
31 029 1 11 50 03 0 03 30
31 030 0 06 30 02 1 03 30
31 031 1 15 76 00 1 03 76
31 032 0 03 77 03 0 03 29
31 033 1 15 76 00 1 03 76
31 034 0 08 48 00 1 03 48
31 035 1 10 27 01 0 03 78
31 036 0 06 30 02 0 03 50
31 037 1 11 50 03 1 03 50
31 038 0 08 48 00 1 03 48
31 039 1 16 42 02 0 03 27
31 040 0 03 77 03 0 03 50
31 041 1 11 50 03 1 03 50
31 042 0 02 19 01 1 03 19
31 043 1 15 76 00 1 03 76
31 044 0 06 30 02 1 03 30
31 045 1 10 27 01 0 03 42
31 046 0 02 19 01 1 03 19
31 047 1 16 42 02 1 03 42
31 048 0 03 77 03 0 03 50
31 049 1 10 27 01 0 03 42
31 050 0 08 48 00 1 03 48
31 051 1 11 50 03 1 03 50
31 052 0 08 48 00 1 03 48
31 053 1 16 42 02 1 03 42
31 054 0 03 77 03 1 03 77
31 055 1 15 76 00 1 03 76
31 056 0 06 30 02 0 03 42
31 057 1 15 76 00 1 03 76
31 058 0 02 19 01 1 03 19
31 059 1 16 42 02 1 03 42
31 060 0 06 30 02 1 03 30
31 061 1 11 50 03 1 03 50
31 062 0 02 19 01 1 03 19
31 063 1 10 27 01 0 03 47
31 064 0 08 48 00 1 03 48
31 065 1 10 27 01 1 03 27
31 066 0 03 77 03 1 03 77
31 067 1 16 42 02 1 03 42
31 068 0 14 31 04 1 04 31
31 069 1 11 50 03 1 03 50
31 070 0 03 77 03 1 04 77
31 071 1 15 76 00 1 03 76
31 072 0 06 30 02 1 04 30
31 073 1 16 42 02 1 04 42
31 074 0 08 48 00 1 04 48
31 075 1 10 27 01 0 04 42
31 076 0 02 19 01 1 04 19
31 077 1 06 16 04 1 04 16
31 078 0 02 19 01 1 05 19
31 079 1 15 76 00 1 04 76
31 080 0 03 77 03 1 05 77
31 081 1 11 50 03 1 04 50
31 082 0 10 12 05 0 05 19
31 083 1 10 27 01 1 04 27
31 084 0 14 31 04 0 05 41
31 085 1 16 42 02 1 04 42
31 086 0 08 48 00 1 05 48
31 087 1 11 50 03 1 04 50
31 088 0 06 30 02 0 05 19
31 089 1 06 16 04 1 04 16
31 090 0 03 77 03 1 05 77
31 091 1 15 76 00 1 04 76
31 092 0 02 19 01 1 05 19
31 093 1 01 38 05 1 05 38
31 094 0 10 12 05 0 05 41
31 095 1 16 42 02 1 05 42
31 096 0 14 31 04 1 05 31
31 097 1 06 16 04 1 05 16
31 098 0 06 30 02 0 05 50
31 099 1 10 27 01 1 05 27
31 100 0 08 48 00 1 05 48
31 101 1 15 76 00 1 05 76
31 102 0 08 48 00 1 05 48
31 103 1 11 50 03 1 05 50
31 104 0 06 30 02 1 05 30
31 105 1 10 27 01 1 06 27
31 106 0 02 19 01 1 05 19
31 107 1 01 38 05 0 06 27
31 108 0 03 77 03 1 05 77
31 109 1 11 50 03 1 06 50
31 110 0 10 12 05 1 05 12
31 111 1 06 16 04 1 06 16
31 112 0 14 31 04 1 05 31
31 113 1 08 75 06 0 06 30
31 114 0 03 77 03 1 06 77
31 115 1 16 42 02 1 06 42
31 116 0 09 11 06 0 06 31
31 117 1 15 76 00 1 06 76
31 118 0 10 12 05 1 06 12
31 119 1 10 27 01 1 06 27
31 120 0 14 31 04 1 06 31
31 121 1 15 76 00 1 06 76
31 122 0 06 30 02 1 06 30
31 123 1 08 75 06 1 06 75
31 124 0 02 19 01 1 06 19
31 125 1 06 16 04 1 06 16
31 126 0 08 48 00 1 06 48
31 127 1 16 42 02 1 06 42
31 128 0 02 19 01 1 06 19
31 129 1 01 38 05 1 06 38
31 130 0 08 48 00 1 06 48
31 131 1 11 50 03 1 06 50
31 132 0 03 77 03 1 06 77
31 133 1 08 75 06 1 07 75
31 134 0 09 11 06 1 06 11
31 135 1 11 50 03 1 07 50
31 136 0 14 31 04 1 06 31
31 137 1 10 27 01 1 07 27
31 138 0 10 12 05 0 06 11
31 139 1 16 42 02 1 07 42
31 140 0 06 30 02 1 06 30
31 141 1 03 47 07 1 07 47
31 142 0 08 48 00 1 06 48
31 143 1 15 76 00 1 07 76
31 144 0 10 12 05 1 06 12
31 145 1 01 38 05 0 07 75
31 146 0 14 31 04 1 06 31
31 147 1 06 16 04 1 07 16
31 148 0 09 11 06 0 06 12
31 149 1 06 16 04 1 07 16
31 150 0 06 30 02 1 06 30
31 151 1 15 76 00 1 07 76
31 152 0 03 77 03 1 06 77
31 153 1 08 75 06 1 07 75
31 154 0 02 19 01 1 06 19
31 155 1 10 27 01 1 07 27
31 156 0 03 77 03 1 06 77
31 157 1 16 42 02 1 07 42
31 158 0 02 19 01 1 06 19
31 159 1 03 47 07 1 07 47
31 160 0 14 31 04 1 06 31
31 161 1 01 38 05 1 07 38
31 162 0 06 30 02 1 06 30
31 163 1 11 50 03 1 07 50
31 164 0 10 12 05 0 06 11
31 165 1 06 16 04 1 08 16
31 166 0 09 11 06 0 06 12
31 167 1 10 27 01 1 08 27
31 168 0 08 48 00 1 06 48
31 169 1 15 76 00 1 08 76
31 170 0 09 11 06 1 06 11
31 171 1 05 79 08 1 08 79
31 172 0 03 77 03 1 06 77
31 173 1 11 50 03 1 08 50
31 174 0 06 30 02 1 06 30
31 175 1 16 42 02 1 08 42
31 176 0 02 19 01 1 06 19
31 177 1 03 47 07 1 08 47
31 178 0 10 12 05 1 06 12
31 179 1 08 75 06 1 08 75
31 180 0 08 48 00 1 06 48
31 181 1 01 38 05 1 08 38
31 182 0 14 31 04 1 06 31
31 183 1 11 50 03 1 09 50
31 184 0 14 31 04 1 07 31
31 185 1 08 75 06 1 09 75
31 186 0 17 60 07 1 07 60
31 187 1 15 76 00 1 09 76
31 188 0 03 77 03 1 07 77
31 189 1 10 27 01 1 09 27
31 190 0 08 48 00 1 07 48
31 191 1 05 79 08 1 09 79
31 192 0 09 11 06 1 07 11
31 193 1 03 47 07 1 09 47
31 194 0 02 19 01 1 07 19
31 195 1 07 66 09 1 09 66
31 196 0 06 30 02 1 07 30
31 197 1 06 16 04 1 09 16
31 198 0 10 12 05 1 07 12
31 199 1 16 42 02 1 09 42
31 200 0 17 60 07 1 08 60
31 201 1 01 38 05 1 09 38
31 202 0 08 48 00 1 08 48
31 203 1 01 38 05 1 10 38
31 204 0 14 31 04 1 08 31
31 205 1 15 76 00 1 10 76
31 206 0 10 12 05 1 08 12
31 207 1 07 66 09 1 10 66
31 208 0 15 58 08 0 08 36
31 209 1 03 47 07 1 10 47
31 210 0 09 11 06 1 08 11
31 211 1 08 75 06 1 10 75
31 212 0 02 19 01 1 08 19
31 213 1 10 27 01 1 10 27
31 214 0 06 30 02 1 08 30
31 215 1 13 36 10 1 10 36
31 216 0 03 77 03 1 08 77
31 217 1 11 50 03 1 10 50
31 218 0 10 12 05 1 08 12
31 219 1 06 16 04 1 10 16
31 220 0 14 31 04 1 08 31
31 221 1 05 79 08 1 10 79
31 222 0 02 19 01 1 08 19
31 223 1 16 42 02 1 10 42
31 224 0 08 48 00 1 08 48
31 225 1 13 36 10 0 11 76
31 226 0 06 30 02 1 08 30
31 227 1 16 42 02 1 11 42
31 228 0 17 60 07 0 08 66
31 229 1 05 79 08 1 11 79
31 230 0 09 11 06 1 08 11
31 231 1 15 76 00 1 11 76
31 232 0 15 58 08 1 08 58
31 233 1 06 16 04 1 11 16
31 234 0 03 77 03 1 08 77
31 235 1 11 50 03 1 11 50
31 236 0 10 12 05 1 08 12
31 237 1 07 66 09 1 11 66
31 238 0 03 77 03 1 08 77
31 239 1 01 38 05 1 11 38
31 240 0 15 58 08 1 08 58
31 241 1 10 27 01 1 11 27
31 242 0 06 30 02 1 08 30
31 243 1 03 47 07 0 11 57
31 244 0 08 48 00 1 08 48
31 245 1 08 75 06 1 11 75
31 246 0 14 31 04 1 08 31
31 247 1 14 51 11 1 11 51
31 248 0 09 11 06 1 08 11
31 249 1 06 16 04 1 11 16
31 250 0 02 19 01 1 08 19
31 251 1 03 47 07 1 11 47
31 252 0 17 60 07 1 08 60
31 253 1 05 79 08 1 11 79
31 254 0 09 11 06 1 09 11
31 255 1 01 38 05 1 11 38
31 256 0 14 31 04 1 09 31
31 257 1 07 66 09 1 11 66
31 258 0 03 77 03 1 09 77
31 259 1 15 76 00 1 11 76
31 260 0 17 60 07 1 09 60
31 261 1 08 75 06 1 11 75
31 262 0 02 19 01 1 09 19
31 263 1 14 51 11 1 11 51
31 264 0 10 12 05 1 09 12
31 265 1 16 42 02 1 11 42
31 266 0 15 58 08 1 09 58
31 267 1 13 36 10 0 11 37
31 268 0 08 48 00 1 09 48
31 269 1 10 27 01 1 11 27
31 270 0 12 43 09 0 09 48
31 271 1 11 50 03 1 11 50
31 272 0 06 30 02 1 09 30
31 273 1 07 66 09 1 11 66
31 274 0 15 58 08 1 09 58
31 275 1 06 16 04 1 11 16
31 276 0 12 43 09 0 09 42
31 277 1 05 79 08 1 11 79
31 278 0 17 60 07 1 09 60
31 279 1 10 27 01 1 11 27
31 280 0 14 31 04 1 09 31
31 281 1 08 75 06 1 11 75
31 282 0 02 19 01 1 09 19
31 283 1 14 51 11 1 11 51
31 284 0 09 11 06 1 09 11
31 285 1 15 76 00 1 11 76
31 286 0 08 48 00 1 09 48
31 287 1 16 42 02 1 11 42
31 288 0 10 12 05 1 09 12
31 289 1 11 50 03 1 11 50
31 290 0 03 77 03 1 09 77
31 291 1 13 36 10 1 11 36
31 292 0 06 30 02 1 09 30
31 293 1 03 47 07 1 11 47
31 294 0 09 11 06 1 09 11
31 295 1 01 38 05 1 11 38
31 296 0 14 31 04 1 09 31
31 297 1 15 76 00 1 12 76
31 298 0 06 30 02 1 09 30
31 299 1 14 51 11 1 12 51
31 300 0 15 58 08 1 09 58
31 301 1 03 47 07 1 12 47
31 302 0 02 19 01 1 09 19
31 303 1 10 27 01 1 12 27
31 304 0 17 60 07 1 09 60
31 305 1 06 16 04 1 12 16
31 306 0 08 48 00 1 09 48
31 307 1 13 36 10 1 12 36
31 308 0 10 12 05 1 09 12
31 309 1 00 63 12 0 12 47
31 310 0 12 43 09 0 09 36
31 311 1 07 66 09 0 12 51
31 312 0 03 77 03 1 09 77
31 313 1 08 75 06 1 12 75
31 314 0 06 30 02 1 09 30
31 315 1 16 42 02 1 12 42
31 316 0 02 19 01 1 09 19
31 317 1 05 79 08 1 12 79
31 318 0 03 77 03 1 09 77
31 319 1 11 50 03 1 12 50
31 320 0 15 58 08 0 09 36
31 321 1 01 38 05 1 12 38
31 322 0 08 48 00 1 09 48
31 323 1 07 66 09 1 12 66
31 324 0 17 60 07 1 09 60
31 325 1 00 63 12 1 12 63
31 326 0 14 31 04 1 09 31
31 327 1 11 50 03 1 12 50
31 328 0 12 43 09 1 09 43
31 329 1 16 42 02 1 12 42
31 330 0 10 12 05 1 09 12
31 331 1 10 27 01 1 12 27
31 332 0 09 11 06 1 09 11
31 333 1 15 76 00 1 12 76
31 334 0 17 60 07 1 09 60
31 335 1 03 47 07 1 12 47
31 336 0 10 12 05 1 09 12
31 337 1 06 16 04 1 12 16
31 338 0 09 11 06 1 09 11
31 339 1 01 38 05 1 12 38
31 340 0 08 48 00 1 09 48
31 341 1 08 75 06 1 12 75
31 342 0 03 77 03 1 09 77
31 343 1 05 79 08 1 12 79
31 344 0 15 58 08 0 09 38
31 345 1 14 51 11 1 12 51
31 346 0 02 19 01 1 09 19
31 347 1 13 36 10 1 12 36
31 348 0 14 31 04 1 09 31
31 349 1 06 16 04 1 13 16
31 350 0 12 43 09 0 09 38
31 351 1 04 64 13 0 13 48
31 352 0 06 30 02 1 09 30
31 353 1 05 79 08 1 13 79
31 354 0 06 30 02 1 09 30
31 355 1 13 36 10 1 13 36
31 356 0 08 48 00 1 09 48
31 357 1 10 27 01 1 13 27
31 358 0 02 19 01 1 09 19
31 359 1 11 50 03 1 13 50
31 360 0 17 60 07 1 09 60
31 361 1 14 51 11 1 13 51
31 362 0 03 77 03 1 09 77
31 363 1 07 66 09 1 13 66
31 364 0 10 12 05 1 09 12
31 365 1 16 42 02 1 13 42
31 366 0 14 31 04 1 09 31
31 367 1 01 38 05 1 13 38
31 368 0 09 11 06 0 09 12
31 369 1 00 63 12 1 13 63
31 370 0 15 58 08 1 09 58
31 371 1 03 47 07 1 13 47
31 372 0 12 43 09 0 09 58
31 373 1 15 76 00 1 13 76
31 374 0 10 12 05 1 09 12
31 375 1 08 75 06 1 13 75
31 376 0 08 48 00 1 09 48
31 377 1 06 16 04 1 13 16
31 378 0 15 58 08 1 09 58
31 379 1 11 50 03 1 13 50
31 380 0 12 43 09 1 09 43
31 381 1 10 27 01 1 13 27
31 382 0 02 19 01 1 09 19
31 383 1 01 38 05 1 13 38
31 384 0 06 30 02 1 09 30
31 385 1 16 42 02 1 13 42
31 386 0 09 11 06 1 09 11
31 387 1 04 64 13 0 13 42
31 388 0 17 60 07 0 09 66
31 389 1 15 76 00 1 13 76
31 390 0 03 77 03 1 09 77
31 391 1 03 47 07 1 13 47
31 392 0 14 31 04 1 09 31
31 393 1 07 66 09 1 13 66
31 394 0 08 48 00 1 09 48
31 395 1 00 63 12 1 13 63
31 396 0 10 12 05 1 09 12
31 397 1 14 51 11 1 13 51
31 398 0 17 60 07 1 09 60
31 399 1 05 79 08 0 13 70
