27 000 0 10 32 00 1 00 32
27 001 1 06 26 00 1 00 26
27 002 0 10 32 00 0 01 26
27 003 1 17 60 01 1 01 60
27 004 0 14 59 01 0 01 90
27 005 1 06 26 00 1 01 26
27 006 0 10 32 00 1 01 32
27 007 1 17 60 01 0 02 56
27 008 0 14 59 01 1 01 59
27 009 1 06 26 00 1 02 26
27 010 0 16 72 02 1 02 72
27 011 1 14 34 02 1 02 34
27 012 0 14 59 01 0 02 60
27 013 1 17 60 01 1 02 60
27 014 0 10 32 00 1 02 32
27 015 1 14 34 02 1 02 34
27 016 0 16 72 02 1 02 72
27 017 1 06 26 00 1 02 26
27 018 0 10 32 00 1 02 32
27 019 1 17 60 01 1 03 60
27 020 0 14 59 01 1 02 59
27 021 1 06 26 00 1 03 26
27 022 0 10 32 00 1 03 32
27 023 1 16 63 03 1 03 63
27 024 0 16 72 02 0 03 40
27 025 1 14 34 02 1 03 34
27 026 0 14 59 01 1 03 59
27 027 1 16 63 03 1 04 63
27 028 0 13 40 03 1 03 40
27 029 1 17 60 01 1 04 60
27 030 0 16 72 02 1 03 72
27 031 1 14 34 02 1 04 34
27 032 0 10 32 00 1 03 32
27 033 1 06 26 00 1 04 26
27 034 0 13 40 03 1 03 40
27 035 1 10 57 04 1 04 57
27 036 0 14 59 01 1 03 59
27 037 1 10 57 04 1 05 57
27 038 0 14 59 01 0 04 56
27 039 1 16 63 03 0 05 57
27 040 0 05 58 04 0 04 57
27 041 1 15 66 05 1 05 66
27 042 0 13 40 03 1 04 40
27 043 1 06 26 00 1 05 26
27 044 0 10 32 00 1 04 32
27 045 1 14 34 02 1 05 34
27 046 0 16 72 02 1 04 72
27 047 1 17 60 01 1 05 60
27 048 0 13 40 03 1 04 40
27 049 1 14 34 02 1 05 34
27 050 0 10 32 00 1 04 32
27 051 1 17 60 01 1 05 60
27 052 0 14 59 01 1 04 59
27 053 1 15 66 05 1 05 66
27 054 0 16 72 02 1 04 72
27 055 1 06 26 00 1 05 26
27 056 0 05 58 04 1 04 58
27 057 1 10 57 04 1 05 57
27 058 0 13 40 03 1 05 40
27 059 1 16 63 03 0 05 57
27 060 0 14 59 01 1 05 59
27 061 1 14 34 02 1 05 34
27 062 0 10 32 00 1 05 32
27 063 1 06 26 00 1 05 26
27 064 0 16 72 02 1 05 72
27 065 1 16 63 03 0 05 57
27 066 0 08 20 05 1 05 20
27 067 1 17 60 01 1 05 60
27 068 0 05 58 04 1 05 58
27 069 1 15 66 05 1 05 66
27 070 0 14 59 01 1 06 59
27 071 1 10 57 04 1 05 57
27 072 0 13 40 03 1 06 40
27 073 1 10 57 04 1 05 57
27 074 0 01 19 06 1 06 19
27 075 1 14 34 02 1 05 34
27 076 0 16 72 02 1 06 72
27 077 1 06 26 00 1 05 26
27 078 0 08 20 05 1 06 20
27 079 1 16 63 03 1 05 63
27 080 0 05 58 04 1 06 58
27 081 1 15 66 05 1 05 66
27 082 0 10 32 00 1 06 32
27 083 1 17 60 01 1 05 60
27 084 0 05 58 04 1 07 58
27 085 1 15 66 05 1 06 66
27 086 0 13 40 03 1 07 40
27 087 1 14 34 02 1 06 34
27 088 0 16 72 02 1 07 72
27 089 1 17 60 01 1 06 60
27 090 0 01 19 06 1 07 19
27 091 1 02 44 06 1 06 44
27 092 0 08 20 05 1 07 20
27 093 1 16 63 03 1 06 63
27 094 0 10 32 00 1 07 32
27 095 1 10 57 04 1 06 57
27 096 0 07 33 07 1 07 33
27 097 1 06 26 00 1 06 26
27 098 0 14 59 01 1 07 59
27 099 1 17 60 01 1 07 60
27 100 0 08 20 05 1 08 20
27 101 1 16 63 03 1 07 63
27 102 0 01 19 06 1 08 19
27 103 1 14 34 02 1 07 34
27 104 0 10 32 00 1 08 32
27 105 1 10 57 04 1 07 57
27 106 0 07 33 07 1 08 33
27 107 1 06 26 00 1 07 26
27 108 0 05 58 04 1 08 58
27 109 1 13 51 07 1 07 51
27 110 0 16 72 02 1 08 72
27 111 1 15 66 05 1 07 66
27 112 0 03 53 08 1 08 53
27 113 1 02 44 06 1 07 44
27 114 0 13 40 03 1 08 40
27 115 1 11 28 08 1 08 28
27 116 0 14 59 01 1 08 59
27 117 1 13 51 07 1 08 51
27 118 0 05 58 04 1 09 58
27 119 1 06 26 00 1 08 26
27 120 0 10 32 00 0 09 34
27 121 1 10 57 04 1 08 57
27 122 0 15 21 09 1 09 21
27 123 1 15 66 05 1 08 66
27 124 0 13 40 03 1 09 40
27 125 1 16 63 03 1 08 63
27 126 0 01 19 06 1 09 19
27 127 1 17 60 01 1 08 60
27 128 0 08 20 05 1 09 20
27 129 1 02 44 06 1 08 44
27 130 0 14 59 01 1 09 59
27 131 1 14 34 02 1 08 34
27 132 0 07 33 07 1 09 33
27 133 1 16 63 03 1 09 63
27 134 0 03 53 08 1 09 53
27 135 1 11 28 08 1 09 28
27 136 0 16 72 02 1 09 72
27 137 1 12 27 09 1 09 27
27 138 0 01 19 06 1 09 19
27 139 1 15 66 05 1 09 66
27 140 0 08 20 05 1 09 20
27 141 1 17 60 01 1 09 60
27 142 0 14 59 01 1 09 59
27 143 1 06 26 00 1 09 26
27 144 0 16 72 02 1 09 72
27 145 1 10 57 04 1 09 57
27 146 0 05 58 04 1 09 58
27 147 1 02 44 06 1 09 44
27 148 0 03 53 08 1 09 53
27 149 1 14 34 02 1 09 34
27 150 0 07 33 07 1 09 33
27 151 1 13 51 07 1 09 51
27 152 0 15 21 09 1 09 21
27 153 1 02 44 06 1 10 44
27 154 0 10 32 00 1 09 32
27 155 1 15 66 05 1 10 66
27 156 0 13 40 03 1 09 40
27 157 1 11 28 08 1 10 28
27 158 0 16 72 02 1 10 72
27 159 1 06 26 00 1 10 26
27 160 0 01 19 06 1 10 19
27 161 1 13 51 07 1 10 51
27 162 0 15 21 09 1 10 21
27 163 1 17 60 01 1 10 60
27 164 0 03 53 08 1 10 53
27 165 1 16 63 03 1 10 63
27 166 0 05 58 04 1 10 58
27 167 1 14 34 02 1 10 34
27 168 0 14 59 01 1 10 59
27 169 1 12 27 09 1 10 27
27 170 0 08 20 05 1 10 20
27 171 1 10 57 04 1 10 57
27 172 0 06 77 10 1 10 77
27 173 1 00 17 10 1 10 17
27 174 0 07 33 07 1 10 33
27 175 1 13 51 07 1 11 51
27 176 0 10 32 00 1 10 32
27 177 1 00 17 10 1 11 17
27 178 0 13 40 03 1 10 40
27 179 1 06 26 00 1 11 26
27 180 0 08 20 05 1 11 20
27 181 1 07 67 11 1 11 67
27 182 0 14 59 01 1 11 59
27 183 1 14 34 02 1 11 34
27 184 0 05 58 04 0 11 40
27 185 1 17 60 01 1 11 60
27 186 0 03 53 08 1 11 53
27 187 1 11 28 08 1 11 28
27 188 0 16 72 02 1 11 72
27 189 1 12 27 09 1 11 27
27 190 0 00 48 11 1 11 48
27 191 1 02 44 06 1 11 44
27 192 0 13 40 03 1 11 40
27 193 1 10 57 04 1 11 57
27 194 0 01 19 06 1 11 19
27 195 1 15 66 05 1 11 66
27 196 0 10 32 00 1 11 32
27 197 1 16 63 03 1 11 63
27 198 0 15 21 09 1 11 21
27 199 1 13 51 07 1 12 51
27 200 0 06 77 10 1 11 77
27 201 1 12 27 09 1 12 27
27 202 0 07 33 07 1 11 33
27 203 1 06 26 00 1 12 26
27 204 0 10 32 00 1 11 32
27 205 1 07 67 11 0 12 68
27 206 0 03 53 08 1 11 53
27 207 1 14 34 02 1 12 34
27 208 0 05 58 04 1 11 58
27 209 1 11 28 08 1 12 28
27 210 0 06 77 10 1 11 77
27 211 1 02 44 06 1 12 44
27 212 0 13 40 03 1 11 40
27 213 1 10 57 04 1 12 57
27 214 0 16 72 02 1 11 72
27 215 1 08 42 12 1 12 42
27 216 0 08 20 05 1 11 20
27 217 1 00 17 10 1 12 17
27 218 0 15 21 09 1 11 21
27 219 1 17 60 01 1 12 60
27 220 0 01 19 06 1 11 19
27 221 1 15 66 05 1 12 66
27 222 0 07 33 07 1 11 33
27 223 1 16 63 03 1 12 63
27 224 0 00 48 11 1 11 48
27 225 1 08 42 12 1 12 42
27 226 0 14 59 01 1 11 59
27 227 1 06 26 00 1 12 26
27 228 0 16 72 02 1 12 72
27 229 1 11 28 08 1 12 28
27 230 0 00 48 11 1 12 48
27 231 1 15 66 05 1 12 66
27 232 0 07 33 07 1 12 33
27 233 1 16 63 03 0 12 57
27 234 0 01 19 06 1 12 19
27 235 1 02 44 06 1 12 44
27 236 0 13 40 03 1 12 40
27 237 1 07 67 11 1 12 67
27 238 0 14 59 01 1 12 59
27 239 1 17 60 01 1 12 60
27 240 0 06 77 10 1 12 77
27 241 1 14 34 02 1 12 34
27 242 0 03 53 08 1 12 53
27 243 1 00 17 10 1 12 17
27 244 0 15 21 09 1 12 21
27 245 1 13 51 07 1 12 51
27 246 0 10 32 00 1 12 32
27 247 1 12 27 09 1 12 27
27 248 0 05 58 04 1 12 58
27 249 1 10 57 04 1 12 57
27 250 0 08 20 05 1 12 20
27 251 1 02 44 06 1 12 44
27 252 0 17 78 12 1 12 78
27 253 1 06 26 00 1 12 26
27 254 0 00 48 11 1 13 48
27 255 1 11 28 08 1 12 28
27 256 0 01 19 06 1 13 19
27 257 1 14 34 02 1 12 34
27 258 0 13 40 03 1 13 40
27 259 1 07 67 11 1 12 67
27 260 0 16 72 02 1 13 72
27 261 1 10 57 04 1 12 57
27 262 0 06 77 10 1 13 77
27 263 1 17 60 01 1 12 60
27 264 0 05 58 04 1 13 58
27 265 1 08 42 12 1 12 42
27 266 0 10 32 00 1 13 32
27 267 1 15 66 05 1 12 66
27 268 0 07 33 07 1 13 33
27 269 1 00 17 10 1 12 17
27 270 0 14 59 01 1 13 59
27 271 1 12 27 09 1 12 27
27 272 0 04 11 13 1 13 11
27 273 1 16 63 03 1 12 63
27 274 0 15 21 09 1 13 21
27 275 1 13 51 07 1 12 51
27 276 0 17 78 12 1 13 78
27 277 1 14 34 02 1 13 34
27 278 0 03 53 08 1 13 53
27 279 1 01 64 13 1 13 64
27 280 0 08 20 05 1 13 20
27 281 1 15 66 05 1 13 66
27 282 0 04 11 13 1 14 11
27 283 1 17 60 01 1 13 60
27 284 0 16 72 02 1 14 72
27 285 1 07 67 11 1 13 67
27 286 0 03 53 08 1 14 53
27 287 1 08 42 12 1 13 42
27 288 0 08 20 05 1 14 20
27 289 1 02 44 06 1 13 44
27 290 0 06 77 10 1 14 77
27 291 1 00 17 10 1 13 17
27 292 0 13 40 03 1 14 40
27 293 1 10 57 04 1 13 57
27 294 0 10 32 00 1 14 32
27 295 1 13 51 07 1 13 51
27 296 0 05 58 04 1 14 58
27 297 1 12 27 09 1 13 27
27 298 0 07 33 07 1 14 33
27 299 1 06 26 00 1 13 26
27 300 0 17 78 12 1 14 78
27 301 1 11 28 08 1 13 28
27 302 0 12 76 14 1 14 76
27 303 1 16 63 03 1 13 63
27 304 0 00 48 11 1 14 48
27 305 1 00 17 10 1 14 17
27 306 0 15 21 09 1 14 21
27 307 1 02 44 06 1 14 44
27 308 0 14 59 01 1 14 59
27 309 1 06 26 00 1 14 26
27 310 0 01 19 06 1 14 19
27 311 1 16 63 03 1 14 63
27 312 0 15 21 09 1 15 21
27 313 1 12 27 09 1 14 27
27 314 0 12 76 14 1 15 76
27 315 1 10 57 04 1 14 57
27 316 0 07 33 07 1 15 33
27 317 1 14 34 02 1 14 34
27 318 0 14 59 01 1 15 59
27 319 1 01 64 13 1 14 64
27 320 0 13 40 03 1 15 40
27 321 1 15 66 05 1 14 66
27 322 0 04 11 13 1 15 11
27 323 1 07 67 11 1 14 67
27 324 0 06 77 10 1 15 77
27 325 1 11 28 08 1 14 28
27 326 0 08 20 05 1 15 20
27 327 1 08 42 12 1 14 42
27 328 0 17 78 12 1 15 78
27 329 1 13 51 07 1 14 51
27 330 0 01 19 06 1 15 19
27 331 1 17 60 01 1 14 60
27 332 0 03 53 08 1 15 53
27 333 1 04 65 14 0 14 64
27 334 0 16 72 02 1 15 72
27 335 1 02 44 06 1 14 44
27 336 0 02 23 15 0 15 53
27 337 1 06 26 00 1 14 26
27 338 0 05 58 04 1 15 58
27 339 1 12 27 09 1 14 27
27 340 0 00 48 11 1 15 48
27 341 1 13 51 07 1 14 51
27 342 0 10 32 00 1 15 32
27 343 1 04 65 14 1 14 65
27 344 0 15 21 09 1 15 21
27 345 1 00 17 10 1 14 17
27 346 0 14 59 01 1 15 59
27 347 1 14 34 02 1 14 34
27 348 0 07 33 07 1 15 33
27 349 1 17 60 01 1 14 60
27 350 0 06 77 10 1 15 77
27 351 1 01 64 13 1 14 64
27 352 0 00 48 11 1 15 48
27 353 1 16 63 03 1 14 63
27 354 0 10 32 00 0 15 66
27 355 1 11 28 08 1 14 28
27 356 0 17 78 12 1 15 78
27 357 1 07 67 11 1 14 67
27 358 0 16 72 02 1 15 72
27 359 1 15 66 05 1 14 66
27 360 0 03 53 08 1 15 53
27 361 1 08 42 12 1 14 42
27 362 0 13 40 03 1 15 40
27 363 1 10 57 04 1 14 57
27 364 0 12 76 14 1 15 76
27 365 1 11 28 08 1 15 28
27 366 0 08 20 05 1 15 20
27 367 1 00 17 10 1 15 17
27 368 0 05 58 04 1 15 58
27 369 1 13 51 07 1 15 51
27 370 0 01 19 06 1 15 19
27 371 1 16 63 03 1 15 63
27 372 0 02 23 15 1 15 23
27 373 1 14 34 02 1 15 34
27 374 0 04 11 13 1 15 11
27 375 1 15 66 05 1 15 66
27 376 0 16 72 02 1 15 72
27 377 1 12 27 09 1 15 27
27 378 0 07 33 07 1 15 33
27 379 1 06 26 00 1 15 26
27 380 0 00 48 11 1 15 48
27 381 1 17 60 01 1 15 60
27 382 0 10 32 00 1 15 32
27 383 1 08 42 12 1 15 42
27 384 0 14 59 01 1 15 59
27 385 1 04 65 14 1 15 65
27 386 0 13 40 03 1 15 40
27 387 1 02 44 06 1 15 44
27 388 0 03 53 08 1 15 53
27 389 1 10 57 04 1 15 57
27 390 0 04 11 13 1 15 11
27 391 1 01 64 13 1 15 64
27 392 0 05 58 04 1 15 58
27 393 1 07 67 11 1 15 67
27 394 0 06 77 10 1 15 77
27 395 1 03 46 15 1 15 46
27 396 0 15 21 09 1 15 21
27 397 1 01 64 13 1 16 64
27 398 0 01 19 06 1 15 19
27 399 1 04 65 14 0 16 28
