08 000 0 11 76 00 1 00 76
08 001 1 17 20 00 0 00 30
08 002 0 13 65 01 0 01 67
08 003 1 17 20 00 0 00 36
08 004 0 11 76 00 0 01 60
08 005 1 17 20 00 0 00 30
08 006 0 13 65 01 0 01 45
08 007 1 17 20 00 1 00 20
08 008 0 11 76 00 0 01 65
08 009 1 16 64 01 0 01 65
08 010 0 11 76 00 1 01 76
08 011 1 17 20 00 1 01 20
08 012 0 13 65 01 0 01 64
08 013 1 17 20 00 1 01 20
08 014 0 11 76 00 0 01 64
08 015 1 16 64 01 1 01 64
08 016 0 13 65 01 0 01 76
08 017 1 17 20 00 1 02 20
08 018 0 11 76 00 1 01 76
08 019 1 16 64 01 0 02 36
08 020 0 13 65 01 0 01 34
08 021 1 05 30 02 0 02 24
08 022 0 13 65 01 0 01 20
08 023 1 16 64 01 0 02 30
08 024 0 11 76 00 1 01 76
08 025 1 05 30 02 1 02 30
08 026 0 11 76 00 1 01 76
08 027 1 17 20 00 1 02 20
08 028 0 13 65 01 0 01 30
08 029 1 16 64 01 0 02 20
08 030 0 13 65 01 0 01 20
08 031 1 17 20 00 1 02 20
08 032 0 11 76 00 0 01 64
08 033 1 05 30 02 0 02 64
08 034 0 13 65 01 0 01 64
08 035 1 17 20 00 1 02 20
08 036 0 11 76 00 1 01 76
08 037 1 05 30 02 1 02 30
08 038 0 11 76 00 1 01 76
08 039 1 16 64 01 0 02 30
08 040 0 13 65 01 1 01 65
08 041 1 05 30 02 0 02 64
08 042 0 13 65 01 0 02 30
08 043 1 16 64 01 0 02 30
08 044 0 11 76 00 1 02 76
08 045 1 17 20 00 1 02 20
08 046 0 08 25 02 1 02 25
08 047 1 17 20 00 1 02 20
08 048 0 13 65 01 0 02 30
08 049 1 05 30 02 1 02 30
08 050 0 11 76 00 1 02 76
08 051 1 16 64 01 0 02 20
08 052 0 08 25 02 1 02 25
08 053 1 16 64 01 1 02 64
08 054 0 08 25 02 1 02 25
08 055 1 05 30 02 1 02 30
08 056 0 13 65 01 0 02 20
08 057 1 17 20 00 1 02 20
08 058 0 11 76 00 1 02 76
08 059 1 17 20 00 1 03 20
08 060 0 13 65 01 0 02 64
08 061 1 16 64 01 0 03 30
08 062 0 11 76 00 1 02 76
08 063 1 11 17 03 1 03 17
08 064 0 08 25 02 1 02 25
08 065 1 05 30 02 0 03 65
08 066 0 13 65 01 1 02 65
08 067 1 05 30 02 1 03 30
08 068 0 11 76 00 1 02 76
08 069 1 11 17 03 1 03 17
08 070 0 08 25 02 1 02 25
08 071 1 16 64 01 0 03 30
08 072 0 13 65 01 0 03 30
08 073 1 17 20 00 1 03 20
08 074 0 10 44 03 0 03 03
08 075 1 05 30 02 1 03 30
08 076 0 08 25 02 1 03 25
08 077 1 16 64 01 1 03 64
08 078 0 11 76 00 1 03 76
08 079 1 11 17 03 1 03 17
08 080 0 10 44 03 1 03 44
08 081 1 17 20 00 1 03 20
08 082 0 08 25 02 1 03 25
08 083 1 16 64 01 1 04 64
08 084 0 13 65 01 1 03 65
08 085 1 17 20 00 1 04 20
08 086 0 11 76 00 1 03 76
08 087 1 05 30 02 1 04 30
08 088 0 10 44 03 1 04 44
08 089 1 01 12 04 1 04 12
08 090 0 11 76 00 1 04 76
08 091 1 11 17 03 0 04 25
08 092 0 15 66 04 1 04 66
08 093 1 01 12 04 0 04 17
08 094 0 13 65 01 0 04 25
08 095 1 05 30 02 0 04 24
08 096 0 08 25 02 1 04 25
08 097 1 11 17 03 1 04 17
08 098 0 10 44 03 0 04 25
08 099 1 17 20 00 1 04 20
08 100 0 13 65 01 0 04 64
08 101 1 16 64 01 1 04 64
08 102 0 11 76 00 1 04 76
08 103 1 01 12 04 1 04 12
08 104 0 15 66 04 1 04 66
08 105 1 05 30 02 0 04 20
08 106 0 08 25 02 1 04 25
08 107 1 17 20 00 1 04 20
08 108 0 10 44 03 0 04 17
08 109 1 16 64 01 0 04 65
08 110 0 15 66 04 1 04 66
08 111 1 11 17 03 1 04 17
08 112 0 08 25 02 1 04 25
08 113 1 11 17 03 1 04 17
08 114 0 13 65 01 0 04 17
08 115 1 01 12 04 0 04 25
08 116 0 11 76 00 1 04 76
08 117 1 05 30 02 1 04 30
08 118 0 08 25 02 1 04 25
08 119 1 17 20 00 1 04 20
08 120 0 10 44 03 1 04 44
08 121 1 16 64 01 1 04 64
08 122 0 11 76 00 1 04 76
08 123 1 01 12 04 1 04 12
08 124 0 13 65 01 1 04 65
08 125 1 16 64 01 0 04 30
08 126 0 15 66 04 1 04 66
08 127 1 11 17 03 0 04 12
08 128 0 13 65 01 0 05 25
08 129 1 17 20 00 1 04 20
08 130 0 10 44 03 1 05 44
08 131 1 05 30 02 1 04 30
08 132 0 11 76 00 1 05 76
08 133 1 05 30 02 1 04 30
08 134 0 08 25 02 1 05 25
08 135 1 01 12 04 1 04 12
08 136 0 07 16 05 0 05 15
08 137 1 17 20 00 1 04 20
08 138 0 15 66 04 1 05 66
08 139 1 16 64 01 0 04 65
08 140 0 08 25 02 1 05 25
08 141 1 11 17 03 1 04 17
08 142 0 10 44 03 1 05 44
08 143 1 01 12 04 0 04 17
08 144 0 15 66 04 1 05 66
08 145 1 05 30 02 1 04 30
08 146 0 13 65 01 0 05 64
08 147 1 16 64 01 1 04 64
08 148 0 11 76 00 1 05 76
08 149 1 17 20 00 1 04 20
08 150 0 07 16 05 0 05 15
08 151 1 11 17 03 1 04 17
08 152 0 15 66 04 1 05 66
08 153 1 16 64 01 0 04 30
08 154 0 11 76 00 1 05 76
08 155 1 17 20 00 1 04 20
08 156 0 08 25 02 1 05 25
08 157 1 05 30 02 1 04 30
08 158 0 07 16 05 1 05 16
08 159 1 11 17 03 1 04 17
08 160 0 13 65 01 1 05 65
08 161 1 01 12 04 0 04 17
08 162 0 10 44 03 1 05 44
08 163 1 01 12 04 1 04 12
08 164 0 10 44 03 1 06 44
08 165 1 16 64 01 0 04 30
08 166 0 07 16 05 1 06 16
08 167 1 05 30 02 1 04 30
08 168 0 13 65 01 0 06 17
08 169 1 11 17 03 1 04 17
08 170 0 15 66 04 1 06 66
08 171 1 17 20 00 1 04 20
08 172 0 11 76 00 1 06 76
08 173 1 01 12 04 1 04 12
08 174 0 01 51 06 0 06 24
08 175 1 16 64 01 1 04 64
08 176 0 08 25 02 0 06 65
08 177 1 05 30 02 1 04 30
08 178 0 08 25 02 1 06 25
08 179 1 17 20 00 1 04 20
08 180 0 15 66 04 1 06 66
08 181 1 11 17 03 1 04 17
08 182 0 10 44 03 1 06 44
08 183 1 16 64 01 1 05 64
08 184 0 01 51 06 0 06 65
08 185 1 13 32 05 0 05 35
08 186 0 11 76 00 1 06 76
08 187 1 01 12 04 1 05 12
08 188 0 13 65 01 1 06 65
08 189 1 05 30 02 1 05 30
08 190 0 07 16 05 0 06 25
08 191 1 17 20 00 1 05 20
08 192 0 08 25 02 1 06 25
08 193 1 11 17 03 1 05 17
08 194 0 13 65 01 0 06 25
08 195 1 05 30 02 1 05 30
08 196 0 15 66 04 1 06 66
08 197 1 11 17 03 1 05 17
08 198 0 11 76 00 1 06 76
08 199 1 13 32 05 1 05 32
08 200 0 07 16 05 0 06 65
08 201 1 16 64 01 0 05 65
08 202 0 10 44 03 1 06 44
08 203 1 17 20 00 1 05 20
08 204 0 01 51 06 0 06 16
08 205 1 01 12 04 1 05 12
08 206 0 13 65 01 0 06 25
08 207 1 01 12 04 1 05 12
08 208 0 11 76 00 1 06 76
08 209 1 05 30 02 1 05 30
08 210 0 07 16 05 0 06 65
08 211 1 17 20 00 1 05 20
08 212 0 08 25 02 1 06 25
08 213 1 13 32 05 1 05 32
08 214 0 10 44 03 1 06 44
08 215 1 11 17 03 1 05 17
08 216 0 01 51 06 0 06 65
08 217 1 16 64 01 1 05 64
08 218 0 15 66 04 1 06 66
08 219 1 13 32 05 1 06 32
08 220 0 13 65 01 0 06 25
08 221 1 05 30 02 1 06 30
08 222 0 07 16 05 0 06 26
08 223 1 04 79 06 0 06 76
08 224 0 01 51 06 1 06 51
08 225 1 01 12 04 1 06 12
08 226 0 15 66 04 1 06 66
08 227 1 16 64 01 1 06 64
08 228 0 08 25 02 0 06 16
08 229 1 17 20 00 1 06 20
08 230 0 11 76 00 1 06 76
08 231 1 11 17 03 1 06 17
08 232 0 10 44 03 1 06 44
08 233 1 17 20 00 1 06 20
08 234 0 11 76 00 1 06 76
08 235 1 16 64 01 1 06 64
08 236 0 15 66 04 1 06 66
08 237 1 01 12 04 1 06 12
08 238 0 13 65 01 1 06 65
08 239 1 13 32 05 1 06 32
08 240 0 07 16 05 0 06 25
08 241 1 05 30 02 0 06 76
08 242 0 01 51 06 1 06 51
08 243 1 04 79 06 0 06 76
08 244 0 08 25 02 1 06 25
08 245 1 11 17 03 1 06 17
08 246 0 10 44 03 1 06 44
08 247 1 16 64 01 0 06 30
08 248 0 15 66 04 1 06 66
08 249 1 17 20 00 1 06 20
08 250 0 07 16 05 0 06 17
08 251 1 13 32 05 1 06 32
08 252 0 08 25 02 1 06 25
08 253 1 11 17 03 1 06 17
08 254 0 13 65 01 0 06 25
08 255 1 04 79 06 0 06 72
08 256 0 01 51 06 1 06 51
08 257 1 01 12 04 1 06 12
08 258 0 10 44 03 1 06 44
08 259 1 05 30 02 1 06 30
08 260 0 11 76 00 1 06 76
08 261 1 05 30 02 1 06 30
08 262 0 08 25 02 1 06 25
08 263 1 01 12 04 1 06 12
08 264 0 01 51 06 1 06 51
08 265 1 16 64 01 1 06 64
08 266 0 15 66 04 1 06 66
08 267 1 04 79 06 1 06 79
08 268 0 07 16 05 0 06 25
08 269 1 17 20 00 0 06 02
08 270 0 11 76 00 1 06 76
08 271 1 11 17 03 1 06 17
08 272 0 13 65 01 1 06 65
08 273 1 13 32 05 1 06 32
08 274 0 10 44 03 1 06 44
08 275 1 16 64 01 1 06 64
08 276 0 10 44 03 1 06 44
08 277 1 11 17 03 1 06 17
08 278 0 07 16 05 1 06 16
08 279 1 17 20 00 1 06 20
08 280 0 08 25 02 1 06 25
08 281 1 05 30 02 1 06 30
08 282 0 15 66 04 1 06 66
08 283 1 04 79 06 1 06 79
08 284 0 01 51 06 1 06 51
08 285 1 13 32 05 1 06 32
08 286 0 11 76 00 1 06 76
08 287 1 01 12 04 1 06 12
08 288 0 13 65 01 1 06 65
08 289 1 13 32 05 1 07 32
08 290 0 01 51 06 1 07 51
08 291 1 04 79 06 1 07 79
08 292 0 07 16 05 0 07 25
08 293 1 05 30 02 1 07 30
08 294 0 15 66 04 1 07 66
08 295 1 02 50 07 0 07 51
08 296 0 13 65 01 0 07 16
08 297 1 01 12 04 1 07 12
08 298 0 08 25 02 1 07 25
08 299 1 11 17 03 1 07 17
08 300 0 11 76 00 1 07 76
08 301 1 16 64 01 1 07 64
08 302 0 10 44 03 1 07 44
08 303 1 17 20 00 1 07 20
08 304 0 00 31 07 0 07 65
08 305 1 05 30 02 1 07 30
08 306 0 01 51 06 1 07 51
08 307 1 02 50 07 0 07 31
08 308 0 00 31 07 1 07 31
08 309 1 16 64 01 0 07 65
08 310 0 08 25 02 1 07 25
08 311 1 04 79 06 1 07 79
08 312 0 13 65 01 1 07 65
08 313 1 11 17 03 1 07 17
08 314 0 15 66 04 1 07 66
08 315 1 17 20 00 1 07 20
08 316 0 11 76 00 1 07 76
08 317 1 01 12 04 1 07 12
08 318 0 07 16 05 0 07 25
08 319 1 13 32 05 1 07 32
08 320 0 10 44 03 1 07 44
08 321 1 17 20 00 1 07 20
08 322 0 11 76 00 1 07 76
08 323 1 05 30 02 1 07 30
08 324 0 15 66 04 1 07 66
08 325 1 11 17 03 1 07 17
08 326 0 01 51 06 1 07 51
08 327 1 01 12 04 1 07 12
08 328 0 08 25 02 1 07 25
08 329 1 04 79 06 0 07 50
08 330 0 00 31 07 1 07 31
08 331 1 02 50 07 0 07 79
08 332 0 10 44 03 1 07 44
08 333 1 13 32 05 1 07 32
08 334 0 07 16 05 0 07 25
08 335 1 16 64 01 1 07 64
08 336 0 13 65 01 1 07 65
08 337 1 02 50 07 0 07 79
08 338 0 11 76 00 1 07 76
08 339 1 01 12 04 1 07 12
08 340 0 15 66 04 1 07 66
08 341 1 04 79 06 1 07 79
08 342 0 08 25 02 1 07 25
08 343 1 17 20 00 1 07 20
08 344 0 07 16 05 1 07 16
08 345 1 05 30 02 1 07 30
08 346 0 10 44 03 1 07 44
08 347 1 13 32 05 1 07 32
08 348 0 13 65 01 0 07 64
08 349 1 16 64 01 0 07 65
08 350 0 01 51 06 1 07 51
08 351 1 11 17 03 1 07 17
08 352 0 00 31 07 0 07 51
08 353 1 11 17 03 1 07 17
08 354 0 10 44 03 1 07 44
08 355 1 01 12 04 1 07 12
08 356 0 01 51 06 1 07 51
08 357 1 17 20 00 1 07 20
08 358 0 15 66 04 1 07 66
08 359 1 05 30 02 1 07 30
08 360 0 13 65 01 1 07 65
08 361 1 02 50 07 1 07 50
08 362 0 00 31 07 1 07 31
08 363 1 16 64 01 1 07 64
08 364 0 11 76 00 1 07 76
08 365 1 04 79 06 0 07 50
08 366 0 07 16 05 1 07 16
08 367 1 13 32 05 1 07 32
08 368 0 08 25 02 0 07 16
08 369 1 11 17 03 1 07 17
08 370 0 01 51 06 0 07 52
08 371 1 04 79 06 1 07 79
08 372 0 11 76 00 1 07 76
08 373 1 16 64 01 1 07 64
08 374 0 07 16 05 0 07 25
08 375 1 13 32 05 1 07 32
08 376 0 10 44 03 1 07 44
08 377 1 01 12 04 1 07 12
08 378 0 13 65 01 0 07 16
08 379 1 02 50 07 0 07 79
08 380 0 15 66 04 1 07 66
08 381 1 17 20 00 1 07 20
08 382 0 08 25 02 1 07 25
08 383 1 05 30 02 1 07 30
08 384 0 00 31 07 1 07 31
08 385 1 17 20 00 1 07 20
08 386 0 01 51 06 1 07 51
08 387 1 11 17 03 1 07 17
08 388 0 08 25 02 1 07 25
08 389 1 01 12 04 1 07 12
08 390 0 11 76 00 1 07 76
08 391 1 16 64 01 0 07 65
08 392 0 10 44 03 1 07 44
08 393 1 02 50 07 1 07 50
08 394 0 15 66 04 1 07 66
08 395 1 04 79 06 1 07 79
08 396 0 00 31 07 1 07 31
08 397 1 05 30 02 1 07 30
08 398 0 13 65 01 1 07 65
08 399 1 13 32 05 1 07 32
