26 000 0 10 26 00 1 00 26
26 001 1 06 32 00 1 00 32
26 002 0 10 26 00 1 01 26
26 003 1 17 59 01 1 01 59
26 004 0 14 60 01 1 01 60
26 005 1 06 32 00 1 01 32
26 006 0 14 60 01 1 02 60
26 007 1 17 59 01 1 02 59
26 008 0 16 34 02 0 02 32
26 009 1 14 72 02 0 02 05
26 010 0 10 26 00 1 02 26
26 011 1 06 32 00 1 02 32
26 012 0 14 60 01 0 02 34
26 013 1 14 72 02 1 02 72
26 014 0 16 34 02 1 02 34
26 015 1 06 32 00 1 02 32
26 016 0 10 26 00 1 02 26
26 017 1 17 59 01 1 02 59
26 018 0 10 26 00 1 02 26
26 019 1 06 32 00 1 03 32
26 020 0 16 34 02 1 02 34
26 021 1 16 40 03 0 03 56
26 022 0 14 60 01 1 02 60
26 023 1 17 59 01 1 03 59
26 024 0 16 34 02 0 03 60
26 025 1 14 72 02 1 03 72
26 026 0 10 26 00 1 03 26
26 027 1 16 40 03 1 03 40
26 028 0 14 60 01 1 03 60
26 029 1 17 59 01 1 03 59
26 030 0 13 63 03 1 03 63
26 031 1 06 32 00 1 03 32
26 032 0 10 26 00 1 03 26
26 033 1 14 72 02 1 03 72
26 034 0 16 34 02 1 03 34
26 035 1 10 58 04 1 04 58
26 036 0 13 63 03 1 03 63
26 037 1 14 72 02 0 04 60
26 038 0 14 60 01 1 03 60
26 039 1 16 40 03 1 04 40
26 040 0 13 63 03 1 04 63
26 041 1 17 59 01 1 04 59
26 042 0 14 60 01 1 04 60
26 043 1 06 32 00 1 04 32
26 044 0 05 57 04 0 04 56
26 045 1 10 58 04 0 04 38
26 046 0 16 34 02 1 04 34
26 047 1 17 59 01 1 04 59
26 048 0 10 26 00 1 04 26
26 049 1 06 32 00 1 04 32
26 050 0 13 63 03 1 04 63
26 051 1 14 72 02 1 04 72
26 052 0 10 26 00 1 04 26
26 053 1 16 40 03 1 04 40
26 054 0 14 60 01 1 04 60
26 055 1 10 58 04 0 04 57
26 056 0 16 34 02 1 04 34
26 057 1 16 40 03 1 04 40
26 058 0 05 57 04 1 04 57
26 059 1 06 32 00 1 04 32
26 060 0 10 26 00 1 05 26
26 061 1 14 72 02 1 04 72
26 062 0 08 66 05 1 05 66
26 063 1 17 59 01 1 04 59
26 064 0 16 34 02 1 05 34
26 065 1 10 58 04 0 04 57
26 066 0 14 60 01 1 05 60
26 067 1 14 72 02 1 04 72
26 068 0 05 57 04 1 05 57
26 069 1 17 59 01 1 04 59
26 070 0 13 63 03 0 05 38
26 071 1 16 40 03 1 04 40
26 072 0 05 57 04 1 05 57
26 073 1 06 32 00 1 04 32
26 074 0 08 66 05 1 05 66
26 075 1 06 32 00 1 04 32
26 076 0 16 34 02 1 05 34
26 077 1 10 58 04 1 04 58
26 078 0 14 60 01 1 05 60
26 079 1 14 72 02 1 04 72
26 080 0 10 26 00 1 05 26
26 081 1 16 40 03 1 04 40
26 082 0 13 63 03 1 05 63
26 083 1 17 59 01 1 04 59
26 084 0 13 63 03 1 06 63
26 085 1 16 40 03 0 05 04
26 086 0 08 66 05 1 06 66
26 087 1 17 59 01 1 05 59
26 088 0 14 60 01 1 06 60
26 089 1 14 72 02 1 05 72
26 090 0 16 34 02 1 06 34
26 091 1 15 20 05 0 05 50
26 092 0 10 26 00 1 06 26
26 093 1 06 32 00 1 05 32
26 094 0 01 44 06 0 06 62
26 095 1 10 58 04 1 05 58
26 096 0 05 57 04 1 06 57
26 097 1 06 32 00 1 05 32
26 098 0 10 26 00 1 06 26
26 099 1 15 20 05 1 05 20
26 100 0 05 57 04 1 06 57
26 101 1 17 59 01 1 05 59
26 102 0 14 60 01 1 06 60
26 103 1 16 40 03 1 05 40
26 104 0 01 44 06 1 06 44
26 105 1 14 72 02 1 05 72
26 106 0 16 34 02 1 06 34
26 107 1 10 58 04 0 05 40
26 108 0 13 63 03 1 06 63
26 109 1 16 40 03 1 05 40
26 110 0 08 66 05 1 06 66
26 111 1 15 20 05 1 05 20
26 112 0 07 51 07 1 07 51
26 113 1 17 59 01 1 05 59
26 114 0 16 34 02 1 07 34
26 115 1 10 58 04 1 05 58
26 116 0 01 44 06 1 07 44
26 117 1 06 32 00 1 05 32
26 118 0 14 60 01 1 07 60
26 119 1 14 72 02 1 05 72
26 120 0 13 63 03 1 07 63
26 121 1 14 72 02 1 06 72
26 122 0 05 57 04 1 07 57
26 123 1 10 58 04 1 06 58
26 124 0 10 26 00 1 07 26
26 125 1 17 59 01 1 06 59
26 126 0 08 66 05 1 07 66
26 127 1 02 19 06 1 06 19
26 128 0 05 57 04 1 08 57
26 129 1 16 40 03 1 06 40
26 130 0 16 34 02 1 08 34
26 131 1 15 20 05 1 06 20
26 132 0 01 44 06 1 08 44
26 133 1 06 32 00 1 06 32
26 134 0 13 63 03 1 08 63
26 135 1 13 33 07 1 07 33
26 136 0 10 26 00 1 08 26
26 137 1 10 58 04 1 07 58
26 138 0 14 60 01 1 08 60
26 139 1 17 59 01 1 07 59
26 140 0 03 28 08 0 08 58
26 141 1 15 20 05 1 07 20
26 142 0 08 66 05 1 08 66
26 143 1 14 72 02 1 07 72
26 144 0 07 51 07 1 08 51
26 145 1 06 32 00 1 07 32
26 146 0 07 51 07 1 08 51
26 147 1 16 40 03 1 07 40
26 148 0 16 34 02 1 08 34
26 149 1 02 19 06 1 07 19
26 150 0 08 66 05 1 08 66
26 151 1 10 58 04 1 08 58
26 152 0 14 60 01 1 08 60
26 153 1 15 20 05 1 08 20
26 154 0 10 26 00 1 08 26
26 155 1 02 19 06 1 08 19
26 156 0 03 28 08 0 08 53
26 157 1 17 59 01 1 08 59
26 158 0 01 44 06 1 08 44
26 159 1 06 32 00 1 08 32
26 160 0 05 57 04 1 08 57
26 161 1 16 40 03 1 08 40
26 162 0 13 63 03 1 08 63
26 163 1 13 33 07 1 08 33
26 164 0 08 66 05 1 08 66
26 165 1 14 72 02 1 08 72
26 166 0 07 51 07 1 08 51
26 167 1 11 53 08 1 08 53
26 168 0 01 44 06 1 08 44
26 169 1 13 33 07 1 09 33
26 170 0 10 26 00 0 08 20
26 171 1 11 53 08 1 09 53
26 172 0 14 60 01 1 08 60
26 173 1 16 40 03 1 09 40
26 174 0 16 34 02 1 08 34
26 175 1 15 20 05 1 09 20
26 176 0 05 57 04 0 08 55
26 177 1 02 19 06 1 09 19
26 178 0 13 63 03 1 08 63
26 179 1 12 21 09 0 09 02
26 180 0 03 28 08 1 08 28
26 181 1 14 72 02 1 09 72
26 182 0 08 66 05 1 08 66
26 183 1 10 58 04 1 09 58
26 184 0 01 44 06 1 08 44
26 185 1 06 32 00 1 09 32
26 186 0 07 51 07 0 08 57
26 187 1 17 59 01 1 09 59
26 188 0 10 26 00 1 08 26
26 189 1 17 59 01 1 09 59
26 190 0 05 57 04 1 08 57
26 191 1 06 32 00 1 09 32
26 192 0 14 60 01 1 08 60
26 193 1 13 33 07 1 09 33
26 194 0 16 34 02 1 08 34
26 195 1 02 19 06 1 09 19
26 196 0 13 63 03 1 08 63
26 197 1 10 58 04 1 09 58
26 198 0 03 28 08 1 08 28
26 199 1 15 20 05 1 09 20
26 200 0 08 66 05 1 08 66
26 201 1 12 21 09 1 09 21
26 202 0 01 44 06 1 08 44
26 203 1 14 72 02 1 09 72
26 204 0 10 26 00 1 08 26
26 205 1 16 40 03 1 09 40
26 206 0 14 60 01 1 08 60
26 207 1 11 53 08 1 09 53
26 208 0 07 51 07 1 08 51
26 209 1 13 33 07 1 10 33
26 210 0 03 28 08 1 08 28
26 211 1 14 72 02 1 10 72
26 212 0 16 34 02 1 08 34
26 213 1 02 19 06 1 10 19
26 214 0 05 57 04 1 08 57
26 215 1 17 59 01 1 10 59
26 216 0 13 63 03 1 08 63
26 217 1 11 53 08 1 10 53
26 218 0 13 63 03 1 09 63
26 219 1 06 32 00 1 10 32
26 220 0 05 57 04 1 09 57
26 221 1 15 20 05 1 10 20
26 222 0 01 44 06 1 09 44
26 223 1 16 40 03 1 10 40
26 224 0 14 60 01 1 09 60
26 225 1 10 58 04 1 10 58
26 226 0 16 34 02 1 09 34
26 227 1 12 21 09 1 10 21
26 228 0 15 27 09 1 09 27
26 229 1 00 77 10 1 10 77
26 230 0 03 28 08 1 09 28
26 231 1 07 48 11 1 11 48
26 232 0 10 26 00 1 09 26
26 233 1 14 72 02 1 11 72
26 234 0 07 51 07 1 09 51
26 235 1 13 33 07 1 11 33
26 236 0 08 66 05 1 09 66
26 237 1 15 20 05 1 11 20
26 238 0 15 27 09 1 10 27
26 239 1 02 19 06 1 11 19
26 240 0 13 63 03 1 10 63
26 241 1 10 58 04 1 11 58
26 242 0 10 26 00 0 10 20
26 243 1 00 77 10 1 11 77
26 244 0 01 44 06 1 10 44
26 245 1 17 59 01 1 11 59
26 246 0 16 34 02 1 10 34
26 247 1 16 40 03 1 11 40
26 248 0 07 51 07 1 10 51
26 249 1 12 21 09 1 11 21
26 250 0 14 60 01 1 10 60
26 251 1 11 53 08 1 11 53
26 252 0 03 28 08 1 10 28
26 253 1 06 32 00 1 11 32
26 254 0 05 57 04 1 10 57
26 255 1 08 78 12 0 12 48
26 256 0 06 17 10 1 10 17
26 257 1 15 20 05 1 12 20
26 258 0 08 66 05 1 10 66
26 259 1 07 48 11 1 12 48
26 260 0 14 60 01 1 10 60
26 261 1 02 19 06 1 12 19
26 262 0 07 51 07 1 10 51
26 263 1 14 72 02 1 12 72
26 264 0 13 63 03 1 10 63
26 265 1 12 21 09 1 12 21
26 266 0 15 27 09 1 10 27
26 267 1 11 53 08 1 12 53
26 268 0 06 17 10 1 10 17
26 269 1 06 32 00 1 12 32
26 270 0 10 26 00 1 10 26
26 271 1 16 40 03 1 12 40
26 272 0 03 28 08 1 10 28
26 273 1 10 58 04 1 12 58
26 274 0 08 66 05 1 10 66
26 275 1 00 77 10 1 12 77
26 276 0 16 34 02 1 10 34
26 277 1 17 59 01 1 12 59
26 278 0 05 57 04 1 10 57
26 279 1 13 33 07 1 12 33
26 280 0 01 44 06 1 10 44
26 281 1 11 53 08 1 12 53
26 282 0 13 63 03 1 11 63
26 283 1 14 72 02 1 12 72
26 284 0 05 57 04 1 11 57
26 285 1 07 48 11 1 12 48
26 286 0 01 44 06 1 11 44
26 287 1 12 21 09 1 12 21
26 288 0 15 27 09 1 11 27
26 289 1 15 20 05 1 12 20
26 290 0 14 60 01 1 11 60
26 291 1 06 32 00 1 12 32
26 292 0 10 26 00 1 11 26
26 293 1 02 19 06 1 12 19
26 294 0 06 17 10 1 11 17
26 295 1 17 59 01 1 12 59
26 296 0 03 28 08 1 11 28
26 297 1 16 40 03 1 12 40
26 298 0 07 51 07 1 11 51
26 299 1 13 33 07 1 12 33
26 300 0 00 67 11 1 11 67
26 301 1 00 77 10 1 12 77
26 302 0 08 66 05 1 11 66
26 303 1 10 58 04 1 12 58
26 304 0 16 34 02 1 11 34
26 305 1 08 78 12 0 12 68
26 306 0 00 67 11 1 12 67
26 307 1 07 48 11 1 12 48
26 308 0 01 44 06 1 12 44
26 309 1 12 21 09 0 12 02
26 310 0 03 28 08 1 12 28
26 311 1 17 59 01 1 12 59
26 312 0 06 17 10 1 12 17
26 313 1 13 33 07 1 12 33
26 314 0 08 66 05 1 12 66
26 315 1 10 58 04 1 12 58
26 316 0 16 34 02 1 12 34
26 317 1 14 72 02 1 12 72
26 318 0 14 60 01 1 12 60
26 319 1 06 32 00 1 12 32
26 320 0 13 63 03 1 12 63
26 321 1 15 20 05 1 12 20
26 322 0 05 57 04 1 12 57
26 323 1 16 40 03 1 12 40
26 324 0 07 51 07 1 12 51
26 325 1 11 53 08 1 12 53
26 326 0 10 26 00 1 12 26
26 327 1 02 19 06 1 12 19
26 328 0 15 27 09 1 12 27
26 329 1 08 78 12 0 12 37
26 330 0 17 42 12 1 12 42
26 331 1 00 77 10 1 12 77
26 332 0 15 27 09 1 13 27
26 333 1 02 19 06 1 12 19
26 334 0 00 67 11 1 13 67
26 335 1 11 53 08 1 12 53
26 336 0 10 26 00 1 13 26
26 337 1 16 40 03 1 12 40
26 338 0 17 42 12 1 13 42
26 339 1 13 33 07 1 12 33
26 340 0 14 60 01 1 13 60
26 341 1 15 20 05 1 12 20
26 342 0 16 34 02 1 13 34
26 343 1 17 59 01 1 12 59
26 344 0 13 63 03 1 13 63
26 345 1 10 58 04 1 12 58
26 346 0 08 66 05 1 13 66
26 347 1 00 77 10 1 12 77
26 348 0 05 57 04 1 13 57
26 349 1 14 72 02 1 12 72
26 350 0 07 51 07 1 13 51
26 351 1 12 21 09 1 12 21
26 352 0 04 64 13 1 13 64
26 353 1 07 48 11 1 12 48
26 354 0 03 28 08 1 13 28
26 355 1 08 78 12 1 12 78
26 356 0 01 44 06 1 13 44
26 357 1 06 32 00 1 12 32
26 358 0 06 17 10 1 13 17
26 359 1 06 32 00 1 13 32
26 360 0 08 66 05 1 14 66
26 361 1 15 20 05 1 13 20
26 362 0 14 60 01 1 14 60
26 363 1 14 72 02 1 13 72
26 364 0 04 64 13 0 14 67
26 365 1 17 59 01 1 13 59
26 366 0 13 63 03 1 14 63
26 367 1 08 78 12 0 13 67
26 368 0 03 28 08 1 14 28
26 369 1 13 33 07 1 13 33
26 370 0 10 26 00 1 14 26
26 371 1 10 58 04 1 13 58
26 372 0 00 67 11 1 14 67
26 373 1 12 21 09 1 13 21
26 374 0 17 42 12 1 14 42
26 375 1 07 48 11 1 13 48
26 376 0 15 27 09 1 14 27
26 377 1 16 40 03 1 13 40
26 378 0 06 17 10 1 14 17
26 379 1 02 19 06 1 13 19
26 380 0 07 51 07 1 14 51
26 381 1 00 77 10 1 13 77
26 382 0 05 57 04 1 14 57
26 383 1 11 53 08 1 13 53
26 384 0 16 34 02 1 14 34
26 385 1 01 11 13 1 13 11
26 386 0 01 44 06 1 14 44
26 387 1 14 72 02 1 13 72
26 388 0 12 65 14 1 14 65
26 389 1 17 59 01 1 13 59
26 390 0 05 57 04 1 14 57
26 391 1 06 32 00 1 13 32
26 392 0 06 17 10 1 14 17
26 393 1 12 21 09 1 13 21
26 394 0 16 34 02 1 14 34
26 395 1 10 58 04 1 13 58
26 396 0 08 66 05 1 14 66
26 397 1 01 11 13 1 13 11
26 398 0 12 65 14 1 14 65
26 399 1 02 19 06 1 13 19
