24 000 0 15 23 00 1 00 23
24 001 1 05 65 00 1 00 65
24 002 0 15 23 00 1 01 23
24 003 1 06 49 01 0 01 59
24 004 0 02 66 01 1 01 66
24 005 1 05 65 00 0 01 66
24 006 0 15 23 00 1 02 23
24 007 1 05 65 00 0 01 56
24 008 0 02 66 01 1 02 66
24 009 1 06 49 01 1 01 49
24 010 0 06 77 02 1 02 77
24 011 1 06 49 01 1 01 49
24 012 0 06 77 02 0 03 66
24 013 1 05 65 00 1 01 65
24 014 0 17 22 03 1 03 22
24 015 1 05 65 00 1 02 65
24 016 0 15 23 00 1 03 23
24 017 1 06 49 01 1 02 49
24 018 0 02 66 01 1 03 66
24 019 1 15 59 02 1 02 59
24 020 0 15 23 00 1 03 23
24 021 1 05 65 00 1 03 65
24 022 0 06 77 02 1 03 77
24 023 1 15 59 02 1 03 59
24 024 0 02 66 01 1 03 66
24 025 1 12 44 03 1 03 44
24 026 0 17 22 03 1 03 22
24 027 1 06 49 01 0 03 57
24 028 0 06 77 02 1 04 77
24 029 1 12 44 03 1 03 44
24 030 0 02 66 01 1 04 66
24 031 1 06 49 01 1 03 49
24 032 0 17 22 03 1 04 22
24 033 1 15 59 02 0 03 49
24 034 0 00 31 04 0 04 57
24 035 1 05 65 00 1 03 65
24 036 0 15 23 00 1 04 23
24 037 1 15 59 02 1 03 59
24 038 0 00 31 04 1 04 31
24 039 1 05 65 00 1 03 65
24 040 0 15 23 00 1 04 23
24 041 1 06 49 01 0 03 44
24 042 0 02 66 01 1 04 66
24 043 1 12 44 03 1 03 44
24 044 0 17 22 03 1 04 22
24 045 1 05 65 00 1 03 65
24 046 0 06 77 02 1 04 77
24 047 1 06 49 01 0 03 44
24 048 0 02 66 01 1 05 66
24 049 1 12 44 03 0 03 49
24 050 0 00 31 04 1 05 31
24 051 1 15 59 02 1 03 59
24 052 0 06 77 02 0 05 49
24 053 1 15 59 02 1 03 59
24 054 0 17 22 03 1 05 22
24 055 1 12 44 03 1 03 44
24 056 0 15 23 00 1 05 23
24 057 1 06 49 01 1 03 49
24 058 0 09 33 05 1 05 33
24 059 1 05 65 00 1 03 65
24 060 0 15 23 00 1 05 23
24 061 1 15 59 02 1 04 59
24 062 0 06 77 02 1 05 77
24 063 1 12 44 03 1 04 44
24 064 0 00 31 04 1 05 31
24 065 1 13 61 04 1 04 61
24 066 0 17 22 03 1 05 22
24 067 1 06 49 01 1 04 49
24 068 0 02 66 01 1 05 66
24 069 1 05 65 00 1 04 65
24 070 0 09 33 05 1 05 33
24 071 1 05 65 00 1 05 65
24 072 0 17 22 03 1 06 22
24 073 1 06 49 01 0 05 44
24 074 0 05 53 06 0 06 31
24 075 1 12 44 03 1 05 44
24 076 0 06 77 02 1 06 77
24 077 1 15 59 02 0 05 49
24 078 0 15 23 00 1 06 23
24 079 1 11 13 05 1 05 13
24 080 0 09 33 05 1 06 33
24 081 1 13 61 04 1 05 61
24 082 0 00 31 04 0 06 71
24 083 1 05 65 00 1 05 65
24 084 0 02 66 01 1 06 66
24 085 1 13 61 04 1 05 61
24 086 0 09 33 05 1 06 33
24 087 1 12 44 03 1 05 44
24 088 0 00 31 04 0 06 34
24 089 1 11 13 05 1 05 13
24 090 0 15 23 00 1 06 23
24 091 1 15 59 02 1 05 59
24 092 0 05 53 06 0 06 31
24 093 1 06 49 01 0 05 61
24 094 0 02 66 01 1 06 66
24 095 1 06 49 01 0 05 61
24 096 0 06 77 02 1 06 77
24 097 1 12 44 03 1 05 44
24 098 0 17 22 03 1 06 22
24 099 1 13 61 04 1 05 61
24 100 0 06 77 02 1 06 77
24 101 1 15 59 02 1 05 59
24 102 0 09 33 05 1 06 33
24 103 1 11 13 05 1 05 13
24 104 0 00 31 04 0 06 71
24 105 1 05 65 00 1 05 65
24 106 0 17 22 03 1 06 22
24 107 1 13 61 04 1 05 61
24 108 0 15 23 00 1 06 23
24 109 1 05 65 00 1 05 65
24 110 0 02 66 01 1 06 66
24 111 1 06 49 01 1 05 49
24 112 0 05 53 06 0 06 57
24 113 1 12 44 03 1 05 44
24 114 0 05 53 06 1 06 53
24 115 1 15 59 02 1 05 59
24 116 0 02 66 01 1 06 66
24 117 1 11 13 05 1 05 13
24 118 0 15 23 00 1 06 23
24 119 1 06 49 01 1 06 49
24 120 0 06 77 02 1 06 77
24 121 1 12 44 03 1 06 44
24 122 0 17 22 03 1 06 22
24 123 1 13 61 04 1 06 61
24 124 0 09 33 05 1 06 33
24 125 1 09 79 06 1 06 79
24 126 0 00 31 04 0 06 73
24 127 1 15 59 02 1 06 59
24 128 0 15 23 00 1 06 23
24 129 1 05 65 00 1 06 65
24 130 0 09 33 05 1 06 33
24 131 1 11 13 05 1 06 13
24 132 0 00 31 04 1 06 31
24 133 1 05 65 00 1 07 65
24 134 0 02 66 01 1 06 66
24 135 1 11 13 05 1 07 13
24 136 0 05 53 06 1 06 53
24 137 1 12 44 03 1 07 44
24 138 0 06 77 02 1 06 77
24 139 1 09 79 06 0 07 52
24 140 0 17 22 03 1 06 22
24 141 1 10 52 07 1 07 52
24 142 0 15 23 00 1 07 23
24 143 1 15 59 02 1 07 59
24 144 0 06 77 02 1 07 77
24 145 1 13 61 04 1 07 61
24 146 0 02 66 01 1 07 66
24 147 1 06 49 01 1 07 49
24 148 0 00 31 04 0 07 35
24 149 1 13 61 04 1 07 61
24 150 0 17 22 03 1 07 22
24 151 1 10 52 07 1 07 52
24 152 0 08 51 07 1 07 51
24 153 1 12 44 03 1 07 44
24 154 0 09 33 05 1 07 33
24 155 1 15 59 02 1 07 59
24 156 0 05 53 06 1 07 53
24 157 1 09 79 06 1 07 79
24 158 0 08 51 07 1 07 51
24 159 1 05 65 00 1 07 65
24 160 0 17 22 03 1 07 22
24 161 1 11 13 05 1 07 13
24 162 0 05 53 06 1 07 53
24 163 1 06 49 01 1 07 49
24 164 0 15 23 00 1 07 23
24 165 1 13 61 04 1 08 61
24 166 0 09 33 05 1 07 33
24 167 1 12 44 03 1 08 44
24 168 0 06 77 02 1 07 77
24 169 1 10 52 07 1 08 52
24 170 0 00 31 04 1 07 31
24 171 1 09 79 06 1 08 79
24 172 0 02 66 01 1 07 66
24 173 1 05 65 00 1 08 65
24 174 0 03 41 08 1 08 41
24 175 1 06 49 01 1 08 49
24 176 0 08 51 07 0 08 71
24 177 1 15 59 02 1 08 59
24 178 0 15 23 00 1 08 23
24 179 1 01 75 08 0 08 05
24 180 0 02 66 01 1 08 66
24 181 1 11 13 05 1 08 13
24 182 0 00 31 04 1 08 31
24 183 1 06 49 01 0 08 46
24 184 0 17 22 03 1 08 22
24 185 1 01 75 08 1 08 75
24 186 0 06 77 02 1 08 77
24 187 1 09 79 06 1 08 79
24 188 0 05 53 06 1 08 53
24 189 1 10 52 07 1 08 52
24 190 0 09 33 05 1 08 33
24 191 1 15 59 02 1 08 59
24 192 0 09 33 05 1 08 33
24 193 1 11 13 05 1 08 13
24 194 0 03 41 08 0 08 46
24 195 1 05 65 00 1 08 65
24 196 0 02 66 01 1 08 66
24 197 1 13 61 04 1 08 61
24 198 0 06 77 02 1 08 77
24 199 1 12 44 03 1 08 44
24 200 0 15 23 00 1 08 23
24 201 1 06 49 01 1 08 49
24 202 0 05 53 06 1 08 53
24 203 1 10 52 07 1 08 52
24 204 0 08 51 07 0 08 71
24 205 1 01 75 08 1 08 75
24 206 0 17 22 03 1 08 22
24 207 1 13 61 04 1 08 61
24 208 0 00 31 04 0 08 22
24 209 1 11 13 05 1 08 13
24 210 0 15 23 00 1 08 23
24 211 1 15 59 02 1 08 59
24 212 0 05 53 06 1 08 53
24 213 1 09 79 06 0 08 75
24 214 0 17 22 03 1 08 22
24 215 1 05 65 00 1 08 65
24 216 0 08 51 07 1 08 51
24 217 1 12 44 03 1 08 44
24 218 0 02 66 01 1 08 66
24 219 1 15 59 02 1 08 59
24 220 0 03 41 08 1 08 41
24 221 1 01 75 08 1 08 75
24 222 0 09 33 05 1 08 33
24 223 1 10 52 07 1 08 52
24 224 0 00 31 04 1 08 31
24 225 1 12 44 03 1 08 44
24 226 0 06 77 02 1 08 77
24 227 1 06 49 01 1 08 49
24 228 0 08 51 07 0 09 41
24 229 1 09 79 06 0 08 75
24 230 0 03 41 08 1 09 41
24 231 1 11 13 05 1 08 13
24 232 0 06 77 02 1 09 77
24 233 1 05 65 00 1 08 65
24 234 0 02 66 01 1 09 66
24 235 1 13 61 04 1 08 61
24 236 0 17 22 03 1 09 22
24 237 1 01 75 08 0 08 52
24 238 0 13 30 09 1 09 30
24 239 1 11 13 05 1 08 13
24 240 0 00 31 04 1 09 31
24 241 1 12 44 03 1 08 44
24 242 0 09 33 05 1 09 33
24 243 1 15 59 02 1 08 59
24 244 0 05 53 06 1 09 53
24 245 1 05 65 00 1 08 65
24 246 0 15 23 00 1 09 23
24 247 1 09 79 06 0 08 75
24 248 0 08 51 07 1 09 51
24 249 1 06 49 01 1 08 49
24 250 0 15 23 00 1 09 23
24 251 1 10 52 07 0 08 75
24 252 0 13 30 09 1 09 30
24 253 1 13 61 04 1 08 61
24 254 0 06 77 02 1 09 77
24 255 1 01 75 08 1 08 75
24 256 0 17 22 03 1 09 22
24 257 1 10 52 07 0 08 75
24 258 0 09 33 05 1 09 33
24 259 1 11 13 05 1 08 13
24 260 0 02 66 01 1 09 66
24 261 1 15 59 02 1 08 59
24 262 0 00 31 04 1 09 31
24 263 1 05 65 00 1 08 65
24 264 0 05 53 06 1 09 53
24 265 1 13 61 04 1 08 61
24 266 0 03 41 08 0 09 51
24 267 1 12 44 03 1 08 44
24 268 0 06 77 02 1 09 77
24 269 1 09 79 06 1 08 79
24 270 0 05 53 06 1 09 53
24 271 1 06 49 01 0 08 46
24 272 0 02 66 01 1 09 66
24 273 1 01 75 08 0 08 52
24 274 0 15 23 00 1 09 23
24 275 1 15 59 02 1 08 59
24 276 0 13 30 09 1 09 30
24 277 1 05 65 00 1 08 65
24 278 0 08 51 07 0 09 30
24 279 1 10 52 07 1 08 52
24 280 0 17 22 03 1 09 22
24 281 1 12 44 03 1 08 44
24 282 0 00 31 04 1 09 31
24 283 1 11 13 05 1 08 13
24 284 0 09 33 05 1 09 33
24 285 1 09 79 06 1 08 79
24 286 0 03 41 08 0 09 50
24 287 1 06 49 01 1 08 49
24 288 0 05 53 06 1 09 53
24 289 1 13 61 04 1 08 61
24 290 0 00 31 04 1 09 31
24 291 1 12 44 03 1 08 44
24 292 0 17 22 03 1 09 22
24 293 1 10 52 07 1 08 52
24 294 0 03 41 08 0 09 51
24 295 1 09 79 06 1 08 79
24 296 0 13 30 09 1 09 30
24 297 1 06 49 01 1 08 49
24 298 0 09 33 05 1 09 33
24 299 1 05 65 00 1 08 65
24 300 0 15 23 00 1 09 23
24 301 1 13 61 04 1 08 61
24 302 0 06 77 02 1 09 77
24 303 1 01 75 08 1 08 75
24 304 0 08 51 07 0 09 41
24 305 1 15 59 02 1 08 59
24 306 0 02 66 01 1 09 66
24 307 1 11 13 05 0 08 01
24 308 0 06 77 02 1 09 77
24 309 1 12 44 03 1 08 44
24 310 0 00 31 04 1 09 31
24 311 1 11 13 05 1 08 13
24 312 0 13 30 09 0 09 51
24 313 1 01 75 08 1 08 75
24 314 0 02 66 01 1 09 66
24 315 1 06 49 01 1 08 49
24 316 0 17 22 03 1 09 22
24 317 1 09 79 06 1 08 79
24 318 0 08 51 07 0 09 30
24 319 1 05 65 00 1 08 65
24 320 0 09 33 05 1 09 33
24 321 1 13 61 04 1 08 61
24 322 0 05 53 06 1 09 53
24 323 1 15 59 02 1 08 59
24 324 0 15 23 00 1 09 23
24 325 1 10 52 07 1 08 52
24 326 0 03 41 08 0 09 40
24 327 1 01 75 08 1 09 75
24 328 0 17 22 03 1 09 22
24 329 1 16 57 09 1 09 57
24 330 0 09 33 05 1 09 33
24 331 1 05 65 00 1 09 65
24 332 0 15 23 00 1 09 23
24 333 1 15 59 02 1 09 59
24 334 0 05 53 06 1 09 53
24 335 1 06 49 01 1 09 49
24 336 0 03 41 08 1 09 41
24 337 1 13 61 04 1 09 61
24 338 0 00 31 04 1 09 31
24 339 1 10 52 07 1 09 52
24 340 0 08 51 07 0 09 30
24 341 1 09 79 06 1 09 79
24 342 0 13 30 09 1 09 30
24 343 1 12 44 03 1 09 44
24 344 0 06 77 02 1 09 77
24 345 1 11 13 05 1 09 13
24 346 0 02 66 01 1 09 66
24 347 1 14 48 10 1 10 48
24 348 0 02 66 01 1 09 66
24 349 1 06 49 01 1 10 49
24 350 0 03 41 08 0 09 51
24 351 1 12 44 03 1 10 44
24 352 0 06 77 02 1 09 77
24 353 1 09 79 06 1 10 79
24 354 0 00 31 04 1 09 31
24 355 1 05 65 00 1 10 65
24 356 0 15 23 00 1 09 23
24 357 1 16 57 09 1 10 57
24 358 0 08 51 07 1 09 51
24 359 1 11 13 05 1 10 13
24 360 0 17 22 03 1 09 22
24 361 1 13 61 04 1 10 61
24 362 0 13 30 09 1 09 30
24 363 1 10 52 07 1 10 52
24 364 0 09 33 05 1 09 33
24 365 1 01 75 08 1 10 75
24 366 0 05 53 06 1 09 53
24 367 1 15 59 02 1 10 59
24 368 0 09 33 05 1 09 33
24 369 1 14 48 10 1 11 48
24 370 0 15 23 00 1 09 23
24 371 1 16 57 09 0 11 79
24 372 0 02 66 01 1 09 66
24 373 1 01 75 08 1 11 75
24 374 0 06 77 02 1 09 77
24 375 1 11 13 05 0 11 31
24 376 0 05 53 06 1 09 53
24 377 1 12 44 03 1 11 44
24 378 0 13 30 09 1 09 30
24 379 1 06 49 01 1 11 49
24 380 0 00 31 04 1 09 31
24 381 1 05 65 00 1 11 65
24 382 0 17 22 03 1 09 22
24 383 1 10 52 07 1 11 52
24 384 0 03 41 08 0 09 51
24 385 1 13 61 04 1 11 61
24 386 0 08 51 07 1 09 51
24 387 1 09 79 06 1 11 79
24 388 0 08 51 07 1 09 51
24 389 1 15 59 02 1 11 59
24 390 0 09 33 05 1 09 33
24 391 1 07 70 11 1 11 70
24 392 0 00 31 04 1 09 31
24 393 1 15 59 02 1 11 59
24 394 0 06 77 02 1 09 77
24 395 1 07 70 11 0 11 48
24 396 0 17 22 03 1 09 22
24 397 1 05 65 00 1 11 65
24 398 0 05 53 06 1 09 53
24 399 1 13 61 04 1 11 61
