00 000 0 03 79 00 1 00 79
00 001 1 03 28 00 1 00 28
00 002 0 12 19 01 0 01 18
00 003 1 07 58 01 1 01 58
00 004 0 03 79 00 1 01 79
00 005 1 03 28 00 1 01 28
00 006 0 03 79 00 1 01 79
00 007 1 05 57 02 1 02 57
00 008 0 12 19 01 0 01 58
00 009 1 07 58 01 1 02 58
00 010 0 03 79 00 1 01 79
00 011 1 03 28 00 1 02 28
00 012 0 12 19 01 1 01 19
00 013 1 07 58 01 1 03 58
00 014 0 03 79 00 1 02 79
00 015 1 03 28 00 1 03 28
00 016 0 15 49 02 1 02 49
00 017 1 05 57 02 1 03 57
00 018 0 12 19 01 1 02 19
00 019 1 04 67 03 1 03 67
00 020 0 15 49 02 1 03 49
00 021 1 07 58 01 1 04 58
00 022 0 03 79 00 1 03 79
00 023 1 05 57 02 1 04 57
00 024 0 12 19 01 1 03 19
00 025 1 04 67 03 1 04 67
00 026 0 02 33 03 1 03 33
00 027 1 03 28 00 1 04 28
00 028 0 03 79 00 1 04 79
00 029 1 15 68 04 1 04 68
00 030 0 02 33 03 1 04 33
00 031 1 04 67 03 0 05 68
00 032 0 12 19 01 1 04 19
00 033 1 07 58 01 1 05 58
00 034 0 15 49 02 1 04 49
00 035 1 05 57 02 1 05 57
00 036 0 13 36 04 1 04 36
00 037 1 03 28 00 1 05 28
00 038 0 09 22 05 1 05 22
00 039 1 12 63 05 1 05 63
00 040 0 03 79 00 1 05 79
00 041 1 15 68 04 1 05 68
00 042 0 13 36 04 1 05 36
00 043 1 05 57 02 1 05 57
00 044 0 15 49 02 1 05 49
00 045 1 12 63 05 1 05 63
00 046 0 12 19 01 1 05 19
00 047 1 03 28 00 1 05 28
00 048 0 02 33 03 1 05 33
00 049 1 04 67 03 1 05 67
00 050 0 02 33 03 1 06 33
00 051 1 15 68 04 1 05 68
00 052 0 00 39 06 1 06 39
00 053 1 07 58 01 1 05 58
00 054 0 15 49 02 1 06 49
00 055 1 03 28 00 1 06 28
00 056 0 09 22 05 1 06 22
00 057 1 04 67 03 1 06 67
00 058 0 12 19 01 1 06 19
00 059 1 05 57 02 1 06 57
00 060 0 03 79 00 1 06 79
00 061 1 15 68 04 1 06 68
00 062 0 13 36 04 1 06 36
00 063 1 00 17 06 1 06 17
00 064 0 15 49 02 1 07 49
00 065 1 07 58 01 1 06 58
00 066 0 00 39 06 1 07 39
00 067 1 12 63 05 1 06 63
00 068 0 04 31 07 1 07 31
00 069 1 03 28 00 1 07 28
00 070 0 03 79 00 1 07 79
00 071 1 08 42 07 1 07 42
00 072 0 09 22 05 1 07 22
00 073 1 05 57 02 1 07 57
00 074 0 02 33 03 1 07 33
00 075 1 07 58 01 1 07 58
00 076 0 12 19 01 1 07 19
00 077 1 04 67 03 1 07 67
00 078 0 13 36 04 1 07 36
00 079 1 12 63 05 1 07 63
00 080 0 00 39 06 1 08 39
00 081 1 15 68 04 0 07 57
00 082 0 12 19 01 1 08 19
00 083 1 00 17 06 1 07 17
00 084 0 09 22 05 1 08 22
00 085 1 07 58 01 1 07 58
00 086 0 04 31 07 1 08 31
00 087 1 00 17 06 1 07 17
00 088 0 11 25 08 1 08 25
00 089 1 12 63 05 1 07 63
00 090 0 03 79 00 1 08 79
00 091 1 08 42 07 0 07 25
00 092 0 15 49 02 1 08 49
00 093 1 04 67 03 1 07 67
00 094 0 02 33 03 1 08 33
00 095 1 03 28 00 1 07 28
00 096 0 13 36 04 1 08 36
00 097 1 15 68 04 1 07 68
00 098 0 13 36 04 1 09 36
00 099 1 05 57 02 1 07 57
00 100 0 04 31 07 1 09 31
00 101 1 08 42 07 1 07 42
00 102 0 15 49 02 1 09 49
00 103 1 03 28 00 1 07 28
00 104 0 11 25 08 1 09 25
00 105 1 04 67 03 1 07 67
00 106 0 08 13 09 1 09 13
00 107 1 05 57 02 1 07 57
00 108 0 00 39 06 1 09 39
00 109 1 00 17 06 1 07 17
00 110 0 12 19 01 1 09 19
00 111 1 07 58 01 1 07 58
00 112 0 09 22 05 1 09 22
00 113 1 12 63 05 1 07 63
00 114 0 03 79 00 1 09 79
00 115 1 15 68 04 1 07 68
00 116 0 02 33 03 1 09 33
00 117 1 12 63 05 1 08 63
00 118 0 11 25 08 1 10 25
00 119 1 03 28 00 1 08 28
00 120 0 17 46 10 1 10 46
00 121 1 08 42 07 1 08 42
00 122 0 12 19 01 1 10 19
00 123 1 04 67 03 0 08 57
00 124 0 09 22 05 1 10 22
00 125 1 15 68 04 1 08 68
00 126 0 13 36 04 1 10 36
00 127 1 05 57 02 1 08 57
00 128 0 03 79 00 1 10 79
00 129 1 07 58 01 1 08 58
00 130 0 02 33 03 1 10 33
00 131 1 00 17 06 1 08 17
00 132 0 00 39 06 1 10 39
00 133 1 02 15 08 1 08 15
00 134 0 08 13 09 1 10 13
00 135 1 04 67 03 0 08 68
00 136 0 15 49 02 1 10 49
00 137 1 12 63 05 1 08 63
00 138 0 04 31 07 1 10 31
00 139 1 07 58 01 1 08 58
00 140 0 05 62 11 1 11 62
00 141 1 15 68 04 1 08 68
00 142 0 11 25 08 1 11 25
00 143 1 05 57 02 1 08 57
00 144 0 09 22 05 1 11 22
00 145 1 03 28 00 0 08 05
00 146 0 02 33 03 1 11 33
00 147 1 00 17 06 1 08 17
00 148 0 04 31 07 0 11 33
00 149 1 02 15 08 1 08 15
00 150 0 15 49 02 1 11 49
00 151 1 08 42 07 1 08 42
00 152 0 08 13 09 0 11 33
00 153 1 04 67 03 1 08 67
00 154 0 03 79 00 1 11 79
00 155 1 03 28 00 1 08 28
00 156 0 17 46 10 1 11 46
00 157 1 05 57 02 1 08 57
00 158 0 13 36 04 1 11 36
00 159 1 07 58 01 1 08 58
00 160 0 12 19 01 1 11 19
00 161 1 02 15 08 1 08 15
00 162 0 00 39 06 1 11 39
00 163 1 08 42 07 1 08 42
00 164 0 04 31 07 1 11 31
00 165 1 00 17 06 1 08 17
00 166 0 11 25 08 1 11 25
00 167 1 15 68 04 1 08 68
00 168 0 03 79 00 1 11 79
00 169 1 12 63 05 1 08 63
00 170 0 15 49 02 1 11 49
00 171 1 02 15 08 1 09 15
00 172 0 17 46 10 1 11 46
00 173 1 05 57 02 1 09 57
00 174 0 13 36 04 1 11 36
00 175 1 06 72 09 1 09 72
00 176 0 00 39 06 1 11 39
00 177 1 08 42 07 1 09 42
00 178 0 08 13 09 1 11 13
00 179 1 03 28 00 1 09 28
00 180 0 05 62 11 1 11 62
00 181 1 04 67 03 1 09 67
00 182 0 09 22 05 1 11 22
00 183 1 15 68 04 1 09 68
00 184 0 02 33 03 1 11 33
00 185 1 07 58 01 1 09 58
00 186 0 12 19 01 1 11 19
00 187 1 00 17 06 1 09 17
00 188 0 00 39 06 1 12 39
00 189 1 12 63 05 1 09 63
00 190 0 04 31 07 1 12 31
00 191 1 15 68 04 1 10 68
00 192 0 12 19 01 1 12 19
00 193 1 02 15 08 1 10 15
00 194 0 05 62 11 1 12 62
00 195 1 00 17 06 1 10 17
00 196 0 15 49 02 1 12 49
00 197 1 03 28 00 1 10 28
00 198 0 02 33 03 1 12 33
00 199 1 06 72 09 1 10 72
00 200 0 07 11 12 1 12 11
00 201 1 07 58 01 1 10 58
00 202 0 13 36 04 1 12 36
00 203 1 04 67 03 1 10 67
00 204 0 08 13 09 1 12 13
00 205 1 12 63 05 1 10 63
00 206 0 09 22 05 1 12 22
00 207 1 08 42 07 1 10 42
00 208 0 03 79 00 1 12 79
00 209 1 13 52 10 1 10 52
00 210 0 17 46 10 1 12 46
00 211 1 05 57 02 1 10 57
00 212 0 11 25 08 1 12 25
00 213 1 07 58 01 1 11 58
00 214 0 08 13 09 1 13 13
00 215 1 13 52 10 1 11 52
00 216 0 12 19 01 1 13 19
00 217 1 12 63 05 1 11 63
00 218 0 02 33 03 1 13 33
00 219 1 08 42 07 1 11 42
00 220 0 05 62 11 1 13 62
00 221 1 03 28 00 1 11 28
00 222 0 04 31 07 1 13 31
00 223 1 04 67 03 1 11 67
00 224 0 03 79 00 1 13 79
00 225 1 00 17 06 1 11 17
00 226 0 13 36 04 1 13 36
00 227 1 02 15 08 1 11 15
00 228 0 11 25 08 1 13 25
00 229 1 01 30 11 1 11 30
00 230 0 00 39 06 1 13 39
00 231 1 15 68 04 1 11 68
00 232 0 07 11 12 1 13 11
00 233 1 06 72 09 1 11 72
00 234 0 15 49 02 1 13 49
00 235 1 05 57 02 1 11 57
00 236 0 16 56 13 1 13 56
00 237 1 02 15 08 1 12 15
00 238 0 09 22 05 1 13 22
00 239 1 07 58 01 1 12 58
00 240 0 17 46 10 1 13 46
00 241 1 13 52 10 1 12 52
00 242 0 04 31 07 1 14 31
00 243 1 12 63 05 1 12 63
00 244 0 07 11 12 1 14 11
00 245 1 17 55 12 0 12 52
00 246 0 17 46 10 1 14 46
00 247 1 06 72 09 1 12 72
00 248 0 09 22 05 1 14 22
00 249 1 05 57 02 1 12 57
00 250 0 02 33 03 1 14 33
00 251 1 00 17 06 1 12 17
00 252 0 13 36 04 1 14 36
00 253 1 15 68 04 1 12 68
00 254 0 05 62 11 1 14 62
00 255 1 01 30 11 1 12 30
00 256 0 16 56 13 1 14 56
00 257 1 03 28 00 1 12 28
00 258 0 10 54 14 1 14 54
00 259 1 08 42 07 1 12 42
00 260 0 03 79 00 1 14 79
00 261 1 04 67 03 0 12 68
00 262 0 00 39 06 1 14 39
00 263 1 12 63 05 1 12 63
00 264 0 08 13 09 1 14 13
00 265 1 06 72 09 1 12 72
00 266 0 11 25 08 1 14 25
00 267 1 15 68 04 1 12 68
00 268 0 15 49 02 1 14 49
00 269 1 04 67 03 1 12 67
00 270 0 12 19 01 1 14 19
00 271 1 13 52 10 1 12 52
00 272 0 07 11 12 1 15 11
00 273 1 03 28 00 1 12 28
00 274 0 08 13 09 1 15 13
00 275 1 07 58 01 1 12 58
00 276 0 03 79 00 1 15 79
00 277 1 00 17 06 1 12 17
00 278 0 11 25 08 1 15 25
00 279 1 17 55 12 1 12 55
00 280 0 12 19 01 1 15 19
00 281 1 02 15 08 1 12 15
00 282 0 10 54 14 1 15 54
00 283 1 05 57 02 1 12 57
00 284 0 04 31 07 1 15 31
00 285 1 01 30 11 1 12 30
00 286 0 00 39 06 1 15 39
00 287 1 08 42 07 1 12 42
00 288 0 01 20 15 1 15 20
00 289 1 00 17 06 1 13 17
00 290 0 17 46 10 1 15 46
00 291 1 13 52 10 1 13 52
00 292 0 13 36 04 1 15 36
00 293 1 08 42 07 1 13 42
00 294 0 05 62 11 1 15 62
00 295 1 05 57 02 1 13 57
00 296 0 16 56 13 1 15 56
00 297 1 04 67 03 1 13 67
00 298 0 09 22 05 1 15 22
00 299 1 17 55 12 1 13 55
00 300 0 15 49 02 1 15 49
00 301 1 01 30 11 1 13 30
00 302 0 02 33 03 1 15 33
00 303 1 16 27 13 1 13 27
00 304 0 04 31 07 1 16 31
00 305 1 12 63 05 1 13 63
00 306 0 02 33 03 1 16 33
00 307 1 03 28 00 1 13 28
00 308 0 03 79 00 1 16 79
00 309 1 15 68 04 1 13 68
00 310 0 13 36 04 1 16 36
00 311 1 06 72 09 1 13 72
00 312 0 14 60 16 1 16 60
00 313 1 02 15 08 1 13 15
00 314 0 05 62 11 1 16 62
00 315 1 07 58 01 1 13 58
00 316 0 17 46 10 1 16 46
00 317 1 15 68 04 1 14 68
00 318 0 07 11 12 1 16 11
00 319 1 17 55 12 1 14 55
00 320 0 09 22 05 1 16 22
00 321 1 02 15 08 1 14 15
00 322 0 12 19 01 1 16 19
00 323 1 13 52 10 1 14 52
00 324 0 10 54 14 1 16 54
00 325 1 10 44 14 1 14 44
00 326 0 08 13 09 1 16 13
00 327 1 07 58 01 1 14 58
00 328 0 16 56 13 1 16 56
00 329 1 12 63 05 1 14 63
00 330 0 11 25 08 1 16 25
00 331 1 05 57 02 1 14 57
00 332 0 15 49 02 1 16 49
00 333 1 01 30 11 1 14 30
00 334 0 00 39 06 1 16 39
00 335 1 00 17 06 1 14 17
00 336 0 01 20 15 0 16 60
00 337 1 04 67 03 1 14 67
00 338 0 08 13 09 1 16 13
00 339 1 03 28 00 1 14 28
00 340 0 10 54 14 1 16 54
00 341 1 08 42 07 1 14 42
00 342 0 04 31 07 1 16 31
00 343 1 06 72 09 1 14 72
00 344 0 17 46 10 1 16 46
00 345 1 16 27 13 1 14 27
00 346 0 00 39 06 1 16 39
00 347 1 13 52 10 1 15 52
00 348 0 01 20 15 1 16 20
00 349 1 00 17 06 1 15 17
00 350 0 12 19 01 1 16 19
00 351 1 05 57 02 1 15 57
00 352 0 15 49 02 1 16 49
00 353 1 08 42 07 1 15 42
00 354 0 14 60 16 1 16 60
00 355 1 02 15 08 1 15 15
00 356 0 13 36 04 1 16 36
00 357 1 03 28 00 1 15 28
00 358 0 11 25 08 1 16 25
00 359 1 10 44 14 1 15 44
00 360 0 09 22 05 1 16 22
00 361 1 15 68 04 1 15 68
00 362 0 02 33 03 1 16 33
00 363 1 14 45 15 1 15 45
00 364 0 16 56 13 1 16 56
00 365 1 16 27 13 1 15 27
00 366 0 03 79 00 1 16 79
00 367 1 07 58 01 1 15 58
00 368 0 05 62 11 1 16 62
00 369 1 12 63 05 1 15 63
00 370 0 07 11 12 1 16 11
00 371 1 01 30 11 1 15 30
00 372 0 00 39 06 1 17 39
00 373 1 17 55 12 1 15 55
00 374 0 05 62 11 1 17 62
00 375 1 06 72 09 1 15 72
00 376 0 11 25 08 1 17 25
00 377 1 04 67 03 1 15 67
00 378 0 17 46 10 1 17 46
00 379 1 07 58 01 1 16 58
00 380 0 06 75 17 1 17 75
00 381 1 03 28 00 1 16 28
00 382 0 13 36 04 1 17 36
00 383 1 13 52 10 1 16 52
00 384 0 07 11 12 1 17 11
00 385 1 08 42 07 1 16 42
00 386 0 03 79 00 1 17 79
00 387 1 12 63 05 1 16 63
00 388 0 12 19 01 1 17 19
00 389 1 14 45 15 1 16 45
00 390 0 08 13 09 1 17 13
00 391 1 16 27 13 1 16 27
00 392 0 09 22 05 1 17 22
00 393 1 15 68 04 1 16 68
00 394 0 10 54 14 0 17 46
00 395 1 10 44 14 1 16 44
00 396 0 16 56 13 1 17 56
00 397 1 17 55 12 1 16 55
00 398 0 04 31 07 1 17 31
00 399 1 04 67 03 1 16 67
