12 000 0 10 62 00 0 00 00
12 001 1 15 14 00 0 00 00
12 002 0 10 62 00 0 00 00
12 003 1 15 14 00 0 00 00
12 004 0 10 62 00 0 00 00
12 005 1 15 14 00 0 00 00
12 006 0 10 62 00 0 00 14
12 007 1 15 14 00 1 00 14
12 008 0 10 62 00 0 00 14
12 009 1 15 14 00 0 01 04
12 010 0 10 62 00 1 00 62
12 011 1 03 21 01 1 01 21
12 012 0 08 75 01 0 01 72
12 013 1 03 21 01 1 01 21
12 014 0 10 62 00 1 01 62
12 015 1 15 14 00 1 01 14
12 016 0 10 62 00 1 01 62
12 017 1 15 14 00 1 02 14
12 018 0 08 75 01 1 01 75
12 019 1 14 61 02 0 02 65
12 020 0 07 55 02 1 02 55
12 021 1 03 21 01 1 02 21
12 022 0 08 75 01 0 02 61
12 023 1 03 21 01 1 02 21
12 024 0 10 62 00 1 02 62
12 025 1 14 61 02 0 02 21
12 026 0 10 62 00 1 02 62
12 027 1 15 14 00 1 02 14
12 028 0 07 55 02 1 02 55
12 029 1 14 61 02 1 02 61
12 030 0 08 75 01 1 02 75
12 031 1 03 21 01 1 02 21
12 032 0 10 62 00 1 03 62
12 033 1 15 14 00 1 02 14
12 034 0 07 55 02 1 03 55
12 035 1 15 14 00 1 03 14
12 036 0 08 75 01 1 03 75
12 037 1 13 40 03 1 03 40
12 038 0 01 38 03 1 03 38
12 039 1 03 21 01 1 03 21
12 040 0 01 38 03 1 04 38
12 041 1 14 61 02 1 03 61
12 042 0 08 75 01 1 04 75
12 043 1 03 21 01 1 04 21
12 044 0 07 55 02 1 04 55
12 045 1 10 30 04 1 04 30
12 046 0 04 73 04 0 04 38
12 047 1 14 61 02 0 04 55
12 048 0 10 62 00 1 04 62
12 049 1 13 40 03 1 04 40
12 050 0 08 75 01 0 04 21
12 051 1 15 14 00 1 04 14
12 052 0 07 55 02 0 04 75
12 053 1 10 30 04 1 04 30
12 054 0 10 62 00 1 04 62
12 055 1 14 61 02 1 04 61
12 056 0 01 38 03 1 04 38
12 057 1 03 21 01 1 04 21
12 058 0 04 73 04 1 04 73
12 059 1 15 14 00 1 04 14
12 060 0 10 62 00 1 04 62
12 061 1 13 40 03 1 04 40
12 062 0 07 55 02 1 04 55
12 063 1 14 61 02 1 05 61
12 064 0 01 38 03 1 04 38
12 065 1 15 14 00 1 05 14
12 066 0 04 73 04 0 04 75
12 067 1 10 30 04 0 05 38
12 068 0 08 75 01 0 04 21
12 069 1 13 40 03 1 05 40
12 070 0 01 38 03 1 04 38
12 071 1 03 21 01 1 05 21
12 072 0 08 75 01 1 04 75
12 073 1 17 51 05 1 05 51
12 074 0 04 73 04 1 04 73
12 075 1 15 14 00 1 05 14
12 076 0 07 55 02 1 04 55
12 077 1 17 51 05 1 05 51
12 078 0 10 62 00 1 04 62
12 079 1 14 61 02 1 05 61
12 080 0 11 23 05 1 05 23
12 081 1 13 40 03 1 05 40
12 082 0 01 38 03 1 05 38
12 083 1 03 21 01 1 05 21
12 084 0 10 62 00 1 05 62
12 085 1 10 30 04 1 05 30
12 086 0 07 55 02 1 05 55
12 087 1 13 40 03 1 06 40
12 088 0 08 75 01 1 05 75
12 089 1 15 14 00 1 06 14
12 090 0 04 73 04 1 05 73
12 091 1 10 30 04 1 06 30
12 092 0 13 33 06 1 06 33
12 093 1 03 21 01 1 06 21
12 094 0 07 55 02 1 06 55
12 095 1 09 60 06 0 06 63
12 096 0 01 38 03 1 06 38
12 097 1 14 61 02 1 06 61
12 098 0 08 75 01 0 06 73
12 099 1 17 51 05 1 06 51
12 100 0 10 62 00 1 06 62
12 101 1 09 60 06 1 06 60
12 102 0 11 23 05 0 06 51
12 103 1 10 30 04 1 06 30
12 104 0 04 73 04 1 06 73
12 105 1 13 40 03 1 06 40
12 106 0 01 38 03 1 06 38
12 107 1 03 21 01 1 06 21
12 108 0 13 33 06 0 06 23
12 109 1 17 51 05 1 06 51
12 110 0 11 23 05 1 06 23
12 111 1 15 14 00 1 06 14
12 112 0 10 62 00 1 06 62
12 113 1 14 61 02 1 06 61
12 114 0 04 73 04 1 06 73
12 115 1 13 40 03 1 07 40
12 116 0 07 55 02 1 06 55
12 117 1 17 51 05 1 07 51
12 118 0 08 75 01 1 06 75
12 119 1 10 30 04 1 07 30
12 120 0 10 62 00 1 06 62
12 121 1 00 17 07 1 07 17
12 122 0 07 55 02 1 06 55
12 123 1 09 60 06 0 07 23
12 124 0 11 23 05 1 06 23
12 125 1 15 14 00 1 07 14
12 126 0 01 38 03 1 06 38
12 127 1 14 61 02 1 07 61
12 128 0 04 73 04 1 06 73
12 129 1 03 21 01 1 07 21
12 130 0 08 75 01 1 06 75
12 131 1 00 17 07 1 07 17
12 132 0 13 33 06 0 06 75
12 133 1 17 51 05 1 07 51
12 134 0 01 38 03 1 06 38
12 135 1 03 21 01 1 07 21
12 136 0 13 33 06 1 06 33
12 137 1 13 40 03 1 07 40
12 138 0 08 75 01 1 06 75
12 139 1 09 60 06 1 07 60
12 140 0 10 62 00 1 06 62
12 141 1 10 30 04 0 07 14
12 142 0 11 23 05 1 06 23
12 143 1 15 14 00 1 07 14
12 144 0 04 73 04 1 06 73
12 145 1 14 61 02 1 07 61
12 146 0 07 55 02 1 06 55
12 147 1 13 40 03 1 07 40
12 148 0 07 55 02 1 07 55
12 149 1 03 21 01 1 07 21
12 150 0 01 38 03 1 07 38
12 151 1 00 17 07 0 07 76
12 152 0 10 62 00 1 07 62
12 153 1 15 14 00 1 07 14
12 154 0 09 76 07 1 07 76
12 155 1 09 60 06 1 07 60
12 156 0 04 73 04 1 07 73
12 157 1 17 51 05 1 07 51
12 158 0 11 23 05 1 07 23
12 159 1 14 61 02 0 07 56
12 160 0 13 33 06 0 07 17
12 161 1 10 30 04 1 07 30
12 162 0 08 75 01 1 07 75
12 163 1 09 60 06 1 07 60
12 164 0 07 55 02 1 07 55
12 165 1 13 40 03 1 07 40
12 166 0 09 76 07 1 07 76
12 167 1 10 30 04 1 07 30
12 168 0 08 75 01 1 07 75
12 169 1 14 61 02 1 07 61
12 170 0 10 62 00 1 07 62
12 171 1 00 17 07 1 07 17
12 172 0 13 33 06 1 07 33
12 173 1 15 14 00 1 07 14
12 174 0 04 73 04 1 07 73
12 175 1 03 21 01 1 07 21
12 176 0 01 38 03 1 07 38
12 177 1 17 51 05 1 07 51
12 178 0 11 23 05 1 07 23
12 179 1 14 61 02 1 08 61
12 180 0 11 23 05 1 08 23
12 181 1 07 12 08 1 08 12
12 182 0 00 48 08 0 08 52
12 183 1 09 60 06 1 08 60
12 184 0 08 75 01 0 08 73
12 185 1 15 14 00 1 08 14
12 186 0 04 73 04 1 08 73
12 187 1 13 40 03 1 08 40
12 188 0 07 55 02 1 08 55
12 189 1 03 21 01 1 08 21
12 190 0 01 38 03 0 08 23
12 191 1 00 17 07 1 08 17
12 192 0 13 33 06 1 08 33
12 193 1 17 51 05 1 08 51
12 194 0 09 76 07 0 08 48
12 195 1 10 30 04 1 08 30
12 196 0 10 62 00 1 08 62
12 197 1 14 61 02 1 09 61
12 198 0 07 55 02 1 08 55
12 199 1 15 14 00 1 09 14
12 200 0 09 76 07 1 08 76
12 201 1 09 60 06 1 09 60
12 202 0 00 48 08 1 08 48
12 203 1 16 58 09 1 09 58
12 204 0 08 75 01 1 08 75
12 205 1 00 17 07 1 09 17
12 206 0 10 62 00 1 08 62
12 207 1 13 40 03 1 09 40
12 208 0 01 38 03 1 08 38
12 209 1 07 12 08 1 09 12
12 210 0 13 33 06 1 08 33
12 211 1 17 51 05 1 09 51
12 212 0 04 73 04 1 08 73
12 213 1 10 30 04 1 09 30
12 214 0 11 23 05 1 08 23
12 215 1 03 21 01 1 09 21
12 216 0 00 48 08 1 09 48
12 217 1 10 30 04 1 10 30
12 218 0 01 38 03 1 09 38
12 219 1 16 58 09 1 10 58
12 220 0 10 62 00 1 09 62
12 221 1 15 14 00 1 10 14
12 222 0 16 15 09 0 09 48
12 223 1 09 60 06 1 10 60
12 224 0 11 23 05 1 09 23
12 225 1 03 21 01 1 10 21
12 226 0 07 55 02 1 09 55
12 227 1 14 61 02 1 10 61
12 228 0 09 76 07 1 09 76
12 229 1 00 17 07 1 10 17
12 230 0 13 33 06 1 09 33
12 231 1 13 40 03 1 10 40
12 232 0 04 73 04 1 09 73
12 233 1 07 12 08 1 10 12
12 234 0 08 75 01 1 09 75
12 235 1 01 43 10 0 10 14
12 236 0 16 15 09 1 09 15
12 237 1 17 51 05 1 10 51
12 238 0 10 62 00 1 09 62
12 239 1 17 51 05 1 10 51
12 240 0 04 73 04 1 09 73
12 241 1 09 60 06 1 10 60
12 242 0 01 38 03 1 09 38
12 243 1 15 14 00 1 10 14
12 244 0 08 75 01 0 09 73
12 245 1 07 12 08 1 10 12
12 246 0 11 23 05 1 09 23
12 247 1 01 43 10 1 10 43
12 248 0 13 33 06 1 09 33
12 249 1 14 61 02 1 10 61
12 250 0 09 76 07 1 09 76
12 251 1 03 21 01 1 10 21
12 252 0 00 48 08 0 09 58
12 253 1 00 17 07 1 10 17
12 254 0 07 55 02 1 09 55
12 255 1 10 30 04 1 10 30
12 256 0 00 48 08 1 09 48
12 257 1 16 58 09 1 10 58
12 258 0 07 55 02 1 09 55
12 259 1 13 40 03 1 10 40
12 260 0 10 62 00 1 09 62
12 261 1 17 51 05 1 11 51
12 262 0 04 73 04 1 09 73
12 263 1 13 40 03 1 11 40
12 264 0 08 75 01 1 09 75
12 265 1 16 58 09 1 11 58
12 266 0 13 33 06 1 09 33
12 267 1 03 21 01 1 11 21
12 268 0 16 15 09 0 09 48
12 269 1 06 19 11 0 11 29
12 270 0 01 38 03 1 09 38
12 271 1 15 14 00 1 11 14
12 272 0 11 23 05 1 09 23
12 273 1 14 61 02 1 11 61
12 274 0 09 76 07 1 09 76
12 275 1 07 12 08 1 11 12
12 276 0 00 48 08 1 09 48
12 277 1 09 60 06 1 11 60
12 278 0 01 38 03 1 09 38
12 279 1 10 30 04 1 11 30
12 280 0 11 23 05 1 09 23
12 281 1 01 43 10 1 11 43
12 282 0 09 76 07 1 09 76
12 283 1 00 17 07 1 11 17
12 284 0 04 73 04 1 09 73
12 285 1 00 17 07 1 11 17
12 286 0 10 62 00 1 09 62
12 287 1 13 40 03 1 11 40
12 288 0 08 75 01 1 09 75
12 289 1 03 21 01 1 11 21
12 290 0 13 33 06 1 09 33
12 291 1 14 61 02 1 11 61
12 292 0 07 55 02 1 09 55
12 293 1 07 12 08 1 11 12
12 294 0 16 15 09 1 09 15
12 295 1 09 60 06 0 11 58
12 296 0 00 48 08 1 10 48
12 297 1 10 30 04 1 11 30
12 298 0 12 28 10 1 10 28
12 299 1 15 14 00 1 11 14
12 300 0 07 55 02 1 10 55
12 301 1 06 19 11 1 11 19
12 302 0 09 76 07 1 10 76
12 303 1 16 58 09 1 11 58
12 304 0 13 33 06 1 10 33
12 305 1 01 43 10 1 11 43
12 306 0 16 15 09 1 10 15
12 307 1 17 51 05 1 11 51
12 308 0 01 38 03 1 10 38
12 309 1 03 21 01 1 11 21
12 310 0 11 23 05 1 10 23
12 311 1 06 19 11 1 11 19
12 312 0 04 73 04 1 10 73
12 313 1 00 17 07 1 11 17
12 314 0 10 62 00 1 10 62
12 315 1 17 51 05 1 11 51
12 316 0 08 75 01 1 10 75
12 317 1 13 40 03 1 11 40
12 318 0 07 55 02 1 11 55
12 319 1 09 60 06 1 11 60
12 320 0 13 33 06 1 11 33
12 321 1 10 30 04 1 11 30
12 322 0 00 48 08 1 11 48
12 323 1 01 43 10 1 11 43
12 324 0 08 75 01 1 11 75
12 325 1 15 14 00 1 11 14
12 326 0 12 28 10 1 11 28
12 327 1 07 12 08 1 11 12
12 328 0 11 23 05 0 11 12
12 329 1 14 61 02 1 11 61
12 330 0 09 76 07 1 11 76
12 331 1 16 58 09 1 11 58
12 332 0 04 73 04 1 11 73
12 333 1 07 12 08 1 12 12
12 334 0 16 15 09 1 11 15
12 335 1 01 43 10 1 12 43
12 336 0 03 44 11 1 11 44
12 337 1 15 14 00 1 12 14
12 338 0 10 62 00 1 11 62
12 339 1 13 40 03 1 12 40
12 340 0 01 38 03 1 11 38
12 341 1 00 17 07 1 12 17
12 342 0 12 28 10 1 11 28
12 343 1 06 19 11 1 12 19
12 344 0 00 48 08 1 11 48
12 345 1 10 30 04 0 12 63
12 346 0 03 44 11 1 11 44
12 347 1 14 61 02 1 12 61
12 348 0 01 38 03 1 11 38
12 349 1 17 51 05 1 12 51
12 350 0 09 76 07 1 11 76
12 351 1 09 60 06 1 12 60
12 352 0 07 55 02 1 11 55
12 353 1 03 21 01 1 12 21
12 354 0 11 23 05 1 11 23
12 355 1 16 58 09 1 12 58
12 356 0 13 33 06 1 11 33
12 357 1 02 69 12 1 12 69
12 358 0 10 62 00 1 11 62
12 359 1 03 21 01 1 12 21
12 360 0 16 15 09 1 11 15
12 361 1 10 30 04 1 12 30
12 362 0 04 73 04 1 11 73
12 363 1 00 17 07 1 12 17
12 364 0 08 75 01 1 11 75
12 365 1 16 58 09 1 12 58
12 366 0 08 75 01 1 12 75
12 367 1 09 60 06 1 12 60
12 368 0 04 73 04 1 12 73
12 369 1 06 19 11 1 12 19
12 370 0 09 76 07 1 12 76
12 371 1 17 51 05 1 12 51
12 372 0 13 33 06 1 12 33
12 373 1 07 12 08 1 12 12
12 374 0 00 48 08 1 12 48
12 375 1 14 61 02 1 12 61
12 376 0 01 38 03 1 12 38
12 377 1 13 40 03 1 12 40
12 378 0 16 15 09 1 12 15
12 379 1 15 14 00 1 12 14
12 380 0 15 52 12 1 12 52
12 381 1 02 69 12 1 12 69
12 382 0 12 28 10 1 12 28
12 383 1 01 43 10 1 12 43
12 384 0 07 55 02 1 12 55
12 385 1 17 51 05 1 13 51
12 386 0 03 44 11 1 12 44
12 387 1 13 40 03 1 13 40
12 388 0 11 23 05 1 12 23
12 389 1 15 14 00 1 13 14
12 390 0 10 62 00 1 12 62
12 391 1 01 43 10 1 13 43
12 392 0 09 76 07 1 13 76
12 393 1 00 17 07 1 13 17
12 394 0 12 28 10 1 13 28
12 395 1 09 60 06 1 13 60
12 396 0 01 38 03 1 13 38
12 397 1 03 21 01 1 13 21
12 398 0 15 52 12 1 13 52
12 399 1 16 58 09 1 13 58
