29 000 0 12 13 00 1 00 13
29 001 1 10 60 00 0 00 62
29 002 0 04 42 01 1 01 42
29 003 1 10 60 00 1 00 60
29 004 0 12 13 00 1 01 13
29 005 1 10 60 00 1 01 60
29 006 0 03 71 02 0 02 40
29 007 1 01 33 01 0 01 42
29 008 0 04 42 01 1 02 42
29 009 1 01 33 01 0 01 21
29 010 0 12 13 00 0 02 60
29 011 1 10 60 00 1 01 60
29 012 0 03 71 02 1 02 71
29 013 1 10 60 00 1 01 60
29 014 0 12 13 00 1 02 13
29 015 1 01 33 01 1 01 33
29 016 0 04 42 01 0 02 21
29 017 1 01 33 01 1 02 33
29 018 0 03 71 02 1 02 71
29 019 1 15 79 02 0 02 72
29 020 0 04 42 01 0 02 79
29 021 1 10 60 00 1 02 60
29 022 0 12 13 00 1 02 13
29 023 1 10 60 00 1 02 60
29 024 0 03 71 02 1 02 71
29 025 1 01 33 01 1 02 33
29 026 0 04 42 01 1 02 42
29 027 1 15 79 02 1 02 79
29 028 0 12 13 00 1 02 13
29 029 1 15 79 02 1 03 79
29 030 0 15 76 03 0 03 02
29 031 1 01 33 01 0 03 79
29 032 0 04 42 01 1 03 42
29 033 1 10 60 00 1 03 60
29 034 0 12 13 00 1 03 13
29 035 1 07 27 03 1 03 27
29 036 0 03 71 02 1 03 71
29 037 1 15 79 02 1 03 79
29 038 0 15 76 03 0 03 79
29 039 1 07 27 03 1 03 27
29 040 0 03 71 02 1 03 71
29 041 1 10 60 00 1 03 60
29 042 0 12 13 00 1 03 13
29 043 1 01 33 01 1 03 33
29 044 0 04 42 01 0 03 33
29 045 1 10 60 00 1 04 60
29 046 0 12 13 00 1 03 13
29 047 1 15 79 02 1 04 79
29 048 0 04 42 01 1 03 42
29 049 1 01 33 01 1 04 33
29 050 0 03 71 02 1 03 71
29 051 1 04 21 04 0 04 29
29 052 0 15 76 03 1 03 76
29 053 1 07 27 03 1 04 27
29 054 0 04 42 01 1 04 42
29 055 1 10 60 00 1 04 60
29 056 0 09 39 04 0 04 29
29 057 1 04 21 04 1 04 21
29 058 0 12 13 00 1 04 13
29 059 1 15 79 02 1 04 79
29 060 0 03 71 02 1 04 71
29 061 1 07 27 03 1 04 27
29 062 0 15 76 03 1 04 76
29 063 1 01 33 01 1 04 33
29 064 0 04 42 01 1 04 42
29 065 1 15 79 02 1 05 79
29 066 0 15 76 03 1 04 76
29 067 1 01 33 01 1 05 33
29 068 0 12 13 00 1 04 13
29 069 1 03 40 05 1 05 40
29 070 0 09 39 04 1 04 39
29 071 1 10 60 00 1 05 60
29 072 0 03 71 02 1 04 71
29 073 1 04 21 04 0 05 39
29 074 0 04 42 01 1 05 42
29 075 1 07 27 03 1 05 27
29 076 0 05 15 05 1 05 15
29 077 1 15 79 02 1 05 79
29 078 0 15 76 03 1 05 76
29 079 1 04 21 04 1 05 21
29 080 0 09 39 04 1 05 39
29 081 1 03 40 05 1 05 40
29 082 0 12 13 00 1 05 13
29 083 1 07 27 03 1 05 27
29 084 0 03 71 02 1 05 71
29 085 1 01 33 01 1 05 33
29 086 0 03 71 02 1 06 71
29 087 1 10 60 00 1 05 60
29 088 0 00 75 06 1 06 75
29 089 1 15 79 02 1 06 79
29 090 0 05 15 05 1 06 15
29 091 1 07 27 03 1 06 27
29 092 0 12 13 00 1 06 13
29 093 1 03 40 05 1 06 40
29 094 0 09 39 04 1 06 39
29 095 1 16 24 06 1 06 24
29 096 0 04 42 01 0 06 01
29 097 1 04 21 04 1 06 21
29 098 0 15 76 03 1 06 76
29 099 1 10 60 00 1 06 60
29 100 0 05 15 05 1 06 15
29 101 1 01 33 01 1 06 33
29 102 0 09 39 04 1 06 39
29 103 1 15 79 02 1 07 79
29 104 0 15 76 03 1 06 76
29 105 1 03 40 05 1 07 40
29 106 0 04 42 01 1 06 42
29 107 1 07 27 03 1 07 27
29 108 0 03 71 02 1 06 71
29 109 1 16 24 06 1 07 24
29 110 0 12 13 00 1 06 13
29 111 1 04 21 04 1 07 21
29 112 0 00 75 06 1 06 75
29 113 1 01 33 01 1 07 33
29 114 0 12 13 00 1 07 13
29 115 1 10 60 00 1 07 60
29 116 0 10 77 07 0 07 54
29 117 1 06 54 07 1 07 54
29 118 0 15 76 03 1 07 76
29 119 1 03 40 05 1 08 40
29 120 0 04 42 01 1 07 42
29 121 1 07 27 03 1 08 27
29 122 0 03 71 02 1 07 71
29 123 1 15 79 02 0 08 39
29 124 0 00 75 06 1 07 75
29 125 1 10 60 00 1 08 60
29 126 0 09 39 04 1 07 39
29 127 1 01 33 01 1 08 33
29 128 0 05 15 05 1 07 15
29 129 1 16 24 06 1 08 24
29 130 0 10 77 07 1 07 77
29 131 1 04 21 04 1 08 21
29 132 0 04 42 01 1 07 42
29 133 1 02 46 08 0 08 26
29 134 0 15 76 03 1 07 76
29 135 1 06 54 07 1 08 54
29 136 0 05 15 05 1 07 15
29 137 1 07 27 03 1 08 27
29 138 0 03 71 02 1 07 71
29 139 1 04 21 04 1 08 21
29 140 0 09 39 04 0 07 77
29 141 1 03 40 05 1 08 40
29 142 0 12 13 00 1 07 13
29 143 1 10 60 00 1 08 60
29 144 0 00 75 06 1 07 75
29 145 1 01 33 01 1 08 33
29 146 0 05 15 05 1 07 15
29 147 1 02 46 08 0 08 21
29 148 0 00 75 06 1 07 75
29 149 1 16 24 06 1 08 24
29 150 0 15 76 03 1 07 76
29 151 1 15 79 02 1 08 79
29 152 0 10 77 07 1 07 77
29 153 1 06 54 07 1 08 54
29 154 0 03 71 02 1 07 71
29 155 1 01 33 01 1 08 33
29 156 0 04 42 01 1 07 42
29 157 1 02 46 08 0 08 21
29 158 0 09 39 04 1 07 39
29 159 1 10 60 00 1 08 60
29 160 0 12 13 00 1 07 13
29 161 1 04 21 04 0 08 46
29 162 0 04 42 01 1 08 42
29 163 1 16 24 06 1 08 24
29 164 0 00 75 06 1 08 75
29 165 1 03 40 05 1 08 40
29 166 0 03 71 02 1 08 71
29 167 1 15 79 02 1 08 79
29 168 0 02 17 08 1 08 17
29 169 1 07 27 03 1 08 27
29 170 0 12 13 00 1 08 13
29 171 1 06 54 07 1 08 54
29 172 0 09 39 04 1 08 39
29 173 1 10 60 00 1 08 60
29 174 0 05 15 05 1 08 15
29 175 1 04 21 04 1 08 21
29 176 0 10 77 07 0 08 76
29 177 1 01 33 01 1 08 33
29 178 0 15 76 03 1 08 76
29 179 1 02 46 08 0 08 24
29 180 0 09 39 04 1 08 39
29 181 1 07 27 03 1 08 27
29 182 0 15 76 03 1 08 76
29 183 1 03 40 05 1 08 40
29 184 0 04 42 01 1 08 42
29 185 1 06 54 07 1 08 54
29 186 0 05 15 05 1 08 15
29 187 1 15 79 02 1 08 79
29 188 0 12 13 00 1 08 13
29 189 1 16 24 06 1 08 24
29 190 0 10 77 07 1 08 77
29 191 1 10 60 00 1 08 60
29 192 0 03 71 02 1 08 71
29 193 1 03 40 05 1 08 40
29 194 0 02 17 08 1 08 17
29 195 1 01 33 01 1 08 33
29 196 0 00 75 06 1 08 75
29 197 1 04 21 04 1 08 21
29 198 0 00 75 06 1 09 75
29 199 1 16 24 06 1 08 24
29 200 0 04 42 01 1 09 42
29 201 1 07 27 03 1 08 27
29 202 0 03 71 02 1 09 71
29 203 1 06 54 07 1 08 54
29 204 0 15 76 03 1 09 76
29 205 1 15 79 02 1 08 79
29 206 0 09 39 04 1 09 39
29 207 1 02 46 08 1 08 46
29 208 0 05 15 05 0 09 36
29 209 1 02 46 08 0 09 21
29 210 0 11 66 09 1 09 66
29 211 1 01 33 01 1 09 33
29 212 0 12 13 00 1 09 13
29 213 1 16 24 06 1 09 24
29 214 0 02 17 08 1 09 17
29 215 1 06 54 07 1 09 54
29 216 0 10 77 07 1 09 77
29 217 1 15 79 02 1 09 79
29 218 0 03 71 02 1 09 71
29 219 1 04 21 04 1 09 21
29 220 0 04 42 01 1 09 42
29 221 1 07 27 03 1 09 27
29 222 0 00 75 06 1 09 75
29 223 1 08 35 09 1 09 35
29 224 0 15 76 03 1 09 76
29 225 1 03 40 05 1 09 40
29 226 0 10 77 07 1 09 77
29 227 1 10 60 00 1 09 60
29 228 0 09 39 04 1 09 39
29 229 1 04 21 04 1 09 21
29 230 0 11 66 09 1 09 66
29 231 1 06 54 07 1 09 54
29 232 0 02 17 08 1 09 17
29 233 1 10 60 00 1 09 60
29 234 0 05 15 05 1 09 15
29 235 1 07 27 03 1 09 27
29 236 0 12 13 00 1 09 13
29 237 1 16 24 06 1 09 24
29 238 0 17 70 10 1 10 70
29 239 1 15 79 02 1 09 79
29 240 0 11 66 09 1 10 66
29 241 1 01 33 01 1 09 33
29 242 0 09 39 04 1 10 39
29 243 1 08 35 09 1 09 35
29 244 0 10 77 07 1 10 77
29 245 1 03 40 05 1 09 40
29 246 0 00 75 06 1 10 75
29 247 1 02 46 08 1 09 46
29 248 0 12 13 00 1 10 13
29 249 1 08 35 09 1 10 35
29 250 0 05 15 05 1 10 15
29 251 1 06 54 07 1 10 54
29 252 0 03 71 02 1 10 71
29 253 1 16 24 06 1 10 24
29 254 0 15 76 03 1 10 76
29 255 1 11 18 10 1 10 18
29 256 0 04 42 01 1 10 42
29 257 1 10 60 00 1 10 60
29 258 0 02 17 08 1 10 17
29 259 1 01 33 01 1 10 33
29 260 0 15 76 03 1 11 76
29 261 1 04 21 04 1 10 21
29 262 0 11 66 09 1 11 66
29 263 1 03 40 05 1 10 40
29 264 0 17 70 10 0 11 32
29 265 1 07 27 03 1 10 27
29 266 0 10 77 07 1 11 77
29 267 1 15 79 02 1 10 79
29 268 0 05 15 05 1 11 15
29 269 1 02 46 08 0 10 21
29 270 0 04 42 01 1 11 42
29 271 1 08 35 09 1 10 35
29 272 0 03 71 02 1 11 71
29 273 1 07 27 03 1 10 27
29 274 0 12 13 00 1 11 13
29 275 1 04 21 04 1 10 21
29 276 0 02 17 08 1 11 17
29 277 1 11 18 10 1 10 18
29 278 0 09 39 04 1 11 39
29 279 1 15 79 02 1 10 79
29 280 0 07 12 11 0 11 19
29 281 1 06 54 07 1 10 54
29 282 0 00 75 06 1 11 75
29 283 1 01 33 01 1 10 33
29 284 0 11 66 09 1 11 66
29 285 1 16 24 06 1 10 24
29 286 0 12 13 00 1 11 13
29 287 1 03 40 05 1 10 40
29 288 0 07 12 11 1 11 12
29 289 1 02 46 08 1 10 46
29 290 0 05 15 05 1 11 15
29 291 1 10 60 00 1 10 60
29 292 0 10 77 07 0 11 79
29 293 1 02 46 08 1 11 46
29 294 0 03 71 02 1 11 71
29 295 1 10 60 00 1 11 60
29 296 0 02 17 08 1 11 17
29 297 1 07 27 03 1 11 27
29 298 0 09 39 04 0 11 00
29 299 1 03 40 05 1 11 40
29 300 0 15 76 03 1 11 76
29 301 1 01 33 01 1 11 33
29 302 0 00 75 06 1 11 75
29 303 1 04 21 04 1 11 21
29 304 0 17 70 10 1 11 70
29 305 1 06 54 07 1 11 54
29 306 0 04 42 01 1 11 42
29 307 1 08 35 09 1 11 35
29 308 0 12 13 00 1 11 13
29 309 1 16 24 06 1 11 24
29 310 0 11 66 09 1 11 66
29 311 1 12 37 11 0 11 48
29 312 0 02 17 08 1 11 17
29 313 1 11 18 10 1 11 18
29 314 0 17 70 10 1 11 70
29 315 1 15 79 02 1 11 79
29 316 0 00 75 06 1 11 75
29 317 1 04 21 04 1 11 21
29 318 0 03 71 02 1 11 71
29 319 1 03 40 05 1 11 40
29 320 0 05 15 05 1 11 15
29 321 1 15 79 02 1 11 79
29 322 0 04 42 01 1 11 42
29 323 1 11 18 10 1 11 18
29 324 0 09 39 04 1 11 39
29 325 1 07 27 03 1 11 27
29 326 0 15 76 03 1 11 76
29 327 1 16 24 06 1 11 24
29 328 0 10 77 07 1 11 77
29 329 1 02 46 08 1 11 46
29 330 0 07 12 11 1 11 12
29 331 1 10 60 00 1 11 60
29 332 0 11 66 09 1 12 66
29 333 1 08 35 09 1 11 35
29 334 0 09 39 04 1 12 39
29 335 1 12 37 11 1 11 37
29 336 0 00 75 06 1 12 75
29 337 1 06 54 07 1 11 54
29 338 0 17 70 10 1 12 70
29 339 1 01 33 01 1 11 33
29 340 0 12 13 00 1 12 13
29 341 1 10 60 00 1 12 60
29 342 0 10 77 07 0 12 79
29 343 1 08 35 09 1 12 35
29 344 0 07 12 11 1 12 12
29 345 1 03 40 05 1 12 40
29 346 0 05 15 05 1 12 15
29 347 1 04 21 04 1 12 21
29 348 0 08 67 12 0 12 10
29 349 1 16 24 06 1 12 24
29 350 0 03 71 02 1 12 71
29 351 1 06 54 07 1 12 54
29 352 0 15 76 03 1 12 76
29 353 1 12 37 11 1 12 37
29 354 0 04 42 01 1 12 42
29 355 1 14 63 12 0 12 34
29 356 0 02 17 08 1 12 17
29 357 1 15 79 02 1 12 79
29 358 0 08 67 12 1 12 67
29 359 1 01 33 01 1 12 33
29 360 0 12 13 00 1 12 13
29 361 1 11 18 10 1 12 18
29 362 0 15 76 03 1 12 76
29 363 1 02 46 08 1 12 46
29 364 0 04 42 01 1 12 42
29 365 1 07 27 03 1 12 27
29 366 0 03 71 02 1 12 71
29 367 1 12 37 11 1 12 37
29 368 0 09 39 04 1 12 39
29 369 1 03 40 05 1 12 40
29 370 0 17 70 10 1 12 70
29 371 1 16 24 06 1 12 24
29 372 0 11 66 09 1 12 66
29 373 1 06 54 07 1 12 54
29 374 0 02 17 08 1 12 17
29 375 1 08 35 09 1 12 35
29 376 0 07 12 11 1 12 12
29 377 1 10 60 00 1 12 60
29 378 0 10 77 07 1 12 77
29 379 1 15 79 02 1 12 79
29 380 0 00 75 06 1 12 75
29 381 1 04 21 04 1 12 21
29 382 0 05 15 05 1 12 15
29 383 1 07 27 03 1 12 27
29 384 0 05 15 05 1 13 15
29 385 1 11 18 10 1 12 18
29 386 0 07 12 11 1 13 12
29 387 1 02 46 08 0 12 21
29 388 0 09 39 04 1 13 39
29 389 1 01 33 01 1 12 33
29 390 0 12 13 00 1 13 13
29 391 1 14 63 12 1 12 63
29 392 0 02 17 08 1 13 17
29 393 1 14 63 12 1 12 63
29 394 0 08 67 12 1 13 67
29 395 1 12 37 11 1 12 37
29 396 0 10 77 07 1 13 77
29 397 1 16 24 06 1 12 24
29 398 0 03 71 02 1 13 71
29 399 1 15 79 02 1 12 79
