02 000 0 17 69 00 1 00 69
02 001 1 05 56 00 1 00 56
02 002 0 17 69 00 1 01 69
02 003 1 01 78 01 0 01 79
02 004 0 04 48 01 1 01 48
02 005 1 05 56 00 1 01 56
02 006 0 17 69 00 1 02 69
02 007 1 05 56 00 0 01 58
02 008 0 04 48 01 0 02 69
02 009 1 01 78 01 0 01 68
02 010 0 16 61 02 1 02 61
02 011 1 01 78 01 1 01 78
02 012 0 04 48 01 1 02 48
02 013 1 05 56 00 1 01 56
02 014 0 17 69 00 1 02 69
02 015 1 09 28 02 0 02 58
02 016 0 16 61 02 1 02 61
02 017 1 05 56 00 1 02 56
02 018 0 17 69 00 1 03 69
02 019 1 01 78 01 1 02 78
02 020 0 13 15 03 1 03 15
02 021 1 01 78 01 1 02 78
02 022 0 16 61 02 1 03 61
02 023 1 05 56 00 1 02 56
02 024 0 04 48 01 1 03 48
02 025 1 09 28 02 1 02 28
02 026 0 00 31 04 1 04 31
02 027 1 05 56 00 1 03 56
02 028 0 17 69 00 1 04 69
02 029 1 09 28 02 1 03 28
02 030 0 13 15 03 1 04 15
02 031 1 14 77 03 1 03 77
02 032 0 16 61 02 1 04 61
02 033 1 01 78 01 1 03 78
02 034 0 04 48 01 1 04 48
02 035 1 09 28 02 0 04 48
02 036 0 12 68 05 1 05 68
02 037 1 14 77 03 1 04 77
02 038 0 04 48 01 1 05 48
02 039 1 15 54 04 0 04 55
02 040 0 00 31 04 1 05 31
02 041 1 01 78 01 1 04 78
02 042 0 13 15 03 1 05 15
02 043 1 05 56 00 0 04 89
02 044 0 17 69 00 1 05 69
02 045 1 09 28 02 1 04 28
02 046 0 16 61 02 1 05 61
02 047 1 15 54 04 0 04 78
02 048 0 00 31 04 1 06 31
02 049 1 14 77 03 1 04 77
02 050 0 08 65 06 1 06 65
02 051 1 01 78 01 1 04 78
02 052 0 17 69 00 1 06 69
02 053 1 05 56 00 1 04 56
02 054 0 16 61 02 1 06 61
02 055 1 09 28 02 1 04 28
02 056 0 12 68 05 0 06 65
02 057 1 14 77 03 1 04 77
02 058 0 04 48 01 1 06 48
02 059 1 15 54 04 0 04 15
02 060 0 13 15 03 0 06 54
02 061 1 01 78 01 1 04 78
02 062 0 12 68 05 1 06 68
02 063 1 05 56 00 0 04 89
02 064 0 04 48 01 1 06 48
02 065 1 14 77 03 1 04 77
02 066 0 00 31 04 1 06 31
02 067 1 05 56 00 1 04 56
02 068 0 17 69 00 1 06 69
02 069 1 01 78 01 1 04 78
02 070 0 16 61 02 1 06 61
02 071 1 09 28 02 0 04 56
02 072 0 08 65 06 1 06 65
02 073 1 15 54 04 1 04 54
02 074 0 13 15 03 1 06 15
02 075 1 01 78 01 1 04 78
02 076 0 04 48 01 1 07 48
02 077 1 15 54 04 0 04 56
02 078 0 05 22 07 1 07 22
02 079 1 05 56 00 1 04 56
02 080 0 08 65 06 1 07 65
02 081 1 14 77 03 1 04 77
02 082 0 17 69 00 1 07 69
02 083 1 09 28 02 1 04 28
02 084 0 16 61 02 1 07 61
02 085 1 01 78 01 1 04 78
02 086 0 12 68 05 1 07 68
02 087 1 15 54 04 1 04 54
02 088 0 13 15 03 1 07 15
02 089 1 14 77 03 1 04 77
02 090 0 00 31 04 1 07 31
02 091 1 05 56 00 1 04 56
02 092 0 01 11 08 1 08 11
02 093 1 09 28 02 1 04 28
02 094 0 12 68 05 1 08 68
02 095 1 14 77 03 1 05 77
02 096 0 08 65 06 0 08 77
02 097 1 01 78 01 1 05 78
02 098 0 13 15 03 1 08 15
02 099 1 15 54 04 1 05 54
02 100 0 04 48 01 1 08 48
02 101 1 05 56 00 1 05 56
02 102 0 16 61 02 1 08 61
02 103 1 09 28 02 1 05 28
02 104 0 17 69 00 0 08 68
02 105 1 16 17 05 1 05 17
02 106 0 05 22 07 0 08 54
02 107 1 15 54 04 1 06 54
02 108 0 00 31 04 1 08 31
02 109 1 05 56 00 1 06 56
02 110 0 16 61 02 1 08 61
02 111 1 16 17 05 1 06 17
02 112 0 13 15 03 1 08 15
02 113 1 09 28 02 1 06 28
02 114 0 01 11 08 1 08 11
02 115 1 14 77 03 1 06 77
02 116 0 04 48 01 1 08 48
02 117 1 12 27 06 1 06 27
02 118 0 00 31 04 1 08 31
02 119 1 01 78 01 1 06 78
02 120 0 08 65 06 1 08 65
02 121 1 09 28 02 1 07 28
02 122 0 05 22 07 1 08 22
02 123 1 15 54 04 1 07 54
02 124 0 17 69 00 1 08 69
02 125 1 10 51 07 1 07 51
02 126 0 12 68 05 1 08 68
02 127 1 01 78 01 1 07 78
02 128 0 16 61 02 1 09 61
02 129 1 12 27 06 1 07 27
02 130 0 04 48 01 1 09 48
02 131 1 05 56 00 1 07 56
02 132 0 13 15 03 1 09 15
02 133 1 16 17 05 1 07 17
02 134 0 00 31 04 1 09 31
02 135 1 14 77 03 1 07 77
02 136 0 09 50 09 1 09 50
02 137 1 05 56 00 1 08 56
02 138 0 05 22 07 1 09 22
02 139 1 10 51 07 1 08 51
02 140 0 01 11 08 1 09 11
02 141 1 15 54 04 1 08 54
02 142 0 12 68 05 1 09 68
02 143 1 12 27 06 1 08 27
02 144 0 08 65 06 1 09 65
02 145 1 16 17 05 1 08 17
02 146 0 17 69 00 1 09 69
02 147 1 01 78 01 1 08 78
02 148 0 04 48 01 1 10 48
02 149 1 09 28 02 1 08 28
02 150 0 01 11 08 1 10 11
02 151 1 00 59 08 1 08 59
02 152 0 13 15 03 1 10 15
02 153 1 14 77 03 1 08 77
02 154 0 05 22 07 1 10 22
02 155 1 09 28 02 1 09 28
02 156 0 08 65 06 1 10 65
02 157 1 10 51 07 0 09 27
02 158 0 17 69 00 1 10 69
02 159 1 12 27 06 1 09 27
02 160 0 00 31 04 1 10 31
02 161 1 00 59 08 1 09 59
02 162 0 09 50 09 1 10 50
02 163 1 05 56 00 1 09 56
02 164 0 03 63 10 1 10 63
02 165 1 15 54 04 1 09 54
02 166 0 12 68 05 1 10 68
02 167 1 01 78 01 1 09 78
02 168 0 16 61 02 1 10 61
02 169 1 13 49 09 0 09 61
02 170 0 10 79 11 1 11 79
02 171 1 16 17 05 0 09 28
02 172 0 03 63 10 1 11 63
02 173 1 14 77 03 1 09 77
02 174 0 00 31 04 1 11 31
02 175 1 13 49 09 1 09 49
02 176 0 17 69 00 1 11 69
02 177 1 16 17 05 1 09 17
02 178 0 09 50 09 1 11 50
02 179 1 12 27 06 1 09 27
02 180 0 13 15 03 1 11 15
02 181 1 15 54 04 1 09 54
02 182 0 05 22 07 1 11 22
02 183 1 10 51 07 0 09 17
02 184 0 04 48 01 1 11 48
02 185 1 01 78 01 1 09 78
02 186 0 16 61 02 1 11 61
02 187 1 05 56 00 1 09 56
02 188 0 01 11 08 1 11 11
02 189 1 09 28 02 1 09 28
02 190 0 08 65 06 1 11 65
02 191 1 14 77 03 1 09 77
02 192 0 12 68 05 1 11 68
02 193 1 00 59 08 1 09 59
02 194 0 06 43 12 0 12 53
02 195 1 12 27 06 1 09 27
02 196 0 01 11 08 1 12 11
02 197 1 10 51 07 0 09 59
02 198 0 09 50 09 1 12 50
02 199 1 13 49 09 1 09 49
02 200 0 12 68 05 1 12 68
02 201 1 15 54 04 1 09 54
02 202 0 04 48 01 0 12 46
02 203 1 00 59 08 0 09 85
02 204 0 17 69 00 1 12 69
02 205 1 16 17 05 0 09 28
02 206 0 13 15 03 1 12 15
02 207 1 05 56 00 1 09 56
02 208 0 10 79 11 1 12 79
02 209 1 01 78 01 1 09 78
02 210 0 03 63 10 1 12 63
02 211 1 09 28 02 0 09 17
02 212 0 05 22 07 0 12 73
02 213 1 14 77 03 1 09 77
02 214 0 08 65 06 1 12 65
02 215 1 00 59 08 1 09 59
02 216 0 16 61 02 1 12 61
02 217 1 12 27 06 1 09 27
02 218 0 00 31 04 1 12 31
02 219 1 13 49 09 0 09 51
02 220 0 05 22 07 1 12 22
02 221 1 10 51 07 0 09 17
02 222 0 04 48 01 1 12 48
02 223 1 09 28 02 1 09 28
02 224 0 03 63 10 0 12 22
02 225 1 14 77 03 1 09 77
02 226 0 00 31 04 1 12 31
02 227 1 05 56 00 1 09 56
02 228 0 01 11 08 1 12 11
02 229 1 01 78 01 1 09 78
02 230 0 12 68 05 1 12 68
02 231 1 15 54 04 1 09 54
02 232 0 17 69 00 1 12 69
02 233 1 16 17 05 1 09 17
02 234 0 13 15 03 1 12 15
02 235 1 14 77 03 1 09 77
02 236 0 09 50 09 1 12 50
02 237 1 15 54 04 1 09 54
02 238 0 10 79 11 1 12 79
02 239 1 01 78 01 1 09 78
02 240 0 08 65 06 1 12 65
02 241 1 12 27 06 1 09 27
02 242 0 16 61 02 0 12 31
02 243 1 09 28 02 1 09 28
02 244 0 06 43 12 1 12 43
02 245 1 05 56 00 1 09 56
02 246 0 05 22 07 1 12 22
02 247 1 00 59 08 0 09 50
02 248 0 04 48 01 1 12 48
02 249 1 10 51 07 1 09 51
02 250 0 06 43 12 1 12 43
02 251 1 13 49 09 1 09 49
02 252 0 17 69 00 1 12 69
02 253 1 16 17 05 0 09 28
02 254 0 08 65 06 0 12 01
02 255 1 01 78 01 1 09 78
02 256 0 12 68 05 1 12 68
02 257 1 09 28 02 1 09 28
02 258 0 13 15 03 1 12 15
02 259 1 13 49 09 1 09 49
02 260 0 01 11 08 1 12 11
02 261 1 00 59 08 1 09 59
02 262 0 16 61 02 1 12 61
02 263 1 16 17 05 1 09 17
02 264 0 09 50 09 1 12 50
02 265 1 12 27 06 1 09 27
02 266 0 00 31 04 1 12 31
02 267 1 15 54 04 1 09 54
02 268 0 03 63 10 1 12 63
02 269 1 14 77 03 1 09 77
02 270 0 10 79 11 1 12 79
02 271 1 10 51 07 1 09 51
02 272 0 01 11 08 1 12 11
02 273 1 05 56 00 1 09 56
02 274 0 16 61 02 1 12 61
02 275 1 13 49 09 1 10 49
02 276 0 08 65 06 1 12 65
02 277 1 05 56 00 1 10 56
02 278 0 17 69 00 1 12 69
02 279 1 15 54 04 1 10 54
02 280 0 09 50 09 1 12 50
02 281 1 01 78 01 1 10 78
02 282 0 03 63 10 1 12 63
02 283 1 14 77 03 1 10 77
02 284 0 13 15 03 1 12 15
02 285 1 00 59 08 0 10 49
02 286 0 12 68 05 1 12 68
02 287 1 12 27 06 1 10 27
02 288 0 06 43 12 1 12 43
02 289 1 10 51 07 0 10 59
02 290 0 00 31 04 1 12 31
02 291 1 09 28 02 1 10 28
02 292 0 05 22 07 1 12 22
02 293 1 16 17 05 0 10 28
02 294 0 10 79 11 1 12 79
02 295 1 11 25 10 0 10 28
02 296 0 04 48 01 1 12 48
02 297 1 05 56 00 1 10 56
02 298 0 13 15 03 1 13 15
02 299 1 13 49 09 0 10 51
02 300 0 06 43 12 1 13 43
02 301 1 11 25 10 1 10 25
02 302 0 12 68 05 1 13 68
02 303 1 10 51 07 0 10 59
02 304 0 05 22 07 1 13 22
02 305 1 16 17 05 1 10 17
02 306 0 01 11 08 0 13 22
02 307 1 12 27 06 1 10 27
02 308 0 08 65 06 1 13 65
02 309 1 09 28 02 1 10 28
02 310 0 16 61 02 1 13 61
02 311 1 00 59 08 0 10 65
02 312 0 04 48 01 1 13 48
02 313 1 15 54 04 1 10 54
02 314 0 09 50 09 1 13 50
02 315 1 01 78 01 1 10 78
02 316 0 11 74 13 1 13 74
02 317 1 14 77 03 1 10 77
02 318 0 17 69 00 1 13 69
02 319 1 10 51 07 0 10 17
02 320 0 00 31 04 1 13 31
02 321 1 16 17 05 1 10 17
02 322 0 10 79 11 1 13 79
02 323 1 15 54 04 0 10 78
02 324 0 03 63 10 0 13 22
02 325 1 01 78 01 1 10 78
02 326 0 12 68 05 1 13 68
02 327 1 13 49 09 1 10 49
02 328 0 01 11 08 0 13 22
02 329 1 11 25 10 1 10 25
02 330 0 17 69 00 1 13 69
02 331 1 09 28 02 1 10 28
02 332 0 08 65 06 1 13 65
02 333 1 00 59 08 1 10 59
02 334 0 00 31 04 1 13 31
02 335 1 05 56 00 1 10 56
02 336 0 13 15 03 1 13 15
02 337 1 12 27 06 1 10 27
02 338 0 10 79 11 1 13 79
02 339 1 14 77 03 1 10 77
02 340 0 09 50 09 1 13 50
02 341 1 09 28 02 1 10 28
02 342 0 05 22 07 1 13 22
02 343 1 15 54 04 0 10 63
02 344 0 03 63 10 1 13 63
02 345 1 10 51 07 0 10 59
02 346 0 04 48 01 1 13 48
02 347 1 16 17 05 0 10 28
02 348 0 16 61 02 0 13 31
02 349 1 12 27 06 1 10 27
02 350 0 06 43 12 1 13 43
02 351 1 00 59 08 1 10 59
02 352 0 11 74 13 1 13 74
02 353 1 13 49 09 1 10 49
02 354 0 13 15 03 1 13 15
02 355 1 05 56 00 1 10 56
02 356 0 09 50 09 1 13 50
02 357 1 11 25 10 1 10 25
02 358 0 01 11 08 1 13 11
02 359 1 01 78 01 1 10 78
02 360 0 11 74 13 1 13 74
02 361 1 14 77 03 1 10 77
02 362 0 00 31 04 1 13 31
02 363 1 13 49 09 1 10 49
02 364 0 10 79 11 1 13 79
02 365 1 09 28 02 1 10 28
02 366 0 12 68 05 1 13 68
02 367 1 01 78 01 1 10 78
02 368 0 17 69 00 1 13 69
02 369 1 16 17 05 1 10 17
02 370 0 16 61 02 1 13 61
02 371 1 10 51 07 0 10 17
02 372 0 05 22 07 1 13 22
02 373 1 11 25 10 1 10 25
02 374 0 03 63 10 1 13 63
02 375 1 00 59 08 0 10 49
02 376 0 04 48 01 1 13 48
02 377 1 14 77 03 1 10 77
02 378 0 06 43 12 1 13 43
02 379 1 15 54 04 1 10 54
02 380 0 08 65 06 1 13 65
02 381 1 05 56 00 1 10 56
02 382 0 08 65 06 1 14 65
02 383 1 12 27 06 1 10 27
02 384 0 05 22 07 1 14 22
02 385 1 09 28 02 1 10 28
02 386 0 01 11 08 1 14 11
02 387 1 15 54 04 1 10 54
02 388 0 17 69 00 1 14 69
02 389 1 11 25 10 1 10 25
02 390 0 00 31 04 1 14 31
02 391 1 14 77 03 1 10 77
02 392 0 03 63 10 1 14 63
02 393 1 01 78 01 1 10 78
02 394 0 11 74 13 1 14 74
02 395 1 13 49 09 1 10 49
02 396 0 13 15 03 1 14 15
02 397 1 05 56 00 1 10 56
02 398 0 16 61 02 1 14 61
02 399 1 12 27 06 1 10 27
