19 000 0 12 61 00 1 00 61
19 001 1 14 45 00 1 00 45
19 002 0 09 74 01 1 01 74
19 003 1 14 45 00 1 01 45
19 004 0 12 61 00 1 01 61
19 005 1 07 22 01 1 01 22
19 006 0 17 25 02 1 02 25
19 007 1 07 22 01 1 02 22
19 008 0 12 61 00 1 02 61
19 009 1 16 62 02 0 02 72
19 010 0 09 74 01 1 02 74
19 011 1 14 45 00 1 02 45
19 012 0 09 74 01 0 03 64
19 013 1 14 45 00 1 02 45
19 014 0 17 25 02 0 03 21
19 015 1 16 62 02 1 02 62
19 016 0 12 61 00 1 03 61
19 017 1 07 22 01 1 02 22
19 018 0 14 55 03 1 03 55
19 019 1 04 54 03 1 03 54
19 020 0 12 61 00 1 03 61
19 021 1 14 45 00 1 03 45
19 022 0 14 55 03 0 03 22
19 023 1 16 62 02 0 03 54
19 024 0 09 74 01 1 03 74
19 025 1 07 22 01 1 03 22
19 026 0 17 25 02 1 03 25
19 027 1 04 54 03 0 03 65
19 028 0 17 25 02 1 03 25
19 029 1 14 45 00 1 03 45
19 030 0 09 74 01 0 03 64
19 031 1 16 62 02 0 03 54
19 032 0 12 61 00 1 03 61
19 033 1 07 22 01 1 03 22
19 034 0 14 55 03 1 03 55
19 035 1 04 54 03 1 03 54
19 036 0 12 61 00 1 03 61
19 037 1 16 62 02 0 03 74
19 038 0 14 55 03 1 03 55
19 039 1 07 22 01 1 03 22
19 040 0 09 74 01 1 03 74
19 041 1 14 45 00 1 03 45
19 042 0 17 25 02 1 03 25
19 043 1 14 45 00 1 03 45
19 044 0 09 74 01 1 04 74
19 045 1 04 54 03 0 03 62
19 046 0 05 32 04 1 04 32
19 047 1 07 22 01 1 03 22
19 048 0 14 55 03 1 04 55
19 049 1 16 62 02 1 03 62
19 050 0 12 61 00 1 04 61
19 051 1 16 62 02 1 03 62
19 052 0 17 25 02 1 04 25
19 053 1 04 54 03 1 03 54
19 054 0 14 55 03 1 05 55
19 055 1 07 22 01 1 03 22
19 056 0 12 61 00 1 05 61
19 057 1 14 45 00 1 03 45
19 058 0 16 60 05 1 05 60
19 059 1 04 54 03 1 04 54
19 060 0 05 32 04 1 05 32
19 061 1 14 45 00 1 04 45
19 062 0 17 25 02 1 05 25
19 063 1 11 36 04 0 04 34
19 064 0 09 74 01 1 05 74
19 065 1 07 22 01 1 04 22
19 066 0 12 61 00 1 06 61
19 067 1 16 62 02 1 04 62
19 068 0 09 74 01 1 06 74
19 069 1 11 36 04 1 04 36
19 070 0 16 60 05 1 06 60
19 071 1 07 22 01 1 04 22
19 072 0 14 55 03 1 06 55
19 073 1 14 45 00 1 04 45
19 074 0 05 32 04 1 06 32
19 075 1 16 62 02 1 04 62
19 076 0 17 25 02 1 06 25
19 077 1 04 54 03 0 04 36
19 078 0 04 33 06 1 06 33
19 079 1 16 62 02 0 04 74
19 080 0 14 55 03 1 07 55
19 081 1 14 45 00 1 04 45
19 082 0 17 25 02 1 07 25
19 083 1 07 22 01 1 04 22
19 084 0 09 74 01 1 07 74
19 085 1 11 36 04 1 04 36
19 086 0 16 60 05 1 07 60
19 087 1 04 54 03 1 04 54
19 088 0 12 61 00 1 07 61
19 089 1 16 62 02 1 04 62
19 090 0 05 32 04 1 07 32
19 091 1 04 54 03 1 04 54
19 092 0 13 27 07 1 07 27
19 093 1 14 45 00 1 04 45
19 094 0 04 33 06 1 07 33
19 095 1 11 36 04 1 04 36
19 096 0 04 33 06 1 08 33
19 097 1 07 22 01 1 04 22
19 098 0 17 25 02 1 08 25
19 099 1 04 54 03 1 05 54
19 100 0 12 61 00 1 08 61
19 101 1 00 18 05 1 05 18
19 102 0 16 60 05 1 08 60
19 103 1 11 36 04 1 05 36
19 104 0 15 17 08 1 08 17
19 105 1 14 45 00 1 05 45
19 106 0 13 27 07 0 08 17
19 107 1 07 22 01 1 05 22
19 108 0 09 74 01 1 08 74
19 109 1 16 62 02 1 05 62
19 110 0 05 32 04 1 08 32
19 111 1 16 62 02 1 06 62
19 112 0 14 55 03 1 08 55
19 113 1 00 18 05 1 06 18
19 114 0 16 60 05 1 08 60
19 115 1 06 57 06 1 06 57
19 116 0 14 55 03 1 08 55
19 117 1 11 36 04 1 06 36
19 118 0 15 17 08 1 08 17
19 119 1 04 54 03 1 06 54
19 120 0 17 25 02 1 08 25
19 121 1 14 45 00 1 06 45
19 122 0 12 61 00 1 08 61
19 123 1 07 22 01 1 06 22
19 124 0 05 32 04 1 08 32
19 125 1 16 62 02 1 07 62
19 126 0 09 74 01 1 08 74
19 127 1 14 45 00 1 07 45
19 128 0 13 27 07 1 08 27
19 129 1 07 22 01 1 07 22
19 130 0 04 33 06 1 08 33
19 131 1 06 57 06 1 07 57
19 132 0 05 32 04 1 09 32
19 133 1 11 36 04 1 07 36
19 134 0 14 55 03 1 09 55
19 135 1 00 18 05 1 07 18
19 136 0 09 74 01 1 09 74
19 137 1 08 11 07 1 07 11
19 138 0 15 17 08 1 09 17
19 139 1 04 54 03 1 07 54
19 140 0 04 33 06 1 09 33
19 141 1 00 18 05 1 08 18
19 142 0 12 61 00 1 09 61
19 143 1 11 36 04 1 08 36
19 144 0 13 27 07 1 09 27
19 145 1 06 57 06 1 08 57
19 146 0 16 60 05 1 09 60
19 147 1 07 22 01 1 08 22
19 148 0 17 25 02 1 09 25
19 149 1 14 45 00 1 08 45
19 150 0 11 19 09 1 09 19
19 151 1 13 29 08 1 08 29
19 152 0 14 55 03 1 10 55
19 153 1 04 54 03 1 08 54
19 154 0 09 74 01 1 10 74
19 155 1 16 62 02 1 08 62
19 156 0 05 32 04 1 10 32
19 157 1 08 11 07 1 08 11
19 158 0 17 25 02 1 10 25
19 159 1 06 57 06 1 09 57
19 160 0 15 17 08 0 10 29
19 161 1 08 11 07 1 09 11
19 162 0 12 61 00 1 10 61
19 163 1 13 29 08 1 09 29
19 164 0 13 27 07 1 10 27
19 165 1 00 18 05 1 09 18
19 166 0 04 33 06 1 10 33
19 167 1 07 22 01 1 09 22
19 168 0 02 43 10 0 10 45
19 169 1 14 45 00 1 09 45
19 170 0 11 19 09 1 10 19
19 171 1 11 36 04 1 09 36
19 172 0 16 60 05 1 10 60
19 173 1 04 54 03 1 09 54
19 174 0 15 17 08 1 10 17
19 175 1 16 62 02 1 09 62
19 176 0 14 55 03 1 10 55
19 177 1 09 63 09 1 09 63
19 178 0 02 43 10 1 10 43
19 179 1 11 36 04 1 10 36
19 180 0 11 19 09 1 10 19
19 181 1 13 29 08 1 10 29
19 182 0 09 74 01 1 10 74
19 183 1 04 54 03 1 10 54
19 184 0 17 25 02 1 10 25
19 185 1 08 11 07 1 10 11
19 186 0 16 60 05 1 10 60
19 187 1 09 63 09 1 10 63
19 188 0 04 33 06 1 10 33
19 189 1 15 16 10 1 10 16
19 190 0 05 32 04 1 10 32
19 191 1 07 22 01 1 10 22
19 192 0 12 61 00 1 10 61
19 193 1 00 18 05 1 10 18
19 194 0 13 27 07 1 10 27
19 195 1 16 62 02 1 10 62
19 196 0 16 60 05 1 11 60
19 197 1 06 57 06 1 10 57
19 198 0 12 61 00 1 11 61
19 199 1 14 45 00 1 10 45
19 200 0 02 43 10 1 11 43
19 201 1 08 11 07 1 11 11
19 202 0 13 27 07 1 11 27
19 203 1 15 16 10 1 11 16
19 204 0 01 75 11 1 11 75
19 205 1 04 54 03 1 11 54
19 206 0 05 32 04 1 11 32
19 207 1 07 22 01 1 11 22
19 208 0 15 17 08 1 11 17
19 209 1 09 63 09 1 11 63
19 210 0 09 74 01 1 11 74
19 211 1 13 29 08 1 11 29
19 212 0 04 33 06 1 11 33
19 213 1 11 36 04 1 11 36
19 214 0 11 19 09 1 11 19
19 215 1 06 57 06 0 11 55
19 216 0 14 55 03 1 11 55
19 217 1 14 45 00 1 11 45
19 218 0 17 25 02 1 11 25
19 219 1 12 21 11 1 11 21
19 220 0 13 27 07 1 12 27
19 221 1 16 62 02 1 11 62
19 222 0 05 32 04 1 12 32
19 223 1 00 18 05 1 11 18
19 224 0 09 74 01 1 12 74
19 225 1 15 16 10 1 11 16
19 226 0 14 55 03 1 12 55
19 227 1 06 57 06 1 11 57
19 228 0 02 43 10 1 12 43
19 229 1 11 36 04 1 11 36
19 230 0 15 17 08 1 12 17
19 231 1 07 22 01 1 11 22
19 232 0 17 25 02 1 12 25
19 233 1 16 62 02 1 11 62
19 234 0 12 61 00 1 12 61
19 235 1 09 63 09 1 11 63
19 236 0 04 33 06 1 12 33
19 237 1 04 54 03 1 11 54
19 238 0 16 60 05 1 12 60
19 239 1 13 29 08 1 11 29
19 240 0 01 75 11 1 12 75
19 241 1 12 21 11 1 11 21
19 242 0 07 34 12 1 12 34
19 243 1 08 11 07 1 11 11
19 244 0 11 19 09 1 12 19
19 245 1 14 45 00 1 11 45
19 246 0 05 32 04 1 13 32
19 247 1 00 18 05 1 11 18
19 248 0 12 61 00 1 13 61
19 249 1 12 21 11 1 12 21
19 250 0 09 74 01 1 13 74
19 251 1 07 22 01 1 12 22
19 252 0 02 43 10 1 13 43
19 253 1 15 16 10 1 12 16
19 254 0 13 27 07 1 13 27
19 255 1 03 77 12 1 12 77
19 256 0 00 39 13 1 13 39
19 257 1 08 11 07 1 12 11
19 258 0 16 60 05 1 13 60
19 259 1 13 29 08 1 12 29
19 260 0 01 75 11 1 13 75
19 261 1 06 57 06 1 12 57
19 262 0 04 33 06 1 13 33
19 263 1 00 18 05 1 12 18
19 264 0 14 55 03 1 13 55
19 265 1 14 45 00 1 12 45
19 266 0 17 25 02 1 13 25
19 267 1 11 36 04 1 12 36
19 268 0 11 19 09 1 13 19
19 269 1 16 62 02 1 12 62
19 270 0 15 17 08 1 13 17
19 271 1 09 63 09 1 12 63
19 272 0 07 34 12 1 13 34
19 273 1 04 54 03 1 12 54
19 274 0 02 43 10 1 14 43
19 275 1 13 29 08 1 13 29
19 276 0 09 74 01 1 14 74
19 277 1 16 62 02 1 13 62
19 278 0 05 32 04 1 14 32
19 279 1 14 45 00 1 13 45
19 280 0 14 55 03 1 14 55
19 281 1 03 77 12 1 13 77
19 282 0 10 12 14 1 14 12
19 283 1 04 54 03 1 13 54
19 284 0 15 17 08 1 14 17
19 285 1 00 18 05 1 13 18
19 286 0 07 34 12 1 14 34
19 287 1 09 63 09 1 13 63
19 288 0 11 19 09 1 14 19
19 289 1 15 16 10 0 13 21
19 290 0 12 61 00 1 14 61
19 291 1 12 21 11 1 13 21
19 292 0 16 60 05 1 14 60
19 293 1 01 50 13 1 13 50
19 294 0 01 75 11 1 14 75
19 295 1 11 36 04 1 13 36
19 296 0 00 39 13 1 14 39
19 297 1 07 22 01 1 13 22
19 298 0 13 27 07 1 14 27
19 299 1 08 11 07 1 13 11
19 300 0 17 25 02 1 14 25
19 301 1 06 57 06 1 13 57
19 302 0 04 33 06 1 14 33
19 303 1 03 77 12 1 13 77
19 304 0 06 79 15 1 15 79
19 305 1 01 50 13 1 13 50
19 306 0 17 25 02 1 15 25
19 307 1 12 21 11 1 13 21
19 308 0 09 74 01 1 15 74
19 309 1 07 22 01 1 13 22
19 310 0 11 19 09 1 15 19
19 311 1 13 29 08 1 13 29
19 312 0 13 27 07 1 15 27
19 313 1 09 63 09 1 13 63
19 314 0 04 33 06 1 15 33
19 315 1 11 36 04 1 13 36
19 316 0 00 39 13 1 15 39
19 317 1 06 57 06 1 13 57
19 318 0 02 43 10 1 15 43
19 319 1 04 54 03 1 13 54
19 320 0 05 32 04 1 15 32
19 321 1 14 45 00 1 13 45
19 322 0 15 17 08 1 15 17
19 323 1 15 16 10 1 13 16
19 324 0 10 12 14 1 15 12
19 325 1 16 62 02 1 13 62
19 326 0 07 34 12 1 15 34
19 327 1 08 11 07 1 13 11
19 328 0 14 55 03 1 15 55
19 329 1 00 18 05 1 13 18
19 330 0 16 60 05 1 15 60
19 331 1 03 77 12 1 14 77
19 332 0 01 75 11 1 15 75
19 333 1 11 36 04 1 14 36
19 334 0 12 61 00 1 15 61
19 335 1 12 21 11 1 14 21
19 336 0 08 41 16 1 16 41
19 337 1 15 16 10 1 14 16
19 338 0 09 74 01 1 16 74
19 339 1 10 58 14 1 14 58
19 340 0 00 39 13 1 16 39
19 341 1 01 50 13 1 14 50
19 342 0 16 60 05 1 16 60
19 343 1 06 57 06 1 14 57
19 344 0 04 33 06 1 16 33
19 345 1 07 22 01 1 14 22
19 346 0 01 75 11 1 16 75
19 347 1 16 62 02 1 14 62
19 348 0 14 55 03 1 16 55
19 349 1 13 29 08 1 14 29
19 350 0 05 32 04 1 16 32
19 351 1 00 18 05 1 14 18
19 352 0 17 25 02 1 16 25
19 353 1 04 54 03 1 14 54
19 354 0 07 34 12 1 16 34
19 355 1 09 63 09 1 14 63
19 356 0 15 17 08 1 16 17
19 357 1 14 45 00 1 14 45
19 358 0 02 43 10 1 16 43
19 359 1 08 11 07 1 14 11
19 360 0 10 12 14 1 16 12
19 361 1 17 64 15 1 15 64
19 362 0 13 27 07 1 16 27
19 363 1 12 21 11 1 15 21
19 364 0 11 19 09 1 16 19
19 365 1 10 58 14 1 15 58
19 366 0 06 79 15 1 16 79
19 367 1 01 50 13 1 15 50
19 368 0 12 61 00 1 16 61
19 369 1 14 45 00 1 15 45
19 370 0 11 19 09 1 17 19
19 371 1 04 54 03 1 15 54
19 372 0 14 55 03 1 17 55
19 373 1 07 22 01 1 15 22
19 374 0 08 41 16 1 17 41
19 375 1 00 18 05 1 15 18
19 376 0 05 32 04 1 17 32
19 377 1 08 11 07 1 15 11
19 378 0 03 26 17 1 17 26
19 379 1 13 29 08 1 15 29
19 380 0 16 60 05 1 17 60
19 381 1 16 62 02 1 15 62
19 382 0 15 17 08 1 17 17
19 383 1 06 57 06 1 15 57
19 384 0 01 75 11 1 17 75
19 385 1 03 77 12 1 15 77
19 386 0 00 39 13 1 17 39
19 387 1 11 36 04 1 15 36
19 388 0 10 12 14 1 17 12
19 389 1 09 63 09 1 15 63
19 390 0 12 61 00 1 17 61
19 391 1 15 16 10 1 15 16
19 392 0 04 33 06 1 17 33
19 393 1 13 29 08 1 16 29
19 394 0 17 25 02 1 17 25
19 395 1 00 18 05 1 16 18
19 396 0 09 74 01 1 17 74
19 397 1 07 22 01 1 16 22
19 398 0 13 27 07 1 17 27
19 399 1 04 54 03 1 16 54
