10 000 0 06 15 00 0 00 52
10 001 1 05 32 00 0 00 31
10 002 0 06 15 00 0 00 13
10 003 1 05 32 00 0 00 13
10 004 0 06 15 00 0 00 13
10 005 1 05 32 00 0 00 31
10 006 0 06 15 00 1 00 15
10 007 1 05 32 00 1 00 32
10 008 0 02 39 01 0 01 31
10 009 1 10 42 01 0 01 72
10 010 0 06 15 00 0 01 39
10 011 1 05 32 00 0 01 31
10 012 0 02 39 01 0 01 31
10 013 1 05 32 00 0 01 31
10 014 0 06 15 00 1 01 15
10 015 1 10 42 01 1 01 42
10 016 0 06 15 00 1 01 15
10 017 1 10 42 01 0 01 15
10 018 0 02 39 01 0 01 15
10 019 1 05 32 00 0 01 31
10 020 0 02 39 01 0 01 32
10 021 1 05 32 00 0 01 42
10 022 0 06 15 00 0 01 02
10 023 1 10 42 01 1 01 42
10 024 0 02 39 01 0 01 32
10 025 1 10 42 01 0 01 32
10 026 0 06 15 00 1 01 15
10 027 1 05 32 00 1 01 32
10 028 0 06 15 00 0 01 32
10 029 1 10 42 01 1 01 42
10 030 0 02 39 01 0 01 32
10 031 1 05 32 00 1 01 32
10 032 0 06 15 00 1 01 15
10 033 1 10 42 01 1 02 42
10 034 0 02 39 01 0 01 32
10 035 1 03 61 02 1 02 61
10 036 0 06 15 00 0 01 32
10 037 1 05 32 00 1 02 32
10 038 0 02 39 01 0 01 15
10 039 1 05 32 00 1 03 32
10 040 0 02 39 01 1 01 39
10 041 1 10 42 01 1 03 42
10 042 0 06 15 00 1 01 15
10 043 1 01 58 03 0 03 57
10 044 0 02 39 01 0 02 15
10 045 1 03 61 02 1 03 61
10 046 0 10 34 02 0 02 78
10 047 1 10 42 01 1 03 42
10 048 0 06 15 00 0 02 42
10 049 1 01 58 03 1 03 58
10 050 0 10 34 02 0 02 78
10 051 1 03 61 02 1 03 61
10 052 0 06 15 00 0 02 42
10 053 1 05 32 00 1 03 32
10 054 0 02 39 01 0 02 32
10 055 1 05 32 00 1 04 32
10 056 0 06 15 00 1 02 15
10 057 1 03 61 02 1 04 61
10 058 0 02 39 01 1 02 39
10 059 1 14 25 04 1 04 25
10 060 0 10 34 02 0 02 38
10 061 1 10 42 01 1 04 42
10 062 0 02 39 01 1 02 39
10 063 1 01 58 03 0 04 78
10 064 0 06 15 00 1 02 15
10 065 1 10 42 01 1 04 42
10 066 0 10 34 02 1 02 34
10 067 1 05 32 00 1 04 32
10 068 0 10 34 02 1 03 34
10 069 1 03 61 02 1 04 61
10 070 0 04 66 03 1 03 66
10 071 1 01 58 03 1 04 58
10 072 0 02 39 01 0 03 32
10 073 1 14 25 04 1 04 25
10 074 0 06 15 00 1 03 15
10 075 1 14 25 04 1 05 25
10 076 0 02 39 01 1 03 39
10 077 1 04 68 05 1 05 68
10 078 0 10 34 02 1 03 34
10 079 1 01 58 03 1 05 58
10 080 0 04 66 03 1 03 66
10 081 1 10 42 01 1 05 42
10 082 0 06 15 00 1 03 15
10 083 1 03 61 02 1 05 61
10 084 0 10 34 02 1 04 34
10 085 1 05 32 00 1 05 32
10 086 0 06 15 00 1 04 15
10 087 1 14 25 04 1 06 25
10 088 0 02 39 01 1 04 39
10 089 1 01 58 03 1 06 58
10 090 0 12 11 04 0 04 66
10 091 1 05 32 00 1 06 32
10 092 0 04 66 03 1 04 66
10 093 1 15 64 06 1 06 64
10 094 0 10 34 02 1 04 34
10 095 1 03 61 02 1 06 61
10 096 0 06 15 00 1 04 15
10 097 1 04 68 05 0 06 11
10 098 0 12 11 04 1 04 11
10 099 1 10 42 01 1 06 42
10 100 0 02 39 01 1 04 39
10 101 1 04 68 05 1 06 68
10 102 0 04 66 03 1 04 66
10 103 1 14 25 04 1 06 25
10 104 0 04 66 03 1 05 66
10 105 1 01 58 03 1 06 58
10 106 0 12 11 04 1 05 11
10 107 1 10 42 01 1 06 42
10 108 0 02 39 01 1 05 39
10 109 1 03 61 02 1 06 61
10 110 0 06 15 00 1 05 15
10 111 1 15 64 06 1 06 64
10 112 0 05 65 05 1 05 65
10 113 1 05 32 00 1 06 32
10 114 0 10 34 02 1 05 34
10 115 1 17 41 07 1 07 41
10 116 0 10 34 02 1 06 34
10 117 1 15 64 06 0 07 68
10 118 0 04 66 03 1 06 66
10 119 1 03 61 02 1 07 61
10 120 0 12 11 04 1 06 11
10 121 1 10 42 01 1 07 42
10 122 0 05 65 05 1 06 65
10 123 1 01 58 03 1 07 58
10 124 0 06 15 00 1 06 15
10 125 1 14 25 04 1 07 25
10 126 0 02 39 01 1 06 39
10 127 1 05 32 00 1 07 32
10 128 0 13 14 06 0 06 13
10 129 1 04 68 05 0 07 36
10 130 0 04 66 03 1 06 66
10 131 1 15 64 06 0 07 68
10 132 0 10 34 02 1 06 34
10 133 1 10 42 01 1 07 42
10 134 0 13 14 06 1 06 14
10 135 1 14 25 04 1 07 25
10 136 0 06 15 00 1 06 15
10 137 1 04 68 05 1 07 68
10 138 0 05 65 05 1 06 65
10 139 1 01 58 03 1 07 58
10 140 0 02 39 01 0 06 01
10 141 1 05 32 00 0 07 42
10 142 0 12 11 04 0 06 14
10 143 1 03 61 02 1 07 61
10 144 0 10 34 02 1 06 34
10 145 1 17 41 07 1 07 41
10 146 0 12 11 04 0 06 14
10 147 1 14 25 04 1 07 25
10 148 0 13 14 06 1 06 14
10 149 1 03 61 02 1 07 61
10 150 0 05 65 05 1 06 65
10 151 1 05 32 00 1 07 32
10 152 0 06 15 00 1 06 15
10 153 1 10 42 01 1 07 42
10 154 0 02 39 01 1 06 39
10 155 1 01 58 03 1 07 58
10 156 0 04 66 03 1 06 66
10 157 1 17 41 07 1 07 41
10 158 0 02 39 01 0 06 15
10 159 1 04 68 05 1 07 68
10 160 0 06 15 00 1 06 15
10 161 1 15 64 06 0 07 68
10 162 0 05 65 05 1 06 65
10 163 1 15 64 06 0 07 34
10 164 0 13 14 06 1 06 14
10 165 1 17 41 07 1 07 41
10 166 0 04 66 03 1 06 66
10 167 1 03 61 02 1 07 61
10 168 0 12 11 04 1 06 11
10 169 1 10 42 01 1 07 42
10 170 0 10 34 02 0 06 68
10 171 1 04 68 05 0 07 64
10 172 0 04 66 03 1 06 66
10 173 1 14 25 04 1 07 25
10 174 0 06 15 00 1 06 15
10 175 1 05 32 00 0 07 42
10 176 0 05 65 05 1 06 65
10 177 1 01 58 03 1 07 58
10 178 0 02 39 01 1 06 39
10 179 1 04 68 05 1 07 68
10 180 0 12 11 04 1 06 11
10 181 1 01 58 03 1 07 58
10 182 0 13 14 06 1 06 14
10 183 1 14 25 04 1 07 25
10 184 0 10 34 02 0 06 64
10 185 1 05 32 00 1 07 32
10 186 0 12 11 04 1 06 11
10 187 1 17 41 07 1 07 41
10 188 0 10 34 02 1 06 34
10 189 1 03 61 02 1 07 61
10 190 0 05 65 05 1 06 65
10 191 1 15 64 06 0 07 68
10 192 0 06 15 00 1 06 15
10 193 1 10 42 01 1 07 42
10 194 0 02 39 01 1 06 39
10 195 1 03 61 02 1 07 61
10 196 0 13 14 06 1 06 14
10 197 1 14 25 04 1 07 25
10 198 0 04 66 03 1 06 66
10 199 1 17 41 07 1 07 41
10 200 0 10 34 02 1 07 34
10 201 1 01 58 03 1 07 58
10 202 0 04 66 03 1 07 66
10 203 1 15 64 06 0 07 68
10 204 0 12 11 04 1 07 11
10 205 1 05 32 00 1 07 32
10 206 0 02 39 01 0 07 13
10 207 1 10 42 01 1 07 42
10 208 0 13 14 06 1 07 14
10 209 1 04 68 05 1 07 68
10 210 0 05 65 05 1 07 65
10 211 1 05 32 00 0 07 42
10 212 0 15 45 07 1 07 45
10 213 1 03 61 02 1 07 61
10 214 0 06 15 00 1 07 15
10 215 1 01 58 03 1 07 58
10 216 0 12 11 04 1 07 11
10 217 1 14 25 04 1 07 25
10 218 0 13 14 06 1 07 14
10 219 1 04 68 05 1 07 68
10 220 0 10 34 02 1 07 34
10 221 1 10 42 01 1 07 42
10 222 0 04 66 03 1 07 66
10 223 1 15 64 06 1 07 64
10 224 0 06 15 00 1 07 15
10 225 1 17 41 07 1 07 41
10 226 0 05 65 05 1 07 65
10 227 1 01 58 03 1 07 58
10 228 0 15 45 07 1 07 45
10 229 1 15 64 06 1 07 64
10 230 0 02 39 01 1 07 39
10 231 1 14 25 04 1 07 25
10 232 0 12 11 04 1 08 11
10 233 1 10 42 01 1 07 42
10 234 0 15 45 07 1 08 45
10 235 1 04 68 05 1 07 68
10 236 0 02 39 01 1 08 39
10 237 1 17 41 07 1 07 41
10 238 0 17 77 08 1 08 77
10 239 1 03 61 02 1 07 61
10 240 0 13 14 06 1 08 14
10 241 1 05 32 00 0 07 42
10 242 0 10 34 02 0 08 06
10 243 1 03 61 02 1 07 61
10 244 0 05 65 05 1 08 65
10 245 1 10 42 01 1 07 42
10 246 0 04 66 03 1 08 66
10 247 1 01 58 03 1 07 58
10 248 0 06 15 00 1 08 15
10 249 1 04 68 05 1 07 68
10 250 0 12 11 04 1 08 11
10 251 1 15 64 06 1 07 64
10 252 0 05 65 05 1 08 65
10 253 1 14 25 04 1 07 25
10 254 0 02 39 01 1 08 39
10 255 1 17 41 07 1 07 41
10 256 0 17 77 08 1 08 77
10 257 1 05 32 00 1 07 32
10 258 0 13 14 06 1 08 14
10 259 1 03 61 02 1 08 61
10 260 0 15 45 07 1 08 45
10 261 1 07 78 08 1 08 78
10 262 0 10 34 02 1 08 34
10 263 1 17 41 07 1 08 41
10 264 0 04 66 03 1 08 66
10 265 1 01 58 03 1 08 58
10 266 0 06 15 00 1 08 15
10 267 1 04 68 05 1 08 68
10 268 0 06 15 00 1 09 15
10 269 1 15 64 06 1 08 64
10 270 0 13 14 06 1 09 14
10 271 1 05 32 00 1 08 32
10 272 0 12 11 04 1 09 11
10 273 1 10 42 01 1 08 42
10 274 0 15 45 07 1 09 45
10 275 1 14 25 04 1 08 25
10 276 0 00 23 09 1 09 23
10 277 1 17 41 07 1 09 41
10 278 0 02 39 01 1 09 39
10 279 1 01 58 03 1 09 58
10 280 0 05 65 05 1 09 65
10 281 1 07 78 08 1 09 78
10 282 0 04 66 03 1 09 66
10 283 1 15 64 06 1 09 64
10 284 0 17 77 08 1 09 77
10 285 1 05 32 00 1 09 32
10 286 0 10 34 02 0 09 68
10 287 1 09 33 09 1 09 33
10 288 0 10 34 02 1 09 34
10 289 1 04 68 05 0 09 77
10 290 0 15 45 07 1 09 45
10 291 1 10 42 01 1 09 42
10 292 0 02 39 01 1 09 39
10 293 1 03 61 02 1 09 61
10 294 0 00 23 09 1 09 23
10 295 1 14 25 04 1 09 25
10 296 0 05 65 05 1 09 65
10 297 1 05 32 00 1 09 32
10 298 0 06 15 00 1 09 15
10 299 1 03 61 02 1 09 61
10 300 0 04 66 03 1 09 66
10 301 1 15 64 06 1 09 64
10 302 0 17 77 08 1 09 77
10 303 1 01 58 03 1 09 58
10 304 0 12 11 04 1 09 11
10 305 1 10 42 01 1 09 42
10 306 0 13 14 06 1 09 14
10 307 1 07 78 08 0 09 05
10 308 0 10 34 02 1 10 34
10 309 1 14 25 04 1 09 25
10 310 0 16 57 10 0 10 78
10 311 1 04 68 05 1 09 68
10 312 0 05 65 05 1 10 65
10 313 1 17 41 07 1 09 41
10 314 0 02 39 01 1 10 39
10 315 1 09 33 09 0 09 77
10 316 0 17 77 08 0 10 45
10 317 1 03 61 02 1 09 61
10 318 0 06 15 00 1 10 15
10 319 1 07 78 08 1 09 78
10 320 0 13 14 06 1 10 14
10 321 1 14 25 04 1 09 25
10 322 0 04 66 03 1 10 66
10 323 1 17 41 07 1 09 41
10 324 0 12 11 04 1 10 11
10 325 1 09 33 09 1 09 33
10 326 0 15 45 07 1 10 45
10 327 1 10 42 01 1 09 42
10 328 0 00 23 09 1 10 23
10 329 1 04 68 05 1 09 68
10 330 0 02 39 01 1 10 39
10 331 1 15 64 06 1 09 64
10 332 0 16 57 10 1 10 57
10 333 1 01 58 03 1 09 58
10 334 0 05 65 05 1 10 65
10 335 1 05 32 00 1 09 32
10 336 0 13 14 06 1 10 14
10 337 1 17 41 07 1 10 41
10 338 0 15 45 07 1 10 45
10 339 1 05 32 00 1 10 32
10 340 0 12 11 04 1 10 11
10 341 1 10 42 01 1 10 42
10 342 0 04 66 03 1 10 66
10 343 1 12 27 10 1 10 27
10 344 0 00 23 09 1 10 23
10 345 1 01 58 03 1 10 58
10 346 0 17 77 08 1 10 77
10 347 1 15 64 06 1 10 64
10 348 0 10 34 02 1 10 34
10 349 1 04 68 05 1 10 68
10 350 0 06 15 00 0 10 51
10 351 1 07 78 08 1 10 78
10 352 0 15 45 07 1 10 45
10 353 1 03 61 02 1 10 61
10 354 0 13 14 06 1 10 14
10 355 1 09 33 09 1 10 33
10 356 0 06 15 00 1 10 15
10 357 1 14 25 04 1 10 25
10 358 0 12 11 04 1 10 11
10 359 1 01 58 03 1 11 58
10 360 0 05 65 05 1 10 65
10 361 1 04 68 05 1 11 68
10 362 0 04 66 03 1 10 66
10 363 1 10 42 01 1 11 42
10 364 0 02 39 01 1 10 39
10 365 1 05 32 00 1 11 32
10 366 0 10 34 02 1 10 34
10 367 1 12 27 10 1 11 27
10 368 0 16 57 10 0 10 27
10 369 1 11 62 11 1 11 62
10 370 0 17 77 08 1 10 77
10 371 1 03 61 02 1 11 61
10 372 0 00 23 09 1 10 23
10 373 1 07 78 08 1 11 78
10 374 0 10 34 02 1 10 34
10 375 1 09 33 09 0 11 63
10 376 0 12 11 04 1 10 11
10 377 1 14 25 04 1 11 25
10 378 0 17 77 08 1 10 77
10 379 1 15 64 06 1 11 64
10 380 0 00 23 09 1 10 23
10 381 1 17 41 07 1 11 41
10 382 0 05 65 05 1 10 65
10 383 1 10 42 01 1 11 42
10 384 0 13 14 06 1 10 14
10 385 1 01 58 03 1 11 58
10 386 0 04 66 03 1 10 66
10 387 1 11 62 11 1 11 62
10 388 0 15 45 07 1 10 45
10 389 1 04 68 05 1 11 68
10 390 0 06 15 00 1 10 15
10 391 1 09 33 09 1 11 33
10 392 0 02 39 01 1 10 39
10 393 1 14 25 04 1 11 25
10 394 0 16 57 10 0 10 27
10 395 1 12 27 10 1 11 27
10 396 0 06 15 00 1 10 15
10 397 1 07 78 08 0 11 58
10 398 0 13 14 06 1 10 14
10 399 1 05 32 00 1 11 32
