33 000 0 14 40 00 1 00 40
33 001 1 16 61 00 1 00 61
33 002 0 14 40 00 1 01 40
33 003 1 13 28 01 1 01 28
33 004 0 00 75 01 0 01 50
33 005 1 16 61 00 1 01 61
33 006 0 14 40 00 1 01 40
33 007 1 01 74 02 1 02 74
33 008 0 00 75 01 1 01 75
33 009 1 16 61 00 1 02 61
33 010 0 00 75 01 1 02 75
33 011 1 13 28 01 1 02 28
33 012 0 14 40 00 1 02 40
33 013 1 05 23 03 1 03 23
33 014 0 17 19 02 1 02 19
33 015 1 16 61 00 1 03 61
33 016 0 17 19 02 1 03 19
33 017 1 13 28 01 1 03 28
33 018 0 13 45 03 1 03 45
33 019 1 01 74 02 0 03 41
33 020 0 00 75 01 1 03 75
33 021 1 13 28 01 1 03 28
33 022 0 14 40 00 1 03 40
33 023 1 16 61 00 1 03 61
33 024 0 00 75 01 1 04 75
33 025 1 05 23 03 0 03 41
33 026 0 13 45 03 1 04 45
33 027 1 01 74 02 1 03 74
33 028 0 17 19 02 1 04 19
33 029 1 01 74 02 1 03 74
33 030 0 14 40 00 1 04 40
33 031 1 13 28 01 1 03 28
33 032 0 06 43 04 0 04 23
33 033 1 16 61 00 1 03 61
33 034 0 14 40 00 1 04 40
33 035 1 05 23 03 1 03 23
33 036 0 00 75 01 0 04 00
33 037 1 08 24 04 1 04 24
33 038 0 17 19 02 1 04 19
33 039 1 05 23 03 1 04 23
33 040 0 06 43 04 0 04 24
33 041 1 13 28 01 1 04 28
33 042 0 13 45 03 1 04 45
33 043 1 16 61 00 1 04 61
33 044 0 06 43 04 1 04 43
33 045 1 01 74 02 1 04 74
33 046 0 13 45 03 1 04 45
33 047 1 03 56 05 1 05 56
33 048 0 00 75 01 1 04 75
33 049 1 16 61 00 1 05 61
33 050 0 17 19 02 1 04 19
33 051 1 05 23 03 1 05 23
33 052 0 14 40 00 1 04 40
33 053 1 08 24 04 1 05 24
33 054 0 17 19 02 1 05 19
33 055 1 01 74 02 1 05 74
33 056 0 00 75 01 1 05 75
33 057 1 13 28 01 1 05 28
33 058 0 10 16 05 1 05 16
33 059 1 08 24 04 1 06 24
33 060 0 06 43 04 1 05 43
33 061 1 05 23 03 1 06 23
33 062 0 14 40 00 1 05 40
33 063 1 10 12 06 1 06 12
33 064 0 13 45 03 1 05 45
33 065 1 01 74 02 1 06 74
33 066 0 06 43 04 1 06 43
33 067 1 13 28 01 1 06 28
33 068 0 00 75 01 1 06 75
33 069 1 16 61 00 1 06 61
33 070 0 14 40 00 1 06 40
33 071 1 03 56 05 1 06 56
33 072 0 13 45 03 1 06 45
33 073 1 13 28 01 1 07 28
33 074 0 16 51 06 0 06 71
33 075 1 07 76 07 1 07 76
33 076 0 17 19 02 1 06 19
33 077 1 08 24 04 1 07 24
33 078 0 10 16 05 1 06 16
33 079 1 03 56 05 1 07 56
33 080 0 10 16 05 1 06 16
33 081 1 05 23 03 1 07 23
33 082 0 17 19 02 1 06 19
33 083 1 01 74 02 1 07 74
33 084 0 14 40 00 1 06 40
33 085 1 10 12 06 1 07 12
33 086 0 16 51 06 1 06 51
33 087 1 16 61 00 1 07 61
33 088 0 13 45 03 1 06 45
33 089 1 13 28 01 1 08 28
33 090 0 06 43 04 1 06 43
33 091 1 07 76 07 1 08 76
33 092 0 00 75 01 1 06 75
33 093 1 03 56 05 1 08 56
33 094 0 13 45 03 1 07 45
33 095 1 16 61 00 1 08 61
33 096 0 14 40 00 1 07 40
33 097 1 05 23 03 1 08 23
33 098 0 04 73 07 1 07 73
33 099 1 04 54 08 1 08 54
33 100 0 00 75 01 1 07 75
33 101 1 10 12 06 1 08 12
33 102 0 16 51 06 1 07 51
33 103 1 01 74 02 1 08 74
33 104 0 17 19 02 1 07 19
33 105 1 08 24 04 1 08 24
33 106 0 10 16 05 1 07 16
33 107 1 07 76 07 1 09 76
33 108 0 06 43 04 1 07 43
33 109 1 01 74 02 1 09 74
33 110 0 06 43 04 1 08 43
33 111 1 04 54 08 1 09 54
33 112 0 02 37 08 1 08 37
33 113 1 13 28 01 1 09 28
33 114 0 17 19 02 1 08 19
33 115 1 12 13 09 1 09 13
33 116 0 16 51 06 1 08 51
33 117 1 03 56 05 1 09 56
33 118 0 10 16 05 1 08 16
33 119 1 10 12 06 1 09 12
33 120 0 00 75 01 1 08 75
33 121 1 08 24 04 1 09 24
33 122 0 04 73 07 1 08 73
33 123 1 16 61 00 1 09 61
33 124 0 14 40 00 1 08 40
33 125 1 05 23 03 1 09 23
33 126 0 13 45 03 1 08 45
33 127 1 02 34 10 1 10 34
33 128 0 14 40 00 1 09 40
33 129 1 03 56 05 1 10 56
33 130 0 02 37 08 1 09 37
33 131 1 16 61 00 1 10 61
33 132 0 10 16 05 1 09 16
33 133 1 07 76 07 1 10 76
33 134 0 16 51 06 1 09 51
33 135 1 13 28 01 1 10 28
33 136 0 04 73 07 1 09 73
33 137 1 08 24 04 1 10 24
33 138 0 17 19 02 1 09 19
33 139 1 04 54 08 1 10 54
33 140 0 06 43 04 1 09 43
33 141 1 01 74 02 1 10 74
33 142 0 03 15 09 1 09 15
33 143 1 05 23 03 1 10 23
33 144 0 00 75 01 1 09 75
33 145 1 10 12 06 1 10 12
33 146 0 13 45 03 1 09 45
33 147 1 12 13 09 1 10 13
33 148 0 00 75 01 1 10 75
33 149 1 04 54 08 1 11 54
33 150 0 15 26 10 1 10 26
33 151 1 10 12 06 1 11 12
33 152 0 10 16 05 1 10 16
33 153 1 08 24 04 1 11 24
33 154 0 03 15 09 1 10 15
33 155 1 01 74 02 1 11 74
33 156 0 14 40 00 1 10 40
33 157 1 03 56 05 1 11 56
33 158 0 06 43 04 1 10 43
33 159 1 07 76 07 1 11 76
33 160 0 13 45 03 1 10 45
33 161 1 13 28 01 1 11 28
33 162 0 02 37 08 1 10 37
33 163 1 16 61 00 1 11 61
33 164 0 17 19 02 1 10 19
33 165 1 02 34 10 1 11 34
33 166 0 16 51 06 1 10 51
33 167 1 05 23 03 1 11 23
33 168 0 04 73 07 1 10 73
33 169 1 12 13 09 1 11 13
33 170 0 04 73 07 1 11 73
33 171 1 15 21 11 1 11 21
33 172 0 10 16 05 1 11 16
33 173 1 16 61 00 1 12 61
33 174 0 13 45 03 1 11 45
33 175 1 12 13 09 1 12 13
33 176 0 02 37 08 1 11 37
33 177 1 07 76 07 1 12 76
33 178 0 16 51 06 1 11 51
33 179 1 13 28 01 1 12 28
33 180 0 03 15 09 1 11 15
33 181 1 17 69 12 1 12 69
33 182 0 14 40 00 1 11 40
33 183 1 10 12 06 1 12 12
33 184 0 17 19 02 1 11 19
33 185 1 03 56 05 1 12 56
33 186 0 11 31 11 1 11 31
33 187 1 01 74 02 1 12 74
33 188 0 06 43 04 1 11 43
33 189 1 15 21 11 1 12 21
33 190 0 15 26 10 1 11 26
33 191 1 04 54 08 1 12 54
33 192 0 00 75 01 1 11 75
33 193 1 02 34 10 1 12 34
33 194 0 04 73 07 1 12 73
33 195 1 05 23 03 1 12 23
33 196 0 17 19 02 1 12 19
33 197 1 08 24 04 1 12 24
33 198 0 00 75 01 1 12 75
33 199 1 07 76 07 1 13 76
33 200 0 10 16 05 1 12 16
33 201 1 08 24 04 1 13 24
33 202 0 03 15 09 1 12 15
33 203 1 17 69 12 1 13 69
33 204 0 15 26 10 1 12 26
33 205 1 04 54 08 1 13 54
33 206 0 13 45 03 1 12 45
33 207 1 15 21 11 1 13 21
33 208 0 16 51 06 1 12 51
33 209 1 12 13 09 1 13 13
33 210 0 09 58 12 1 12 58
33 211 1 03 56 05 1 13 56
33 212 0 11 31 11 1 12 31
33 213 1 05 23 03 1 13 23
33 214 0 02 37 08 1 12 37
33 215 1 01 74 02 1 13 74
33 216 0 14 40 00 1 12 40
33 217 1 10 12 06 1 13 12
33 218 0 06 43 04 1 12 43
33 219 1 13 28 01 1 13 28
33 220 0 02 37 08 1 13 37
33 221 1 06 57 13 1 13 57
33 222 0 09 58 12 1 13 58
33 223 1 16 61 00 1 13 61
33 224 0 06 43 04 1 13 43
33 225 1 02 34 10 1 13 34
33 226 0 13 45 03 1 13 45
33 227 1 17 69 12 1 14 69
33 228 0 11 31 11 1 13 31
33 229 1 13 28 01 1 14 28
33 230 0 15 26 10 1 13 26
33 231 1 07 76 07 1 14 76
33 232 0 00 75 01 1 13 75
33 233 1 02 34 10 0 14 23
33 234 0 04 73 07 1 13 73
33 235 1 15 21 11 1 14 21
33 236 0 03 15 09 1 13 15
33 237 1 05 23 03 1 14 23
33 238 0 10 16 05 1 13 16
33 239 1 09 68 14 1 14 68
33 240 0 16 51 06 1 13 51
33 241 1 16 61 00 1 14 61
33 242 0 17 19 02 1 13 19
33 243 1 06 57 13 1 14 57
33 244 0 01 47 13 1 13 47
33 245 1 08 24 04 1 14 24
33 246 0 14 40 00 1 13 40
33 247 1 12 13 09 1 14 13
33 248 0 17 19 02 1 14 19
33 249 1 04 54 08 1 14 54
33 250 0 03 15 09 1 14 15
33 251 1 01 74 02 1 14 74
33 252 0 00 75 01 1 14 75
33 253 1 10 12 06 1 14 12
33 254 0 07 32 14 1 14 32
33 255 1 03 56 05 1 14 56
33 256 0 04 73 07 1 14 73
33 257 1 09 68 14 1 14 68
33 258 0 01 47 13 1 14 47
33 259 1 01 74 02 1 14 74
33 260 0 10 16 05 1 14 16
33 261 1 06 57 13 1 14 57
33 262 0 11 31 11 1 14 31
33 263 1 05 23 03 1 14 23
33 264 0 14 40 00 1 14 40
33 265 1 15 21 11 1 14 21
33 266 0 06 43 04 1 14 43
33 267 1 13 28 01 1 14 28
33 268 0 16 51 06 1 14 51
33 269 1 17 69 12 1 14 69
33 270 0 15 26 10 1 14 26
33 271 1 08 24 04 1 14 24
33 272 0 13 45 03 1 14 45
33 273 1 03 56 05 1 14 56
33 274 0 09 58 12 1 14 58
33 275 1 16 61 00 0 14 68
33 276 0 02 37 08 1 14 37
33 277 1 10 12 06 1 14 12
33 278 0 07 32 14 1 15 32
33 279 1 12 13 09 1 14 13
33 280 0 17 19 02 1 15 19
33 281 1 07 76 07 1 14 76
33 282 0 02 37 08 1 15 37
33 283 1 02 34 10 1 14 34
33 284 0 01 47 13 1 15 47
33 285 1 04 54 08 1 14 54
33 286 0 14 40 00 1 15 40
33 287 1 08 24 04 1 14 24
33 288 0 05 77 15 1 15 77
33 289 1 05 23 03 1 14 23
33 290 0 06 43 04 1 15 43
33 291 1 04 54 08 1 14 54
33 292 0 00 75 01 1 15 75
33 293 1 17 69 12 1 14 69
33 294 0 10 16 05 1 15 16
33 295 1 06 57 13 1 14 57
33 296 0 15 26 10 1 15 26
33 297 1 07 76 07 1 14 76
33 298 0 03 15 09 1 15 15
33 299 1 10 12 06 1 14 12
33 300 0 11 31 11 1 15 31
33 301 1 12 13 09 1 14 13
33 302 0 04 73 07 1 15 73
33 303 1 15 21 11 1 14 21
33 304 0 13 45 03 1 15 45
33 305 1 01 74 02 1 14 74
33 306 0 16 51 06 1 15 51
33 307 1 03 56 05 1 14 56
33 308 0 09 58 12 1 15 58
33 309 1 16 61 00 1 14 61
33 310 0 04 73 07 1 16 73
33 311 1 09 68 14 1 14 68
33 312 0 14 40 00 1 16 40
33 313 1 02 34 10 1 14 34
33 314 0 11 31 11 1 16 31
33 315 1 13 28 01 1 14 28
33 316 0 02 37 08 1 16 37
33 317 1 09 68 14 1 15 68
33 318 0 07 32 14 1 16 32
33 319 1 03 56 05 1 15 56
33 320 0 01 47 13 1 16 47
33 321 1 05 23 03 1 15 23
33 322 0 17 19 02 1 16 19
33 323 1 16 61 00 1 15 61
33 324 0 05 77 15 1 16 77
33 325 1 15 21 11 1 15 21
33 326 0 15 26 10 1 16 26
33 327 1 13 28 01 1 15 28
33 328 0 16 51 06 1 16 51
33 329 1 01 74 02 1 15 74
33 330 0 09 58 12 1 16 58
33 331 1 12 13 09 1 15 13
33 332 0 06 43 04 1 16 43
33 333 1 08 24 04 1 15 24
33 334 0 13 45 03 1 16 45
33 335 1 04 54 08 1 15 54
33 336 0 10 16 05 1 16 16
33 337 1 10 12 06 1 15 12
33 338 0 00 75 01 1 16 75
33 339 1 02 34 10 1 15 34
33 340 0 03 15 09 1 16 15
33 341 1 06 57 13 1 15 57
33 342 0 12 20 16 1 16 20
33 343 1 07 76 07 1 15 76
33 344 0 06 43 04 1 17 43
33 345 1 17 69 12 1 15 69
33 346 0 08 41 17 1 17 41
33 347 1 00 52 15 1 15 52
33 348 0 11 31 11 1 17 31
33 349 1 00 52 15 1 16 52
33 350 0 02 37 08 1 17 37
33 351 1 14 66 16 1 16 66
33 352 0 01 47 13 1 17 47
33 353 1 09 68 14 1 16 68
33 354 0 04 73 07 1 17 73
33 355 1 07 76 07 1 16 76
33 356 0 09 58 12 1 17 58
33 357 1 05 23 03 1 16 23
33 358 0 17 19 02 1 17 19
33 359 1 06 57 13 1 16 57
33 360 0 10 16 05 1 17 16
33 361 1 03 56 05 1 16 56
33 362 0 00 75 01 1 17 75
33 363 1 13 28 01 1 16 28
33 364 0 16 51 06 1 17 51
33 365 1 16 61 00 1 16 61
33 366 0 03 15 09 1 17 15
33 367 1 15 21 11 1 16 21
33 368 0 13 45 03 1 17 45
33 369 1 04 54 08 1 16 54
33 370 0 15 26 10 1 17 26
33 371 1 01 74 02 1 16 74
33 372 0 05 77 15 1 17 77
33 373 1 17 69 12 1 16 69
33 374 0 12 20 16 1 17 20
33 375 1 12 13 09 1 16 13
33 376 0 14 40 00 1 17 40
33 377 1 02 34 10 1 16 34
33 378 0 07 32 14 1 17 32
33 379 1 08 24 04 1 16 24
33 380 0 17 19 02 1 18 19
33 381 1 10 12 06 1 16 12
33 382 0 13 45 03 1 18 45
33 383 1 08 24 04 1 17 24
33 384 0 00 75 01 0 18 -1
33 385 1 05 23 03 1 17 23
33 386 0 08 41 17 1 18 41
33 387 1 07 76 07 1 17 76
33 388 0 03 15 09 1 18 15
33 389 1 17 69 12 1 17 69
33 390 0 14 40 00 1 18 40
33 391 1 15 21 11 1 17 21
33 392 0 12 20 16 1 18 20
33 393 1 02 34 10 1 17 34
33 394 0 07 32 14 0 18 43
33 395 1 00 52 15 1 17 52
33 396 0 15 26 10 1 18 26
33 397 1 04 54 08 1 17 54
33 398 0 06 43 04 1 18 43
33 399 1 14 66 16 1 17 66
