11 000 0 06 32 00 0 00 03
11 001 1 05 15 00 1 00 15
11 002 0 06 32 00 1 00 32
11 003 1 05 15 00 0 01 36
11 004 0 02 42 01 0 01 32
11 005 1 10 39 01 0 01 15
11 006 0 06 32 00 0 01 42
11 007 1 05 15 00 0 01 32
11 008 0 02 42 01 0 01 32
11 009 1 10 39 01 0 01 16
11 010 0 06 32 00 0 01 42
11 011 1 10 39 01 0 01 42
11 012 0 06 32 00 0 01 42
11 013 1 05 15 00 0 01 39
11 014 0 02 42 01 0 01 32
11 015 1 10 39 01 1 01 39
11 016 0 06 32 00 0 01 42
11 017 1 05 15 00 0 01 32
11 018 0 02 42 01 1 01 42
11 019 1 05 15 00 1 01 15
11 020 0 06 32 00 1 01 32
11 021 1 10 39 01 0 01 15
11 022 0 02 42 01 0 01 32
11 023 1 05 15 00 0 01 39
11 024 0 06 32 00 1 01 32
11 025 1 10 39 01 1 01 39
11 026 0 02 42 01 0 01 15
11 027 1 10 39 01 0 01 42
11 028 0 06 32 00 1 01 32
11 029 1 05 15 00 1 01 15
11 030 0 02 42 01 1 01 42
11 031 1 10 39 01 0 01 32
11 032 0 02 42 01 0 02 32
11 033 1 05 15 00 1 01 15
11 034 0 06 32 00 1 02 32
11 035 1 05 15 00 1 01 15
11 036 0 10 61 02 0 02 39
11 037 1 10 39 01 1 01 39
11 038 0 10 61 02 1 02 61
11 039 1 03 34 02 0 02 41
11 040 0 02 42 01 0 02 39
11 041 1 10 39 01 1 02 39
11 042 0 06 32 00 1 02 32
11 043 1 05 15 00 1 02 15
11 044 0 10 61 02 0 02 41
11 045 1 03 34 02 0 02 41
11 046 0 02 42 01 0 02 39
11 047 1 10 39 01 1 02 39
11 048 0 06 32 00 1 02 32
11 049 1 05 15 00 1 02 15
11 050 0 06 32 00 1 02 32
11 051 1 05 15 00 1 02 15
11 052 0 02 42 01 0 02 32
11 053 1 03 34 02 0 02 39
11 054 0 10 61 02 1 02 61
11 055 1 10 39 01 1 02 39
11 056 0 06 32 00 1 02 32
11 057 1 03 34 02 1 02 34
11 058 0 10 61 02 1 02 61
11 059 1 10 39 01 1 02 39
11 060 0 02 42 01 1 02 42
11 061 1 05 15 00 1 02 15
11 062 0 10 61 02 1 03 61
11 063 1 01 66 03 0 03 48
11 064 0 02 42 01 0 03 32
11 065 1 05 15 00 1 03 15
11 066 0 06 32 00 0 03 42
11 067 1 10 39 01 1 03 39
11 068 0 04 58 03 0 03 45
11 069 1 03 34 02 1 03 34
11 070 0 02 42 01 0 03 48
11 071 1 01 66 03 1 03 66
11 072 0 04 58 03 0 03 42
11 073 1 03 34 02 0 03 39
11 074 0 10 61 02 0 03 38
11 075 1 05 15 00 1 03 15
11 076 0 06 32 00 0 03 42
11 077 1 10 39 01 0 03 32
11 078 0 10 61 02 0 03 32
11 079 1 05 15 00 1 03 15
11 080 0 04 58 03 0 03 42
11 081 1 03 34 02 1 03 34
11 082 0 06 32 00 1 03 32
11 083 1 10 39 01 1 03 39
11 084 0 02 42 01 1 03 42
11 085 1 01 66 03 1 03 66
11 086 0 06 32 00 1 03 32
11 087 1 05 15 00 1 04 15
11 088 0 10 61 02 0 03 04
11 089 1 10 39 01 1 04 39
11 090 0 02 42 01 1 03 42
11 091 1 01 66 03 1 04 66
11 092 0 04 58 03 0 03 42
11 093 1 14 11 04 1 04 11
11 094 0 06 32 00 1 03 32
11 095 1 03 34 02 1 04 34
11 096 0 10 61 02 0 03 39
11 097 1 14 11 04 1 05 11
11 098 0 02 42 01 1 03 42
11 099 1 01 66 03 1 05 66
11 100 0 04 58 03 0 03 39
11 101 1 04 65 05 1 05 65
11 102 0 04 58 03 0 03 48
11 103 1 10 39 01 1 05 39
11 104 0 10 61 02 0 03 58
11 105 1 05 15 00 1 05 15
11 106 0 06 32 00 1 03 32
11 107 1 03 34 02 1 05 34
11 108 0 02 42 01 1 03 42
11 109 1 03 34 02 1 06 34
11 110 0 06 32 00 1 03 32
11 111 1 04 65 05 1 06 65
11 112 0 04 58 03 1 03 58
11 113 1 10 39 01 1 06 39
11 114 0 10 61 02 1 03 61
11 115 1 05 15 00 1 06 15
11 116 0 02 42 01 1 03 42
11 117 1 15 14 06 0 06 61
11 118 0 04 58 03 0 04 42
11 119 1 14 11 04 1 06 11
11 120 0 10 61 02 1 04 61
11 121 1 01 66 03 1 06 66
11 122 0 12 25 04 1 04 25
11 123 1 15 14 06 1 06 14
11 124 0 06 32 00 1 04 32
11 125 1 05 15 00 1 06 15
11 126 0 02 42 01 1 04 42
11 127 1 10 39 01 1 06 39
11 128 0 02 42 01 1 04 42
11 129 1 03 34 02 1 06 34
11 130 0 12 25 04 1 04 25
11 131 1 14 11 04 1 06 11
11 132 0 10 61 02 1 04 61
11 133 1 04 65 05 1 06 65
11 134 0 06 32 00 1 04 32
11 135 1 01 66 03 1 06 66
11 136 0 04 58 03 0 04 42
11 137 1 05 15 00 1 07 15
11 138 0 12 25 04 1 04 25
11 139 1 03 34 02 1 07 34
11 140 0 04 58 03 1 04 58
11 141 1 04 65 05 1 07 65
11 142 0 10 61 02 0 04 42
11 143 1 17 45 07 1 07 45
11 144 0 06 32 00 1 04 32
11 145 1 14 11 04 1 07 11
11 146 0 02 42 01 1 04 42
11 147 1 01 66 03 1 07 66
11 148 0 10 61 02 0 04 42
11 149 1 10 39 01 1 07 39
11 150 0 02 42 01 1 04 42
11 151 1 15 14 06 1 07 14
11 152 0 12 25 04 1 04 25
11 153 1 10 39 01 1 08 39
11 154 0 04 58 03 0 04 61
11 155 1 03 34 02 1 08 34
11 156 0 06 32 00 1 04 32
11 157 1 15 14 06 1 08 14
11 158 0 06 32 00 1 04 32
11 159 1 14 11 04 1 08 11
11 160 0 04 58 03 1 04 58
11 161 1 07 77 08 1 08 77
11 162 0 12 25 04 1 04 25
11 163 1 17 45 07 1 08 45
11 164 0 10 61 02 0 04 58
11 165 1 04 65 05 1 08 65
11 166 0 02 42 01 1 04 42
11 167 1 05 15 00 1 08 15
11 168 0 12 25 04 1 04 25
11 169 1 01 66 03 1 08 66
11 170 0 04 58 03 0 04 61
11 171 1 03 34 02 1 09 34
11 172 0 10 61 02 1 04 61
11 173 1 05 15 00 1 09 15
11 174 0 02 42 01 1 04 42
11 175 1 15 14 06 0 09 58
11 176 0 06 32 00 1 04 32
11 177 1 07 77 08 1 09 77
11 178 0 10 61 02 0 04 58
11 179 1 04 65 05 1 09 65
11 180 0 02 42 01 1 04 42
11 181 1 01 66 03 1 09 66
11 182 0 06 32 00 1 04 32
11 183 1 10 39 01 1 09 39
11 184 0 04 58 03 1 04 58
11 185 1 09 23 09 1 09 23
11 186 0 12 25 04 1 04 25
11 187 1 14 11 04 1 09 11
11 188 0 04 58 03 0 04 61
11 189 1 17 45 07 1 09 45
11 190 0 10 61 02 1 04 61
11 191 1 09 23 09 1 09 23
11 192 0 12 25 04 1 04 25
11 193 1 04 65 05 1 09 65
11 194 0 02 42 01 1 04 42
11 195 1 17 45 07 1 09 45
11 196 0 06 32 00 1 04 32
11 197 1 03 34 02 1 09 34
11 198 0 12 25 04 1 04 25
11 199 1 01 66 03 1 09 66
11 200 0 10 61 02 1 04 61
11 201 1 07 77 08 1 09 77
11 202 0 06 32 00 1 04 32
11 203 1 10 39 01 1 09 39
11 204 0 04 58 03 1 04 58
11 205 1 15 14 06 1 09 14
11 206 0 02 42 01 1 04 42
11 207 1 14 11 04 1 09 11
11 208 0 10 61 02 0 05 58
11 209 1 05 15 00 1 09 15
11 210 0 04 58 03 1 05 58
11 211 1 17 45 07 1 10 45
11 212 0 02 42 01 1 05 42
11 213 1 07 77 08 1 10 77
11 214 0 06 32 00 1 05 32
11 215 1 05 15 00 1 10 15
11 216 0 05 68 05 0 05 48
11 217 1 10 39 01 1 10 39
11 218 0 12 25 04 1 05 25
11 219 1 14 11 04 1 10 11
11 220 0 10 61 02 1 05 61
11 221 1 03 34 02 1 10 34
11 222 0 02 42 01 0 05 32
11 223 1 15 14 06 1 10 14
11 224 0 05 68 05 0 05 58
11 225 1 09 23 09 0 10 03
11 226 0 06 32 00 1 05 32
11 227 1 01 66 03 1 10 66
11 228 0 12 25 04 1 05 25
11 229 1 04 65 05 1 10 65
11 230 0 04 58 03 1 05 58
11 231 1 12 57 10 1 10 57
11 232 0 06 32 00 1 05 32
11 233 1 01 66 03 1 10 66
11 234 0 02 42 01 1 05 42
11 235 1 04 65 05 1 10 65
11 236 0 12 25 04 1 05 25
11 237 1 12 57 10 1 10 57
11 238 0 10 61 02 1 05 61
11 239 1 15 14 06 1 10 14
11 240 0 04 58 03 1 05 58
11 241 1 17 45 07 1 10 45
11 242 0 05 68 05 0 05 58
11 243 1 09 23 09 1 10 23
11 244 0 12 25 04 1 05 25
11 245 1 05 15 00 1 10 15
11 246 0 06 32 00 1 05 32
11 247 1 07 77 08 1 10 77
11 248 0 10 61 02 1 05 61
11 249 1 10 39 01 1 10 39
11 250 0 02 42 01 0 05 32
11 251 1 03 34 02 1 10 34
11 252 0 04 58 03 1 05 58
11 253 1 14 11 04 1 10 11
11 254 0 05 68 05 0 05 23
11 255 1 07 77 08 1 11 77
11 256 0 10 61 02 1 05 61
11 257 1 04 65 05 1 11 65
11 258 0 02 42 01 1 05 42
11 259 1 12 57 10 1 11 57
11 260 0 04 58 03 1 05 58
11 261 1 15 14 06 1 11 14
11 262 0 05 68 05 1 05 68
11 263 1 05 15 00 1 11 15
11 264 0 06 32 00 1 05 32
11 265 1 17 45 07 1 11 45
11 266 0 12 25 04 1 05 25
11 267 1 10 39 01 1 11 39
11 268 0 05 68 05 1 06 68
11 269 1 03 34 02 1 11 34
11 270 0 12 25 04 1 06 25
11 271 1 09 23 09 1 11 23
11 272 0 10 61 02 1 06 61
11 273 1 11 53 11 0 11 65
11 274 0 13 64 06 1 06 64
11 275 1 01 66 03 1 11 66
11 276 0 04 58 03 1 06 58
11 277 1 14 11 04 1 11 11
11 278 0 06 32 00 1 06 32
11 279 1 04 65 05 1 11 65
11 280 0 02 42 01 1 06 42
11 281 1 17 45 07 1 11 45
11 282 0 15 41 07 1 07 41
11 283 1 05 15 00 1 11 15
11 284 0 13 64 06 1 07 64
11 285 1 07 77 08 1 11 77
11 286 0 04 58 03 1 07 58
11 287 1 15 14 06 1 11 14
11 288 0 10 61 02 1 07 61
11 289 1 03 34 02 1 11 34
11 290 0 06 32 00 1 07 32
11 291 1 09 23 09 1 11 23
11 292 0 05 68 05 1 07 68
11 293 1 14 11 04 1 11 11
11 294 0 02 42 01 1 07 42
11 295 1 10 39 01 1 11 39
11 296 0 12 25 04 1 07 25
11 297 1 11 53 11 1 11 53
11 298 0 17 78 08 1 08 78
11 299 1 12 57 10 1 11 57
11 300 0 13 64 06 1 08 64
11 301 1 01 66 03 1 11 66
11 302 0 05 68 05 1 08 68
11 303 1 13 21 12 1 12 21
11 304 0 15 41 07 1 08 41
11 305 1 10 39 01 1 12 39
11 306 0 04 58 03 1 08 58
11 307 1 11 53 11 1 12 53
11 308 0 12 25 04 1 08 25
11 309 1 07 77 08 1 12 77
11 310 0 06 32 00 1 08 32
11 311 1 04 65 05 1 12 65
11 312 0 10 61 02 1 08 61
11 313 1 14 11 04 1 12 11
11 314 0 02 42 01 1 08 42
11 315 1 03 34 02 1 12 34
11 316 0 06 32 00 1 09 32
11 317 1 05 15 00 1 12 15
11 318 0 05 68 05 0 09 58
11 319 1 17 45 07 1 12 45
11 320 0 12 25 04 1 09 25
11 321 1 15 14 06 1 12 14
11 322 0 17 78 08 0 09 45
11 323 1 01 66 03 1 12 66
11 324 0 02 42 01 1 09 42
11 325 1 12 57 10 1 12 57
11 326 0 00 33 09 1 09 33
11 327 1 09 23 09 1 12 23
11 328 0 13 64 06 1 09 64
11 329 1 03 34 02 1 13 34
11 330 0 04 58 03 1 09 58
11 331 1 04 65 05 1 13 65
11 332 0 10 61 02 1 09 61
11 333 1 11 53 11 1 13 53
11 334 0 15 41 07 0 09 44
11 335 1 07 77 08 1 13 77
11 336 0 17 78 08 0 09 44
11 337 1 17 45 07 1 13 45
11 338 0 15 41 07 1 09 41
11 339 1 09 23 09 1 13 23
11 340 0 13 64 06 1 09 64
11 341 1 01 66 03 1 13 66
11 342 0 00 33 09 1 09 33
11 343 1 10 39 01 1 13 39
11 344 0 02 42 01 1 09 42
11 345 1 02 46 13 0 13 42
11 346 0 10 61 02 1 09 61
11 347 1 12 57 10 1 13 57
11 348 0 06 32 00 1 09 32
11 349 1 05 15 00 1 13 15
11 350 0 05 68 05 1 09 68
11 351 1 14 11 04 1 13 11
11 352 0 12 25 04 1 09 25
11 353 1 15 14 06 1 13 14
11 354 0 04 58 03 1 09 58
11 355 1 13 21 12 0 13 27
11 356 0 13 64 06 1 09 64
11 357 1 09 23 09 1 13 23
11 358 0 04 58 03 1 09 58
11 359 1 10 39 01 1 13 39
11 360 0 02 42 01 1 09 42
11 361 1 11 53 11 1 13 53
11 362 0 15 41 07 0 09 44
11 363 1 04 65 05 1 13 65
11 364 0 10 61 02 1 09 61
11 365 1 07 77 08 1 13 77
11 366 0 00 33 09 1 09 33
11 367 1 13 21 12 0 13 03
11 368 0 12 25 04 1 09 25
11 369 1 12 57 10 1 13 57
11 370 0 17 78 08 0 09 33
11 371 1 17 45 07 1 13 45
11 372 0 05 68 05 1 09 68
11 373 1 05 15 00 1 13 15
11 374 0 06 32 00 1 09 32
11 375 1 15 14 06 1 13 14
11 376 0 05 68 05 1 09 68
11 377 1 01 66 03 1 13 66
11 378 0 06 32 00 1 09 32
11 379 1 02 46 13 0 13 65
11 380 0 02 42 01 1 09 42
11 381 1 03 34 02 1 13 34
11 382 0 04 58 03 1 09 58
11 383 1 14 11 04 1 13 11
11 384 0 15 41 07 0 09 78
11 385 1 11 53 11 1 13 53
11 386 0 12 25 04 1 09 25
11 387 1 13 21 12 1 13 21
11 388 0 13 64 06 1 09 64
11 389 1 10 39 01 1 13 39
11 390 0 10 61 02 1 09 61
11 391 1 15 14 06 1 13 14
11 392 0 00 33 09 1 09 33
11 393 1 01 66 03 1 13 66
11 394 0 17 78 08 1 09 78
11 395 1 05 15 00 1 13 15
11 396 0 06 32 00 1 09 32
11 397 1 12 57 10 1 13 57
11 398 0 05 68 05 1 09 68
11 399 1 04 65 05 1 13 65
