EXPERIMENTER --- READ THE FOLLOWING CAREFULLY PLEASE
EXPERIMENTER, BE SURE TO LOG PARTICIPANT MANUALLY
Please enter output filename
Please enter participant number

 file name is test and subject number is 1
seed is -4041
hit any key to continue, control-c to escape
0 2 
1 3 
2 5 
3 4 
4 1 
5 6 
6 1 
7 5 
8 4 
9 1 
10 0 
11 6 
12 5 
13 0 
14 5 
15 0 
16 3 
17 1 
18 3 
19 3 
20 5 
21 0 
22 2 
23 2 
24 1 
25 6 
26 0 
27 6 
28 1 
29 1 
30 4 
31 5 
32 1 
33 2 
34 1 
35 3 
36 3 
37 5 
38 4 
39 2 
40 0 
41 6 
42 6 
43 2 
44 2 
45 4 
46 1 
47 2 
48 0 
49 0 
50 4 
51 5 
52 4 
53 4 
54 0 
55 0 
56 6 
57 3 
58 5 
59 2 
60 4 
61 4 
62 6 
63 6 
64 5 
65 2 
66 3 
67 3 
68 6 
69 3 
70 5 
71 4 
72 1 
73 2 
74 4 
75 5 
76 2 
77 4 
78 0 
79 6 
80 6 
81 4 
82 3 
83 3 
84 0 
85 2 
86 1 
87 0 
88 3 
89 5 
90 1 
91 6 
92 6 
93 2 
94 2 
95 5 
96 6 
97 1 
98 4 
99 1 
100 4 
101 3 
102 1 
103 4 
104 5 
105 0 
106 4 
107 4 
108 3 
109 1 
110 3 
111 4 
112 5 
113 5 
114 0 
115 6 
116 1 
117 0 
118 6 
119 5 
120 1 
121 6 
122 4 
123 0 
124 3 
125 5 
126 3 
127 3 
128 1 
129 2 
130 6 
131 1 
132 3 
133 4 
134 5 
135 6 
136 1 
137 4 
138 0 
139 0 
140 3 
141 6 
142 2 
143 0 
144 6 
145 3 
146 2 
147 5 
148 2 
149 0 
150 2 
151 1 
152 5 
153 5 
154 1 
155 0 
156 2 
157 4 
158 6 
159 0 
160 4 
161 6 
162 2 
163 2 
164 2 
165 1 
166 0 
167 5 
168 2 
169 1 
170 1 
171 0 
172 0 
173 2 
174 2 
175 6 
176 3 
177 4 
178 3 
179 6 
180 4 
181 0 
182 3 
183 0 
184 1 
185 6 
186 6 
187 5 
188 5 
189 5 
190 5 
191 0 
192 3 
193 6 
194 6 
195 3 
196 2 
197 1 
198 2 
199 4 
200 3 
201 0 
202 5 
203 3 
204 4 
205 3 
206 5 
207 4 
208 1 
209 2 
210 1 
211 0 
212 0 
213 0 
214 0 
215 0 
216 0 
217 0 
218 1 
219 0 
220 1 
221 1 
222 1 
223 0 
224 0 
225 0 
226 0 
227 1 
228 1 
229 1 
230 1 
231 1 
232 1 
233 0 
234 1 
235 0 
236 1 
237 0 
238 0 
239 1 
240 0 
241 1 
242 1 
243 0 
244 1 
245 1 
246 3 
247 3 
248 3 
249 3 
250 3 
251 4 
252 4 
253 2 
254 2 
255 4 
256 2 
257 3 
258 2 
259 3 
260 4 
261 2 
262 2 
263 4 
264 2 
265 3 
266 4 
267 4 
268 4 
269 2 
270 2 
271 3 
272 4 
273 3 
274 3 
275 4 
276 4 
277 2 
278 2 
279 4 
280 3 
281 2 
282 6 
283 5 
284 5 
285 5 
286 6 
287 5 
288 6 
289 6 
290 5 
291 5 
292 5 
293 5 
294 5 
295 6 
296 5 
297 6 
298 6 
299 6 
300 5 
301 6 
302 5 
303 6 
304 6 
305 5 
306 6 
307 5 
308 6 
309 6 
310 5 
311 6 
312 6 
313 5 
314 6 
315 5 
316 5 
317 6 
318 1 
319 0 
320 0 
321 1 
322 1 
323 0 
324 1 
325 0 
326 1 
327 0 
328 0 
329 1 
330 1 
331 1 
332 1 
333 0 
334 0 
335 1 
336 0 
337 0 
338 1 
339 0 
340 0 
341 0 
342 0 
343 1 
344 1 
345 0 
346 1 
347 1 
348 0 
349 0 
350 0 
351 1 
352 1 
353 1 
354 4 
355 4 
356 3 
357 2 
358 2 
359 3 
360 3 
361 2 
362 2 
363 3 
364 4 
365 4 
366 2 
367 3 
368 4 
369 4 
370 2 
371 4 
372 3 
373 4 
374 3 
375 2 
376 4 
377 4 
378 2 
379 4 
380 4 
381 3 
382 3 
383 3 
384 2 
385 3 
386 2 
387 2 
388 3 
389 2 
390 6 
391 6 
392 5 
393 5 
394 5 
395 5 
396 5 
397 5 
398 6 
399 5 
400 6 
401 5 
402 6 
403 6 
404 5 
405 5 
406 6 
407 6 
408 6 
409 5 
410 5 
411 6 
412 5 
413 6 
414 5 
415 6 
416 6 
417 5 
418 5 
419 6 
420 6 
421 5 
422 6 
423 5 
424 6 
425 6 
426 0 
427 1 
428 0 
429 0 
430 1 
431 0 
432 1 
433 0 
434 0 
435 1 
436 0 
437 0 
438 1 
439 0 
440 1 
441 0 
442 1 
443 1 
444 1 
445 0 
446 1 
447 0 
448 1 
449 1 
450 0 
451 1 
452 0 
453 1 
454 1 
455 0 
456 1 
457 0 
458 1 
459 0 
460 1 
461 0 
462 4 
463 3 
464 2 
465 4 
466 4 
467 4 
468 3 
469 3 
470 3 
471 2 
472 2 
473 4 
474 3 
475 2 
476 3 
477 2 
478 4 
479 4 
480 3 
481 3 
482 3 
483 3 
484 4 
485 2 
486 2 
487 3 
488 2 
489 2 
490 4 
491 2 
492 3 
493 4 
494 4 
495 4 
496 2 
497 2 
498 5 
499 6 
500 6 
501 6 
502 6 
503 5 
504 6 
505 5 
506 6 
507 6 
508 6 
509 5 
510 5 
511 5 
512 5 
513 6 
514 5 
515 5 
516 5 
517 5 
518 5 
519 5 
520 5 
521 6 
522 6 
523 6 
524 5 
525 6 
526 5 
527 6 
528 6 
529 6 
530 6 
531 5 
532 5 
533 6 
534 0 
535 1 
536 1 
537 1 
538 1 
539 1 
540 0 
541 1 
542 1 
543 1 
544 0 
545 0 
546 0 
547 1 
548 1 
549 0 
550 1 
551 1 
552 0 
553 0 
554 1 
555 0 
556 0 
557 0 
558 0 
559 1 
560 0 
561 0 
562 0 
563 1 
564 1 
565 0 
566 0 
567 1 
568 0 
569 1 
570 4 
571 3 
572 3 
573 3 
574 2 
575 3 
576 3 
577 2 
578 2 
579 4 
580 3 
581 4 
582 3 
583 2 
584 2 
585 2 
586 4 
587 4 
588 4 
589 3 
590 4 
591 2 
592 3 
593 2 
594 4 
595 2 
596 4 
597 3 
598 3 
599 3 
600 2 
601 2 
602 4 
603 2 
604 4 
605 4 
606 6 
607 6 
608 6 
609 5 
610 6 
611 5 
612 5 
613 6 
614 6 
615 5 
616 6 
617 5 
618 5 
619 5 
620 5 
621 6 
622 6 
623 6 
624 6 
625 6 
626 5 
627 6 
628 5 
629 6 
630 5 
631 5 
632 6 
633 5 
634 5 
635 5 
636 5 
637 6 
638 5 
639 6 
640 5 
641 6 
642 1 
643 5 
644 2 
645 4 
646 0 
647 1 
648 2 
649 3 
650 6 
651 6 
652 4 
653 1 
654 3 
655 2 
656 5 
657 3 
658 3 
659 1 
660 0 
661 2 
662 3 
663 1 
664 6 
665 2 
666 4 
667 4 
668 3 
669 5 
670 5 
671 4 
672 4 
673 1 
674 1 
675 6 
676 0 
677 1 
678 0 
679 3 
680 0 
681 5 
682 5 
683 4 
684 1 
685 5 
686 6 
687 0 
688 0 
689 2 
690 3 
691 0 
692 5 
693 4 
694 0 
695 0 
696 3 
697 0 
698 3 
699 4 
700 2 
701 1 
702 2 
703 1 
704 4 
705 6 
706 4 
707 2 
708 1 
709 6 
710 5 
711 2 
712 0 
713 3 
714 2 
715 5 
716 3 
717 4 
718 6 
719 1 
720 5 
721 4 
722 0 
723 0 
724 2 
725 5 
726 3 
727 0 
728 3 
729 3 
730 5 
731 3 
732 0 
733 4 
734 6 
735 4 
736 4 
737 0 
738 0 
739 2 
740 4 
741 0 
742 5 
743 1 
744 3 
745 6 
746 5 
747 6 
748 6 
749 1 
750 6 
751 3 
752 5 
753 6 
754 2 
755 5 
756 4 
757 6 
758 1 
759 3 
760 6 
761 1 
762 0 
763 6 
764 5 
765 2 
766 6 
767 6 
768 1 
769 2 
770 5 
771 2 
772 4 
773 1 
774 2 
775 1 
776 2 
777 6 
778 5 
779 3 
780 4 
781 2 
