17 200 2 09 58 00 1 00 58
17 201 2 09 58 00 1 01 58
17 202 2 02 43 01 1 01 43
17 203 2 00 27 02 1 02 27
17 204 2 02 43 01 1 02 43
17 205 2 09 58 00 1 02 58
17 206 2 09 58 00 1 03 58
17 207 2 12 29 03 1 03 29
17 208 2 00 27 02 1 03 27
17 209 2 02 43 01 1 03 43
17 210 2 00 27 02 1 04 27
17 211 2 09 58 00 1 04 58
17 212 2 08 25 04 0 04 58
17 213 2 02 43 01 0 04 27
17 214 2 12 29 03 1 04 29
17 215 2 02 43 01 0 04 27
17 216 2 12 29 03 1 04 29
17 217 2 08 25 04 0 04 58
17 218 2 09 58 00 0 04 25
17 219 2 00 27 02 1 04 27
17 220 2 12 29 03 1 04 29
17 221 2 08 25 04 1 04 25
17 222 2 09 58 00 1 04 58
17 223 2 02 43 01 1 04 43
17 224 2 00 27 02 1 04 27
17 225 2 08 25 04 1 05 25
17 226 2 12 29 03 1 05 29
17 227 2 04 32 05 0 05 43
17 228 2 00 27 02 1 05 27
17 229 2 09 58 00 0 05 29
17 230 2 02 43 01 1 05 43
17 231 2 12 29 03 1 05 29
17 232 2 04 32 05 1 05 32
17 233 2 08 25 04 0 05 58
17 234 2 09 58 00 1 05 58
17 235 2 02 43 01 1 05 43
17 236 2 00 27 02 1 05 27
17 237 2 08 25 04 1 05 25
17 238 2 02 43 01 1 05 43
17 239 2 12 29 03 1 05 29
17 240 2 00 27 02 1 05 27
17 241 2 04 32 05 0 05 25
17 242 2 09 58 00 1 05 58
17 243 2 08 25 04 0 05 58
17 244 2 04 32 05 0 05 43
17 245 2 02 43 01 0 05 25
17 246 2 09 58 00 0 05 29
17 247 2 00 27 02 1 05 27
17 248 2 12 29 03 1 05 29
17 249 2 12 29 03 1 05 29
17 250 2 02 43 01 1 05 43
17 251 2 08 25 04 1 05 25
17 252 2 09 58 00 0 05 25
17 253 2 00 27 02 1 05 27
17 254 2 04 32 05 1 05 32
17 255 2 08 25 04 0 05 58
17 256 2 02 43 01 1 05 43
17 257 2 12 29 03 1 05 29
17 258 2 09 58 00 0 05 25
17 259 2 04 32 05 1 05 32
17 260 2 00 27 02 1 05 27
17 261 2 00 27 02 1 05 27
17 262 2 04 32 05 1 05 32
17 263 2 09 58 00 1 05 58
17 264 2 12 29 03 1 05 29
17 265 2 08 25 04 1 05 25
17 266 2 02 43 01 1 05 43
17 267 2 08 25 04 0 06 58
17 268 2 12 29 03 1 06 29
17 269 2 09 58 00 0 06 25
17 270 2 04 32 05 1 06 32
17 271 2 00 27 02 1 06 27
17 272 2 02 43 01 1 06 43
17 273 2 03 38 06 0 06 34
17 274 2 08 25 04 1 06 25
17 275 2 03 38 06 1 06 38
17 276 2 09 58 00 1 06 58
17 277 2 12 29 03 1 06 29
17 278 2 04 32 05 0 06 43
17 279 2 00 27 02 1 06 27
17 280 2 02 43 01 0 06 25
17 281 2 08 25 04 0 06 58
17 282 2 04 32 05 1 06 32
17 283 2 12 29 03 1 06 29
17 284 2 02 43 01 0 06 38
17 285 2 09 58 00 1 06 58
17 286 2 03 38 06 0 06 43
17 287 2 00 27 02 1 06 27
17 288 2 00 27 02 1 06 27
17 289 2 04 32 05 0 06 43
17 290 2 03 38 06 0 06 43
17 291 2 12 29 03 1 06 29
17 292 2 02 43 01 0 06 32
17 293 2 08 25 04 1 06 25
17 294 2 09 58 00 1 06 58
17 295 2 03 38 06 0 06 43
17 296 2 09 58 00 1 06 58
17 297 2 04 32 05 0 06 43
17 298 2 02 43 01 1 06 43
17 299 2 08 25 04 0 06 58
17 300 2 12 29 03 1 06 29
17 301 2 00 27 02 1 06 27
17 302 2 02 43 01 1 06 43
17 303 2 08 25 04 1 06 25
17 304 2 00 27 02 1 06 27
17 305 2 12 29 03 1 06 29
17 306 2 09 58 00 1 06 58
17 307 2 03 38 06 1 06 38
17 308 2 04 32 05 1 06 32
17 309 2 00 27 02 1 07 27
17 310 2 09 58 00 1 07 58
17 311 2 05 11 07 0 07 32
17 312 2 02 43 01 1 07 43
17 313 2 08 25 04 1 07 25
17 314 2 04 32 05 0 07 11
17 315 2 12 29 03 1 07 29
17 316 2 03 38 06 0 07 11
17 317 2 08 25 04 0 07 58
17 318 2 02 43 01 1 07 43
17 319 2 09 58 00 1 07 58
17 320 2 03 38 06 0 07 43
17 321 2 00 27 02 1 07 27
17 322 2 04 32 05 0 07 11
17 323 2 05 11 07 1 07 11
17 324 2 12 29 03 1 07 29
17 325 2 00 27 02 1 07 27
17 326 2 03 38 06 1 07 38
17 327 2 08 25 04 1 07 25
17 328 2 12 29 03 1 07 29
17 329 2 02 43 01 1 07 43
17 330 2 04 32 05 1 07 32
17 331 2 05 11 07 1 07 11
17 332 2 09 58 00 1 07 58
17 333 2 12 29 03 1 08 29
17 334 2 00 27 02 1 08 27
17 335 2 07 33 08 1 08 33
17 336 2 04 32 05 1 08 32
17 337 2 05 11 07 1 08 11
17 338 2 09 58 00 1 08 58
17 339 2 08 25 04 1 08 25
17 340 2 03 38 06 1 08 38
17 341 2 02 43 01 1 08 43
17 342 2 12 29 03 1 09 29
17 343 2 04 32 05 1 09 32
17 344 2 07 33 08 0 09 11
17 345 2 09 58 00 0 09 63
17 346 2 02 43 01 1 09 43
17 347 2 10 63 09 1 09 63
17 348 2 03 38 06 1 09 38
17 349 2 00 27 02 1 09 27
17 000 0 23 56 00 1 00 56
17 001 0 03 42 01 1 01 42
17 002 0 23 56 00 1 01 56
17 003 0 05 71 02 1 02 71
17 004 0 23 56 00 1 02 56
17 005 0 03 42 01 1 02 42
17 006 0 03 42 01 1 03 42
17 007 0 16 39 03 1 03 39
17 008 0 05 71 02 1 03 71
17 009 0 23 56 00 1 03 56
17 010 0 23 56 00 1 04 56
17 011 0 16 39 03 0 04 71
17 012 0 03 42 01 1 04 42
17 013 0 07 73 04 1 04 73
17 014 0 05 71 02 0 04 42
17 015 0 05 71 02 1 04 71
17 016 0 16 39 03 1 04 39
17 017 0 23 56 00 1 04 56
17 018 0 07 73 04 1 04 73
17 019 0 03 42 01 1 04 42
17 020 0 07 73 04 1 05 73
17 021 0 12 47 05 1 05 47
17 022 0 05 71 02 0 05 42
17 023 0 03 42 01 1 05 42
17 024 0 23 56 00 1 05 56
17 025 0 16 39 03 0 05 73
17 026 0 23 56 00 1 05 56
17 027 0 07 73 04 0 05 71
17 028 0 12 47 05 1 05 47
17 029 0 05 71 02 0 05 73
17 030 0 16 39 03 1 05 39
17 031 0 03 42 01 1 05 42
17 032 0 23 56 00 1 05 56
17 033 0 05 71 02 0 05 73
17 034 0 16 39 03 1 05 39
17 035 0 03 42 01 1 05 42
17 036 0 07 73 04 1 05 73
17 037 0 12 47 05 1 05 47
17 038 0 07 73 04 1 05 73
17 039 0 03 42 01 1 05 42
17 040 0 23 56 00 1 05 56
17 041 0 12 47 05 1 05 47
17 042 0 16 39 03 1 05 39
17 043 0 05 71 02 1 05 71
17 044 0 12 47 05 1 06 47
17 045 0 16 39 03 1 06 39
17 046 0 24 50 06 1 06 50
17 047 0 03 42 01 1 06 42
17 048 0 23 56 00 1 06 56
17 049 0 05 71 02 1 06 71
17 050 0 07 73 04 1 06 73
17 051 0 12 47 05 1 07 47
17 052 0 24 50 06 1 07 50
17 053 0 23 56 00 1 07 56
17 054 0 19 21 07 1 07 21
17 055 0 07 73 04 1 07 73
17 056 0 16 39 03 1 07 39
17 057 0 05 71 02 1 07 71
17 058 0 03 42 01 1 07 42
17 059 0 16 39 03 1 08 39
17 060 0 20 46 08 1 08 46
17 061 0 12 47 05 1 08 47
17 062 0 23 56 00 1 08 56
17 063 0 19 21 07 1 08 21
17 064 0 05 71 02 1 08 71
17 065 0 24 50 06 1 08 50
17 066 0 03 42 01 1 08 42
17 067 0 07 73 04 1 08 73
17 068 0 20 46 08 1 09 46
17 069 0 04 35 09 0 09 34
17 070 0 05 71 02 1 09 71
17 071 0 03 42 01 1 09 42
17 072 0 24 50 06 1 09 50
17 073 0 07 73 04 1 09 73
17 074 0 23 56 00 1 09 56
17 075 0 12 47 05 1 09 47
17 076 0 16 39 03 1 09 39
17 077 0 19 21 07 1 09 21
17 078 0 16 39 03 1 09 39
17 079 0 03 42 01 1 09 42
17 080 0 04 35 09 1 09 35
17 081 0 20 46 08 1 09 46
17 082 0 23 56 00 1 09 56
17 083 0 07 73 04 1 09 73
17 084 0 19 21 07 1 09 21
17 085 0 05 71 02 1 09 71
17 086 0 24 50 06 1 09 50
17 087 0 12 47 05 1 09 47
17 088 0 12 47 05 1 10 47
17 089 0 16 39 03 1 10 39
17 090 0 07 73 04 1 10 73
17 091 0 23 56 00 1 10 56
17 092 0 03 42 01 1 10 42
17 093 0 11 37 10 1 10 37
17 094 0 19 21 07 1 10 21
17 095 0 04 35 09 1 10 35
17 096 0 20 46 08 1 10 46
17 097 0 05 71 02 1 10 71
17 098 0 24 50 06 1 10 50
17 099 0 18 14 11 1 11 14
17 100 0 07 73 04 1 11 73
17 101 0 23 56 00 1 11 56
17 102 0 03 42 01 1 11 42
17 103 0 05 71 02 1 11 71
17 104 0 24 50 06 1 11 50
17 105 0 20 46 08 1 11 46
17 106 0 11 37 10 0 11 22
17 107 0 16 39 03 1 11 39
17 108 0 12 47 05 1 11 47
17 109 0 04 35 09 1 11 35
17 110 0 19 21 07 1 11 21
17 111 0 03 42 01 1 11 42
17 112 0 20 46 08 1 11 46
17 113 0 07 73 04 1 11 73
17 114 0 24 50 06 1 11 50
17 115 0 16 39 03 1 11 39
17 116 0 23 56 00 1 11 56
17 117 0 19 21 07 1 11 21
17 118 0 05 71 02 1 11 71
17 119 0 12 47 05 1 11 47
17 120 0 18 14 11 1 11 14
17 121 0 04 35 09 1 11 35
17 122 0 11 37 10 1 11 37
17 123 0 11 37 10 1 12 37
17 124 0 03 42 01 1 12 42
17 125 0 12 47 05 1 12 47
17 126 0 19 21 07 1 12 21
17 127 0 23 56 00 1 12 56
17 128 0 16 39 03 1 12 39
17 129 0 07 73 04 1 12 73
17 130 0 13 51 12 1 12 51
17 131 0 24 50 06 1 12 50
17 132 0 05 71 02 1 12 71
17 133 0 04 35 09 1 12 35
17 134 0 20 46 08 1 12 46
17 135 0 18 14 11 1 12 14
17 136 0 03 42 01 1 13 42
17 137 0 18 14 11 1 13 14
17 138 0 17 76 13 1 13 76
17 139 0 19 21 07 1 13 21
17 140 0 11 37 10 1 13 37
17 141 0 24 50 06 1 13 50
17 142 0 05 71 02 1 13 71
17 143 0 20 46 08 1 13 46
17 144 0 12 47 05 1 13 47
17 145 0 13 51 12 0 13 76
17 146 0 23 56 00 1 13 56
17 147 0 16 39 03 1 13 39
17 148 0 07 73 04 1 13 73
17 149 0 04 35 09 1 13 35
17 100 1 25 28 00 1 00 28
17 101 1 25 28 00 1 01 28
17 102 1 06 23 01 1 01 23
17 103 1 23 70 02 1 02 70
17 104 1 06 23 01 1 02 23
17 105 1 25 28 00 1 02 28
17 106 1 23 70 02 1 03 70
17 107 1 06 23 01 1 03 23
17 108 1 14 17 03 1 03 17
17 109 1 25 28 00 1 03 28
17 110 1 25 28 00 1 04 28
17 111 1 14 17 03 0 04 70
17 112 1 23 70 02 1 04 70
17 113 1 06 23 01 1 04 23
17 114 1 10 67 04 0 04 27
17 115 1 10 67 04 1 04 67
17 116 1 14 17 03 1 04 17
17 117 1 06 23 01 1 04 23
17 118 1 25 28 00 1 04 28
17 119 1 23 70 02 1 04 70
17 120 1 23 70 02 1 05 70
17 121 1 06 23 01 1 05 23
17 122 1 14 17 03 1 05 17
17 123 1 25 28 00 1 05 28
17 124 1 10 67 04 0 05 28
17 125 1 17 18 05 0 05 34
17 126 1 14 17 03 1 05 17
17 127 1 10 67 04 0 05 28
17 128 1 06 23 01 1 05 23
17 129 1 25 28 00 1 05 28
17 130 1 23 70 02 1 05 70
17 131 1 17 18 05 1 05 18
17 132 1 23 70 02 1 05 70
17 133 1 10 67 04 1 05 67
17 134 1 17 18 05 1 05 18
17 135 1 25 28 00 1 05 28
17 136 1 14 17 03 1 05 17
17 137 1 06 23 01 1 05 23
17 138 1 10 67 04 0 06 28
17 139 1 06 23 01 1 06 23
17 140 1 23 70 02 1 06 70
17 141 1 12 22 06 1 06 22
17 142 1 14 17 03 1 06 17
17 143 1 17 18 05 1 06 18
17 144 1 25 28 00 1 06 28
17 145 1 23 70 02 1 06 70
17 146 1 25 28 00 1 06 28
17 147 1 17 18 05 1 06 18
17 148 1 12 22 06 1 06 22
17 149 1 14 17 03 1 06 17
17 150 1 10 67 04 1 06 67
17 151 1 06 23 01 1 06 23
17 152 1 12 22 06 1 07 22
17 153 1 17 18 05 1 07 18
17 154 1 07 65 07 1 07 65
17 155 1 14 17 03 1 07 17
17 156 1 06 23 01 1 07 23
17 157 1 10 67 04 1 07 67
17 158 1 25 28 00 1 07 28
17 159 1 23 70 02 1 07 70
17 160 1 12 22 06 1 08 22
17 161 1 11 13 08 1 08 13
17 162 1 06 23 01 1 08 23
17 163 1 17 18 05 1 08 18
17 164 1 25 28 00 1 08 28
17 165 1 10 67 04 1 08 67
17 166 1 07 65 07 1 08 65
17 167 1 14 17 03 1 08 17
17 168 1 23 70 02 1 08 70
17 169 1 07 65 07 1 09 65
17 170 1 12 22 06 1 09 22
17 171 1 17 18 05 1 09 18
17 172 1 25 28 00 1 09 28
17 173 1 23 70 02 1 09 70
17 174 1 20 59 09 1 09 59
17 175 1 14 17 03 1 09 17
17 176 1 10 67 04 1 09 67
17 177 1 06 23 01 1 09 23
17 178 1 11 13 08 1 09 13
17 179 1 07 65 07 1 10 65
17 180 1 12 22 06 1 10 22
17 181 1 11 13 08 1 10 13
17 182 1 20 59 09 0 10 56
17 183 1 25 28 00 1 10 28
17 184 1 14 17 03 1 10 17
17 185 1 17 18 05 1 10 18
17 186 1 26 26 10 0 10 39
17 187 1 10 67 04 1 10 67
17 188 1 06 23 01 1 10 23
17 189 1 23 70 02 1 10 70
17 190 1 23 70 02 1 10 70
17 191 1 11 13 08 0 10 17
17 192 1 25 28 00 1 10 28
17 193 1 06 23 01 1 10 23
17 194 1 26 26 10 1 10 26
17 195 1 14 17 03 1 10 17
17 196 1 12 22 06 1 10 22
17 197 1 20 59 09 0 10 39
17 198 1 10 67 04 1 10 67
17 199 1 17 18 05 1 10 18
17 200 1 07 65 07 1 10 65
17 201 1 25 28 00 1 10 28
17 202 1 14 17 03 1 10 17
17 203 1 10 67 04 1 10 67
17 204 1 23 70 02 1 10 70
17 205 1 20 59 09 1 10 59
17 206 1 17 18 05 1 10 18
17 207 1 06 23 01 1 10 23
17 208 1 07 65 07 1 10 65
17 209 1 12 22 06 1 10 22
17 210 1 11 13 08 1 10 13
17 211 1 26 26 10 1 10 26
17 212 1 08 64 11 1 11 64
17 213 1 10 67 04 1 11 67
17 214 1 12 22 06 1 11 22
17 215 1 23 70 02 1 11 70
17 216 1 06 23 01 1 11 23
17 217 1 14 17 03 1 11 17
17 218 1 25 28 00 1 11 28
17 219 1 11 13 08 1 11 13
17 220 1 17 18 05 1 11 18
17 221 1 07 65 07 1 11 65
17 222 1 20 59 09 1 11 59
17 223 1 26 26 10 1 11 26
17 224 1 07 65 07 1 12 65
17 225 1 26 26 10 0 12 59
17 226 1 08 64 11 0 12 65
17 227 1 12 22 06 1 12 22
17 228 1 25 28 00 1 12 28
17 229 1 23 70 02 1 12 70
17 230 1 17 18 05 1 12 18
17 231 1 06 23 01 1 12 23
17 232 1 10 67 04 0 12 76
17 233 1 15 36 12 1 12 36
17 234 1 20 59 09 1 12 59
17 235 1 14 17 03 1 12 17
17 236 1 11 13 08 1 12 13
17 237 1 25 28 00 1 12 28
17 238 1 20 59 09 1 12 59
17 239 1 17 18 05 1 12 18
17 240 1 06 23 01 1 12 23
17 241 1 10 67 04 1 12 67
17 242 1 14 17 03 1 12 17
17 243 1 12 22 06 1 12 22
17 244 1 23 70 02 1 12 70
17 245 1 15 36 12 1 12 36
17 246 1 07 65 07 1 12 65
17 247 1 11 13 08 1 12 13
17 248 1 26 26 10 1 12 26
17 249 1 08 64 11 0 12 23
