18 000 0 23 56 00 0 00 05
18 001 0 23 56 00 1 00 56
18 002 0 23 56 00 1 01 56
18 003 0 03 42 01 1 01 42
18 004 0 03 42 01 1 02 42
18 005 0 05 71 02 1 02 71
18 006 0 23 56 00 1 02 56
18 007 0 23 56 00 1 03 56
18 008 0 05 71 02 1 03 71
18 009 0 16 39 03 1 03 39
18 010 0 03 42 01 1 03 42
18 011 0 16 39 03 1 04 39
18 012 0 07 73 04 1 04 73
18 013 0 23 56 00 1 04 56
18 014 0 03 42 01 1 04 42
18 015 0 05 71 02 1 04 71
18 016 0 05 71 02 1 05 71
18 017 0 23 56 00 1 05 56
18 018 0 12 47 05 0 05 43
18 019 0 03 42 01 1 05 42
18 020 0 16 39 03 1 05 39
18 021 0 07 73 04 0 05 47
18 022 0 03 42 01 1 05 42
18 023 0 12 47 05 1 05 47
18 024 0 05 71 02 1 05 71
18 025 0 23 56 00 1 05 56
18 026 0 16 39 03 0 05 73
18 027 0 07 73 04 1 05 73
18 028 0 23 56 00 1 05 56
18 029 0 03 42 01 1 05 42
18 030 0 07 73 04 0 05 71
18 031 0 12 47 05 1 05 47
18 032 0 16 39 03 0 05 73
18 033 0 05 71 02 1 05 71
18 034 0 07 73 04 0 05 39
18 035 0 12 47 05 0 05 73
18 036 0 05 71 02 1 05 71
18 037 0 16 39 03 1 05 39
18 038 0 23 56 00 1 05 56
18 039 0 03 42 01 1 05 42
18 040 0 23 56 00 1 05 56
18 041 0 05 71 02 1 05 71
18 042 0 16 39 03 1 05 39
18 043 0 12 47 05 1 05 47
18 044 0 03 42 01 1 05 42
18 045 0 07 73 04 0 05 03
18 046 0 03 42 01 1 05 42
18 047 0 23 56 00 1 05 56
18 048 0 12 47 05 0 05 39
18 049 0 07 73 04 1 05 73
18 050 0 05 71 02 1 05 71
18 051 0 16 39 03 1 05 39
18 052 0 23 56 00 1 05 56
18 053 0 12 47 05 0 05 39
18 054 0 16 39 03 1 05 39
18 055 0 05 71 02 1 05 71
18 056 0 07 73 04 0 05 47
18 057 0 03 42 01 0 05 04
18 058 0 12 47 05 0 05 39
18 059 0 03 42 01 1 05 42
18 060 0 23 56 00 1 05 56
18 061 0 16 39 03 1 05 39
18 062 0 05 71 02 1 05 71
18 063 0 07 73 04 1 05 73
18 064 0 03 42 01 1 05 42
18 065 0 07 73 04 1 05 73
18 066 0 16 39 03 0 05 47
18 067 0 12 47 05 1 05 47
18 068 0 05 71 02 1 05 71
18 069 0 23 56 00 1 05 56
18 070 0 03 42 01 1 05 42
18 071 0 07 73 04 1 05 73
18 072 0 16 39 03 0 05 43
18 073 0 23 56 00 1 05 56
18 074 0 05 71 02 1 05 71
18 075 0 12 47 05 0 05 39
18 076 0 03 42 01 1 05 42
18 077 0 05 71 02 1 05 71
18 078 0 07 73 04 1 05 73
18 079 0 12 47 05 1 05 47
18 080 0 16 39 03 0 05 43
18 081 0 23 56 00 1 05 56
18 082 0 12 47 05 1 05 47
18 083 0 07 73 04 1 05 73
18 084 0 23 56 00 1 05 56
18 085 0 05 71 02 1 05 71
18 086 0 03 42 01 1 05 42
18 087 0 16 39 03 1 05 39
18 088 0 24 50 06 1 06 50
18 089 0 07 73 04 1 06 73
18 090 0 16 39 03 1 06 39
18 091 0 23 56 00 1 06 56
18 092 0 05 71 02 1 06 71
18 093 0 12 47 05 1 06 47
18 094 0 03 42 01 1 06 42
18 095 0 23 56 00 1 07 56
18 096 0 19 21 07 1 07 21
18 097 0 07 73 04 1 07 73
18 098 0 12 47 05 0 07 39
18 099 0 03 42 01 1 07 42
18 100 0 05 71 02 1 07 71
18 101 0 24 50 06 1 07 50
18 102 0 16 39 03 0 07 47
18 103 0 03 42 01 1 07 42
18 104 0 24 50 06 1 07 50
18 105 0 05 71 02 1 07 71
18 106 0 12 47 05 0 07 39
18 107 0 23 56 00 1 07 56
18 108 0 16 39 03 0 07 47
18 109 0 19 21 07 1 07 21
18 110 0 07 73 04 1 07 73
18 111 0 07 73 04 1 07 73
18 112 0 03 42 01 1 07 42
18 113 0 05 71 02 1 07 71
18 114 0 23 56 00 1 07 56
18 115 0 19 21 07 1 07 21
18 116 0 24 50 06 1 07 50
18 117 0 16 39 03 0 07 47
18 118 0 12 47 05 1 07 47
18 119 0 03 42 01 1 07 42
18 120 0 12 47 05 0 07 39
18 121 0 23 56 00 1 07 56
18 122 0 05 71 02 1 07 71
18 123 0 16 39 03 1 07 39
18 124 0 07 73 04 1 07 73
18 125 0 24 50 06 1 07 50
18 126 0 19 21 07 1 07 21
18 127 0 05 71 02 0 07 73
18 128 0 19 21 07 1 07 21
18 129 0 12 47 05 1 07 47
18 130 0 16 39 03 1 07 39
18 131 0 07 73 04 1 07 73
18 132 0 23 56 00 1 07 56
18 133 0 24 50 06 1 07 50
18 134 0 03 42 01 1 07 42
18 135 0 03 42 01 1 07 42
18 136 0 16 39 03 1 07 39
18 137 0 23 56 00 1 07 56
18 138 0 12 47 05 1 07 47
18 139 0 05 71 02 1 07 71
18 140 0 19 21 07 1 07 21
18 141 0 24 50 06 1 07 50
18 142 0 07 73 04 1 07 73
18 143 0 23 56 00 1 08 56
18 144 0 16 39 03 1 08 39
18 145 0 05 71 02 1 08 71
18 146 0 07 73 04 1 08 73
18 147 0 20 46 08 0 08 47
18 148 0 24 50 06 1 08 50
18 149 0 03 42 01 1 08 42
18 100 1 25 28 00 1 00 28
18 101 1 06 23 01 1 01 23
18 102 1 25 28 00 1 01 28
18 103 1 23 70 02 1 02 70
18 104 1 25 28 00 1 02 28
18 105 1 06 23 01 1 02 23
18 106 1 06 23 01 0 03 02
18 107 1 14 17 03 1 03 17
18 108 1 23 70 02 0 03 17
18 109 1 25 28 00 1 03 28
18 110 1 23 70 02 1 03 70
18 111 1 14 17 03 1 03 17
18 112 1 25 28 00 1 03 28
18 113 1 06 23 01 1 03 23
18 114 1 10 67 04 1 04 67
18 115 1 23 70 02 1 04 70
18 116 1 25 28 00 1 04 28
18 117 1 14 17 03 1 04 17
18 118 1 06 23 01 1 04 23
18 119 1 10 67 04 1 05 67
18 120 1 06 23 01 1 05 23
18 121 1 17 18 05 1 05 18
18 122 1 14 17 03 1 05 17
18 123 1 23 70 02 1 05 70
18 124 1 25 28 00 1 05 28
18 125 1 10 67 04 0 06 87
18 126 1 25 28 00 1 06 28
18 127 1 06 23 01 1 06 23
18 128 1 17 18 05 1 06 18
18 129 1 14 17 03 1 06 17
18 130 1 12 22 06 0 06 28
18 131 1 23 70 02 1 06 70
18 132 1 10 67 04 1 06 67
18 133 1 17 18 05 1 06 18
18 134 1 14 17 03 1 06 17
18 135 1 23 70 02 1 06 70
18 136 1 25 28 00 1 06 28
18 137 1 06 23 01 1 06 23
18 138 1 12 22 06 1 06 22
18 139 1 25 28 00 1 07 28
18 140 1 06 23 01 1 07 23
18 141 1 12 22 06 1 07 22
18 142 1 17 18 05 0 07 67
18 143 1 23 70 02 1 07 70
18 144 1 14 17 03 1 07 17
18 145 1 07 65 07 0 07 22
18 146 1 10 67 04 0 07 18
18 147 1 17 18 05 1 07 18
18 148 1 14 17 03 1 07 17
18 149 1 23 70 02 1 07 70
18 150 1 25 28 00 1 07 28
18 151 1 12 22 06 1 07 22
18 152 1 06 23 01 1 07 23
18 153 1 07 65 07 1 07 65
18 154 1 10 67 04 0 07 18
18 155 1 12 22 06 0 07 18
18 156 1 17 18 05 0 07 22
18 157 1 25 28 00 1 07 28
18 158 1 06 23 01 1 07 23
18 159 1 07 65 07 1 07 65
18 160 1 10 67 04 1 07 67
18 161 1 14 17 03 1 07 17
18 162 1 23 70 02 1 07 70
18 163 1 25 28 00 1 07 28
18 164 1 06 23 01 1 07 23
18 165 1 14 17 03 1 07 17
18 166 1 10 67 04 0 07 22
18 167 1 12 22 06 1 07 22
18 168 1 17 18 05 0 07 23
18 169 1 23 70 02 1 07 70
18 170 1 07 65 07 1 07 65
18 171 1 12 22 06 0 07 18
18 172 1 10 67 04 1 07 67
18 173 1 23 70 02 0 07 17
18 174 1 25 28 00 1 07 28
18 175 1 14 17 03 0 07 67
18 176 1 06 23 01 1 07 23
18 177 1 07 65 07 1 07 65
18 178 1 17 18 05 1 07 18
18 179 1 10 67 04 0 07 22
18 180 1 23 70 02 1 07 70
18 181 1 07 65 07 1 07 65
18 182 1 14 17 03 1 07 17
18 183 1 25 28 00 1 07 28
18 184 1 17 18 05 0 07 22
18 185 1 06 23 01 1 07 23
18 186 1 12 22 06 0 07 67
18 187 1 23 70 02 1 07 70
18 188 1 12 22 06 1 07 22
18 189 1 06 23 01 1 07 23
18 190 1 25 28 00 1 07 28
18 191 1 14 17 03 1 07 17
18 192 1 10 67 04 0 07 22
18 193 1 17 18 05 1 07 18
18 194 1 07 65 07 1 07 65
18 195 1 07 65 07 1 07 65
18 196 1 14 17 03 1 07 17
18 197 1 17 18 05 0 07 22
18 198 1 25 28 00 1 07 28
18 199 1 23 70 02 1 07 70
18 200 1 10 67 04 0 07 65
18 201 1 06 23 01 1 07 23
18 202 1 12 22 06 0 07 65
18 203 1 10 67 04 0 07 65
18 204 1 06 23 01 1 07 23
18 205 1 23 70 02 1 07 70
18 206 1 14 17 03 0 07 07
18 207 1 07 65 07 1 07 65
18 208 1 12 22 06 0 07 67
18 209 1 25 28 00 1 07 28
18 210 1 17 18 05 1 07 18
18 211 1 23 70 02 1 07 70
18 212 1 07 65 07 1 07 65
18 213 1 06 23 01 1 07 23
18 214 1 10 67 04 0 07 65
18 215 1 25 28 00 1 07 28
18 216 1 12 22 06 1 07 22
18 217 1 17 18 05 1 07 18
18 218 1 14 17 03 1 07 17
18 219 1 10 67 04 1 07 67
18 220 1 17 18 05 1 07 18
18 221 1 23 70 02 1 07 70
18 222 1 12 22 06 1 07 22
18 223 1 14 17 03 1 07 17
18 224 1 25 28 00 1 07 28
18 225 1 06 23 01 1 07 23
18 226 1 07 65 07 1 07 65
18 227 1 17 18 05 1 08 18
18 228 1 10 67 04 0 08 65
18 229 1 14 17 03 1 08 17
18 230 1 11 13 08 1 08 13
18 231 1 23 70 02 1 08 70
18 232 1 12 22 06 1 08 22
18 233 1 06 23 01 1 08 23
18 234 1 07 65 07 1 08 65
18 235 1 25 28 00 1 08 28
18 236 1 10 67 04 1 08 67
18 237 1 25 28 00 1 08 28
18 238 1 17 18 05 1 08 18
18 239 1 11 13 08 1 08 13
18 240 1 14 17 03 1 08 17
18 241 1 06 23 01 1 08 23
18 242 1 07 65 07 1 08 65
18 243 1 23 70 02 1 08 70
18 244 1 12 22 06 1 08 22
18 245 1 14 17 03 1 09 17
18 246 1 23 70 02 1 09 70
18 247 1 12 22 06 1 09 22
18 248 1 17 18 05 0 09 65
18 249 1 11 13 08 1 09 13
18 200 2 09 58 00 1 00 58
18 201 2 09 58 00 1 01 58
18 202 2 02 43 01 1 01 43
18 203 2 00 27 02 1 02 27
18 204 2 09 58 00 1 02 58
18 205 2 02 43 01 1 02 43
18 206 2 12 29 03 1 03 29
18 207 2 02 43 01 0 03 27
18 208 2 00 27 02 1 03 27
18 209 2 09 58 00 1 03 58
18 210 2 02 43 01 1 03 43
18 211 2 12 29 03 1 03 29
18 212 2 09 58 00 1 03 58
18 213 2 00 27 02 1 03 27
18 214 2 08 25 04 1 04 25
18 215 2 12 29 03 1 04 29
18 216 2 09 58 00 1 04 58
18 217 2 02 43 01 1 04 43
18 218 2 00 27 02 1 04 27
18 219 2 00 27 02 1 05 27
18 220 2 09 58 00 1 05 58
18 221 2 02 43 01 1 05 43
18 222 2 08 25 04 1 05 25
18 223 2 04 32 05 0 05 27
18 224 2 12 29 03 1 05 29
18 225 2 00 27 02 1 05 27
18 226 2 02 43 01 1 05 43
18 227 2 12 29 03 1 05 29
18 228 2 04 32 05 0 05 47
18 229 2 09 58 00 1 05 58
18 230 2 08 25 04 0 05 58
18 231 2 02 43 01 0 05 32
18 232 2 12 29 03 0 05 58
18 233 2 00 27 02 1 05 27
18 234 2 04 32 05 0 05 43
18 235 2 09 58 00 1 05 58
18 236 2 08 25 04 1 05 25
18 237 2 04 32 05 1 05 32
18 238 2 12 29 03 1 05 29
18 239 2 02 43 01 0 05 32
18 240 2 09 58 00 1 05 58
18 241 2 08 25 04 1 05 25
18 242 2 00 27 02 1 05 27
18 243 2 08 25 04 1 05 25
18 244 2 12 29 03 1 05 29
18 245 2 02 43 01 0 05 32
18 246 2 00 27 02 1 05 27
18 247 2 04 32 05 1 05 32
18 248 2 09 58 00 1 05 58
18 249 2 04 32 05 1 05 32
18 250 2 09 58 00 1 05 58
18 251 2 02 43 01 1 05 43
18 252 2 08 25 04 1 05 25
18 253 2 00 27 02 1 05 27
18 254 2 12 29 03 1 05 29
18 255 2 03 38 06 0 06 43
18 256 2 12 29 03 1 06 29
18 257 2 02 43 01 0 06 38
18 258 2 00 27 02 1 06 27
18 259 2 09 58 00 0 06 25
18 260 2 04 32 05 0 06 38
18 261 2 08 25 04 0 06 58
18 262 2 12 29 03 1 06 29
18 263 2 08 25 04 1 06 25
18 264 2 00 27 02 1 06 27
18 265 2 04 32 05 1 06 32
18 266 2 09 58 00 1 06 58
18 267 2 03 38 06 0 06 32
18 268 2 02 43 01 0 06 38
18 269 2 12 29 03 1 06 29
18 270 2 02 43 01 1 06 43
18 271 2 04 32 05 0 06 38
18 272 2 08 25 04 1 06 25
18 273 2 03 38 06 1 06 38
18 274 2 09 58 00 0 06 25
18 275 2 00 27 02 1 06 27
18 276 2 03 38 06 0 06 43
18 277 2 00 27 02 1 06 27
18 278 2 09 58 00 0 06 25
18 279 2 04 32 05 0 06 43
18 280 2 12 29 03 0 06 05
18 281 2 08 25 04 1 06 25
18 282 2 02 43 01 1 06 43
18 283 2 02 43 01 1 06 43
18 284 2 04 32 05 1 06 32
18 285 2 03 38 06 0 06 32
18 286 2 12 29 03 1 06 29
18 287 2 09 58 00 1 06 58
18 288 2 08 25 04 1 06 25
18 289 2 00 27 02 1 06 27
18 290 2 00 27 02 1 06 27
18 291 2 03 38 06 0 06 43
18 292 2 12 29 03 1 06 29
18 293 2 09 58 00 1 06 58
18 294 2 08 25 04 1 06 25
18 295 2 02 43 01 1 06 43
18 296 2 04 32 05 1 06 32
18 297 2 02 43 01 0 06 38
18 298 2 00 27 02 1 06 27
18 299 2 04 32 05 0 06 38
18 300 2 09 58 00 1 06 58
18 301 2 08 25 04 1 06 25
18 302 2 12 29 03 1 06 29
18 303 2 03 38 06 0 06 34
18 304 2 02 43 01 1 06 43
18 305 2 04 32 05 1 06 32
18 306 2 08 25 04 1 06 25
18 307 2 09 58 00 1 06 58
18 308 2 00 27 02 1 06 27
18 309 2 12 29 03 1 06 29
18 310 2 03 38 06 0 06 43
18 311 2 08 25 04 1 06 25
18 312 2 12 29 03 0 06 58
18 313 2 04 32 05 0 06 42
18 314 2 02 43 01 1 06 43
18 315 2 03 38 06 1 06 38
18 316 2 00 27 02 1 06 27
18 317 2 09 58 00 1 06 58
18 318 2 12 29 03 1 06 29
18 319 2 04 32 05 1 06 32
18 320 2 03 38 06 1 06 38
18 321 2 09 58 00 1 06 58
18 322 2 08 25 04 0 06 58
18 323 2 02 43 01 0 06 32
18 324 2 00 27 02 1 06 27
18 325 2 04 32 05 0 06 38
18 326 2 08 25 04 0 06 58
18 327 2 00 27 02 1 06 27
18 328 2 12 29 03 1 06 29
18 329 2 09 58 00 1 06 58
18 330 2 02 43 01 1 06 43
18 331 2 03 38 06 1 06 38
18 332 2 00 27 02 1 06 27
18 333 2 02 43 01 0 06 32
18 334 2 03 38 06 0 06 43
18 335 2 08 25 04 0 06 58
18 336 2 04 32 05 0 06 38
18 337 2 12 29 03 1 06 29
18 338 2 09 58 00 1 06 58
18 339 2 03 38 06 0 06 32
18 340 2 00 27 02 1 06 27
18 341 2 12 29 03 1 06 29
18 342 2 09 58 00 1 06 58
18 343 2 04 32 05 0 06 38
18 344 2 08 25 04 1 06 25
18 345 2 02 43 01 0 06 32
18 346 2 12 29 03 1 06 29
18 347 2 08 25 04 0 06 58
18 348 2 09 58 00 0 06 25
18 349 2 04 32 05 1 06 32
