02 200 2 09 58 00 1 00 58
02 201 2 09 58 00 1 01 58
02 202 2 02 43 01 1 01 43
02 203 2 00 27 02 1 02 27
02 204 2 02 43 01 1 02 43
02 205 2 09 58 00 1 02 58
02 206 2 09 58 00 0 03 29
02 207 2 12 29 03 0 03 27
02 208 2 00 27 02 0 03 48
02 209 2 02 43 01 1 03 43
02 210 2 12 29 03 1 03 29
02 211 2 00 27 02 1 03 27
02 212 2 02 43 01 1 03 43
02 213 2 09 58 00 0 03 53
02 214 2 00 27 02 1 03 27
02 215 2 09 58 00 0 03 59
02 216 2 12 29 03 1 03 29
02 217 2 02 43 01 1 03 43
02 218 2 02 43 01 0 03 02
02 219 2 09 58 00 0 03 57
02 220 2 12 29 03 1 03 29
02 221 2 00 27 02 1 03 27
02 222 2 12 29 03 1 03 29
02 223 2 02 43 01 1 03 43
02 224 2 09 58 00 1 03 58
02 225 2 00 27 02 1 03 27
02 226 2 12 29 03 0 04 27
02 227 2 08 25 04 1 04 25
02 228 2 00 27 02 1 04 27
02 229 2 02 43 01 1 04 43
02 230 2 09 58 00 1 04 58
02 231 2 08 25 04 1 04 25
02 232 2 12 29 03 1 04 29
02 233 2 00 27 02 0 04 43
02 234 2 02 43 01 1 04 43
02 235 2 09 58 00 1 04 58
02 236 2 09 58 00 0 04 25
02 237 2 00 27 02 1 04 27
02 238 2 02 43 01 1 04 43
02 239 2 12 29 03 1 04 29
02 240 2 08 25 04 1 04 25
02 241 2 00 27 02 1 04 27
02 242 2 02 43 01 1 04 43
02 243 2 09 58 00 1 04 58
02 244 2 08 25 04 0 04 58
02 245 2 12 29 03 1 04 29
02 246 2 08 25 04 1 04 25
02 247 2 12 29 03 1 04 29
02 248 2 09 58 00 1 04 58
02 249 2 02 43 01 1 04 43
02 250 2 00 27 02 1 04 27
02 251 2 00 27 02 0 05 28
02 252 2 09 58 00 1 05 58
02 253 2 02 43 01 1 05 43
02 254 2 04 32 05 1 05 32
02 255 2 08 25 04 1 05 25
02 256 2 12 29 03 1 05 29
02 257 2 09 58 00 1 05 58
02 258 2 02 43 01 0 05 47
02 259 2 12 29 03 1 05 29
02 260 2 00 27 02 1 05 27
02 261 2 04 32 05 1 05 32
02 262 2 08 25 04 1 05 25
02 263 2 02 43 01 1 05 43
02 264 2 12 29 03 1 05 29
02 265 2 08 25 04 1 05 25
02 266 2 04 32 05 1 05 32
02 267 2 09 58 00 1 05 58
02 268 2 00 27 02 1 05 27
02 269 2 12 29 03 1 06 29
02 270 2 02 43 01 1 06 43
02 271 2 08 25 04 1 06 25
02 272 2 04 32 05 0 06 37
02 273 2 03 38 06 0 06 32
02 274 2 00 27 02 1 06 27
02 275 2 09 58 00 0 06 29
02 276 2 12 29 03 1 06 29
02 277 2 00 27 02 0 06 42
02 278 2 02 43 01 1 06 43
02 279 2 08 25 04 0 06 58
02 280 2 03 38 06 0 06 37
02 281 2 04 32 05 0 06 38
02 282 2 09 58 00 0 06 29
02 283 2 00 27 02 1 06 27
02 284 2 09 58 00 0 06 53
02 285 2 04 32 05 1 06 32
02 286 2 02 43 01 1 06 43
02 287 2 12 29 03 1 06 29
02 288 2 03 38 06 1 06 38
02 289 2 08 25 04 1 06 25
02 290 2 12 29 03 1 06 29
02 291 2 03 38 06 0 06 43
02 292 2 09 58 00 0 06 29
02 293 2 04 32 05 1 06 32
02 294 2 00 27 02 1 06 27
02 295 2 02 43 01 0 06 38
02 296 2 08 25 04 1 06 25
02 297 2 08 25 04 1 06 25
02 298 2 04 32 05 1 06 32
02 299 2 00 27 02 1 06 27
02 300 2 09 58 00 1 06 58
02 301 2 03 38 06 1 06 38
02 302 2 02 43 01 0 06 38
02 303 2 12 29 03 1 06 29
02 304 2 02 43 01 0 06 38
02 305 2 03 38 06 1 06 38
02 306 2 00 27 02 1 06 27
02 307 2 09 58 00 0 06 25
02 308 2 12 29 03 1 06 29
02 309 2 08 25 04 0 06 58
02 310 2 04 32 05 1 06 32
02 311 2 04 32 05 1 06 32
02 312 2 02 43 01 1 06 43
02 313 2 00 27 02 1 06 27
02 314 2 12 29 03 1 06 29
02 315 2 03 38 06 1 06 38
02 316 2 09 58 00 0 06 25
02 317 2 08 25 04 0 06 58
02 318 2 00 27 02 1 06 27
02 319 2 04 32 05 0 06 38
02 320 2 08 25 04 1 06 25
02 321 2 12 29 03 1 06 29
02 322 2 03 38 06 0 06 43
02 323 2 02 43 01 1 06 43
02 324 2 09 58 00 0 06 53
02 325 2 03 38 06 0 06 43
02 326 2 08 25 04 1 06 25
02 327 2 00 27 02 0 06 43
02 328 2 09 58 00 0 06 29
02 329 2 12 29 03 1 06 29
02 330 2 02 43 01 1 06 43
02 331 2 04 32 05 0 06 38
02 332 2 02 43 01 1 06 43
02 333 2 09 58 00 0 06 25
02 334 2 08 25 04 0 06 58
02 335 2 04 32 05 1 06 32
02 336 2 03 38 06 1 06 38
02 337 2 00 27 02 1 06 27
02 338 2 12 29 03 1 06 29
02 339 2 12 29 03 1 06 29
02 340 2 09 58 00 0 06 53
02 341 2 04 32 05 0 06 38
02 342 2 08 25 04 1 06 25
02 343 2 03 38 06 0 06 32
02 344 2 00 27 02 1 06 27
02 345 2 02 43 01 1 06 43
02 346 2 00 27 02 1 06 27
02 347 2 02 43 01 1 06 43
02 348 2 03 38 06 1 06 38
02 349 2 09 58 00 0 06 25
02 000 0 23 56 00 1 00 56
02 001 0 03 42 01 1 01 42
02 002 0 23 56 00 1 01 56
02 003 0 23 56 00 1 02 56
02 004 0 03 42 01 1 02 42
02 005 0 05 71 02 1 02 71
02 006 0 16 39 03 1 03 39
02 007 0 05 71 02 0 03 32
02 008 0 03 42 01 0 03 32
02 009 0 23 56 00 1 03 56
02 010 0 16 39 03 0 03 31
02 011 0 03 42 01 0 03 56
02 012 0 23 56 00 1 03 56
02 013 0 05 71 02 1 03 71
02 014 0 05 71 02 1 03 71
02 015 0 03 42 01 1 03 42
02 016 0 16 39 03 0 03 36
02 017 0 23 56 00 1 03 56
02 018 0 05 71 02 1 03 71
02 019 0 16 39 03 1 03 39
02 020 0 23 56 00 0 03 45
02 021 0 03 42 01 1 03 42
02 022 0 16 39 03 1 03 39
02 023 0 23 56 00 1 03 56
02 024 0 05 71 02 1 03 71
02 025 0 03 42 01 1 03 42
02 026 0 03 42 01 1 04 42
02 027 0 16 39 03 1 04 39
02 028 0 23 56 00 1 04 56
02 029 0 07 73 04 0 04 74
02 030 0 05 71 02 1 04 71
02 031 0 03 42 01 0 04 32
02 032 0 23 56 00 1 04 56
02 033 0 07 73 04 1 04 73
02 034 0 05 71 02 1 04 71
02 035 0 16 39 03 1 04 39
02 036 0 07 73 04 1 04 73
02 037 0 05 71 02 1 04 71
02 038 0 23 56 00 1 04 56
02 039 0 16 39 03 0 04 73
02 040 0 03 42 01 1 04 42
02 041 0 23 56 00 1 04 56
02 042 0 07 73 04 1 04 73
02 043 0 16 39 03 1 04 39
02 044 0 03 42 01 1 04 42
02 045 0 05 71 02 1 04 71
02 046 0 16 39 03 1 05 39
02 047 0 05 71 02 1 05 71
02 048 0 03 42 01 1 05 42
02 049 0 23 56 00 1 05 56
02 050 0 07 73 04 1 05 73
02 051 0 12 47 05 1 05 47
02 052 0 03 42 01 1 06 42
02 053 0 24 50 06 1 06 50
02 054 0 07 73 04 0 06 47
02 055 0 16 39 03 1 06 39
02 056 0 23 56 00 1 06 56
02 057 0 05 71 02 1 06 71
02 058 0 12 47 05 1 06 47
02 059 0 12 47 05 1 06 47
02 060 0 16 39 03 1 06 39
02 061 0 23 56 00 1 06 56
02 062 0 07 73 04 1 06 73
02 063 0 05 71 02 1 06 71
02 064 0 03 42 01 1 06 42
02 065 0 24 50 06 1 06 50
02 066 0 05 71 02 1 07 71
02 067 0 23 56 00 1 07 56
02 068 0 19 21 07 0 07 26
02 069 0 03 42 01 1 07 42
02 070 0 24 50 06 1 07 50
02 071 0 12 47 05 1 07 47
02 072 0 16 39 03 1 07 39
02 073 0 07 73 04 1 07 73
02 074 0 24 50 06 1 07 50
02 075 0 05 71 02 1 07 71
02 076 0 16 39 03 1 07 39
02 077 0 07 73 04 1 07 73
02 078 0 23 56 00 1 07 56
02 079 0 12 47 05 1 07 47
02 080 0 03 42 01 1 07 42
02 081 0 19 21 07 1 07 21
02 082 0 24 50 06 1 08 50
02 083 0 19 21 07 1 08 21
02 084 0 03 42 01 1 08 42
02 085 0 05 71 02 1 08 71
02 086 0 23 56 00 1 08 56
02 087 0 20 46 08 1 08 46
02 088 0 12 47 05 1 08 47
02 089 0 07 73 04 1 08 73
02 090 0 16 39 03 1 08 39
02 091 0 07 73 04 1 09 73
02 092 0 16 39 03 1 09 39
02 093 0 03 42 01 1 09 42
02 094 0 04 35 09 0 09 79
02 095 0 24 50 06 0 09 46
02 096 0 19 21 07 1 09 21
02 097 0 12 47 05 0 09 46
02 098 0 05 71 02 1 09 71
02 099 0 20 46 08 1 09 46
02 100 0 23 56 00 1 09 56
02 101 0 16 39 03 1 09 39
02 102 0 05 71 02 1 09 71
02 103 0 20 46 08 1 09 46
02 104 0 19 21 07 1 09 21
02 105 0 03 42 01 1 09 42
02 106 0 07 73 04 1 09 73
02 107 0 23 56 00 1 09 56
02 108 0 04 35 09 1 09 35
02 109 0 12 47 05 1 09 47
02 110 0 24 50 06 1 09 50
02 111 0 07 73 04 1 10 73
02 112 0 16 39 03 1 10 39
02 113 0 03 42 01 1 10 42
02 114 0 04 35 09 1 10 35
02 115 0 05 71 02 1 10 71
02 116 0 11 37 10 1 10 37
02 117 0 19 21 07 1 10 21
02 118 0 12 47 05 1 10 47
02 119 0 20 46 08 1 10 46
02 120 0 24 50 06 1 10 50
02 121 0 23 56 00 1 10 56
02 122 0 23 56 00 1 11 56
02 123 0 07 73 04 1 11 73
02 124 0 20 46 08 1 11 46
02 125 0 19 21 07 1 11 21
02 126 0 11 37 10 1 11 37
02 127 0 05 71 02 1 11 71
02 128 0 12 47 05 1 11 47
02 129 0 18 14 11 1 11 14
02 130 0 03 42 01 1 11 42
02 131 0 04 35 09 1 11 35
02 132 0 16 39 03 1 11 39
02 133 0 24 50 06 1 11 50
02 134 0 23 56 00 1 12 56
02 135 0 20 46 08 1 12 46
02 136 0 24 50 06 1 12 50
02 137 0 13 51 12 0 12 41
02 138 0 11 37 10 1 12 37
02 139 0 07 73 04 1 12 73
02 140 0 03 42 01 1 12 42
02 141 0 04 35 09 1 12 35
02 142 0 05 71 02 1 12 71
02 143 0 19 21 07 0 12 51
02 144 0 12 47 05 1 12 47
02 145 0 18 14 11 1 12 14
02 146 0 16 39 03 1 12 39
02 147 0 12 47 05 1 12 47
02 148 0 19 21 07 1 12 21
02 149 0 23 56 00 1 12 56
02 100 1 25 28 00 1 00 28
02 101 1 25 28 00 0 01 23
02 102 1 06 23 01 0 01 28
02 103 1 25 28 00 1 01 28
02 104 1 06 23 01 1 01 23
02 105 1 25 28 00 1 02 28
02 106 1 23 70 02 1 02 70
02 107 1 06 23 01 1 02 23
02 108 1 14 17 03 1 03 17
02 109 1 23 70 02 1 03 70
02 110 1 06 23 01 1 03 23
02 111 1 25 28 00 1 03 28
02 112 1 10 67 04 1 04 67
02 113 1 25 28 00 0 04 70
02 114 1 06 23 01 1 04 23
02 115 1 23 70 02 1 04 70
02 116 1 14 17 03 1 04 17
02 117 1 06 23 01 1 04 23
02 118 1 14 17 03 1 04 17
02 119 1 10 67 04 0 04 28
02 120 1 23 70 02 1 04 70
02 121 1 25 28 00 1 04 28
02 122 1 10 67 04 0 04 63
02 123 1 25 28 00 1 04 28
02 124 1 06 23 01 1 04 23
02 125 1 23 70 02 1 04 70
02 126 1 14 17 03 1 04 17
02 127 1 10 67 04 1 04 67
02 128 1 25 28 00 1 04 28
02 129 1 23 70 02 1 04 70
02 130 1 14 17 03 1 04 17
02 131 1 06 23 01 1 04 23
02 132 1 10 67 04 1 05 67
02 133 1 14 17 03 0 05 70
02 134 1 25 28 00 1 05 28
02 135 1 17 18 05 1 05 18
02 136 1 06 23 01 1 05 23
02 137 1 23 70 02 1 05 70
02 138 1 10 67 04 1 05 67
02 139 1 25 28 00 1 05 28
02 140 1 06 23 01 1 05 23
02 141 1 17 18 05 1 05 18
02 142 1 23 70 02 1 05 70
02 143 1 14 17 03 0 05 67
02 144 1 14 17 03 1 05 17
02 145 1 25 28 00 1 05 28
02 146 1 17 18 05 1 05 18
02 147 1 06 23 01 1 05 23
02 148 1 23 70 02 1 05 70
02 149 1 10 67 04 0 05 28
02 150 1 23 70 02 1 05 70
02 151 1 25 28 00 1 05 28
02 152 1 06 23 01 1 05 23
02 153 1 14 17 03 1 05 17
02 154 1 10 67 04 1 05 67
02 155 1 17 18 05 1 05 18
02 156 1 25 28 00 1 06 28
02 157 1 12 22 06 1 06 22
02 158 1 14 17 03 0 06 21
02 159 1 17 18 05 0 06 23
02 160 1 10 67 04 1 06 67
02 161 1 23 70 02 1 06 70
02 162 1 06 23 01 1 06 23
02 163 1 25 28 00 1 06 28
02 164 1 06 23 01 1 06 23
02 165 1 17 18 05 1 06 18
02 166 1 12 22 06 1 06 22
02 167 1 23 70 02 1 06 70
02 168 1 10 67 04 1 06 67
02 169 1 14 17 03 1 06 17
02 170 1 23 70 02 1 07 70
02 171 1 07 65 07 1 07 65
02 172 1 10 67 04 1 07 67
02 173 1 17 18 05 1 07 18
02 174 1 25 28 00 1 07 28
02 175 1 12 22 06 1 07 22
02 176 1 06 23 01 1 07 23
02 177 1 14 17 03 1 07 17
02 178 1 17 18 05 1 08 18
02 179 1 11 13 08 1 08 13
02 180 1 25 28 00 1 08 28
02 181 1 14 17 03 1 08 17
02 182 1 10 67 04 1 08 67
02 183 1 12 22 06 1 08 22
02 184 1 07 65 07 1 08 65
02 185 1 23 70 02 1 08 70
02 186 1 06 23 01 1 08 23
02 187 1 25 28 00 1 09 28
02 188 1 07 65 07 1 09 65
02 189 1 06 23 01 1 09 23
02 190 1 20 59 09 1 09 59
02 191 1 17 18 05 1 09 18
02 192 1 10 67 04 1 09 67
02 193 1 14 17 03 1 09 17
02 194 1 23 70 02 1 09 70
02 195 1 12 22 06 1 09 22
02 196 1 11 13 08 1 09 13
02 197 1 17 18 05 1 10 18
02 198 1 07 65 07 1 10 65
02 199 1 25 28 00 1 10 28
02 200 1 23 70 02 1 10 70
02 201 1 10 67 04 1 10 67
02 202 1 14 17 03 0 10 21
02 203 1 06 23 01 1 10 23
02 204 1 20 59 09 0 10 56
02 205 1 11 13 08 0 10 18
02 206 1 26 26 10 0 10 59
02 207 1 12 22 06 1 10 22
02 208 1 06 23 01 1 10 23
02 209 1 20 59 09 0 10 13
02 210 1 07 65 07 0 10 67
02 211 1 26 26 10 0 10 59
02 212 1 14 17 03 1 10 17
02 213 1 17 18 05 0 10 13
02 214 1 11 13 08 1 10 13
02 215 1 12 22 06 1 10 22
02 216 1 10 67 04 1 10 67
02 217 1 25 28 00 1 10 28
02 218 1 23 70 02 1 10 70
02 219 1 07 65 07 0 10 59
02 220 1 11 13 08 1 10 13
02 221 1 23 70 02 1 10 70
02 222 1 20 59 09 1 10 59
02 223 1 14 17 03 1 10 17
02 224 1 26 26 10 0 10 65
02 225 1 06 23 01 1 10 23
02 226 1 10 67 04 1 10 67
02 227 1 17 18 05 1 10 18
02 228 1 12 22 06 1 10 22
02 229 1 25 28 00 1 10 28
02 230 1 10 67 04 1 10 67
02 231 1 14 17 03 1 10 17
02 232 1 07 65 07 0 10 26
02 233 1 26 26 10 1 10 26
02 234 1 20 59 09 0 10 69
02 235 1 17 18 05 1 10 18
02 236 1 25 28 00 1 10 28
02 237 1 23 70 02 1 10 70
02 238 1 06 23 01 1 10 23
02 239 1 12 22 06 1 10 22
02 240 1 11 13 08 1 10 13
02 241 1 06 23 01 1 10 23
02 242 1 20 59 09 0 10 25
02 243 1 25 28 00 1 10 28
02 244 1 07 65 07 1 10 65
02 245 1 12 22 06 1 10 22
02 246 1 26 26 10 0 10 25
02 247 1 14 17 03 1 10 17
02 248 1 10 67 04 1 10 67
02 249 1 23 70 02 1 10 70
