11 200 2 09 58 00 1 00 58
11 201 2 09 58 00 1 01 58
11 202 2 02 43 01 1 01 43
11 203 2 00 27 02 1 02 27
11 204 2 02 43 01 1 02 43
11 205 2 09 58 00 1 02 58
11 206 2 09 58 00 1 03 58
11 207 2 12 29 03 1 03 29
11 208 2 00 27 02 1 03 27
11 209 2 02 43 01 0 03 27
11 210 2 12 29 03 0 03 58
11 211 2 00 27 02 1 03 27
11 212 2 02 43 01 1 03 43
11 213 2 09 58 00 0 03 29
11 214 2 00 27 02 1 03 27
11 215 2 09 58 00 0 03 29
11 216 2 12 29 03 0 03 27
11 217 2 02 43 01 1 03 43
11 218 2 02 43 01 1 03 43
11 219 2 09 58 00 1 03 58
11 220 2 12 29 03 1 03 29
11 221 2 00 27 02 1 03 27
11 222 2 00 27 02 1 04 27
11 223 2 12 29 03 1 04 29
11 224 2 02 43 01 1 04 43
11 225 2 09 58 00 1 04 58
11 226 2 08 25 04 0 04 58
11 227 2 08 25 04 1 04 25
11 228 2 09 58 00 0 04 25
11 229 2 12 29 03 1 04 29
11 230 2 00 27 02 1 04 27
11 231 2 02 43 01 1 04 43
11 232 2 09 58 00 1 04 58
11 233 2 08 25 04 1 04 25
11 234 2 00 27 02 1 04 27
11 235 2 02 43 01 1 04 43
11 236 2 12 29 03 1 04 29
11 237 2 00 27 02 1 05 27
11 238 2 12 29 03 1 05 29
11 239 2 09 58 00 1 05 58
11 240 2 04 32 05 1 05 32
11 241 2 08 25 04 1 05 25
11 242 2 02 43 01 1 05 43
11 243 2 00 27 02 1 06 27
11 244 2 08 25 04 0 06 58
11 245 2 02 43 01 1 06 43
11 246 2 09 58 00 0 06 25
11 247 2 03 38 06 1 06 38
11 248 2 04 32 05 0 06 38
11 249 2 12 29 03 1 06 29
11 250 2 08 25 04 0 06 58
11 251 2 04 32 05 0 06 38
11 252 2 09 58 00 0 06 25
11 253 2 03 38 06 0 06 43
11 254 2 12 29 03 0 06 25
11 255 2 00 27 02 0 06 43
11 256 2 02 43 01 1 06 43
11 257 2 04 32 05 0 06 38
11 258 2 09 58 00 0 06 25
11 259 2 02 43 01 0 06 00
11 260 2 08 25 04 0 06 58
11 261 2 03 38 06 1 06 38
11 262 2 12 29 03 1 06 29
11 263 2 00 27 02 0 06 43
11 264 2 09 58 00 0 06 25
11 265 2 12 29 03 1 06 29
11 266 2 03 38 06 0 06 32
11 267 2 04 32 05 0 06 38
11 268 2 08 25 04 1 06 25
11 269 2 02 43 01 1 06 43
11 270 2 00 27 02 1 06 27
11 271 2 09 58 00 0 06 25
11 272 2 03 38 06 1 06 38
11 273 2 00 27 02 1 06 27
11 274 2 04 32 05 0 06 38
11 275 2 12 29 03 1 06 29
11 276 2 02 43 01 1 06 43
11 277 2 08 25 04 1 06 25
11 278 2 12 29 03 1 06 29
11 279 2 02 43 01 1 06 43
11 280 2 00 27 02 1 06 27
11 281 2 04 32 05 1 06 32
11 282 2 03 38 06 0 06 43
11 283 2 09 58 00 0 06 25
11 284 2 08 25 04 1 06 25
11 285 2 09 58 00 1 06 58
11 286 2 12 29 03 1 06 29
11 287 2 02 43 01 0 06 38
11 288 2 08 25 04 1 06 25
11 289 2 03 38 06 0 06 32
11 290 2 04 32 05 1 06 32
11 291 2 00 27 02 1 06 27
11 292 2 03 38 06 1 06 38
11 293 2 09 58 00 0 06 25
11 294 2 08 25 04 1 06 25
11 295 2 12 29 03 1 06 29
11 296 2 00 27 02 1 06 27
11 297 2 02 43 01 1 06 43
11 298 2 04 32 05 1 06 32
11 299 2 12 29 03 0 06 58
11 300 2 03 38 06 0 06 43
11 301 2 08 25 04 1 06 25
11 302 2 00 27 02 1 06 27
11 303 2 02 43 01 1 06 43
11 304 2 04 32 05 0 06 38
11 305 2 09 58 00 0 06 25
11 306 2 12 29 03 1 06 29
11 307 2 03 38 06 0 06 32
11 308 2 09 58 00 0 06 25
11 309 2 02 43 01 0 06 38
11 310 2 04 32 05 1 06 32
11 311 2 08 25 04 1 06 25
11 312 2 00 27 02 1 06 27
11 313 2 12 29 03 1 06 29
11 314 2 02 43 01 1 06 43
11 315 2 08 25 04 0 06 58
11 316 2 00 27 02 0 06 29
11 317 2 09 58 00 0 06 02
11 318 2 04 32 05 1 06 32
11 319 2 03 38 06 1 06 38
11 320 2 03 38 06 0 06 43
11 321 2 08 25 04 0 06 58
11 322 2 02 43 01 1 06 43
11 323 2 04 32 05 1 06 32
11 324 2 12 29 03 1 06 29
11 325 2 09 58 00 0 06 25
11 326 2 00 27 02 1 06 27
11 327 2 02 43 01 1 06 43
11 328 2 00 27 02 1 06 27
11 329 2 08 25 04 1 06 25
11 330 2 04 32 05 1 06 32
11 331 2 12 29 03 1 06 29
11 332 2 03 38 06 0 06 43
11 333 2 09 58 00 1 06 58
11 334 2 08 25 04 0 06 58
11 335 2 09 58 00 1 06 58
11 336 2 04 32 05 1 06 32
11 337 2 03 38 06 1 06 38
11 338 2 02 43 01 1 06 43
11 339 2 00 27 02 1 06 27
11 340 2 12 29 03 1 06 29
11 341 2 09 58 00 0 06 25
11 342 2 08 25 04 0 06 58
11 343 2 03 38 06 0 06 32
11 344 2 04 32 05 1 06 32
11 345 2 02 43 01 1 06 43
11 346 2 12 29 03 1 06 29
11 347 2 00 27 02 1 06 27
11 348 2 04 32 05 0 06 38
11 349 2 12 29 03 0 06 02
11 000 0 23 56 00 1 00 56
11 001 0 23 56 00 1 01 56
11 002 0 03 42 01 1 01 42
11 003 0 05 71 02 1 02 71
11 004 0 23 56 00 1 02 56
11 005 0 03 42 01 1 02 42
11 006 0 23 56 00 1 03 56
11 007 0 16 39 03 1 03 39
11 008 0 03 42 01 1 03 42
11 009 0 05 71 02 1 03 71
11 010 0 05 71 02 1 04 71
11 011 0 07 73 04 1 04 73
11 012 0 16 39 03 1 04 39
11 013 0 23 56 00 1 04 56
11 014 0 03 42 01 1 04 42
11 015 0 05 71 02 1 05 71
11 016 0 07 73 04 1 05 73
11 017 0 03 42 01 1 05 42
11 018 0 12 47 05 1 05 47
11 019 0 16 39 03 1 05 39
11 020 0 23 56 00 1 05 56
11 021 0 12 47 05 1 06 47
11 022 0 07 73 04 1 06 73
11 023 0 23 56 00 1 06 56
11 024 0 03 42 01 1 06 42
11 025 0 24 50 06 1 06 50
11 026 0 16 39 03 1 06 39
11 027 0 05 71 02 1 06 71
11 028 0 24 50 06 1 07 50
11 029 0 07 73 04 1 07 73
11 030 0 12 47 05 1 07 47
11 031 0 16 39 03 1 07 39
11 032 0 19 21 07 1 07 21
11 033 0 23 56 00 1 07 56
11 034 0 03 42 01 1 07 42
11 035 0 05 71 02 1 07 71
11 036 0 19 21 07 1 08 21
11 037 0 03 42 01 1 08 42
11 038 0 05 71 02 1 08 71
11 039 0 23 56 00 1 08 56
11 040 0 16 39 03 1 08 39
11 041 0 12 47 05 1 08 47
11 042 0 24 50 06 1 08 50
11 043 0 20 46 08 1 08 46
11 044 0 07 73 04 1 08 73
11 045 0 24 50 06 1 09 50
11 046 0 16 39 03 1 09 39
11 047 0 05 71 02 1 09 71
11 048 0 23 56 00 1 09 56
11 049 0 12 47 05 1 09 47
11 050 0 19 21 07 1 09 21
11 051 0 04 35 09 1 09 35
11 052 0 07 73 04 1 09 73
11 053 0 20 46 08 1 09 46
11 054 0 03 42 01 1 09 42
11 055 0 04 35 09 1 10 35
11 056 0 07 73 04 1 10 73
11 057 0 11 37 10 1 10 37
11 058 0 24 50 06 1 10 50
11 059 0 23 56 00 1 10 56
11 060 0 12 47 05 1 10 47
11 061 0 20 46 08 1 10 46
11 062 0 05 71 02 1 10 71
11 063 0 03 42 01 1 10 42
11 064 0 16 39 03 1 10 39
11 065 0 19 21 07 1 10 21
11 066 0 19 21 07 1 11 21
11 067 0 12 47 05 1 11 47
11 068 0 05 71 02 1 11 71
11 069 0 20 46 08 1 11 46
11 070 0 04 35 09 1 11 35
11 071 0 11 37 10 1 11 37
11 072 0 16 39 03 1 11 39
11 073 0 24 50 06 1 11 50
11 074 0 23 56 00 1 11 56
11 075 0 18 14 11 1 11 14
11 076 0 03 42 01 1 11 42
11 077 0 07 73 04 1 11 73
11 078 0 18 14 11 1 12 14
11 079 0 11 37 10 0 12 35
11 080 0 20 46 08 1 12 46
11 081 0 07 73 04 1 12 73
11 082 0 19 21 07 1 12 21
11 083 0 05 71 02 1 12 71
11 084 0 24 50 06 1 12 50
11 085 0 13 51 12 1 12 51
11 086 0 16 39 03 1 12 39
11 087 0 03 42 01 1 12 42
11 088 0 04 35 09 0 12 37
11 089 0 23 56 00 1 12 56
11 090 0 12 47 05 1 12 47
11 091 0 11 37 10 1 12 37
11 092 0 12 47 05 1 12 47
11 093 0 13 51 12 1 12 51
11 094 0 03 42 01 1 12 42
11 095 0 19 21 07 1 12 21
11 096 0 18 14 11 1 12 14
11 097 0 24 50 06 1 12 50
11 098 0 20 46 08 1 12 46
11 099 0 16 39 03 1 12 39
11 100 0 23 56 00 1 12 56
11 101 0 05 71 02 1 12 71
11 102 0 07 73 04 1 12 73
11 103 0 04 35 09 1 12 35
11 104 0 24 50 06 1 13 50
11 105 0 17 76 13 1 13 76
11 106 0 13 51 12 1 13 51
11 107 0 12 47 05 1 13 47
11 108 0 11 37 10 1 13 37
11 109 0 23 56 00 1 13 56
11 110 0 18 14 11 1 13 14
11 111 0 19 21 07 1 13 21
11 112 0 07 73 04 0 13 04
11 113 0 05 71 02 1 13 71
11 114 0 03 42 01 1 13 42
11 115 0 16 39 03 1 13 39
11 116 0 04 35 09 1 13 35
11 117 0 20 46 08 1 13 46
11 118 0 12 47 05 1 13 47
11 119 0 07 73 04 1 13 73
11 120 0 04 35 09 1 13 35
11 121 0 13 51 12 1 13 51
11 122 0 03 42 01 1 13 42
11 123 0 17 76 13 1 13 76
11 124 0 19 21 07 1 13 21
11 125 0 18 14 11 1 13 14
11 126 0 05 71 02 1 13 71
11 127 0 20 46 08 1 13 46
11 128 0 11 37 10 1 13 37
11 129 0 23 56 00 1 13 56
11 130 0 24 50 06 1 13 50
11 131 0 16 39 03 1 13 39
11 132 0 12 47 05 1 14 47
11 133 0 04 35 09 1 14 35
11 134 0 16 39 03 1 14 39
11 135 0 06 24 14 0 14 76
11 136 0 03 42 01 1 14 42
11 137 0 07 73 04 1 14 73
11 138 0 20 46 08 1 14 46
11 139 0 11 37 10 1 14 37
11 140 0 24 50 06 1 14 50
11 141 0 13 51 12 1 14 51
11 142 0 05 71 02 1 14 71
11 143 0 17 76 13 1 14 76
11 144 0 19 21 07 1 14 21
11 145 0 18 14 11 1 14 14
11 146 0 23 56 00 1 14 56
11 147 0 05 71 02 1 14 71
11 148 0 11 37 10 1 14 37
11 149 0 07 73 04 1 14 73
11 100 1 25 28 00 1 00 28
11 101 1 25 28 00 1 01 28
11 102 1 06 23 01 1 01 23
11 103 1 25 28 00 0 02 23
11 104 1 23 70 02 1 02 70
11 105 1 06 23 01 1 02 23
11 106 1 25 28 00 1 02 28
11 107 1 06 23 01 1 02 23
11 108 1 23 70 02 1 02 70
11 109 1 23 70 02 1 03 70
11 110 1 06 23 01 1 03 23
11 111 1 25 28 00 1 03 28
11 112 1 14 17 03 1 03 17
11 113 1 25 28 00 1 04 28
11 114 1 10 67 04 1 04 67
11 115 1 23 70 02 1 04 70
11 116 1 14 17 03 1 04 17
11 117 1 06 23 01 1 04 23
11 118 1 14 17 03 1 05 17
11 119 1 17 18 05 1 05 18
11 120 1 25 28 00 1 05 28
11 121 1 23 70 02 1 05 70
11 122 1 06 23 01 1 05 23
11 123 1 10 67 04 1 05 67
11 124 1 17 18 05 1 06 18
11 125 1 23 70 02 1 06 70
11 126 1 10 67 04 1 06 67
11 127 1 25 28 00 1 06 28
11 128 1 06 23 01 1 06 23
11 129 1 14 17 03 1 06 17
11 130 1 12 22 06 1 06 22
11 131 1 14 17 03 1 07 17
11 132 1 10 67 04 1 07 67
11 133 1 12 22 06 1 07 22
11 134 1 25 28 00 1 07 28
11 135 1 06 23 01 1 07 23
11 136 1 07 65 07 1 07 65
11 137 1 23 70 02 1 07 70
11 138 1 17 18 05 1 07 18
11 139 1 23 70 02 1 08 70
11 140 1 11 13 08 1 08 13
11 141 1 12 22 06 1 08 22
11 142 1 07 65 07 1 08 65
11 143 1 25 28 00 1 08 28
11 144 1 14 17 03 1 08 17
11 145 1 10 67 04 1 08 67
11 146 1 06 23 01 1 08 23
11 147 1 17 18 05 1 08 18
11 148 1 12 22 06 1 09 22
11 149 1 14 17 03 1 09 17
11 150 1 17 18 05 1 09 18
11 151 1 11 13 08 1 09 13
11 152 1 07 65 07 0 09 57
11 153 1 20 59 09 1 09 59
11 154 1 06 23 01 1 09 23
11 155 1 25 28 00 1 09 28
11 156 1 23 70 02 1 09 70
11 157 1 10 67 04 0 09 65
11 158 1 25 28 00 1 09 28
11 159 1 14 17 03 1 09 17
11 160 1 10 67 04 1 09 67
11 161 1 20 59 09 1 09 59
11 162 1 17 18 05 1 09 18
11 163 1 12 22 06 1 09 22
11 164 1 06 23 01 1 09 23
11 165 1 11 13 08 1 09 13
11 166 1 07 65 07 0 09 67
11 167 1 23 70 02 1 09 70
11 168 1 06 23 01 1 09 23
11 169 1 25 28 00 1 09 28
11 170 1 20 59 09 1 09 59
11 171 1 17 18 05 1 09 18
11 172 1 07 65 07 0 09 67
11 173 1 23 70 02 1 09 70
11 174 1 11 13 08 1 09 13
11 175 1 12 22 06 1 09 22
11 176 1 10 67 04 1 09 67
11 177 1 14 17 03 1 09 17
11 178 1 06 23 01 1 09 23
11 179 1 25 28 00 1 09 28
11 180 1 14 17 03 1 09 17
11 181 1 23 70 02 1 09 70
11 182 1 17 18 05 1 09 18
11 183 1 11 13 08 1 09 13
11 184 1 10 67 04 0 09 65
11 185 1 20 59 09 1 09 59
11 186 1 12 22 06 1 09 22
11 187 1 07 65 07 0 09 67
11 188 1 20 59 09 1 09 59
11 189 1 07 65 07 1 09 65
11 190 1 23 70 02 1 09 70
11 191 1 17 18 05 1 09 18
11 192 1 12 22 06 1 09 22
11 193 1 06 23 01 1 09 23
11 194 1 10 67 04 1 09 67
11 195 1 11 13 08 1 09 13
11 196 1 25 28 00 1 09 28
11 197 1 14 17 03 1 09 17
11 198 1 17 18 05 1 10 18
11 199 1 07 65 07 1 10 65
11 200 1 20 59 09 1 10 59
11 201 1 10 67 04 1 10 67
11 202 1 25 28 00 1 10 28
11 203 1 14 17 03 1 10 17
11 204 1 12 22 06 1 10 22
11 205 1 06 23 01 1 10 23
11 206 1 11 13 08 1 10 13
11 207 1 26 26 10 1 10 26
11 208 1 23 70 02 1 10 70
11 209 1 20 59 09 1 11 59
11 210 1 14 17 03 1 11 17
11 211 1 08 64 11 1 11 64
11 212 1 25 28 00 1 11 28
11 213 1 11 13 08 1 11 13
11 214 1 07 65 07 1 11 65
11 215 1 06 23 01 1 11 23
11 216 1 26 26 10 0 11 59
11 217 1 17 18 05 1 11 18
11 218 1 23 70 02 1 11 70
11 219 1 12 22 06 1 11 22
11 220 1 10 67 04 1 11 67
11 221 1 10 67 04 1 11 67
11 222 1 07 65 07 1 11 65
11 223 1 23 70 02 1 11 70
11 224 1 12 22 06 1 11 22
11 225 1 08 64 11 1 11 64
11 226 1 11 13 08 1 11 13
11 227 1 26 26 10 1 11 26
11 228 1 14 17 03 1 11 17
11 229 1 06 23 01 1 11 23
11 230 1 17 18 05 1 11 18
11 231 1 20 59 09 1 11 59
11 232 1 25 28 00 1 11 28
11 233 1 07 65 07 1 12 65
11 234 1 15 36 12 1 12 36
11 235 1 12 22 06 1 12 22
11 236 1 26 26 10 1 12 26
11 237 1 20 59 09 1 12 59
11 238 1 14 17 03 1 12 17
11 239 1 17 18 05 1 12 18
11 240 1 23 70 02 1 12 70
11 241 1 25 28 00 1 12 28
11 242 1 11 13 08 1 12 13
11 243 1 10 67 04 1 12 67
11 244 1 06 23 01 1 12 23
11 245 1 08 64 11 1 12 64
11 246 1 08 64 11 1 13 64
11 247 1 25 28 00 1 13 28
11 248 1 26 26 10 1 13 26
11 249 1 18 57 13 1 13 57
