21 000 0 23 56 00 0 00 05
21 001 0 23 56 00 1 00 56
21 002 0 23 56 00 1 01 56
21 003 0 03 42 01 1 01 42
21 004 0 03 42 01 1 02 42
21 005 0 05 71 02 1 02 71
21 006 0 23 56 00 1 02 56
21 007 0 23 56 00 1 03 56
21 008 0 05 71 02 1 03 71
21 009 0 16 39 03 0 03 91
21 010 0 03 42 01 1 03 42
21 011 0 05 71 02 1 03 71
21 012 0 03 42 01 1 03 42
21 013 0 16 39 03 1 03 39
21 014 0 23 56 00 1 03 56
21 015 0 23 56 00 1 04 56
21 016 0 07 73 04 1 04 73
21 017 0 16 39 03 1 04 39
21 018 0 03 42 01 0 04 39
21 019 0 05 71 02 0 04 39
21 020 0 07 73 04 0 04 72
21 021 0 16 39 03 1 04 39
21 022 0 03 42 01 1 04 42
21 023 0 23 56 00 1 04 56
21 024 0 05 71 02 0 04 39
21 025 0 07 73 04 1 04 73
21 026 0 16 39 03 1 04 39
21 027 0 05 71 02 1 04 71
21 028 0 03 42 01 1 04 42
21 029 0 23 56 00 1 04 56
21 030 0 23 56 00 1 05 56
21 031 0 05 71 02 1 05 71
21 032 0 16 39 03 1 05 39
21 033 0 03 42 01 1 05 42
21 034 0 07 73 04 1 05 73
21 035 0 12 47 05 1 05 47
21 036 0 24 50 06 1 06 50
21 037 0 03 42 01 1 06 42
21 038 0 12 47 05 1 06 47
21 039 0 05 71 02 1 06 71
21 040 0 23 56 00 1 06 56
21 041 0 16 39 03 1 06 39
21 042 0 07 73 04 1 06 73
21 043 0 24 50 06 1 07 50
21 044 0 16 39 03 1 07 39
21 045 0 07 73 04 1 07 73
21 046 0 12 47 05 0 07 50
21 047 0 19 21 07 0 07 50
21 048 0 03 42 01 1 07 42
21 049 0 23 56 00 1 07 56
21 050 0 05 71 02 1 07 71
21 051 0 23 56 00 1 07 56
21 052 0 07 73 04 0 07 50
21 053 0 19 21 07 0 07 50
21 054 0 05 71 02 1 07 71
21 055 0 03 42 01 1 07 42
21 056 0 16 39 03 1 07 39
21 057 0 24 50 06 1 07 50
21 058 0 12 47 05 0 07 71
21 059 0 24 50 06 0 07 21
21 060 0 12 47 05 0 07 21
21 061 0 07 73 04 0 07 50
21 062 0 23 56 00 1 07 56
21 063 0 16 39 03 1 07 39
21 064 0 03 42 01 1 07 42
21 065 0 19 21 07 0 07 73
21 066 0 05 71 02 1 07 71
21 067 0 03 42 01 1 07 42
21 068 0 23 56 00 1 07 56
21 069 0 12 47 05 0 07 50
21 070 0 07 73 04 0 07 50
21 071 0 16 39 03 1 07 39
21 072 0 24 50 06 0 07 52
21 073 0 05 71 02 0 07 37
21 074 0 19 21 07 0 07 50
21 075 0 19 21 07 1 07 21
21 076 0 23 56 00 1 07 56
21 077 0 05 71 02 1 07 71
21 078 0 12 47 05 0 07 50
21 079 0 07 73 04 0 07 50
21 080 0 24 50 06 1 07 50
21 081 0 16 39 03 1 07 39
21 082 0 03 42 01 1 07 42
21 083 0 23 56 00 1 07 56
21 084 0 16 39 03 1 07 39
21 085 0 19 21 07 0 07 72
21 086 0 05 71 02 1 07 71
21 087 0 12 47 05 0 07 50
21 088 0 03 42 01 1 07 42
21 089 0 07 73 04 1 07 73
21 090 0 24 50 06 1 07 50
21 091 0 03 42 01 1 07 42
21 092 0 23 56 00 1 07 56
21 093 0 16 39 03 1 07 39
21 094 0 12 47 05 1 07 47
21 095 0 19 21 07 0 07 50
21 096 0 24 50 06 0 07 51
21 097 0 05 71 02 1 07 71
21 098 0 07 73 04 1 07 73
21 099 0 19 21 07 1 07 21
21 100 0 03 42 01 1 07 42
21 101 0 12 47 05 0 07 50
21 102 0 24 50 06 1 07 50
21 103 0 05 71 02 1 07 71
21 104 0 07 73 04 1 07 73
21 105 0 16 39 03 1 07 39
21 106 0 23 56 00 1 07 56
21 107 0 19 21 07 1 07 21
21 108 0 23 56 00 1 07 56
21 109 0 24 50 06 1 07 50
21 110 0 07 73 04 1 07 73
21 111 0 03 42 01 1 07 42
21 112 0 05 71 02 1 07 71
21 113 0 16 39 03 1 07 39
21 114 0 12 47 05 1 07 47
21 115 0 16 39 03 1 08 39
21 116 0 12 47 05 1 08 47
21 117 0 05 71 02 1 08 71
21 118 0 24 50 06 1 08 50
21 119 0 07 73 04 1 08 73
21 120 0 20 46 08 1 08 46
21 121 0 19 21 07 1 08 21
21 122 0 23 56 00 1 08 56
21 123 0 03 42 01 1 08 42
21 124 0 04 35 09 1 09 35
21 125 0 19 21 07 1 09 21
21 126 0 07 73 04 1 09 73
21 127 0 20 46 08 1 09 46
21 128 0 16 39 03 1 09 39
21 129 0 05 71 02 0 09 35
21 130 0 12 47 05 0 09 50
21 131 0 23 56 00 1 09 56
21 132 0 24 50 06 1 09 50
21 133 0 03 42 01 1 09 42
21 134 0 20 46 08 1 09 46
21 135 0 03 42 01 1 09 42
21 136 0 16 39 03 1 09 39
21 137 0 12 47 05 1 09 47
21 138 0 23 56 00 1 09 56
21 139 0 19 21 07 1 09 21
21 140 0 04 35 09 1 09 35
21 141 0 07 73 04 1 09 73
21 142 0 24 50 06 1 09 50
21 143 0 05 71 02 1 09 71
21 144 0 20 46 08 1 10 46
21 145 0 12 47 05 1 10 47
21 146 0 24 50 06 1 10 50
21 147 0 11 37 10 0 10 32
21 148 0 07 73 04 1 10 73
21 149 0 05 71 02 1 10 71
21 100 1 25 28 00 1 00 28
21 101 1 25 28 00 1 01 28
21 102 1 06 23 01 1 01 23
21 103 1 23 70 02 1 02 70
21 104 1 25 28 00 1 02 28
21 105 1 06 23 01 0 02 32
21 106 1 25 28 00 1 02 28
21 107 1 06 23 01 1 02 23
21 108 1 23 70 02 0 02 27
21 109 1 06 23 01 1 02 23
21 110 1 23 70 02 1 02 70
21 111 1 25 28 00 1 02 28
21 112 1 14 17 03 1 03 17
21 113 1 23 70 02 1 03 70
21 114 1 06 23 01 1 03 23
21 115 1 25 28 00 1 03 28
21 116 1 14 17 03 1 04 17
21 117 1 25 28 00 1 04 28
21 118 1 10 67 04 0 04 47
21 119 1 23 70 02 0 04 27
21 120 1 06 23 01 1 04 23
21 121 1 10 67 04 0 04 37
21 122 1 25 28 00 1 04 28
21 123 1 06 23 01 1 04 23
21 124 1 14 17 03 0 04 67
21 125 1 23 70 02 0 04 27
21 126 1 06 23 01 1 04 23
21 127 1 23 70 02 1 04 70
21 128 1 14 17 03 1 04 17
21 129 1 10 67 04 1 04 67
21 130 1 25 28 00 1 04 28
21 131 1 10 67 04 1 05 67
21 132 1 17 18 05 1 05 18
21 133 1 25 28 00 1 05 28
21 134 1 14 17 03 1 05 17
21 135 1 23 70 02 1 05 70
21 136 1 06 23 01 1 05 23
21 137 1 23 70 02 1 06 70
21 138 1 06 23 01 1 06 23
21 139 1 10 67 04 1 06 67
21 140 1 25 28 00 1 06 28
21 141 1 17 18 05 0 06 22
21 142 1 12 22 06 1 06 22
21 143 1 14 17 03 1 06 17
21 144 1 25 28 00 1 06 28
21 145 1 12 22 06 0 06 18
21 146 1 23 70 02 1 06 70
21 147 1 10 67 04 1 06 67
21 148 1 17 18 05 1 06 18
21 149 1 06 23 01 1 06 23
21 150 1 14 17 03 1 06 17
21 151 1 06 23 01 1 06 23
21 152 1 17 18 05 1 06 18
21 153 1 12 22 06 1 06 22
21 154 1 23 70 02 1 06 70
21 155 1 25 28 00 1 06 28
21 156 1 14 17 03 1 06 17
21 157 1 10 67 04 1 06 67
21 158 1 23 70 02 1 07 70
21 159 1 06 23 01 1 07 23
21 160 1 17 18 05 1 07 18
21 161 1 14 17 03 1 07 17
21 162 1 07 65 07 1 07 65
21 163 1 10 67 04 1 07 67
21 164 1 25 28 00 1 07 28
21 165 1 12 22 06 1 07 22
21 166 1 11 13 08 1 08 13
21 167 1 07 65 07 0 08 18
21 168 1 25 28 00 1 08 28
21 169 1 10 67 04 1 08 67
21 170 1 12 22 06 1 08 22
21 171 1 17 18 05 1 08 18
21 172 1 06 23 01 1 08 23
21 173 1 23 70 02 1 08 70
21 174 1 14 17 03 1 08 17
21 175 1 14 17 03 1 08 17
21 176 1 25 28 00 1 08 28
21 177 1 10 67 04 1 08 67
21 178 1 23 70 02 1 08 70
21 179 1 17 18 05 1 08 18
21 180 1 12 22 06 1 08 22
21 181 1 11 13 08 1 08 13
21 182 1 06 23 01 1 08 23
21 183 1 07 65 07 0 08 18
21 184 1 25 28 00 1 08 28
21 185 1 07 65 07 0 08 28
21 186 1 06 23 01 1 08 23
21 187 1 12 22 06 1 08 22
21 188 1 17 18 05 0 08 16
21 189 1 10 67 04 1 08 67
21 190 1 14 17 03 1 08 17
21 191 1 23 70 02 1 08 70
21 192 1 11 13 08 1 08 13
21 193 1 17 18 05 1 08 18
21 194 1 14 17 03 1 08 17
21 195 1 06 23 01 1 08 23
21 196 1 11 13 08 1 08 13
21 197 1 25 28 00 0 08 65
21 198 1 10 67 04 1 08 67
21 199 1 07 65 07 0 08 28
21 200 1 12 22 06 1 08 22
21 201 1 23 70 02 1 08 70
21 202 1 11 13 08 1 08 13
21 203 1 07 65 07 1 08 65
21 204 1 10 67 04 1 08 67
21 205 1 23 70 02 1 08 70
21 206 1 25 28 00 1 08 28
21 207 1 17 18 05 1 08 18
21 208 1 14 17 03 1 08 17
21 209 1 06 23 01 1 08 23
21 210 1 12 22 06 1 08 22
21 211 1 23 70 02 1 09 70
21 212 1 17 18 05 1 09 18
21 213 1 11 13 08 1 09 13
21 214 1 20 59 09 1 09 59
21 215 1 07 65 07 1 09 65
21 216 1 06 23 01 1 09 23
21 217 1 12 22 06 1 09 22
21 218 1 25 28 00 0 09 65
21 219 1 10 67 04 1 09 67
21 220 1 14 17 03 1 09 17
21 221 1 10 67 04 0 09 22
21 222 1 12 22 06 1 09 22
21 223 1 06 23 01 1 09 23
21 224 1 07 65 07 1 09 65
21 225 1 20 59 09 0 09 65
21 226 1 17 18 05 1 09 18
21 227 1 14 17 03 1 09 17
21 228 1 25 28 00 1 09 28
21 229 1 11 13 08 1 09 13
21 230 1 23 70 02 1 09 70
21 231 1 12 22 06 1 09 22
21 232 1 10 67 04 1 09 67
21 233 1 07 65 07 1 09 65
21 234 1 23 70 02 1 09 70
21 235 1 06 23 01 1 09 23
21 236 1 17 18 05 1 09 18
21 237 1 20 59 09 1 09 59
21 238 1 11 13 08 1 09 13
21 239 1 25 28 00 1 09 28
21 240 1 14 17 03 1 09 17
21 241 1 26 26 10 1 10 26
21 242 1 17 18 05 1 10 18
21 243 1 25 28 00 1 10 28
21 244 1 14 17 03 1 10 17
21 245 1 23 70 02 1 10 70
21 246 1 06 23 01 1 10 23
21 247 1 10 67 04 1 10 67
21 248 1 07 65 07 1 10 65
21 249 1 11 13 08 1 10 13
21 200 2 09 58 00 1 00 58
21 201 2 09 58 00 1 01 58
21 202 2 02 43 01 1 01 43
21 203 2 00 27 02 1 02 27
21 204 2 09 58 00 1 02 58
21 205 2 02 43 01 0 02 23
21 206 2 02 43 01 1 02 43
21 207 2 09 58 00 0 02 59
21 208 2 00 27 02 1 02 27
21 209 2 02 43 01 1 02 43
21 210 2 09 58 00 1 02 58
21 211 2 00 27 02 1 02 27
21 212 2 12 29 03 0 03 58
21 213 2 09 58 00 0 03 29
21 214 2 02 43 01 0 03 24
21 215 2 00 27 02 1 03 27
21 216 2 12 29 03 0 03 47
21 217 2 00 27 02 1 03 27
21 218 2 09 58 00 0 03 25
21 219 2 02 43 01 1 03 43
21 220 2 00 27 02 1 03 27
21 221 2 09 58 00 1 03 58
21 222 2 12 29 03 1 03 29
21 223 2 02 43 01 1 03 43
21 224 2 08 25 04 1 04 25
21 225 2 09 58 00 1 04 58
21 226 2 02 43 01 1 04 43
21 227 2 00 27 02 1 04 27
21 228 2 12 29 03 1 04 29
21 229 2 12 29 03 1 05 29
21 230 2 02 43 01 1 05 43
21 231 2 09 58 00 1 05 58
21 232 2 00 27 02 1 05 27
21 233 2 08 25 04 0 05 58
21 234 2 04 32 05 0 05 25
21 235 2 09 58 00 0 05 25
21 236 2 08 25 04 1 05 25
21 237 2 02 43 01 1 05 43
21 238 2 00 27 02 1 05 27
21 239 2 12 29 03 1 05 29
21 240 2 04 32 05 1 05 32
21 241 2 12 29 03 1 05 29
21 242 2 08 25 04 0 05 58
21 243 2 04 32 05 1 05 32
21 244 2 00 27 02 1 05 27
21 245 2 09 58 00 0 05 25
21 246 2 02 43 01 1 05 43
21 247 2 08 25 04 1 05 25
21 248 2 09 58 00 1 05 58
21 249 2 12 29 03 1 05 29
21 250 2 02 43 01 1 05 43
21 251 2 04 32 05 1 05 32
21 252 2 00 27 02 1 05 27
21 253 2 09 58 00 0 06 25
21 254 2 02 43 01 1 06 43
21 255 2 03 38 06 0 06 32
21 256 2 00 27 02 1 06 27
21 257 2 04 32 05 1 06 32
21 258 2 08 25 04 1 06 25
21 259 2 12 29 03 1 06 29
21 260 2 08 25 04 0 06 58
21 261 2 00 27 02 1 06 27
21 262 2 02 43 01 1 06 43
21 263 2 12 29 03 1 06 29
21 264 2 04 32 05 0 06 38
21 265 2 03 38 06 1 06 38
21 266 2 09 58 00 0 06 25
21 267 2 09 58 00 1 06 58
21 268 2 03 38 06 1 06 38
21 269 2 02 43 01 1 06 43
21 270 2 08 25 04 1 06 25
21 271 2 00 27 02 1 06 27
21 272 2 12 29 03 1 06 29
21 273 2 04 32 05 1 06 32
21 274 2 09 58 00 0 07 25
21 275 2 02 43 01 1 07 43
21 276 2 12 29 03 1 07 29
21 277 2 05 11 07 1 07 11
21 278 2 04 32 05 0 07 38
21 279 2 00 27 02 1 07 27
21 280 2 03 38 06 0 07 32
21 281 2 08 25 04 1 07 25
21 282 2 03 38 06 1 07 38
21 283 2 08 25 04 1 07 25
21 284 2 04 32 05 0 07 11
21 285 2 02 43 01 0 07 11
21 286 2 00 27 02 1 07 27
21 287 2 05 11 07 0 07 38
21 288 2 09 58 00 0 07 25
21 289 2 12 29 03 1 07 29
21 290 2 12 29 03 1 07 29
21 291 2 02 43 01 1 07 43
21 292 2 08 25 04 0 07 38
21 293 2 00 27 02 1 07 27
21 294 2 09 58 00 0 07 25
21 295 2 03 38 06 0 07 32
21 296 2 05 11 07 0 07 38
21 297 2 04 32 05 0 07 11
21 298 2 05 11 07 1 07 11
21 299 2 04 32 05 0 07 38
21 300 2 08 25 04 1 07 25
21 301 2 09 58 00 0 07 29
21 302 2 02 43 01 1 07 43
21 303 2 12 29 03 1 07 29
21 304 2 03 38 06 0 07 32
21 305 2 00 27 02 1 07 27
21 306 2 02 43 01 1 07 43
21 307 2 08 25 04 1 07 25
21 308 2 09 58 00 1 07 58
21 309 2 04 32 05 0 07 11
21 310 2 05 11 07 1 07 11
21 311 2 03 38 06 1 07 38
21 312 2 00 27 02 1 07 27
21 313 2 12 29 03 1 07 29
21 314 2 05 11 07 0 07 38
21 315 2 03 38 06 0 07 43
21 316 2 08 25 04 1 07 25
21 317 2 12 29 03 1 07 29
21 318 2 02 43 01 1 07 43
21 319 2 09 58 00 1 07 58
21 320 2 00 27 02 1 07 27
21 321 2 04 32 05 0 07 38
21 322 2 03 38 06 0 07 11
21 323 2 09 58 00 0 07 25
21 324 2 08 25 04 1 07 25
21 325 2 02 43 01 1 07 43
21 326 2 00 27 02 1 07 27
21 327 2 04 32 05 0 07 11
21 328 2 12 29 03 1 07 29
21 329 2 05 11 07 0 07 38
21 330 2 09 58 00 1 07 58
21 331 2 05 11 07 1 07 11
21 332 2 00 27 02 1 07 27
21 333 2 12 29 03 1 07 29
21 334 2 03 38 06 0 07 43
21 335 2 08 25 04 1 07 25
21 336 2 04 32 05 0 07 11
21 337 2 02 43 01 1 07 43
21 338 2 03 38 06 0 07 43
21 339 2 12 29 03 1 07 29
21 340 2 05 11 07 1 07 11
21 341 2 04 32 05 0 07 38
21 342 2 02 43 01 1 07 43
21 343 2 08 25 04 1 07 25
21 344 2 09 58 00 1 07 58
21 345 2 00 27 02 1 07 27
21 346 2 05 11 07 1 07 11
21 347 2 09 58 00 1 07 58
21 348 2 02 43 01 1 07 43
21 349 2 08 25 04 1 07 25
