06 000 0 23 56 00 1 00 56
06 001 0 23 56 00 1 01 56
06 002 0 03 42 01 1 01 42
06 003 0 05 71 02 1 02 71
06 004 0 03 42 01 1 02 42
06 005 0 23 56 00 1 02 56
06 006 0 23 56 00 1 03 56
06 007 0 16 39 03 0 03 36
06 008 0 05 71 02 0 03 72
06 009 0 03 42 01 1 03 42
06 010 0 16 39 03 1 03 39
06 011 0 05 71 02 1 03 71
06 012 0 03 42 01 1 03 42
06 013 0 23 56 00 1 03 56
06 014 0 03 42 01 0 04 39
06 015 0 07 73 04 1 04 73
06 016 0 05 71 02 0 04 39
06 017 0 23 56 00 1 04 56
06 018 0 16 39 03 1 04 39
06 019 0 03 42 01 0 04 71
06 020 0 07 73 04 0 04 42
06 021 0 23 56 00 1 04 56
06 022 0 16 39 03 1 04 39
06 023 0 05 71 02 0 04 37
06 024 0 07 73 04 0 04 39
06 025 0 03 42 01 1 04 42
06 026 0 23 56 00 1 04 56
06 027 0 05 71 02 0 04 39
06 028 0 16 39 03 1 04 39
06 029 0 23 56 00 1 04 56
06 030 0 16 39 03 0 04 71
06 031 0 07 73 04 1 04 73
06 032 0 05 71 02 1 04 71
06 033 0 03 42 01 1 04 42
06 034 0 16 39 03 1 04 39
06 035 0 05 71 02 0 04 73
06 036 0 03 42 01 0 04 71
06 037 0 23 56 00 1 04 56
06 038 0 07 73 04 0 04 39
06 039 0 05 71 02 0 04 39
06 040 0 23 56 00 1 04 56
06 041 0 16 39 03 0 04 71
06 042 0 03 42 01 0 04 71
06 043 0 07 73 04 1 04 73
06 044 0 03 42 01 1 04 42
06 045 0 05 71 02 1 04 71
06 046 0 07 73 04 1 04 73
06 047 0 16 39 03 1 04 39
06 048 0 23 56 00 1 04 56
06 049 0 12 47 05 1 05 47
06 050 0 07 73 04 1 05 73
06 051 0 03 42 01 1 05 42
06 052 0 16 39 03 1 05 39
06 053 0 23 56 00 1 05 56
06 054 0 05 71 02 1 05 71
06 055 0 16 39 03 1 06 39
06 056 0 07 73 04 0 06 71
06 057 0 12 47 05 1 06 47
06 058 0 03 42 01 1 06 42
06 059 0 24 50 06 0 06 42
06 060 0 23 56 00 1 06 56
06 061 0 05 71 02 1 06 71
06 062 0 24 50 06 1 06 50
06 063 0 12 47 05 1 06 47
06 064 0 03 42 01 0 06 73
06 065 0 05 71 02 1 06 71
06 066 0 23 56 00 1 06 56
06 067 0 07 73 04 0 06 50
06 068 0 16 39 03 1 06 39
06 069 0 12 47 05 1 06 47
06 070 0 24 50 06 0 06 71
06 071 0 03 42 01 1 06 42
06 072 0 05 71 02 0 06 50
06 073 0 16 39 03 1 06 39
06 074 0 07 73 04 1 06 73
06 075 0 23 56 00 1 06 56
06 076 0 12 47 05 1 06 47
06 077 0 07 73 04 0 06 71
06 078 0 24 50 06 1 06 50
06 079 0 03 42 01 1 06 42
06 080 0 16 39 03 1 06 39
06 081 0 05 71 02 0 06 50
06 082 0 23 56 00 1 06 56
06 083 0 07 73 04 1 06 73
06 084 0 23 56 00 1 06 56
06 085 0 05 71 02 1 06 71
06 086 0 24 50 06 1 06 50
06 087 0 12 47 05 1 06 47
06 088 0 16 39 03 1 06 39
06 089 0 03 42 01 1 06 42
06 090 0 16 39 03 1 07 39
06 091 0 07 73 04 0 07 71
06 092 0 23 56 00 1 07 56
06 093 0 05 71 02 1 07 71
06 094 0 12 47 05 1 07 47
06 095 0 03 42 01 1 07 42
06 096 0 19 21 07 1 07 21
06 097 0 24 50 06 1 07 50
06 098 0 05 71 02 0 07 73
06 099 0 12 47 05 1 07 47
06 100 0 07 73 04 0 07 71
06 101 0 16 39 03 1 07 39
06 102 0 03 42 01 1 07 42
06 103 0 19 21 07 1 07 21
06 104 0 24 50 06 1 07 50
06 105 0 23 56 00 1 07 56
06 106 0 12 47 05 1 07 47
06 107 0 05 71 02 0 07 73
06 108 0 23 56 00 1 07 56
06 109 0 03 42 01 1 07 42
06 110 0 24 50 06 1 07 50
06 111 0 07 73 04 1 07 73
06 112 0 19 21 07 1 07 21
06 113 0 16 39 03 1 07 39
06 114 0 03 42 01 1 07 42
06 115 0 07 73 04 0 07 71
06 116 0 16 39 03 1 07 39
06 117 0 05 71 02 1 07 71
06 118 0 12 47 05 1 07 47
06 119 0 24 50 06 0 07 03
06 120 0 23 56 00 1 07 56
06 121 0 19 21 07 1 07 21
06 122 0 03 42 01 1 07 42
06 123 0 12 47 05 1 07 47
06 124 0 19 21 07 1 07 21
06 125 0 23 56 00 1 07 56
06 126 0 24 50 06 1 07 50
06 127 0 05 71 02 1 07 71
06 128 0 16 39 03 1 07 39
06 129 0 07 73 04 0 07 04
06 130 0 12 47 05 1 07 47
06 131 0 23 56 00 1 07 56
06 132 0 16 39 03 1 07 39
06 133 0 24 50 06 1 07 50
06 134 0 05 71 02 1 07 71
06 135 0 07 73 04 1 07 73
06 136 0 19 21 07 1 07 21
06 137 0 03 42 01 1 07 42
06 138 0 05 71 02 1 08 71
06 139 0 20 46 08 1 08 46
06 140 0 16 39 03 0 08 07
06 141 0 12 47 05 1 08 47
06 142 0 24 50 06 1 08 50
06 143 0 19 21 07 1 08 21
06 144 0 07 73 04 1 08 73
06 145 0 03 42 01 1 08 42
06 146 0 23 56 00 1 08 56
06 147 0 23 56 00 1 08 56
06 148 0 24 50 06 1 08 50
06 149 0 03 42 01 1 08 42
06 100 1 25 28 00 1 00 28
06 101 1 25 28 00 1 01 28
06 102 1 06 23 01 1 01 23
06 103 1 23 70 02 1 02 70
06 104 1 06 23 01 1 02 23
06 105 1 25 28 00 1 02 28
06 106 1 25 28 00 1 03 28
06 107 1 06 23 01 1 03 23
06 108 1 14 17 03 1 03 17
06 109 1 23 70 02 1 03 70
06 110 1 10 67 04 1 04 67
06 111 1 25 28 00 1 04 28
06 112 1 14 17 03 1 04 17
06 113 1 06 23 01 1 04 23
06 114 1 23 70 02 1 04 70
06 115 1 10 67 04 1 05 67
06 116 1 23 70 02 1 05 70
06 117 1 17 18 05 1 05 18
06 118 1 06 23 01 1 05 23
06 119 1 25 28 00 1 05 28
06 120 1 14 17 03 1 05 17
06 121 1 10 67 04 1 06 67
06 122 1 14 17 03 1 06 17
06 123 1 23 70 02 1 06 70
06 124 1 17 18 05 0 06 67
06 125 1 06 23 01 1 06 23
06 126 1 12 22 06 1 06 22
06 127 1 25 28 00 1 06 28
06 128 1 10 67 04 0 06 18
06 129 1 17 18 05 1 06 18
06 130 1 06 23 01 1 06 23
06 131 1 25 28 00 1 06 28
06 132 1 14 17 03 1 06 17
06 133 1 23 70 02 1 06 70
06 134 1 12 22 06 1 06 22
06 135 1 25 28 00 1 06 28
06 136 1 14 17 03 1 06 17
06 137 1 12 22 06 1 06 22
06 138 1 17 18 05 1 06 18
06 139 1 10 67 04 1 06 67
06 140 1 06 23 01 1 06 23
06 141 1 23 70 02 1 06 70
06 142 1 23 70 02 1 07 70
06 143 1 10 67 04 1 07 67
06 144 1 25 28 00 1 07 28
06 145 1 14 17 03 1 07 17
06 146 1 17 18 05 1 07 18
06 147 1 06 23 01 1 07 23
06 148 1 12 22 06 1 07 22
06 149 1 07 65 07 0 07 16
06 150 1 12 22 06 1 07 22
06 151 1 06 23 01 1 07 23
06 152 1 17 18 05 1 07 18
06 153 1 25 28 00 1 07 28
06 154 1 23 70 02 1 07 70
06 155 1 14 17 03 1 07 17
06 156 1 07 65 07 1 07 65
06 157 1 10 67 04 1 07 67
06 158 1 25 28 00 1 08 28
06 159 1 12 22 06 1 08 22
06 160 1 23 70 02 1 08 70
06 161 1 10 67 04 1 08 67
06 162 1 07 65 07 1 08 65
06 163 1 06 23 01 1 08 23
06 164 1 17 18 05 0 08 13
06 165 1 11 13 08 1 08 13
06 166 1 14 17 03 1 08 17
06 167 1 06 23 01 1 08 23
06 168 1 07 65 07 1 08 65
06 169 1 11 13 08 1 08 13
06 170 1 25 28 00 1 08 28
06 171 1 17 18 05 1 08 18
06 172 1 23 70 02 1 08 70
06 173 1 14 17 03 1 08 17
06 174 1 12 22 06 1 08 22
06 175 1 10 67 04 1 08 67
06 176 1 11 13 08 1 09 13
06 177 1 12 22 06 1 09 22
06 178 1 23 70 02 1 09 70
06 179 1 25 28 00 1 09 28
06 180 1 10 67 04 1 09 67
06 181 1 17 18 05 1 09 18
06 182 1 20 59 09 1 09 59
06 183 1 07 65 07 1 09 65
06 184 1 14 17 03 1 09 17
06 185 1 06 23 01 1 09 23
06 186 1 25 28 00 1 10 28
06 187 1 23 70 02 1 10 70
06 188 1 14 17 03 1 10 17
06 189 1 26 26 10 1 10 26
06 190 1 10 67 04 1 10 67
06 191 1 11 13 08 1 10 13
06 192 1 12 22 06 0 10 12
06 193 1 06 23 01 1 10 23
06 194 1 20 59 09 1 10 59
06 195 1 17 18 05 1 10 18
06 196 1 07 65 07 1 10 65
06 197 1 23 70 02 1 10 70
06 198 1 14 17 03 1 10 17
06 199 1 20 59 09 1 10 59
06 200 1 17 18 05 1 10 18
06 201 1 12 22 06 0 10 01
06 202 1 26 26 10 1 10 26
06 203 1 25 28 00 1 10 28
06 204 1 07 65 07 1 10 65
06 205 1 10 67 04 1 10 67
06 206 1 06 23 01 1 10 23
06 207 1 11 13 08 1 10 13
06 208 1 26 26 10 1 10 26
06 209 1 23 70 02 1 10 70
06 210 1 12 22 06 1 10 22
06 211 1 07 65 07 1 10 65
06 212 1 14 17 03 1 10 17
06 213 1 11 13 08 1 10 13
06 214 1 17 18 05 1 10 18
06 215 1 10 67 04 1 10 67
06 216 1 20 59 09 1 10 59
06 217 1 06 23 01 1 10 23
06 218 1 25 28 00 1 10 28
06 219 1 25 28 00 1 11 28
06 220 1 26 26 10 1 11 26
06 221 1 20 59 09 1 11 59
06 222 1 17 18 05 1 11 18
06 223 1 11 13 08 1 11 13
06 224 1 14 17 03 1 11 17
06 225 1 10 67 04 1 11 67
06 226 1 08 64 11 1 11 64
06 227 1 12 22 06 1 11 22
06 228 1 07 65 07 1 11 65
06 229 1 23 70 02 1 11 70
06 230 1 06 23 01 1 11 23
06 231 1 25 28 00 1 12 28
06 232 1 20 59 09 1 12 59
06 233 1 06 23 01 0 12 32
06 234 1 15 36 12 0 12 38
06 235 1 11 13 08 1 12 13
06 236 1 26 26 10 1 12 26
06 237 1 12 22 06 1 12 22
06 238 1 07 65 07 1 12 65
06 239 1 14 17 03 1 12 17
06 240 1 17 18 05 1 12 18
06 241 1 10 67 04 1 12 67
06 242 1 08 64 11 1 12 64
06 243 1 23 70 02 1 12 70
06 244 1 10 67 04 1 12 67
06 245 1 17 18 05 1 12 18
06 246 1 25 28 00 1 12 28
06 247 1 07 65 07 1 12 65
06 248 1 12 22 06 1 12 22
06 249 1 08 64 11 0 12 36
06 200 2 09 58 00 1 00 58
06 201 2 09 58 00 1 01 58
06 202 2 02 43 01 1 01 43
06 203 2 09 58 00 1 02 58
06 204 2 02 43 01 1 02 43
06 205 2 00 27 02 1 02 27
06 206 2 12 29 03 1 03 29
06 207 2 02 43 01 1 03 43
06 208 2 09 58 00 1 03 58
06 209 2 00 27 02 1 03 27
06 210 2 12 29 03 1 04 29
06 211 2 08 25 04 0 04 58
06 212 2 02 43 01 1 04 43
06 213 2 09 58 00 1 04 58
06 214 2 00 27 02 1 04 27
06 215 2 02 43 01 1 04 43
06 216 2 12 29 03 1 04 29
06 217 2 09 58 00 0 04 56
06 218 2 00 27 02 1 04 27
06 219 2 08 25 04 0 04 46
06 220 2 12 29 03 1 04 29
06 221 2 08 25 04 0 04 58
06 222 2 00 27 02 1 04 27
06 223 2 02 43 01 1 04 43
06 224 2 09 58 00 1 04 58
06 225 2 08 25 04 1 04 25
06 226 2 00 27 02 1 04 27
06 227 2 12 29 03 1 04 29
06 228 2 02 43 01 1 04 43
06 229 2 09 58 00 0 04 25
06 230 2 02 43 01 1 04 43
06 231 2 08 25 04 1 04 25
06 232 2 12 29 03 1 04 29
06 233 2 00 27 02 1 04 27
06 234 2 09 58 00 1 04 58
06 235 2 09 58 00 1 05 58
06 236 2 08 25 04 1 05 25
06 237 2 04 32 05 1 05 32
06 238 2 00 27 02 1 05 27
06 239 2 02 43 01 1 05 43
06 240 2 12 29 03 1 05 29
06 241 2 08 25 04 0 06 58
06 242 2 12 29 03 1 06 29
06 243 2 09 58 00 0 06 25
06 244 2 03 38 06 0 06 43
06 245 2 02 43 01 1 06 43
06 246 2 04 32 05 0 06 38
06 247 2 00 27 02 1 06 27
06 248 2 09 58 00 1 06 58
06 249 2 00 27 02 1 06 27
06 250 2 04 32 05 0 06 36
06 251 2 03 38 06 0 06 32
06 252 2 02 43 01 0 06 38
06 253 2 08 25 04 0 06 58
06 254 2 12 29 03 1 06 29
06 255 2 04 32 05 0 06 38
06 256 2 09 58 00 1 06 58
06 257 2 12 29 03 1 06 29
06 258 2 02 43 01 0 06 32
06 259 2 00 27 02 1 06 27
06 260 2 08 25 04 1 06 25
06 261 2 03 38 06 0 06 32
06 262 2 00 27 02 1 06 27
06 263 2 09 58 00 1 06 58
06 264 2 03 38 06 0 06 32
06 265 2 04 32 05 0 06 38
06 266 2 12 29 03 1 06 29
06 267 2 02 43 01 1 06 43
06 268 2 08 25 04 1 06 25
06 269 2 09 58 00 1 06 58
06 270 2 12 29 03 1 06 29
06 271 2 08 25 04 0 06 38
06 272 2 02 43 01 0 06 42
06 273 2 04 32 05 1 06 32
06 274 2 00 27 02 1 06 27
06 275 2 03 38 06 0 06 43
06 276 2 00 27 02 1 06 27
06 277 2 03 38 06 1 06 38
06 278 2 02 43 01 0 06 32
06 279 2 12 29 03 1 06 29
06 280 2 09 58 00 1 06 58
06 281 2 08 25 04 1 06 25
06 282 2 04 32 05 1 06 32
06 283 2 00 27 02 1 06 27
06 284 2 04 32 05 0 06 38
06 285 2 12 29 03 1 06 29
06 286 2 02 43 01 1 06 43
06 287 2 09 58 00 1 06 58
06 288 2 03 38 06 0 06 32
06 289 2 08 25 04 0 06 58
06 290 2 08 25 04 0 06 58
06 291 2 03 38 06 0 06 32
06 292 2 04 32 05 1 06 32
06 293 2 00 27 02 1 06 27
06 294 2 09 58 00 1 06 58
06 295 2 12 29 03 1 06 29
06 296 2 02 43 01 0 06 38
06 297 2 00 27 02 1 06 27
06 298 2 03 38 06 1 06 38
06 299 2 08 25 04 1 06 25
06 300 2 12 29 03 1 06 29
06 301 2 09 58 00 1 06 58
06 302 2 04 32 05 1 06 32
06 303 2 02 43 01 1 06 43
06 304 2 03 38 06 1 07 38
06 305 2 12 29 03 1 07 29
06 306 2 02 43 01 1 07 43
06 307 2 08 25 04 1 07 25
06 308 2 00 27 02 1 07 27
06 309 2 05 11 07 0 07 58
06 310 2 04 32 05 0 07 11
06 311 2 09 58 00 1 07 58
06 312 2 12 29 03 1 07 29
06 313 2 02 43 01 1 07 43
06 314 2 00 27 02 1 07 27
06 315 2 09 58 00 1 07 58
06 316 2 03 38 06 0 07 32
06 317 2 04 32 05 0 07 38
06 318 2 05 11 07 1 07 11
06 319 2 08 25 04 0 07 58
06 320 2 03 38 06 1 07 38
06 321 2 08 25 04 1 07 25
06 322 2 12 29 03 1 07 29
06 323 2 09 58 00 1 07 58
06 324 2 00 27 02 1 07 27
06 325 2 02 43 01 0 07 38
06 326 2 05 11 07 0 07 32
06 327 2 04 32 05 1 07 32
06 328 2 04 32 05 0 07 11
06 329 2 05 11 07 0 07 32
06 330 2 08 25 04 0 07 58
06 331 2 00 27 02 1 07 27
06 332 2 12 29 03 1 07 29
06 333 2 02 43 01 1 07 43
06 334 2 09 58 00 0 07 25
06 335 2 03 38 06 1 07 38
06 336 2 03 38 06 0 07 32
06 337 2 05 11 07 0 07 32
06 338 2 04 32 05 1 07 32
06 339 2 00 27 02 1 07 27
06 340 2 02 43 01 1 07 43
06 341 2 08 25 04 1 07 25
06 342 2 09 58 00 1 07 58
06 343 2 12 29 03 1 07 29
06 344 2 00 27 02 1 07 27
06 345 2 09 58 00 1 07 58
06 346 2 03 38 06 1 07 38
06 347 2 05 11 07 1 07 11
06 348 2 08 25 04 1 07 25
06 349 2 02 43 01 0 07 38
