04 100 1 25 28 00 0 00 00
04 101 1 25 28 00 0 00 00
04 102 1 25 28 00 0 00 00
04 103 1 25 28 00 0 00 00
04 104 1 25 28 00 0 00 00
04 105 1 25 28 00 0 00 00
04 106 1 25 28 00 0 00 00
04 107 1 25 28 00 0 00 00
04 108 1 25 28 00 0 00 00
04 109 1 25 28 00 0 00 00
04 110 1 25 28 00 0 00 00
04 111 1 25 28 00 0 00 00
04 112 1 25 28 00 0 00 00
04 113 1 25 28 00 0 00 00
04 114 1 25 28 00 0 00 00
04 115 1 25 28 00 0 00 00
04 116 1 25 28 00 0 00 00
04 117 1 25 28 00 0 00 00
04 118 1 25 28 00 0 00 00
04 119 1 25 28 00 0 00 00
04 120 1 25 28 00 0 00 00
04 121 1 25 28 00 0 00 00
04 122 1 25 28 00 0 00 00
04 123 1 25 28 00 0 00 00
04 124 1 25 28 00 0 00 00
04 125 1 25 28 00 0 00 00
04 126 1 25 28 00 0 00 00
04 127 1 25 28 00 0 00 00
04 128 1 25 28 00 0 00 00
04 129 1 25 28 00 0 00 00
04 130 1 25 28 00 0 00 00
04 131 1 25 28 00 0 00 00
04 132 1 25 28 00 0 00 00
04 133 1 25 28 00 0 00 00
04 134 1 25 28 00 0 00 00
04 135 1 25 28 00 0 00 00
04 136 1 25 28 00 0 00 00
04 137 1 25 28 00 0 00 00
04 138 1 25 28 00 0 00 00
04 139 1 25 28 00 0 00 00
04 140 1 25 28 00 0 00 00
04 141 1 25 28 00 0 00 00
04 142 1 25 28 00 0 00 00
04 143 1 25 28 00 0 00 00
04 144 1 25 28 00 0 00 00
04 145 1 25 28 00 0 00 00
04 146 1 25 28 00 0 00 00
04 147 1 25 28 00 0 00 00
04 148 1 25 28 00 0 00 00
04 149 1 25 28 00 0 00 00
04 150 1 25 28 00 0 00 00
04 151 1 25 28 00 0 00 00
04 152 1 25 28 00 0 00 00
04 153 1 25 28 00 0 00 00
04 154 1 25 28 00 0 00 00
04 155 1 25 28 00 0 00 00
04 156 1 25 28 00 1 00 28
04 157 1 25 28 00 1 01 28
04 158 1 06 23 01 1 01 23
04 159 1 23 70 02 1 02 70
04 160 1 25 28 00 1 02 28
04 161 1 06 23 01 1 02 23
04 162 1 06 23 01 1 03 23
04 163 1 25 28 00 1 03 28
04 164 1 23 70 02 1 03 70
04 165 1 14 17 03 1 03 17
04 166 1 23 70 02 1 04 70
04 167 1 14 17 03 0 04 67
04 168 1 25 28 00 1 04 28
04 169 1 06 23 01 1 04 23
04 170 1 10 67 04 1 04 67
04 171 1 23 70 02 1 04 70
04 172 1 14 17 03 1 04 17
04 173 1 10 67 04 1 04 67
04 174 1 06 23 01 1 04 23
04 175 1 25 28 00 1 04 28
04 176 1 23 70 02 1 05 70
04 177 1 25 28 00 1 05 28
04 178 1 14 17 03 1 05 17
04 179 1 17 18 05 0 05 01
04 180 1 10 67 04 1 05 67
04 181 1 06 23 01 1 05 23
04 182 1 17 18 05 1 05 18
04 183 1 14 17 03 1 05 17
04 184 1 06 23 01 1 05 23
04 185 1 25 28 00 1 05 28
04 186 1 23 70 02 1 05 70
04 187 1 10 67 04 1 05 67
04 188 1 12 22 06 1 06 22
04 189 1 14 17 03 1 06 17
04 190 1 10 67 04 1 06 67
04 191 1 06 23 01 1 06 23
04 192 1 25 28 00 1 06 28
04 193 1 17 18 05 1 06 18
04 194 1 23 70 02 1 06 70
04 195 1 06 23 01 1 07 23
04 196 1 07 65 07 0 07 68
04 197 1 14 17 03 1 07 17
04 198 1 17 18 05 1 07 18
04 199 1 23 70 02 1 07 70
04 200 1 25 28 00 1 07 28
04 201 1 12 22 06 0 07 65
04 202 1 10 67 04 1 07 67
04 203 1 23 70 02 1 07 70
04 204 1 12 22 06 1 07 22
04 205 1 25 28 00 1 07 28
04 206 1 17 18 05 1 07 18
04 207 1 06 23 01 1 07 23
04 208 1 10 67 04 1 07 67
04 209 1 07 65 07 1 07 65
04 210 1 14 17 03 1 07 17
04 211 1 11 13 08 1 08 13
04 212 1 23 70 02 1 08 70
04 213 1 25 28 00 1 08 28
04 214 1 10 67 04 1 08 67
04 215 1 14 17 03 0 08 65
04 216 1 12 22 06 1 08 22
04 217 1 06 23 01 1 08 23
04 218 1 07 65 07 1 08 65
04 219 1 17 18 05 1 08 18
04 220 1 07 65 07 1 08 65
04 221 1 25 28 00 1 08 28
04 222 1 23 70 02 1 08 70
04 223 1 06 23 01 1 08 23
04 224 1 17 18 05 1 08 18
04 225 1 11 13 08 1 08 13
04 226 1 10 67 04 1 08 67
04 227 1 12 22 06 0 08 65
04 228 1 14 17 03 0 08 65
04 229 1 12 22 06 1 08 22
04 230 1 23 70 02 1 08 70
04 231 1 17 18 05 1 08 18
04 232 1 07 65 07 1 08 65
04 233 1 11 13 08 1 08 13
04 234 1 10 67 04 1 08 67
04 235 1 14 17 03 1 08 17
04 236 1 06 23 01 1 08 23
04 237 1 25 28 00 1 08 28
04 238 1 10 67 04 1 09 67
04 239 1 20 59 09 0 09 57
04 240 1 17 18 05 1 09 18
04 241 1 11 13 08 1 09 13
04 242 1 07 65 07 1 09 65
04 243 1 14 17 03 1 09 17
04 244 1 12 22 06 1 09 22
04 245 1 06 23 01 1 09 23
04 246 1 23 70 02 1 09 70
04 247 1 25 28 00 1 09 28
04 248 1 07 65 07 1 09 65
04 249 1 06 23 01 1 09 23
04 200 2 09 58 00 1 00 58
04 201 2 02 43 01 1 01 43
04 202 2 09 58 00 1 01 58
04 203 2 09 58 00 1 02 58
04 204 2 00 27 02 0 02 23
04 205 2 02 43 01 1 02 43
04 206 2 00 27 02 1 02 27
04 207 2 02 43 01 1 02 43
04 208 2 09 58 00 1 02 58
04 209 2 12 29 03 1 03 29
04 210 2 02 43 01 1 03 43
04 211 2 00 27 02 1 03 27
04 212 2 09 58 00 1 03 58
04 213 2 12 29 03 0 04 00
04 214 2 09 58 00 1 04 58
04 215 2 08 25 04 0 04 29
04 216 2 02 43 01 1 04 43
04 217 2 00 27 02 1 04 27
04 218 2 08 25 04 0 04 58
04 219 2 09 58 00 1 04 58
04 220 2 00 27 02 1 04 27
04 221 2 12 29 03 1 04 29
04 222 2 02 43 01 1 04 43
04 223 2 00 27 02 1 04 27
04 224 2 02 43 01 1 04 43
04 225 2 12 29 03 1 04 29
04 226 2 08 25 04 1 04 25
04 227 2 09 58 00 1 04 58
04 228 2 08 25 04 0 05 32
04 229 2 04 32 05 1 05 32
04 230 2 09 58 00 1 05 58
04 231 2 12 29 03 1 05 29
04 232 2 02 43 01 1 05 43
04 233 2 00 27 02 1 05 27
04 234 2 12 29 03 1 05 29
04 235 2 00 27 02 1 05 27
04 236 2 08 25 04 1 05 25
04 237 2 09 58 00 1 05 58
04 238 2 04 32 05 1 05 32
04 239 2 02 43 01 1 05 43
04 240 2 02 43 01 0 06 32
04 241 2 09 58 00 1 06 58
04 242 2 12 29 03 1 06 29
04 243 2 04 32 05 0 06 43
04 244 2 00 27 02 1 06 27
04 245 2 08 25 04 1 06 25
04 246 2 03 38 06 0 06 43
04 247 2 12 29 03 1 06 29
04 248 2 03 38 06 0 06 32
04 249 2 00 27 02 1 06 27
04 250 2 02 43 01 0 06 38
04 251 2 04 32 05 0 06 38
04 252 2 09 58 00 1 06 58
04 253 2 08 25 04 1 06 25
04 254 2 08 25 04 0 06 58
04 255 2 02 43 01 0 06 38
04 256 2 04 32 05 0 06 38
04 257 2 00 27 02 1 06 27
04 258 2 09 58 00 1 06 58
04 259 2 12 29 03 1 06 29
04 260 2 03 38 06 0 06 43
04 261 2 00 27 02 1 06 27
04 262 2 02 43 01 0 06 38
04 263 2 03 38 06 1 06 38
04 264 2 09 58 00 1 06 58
04 265 2 12 29 03 1 06 29
04 266 2 08 25 04 1 06 25
04 267 2 04 32 05 0 06 38
04 268 2 03 38 06 1 06 38
04 269 2 12 29 03 1 06 29
04 270 2 02 43 01 1 06 43
04 271 2 08 25 04 1 06 25
04 272 2 04 32 05 1 06 32
04 273 2 09 58 00 1 06 58
04 274 2 00 27 02 1 06 27
04 275 2 09 58 00 0 07 25
04 276 2 08 25 04 1 07 25
04 277 2 02 43 01 1 07 43
04 278 2 05 11 07 0 07 32
04 279 2 00 27 02 1 07 27
04 280 2 12 29 03 1 07 29
04 281 2 04 32 05 1 07 32
04 282 2 03 38 06 1 07 38
04 283 2 04 32 05 1 07 32
04 284 2 05 11 07 1 07 11
04 285 2 02 43 01 1 07 43
04 286 2 09 58 00 1 07 58
04 287 2 03 38 06 1 07 38
04 288 2 12 29 03 1 07 29
04 289 2 00 27 02 1 07 27
04 290 2 08 25 04 1 07 25
04 291 2 00 27 02 1 08 27
04 292 2 05 11 07 1 08 11
04 293 2 07 33 08 1 08 33
04 294 2 09 58 00 1 08 58
04 295 2 03 38 06 1 08 38
04 296 2 12 29 03 1 08 29
04 297 2 02 43 01 1 08 43
04 298 2 04 32 05 0 08 11
04 299 2 08 25 04 0 08 58
04 300 2 02 43 01 0 08 00
04 301 2 03 38 06 1 08 38
04 302 2 08 25 04 1 08 25
04 303 2 09 58 00 0 08 65
04 304 2 07 33 08 1 08 33
04 305 2 00 27 02 1 08 27
04 306 2 04 32 05 0 08 11
04 307 2 12 29 03 1 08 29
04 308 2 05 11 07 1 08 11
04 309 2 07 33 08 1 08 33
04 310 2 08 25 04 0 08 58
04 311 2 05 11 07 1 08 11
04 312 2 02 43 01 1 08 43
04 313 2 04 32 05 1 08 32
04 314 2 12 29 03 1 08 29
04 315 2 09 58 00 1 08 58
04 316 2 03 38 06 1 08 38
04 317 2 00 27 02 1 08 27
04 318 2 03 38 06 1 08 38
04 319 2 12 29 03 1 08 29
04 320 2 04 32 05 0 08 11
04 321 2 02 43 01 1 08 43
04 322 2 05 11 07 1 08 11
04 323 2 09 58 00 0 08 25
04 324 2 00 27 02 1 08 27
04 325 2 07 33 08 1 08 33
04 326 2 08 25 04 0 08 33
04 327 2 04 32 05 0 08 11
04 328 2 12 29 03 1 08 29
04 329 2 03 38 06 1 08 38
04 330 2 02 43 01 1 08 43
04 331 2 08 25 04 1 08 25
04 332 2 05 11 07 1 08 11
04 333 2 00 27 02 1 08 27
04 334 2 09 58 00 1 08 58
04 335 2 07 33 08 1 08 33
04 336 2 02 43 01 1 08 43
04 337 2 00 27 02 1 08 27
04 338 2 07 33 08 1 08 33
04 339 2 05 11 07 1 08 11
04 340 2 09 58 00 1 08 58
04 341 2 03 38 06 1 08 38
04 342 2 04 32 05 1 08 32
04 343 2 12 29 03 1 08 29
04 344 2 08 25 04 0 08 58
04 345 2 09 58 00 1 08 58
04 346 2 05 11 07 1 08 11
04 347 2 08 25 04 0 08 33
04 348 2 02 43 01 1 08 43
04 349 2 04 32 05 0 08 38
04 000 0 23 56 00 1 00 56
04 001 0 03 42 01 1 01 42
04 002 0 23 56 00 1 01 56
04 003 0 05 71 02 1 02 71
04 004 0 23 56 00 1 02 56
04 005 0 03 42 01 1 02 42
04 006 0 05 71 02 1 03 71
04 007 0 16 39 03 0 03 31
04 008 0 03 42 01 0 03 32
04 009 0 23 56 00 1 03 56
04 010 0 05 71 02 1 03 71
04 011 0 16 39 03 1 03 39
04 012 0 23 56 00 1 03 56
04 013 0 03 42 01 0 03 41
04 014 0 23 56 00 1 03 56
04 015 0 16 39 03 1 03 39
04 016 0 05 71 02 1 03 71
04 017 0 03 42 01 1 03 42
04 018 0 05 71 02 1 04 71
04 019 0 07 73 04 1 04 73
04 020 0 23 56 00 1 04 56
04 021 0 03 42 01 1 04 42
04 022 0 16 39 03 1 04 39
04 023 0 03 42 01 1 05 42
04 024 0 12 47 05 0 05 49
04 025 0 05 71 02 1 05 71
04 026 0 23 56 00 1 05 56
04 027 0 16 39 03 0 05 73
04 028 0 07 73 04 1 05 73
04 029 0 12 47 05 0 05 61
04 030 0 05 71 02 1 05 71
04 031 0 16 39 03 1 05 39
04 032 0 03 42 01 1 05 42
04 033 0 23 56 00 1 05 56
04 034 0 07 73 04 1 05 73
04 035 0 16 39 03 1 05 39
04 036 0 23 56 00 1 05 56
04 037 0 12 47 05 0 05 36
04 038 0 07 73 04 1 05 73
04 039 0 05 71 02 1 05 71
04 040 0 03 42 01 1 05 42
04 041 0 05 71 02 1 05 71
04 042 0 12 47 05 1 05 47
04 043 0 16 39 03 1 05 39
04 044 0 03 42 01 1 05 42
04 045 0 07 73 04 1 05 73
04 046 0 23 56 00 1 05 56
04 047 0 16 39 03 0 06 46
04 048 0 05 71 02 1 06 71
04 049 0 07 73 04 1 06 73
04 050 0 24 50 06 0 06 70
04 051 0 03 42 01 1 06 42
04 052 0 23 56 00 1 06 56
04 053 0 12 47 05 0 06 46
04 054 0 24 50 06 1 06 50
04 055 0 23 56 00 1 06 56
04 056 0 16 39 03 1 06 39
04 057 0 07 73 04 1 06 73
04 058 0 12 47 05 1 06 47
04 059 0 05 71 02 1 06 71
04 060 0 03 42 01 1 06 42
04 061 0 23 56 00 1 07 56
04 062 0 19 21 07 1 07 21
04 063 0 03 42 01 1 07 42
04 064 0 07 73 04 1 07 73
04 065 0 24 50 06 1 07 50
04 066 0 16 39 03 1 07 39
04 067 0 12 47 05 1 07 47
04 068 0 05 71 02 1 07 71
04 069 0 23 56 00 1 08 56
04 070 0 03 42 01 1 08 42
04 071 0 12 47 05 1 08 47
04 072 0 20 46 08 1 08 46
04 073 0 05 71 02 1 08 71
04 074 0 24 50 06 1 08 50
04 075 0 19 21 07 1 08 21
04 076 0 16 39 03 1 08 39
04 077 0 07 73 04 1 08 73
04 078 0 04 35 09 1 09 35
04 079 0 05 71 02 1 09 71
04 080 0 23 56 00 1 09 56
04 081 0 24 50 06 1 09 50
04 082 0 07 73 04 1 09 73
04 083 0 20 46 08 1 09 46
04 084 0 19 21 07 1 09 21
04 085 0 12 47 05 1 09 47
04 086 0 03 42 01 1 09 42
04 087 0 16 39 03 1 09 39
04 088 0 24 50 06 1 10 50
04 089 0 12 47 05 0 10 46
04 090 0 16 39 03 1 10 39
04 091 0 11 37 10 1 10 37
04 092 0 23 56 00 1 10 56
04 093 0 07 73 04 1 10 73
04 094 0 04 35 09 0 10 37
04 095 0 05 71 02 1 10 71
04 096 0 03 42 01 1 10 42
04 097 0 19 21 07 1 10 21
04 098 0 20 46 08 0 10 37
04 099 0 24 50 06 1 10 50
04 100 0 11 37 10 1 10 37
04 101 0 05 71 02 1 10 71
04 102 0 23 56 00 1 10 56
04 103 0 04 35 09 0 10 45
04 104 0 07 73 04 1 10 73
04 105 0 16 39 03 1 10 39
04 106 0 03 42 01 1 10 42
04 107 0 20 46 08 0 10 35
04 108 0 12 47 05 0 10 35
04 109 0 19 21 07 1 10 21
04 110 0 03 42 01 1 10 42
04 111 0 16 39 03 1 10 39
04 112 0 12 47 05 0 10 36
04 113 0 04 35 09 0 10 45
04 114 0 07 73 04 1 10 73
04 115 0 24 50 06 1 10 50
04 116 0 19 21 07 1 10 21
04 117 0 23 56 00 1 10 56
04 118 0 05 71 02 1 10 71
04 119 0 20 46 08 0 10 47
04 120 0 11 37 10 0 10 47
04 121 0 24 50 06 1 10 50
04 122 0 11 37 10 1 10 37
04 123 0 03 42 01 1 10 42
04 124 0 04 35 09 1 10 35
04 125 0 12 47 05 0 10 36
04 126 0 16 39 03 1 10 39
04 127 0 05 71 02 1 10 71
04 128 0 20 46 08 0 10 47
04 129 0 07 73 04 1 10 73
04 130 0 19 21 07 1 10 21
04 131 0 23 56 00 1 10 56
04 132 0 04 35 09 0 10 45
04 133 0 05 71 02 1 10 71
04 134 0 12 47 05 0 10 45
04 135 0 03 42 01 1 10 42
04 136 0 07 73 04 1 10 73
04 137 0 23 56 00 1 10 56
04 138 0 11 37 10 1 10 37
04 139 0 16 39 03 1 10 39
04 140 0 24 50 06 1 10 50
04 141 0 19 21 07 1 10 21
04 142 0 20 46 08 0 10 45
04 143 0 07 73 04 1 10 73
04 144 0 23 56 00 1 10 56
04 145 0 11 37 10 1 10 37
04 146 0 19 21 07 1 10 21
04 147 0 05 71 02 1 10 71
04 148 0 03 42 01 1 10 42
04 149 0 16 39 03 1 10 39
