10 100 1 25 28 00 0 00 02
10 101 1 25 28 00 1 00 28
10 102 1 25 28 00 1 01 28
10 103 1 06 23 01 1 01 23
10 104 1 06 23 01 1 02 23
10 105 1 23 70 02 1 02 70
10 106 1 25 28 00 1 02 28
10 107 1 25 28 00 1 03 28
10 108 1 23 70 02 1 03 70
10 109 1 14 17 03 1 03 17
10 110 1 06 23 01 1 03 23
10 111 1 14 17 03 1 04 17
10 112 1 10 67 04 1 04 67
10 113 1 25 28 00 1 04 28
10 114 1 06 23 01 1 04 23
10 115 1 23 70 02 1 04 70
10 116 1 23 70 02 1 05 70
10 117 1 25 28 00 1 05 28
10 118 1 17 18 05 1 05 18
10 119 1 06 23 01 1 05 23
10 120 1 14 17 03 1 05 17
10 121 1 10 67 04 1 05 67
10 122 1 14 17 03 1 06 17
10 123 1 06 23 01 1 06 23
10 124 1 25 28 00 1 06 28
10 125 1 17 18 05 1 06 18
10 126 1 23 70 02 1 06 70
10 127 1 12 22 06 1 06 22
10 128 1 10 67 04 1 06 67
10 129 1 23 70 02 1 07 70
10 130 1 10 67 04 1 07 67
10 131 1 17 18 05 1 07 18
10 132 1 14 17 03 1 07 17
10 133 1 25 28 00 1 07 28
10 134 1 06 23 01 1 07 23
10 135 1 07 65 07 1 07 65
10 136 1 12 22 06 1 07 22
10 137 1 25 28 00 1 08 28
10 138 1 07 65 07 1 08 65
10 139 1 14 17 03 1 08 17
10 140 1 12 22 06 1 08 22
10 141 1 06 23 01 1 08 23
10 142 1 10 67 04 1 08 67
10 143 1 23 70 02 1 08 70
10 144 1 11 13 08 1 08 13
10 145 1 17 18 05 0 08 80
10 146 1 23 70 02 1 08 70
10 147 1 11 13 08 1 08 13
10 148 1 06 23 01 1 08 23
10 149 1 17 18 05 1 08 18
10 150 1 10 67 04 1 08 67
10 151 1 12 22 06 1 08 22
10 152 1 25 28 00 1 08 28
10 153 1 07 65 07 1 08 65
10 154 1 14 17 03 1 08 17
10 155 1 10 67 04 1 09 67
10 156 1 06 23 01 1 09 23
10 157 1 17 18 05 1 09 18
10 158 1 23 70 02 1 09 70
10 159 1 20 59 09 1 09 59
10 160 1 11 13 08 1 09 13
10 161 1 12 22 06 1 09 22
10 162 1 25 28 00 1 09 28
10 163 1 14 17 03 1 09 17
10 164 1 07 65 07 1 09 65
10 165 1 07 65 07 1 10 65
10 166 1 11 13 08 1 10 13
10 167 1 14 17 03 1 10 17
10 168 1 12 22 06 1 10 22
10 169 1 06 23 01 1 10 23
10 170 1 20 59 09 1 10 59
10 171 1 23 70 02 1 10 70
10 172 1 25 28 00 1 10 28
10 173 1 26 26 10 1 10 26
10 174 1 10 67 04 1 10 67
10 175 1 17 18 05 1 10 18
10 176 1 11 13 08 1 11 13
10 177 1 10 67 04 1 11 67
10 178 1 07 65 07 1 11 65
10 179 1 14 17 03 1 11 17
10 180 1 06 23 01 1 11 23
10 181 1 20 59 09 1 11 59
10 182 1 12 22 06 1 11 22
10 183 1 26 26 10 1 11 26
10 184 1 08 64 11 1 11 64
10 185 1 25 28 00 1 11 28
10 186 1 23 70 02 1 11 70
10 187 1 17 18 05 1 11 18
10 188 1 15 36 12 1 12 36
10 189 1 07 65 07 1 12 65
10 190 1 25 28 00 1 12 28
10 191 1 10 67 04 1 12 67
10 192 1 14 17 03 1 12 17
10 193 1 06 23 01 1 12 23
10 194 1 26 26 10 0 12 64
10 195 1 20 59 09 1 12 59
10 196 1 11 13 08 1 12 13
10 197 1 08 64 11 1 12 64
10 198 1 17 18 05 1 12 18
10 199 1 12 22 06 1 12 22
10 200 1 23 70 02 1 12 70
10 201 1 25 28 00 1 12 28
10 202 1 26 26 10 1 12 26
10 203 1 11 13 08 1 12 13
10 204 1 12 22 06 1 12 22
10 205 1 15 36 12 0 12 26
10 206 1 07 65 07 1 12 65
10 207 1 06 23 01 1 12 23
10 208 1 23 70 02 1 12 70
10 209 1 08 64 11 1 12 64
10 210 1 10 67 04 1 12 67
10 211 1 20 59 09 1 12 59
10 212 1 17 18 05 1 12 18
10 213 1 14 17 03 1 12 17
10 214 1 15 36 12 1 12 36
10 215 1 10 67 04 1 12 67
10 216 1 17 18 05 1 12 18
10 217 1 08 64 11 0 12 36
10 218 1 23 70 02 1 12 70
10 219 1 06 23 01 1 12 23
10 220 1 14 17 03 1 12 17
10 221 1 12 22 06 1 12 22
10 222 1 25 28 00 1 12 28
10 223 1 11 13 08 1 12 13
10 224 1 07 65 07 1 12 65
10 225 1 20 59 09 1 12 59
10 226 1 26 26 10 0 12 64
10 227 1 06 23 01 1 12 23
10 228 1 26 26 10 1 12 26
10 229 1 20 59 09 1 12 59
10 230 1 15 36 12 1 12 36
10 231 1 14 17 03 1 12 17
10 232 1 17 18 05 1 12 18
10 233 1 25 28 00 1 12 28
10 234 1 11 13 08 1 12 13
10 235 1 10 67 04 1 12 67
10 236 1 07 65 07 1 12 65
10 237 1 08 64 11 0 12 26
10 238 1 23 70 02 1 12 70
10 239 1 12 22 06 0 12 01
10 240 1 26 26 10 0 12 64
10 241 1 15 36 12 0 12 13
10 242 1 20 59 09 1 12 59
10 243 1 17 18 05 1 12 18
10 244 1 14 17 03 1 12 17
10 245 1 11 13 08 1 12 13
10 246 1 23 70 02 1 12 70
10 247 1 12 22 06 0 12 00
10 248 1 08 64 11 1 12 64
10 249 1 06 23 01 1 12 23
10 200 2 09 58 00 1 00 58
10 201 2 02 43 01 1 01 43
10 202 2 09 58 00 1 01 58
10 203 2 09 58 00 1 02 58
10 204 2 02 43 01 1 02 43
10 205 2 00 27 02 1 02 27
10 206 2 12 29 03 1 03 29
10 207 2 00 27 02 1 03 27
10 208 2 02 43 01 1 03 43
10 209 2 09 58 00 1 03 58
10 210 2 00 27 02 1 04 27
10 211 2 09 58 00 1 04 58
10 212 2 12 29 03 1 04 29
10 213 2 08 25 04 0 04 29
10 214 2 02 43 01 1 04 43
10 215 2 00 27 02 1 04 27
10 216 2 08 25 04 1 04 25
10 217 2 12 29 03 1 04 29
10 218 2 09 58 00 1 04 58
10 219 2 02 43 01 1 04 43
10 220 2 04 32 05 1 05 32
10 221 2 12 29 03 1 05 29
10 222 2 09 58 00 1 05 58
10 223 2 02 43 01 1 05 43
10 224 2 08 25 04 1 05 25
10 225 2 00 27 02 1 05 27
10 226 2 08 25 04 0 06 58
10 227 2 00 27 02 1 06 27
10 228 2 04 32 05 0 06 25
10 229 2 03 38 06 0 06 43
10 230 2 12 29 03 1 06 29
10 231 2 09 58 00 1 06 58
10 232 2 02 43 01 1 06 43
10 233 2 03 38 06 0 06 32
10 234 2 02 43 01 1 06 43
10 235 2 09 58 00 1 06 58
10 236 2 04 32 05 0 06 43
10 237 2 00 27 02 1 06 27
10 238 2 12 29 03 1 06 29
10 239 2 08 25 04 0 06 58
10 240 2 12 29 03 1 06 29
10 241 2 04 32 05 0 06 38
10 242 2 02 43 01 1 06 43
10 243 2 03 38 06 1 06 38
10 244 2 09 58 00 1 06 58
10 245 2 08 25 04 1 06 25
10 246 2 00 27 02 1 06 27
10 247 2 09 58 00 1 06 58
10 248 2 03 38 06 0 06 43
10 249 2 02 43 01 1 06 43
10 250 2 04 32 05 0 06 38
10 251 2 12 29 03 0 06 12
10 252 2 08 25 04 0 06 58
10 253 2 00 27 02 1 06 27
10 254 2 12 29 03 1 06 29
10 255 2 04 32 05 0 06 38
10 256 2 03 38 06 1 06 38
10 257 2 08 25 04 0 06 58
10 258 2 02 43 01 1 06 43
10 259 2 00 27 02 1 06 27
10 260 2 09 58 00 1 06 58
10 261 2 03 38 06 1 06 38
10 262 2 12 29 03 1 06 29
10 263 2 02 43 01 1 06 43
10 264 2 09 58 00 1 06 58
10 265 2 00 27 02 1 06 27
10 266 2 08 25 04 1 06 25
10 267 2 04 32 05 1 06 32
10 268 2 05 11 07 1 07 11
10 269 2 00 27 02 1 07 27
10 270 2 08 25 04 0 07 58
10 271 2 02 43 01 1 07 43
10 272 2 03 38 06 0 07 32
10 273 2 04 32 05 1 07 32
10 274 2 12 29 03 1 07 29
10 275 2 09 58 00 1 07 58
10 276 2 04 32 05 1 07 32
10 277 2 09 58 00 1 07 58
10 278 2 02 43 01 1 07 43
10 279 2 03 38 06 1 07 38
10 280 2 12 29 03 1 07 29
10 281 2 08 25 04 0 07 52
10 282 2 05 11 07 1 07 11
10 283 2 00 27 02 1 07 27
10 284 2 08 25 04 0 07 58
10 285 2 05 11 07 1 07 11
10 286 2 03 38 06 1 07 38
10 287 2 00 27 02 1 07 27
10 288 2 02 43 01 1 07 43
10 289 2 09 58 00 1 07 58
10 290 2 04 32 05 0 07 11
10 291 2 12 29 03 1 07 29
10 292 2 12 29 03 1 07 29
10 293 2 05 11 07 1 07 11
10 294 2 08 25 04 0 07 52
10 295 2 09 58 00 1 07 58
10 296 2 04 32 05 1 07 32
10 297 2 00 27 02 1 07 27
10 298 2 03 38 06 1 07 38
10 299 2 02 43 01 1 07 43
10 300 2 12 29 03 1 07 29
10 301 2 05 11 07 1 07 11
10 302 2 03 38 06 0 07 32
10 303 2 08 25 04 1 07 25
10 304 2 00 27 02 1 07 27
10 305 2 02 43 01 1 07 43
10 306 2 09 58 00 1 07 58
10 307 2 04 32 05 0 07 11
10 308 2 12 29 03 1 07 29
10 309 2 04 32 05 0 07 11
10 310 2 08 25 04 1 07 25
10 311 2 02 43 01 1 07 43
10 312 2 03 38 06 1 07 38
10 313 2 00 27 02 1 07 27
10 314 2 05 11 07 1 07 11
10 315 2 09 58 00 1 07 58
10 316 2 09 58 00 1 07 58
10 317 2 08 25 04 1 07 25
10 318 2 03 38 06 1 07 38
10 319 2 05 11 07 1 07 11
10 320 2 04 32 05 1 07 32
10 321 2 02 43 01 1 07 43
10 322 2 12 29 03 1 07 29
10 323 2 00 27 02 1 07 27
10 324 2 02 43 01 1 08 43
10 325 2 04 32 05 1 08 32
10 326 2 05 11 07 1 08 11
10 327 2 03 38 06 0 08 32
10 328 2 09 58 00 1 08 58
10 329 2 07 33 08 1 08 33
10 330 2 12 29 03 1 08 29
10 331 2 08 25 04 1 08 25
10 332 2 00 27 02 1 08 27
10 333 2 02 43 01 1 08 43
10 334 2 04 32 05 0 08 11
10 335 2 05 11 07 1 08 11
10 336 2 00 27 02 1 08 27
10 337 2 03 38 06 1 08 38
10 338 2 07 33 08 1 08 33
10 339 2 09 58 00 1 08 58
10 340 2 08 25 04 1 08 25
10 341 2 12 29 03 1 08 29
10 342 2 09 58 00 1 08 58
10 343 2 12 29 03 1 08 29
10 344 2 07 33 08 0 08 25
10 345 2 08 25 04 1 08 25
10 346 2 00 27 02 1 08 27
10 347 2 04 32 05 1 08 32
10 348 2 05 11 07 1 08 11
10 349 2 02 43 01 0 08 47
10 000 0 23 56 00 1 00 56
10 001 0 23 56 00 1 01 56
10 002 0 03 42 01 1 01 42
10 003 0 23 56 00 1 02 56
10 004 0 03 42 01 1 02 42
10 005 0 05 71 02 1 02 71
10 006 0 05 71 02 1 03 71
10 007 0 16 39 03 1 03 39
10 008 0 23 56 00 1 03 56
10 009 0 03 42 01 1 03 42
10 010 0 16 39 03 1 04 39
10 011 0 03 42 01 1 04 42
10 012 0 23 56 00 1 04 56
10 013 0 05 71 02 1 04 71
10 014 0 07 73 04 1 04 73
10 015 0 12 47 05 1 05 47
10 016 0 23 56 00 1 05 56
10 017 0 16 39 03 1 05 39
10 018 0 05 71 02 1 05 71
10 019 0 07 73 04 1 05 73
10 020 0 03 42 01 1 05 42
10 021 0 24 50 06 1 06 50
10 022 0 03 42 01 1 06 42
10 023 0 05 71 02 1 06 71
10 024 0 07 73 04 1 06 73
10 025 0 23 56 00 1 06 56
10 026 0 12 47 05 1 06 47
10 027 0 16 39 03 1 06 39
10 028 0 24 50 06 0 07 45
10 029 0 07 73 04 1 07 73
10 030 0 19 21 07 1 07 21
10 031 0 12 47 05 0 07 33
10 032 0 05 71 02 1 07 71
10 033 0 03 42 01 1 07 42
10 034 0 16 39 03 1 07 39
10 035 0 23 56 00 1 07 56
10 036 0 24 50 06 1 07 50
10 037 0 19 21 07 1 07 21
10 038 0 05 71 02 1 07 71
10 039 0 16 39 03 1 07 39
10 040 0 12 47 05 1 07 47
10 041 0 03 42 01 1 07 42
10 042 0 07 73 04 1 07 73
10 043 0 23 56 00 1 07 56
10 044 0 07 73 04 1 08 73
10 045 0 05 71 02 1 08 71
10 046 0 23 56 00 1 08 56
10 047 0 16 39 03 1 08 39
10 048 0 03 42 01 1 08 42
10 049 0 19 21 07 1 08 21
10 050 0 24 50 06 1 08 50
10 051 0 20 46 08 1 08 46
10 052 0 12 47 05 1 08 47
10 053 0 04 35 09 1 09 35
10 054 0 05 71 02 1 09 71
10 055 0 03 42 01 1 09 42
10 056 0 23 56 00 1 09 56
10 057 0 24 50 06 1 09 50
10 058 0 07 73 04 1 09 73
10 059 0 12 47 05 1 09 47
10 060 0 20 46 08 1 09 46
10 061 0 16 39 03 1 09 39
10 062 0 19 21 07 1 09 21
10 063 0 16 39 03 1 10 39
10 064 0 24 50 06 1 10 50
10 065 0 23 56 00 1 10 56
10 066 0 11 37 10 1 10 37
10 067 0 07 73 04 1 10 73
10 068 0 19 21 07 1 10 21
10 069 0 12 47 05 0 10 56
10 070 0 03 42 01 1 10 42
10 071 0 20 46 08 1 10 46
10 072 0 05 71 02 1 10 71
10 073 0 04 35 09 1 10 35
10 074 0 07 73 04 1 10 73
10 075 0 04 35 09 1 10 35
10 076 0 03 42 01 1 10 42
10 077 0 11 37 10 1 10 37
10 078 0 19 21 07 1 10 21
10 079 0 20 46 08 1 10 46
10 080 0 24 50 06 1 10 50
10 081 0 05 71 02 1 10 71
10 082 0 23 56 00 1 10 56
10 083 0 16 39 03 1 10 39
10 084 0 12 47 05 1 10 47
10 085 0 16 39 03 1 11 39
10 086 0 18 14 11 1 11 14
10 087 0 20 46 08 1 11 46
10 088 0 04 35 09 1 11 35
10 089 0 24 50 06 1 11 50
10 090 0 12 47 05 1 11 47
10 091 0 19 21 07 1 11 21
10 092 0 05 71 02 1 11 71
10 093 0 11 37 10 1 11 37
10 094 0 07 73 04 1 11 73
10 095 0 03 42 01 1 11 42
10 096 0 23 56 00 1 11 56
10 097 0 11 37 10 1 12 37
10 098 0 03 42 01 1 12 42
10 099 0 13 51 12 1 12 51
10 100 0 23 56 00 1 12 56
10 101 0 18 14 11 1 12 14
10 102 0 20 46 08 1 12 46
10 103 0 05 71 02 1 12 71
10 104 0 16 39 03 1 12 39
10 105 0 04 35 09 1 12 35
10 106 0 24 50 06 1 12 50
10 107 0 07 73 04 1 12 73
10 108 0 19 21 07 1 12 21
10 109 0 12 47 05 1 12 47
10 110 0 13 51 12 1 13 51
10 111 0 18 14 11 1 13 14
10 112 0 11 37 10 1 13 37
10 113 0 20 46 08 1 13 46
10 114 0 04 35 09 1 13 35
10 115 0 19 21 07 1 13 21
10 116 0 23 56 00 1 13 56
10 117 0 07 73 04 1 13 73
10 118 0 12 47 05 1 13 47
10 119 0 05 71 02 1 13 71
10 120 0 17 76 13 0 13 46
10 121 0 24 50 06 1 13 50
10 122 0 03 42 01 1 13 42
10 123 0 16 39 03 1 13 39
10 124 0 16 39 03 1 13 39
10 125 0 11 37 10 1 13 37
10 126 0 05 71 02 1 13 71
10 127 0 04 35 09 1 13 35
10 128 0 23 56 00 1 13 56
10 129 0 18 14 11 1 13 14
10 130 0 13 51 12 1 13 51
10 131 0 19 21 07 1 13 21
10 132 0 12 47 05 1 13 47
10 133 0 07 73 04 1 13 73
10 134 0 20 46 08 0 13 54
10 135 0 03 42 01 1 13 42
10 136 0 17 76 13 0 13 64
10 137 0 24 50 06 1 13 50
10 138 0 20 46 08 1 13 46
10 139 0 07 73 04 1 13 73
10 140 0 18 14 11 1 13 14
10 141 0 11 37 10 1 13 37
10 142 0 19 21 07 1 13 21
10 143 0 13 51 12 1 13 51
10 144 0 03 42 01 1 13 42
10 145 0 24 50 06 1 13 50
10 146 0 12 47 05 1 13 47
10 147 0 23 56 00 1 13 56
10 148 0 16 39 03 1 13 39
10 149 0 17 76 13 1 13 76
