16 100 1 25 28 00 1 00 28
16 101 1 25 28 00 0 01 00
16 102 1 06 23 01 0 01 00
16 103 1 06 23 01 0 01 00
16 104 1 25 28 00 0 01 00
16 105 1 25 28 00 0 01 00
16 106 1 06 23 01 0 01 00
16 107 1 06 23 01 0 01 02
16 108 1 25 28 00 0 01 46
16 109 1 25 28 00 0 01 22
16 110 1 06 23 01 1 01 23
16 111 1 25 28 00 1 01 28
16 112 1 06 23 01 1 01 23
16 113 1 25 28 00 1 02 28
16 114 1 06 23 01 1 02 23
16 115 1 23 70 02 1 02 70
16 116 1 14 17 03 1 03 17
16 117 1 06 23 01 1 03 23
16 118 1 25 28 00 1 03 28
16 119 1 23 70 02 1 03 70
16 120 1 06 23 01 1 04 23
16 121 1 25 28 00 1 04 28
16 122 1 23 70 02 1 04 70
16 123 1 14 17 03 1 04 17
16 124 1 10 67 04 0 04 63
16 125 1 06 23 01 1 04 23
16 126 1 25 28 00 1 04 28
16 127 1 10 67 04 1 04 67
16 128 1 23 70 02 1 04 70
16 129 1 14 17 03 1 04 17
16 130 1 14 17 03 0 05 67
16 131 1 10 67 04 1 05 67
16 132 1 25 28 00 1 05 28
16 133 1 23 70 02 1 05 70
16 134 1 06 23 01 1 05 23
16 135 1 17 18 05 1 05 18
16 136 1 17 18 05 1 05 18
16 137 1 23 70 02 1 05 70
16 138 1 06 23 01 1 05 23
16 139 1 10 67 04 1 05 67
16 140 1 14 17 03 1 05 17
16 141 1 25 28 00 1 05 28
16 142 1 23 70 02 1 06 70
16 143 1 17 18 05 1 06 18
16 144 1 25 28 00 1 06 28
16 145 1 06 23 01 1 06 23
16 146 1 12 22 06 1 06 22
16 147 1 14 17 03 1 06 17
16 148 1 10 67 04 1 06 67
16 149 1 10 67 04 1 07 67
16 150 1 25 28 00 1 07 28
16 151 1 23 70 02 1 07 70
16 152 1 12 22 06 1 07 22
16 153 1 14 17 03 1 07 17
16 154 1 07 65 07 1 07 65
16 155 1 17 18 05 1 07 18
16 156 1 06 23 01 1 07 23
16 157 1 23 70 02 1 08 70
16 158 1 10 67 04 1 08 67
16 159 1 11 13 08 1 08 13
16 160 1 25 28 00 0 08 67
16 161 1 12 22 06 1 08 22
16 162 1 06 23 01 1 08 23
16 163 1 17 18 05 1 08 18
16 164 1 07 65 07 1 08 65
16 165 1 14 17 03 1 08 17
16 166 1 25 28 00 1 08 28
16 167 1 17 18 05 1 08 18
16 168 1 12 22 06 1 08 22
16 169 1 11 13 08 1 08 13
16 170 1 23 70 02 1 08 70
16 171 1 06 23 01 1 08 23
16 172 1 10 67 04 1 08 67
16 173 1 14 17 03 1 08 17
16 174 1 07 65 07 1 08 65
16 175 1 20 59 09 1 09 59
16 176 1 17 18 05 1 09 18
16 177 1 07 65 07 1 09 65
16 178 1 14 17 03 1 09 17
16 179 1 12 22 06 1 09 22
16 180 1 06 23 01 1 09 23
16 181 1 10 67 04 1 09 67
16 182 1 23 70 02 1 09 70
16 183 1 11 13 08 0 09 17
16 184 1 25 28 00 1 09 28
16 185 1 23 70 02 1 09 70
16 186 1 20 59 09 1 09 59
16 187 1 17 18 05 1 09 18
16 188 1 25 28 00 0 09 06
16 189 1 12 22 06 1 09 22
16 190 1 11 13 08 1 09 13
16 191 1 06 23 01 1 09 23
16 192 1 10 67 04 1 09 67
16 193 1 14 17 03 1 09 17
16 194 1 07 65 07 1 09 65
16 195 1 25 28 00 1 09 28
16 196 1 14 17 03 1 09 17
16 197 1 07 65 07 1 09 65
16 198 1 06 23 01 1 09 23
16 199 1 10 67 04 1 09 67
16 200 1 12 22 06 1 09 22
16 201 1 23 70 02 1 09 70
16 202 1 20 59 09 1 09 59
16 203 1 17 18 05 1 09 18
16 204 1 11 13 08 1 09 13
16 205 1 12 22 06 1 10 22
16 206 1 07 65 07 1 10 65
16 207 1 14 17 03 1 10 17
16 208 1 26 26 10 0 10 28
16 209 1 25 28 00 1 10 28
16 210 1 17 18 05 1 10 18
16 211 1 06 23 01 1 10 23
16 212 1 23 70 02 1 10 70
16 213 1 10 67 04 1 10 67
16 214 1 11 13 08 1 10 13
16 215 1 20 59 09 1 10 59
16 216 1 11 13 08 0 10 18
16 217 1 06 23 01 1 10 23
16 218 1 17 18 05 1 10 18
16 219 1 25 28 00 1 10 28
16 220 1 20 59 09 1 10 59
16 221 1 07 65 07 1 10 65
16 222 1 14 17 03 1 10 17
16 223 1 12 22 06 1 10 22
16 224 1 26 26 10 1 10 26
16 225 1 10 67 04 0 10 17
16 226 1 23 70 02 0 10 65
16 227 1 20 59 09 1 10 59
16 228 1 23 70 02 1 10 70
16 229 1 10 67 04 1 10 67
16 230 1 11 13 08 1 10 13
16 231 1 14 17 03 1 10 17
16 232 1 17 18 05 1 10 18
16 233 1 12 22 06 1 10 22
16 234 1 26 26 10 1 10 26
16 235 1 06 23 01 1 10 23
16 236 1 07 65 07 1 10 65
16 237 1 25 28 00 1 10 28
16 238 1 12 22 06 1 11 22
16 239 1 25 28 00 1 11 28
16 240 1 11 13 08 1 11 13
16 241 1 17 18 05 1 11 18
16 242 1 14 17 03 1 11 17
16 243 1 20 59 09 1 11 59
16 244 1 10 67 04 1 11 67
16 245 1 06 23 01 1 11 23
16 246 1 08 64 11 0 11 63
16 247 1 26 26 10 1 11 26
16 248 1 23 70 02 1 11 70
16 249 1 07 65 07 1 11 65
16 200 2 09 58 00 1 00 58
16 201 2 09 58 00 1 01 58
16 202 2 02 43 01 1 01 43
16 203 2 02 43 01 1 02 43
16 204 2 00 27 02 1 02 27
16 205 2 09 58 00 1 02 58
16 206 2 02 43 01 1 03 43
16 207 2 12 29 03 1 03 29
16 208 2 09 58 00 1 03 58
16 209 2 00 27 02 0 03 23
16 210 2 09 58 00 1 03 58
16 211 2 00 27 02 1 03 27
16 212 2 02 43 01 1 03 43
16 213 2 12 29 03 1 03 29
16 214 2 02 43 01 1 04 43
16 215 2 00 27 02 1 04 27
16 216 2 08 25 04 0 04 58
16 217 2 09 58 00 0 04 25
16 218 2 12 29 03 1 04 29
16 219 2 08 25 04 1 04 25
16 220 2 12 29 03 1 04 29
16 221 2 09 58 00 1 04 58
16 222 2 02 43 01 1 04 43
16 223 2 00 27 02 1 04 27
16 224 2 02 43 01 1 05 43
16 225 2 04 32 05 1 05 32
16 226 2 00 27 02 1 05 27
16 227 2 09 58 00 1 05 58
16 228 2 12 29 03 0 05 52
16 229 2 08 25 04 1 05 25
16 230 2 09 58 00 1 05 58
16 231 2 08 25 04 1 05 25
16 232 2 02 43 01 1 05 43
16 233 2 00 27 02 1 05 27
16 234 2 04 32 05 1 05 32
16 235 2 12 29 03 1 05 29
16 236 2 12 29 03 1 06 29
16 237 2 00 27 02 1 06 27
16 238 2 09 58 00 1 06 58
16 239 2 04 32 05 1 06 32
16 240 2 08 25 04 1 06 25
16 241 2 02 43 01 0 06 38
16 242 2 03 38 06 1 06 38
16 243 2 09 58 00 1 06 58
16 244 2 03 38 06 0 06 32
16 245 2 08 25 04 1 06 25
16 246 2 12 29 03 1 06 29
16 247 2 04 32 05 0 06 38
16 248 2 00 27 02 1 06 27
16 249 2 02 43 01 1 06 43
16 250 2 02 43 01 1 06 43
16 251 2 12 29 03 1 06 29
16 252 2 04 32 05 1 06 32
16 253 2 08 25 04 0 06 58
16 254 2 00 27 02 1 06 27
16 255 2 09 58 00 1 06 58
16 256 2 03 38 06 1 06 38
16 257 2 08 25 04 1 06 25
16 258 2 12 29 03 1 06 29
16 259 2 03 38 06 0 06 32
16 260 2 00 27 02 1 06 27
16 261 2 09 58 00 1 06 58
16 262 2 02 43 01 1 06 43
16 263 2 04 32 05 1 06 32
16 264 2 03 38 06 1 06 38
16 265 2 09 58 00 0 06 25
16 266 2 12 29 03 1 06 29
16 267 2 02 43 01 0 06 32
16 268 2 04 32 05 1 06 32
16 269 2 00 27 02 1 06 27
16 270 2 08 25 04 1 06 25
16 271 2 00 27 02 1 06 27
16 272 2 02 43 01 0 06 38
16 273 2 12 29 03 1 06 29
16 274 2 08 25 04 1 06 25
16 275 2 03 38 06 0 06 32
16 276 2 09 58 00 1 06 58
16 277 2 04 32 05 1 06 32
16 278 2 04 32 05 1 06 32
16 279 2 09 58 00 0 06 25
16 280 2 08 25 04 0 06 58
16 281 2 12 29 03 0 06 25
16 282 2 00 27 02 1 06 27
16 283 2 03 38 06 0 06 43
16 284 2 02 43 01 1 06 43
16 285 2 02 43 01 1 06 43
16 286 2 00 27 02 1 06 27
16 287 2 03 38 06 1 06 38
16 288 2 12 29 03 1 06 29
16 289 2 04 32 05 1 06 32
16 290 2 08 25 04 0 06 58
16 291 2 09 58 00 1 06 58
16 292 2 02 43 01 1 06 43
16 293 2 08 25 04 1 06 25
16 294 2 00 27 02 1 06 27
16 295 2 04 32 05 1 06 32
16 296 2 09 58 00 0 06 25
16 297 2 03 38 06 1 06 38
16 298 2 12 29 03 1 06 29
16 299 2 02 43 01 1 06 43
16 300 2 12 29 03 1 06 29
16 301 2 04 32 05 0 06 38
16 302 2 03 38 06 0 06 32
16 303 2 00 27 02 1 06 27
16 304 2 09 58 00 0 06 55
16 305 2 08 25 04 0 06 58
16 306 2 12 29 03 1 06 29
16 307 2 08 25 04 1 06 25
16 308 2 03 38 06 1 06 38
16 309 2 00 27 02 1 06 27
16 310 2 02 43 01 1 06 43
16 311 2 09 58 00 1 06 58
16 312 2 04 32 05 1 06 32
16 313 2 05 11 07 1 07 11
16 314 2 12 29 03 1 07 29
16 315 2 09 58 00 0 07 25
16 316 2 02 43 01 1 07 43
16 317 2 00 27 02 1 07 27
16 318 2 03 38 06 1 07 38
16 319 2 04 32 05 0 07 11
16 320 2 08 25 04 1 07 25
16 321 2 05 11 07 1 07 11
16 322 2 08 25 04 1 07 25
16 323 2 02 43 01 1 07 43
16 324 2 09 58 00 1 07 58
16 325 2 00 27 02 1 07 27
16 326 2 03 38 06 1 07 38
16 327 2 12 29 03 1 07 29
16 328 2 04 32 05 1 07 32
16 329 2 05 11 07 1 08 11
16 330 2 04 32 05 0 08 11
16 331 2 00 27 02 1 08 27
16 332 2 03 38 06 1 08 38
16 333 2 08 25 04 1 08 25
16 334 2 07 33 08 1 08 33
16 335 2 02 43 01 1 08 43
16 336 2 09 58 00 1 08 58
16 337 2 12 29 03 1 08 29
16 338 2 09 58 00 0 08 25
16 339 2 02 43 01 1 08 43
16 340 2 05 11 07 1 08 11
16 341 2 07 33 08 1 08 33
16 342 2 03 38 06 1 08 38
16 343 2 12 29 03 1 08 29
16 344 2 04 32 05 1 08 32
16 345 2 00 27 02 1 08 27
16 346 2 08 25 04 1 08 25
16 347 2 04 32 05 0 08 11
16 348 2 08 25 04 1 08 25
16 349 2 12 29 03 1 08 29
16 000 0 23 56 00 1 00 56
16 001 0 03 42 01 1 01 42
16 002 0 23 56 00 1 01 56
16 003 0 05 71 02 1 02 71
16 004 0 23 56 00 1 02 56
16 005 0 03 42 01 1 02 42
16 006 0 16 39 03 1 03 39
16 007 0 05 71 02 1 03 71
16 008 0 23 56 00 1 03 56
16 009 0 03 42 01 1 03 42
16 010 0 23 56 00 1 04 56
16 011 0 16 39 03 1 04 39
16 012 0 03 42 01 1 04 42
16 013 0 07 73 04 1 04 73
16 014 0 05 71 02 1 04 71
16 015 0 03 42 01 1 05 42
16 016 0 12 47 05 1 05 47
16 017 0 05 71 02 1 05 71
16 018 0 16 39 03 1 05 39
16 019 0 23 56 00 1 05 56
16 020 0 07 73 04 1 05 73
16 021 0 12 47 05 1 06 47
16 022 0 03 42 01 1 06 42
16 023 0 16 39 03 1 06 39
16 024 0 23 56 00 1 06 56
16 025 0 07 73 04 1 06 73
16 026 0 24 50 06 1 06 50
16 027 0 05 71 02 1 06 71
16 028 0 23 56 00 1 07 56
16 029 0 07 73 04 1 07 73
16 030 0 05 71 02 1 07 71
16 031 0 12 47 05 1 07 47
16 032 0 19 21 07 1 07 21
16 033 0 24 50 06 1 07 50
16 034 0 16 39 03 1 07 39
16 035 0 03 42 01 1 07 42
16 036 0 07 73 04 1 08 73
16 037 0 16 39 03 1 08 39
16 038 0 23 56 00 1 08 56
16 039 0 20 46 08 1 08 46
16 040 0 19 21 07 1 08 21
16 041 0 05 71 02 1 08 71
16 042 0 24 50 06 1 08 50
16 043 0 03 42 01 1 08 42
16 044 0 12 47 05 1 08 47
16 045 0 03 42 01 1 09 42
16 046 0 16 39 03 1 09 39
16 047 0 19 21 07 1 09 21
16 048 0 24 50 06 1 09 50
16 049 0 12 47 05 1 09 47
16 050 0 20 46 08 1 09 46
16 051 0 05 71 02 1 09 71
16 052 0 04 35 09 1 09 35
16 053 0 23 56 00 1 09 56
16 054 0 07 73 04 1 09 73
16 055 0 19 21 07 1 10 21
16 056 0 07 73 04 1 10 73
16 057 0 23 56 00 1 10 56
16 058 0 24 50 06 1 10 50
16 059 0 11 37 10 1 10 37
16 060 0 04 35 09 1 10 35
16 061 0 12 47 05 1 10 47
16 062 0 16 39 03 1 10 39
16 063 0 03 42 01 1 10 42
16 064 0 20 46 08 1 10 46
16 065 0 05 71 02 1 10 71
16 066 0 18 14 11 1 11 14
16 067 0 16 39 03 1 11 39
16 068 0 07 73 04 1 11 73
16 069 0 11 37 10 1 11 37
16 070 0 04 35 09 1 11 35
16 071 0 05 71 02 1 11 71
16 072 0 19 21 07 1 11 21
16 073 0 03 42 01 1 11 42
16 074 0 12 47 05 1 11 47
16 075 0 24 50 06 1 11 50
16 076 0 23 56 00 1 11 56
16 077 0 20 46 08 1 11 46
16 078 0 18 14 11 1 12 14
16 079 0 20 46 08 1 12 46
16 080 0 05 71 02 1 12 71
16 081 0 07 73 04 1 12 73
16 082 0 19 21 07 1 12 21
16 083 0 23 56 00 1 12 56
16 084 0 16 39 03 1 12 39
16 085 0 13 51 12 1 12 51
16 086 0 03 42 01 1 12 42
16 087 0 12 47 05 1 12 47
16 088 0 24 50 06 1 12 50
16 089 0 04 35 09 1 12 35
16 090 0 11 37 10 1 12 37
16 091 0 24 50 06 1 13 50
16 092 0 16 39 03 1 13 39
16 093 0 05 71 02 1 13 71
16 094 0 23 56 00 1 13 56
16 095 0 12 47 05 1 13 47
16 096 0 20 46 08 1 13 46
16 097 0 03 42 01 1 13 42
16 098 0 13 51 12 1 13 51
16 099 0 19 21 07 1 13 21
16 100 0 04 35 09 1 13 35
16 101 0 11 37 10 1 13 37
16 102 0 17 76 13 1 13 76
16 103 0 07 73 04 1 13 73
16 104 0 18 14 11 1 13 14
16 105 0 19 21 07 1 14 21
16 106 0 07 73 04 1 14 73
16 107 0 12 47 05 1 14 47
16 108 0 20 46 08 1 14 46
16 109 0 24 50 06 1 14 50
16 110 0 06 24 14 1 14 24
16 111 0 13 51 12 1 14 51
16 112 0 17 76 13 1 14 76
16 113 0 05 71 02 1 14 71
16 114 0 11 37 10 1 14 37
16 115 0 16 39 03 1 14 39
16 116 0 23 56 00 1 14 56
16 117 0 18 14 11 1 14 14
16 118 0 04 35 09 1 14 35
16 119 0 03 42 01 1 14 42
16 120 0 03 42 01 1 15 42
16 121 0 17 76 13 1 15 76
16 122 0 23 56 00 1 15 56
16 123 0 19 21 07 1 15 21
16 124 0 18 14 11 1 15 14
16 125 0 24 50 06 1 15 50
16 126 0 11 37 10 1 15 37
16 127 0 06 24 14 1 15 24
16 128 0 16 39 03 1 15 39
16 129 0 05 71 02 1 15 71
16 130 0 04 35 09 1 15 35
16 131 0 09 45 15 1 15 45
16 132 0 07 73 04 1 15 73
16 133 0 12 47 05 1 15 47
16 134 0 20 46 08 0 15 54
16 135 0 13 51 12 1 15 51
16 136 0 07 73 04 1 15 73
16 137 0 11 37 10 1 15 37
16 138 0 16 39 03 1 15 39
16 139 0 05 71 02 1 15 71
16 140 0 12 47 05 1 15 47
16 141 0 06 24 14 1 15 24
16 142 0 18 14 11 1 15 14
16 143 0 04 35 09 1 15 35
16 144 0 19 21 07 1 15 21
16 145 0 13 51 12 1 15 51
16 146 0 17 76 13 1 15 76
16 147 0 09 45 15 1 15 45
16 148 0 23 56 00 1 15 56
16 149 0 03 42 01 1 15 42
