12 000 0 23 56 00 1 00 56
12 001 0 23 56 00 1 01 56
12 002 0 03 42 01 1 01 42
12 003 0 05 71 02 1 02 71
12 004 0 03 42 01 1 02 42
12 005 0 23 56 00 1 02 56
12 006 0 23 56 00 1 03 56
12 007 0 16 39 03 1 03 39
12 008 0 05 71 02 0 03 42
12 009 0 03 42 01 1 03 42
12 010 0 16 39 03 0 03 71
12 011 0 05 71 02 0 03 39
12 012 0 03 42 01 1 03 42
12 013 0 23 56 00 1 03 56
12 014 0 05 71 02 1 03 71
12 015 0 23 56 00 1 03 56
12 016 0 16 39 03 0 03 42
12 017 0 03 42 01 1 03 42
12 018 0 03 42 01 1 03 42
12 019 0 23 56 00 1 03 56
12 020 0 16 39 03 1 03 39
12 021 0 05 71 02 1 03 71
12 022 0 05 71 02 1 04 71
12 023 0 16 39 03 1 04 39
12 024 0 03 42 01 1 04 42
12 025 0 23 56 00 1 04 56
12 026 0 07 73 04 1 04 73
12 027 0 07 73 04 1 05 73
12 028 0 23 56 00 1 05 56
12 029 0 05 71 02 1 05 71
12 030 0 12 47 05 1 05 47
12 031 0 03 42 01 1 05 42
12 032 0 16 39 03 1 05 39
12 033 0 07 73 04 1 06 73
12 034 0 12 47 05 1 06 47
12 035 0 03 42 01 1 06 42
12 036 0 24 50 06 1 06 50
12 037 0 16 39 03 1 06 39
12 038 0 23 56 00 1 06 56
12 039 0 05 71 02 1 06 71
12 040 0 23 56 00 1 07 56
12 041 0 24 50 06 1 07 50
12 042 0 12 47 05 1 07 47
12 043 0 03 42 01 1 07 42
12 044 0 05 71 02 1 07 71
12 045 0 19 21 07 1 07 21
12 046 0 07 73 04 1 07 73
12 047 0 16 39 03 1 07 39
12 048 0 12 47 05 1 08 47
12 049 0 16 39 03 1 08 39
12 050 0 03 42 01 1 08 42
12 051 0 24 50 06 1 08 50
12 052 0 19 21 07 1 08 21
12 053 0 07 73 04 1 08 73
12 054 0 20 46 08 1 08 46
12 055 0 23 56 00 1 08 56
12 056 0 05 71 02 0 08 42
12 057 0 03 42 01 1 08 42
12 058 0 12 47 05 1 08 47
12 059 0 05 71 02 1 08 71
12 060 0 16 39 03 1 08 39
12 061 0 24 50 06 0 08 46
12 062 0 23 56 00 1 08 56
12 063 0 20 46 08 1 08 46
12 064 0 07 73 04 1 08 73
12 065 0 19 21 07 1 08 21
12 066 0 16 39 03 1 08 39
12 067 0 20 46 08 1 08 46
12 068 0 24 50 06 1 08 50
12 069 0 05 71 02 1 08 71
12 070 0 03 42 01 1 08 42
12 071 0 23 56 00 1 08 56
12 072 0 12 47 05 1 08 47
12 073 0 19 21 07 1 08 21
12 074 0 07 73 04 1 08 73
12 075 0 04 35 09 1 09 35
12 076 0 20 46 08 1 09 46
12 077 0 07 73 04 1 09 73
12 078 0 19 21 07 1 09 21
12 079 0 24 50 06 1 09 50
12 080 0 23 56 00 1 09 56
12 081 0 12 47 05 1 09 47
12 082 0 03 42 01 1 09 42
12 083 0 05 71 02 1 09 71
12 084 0 16 39 03 1 09 39
12 085 0 05 71 02 1 10 71
12 086 0 04 35 09 1 10 35
12 087 0 20 46 08 1 10 46
12 088 0 11 37 10 1 10 37
12 089 0 24 50 06 1 10 50
12 090 0 16 39 03 0 10 30
12 091 0 23 56 00 1 10 56
12 092 0 12 47 05 1 10 47
12 093 0 03 42 01 1 10 42
12 094 0 07 73 04 1 10 73
12 095 0 19 21 07 1 10 21
12 096 0 07 73 04 1 10 73
12 097 0 19 21 07 1 10 21
12 098 0 23 56 00 1 10 56
12 099 0 12 47 05 1 10 47
12 100 0 11 37 10 1 10 37
12 101 0 20 46 08 1 10 46
12 102 0 03 42 01 1 10 42
12 103 0 05 71 02 1 10 71
12 104 0 04 35 09 1 10 35
12 105 0 16 39 03 1 10 39
12 106 0 24 50 06 1 10 50
12 107 0 07 73 04 1 11 73
12 108 0 18 14 11 1 11 14
12 109 0 11 37 10 1 11 37
12 110 0 05 71 02 1 11 71
12 111 0 19 21 07 1 11 21
12 112 0 23 56 00 1 11 56
12 113 0 03 42 01 1 11 42
12 114 0 04 35 09 1 11 35
12 115 0 24 50 06 1 11 50
12 116 0 20 46 08 1 11 46
12 117 0 16 39 03 1 11 39
12 118 0 12 47 05 1 11 47
12 119 0 11 37 10 1 12 37
12 120 0 12 47 05 1 12 47
12 121 0 19 21 07 1 12 21
12 122 0 07 73 04 1 12 73
12 123 0 24 50 06 1 12 50
12 124 0 13 51 12 1 12 51
12 125 0 16 39 03 1 12 39
12 126 0 05 71 02 1 12 71
12 127 0 03 42 01 1 12 42
12 128 0 23 56 00 1 12 56
12 129 0 20 46 08 1 12 46
12 130 0 18 14 11 1 12 14
12 131 0 04 35 09 1 12 35
12 132 0 18 14 11 1 13 14
12 133 0 13 51 12 1 13 51
12 134 0 16 39 03 1 13 39
12 135 0 17 76 13 1 13 76
12 136 0 05 71 02 1 13 71
12 137 0 23 56 00 1 13 56
12 138 0 20 46 08 1 13 46
12 139 0 07 73 04 1 13 73
12 140 0 03 42 01 1 13 42
12 141 0 19 21 07 1 13 21
12 142 0 12 47 05 1 13 47
12 143 0 11 37 10 1 13 37
12 144 0 04 35 09 1 13 35
12 145 0 24 50 06 1 13 50
12 146 0 11 37 10 1 14 37
12 147 0 06 24 14 1 14 24
12 148 0 03 42 01 1 14 42
12 149 0 04 35 09 1 14 35
12 100 1 25 28 00 1 00 28
12 101 1 06 23 01 1 01 23
12 102 1 25 28 00 1 01 28
12 103 1 25 28 00 1 02 28
12 104 1 23 70 02 1 02 70
12 105 1 06 23 01 1 02 23
12 106 1 14 17 03 1 03 17
12 107 1 23 70 02 1 03 70
12 108 1 25 28 00 1 03 28
12 109 1 06 23 01 1 03 23
12 110 1 14 17 03 1 04 17
12 111 1 06 23 01 1 04 23
12 112 1 10 67 04 1 04 67
12 113 1 23 70 02 1 04 70
12 114 1 25 28 00 1 04 28
12 115 1 10 67 04 1 05 67
12 116 1 06 23 01 1 05 23
12 117 1 25 28 00 1 05 28
12 118 1 14 17 03 1 05 17
12 119 1 17 18 05 1 05 18
12 120 1 23 70 02 1 05 70
12 121 1 23 70 02 1 06 70
12 122 1 17 18 05 1 06 18
12 123 1 25 28 00 1 06 28
12 124 1 06 23 01 1 06 23
12 125 1 10 67 04 1 06 67
12 126 1 12 22 06 1 06 22
12 127 1 14 17 03 1 06 17
12 128 1 10 67 04 1 07 67
12 129 1 14 17 03 1 07 17
12 130 1 12 22 06 0 07 18
12 131 1 17 18 05 1 07 18
12 132 1 07 65 07 1 07 65
12 133 1 06 23 01 1 07 23
12 134 1 25 28 00 1 07 28
12 135 1 23 70 02 1 07 70
12 136 1 06 23 01 1 07 23
12 137 1 25 28 00 1 07 28
12 138 1 07 65 07 1 07 65
12 139 1 14 17 03 1 07 17
12 140 1 10 67 04 0 07 65
12 141 1 12 22 06 1 07 22
12 142 1 17 18 05 1 07 18
12 143 1 23 70 02 1 07 70
12 144 1 14 17 03 1 07 17
12 145 1 17 18 05 1 07 18
12 146 1 12 22 06 1 07 22
12 147 1 07 65 07 1 07 65
12 148 1 06 23 01 1 07 23
12 149 1 25 28 00 1 07 28
12 150 1 23 70 02 1 07 70
12 151 1 10 67 04 1 07 67
12 152 1 06 23 01 1 08 23
12 153 1 14 17 03 1 08 17
12 154 1 07 65 07 1 08 65
12 155 1 25 28 00 1 08 28
12 156 1 10 67 04 1 08 67
12 157 1 23 70 02 1 08 70
12 158 1 17 18 05 0 08 17
12 159 1 12 22 06 1 08 22
12 160 1 11 13 08 1 08 13
12 161 1 25 28 00 1 08 28
12 162 1 23 70 02 1 08 70
12 163 1 10 67 04 1 08 67
12 164 1 12 22 06 1 08 22
12 165 1 14 17 03 1 08 17
12 166 1 06 23 01 1 08 23
12 167 1 07 65 07 1 08 65
12 168 1 11 13 08 1 08 13
12 169 1 17 18 05 1 08 18
12 170 1 10 67 04 0 09 65
12 171 1 12 22 06 1 09 22
12 172 1 11 13 08 1 09 13
12 173 1 06 23 01 1 09 23
12 174 1 14 17 03 0 09 65
12 175 1 20 59 09 1 09 59
12 176 1 17 18 05 1 09 18
12 177 1 23 70 02 1 09 70
12 178 1 07 65 07 1 09 65
12 179 1 25 28 00 1 09 28
12 180 1 07 65 07 1 09 65
12 181 1 14 17 03 1 09 17
12 182 1 06 23 01 1 09 23
12 183 1 10 67 04 1 09 67
12 184 1 25 28 00 1 09 28
12 185 1 20 59 09 1 09 59
12 186 1 12 22 06 1 09 22
12 187 1 11 13 08 1 09 13
12 188 1 17 18 05 1 09 18
12 189 1 23 70 02 1 09 70
12 190 1 26 26 10 1 10 26
12 191 1 06 23 01 1 10 23
12 192 1 10 67 04 1 10 67
12 193 1 14 17 03 1 10 17
12 194 1 23 70 02 1 10 70
12 195 1 25 28 00 1 10 28
12 196 1 11 13 08 1 10 13
12 197 1 20 59 09 1 10 59
12 198 1 12 22 06 1 10 22
12 199 1 07 65 07 1 10 65
12 200 1 17 18 05 1 10 18
12 201 1 08 64 11 1 11 64
12 202 1 23 70 02 1 11 70
12 203 1 20 59 09 1 11 59
12 204 1 10 67 04 1 11 67
12 205 1 11 13 08 0 11 18
12 206 1 12 22 06 1 11 22
12 207 1 14 17 03 1 11 17
12 208 1 26 26 10 0 11 64
12 209 1 25 28 00 1 11 28
12 210 1 17 18 05 1 11 18
12 211 1 06 23 01 1 11 23
12 212 1 07 65 07 1 11 65
12 213 1 26 26 10 0 11 64
12 214 1 06 23 01 1 11 23
12 215 1 23 70 02 1 11 70
12 216 1 25 28 00 1 11 28
12 217 1 08 64 11 1 11 64
12 218 1 14 17 03 1 11 17
12 219 1 12 22 06 1 11 22
12 220 1 10 67 04 1 11 67
12 221 1 07 65 07 1 11 65
12 222 1 17 18 05 0 11 17
12 223 1 11 13 08 0 11 59
12 224 1 20 59 09 1 11 59
12 225 1 06 23 01 1 11 23
12 226 1 26 26 10 1 11 26
12 227 1 25 28 00 1 11 28
12 228 1 11 13 08 1 11 13
12 229 1 20 59 09 1 11 59
12 230 1 14 17 03 1 11 17
12 231 1 08 64 11 1 11 64
12 232 1 17 18 05 1 11 18
12 233 1 10 67 04 1 11 67
12 234 1 12 22 06 1 11 22
12 235 1 07 65 07 1 11 65
12 236 1 23 70 02 1 11 70
12 237 1 12 22 06 1 12 22
12 238 1 07 65 07 1 12 65
12 239 1 23 70 02 1 12 70
12 240 1 06 23 01 1 12 23
12 241 1 26 26 10 0 12 64
12 242 1 10 67 04 1 12 67
12 243 1 17 18 05 1 12 18
12 244 1 15 36 12 0 12 26
12 245 1 11 13 08 1 12 13
12 246 1 20 59 09 1 12 59
12 247 1 08 64 11 1 12 64
12 248 1 14 17 03 1 12 17
12 249 1 25 28 00 1 12 28
12 200 2 09 58 00 1 00 58
12 201 2 02 43 01 1 01 43
12 202 2 09 58 00 1 01 58
12 203 2 02 43 01 0 02 27
12 204 2 09 58 00 1 02 58
12 205 2 00 27 02 1 02 27
12 206 2 09 58 00 1 02 58
12 207 2 00 27 02 1 02 27
12 208 2 02 43 01 1 02 43
12 209 2 00 27 02 1 03 27
12 210 2 12 29 03 0 03 27
12 211 2 09 58 00 0 03 57
12 212 2 02 43 01 1 03 43
12 213 2 12 29 03 1 03 29
12 214 2 00 27 02 1 03 27
12 215 2 09 58 00 1 03 58
12 216 2 02 43 01 1 03 43
12 217 2 00 27 02 1 04 27
12 218 2 09 58 00 0 04 24
12 219 2 02 43 01 1 04 43
12 220 2 08 25 04 1 04 25
12 221 2 12 29 03 1 04 29
12 222 2 02 43 01 1 04 43
12 223 2 00 27 02 1 04 27
12 224 2 12 29 03 1 04 29
12 225 2 08 25 04 0 04 58
12 226 2 09 58 00 0 04 25
12 227 2 02 43 01 1 04 43
12 228 2 00 27 02 1 04 27
12 229 2 09 58 00 1 04 58
12 230 2 08 25 04 1 04 25
12 231 2 12 29 03 1 04 29
12 232 2 12 29 03 0 05 59
12 233 2 04 32 05 1 05 32
12 234 2 09 58 00 0 05 25
12 235 2 02 43 01 1 05 43
12 236 2 08 25 04 1 05 25
12 237 2 00 27 02 1 05 27
12 238 2 00 27 02 1 05 27
12 239 2 08 25 04 0 05 58
12 240 2 09 58 00 1 05 58
12 241 2 02 43 01 1 05 43
12 242 2 04 32 05 1 05 32
12 243 2 12 29 03 1 05 29
12 244 2 09 58 00 0 05 25
12 245 2 00 27 02 1 05 27
12 246 2 12 29 03 1 05 29
12 247 2 02 43 01 1 05 43
12 248 2 08 25 04 1 05 25
12 249 2 04 32 05 1 05 32
12 250 2 04 32 05 0 05 43
12 251 2 08 25 04 1 05 25
12 252 2 12 29 03 0 05 58
12 253 2 09 58 00 1 05 58
12 254 2 00 27 02 1 05 27
12 255 2 02 43 01 1 05 43
12 256 2 09 58 00 0 05 25
12 257 2 08 25 04 1 05 25
12 258 2 12 29 03 0 05 58
12 259 2 00 27 02 1 05 27
12 260 2 02 43 01 1 05 43
12 261 2 04 32 05 1 05 32
12 262 2 00 27 02 1 05 27
12 263 2 08 25 04 1 05 25
12 264 2 12 29 03 1 05 29
12 265 2 04 32 05 1 05 32
12 266 2 09 58 00 0 05 25
12 267 2 02 43 01 1 05 43
12 268 2 02 43 01 1 05 43
12 269 2 12 29 03 1 05 29
12 270 2 09 58 00 1 05 58
12 271 2 04 32 05 1 05 32
12 272 2 08 25 04 1 05 25
12 273 2 00 27 02 1 05 27
12 274 2 09 58 00 0 06 25
12 275 2 02 43 01 1 06 43
12 276 2 04 32 05 0 06 38
12 277 2 00 27 02 1 06 27
12 278 2 03 38 06 1 06 38
12 279 2 08 25 04 1 06 25
12 280 2 12 29 03 1 06 29
12 281 2 08 25 04 0 06 58
12 282 2 12 29 03 1 06 29
12 283 2 04 32 05 0 06 38
12 284 2 03 38 06 0 06 32
12 285 2 02 43 01 0 06 32
12 286 2 09 58 00 0 06 25
12 287 2 00 27 02 1 06 27
12 288 2 12 29 03 1 06 29
12 289 2 02 43 01 1 06 43
12 290 2 03 38 06 0 06 32
12 291 2 08 25 04 0 06 58
12 292 2 04 32 05 0 06 38
12 293 2 09 58 00 0 06 25
12 294 2 00 27 02 1 06 27
12 295 2 04 32 05 0 06 38
12 296 2 09 58 00 1 06 58
12 297 2 12 29 03 1 06 29
12 298 2 02 43 01 1 06 43
12 299 2 08 25 04 1 06 25
12 300 2 00 27 02 1 06 27
12 301 2 03 38 06 0 06 43
12 302 2 09 58 00 1 06 58
12 303 2 02 43 01 1 06 43
12 304 2 03 38 06 0 06 32
12 305 2 04 32 05 0 06 38
12 306 2 00 27 02 1 06 27
12 307 2 08 25 04 1 06 25
12 308 2 12 29 03 1 06 29
12 309 2 04 32 05 0 06 38
12 310 2 12 29 03 1 06 29
12 311 2 00 27 02 1 06 27
12 312 2 09 58 00 0 06 25
12 313 2 03 38 06 0 06 43
12 314 2 02 43 01 1 06 43
12 315 2 08 25 04 0 06 58
12 316 2 03 38 06 0 06 32
12 317 2 08 25 04 1 06 25
12 318 2 02 43 01 1 06 43
12 319 2 00 27 02 1 06 27
12 320 2 04 32 05 0 06 38
12 321 2 12 29 03 1 06 29
12 322 2 09 58 00 1 06 58
12 323 2 08 25 04 1 06 25
12 324 2 04 32 05 0 06 38
12 325 2 09 58 00 1 06 58
12 326 2 00 27 02 1 06 27
12 327 2 02 43 01 1 06 43
12 328 2 12 29 03 0 06 58
12 329 2 03 38 06 0 06 32
12 330 2 12 29 03 1 06 29
12 331 2 00 27 02 1 06 27
12 332 2 02 43 01 1 06 43
12 333 2 09 58 00 1 06 58
12 334 2 03 38 06 0 06 32
12 335 2 08 25 04 0 06 58
12 336 2 04 32 05 0 06 38
12 337 2 02 43 01 1 06 43
12 338 2 12 29 03 1 06 29
12 339 2 04 32 05 1 06 32
12 340 2 08 25 04 1 06 25
12 341 2 03 38 06 1 06 38
12 342 2 00 27 02 1 06 27
12 343 2 09 58 00 1 06 58
12 344 2 08 25 04 0 07 58
12 345 2 00 27 02 1 07 27
12 346 2 04 32 05 0 07 11
12 347 2 03 38 06 0 07 11
12 348 2 05 11 07 1 07 11
12 349 2 12 29 03 1 07 29
