05 200 2 09 58 00 0 00 00
05 201 2 09 58 00 0 00 00
05 202 2 09 58 00 0 00 00
05 203 2 09 58 00 0 00 00
05 204 2 09 58 00 0 00 00
05 205 2 09 58 00 1 00 58
05 206 2 02 43 01 1 01 43
05 207 2 09 58 00 1 01 58
05 208 2 02 43 01 1 02 43
05 209 2 00 27 02 1 02 27
05 210 2 09 58 00 1 02 58
05 211 2 00 27 02 1 03 27
05 212 2 12 29 03 1 03 29
05 213 2 09 58 00 1 03 58
05 214 2 02 43 01 0 03 27
05 215 2 02 43 01 0 03 27
05 216 2 00 27 02 1 03 27
05 217 2 09 58 00 1 03 58
05 218 2 12 29 03 0 03 49
05 219 2 02 43 01 0 03 27
05 220 2 00 27 02 1 03 27
05 221 2 09 58 00 0 03 49
05 222 2 12 29 03 0 03 49
05 223 2 00 27 02 1 03 27
05 224 2 09 58 00 1 03 58
05 225 2 02 43 01 0 03 49
05 226 2 12 29 03 1 03 29
05 227 2 12 29 03 1 03 29
05 228 2 02 43 01 0 03 27
05 229 2 00 27 02 1 03 27
05 230 2 09 58 00 1 03 58
05 231 2 02 43 01 1 03 43
05 232 2 12 29 03 1 03 29
05 233 2 00 27 02 1 03 27
05 234 2 09 58 00 1 03 58
05 235 2 00 27 02 0 04 29
05 236 2 08 25 04 1 04 25
05 237 2 09 58 00 1 04 58
05 238 2 12 29 03 1 04 29
05 239 2 02 43 01 0 04 27
05 240 2 12 29 03 0 04 27
05 241 2 09 58 00 1 04 58
05 242 2 08 25 04 1 04 25
05 243 2 00 27 02 0 04 29
05 244 2 02 43 01 1 04 43
05 245 2 00 27 02 0 04 25
05 246 2 12 29 03 1 04 29
05 247 2 02 43 01 0 04 27
05 248 2 09 58 00 1 04 58
05 249 2 08 25 04 1 04 25
05 250 2 12 29 03 0 04 58
05 251 2 08 25 04 0 04 43
05 252 2 02 43 01 0 04 27
05 253 2 09 58 00 1 04 58
05 254 2 00 27 02 0 04 02
05 255 2 02 43 01 0 04 27
05 256 2 08 25 04 0 04 58
05 257 2 12 29 03 1 04 29
05 258 2 09 58 00 1 04 58
05 259 2 00 27 02 1 04 27
05 260 2 00 27 02 1 04 27
05 261 2 02 43 01 0 04 25
05 262 2 08 25 04 0 04 58
05 263 2 09 58 00 1 04 58
05 264 2 12 29 03 0 04 58
05 265 2 12 29 03 0 04 58
05 266 2 08 25 04 0 04 58
05 267 2 00 27 02 1 04 27
05 268 2 09 58 00 0 04 25
05 269 2 02 43 01 1 04 43
05 270 2 12 29 03 1 04 29
05 271 2 08 25 04 1 04 25
05 272 2 00 27 02 1 04 27
05 273 2 02 43 01 1 04 43
05 274 2 09 58 00 0 04 25
05 275 2 09 58 00 1 04 58
05 276 2 08 25 04 1 04 25
05 277 2 12 29 03 0 04 43
05 278 2 00 27 02 1 04 27
05 279 2 02 43 01 0 04 27
05 280 2 09 58 00 1 04 58
05 281 2 08 25 04 1 04 25
05 282 2 00 27 02 1 04 27
05 283 2 12 29 03 1 04 29
05 284 2 02 43 01 1 04 43
05 285 2 02 43 01 1 05 43
05 286 2 09 58 00 0 05 25
05 287 2 08 25 04 0 05 58
05 288 2 04 32 05 1 05 32
05 289 2 00 27 02 1 05 27
05 290 2 12 29 03 1 05 29
05 291 2 00 27 02 1 05 27
05 292 2 02 43 01 1 05 43
05 293 2 09 58 00 1 05 58
05 294 2 04 32 05 1 05 32
05 295 2 08 25 04 0 05 43
05 296 2 12 29 03 1 05 29
05 297 2 12 29 03 1 05 29
05 298 2 04 32 05 1 05 32
05 299 2 08 25 04 1 05 25
05 300 2 09 58 00 0 05 25
05 301 2 02 43 01 1 05 43
05 302 2 00 27 02 1 05 27
05 303 2 09 58 00 1 05 58
05 304 2 00 27 02 1 05 27
05 305 2 02 43 01 0 05 27
05 306 2 12 29 03 1 05 29
05 307 2 08 25 04 0 05 58
05 308 2 04 32 05 1 05 32
05 309 2 00 27 02 1 05 27
05 310 2 12 29 03 1 05 29
05 311 2 04 32 05 0 05 25
05 312 2 02 43 01 0 05 29
05 313 2 08 25 04 0 05 43
05 314 2 09 58 00 1 05 58
05 315 2 08 25 04 0 05 58
05 316 2 09 58 00 1 05 58
05 317 2 00 27 02 1 05 27
05 318 2 04 32 05 1 05 32
05 319 2 02 43 01 0 05 27
05 320 2 12 29 03 1 05 29
05 321 2 09 58 00 1 05 58
05 322 2 08 25 04 1 05 25
05 323 2 02 43 01 0 05 32
05 324 2 12 29 03 1 05 29
05 325 2 04 32 05 0 05 25
05 326 2 00 27 02 1 05 27
05 327 2 02 43 01 0 05 25
05 328 2 00 27 02 1 05 27
05 329 2 08 25 04 1 05 25
05 330 2 12 29 03 0 05 58
05 331 2 04 32 05 1 05 32
05 332 2 09 58 00 1 05 58
05 333 2 08 25 04 0 05 58
05 334 2 02 43 01 0 05 24
05 335 2 09 58 00 1 05 58
05 336 2 04 32 05 0 05 25
05 337 2 00 27 02 1 05 27
05 338 2 12 29 03 1 05 29
05 339 2 12 29 03 1 05 29
05 340 2 02 43 01 1 05 43
05 341 2 09 58 00 1 05 58
05 342 2 04 32 05 1 05 32
05 343 2 00 27 02 1 05 27
05 344 2 08 25 04 1 05 25
05 345 2 09 58 00 1 06 58
05 346 2 08 25 04 0 06 58
05 347 2 03 38 06 0 06 32
05 348 2 00 27 02 1 06 27
05 349 2 12 29 03 1 06 29
05 000 0 23 56 00 1 00 56
05 001 0 03 42 01 1 01 42
05 002 0 23 56 00 1 01 56
05 003 0 05 71 02 1 02 71
05 004 0 23 56 00 1 02 56
05 005 0 03 42 01 1 02 42
05 006 0 03 42 01 1 03 42
05 007 0 16 39 03 1 03 39
05 008 0 05 71 02 0 03 52
05 009 0 23 56 00 1 03 56
05 010 0 05 71 02 1 03 71
05 011 0 16 39 03 0 03 59
05 012 0 23 56 00 1 03 56
05 013 0 03 42 01 1 03 42
05 014 0 03 42 01 0 03 39
05 015 0 05 71 02 0 03 39
05 016 0 23 56 00 1 03 56
05 017 0 16 39 03 0 03 71
05 018 0 03 42 01 1 03 42
05 019 0 05 71 02 0 03 39
05 020 0 16 39 03 0 03 71
05 021 0 23 56 00 1 03 56
05 022 0 05 71 02 0 03 56
05 023 0 16 39 03 1 03 39
05 024 0 03 42 01 1 03 42
05 025 0 23 56 00 0 03 39
05 026 0 03 42 01 1 03 42
05 027 0 05 71 02 1 03 71
05 028 0 23 56 00 1 03 56
05 029 0 16 39 03 1 03 39
05 030 0 07 73 04 1 04 73
05 031 0 16 39 03 1 04 39
05 032 0 23 56 00 0 04 39
05 033 0 05 71 02 1 04 71
05 034 0 03 42 01 1 04 42
05 035 0 03 42 01 1 04 42
05 036 0 05 71 02 1 04 71
05 037 0 16 39 03 1 04 39
05 038 0 07 73 04 1 04 73
05 039 0 23 56 00 1 04 56
05 040 0 07 73 04 1 05 73
05 041 0 12 47 05 0 05 43
05 042 0 03 42 01 1 05 42
05 043 0 16 39 03 1 05 39
05 044 0 05 71 02 1 05 71
05 045 0 23 56 00 1 05 56
05 046 0 05 71 02 0 05 39
05 047 0 16 39 03 1 05 39
05 048 0 07 73 04 1 05 73
05 049 0 03 42 01 1 05 42
05 050 0 12 47 05 0 05 43
05 051 0 23 56 00 0 05 39
05 052 0 16 39 03 1 05 39
05 053 0 07 73 04 0 05 43
05 054 0 23 56 00 1 05 56
05 055 0 12 47 05 1 05 47
05 056 0 03 42 01 1 05 42
05 057 0 05 71 02 1 05 71
05 058 0 12 47 05 1 05 47
05 059 0 03 42 01 1 05 42
05 060 0 05 71 02 0 05 39
05 061 0 07 73 04 0 05 71
05 062 0 16 39 03 1 05 39
05 063 0 23 56 00 1 05 56
05 064 0 05 71 02 1 05 71
05 065 0 16 39 03 1 05 39
05 066 0 07 73 04 1 05 73
05 067 0 03 42 01 1 05 42
05 068 0 12 47 05 1 05 47
05 069 0 23 56 00 1 05 56
05 070 0 03 42 01 1 06 42
05 071 0 12 47 05 1 06 47
05 072 0 16 39 03 1 06 39
05 073 0 24 50 06 1 06 50
05 074 0 23 56 00 0 06 39
05 075 0 05 71 02 0 06 17
05 076 0 07 73 04 0 06 43
05 077 0 23 56 00 1 06 56
05 078 0 07 73 04 0 06 43
05 079 0 24 50 06 1 06 50
05 080 0 16 39 03 1 06 39
05 081 0 12 47 05 0 06 43
05 082 0 05 71 02 1 06 71
05 083 0 03 42 01 1 06 42
05 084 0 05 71 02 0 06 73
05 085 0 12 47 05 1 06 47
05 086 0 03 42 01 1 06 42
05 087 0 16 39 03 1 06 39
05 088 0 24 50 06 1 06 50
05 089 0 07 73 04 0 06 71
05 090 0 23 56 00 1 06 56
05 091 0 12 47 05 1 06 47
05 092 0 07 73 04 0 06 43
05 093 0 23 56 00 1 06 56
05 094 0 16 39 03 1 06 39
05 095 0 03 42 01 1 06 42
05 096 0 24 50 06 1 06 50
05 097 0 05 71 02 1 06 71
05 098 0 12 47 05 0 06 73
05 099 0 05 71 02 1 06 71
05 100 0 23 56 00 1 06 56
05 101 0 16 39 03 1 06 39
05 102 0 03 42 01 1 06 42
05 103 0 07 73 04 0 06 00
05 104 0 24 50 06 1 06 50
05 105 0 23 56 00 1 06 56
05 106 0 07 73 04 1 06 73
05 107 0 03 42 01 1 06 42
05 108 0 24 50 06 1 06 50
05 109 0 12 47 05 1 06 47
05 110 0 16 39 03 1 06 39
05 111 0 05 71 02 1 06 71
05 112 0 12 47 05 1 07 47
05 113 0 23 56 00 1 07 56
05 114 0 24 50 06 1 07 50
05 115 0 16 39 03 0 07 56
05 116 0 07 73 04 0 07 47
05 117 0 19 21 07 1 07 21
05 118 0 05 71 02 1 07 71
05 119 0 03 42 01 1 07 42
05 120 0 19 21 07 1 07 21
05 121 0 24 50 06 1 07 50
05 122 0 12 47 05 0 07 74
05 123 0 03 42 01 1 07 42
05 124 0 16 39 03 1 07 39
05 125 0 05 71 02 1 07 71
05 126 0 23 56 00 1 07 56
05 127 0 07 73 04 0 07 43
05 128 0 19 21 07 1 07 21
05 129 0 03 42 01 1 07 42
05 130 0 07 73 04 0 07 47
05 131 0 24 50 06 0 07 21
05 132 0 12 47 05 1 07 47
05 133 0 05 71 02 1 07 71
05 134 0 23 56 00 1 07 56
05 135 0 16 39 03 1 07 39
05 136 0 03 42 01 1 07 42
05 137 0 16 39 03 0 07 56
05 138 0 19 21 07 1 07 21
05 139 0 24 50 06 1 07 50
05 140 0 07 73 04 1 07 73
05 141 0 23 56 00 1 07 56
05 142 0 05 71 02 1 07 71
05 143 0 12 47 05 1 07 47
05 144 0 12 47 05 1 07 47
05 145 0 07 73 04 1 07 73
05 146 0 05 71 02 1 07 71
05 147 0 19 21 07 1 07 21
05 148 0 03 42 01 1 07 42
05 149 0 16 39 03 0 07 56
05 100 1 25 28 00 1 00 28
05 101 1 25 28 00 1 01 28
05 102 1 06 23 01 0 01 28
05 103 1 25 28 00 1 01 28
05 104 1 06 23 01 1 01 23
05 105 1 23 70 02 1 02 70
05 106 1 25 28 00 1 02 28
05 107 1 06 23 01 1 02 23
05 108 1 25 28 00 1 03 28
05 109 1 14 17 03 1 03 17
05 110 1 06 23 01 1 03 23
05 111 1 23 70 02 0 03 28
05 112 1 14 17 03 0 03 70
05 113 1 06 23 01 1 03 23
05 114 1 25 28 00 1 03 28
05 115 1 23 70 02 1 03 70
05 116 1 06 23 01 1 03 23
05 117 1 23 70 02 1 03 70
05 118 1 25 28 00 1 03 28
05 119 1 14 17 03 1 03 17
05 120 1 14 17 03 1 04 17
05 121 1 10 67 04 1 04 67
05 122 1 23 70 02 0 04 17
05 123 1 06 23 01 1 04 23
05 124 1 25 28 00 1 04 28
05 125 1 10 67 04 1 04 67
05 126 1 06 23 01 1 04 23
05 127 1 25 28 00 1 04 28
05 128 1 14 17 03 0 04 70
05 129 1 23 70 02 0 04 17
05 130 1 23 70 02 1 04 70
05 131 1 14 17 03 1 04 17
05 132 1 10 67 04 1 04 67
05 133 1 06 23 01 1 04 23
05 134 1 25 28 00 1 04 28
05 135 1 14 17 03 1 05 17
05 136 1 23 70 02 1 05 70
05 137 1 10 67 04 1 05 67
05 138 1 25 28 00 1 05 28
05 139 1 17 18 05 0 05 68
05 140 1 06 23 01 1 05 23
05 141 1 14 17 03 1 05 17
05 142 1 25 28 00 1 05 28
05 143 1 23 70 02 1 05 70
05 144 1 06 23 01 1 05 23
05 145 1 17 18 05 1 05 18
05 146 1 10 67 04 1 05 67
05 147 1 14 17 03 1 06 17
05 148 1 23 70 02 1 06 70
05 149 1 10 67 04 1 06 67
05 150 1 06 23 01 1 06 23
05 151 1 12 22 06 0 06 00
05 152 1 17 18 05 1 06 18
05 153 1 25 28 00 1 06 28
05 154 1 14 17 03 1 06 17
05 155 1 06 23 01 1 06 23
05 156 1 23 70 02 1 06 70
05 157 1 12 22 06 1 06 22
05 158 1 25 28 00 1 06 28
05 159 1 10 67 04 1 06 67
05 160 1 17 18 05 0 06 28
05 161 1 23 70 02 1 06 70
05 162 1 12 22 06 1 06 22
05 163 1 17 18 05 1 06 18
05 164 1 25 28 00 0 06 05
05 165 1 06 23 01 1 06 23
05 166 1 14 17 03 1 06 17
05 167 1 10 67 04 1 06 67
05 168 1 06 23 01 1 06 23
05 169 1 17 18 05 1 06 18
05 170 1 10 67 04 1 06 67
05 171 1 14 17 03 1 06 17
05 172 1 23 70 02 1 06 70
05 173 1 12 22 06 1 06 22
05 174 1 25 28 00 1 06 28
05 175 1 07 65 07 1 07 65
05 176 1 12 22 06 1 07 22
05 177 1 10 67 04 1 07 67
05 178 1 14 17 03 1 07 17
05 179 1 25 28 00 0 07 65
05 180 1 06 23 01 1 07 23
05 181 1 17 18 05 1 07 18
05 182 1 23 70 02 1 07 70
05 183 1 12 22 06 1 07 22
05 184 1 10 67 04 1 07 67
05 185 1 17 18 05 1 07 18
05 186 1 23 70 02 1 07 70
05 187 1 06 23 01 1 07 23
05 188 1 14 17 03 1 07 17
05 189 1 07 65 07 1 07 65
05 190 1 25 28 00 1 07 28
05 191 1 12 22 06 1 08 22
05 192 1 10 67 04 1 08 67
05 193 1 11 13 08 1 08 13
05 194 1 06 23 01 1 08 23
05 195 1 14 17 03 1 08 17
05 196 1 07 65 07 0 08 67
05 197 1 25 28 00 1 08 28
05 198 1 17 18 05 1 08 18
05 199 1 23 70 02 1 08 70
05 200 1 17 18 05 0 08 13
05 201 1 12 22 06 1 08 22
05 202 1 23 70 02 1 08 70
05 203 1 06 23 01 1 08 23
05 204 1 07 65 07 1 08 65
05 205 1 11 13 08 1 08 13
05 206 1 10 67 04 1 08 67
05 207 1 25 28 00 1 08 28
05 208 1 14 17 03 1 08 17
05 209 1 11 13 08 1 08 13
05 210 1 23 70 02 1 08 70
05 211 1 07 65 07 1 08 65
05 212 1 06 23 01 1 08 23
05 213 1 17 18 05 0 08 13
05 214 1 10 67 04 0 08 65
05 215 1 14 17 03 0 08 67
05 216 1 12 22 06 1 08 22
05 217 1 25 28 00 1 08 28
05 218 1 14 17 03 1 08 17
05 219 1 10 67 04 1 08 67
05 220 1 12 22 06 1 08 22
05 221 1 17 18 05 0 08 13
05 222 1 23 70 02 1 08 70
05 223 1 11 13 08 1 08 13
05 224 1 25 28 00 1 08 28
05 225 1 07 65 07 1 08 65
05 226 1 06 23 01 1 08 23
05 227 1 14 17 03 1 08 17
05 228 1 17 18 05 1 08 18
05 229 1 11 13 08 1 08 13
05 230 1 06 23 01 1 08 23
05 231 1 25 28 00 0 08 65
05 232 1 12 22 06 1 08 22
05 233 1 23 70 02 1 08 70
05 234 1 10 67 04 0 08 65
05 235 1 07 65 07 1 08 65
05 236 1 23 70 02 1 08 70
05 237 1 07 65 07 1 08 65
05 238 1 10 67 04 1 08 67
05 239 1 11 13 08 1 08 13
05 240 1 12 22 06 1 08 22
05 241 1 06 23 01 1 08 23
05 242 1 14 17 03 1 08 17
05 243 1 25 28 00 1 08 28
05 244 1 17 18 05 1 08 18
05 245 1 20 59 09 1 09 59
05 246 1 10 67 04 1 09 67
05 247 1 23 70 02 1 09 70
05 248 1 12 22 06 1 09 22
05 249 1 14 17 03 1 09 17
