03 000 0 23 56 00 0 00 05
03 001 0 23 56 00 1 00 56
03 002 0 23 56 00 1 01 56
03 003 0 03 42 01 1 01 42
03 004 0 03 42 01 1 02 42
03 005 0 05 71 02 1 02 71
03 006 0 23 56 00 1 02 56
03 007 0 23 56 00 1 03 56
03 008 0 05 71 02 1 03 71
03 009 0 16 39 03 0 03 42
03 010 0 03 42 01 0 03 71
03 011 0 05 71 02 1 03 71
03 012 0 03 42 01 1 03 42
03 013 0 16 39 03 0 03 46
03 014 0 23 56 00 1 03 56
03 015 0 23 56 00 1 03 56
03 016 0 05 71 02 1 03 71
03 017 0 16 39 03 1 03 39
03 018 0 03 42 01 1 03 42
03 019 0 23 56 00 1 04 56
03 020 0 05 71 02 1 04 71
03 021 0 03 42 01 1 04 42
03 022 0 07 73 04 0 04 46
03 023 0 16 39 03 1 04 39
03 024 0 05 71 02 1 04 71
03 025 0 23 56 00 1 04 56
03 026 0 03 42 01 1 04 42
03 027 0 16 39 03 0 04 42
03 028 0 07 73 04 0 04 78
03 029 0 03 42 01 1 04 42
03 030 0 07 73 04 0 04 79
03 031 0 05 71 02 1 04 71
03 032 0 16 39 03 1 04 39
03 033 0 23 56 00 1 04 56
03 034 0 07 73 04 1 04 73
03 035 0 16 39 03 1 04 39
03 036 0 23 56 00 1 04 56
03 037 0 03 42 01 1 04 42
03 038 0 05 71 02 1 04 71
03 039 0 16 39 03 1 05 39
03 040 0 05 71 02 1 05 71
03 041 0 03 42 01 1 05 42
03 042 0 23 56 00 1 05 56
03 043 0 07 73 04 0 05 47
03 044 0 12 47 05 0 05 43
03 045 0 07 73 04 1 05 73
03 046 0 16 39 03 0 05 73
03 047 0 12 47 05 0 05 73
03 048 0 23 56 00 1 05 56
03 049 0 03 42 01 1 05 42
03 050 0 05 71 02 1 05 71
03 051 0 03 42 01 1 05 42
03 052 0 12 47 05 1 05 47
03 053 0 23 56 00 1 05 56
03 054 0 05 71 02 1 05 71
03 055 0 07 73 04 0 05 39
03 056 0 16 39 03 0 05 43
03 057 0 12 47 05 0 05 39
03 058 0 23 56 00 1 05 56
03 059 0 16 39 03 1 05 39
03 060 0 03 42 01 1 05 42
03 061 0 05 71 02 1 05 71
03 062 0 07 73 04 1 05 73
03 063 0 23 56 00 1 05 56
03 064 0 16 39 03 1 05 39
03 065 0 07 73 04 1 05 73
03 066 0 05 71 02 1 05 71
03 067 0 12 47 05 0 05 39
03 068 0 03 42 01 1 05 42
03 069 0 16 39 03 1 05 39
03 070 0 23 56 00 1 05 56
03 071 0 07 73 04 1 05 73
03 072 0 05 71 02 1 05 71
03 073 0 03 42 01 1 05 42
03 074 0 12 47 05 1 05 47
03 075 0 24 50 06 1 06 50
03 076 0 23 56 00 1 06 56
03 077 0 12 47 05 0 06 44
03 078 0 07 73 04 0 06 39
03 079 0 16 39 03 1 06 39
03 080 0 05 71 02 1 06 71
03 081 0 03 42 01 1 06 42
03 082 0 16 39 03 1 06 39
03 083 0 12 47 05 0 06 04
03 084 0 03 42 01 0 06 00
03 085 0 05 71 02 0 06 00
03 086 0 23 56 00 1 06 56
03 087 0 24 50 06 1 06 50
03 088 0 07 73 04 0 06 39
03 089 0 16 39 03 1 06 39
03 090 0 24 50 06 1 06 50
03 091 0 12 47 05 1 06 47
03 092 0 03 42 01 1 06 42
03 093 0 05 71 02 1 06 71
03 094 0 23 56 00 1 06 56
03 095 0 07 73 04 1 06 73
03 096 0 19 21 07 1 07 21
03 097 0 16 39 03 1 07 39
03 098 0 05 71 02 1 07 71
03 099 0 23 56 00 1 07 56
03 100 0 03 42 01 1 07 42
03 101 0 12 47 05 0 07 39
03 102 0 07 73 04 1 07 73
03 103 0 24 50 06 1 07 50
03 104 0 07 73 04 1 07 73
03 105 0 03 42 01 1 07 42
03 106 0 05 71 02 1 07 71
03 107 0 23 56 00 1 07 56
03 108 0 24 50 06 1 07 50
03 109 0 12 47 05 0 07 39
03 110 0 16 39 03 1 07 39
03 111 0 19 21 07 1 07 21
03 112 0 19 21 07 1 07 21
03 113 0 03 42 01 1 07 42
03 114 0 24 50 06 1 07 50
03 115 0 16 39 03 1 07 39
03 116 0 07 73 04 1 07 73
03 117 0 23 56 00 1 07 56
03 118 0 12 47 05 1 07 47
03 119 0 05 71 02 1 07 71
03 120 0 05 71 02 1 08 71
03 121 0 24 50 06 1 08 50
03 122 0 03 42 01 1 08 42
03 123 0 12 47 05 1 08 47
03 124 0 20 46 08 1 08 46
03 125 0 19 21 07 1 08 21
03 126 0 16 39 03 1 08 39
03 127 0 23 56 00 1 08 56
03 128 0 07 73 04 1 08 73
03 129 0 07 73 04 1 09 73
03 130 0 12 47 05 1 09 47
03 131 0 20 46 08 0 09 35
03 132 0 05 71 02 1 09 71
03 133 0 16 39 03 1 09 39
03 134 0 03 42 01 1 09 42
03 135 0 04 35 09 1 09 35
03 136 0 24 50 06 1 09 50
03 137 0 19 21 07 1 09 21
03 138 0 23 56 00 1 09 56
03 139 0 23 56 00 1 09 56
03 140 0 20 46 08 1 09 46
03 141 0 05 71 02 1 09 71
03 142 0 12 47 05 1 09 47
03 143 0 03 42 01 1 09 42
03 144 0 16 39 03 1 09 39
03 145 0 24 50 06 0 09 35
03 146 0 07 73 04 0 09 46
03 147 0 04 35 09 1 09 35
03 148 0 19 21 07 1 09 21
03 149 0 07 73 04 1 09 73
03 100 1 25 28 00 0 00 82
03 101 1 25 28 00 1 00 28
03 102 1 25 28 00 1 01 28
03 103 1 06 23 01 1 01 23
03 104 1 25 28 00 1 02 28
03 105 1 23 70 02 1 02 70
03 106 1 06 23 01 1 02 23
03 107 1 14 17 03 0 03 70
03 108 1 25 28 00 1 03 28
03 109 1 06 23 01 0 03 30
03 110 1 23 70 02 0 03 28
03 111 1 14 17 03 0 03 70
03 112 1 25 28 00 1 03 28
03 113 1 23 70 02 1 03 70
03 114 1 06 23 01 1 03 23
03 115 1 25 28 00 1 03 28
03 116 1 23 70 02 1 03 70
03 117 1 14 17 03 1 03 17
03 118 1 06 23 01 1 03 23
03 119 1 06 23 01 1 04 23
03 120 1 25 28 00 1 04 28
03 121 1 10 67 04 1 04 67
03 122 1 14 17 03 0 04 28
03 123 1 23 70 02 1 04 70
03 124 1 10 67 04 1 04 67
03 125 1 25 28 00 1 04 28
03 126 1 14 17 03 1 04 17
03 127 1 23 70 02 1 04 70
03 128 1 06 23 01 1 04 23
03 129 1 06 23 01 1 05 23
03 130 1 23 70 02 1 05 70
03 131 1 10 67 04 1 05 67
03 132 1 14 17 03 1 05 17
03 133 1 17 18 05 1 05 18
03 134 1 25 28 00 1 05 28
03 135 1 14 17 03 1 06 17
03 136 1 10 67 04 1 06 67
03 137 1 17 18 05 1 06 18
03 138 1 25 28 00 1 06 28
03 139 1 12 22 06 1 06 22
03 140 1 06 23 01 1 06 23
03 141 1 23 70 02 1 06 70
03 142 1 25 28 00 1 07 28
03 143 1 10 67 04 1 07 67
03 144 1 17 18 05 1 07 18
03 145 1 12 22 06 1 07 22
03 146 1 06 23 01 1 07 23
03 147 1 07 65 07 0 07 23
03 148 1 14 17 03 1 07 17
03 149 1 23 70 02 1 07 70
03 150 1 17 18 05 1 07 18
03 151 1 06 23 01 1 07 23
03 152 1 07 65 07 1 07 65
03 153 1 23 70 02 1 07 70
03 154 1 25 28 00 1 07 28
03 155 1 14 17 03 1 07 17
03 156 1 10 67 04 1 07 67
03 157 1 12 22 06 1 07 22
03 158 1 10 67 04 1 08 67
03 159 1 25 28 00 1 08 28
03 160 1 14 17 03 1 08 17
03 161 1 23 70 02 1 08 70
03 162 1 11 13 08 1 08 13
03 163 1 17 18 05 1 08 18
03 164 1 12 22 06 1 08 22
03 165 1 07 65 07 1 08 65
03 166 1 06 23 01 1 08 23
03 167 1 23 70 02 1 09 70
03 168 1 12 22 06 1 09 22
03 169 1 25 28 00 1 09 28
03 170 1 07 65 07 1 09 65
03 171 1 20 59 09 1 09 59
03 172 1 14 17 03 1 09 17
03 173 1 17 18 05 1 09 18
03 174 1 11 13 08 1 09 13
03 175 1 06 23 01 1 09 23
03 176 1 10 67 04 1 09 67
03 177 1 10 67 04 1 10 67
03 178 1 11 13 08 1 10 13
03 179 1 23 70 02 1 10 70
03 180 1 20 59 09 1 10 59
03 181 1 26 26 10 0 10 27
03 182 1 25 28 00 1 10 28
03 183 1 12 22 06 1 10 22
03 184 1 17 18 05 1 10 18
03 185 1 07 65 07 0 10 23
03 186 1 06 23 01 0 10 65
03 187 1 14 17 03 1 10 17
03 188 1 14 17 03 1 10 17
03 189 1 12 22 06 1 10 22
03 190 1 07 65 07 1 10 65
03 191 1 20 59 09 0 10 67
03 192 1 10 67 04 1 10 67
03 193 1 25 28 00 1 10 28
03 194 1 11 13 08 1 10 13
03 195 1 17 18 05 1 10 18
03 196 1 26 26 10 0 10 59
03 197 1 23 70 02 1 10 70
03 198 1 06 23 01 1 10 23
03 199 1 26 26 10 0 10 56
03 200 1 25 28 00 1 10 28
03 201 1 06 23 01 1 10 23
03 202 1 20 59 09 0 10 56
03 203 1 07 65 07 1 10 65
03 204 1 11 13 08 1 10 13
03 205 1 14 17 03 1 10 17
03 206 1 12 22 06 1 10 22
03 207 1 17 18 05 1 10 18
03 208 1 10 67 04 1 10 67
03 209 1 23 70 02 0 10 56
03 210 1 23 70 02 1 10 70
03 211 1 20 59 09 0 10 56
03 212 1 14 17 03 1 10 17
03 213 1 17 18 05 1 10 18
03 214 1 11 13 08 1 10 13
03 215 1 25 28 00 1 10 28
03 216 1 26 26 10 0 10 43
03 217 1 06 23 01 1 10 23
03 218 1 10 67 04 1 10 67
03 219 1 07 65 07 1 10 65
03 220 1 12 22 06 1 10 22
03 221 1 23 70 02 1 10 70
03 222 1 11 13 08 1 10 13
03 223 1 12 22 06 1 10 22
03 224 1 17 18 05 1 10 18
03 225 1 14 17 03 1 10 17
03 226 1 26 26 10 1 10 26
03 227 1 25 28 00 1 10 28
03 228 1 06 23 01 1 10 23
03 229 1 10 67 04 1 10 67
03 230 1 20 59 09 1 10 59
03 231 1 07 65 07 0 10 43
03 232 1 23 70 02 1 10 70
03 233 1 20 59 09 1 10 59
03 234 1 26 26 10 1 10 26
03 235 1 25 28 00 1 10 28
03 236 1 10 67 04 1 10 67
03 237 1 07 65 07 1 10 65
03 238 1 14 17 03 1 10 17
03 239 1 11 13 08 1 10 13
03 240 1 12 22 06 1 10 22
03 241 1 17 18 05 1 10 18
03 242 1 06 23 01 1 10 23
03 243 1 12 22 06 0 11 17
03 244 1 14 17 03 1 11 17
03 245 1 10 67 04 1 11 67
03 246 1 06 23 01 1 11 23
03 247 1 20 59 09 0 11 56
03 248 1 23 70 02 1 11 70
03 249 1 25 28 00 1 11 28
03 200 2 09 58 00 1 00 58
03 201 2 02 43 01 1 01 43
03 202 2 09 58 00 1 01 58
03 203 2 09 58 00 1 02 58
03 204 2 02 43 01 1 02 43
03 205 2 00 27 02 1 02 27
03 206 2 02 43 01 1 03 43
03 207 2 12 29 03 0 03 27
03 208 2 00 27 02 1 03 27
03 209 2 09 58 00 0 03 02
03 210 2 09 58 00 1 03 58
03 211 2 02 43 01 1 03 43
03 212 2 12 29 03 0 03 27
03 213 2 00 27 02 1 03 27
03 214 2 02 43 01 1 03 43
03 215 2 12 29 03 0 03 49
03 216 2 00 27 02 0 03 43
03 217 2 09 58 00 1 03 58
03 218 2 02 43 01 1 03 43
03 219 2 00 27 02 1 03 27
03 220 2 09 58 00 0 03 29
03 221 2 12 29 03 1 03 29
03 222 2 12 29 03 1 03 29
03 223 2 00 27 02 0 03 43
03 224 2 09 58 00 1 03 58
03 225 2 02 43 01 1 03 43
03 226 2 12 29 03 1 03 29
03 227 2 00 27 02 1 03 27
03 228 2 09 58 00 1 03 58
03 229 2 02 43 01 1 03 43
03 230 2 02 43 01 1 04 43
03 231 2 00 27 02 1 04 27
03 232 2 12 29 03 1 04 29
03 233 2 09 58 00 0 04 25
03 234 2 08 25 04 0 04 58
03 235 2 02 43 01 1 04 43
03 236 2 08 25 04 0 04 58
03 237 2 12 29 03 1 04 29
03 238 2 09 58 00 0 04 25
03 239 2 00 27 02 0 04 43
03 240 2 08 25 04 1 04 25
03 241 2 09 58 00 1 04 58
03 242 2 00 27 02 1 04 27
03 243 2 12 29 03 1 04 29
03 244 2 02 43 01 1 04 43
03 245 2 00 27 02 1 05 27
03 246 2 08 25 04 0 05 58
03 247 2 12 29 03 1 05 29
03 248 2 04 32 05 1 05 32
03 249 2 09 58 00 1 05 58
03 250 2 02 43 01 1 05 43
03 251 2 08 25 04 1 05 25
03 252 2 04 32 05 1 05 32
03 253 2 02 43 01 1 05 43
03 254 2 09 58 00 1 05 58
03 255 2 00 27 02 0 05 44
03 256 2 12 29 03 1 05 29
03 257 2 04 32 05 1 05 32
03 258 2 00 27 02 1 05 27
03 259 2 02 43 01 1 05 43
03 260 2 12 29 03 1 05 29
03 261 2 09 58 00 1 05 58
03 262 2 08 25 04 1 05 25
03 263 2 03 38 06 0 06 32
03 264 2 12 29 03 1 06 29
03 265 2 04 32 05 0 06 38
03 266 2 08 25 04 0 06 58
03 267 2 09 58 00 1 06 58
03 268 2 00 27 02 1 06 27
03 269 2 02 43 01 0 06 32
03 270 2 02 43 01 1 06 43
03 271 2 09 58 00 0 06 05
03 272 2 12 29 03 1 06 29
03 273 2 08 25 04 0 06 58
03 274 2 04 32 05 0 06 38
03 275 2 03 38 06 1 06 38
03 276 2 00 27 02 1 06 27
03 277 2 12 29 03 1 06 29
03 278 2 00 27 02 1 06 27
03 279 2 08 25 04 1 06 25
03 280 2 03 38 06 0 06 43
03 281 2 04 32 05 0 06 43
03 282 2 02 43 01 1 06 43
03 283 2 09 58 00 0 06 29
03 284 2 08 25 04 0 06 58
03 285 2 12 29 03 1 06 29
03 286 2 03 38 06 0 06 43
03 287 2 02 43 01 1 06 43
03 288 2 09 58 00 0 06 25
03 289 2 04 32 05 0 06 38
03 290 2 00 27 02 1 06 27
03 291 2 04 32 05 1 06 32
03 292 2 00 27 02 1 06 27
03 293 2 03 38 06 0 06 32
03 294 2 09 58 00 1 06 58
03 295 2 12 29 03 1 06 29
03 296 2 08 25 04 1 06 25
03 297 2 02 43 01 1 06 43
03 298 2 00 27 02 1 06 27
03 299 2 12 29 03 1 06 29
03 300 2 09 58 00 1 06 58
03 301 2 04 32 05 0 06 38
03 302 2 03 38 06 0 06 43
03 303 2 08 25 04 0 06 00
03 304 2 02 43 01 1 06 43
03 305 2 03 38 06 1 06 38
03 306 2 08 25 04 0 06 58
03 307 2 00 27 02 1 06 27
03 308 2 12 29 03 1 06 29
03 309 2 04 32 05 1 06 32
03 310 2 02 43 01 1 06 43
03 311 2 09 58 00 1 06 58
03 312 2 08 25 04 1 06 25
03 313 2 12 29 03 1 06 29
03 314 2 09 58 00 1 06 58
03 315 2 03 38 06 1 06 38
03 316 2 02 43 01 1 06 43
03 317 2 04 32 05 1 06 32
03 318 2 00 27 02 0 06 43
03 319 2 03 38 06 1 06 38
03 320 2 00 27 02 1 06 27
03 321 2 02 43 01 1 06 43
03 322 2 08 25 04 1 06 25
03 323 2 09 58 00 1 06 58
03 324 2 12 29 03 1 06 29
03 325 2 04 32 05 1 06 32
03 326 2 12 29 03 1 07 29
03 327 2 05 11 07 0 07 32
03 328 2 04 32 05 0 07 11
03 329 2 02 43 01 1 07 43
03 330 2 03 38 06 1 07 38
03 331 2 08 25 04 1 07 25
03 332 2 09 58 00 1 07 58
03 333 2 00 27 02 1 07 27
03 334 2 08 25 04 1 07 25
03 335 2 00 27 02 1 07 27
03 336 2 04 32 05 0 07 11
03 337 2 05 11 07 1 07 11
03 338 2 03 38 06 1 07 38
03 339 2 09 58 00 1 07 58
03 340 2 02 43 01 1 07 43
03 341 2 12 29 03 1 07 29
03 342 2 05 11 07 1 07 11
03 343 2 03 38 06 1 07 38
03 344 2 02 43 01 1 07 43
03 345 2 08 25 04 1 07 25
03 346 2 04 32 05 0 07 11
03 347 2 00 27 02 1 07 27
03 348 2 09 58 00 1 07 58
03 349 2 12 29 03 1 07 29
