15 000 0 23 56 00 0 00 00
15 001 0 23 56 00 0 00 00
15 002 0 23 56 00 0 00 00
15 003 0 23 56 00 0 00 00
15 004 0 23 56 00 1 00 56
15 005 0 03 42 01 1 01 42
15 006 0 23 56 00 1 01 56
15 007 0 05 71 02 1 02 71
15 008 0 23 56 00 1 02 56
15 009 0 03 42 01 1 02 42
15 010 0 23 56 00 1 03 56
15 011 0 03 42 01 1 03 42
15 012 0 16 39 03 1 03 39
15 013 0 05 71 02 1 03 71
15 014 0 16 39 03 1 04 39
15 015 0 07 73 04 1 04 73
15 016 0 03 42 01 1 04 42
15 017 0 05 71 02 1 04 71
15 018 0 23 56 00 1 04 56
15 019 0 16 39 03 1 05 39
15 020 0 03 42 01 1 05 42
15 021 0 05 71 02 1 05 71
15 022 0 23 56 00 1 05 56
15 023 0 07 73 04 0 05 43
15 024 0 12 47 05 1 05 47
15 025 0 03 42 01 1 05 42
15 026 0 16 39 03 0 05 03
15 027 0 12 47 05 1 05 47
15 028 0 07 73 04 1 05 73
15 029 0 05 71 02 1 05 71
15 030 0 23 56 00 1 05 56
15 031 0 16 39 03 1 05 39
15 032 0 12 47 05 1 05 47
15 033 0 03 42 01 1 05 42
15 034 0 05 71 02 1 05 71
15 035 0 23 56 00 1 05 56
15 036 0 07 73 04 1 05 73
15 037 0 05 71 02 1 06 71
15 038 0 23 56 00 1 06 56
15 039 0 16 39 03 1 06 39
15 040 0 07 73 04 1 06 73
15 041 0 03 42 01 1 06 42
15 042 0 12 47 05 1 06 47
15 043 0 24 50 06 1 06 50
15 044 0 03 42 01 1 07 42
15 045 0 12 47 05 1 07 47
15 046 0 24 50 06 1 07 50
15 047 0 16 39 03 1 07 39
15 048 0 23 56 00 1 07 56
15 049 0 19 21 07 1 07 21
15 050 0 07 73 04 0 07 04
15 051 0 05 71 02 1 07 71
15 052 0 24 50 06 1 07 50
15 053 0 16 39 03 1 07 39
15 054 0 05 71 02 1 07 71
15 055 0 19 21 07 1 07 21
15 056 0 23 56 00 1 07 56
15 057 0 12 47 05 1 07 47
15 058 0 07 73 04 1 07 73
15 059 0 03 42 01 1 07 42
15 060 0 20 46 08 1 08 46
15 061 0 24 50 06 1 08 50
15 062 0 07 73 04 1 08 73
15 063 0 23 56 00 1 08 56
15 064 0 12 47 05 1 08 47
15 065 0 16 39 03 1 08 39
15 066 0 03 42 01 1 08 42
15 067 0 19 21 07 1 08 21
15 068 0 05 71 02 1 08 71
15 069 0 24 50 06 1 09 50
15 070 0 20 46 08 1 09 46
15 071 0 23 56 00 1 09 56
15 072 0 12 47 05 1 09 47
15 073 0 04 35 09 1 09 35
15 074 0 16 39 03 1 09 39
15 075 0 07 73 04 1 09 73
15 076 0 19 21 07 1 09 21
15 077 0 03 42 01 1 09 42
15 078 0 05 71 02 1 09 71
15 079 0 19 21 07 1 10 21
15 080 0 20 46 08 1 10 46
15 081 0 23 56 00 1 10 56
15 082 0 03 42 01 1 10 42
15 083 0 16 39 03 1 10 39
15 084 0 11 37 10 0 10 47
15 085 0 05 71 02 1 10 71
15 086 0 07 73 04 1 10 73
15 087 0 04 35 09 1 10 35
15 088 0 12 47 05 1 10 47
15 089 0 24 50 06 1 10 50
15 090 0 07 73 04 1 10 73
15 091 0 19 21 07 1 10 21
15 092 0 20 46 08 1 10 46
15 093 0 23 56 00 1 10 56
15 094 0 11 37 10 1 10 37
15 095 0 03 42 01 1 10 42
15 096 0 24 50 06 1 10 50
15 097 0 05 71 02 1 10 71
15 098 0 12 47 05 1 10 47
15 099 0 16 39 03 1 10 39
15 100 0 04 35 09 1 10 35
15 101 0 20 46 08 1 11 46
15 102 0 03 42 01 1 11 42
15 103 0 12 47 05 1 11 47
15 104 0 04 35 09 1 11 35
15 105 0 07 73 04 1 11 73
15 106 0 19 21 07 1 11 21
15 107 0 24 50 06 1 11 50
15 108 0 18 14 11 1 11 14
15 109 0 16 39 03 1 11 39
15 110 0 23 56 00 1 11 56
15 111 0 05 71 02 1 11 71
15 112 0 11 37 10 1 11 37
15 113 0 03 42 01 1 12 42
15 114 0 19 21 07 1 12 21
15 115 0 23 56 00 1 12 56
15 116 0 11 37 10 1 12 37
15 117 0 16 39 03 1 12 39
15 118 0 18 14 11 1 12 14
15 119 0 20 46 08 1 12 46
15 120 0 13 51 12 1 12 51
15 121 0 07 73 04 1 12 73
15 122 0 12 47 05 1 12 47
15 123 0 04 35 09 1 12 35
15 124 0 24 50 06 1 12 50
15 125 0 05 71 02 1 12 71
15 126 0 16 39 03 1 13 39
15 127 0 20 46 08 1 13 46
15 128 0 17 76 13 1 13 76
15 129 0 05 71 02 1 13 71
15 130 0 19 21 07 1 13 21
15 131 0 13 51 12 1 13 51
15 132 0 11 37 10 1 13 37
15 133 0 12 47 05 1 13 47
15 134 0 04 35 09 1 13 35
15 135 0 23 56 00 1 13 56
15 136 0 24 50 06 1 13 50
15 137 0 03 42 01 1 13 42
15 138 0 18 14 11 1 13 14
15 139 0 07 73 04 1 13 73
15 140 0 20 46 08 1 14 46
15 141 0 19 21 07 1 14 21
15 142 0 17 76 13 1 14 76
15 143 0 11 37 10 1 14 37
15 144 0 16 39 03 1 14 39
15 145 0 12 47 05 1 14 47
15 146 0 18 14 11 1 14 14
15 147 0 06 24 14 1 14 24
15 148 0 03 42 01 1 14 42
15 149 0 07 73 04 1 14 73
15 100 1 25 28 00 1 00 28
15 101 1 25 28 00 1 01 28
15 102 1 06 23 01 1 01 23
15 103 1 23 70 02 1 02 70
15 104 1 25 28 00 1 02 28
15 105 1 06 23 01 1 02 23
15 106 1 25 28 00 1 03 28
15 107 1 14 17 03 1 03 17
15 108 1 06 23 01 1 03 23
15 109 1 23 70 02 1 03 70
15 110 1 23 70 02 1 04 70
15 111 1 10 67 04 1 04 67
15 112 1 14 17 03 1 04 17
15 113 1 25 28 00 1 04 28
15 114 1 06 23 01 1 04 23
15 115 1 23 70 02 0 05 18
15 116 1 10 67 04 1 05 67
15 117 1 06 23 01 1 05 23
15 118 1 17 18 05 1 05 18
15 119 1 14 17 03 1 05 17
15 120 1 25 28 00 1 05 28
15 121 1 06 23 01 1 05 23
15 122 1 10 67 04 0 05 70
15 123 1 14 17 03 1 05 17
15 124 1 23 70 02 1 05 70
15 125 1 25 28 00 1 05 28
15 126 1 17 18 05 1 05 18
15 127 1 17 18 05 1 05 18
15 128 1 23 70 02 1 05 70
15 129 1 14 17 03 1 05 17
15 130 1 25 28 00 1 05 28
15 131 1 06 23 01 1 05 23
15 132 1 10 67 04 1 05 67
15 133 1 06 23 01 1 06 23
15 134 1 17 18 05 1 06 18
15 135 1 10 67 04 1 06 67
15 136 1 14 17 03 1 06 17
15 137 1 25 28 00 1 06 28
15 138 1 12 22 06 1 06 22
15 139 1 23 70 02 1 06 70
15 140 1 10 67 04 1 07 67
15 141 1 25 28 00 1 07 28
15 142 1 12 22 06 1 07 22
15 143 1 07 65 07 1 07 65
15 144 1 06 23 01 1 07 23
15 145 1 14 17 03 1 07 17
15 146 1 23 70 02 1 07 70
15 147 1 17 18 05 1 07 18
15 148 1 10 67 04 1 08 67
15 149 1 12 22 06 1 08 22
15 150 1 06 23 01 1 08 23
15 151 1 11 13 08 1 08 13
15 152 1 23 70 02 1 08 70
15 153 1 25 28 00 1 08 28
15 154 1 14 17 03 1 08 17
15 155 1 07 65 07 0 08 67
15 156 1 17 18 05 1 08 18
15 157 1 17 18 05 1 08 18
15 158 1 23 70 02 1 08 70
15 159 1 12 22 06 1 08 22
15 160 1 06 23 01 1 08 23
15 161 1 14 17 03 1 08 17
15 162 1 10 67 04 1 08 67
15 163 1 07 65 07 1 08 65
15 164 1 25 28 00 1 08 28
15 165 1 11 13 08 1 08 13
15 166 1 20 59 09 1 09 59
15 167 1 14 17 03 1 09 17
15 168 1 07 65 07 1 09 65
15 169 1 10 67 04 1 09 67
15 170 1 11 13 08 1 09 13
15 171 1 12 22 06 1 09 22
15 172 1 23 70 02 1 09 70
15 173 1 06 23 01 1 09 23
15 174 1 17 18 05 1 09 18
15 175 1 25 28 00 1 09 28
15 176 1 07 65 07 1 10 65
15 177 1 10 67 04 1 10 67
15 178 1 17 18 05 1 10 18
15 179 1 23 70 02 1 10 70
15 180 1 11 13 08 1 10 13
15 181 1 25 28 00 1 10 28
15 182 1 12 22 06 1 10 22
15 183 1 26 26 10 1 10 26
15 184 1 20 59 09 1 10 59
15 185 1 06 23 01 1 10 23
15 186 1 14 17 03 1 10 17
15 187 1 11 13 08 1 11 13
15 188 1 17 18 05 1 11 18
15 189 1 06 23 01 1 11 23
15 190 1 14 17 03 1 11 17
15 191 1 07 65 07 1 11 65
15 192 1 08 64 11 1 11 64
15 193 1 10 67 04 0 11 16
15 194 1 23 70 02 1 11 70
15 195 1 20 59 09 1 11 59
15 196 1 25 28 00 1 11 28
15 197 1 26 26 10 0 11 64
15 198 1 12 22 06 1 11 22
15 199 1 17 18 05 1 11 18
15 200 1 20 59 09 1 11 59
15 201 1 25 28 00 1 11 28
15 202 1 10 67 04 1 11 67
15 203 1 06 23 01 1 11 23
15 204 1 11 13 08 1 11 13
15 205 1 12 22 06 1 11 22
15 206 1 23 70 02 1 11 70
15 207 1 14 17 03 1 11 17
15 208 1 07 65 07 1 11 65
15 209 1 08 64 11 1 11 64
15 210 1 26 26 10 1 11 26
15 211 1 10 67 04 1 12 67
15 212 1 23 70 02 1 12 70
15 213 1 06 23 01 1 12 23
15 214 1 15 36 12 0 12 76
15 215 1 12 22 06 1 12 22
15 216 1 14 17 03 0 12 22
15 217 1 26 26 10 1 12 26
15 218 1 11 13 08 1 12 13
15 219 1 08 64 11 1 12 64
15 220 1 17 18 05 1 12 18
15 221 1 07 65 07 1 12 65
15 222 1 20 59 09 1 12 59
15 223 1 25 28 00 1 12 28
15 224 1 06 23 01 1 12 23
15 225 1 23 70 02 1 12 70
15 226 1 14 17 03 1 12 17
15 227 1 25 28 00 1 12 28
15 228 1 12 22 06 1 12 22
15 229 1 15 36 12 0 12 38
15 230 1 11 13 08 0 12 00
15 231 1 26 26 10 0 12 64
15 232 1 08 64 11 1 12 64
15 233 1 17 18 05 1 12 18
15 234 1 10 67 04 1 12 67
15 235 1 07 65 07 1 12 65
15 236 1 20 59 09 1 12 59
15 237 1 07 65 07 1 12 65
15 238 1 11 13 08 0 12 18
15 239 1 23 70 02 1 12 70
15 240 1 10 67 04 1 12 67
15 241 1 20 59 09 1 12 59
15 242 1 08 64 11 1 12 64
15 243 1 06 23 01 1 12 23
15 244 1 14 17 03 1 12 17
15 245 1 12 22 06 1 12 22
15 246 1 26 26 10 1 12 26
15 247 1 15 36 12 1 12 36
15 248 1 17 18 05 1 12 18
15 249 1 25 28 00 1 12 28
15 200 2 09 58 00 1 00 58
15 201 2 02 43 01 1 01 43
15 202 2 09 58 00 1 01 58
15 203 2 00 27 02 1 02 27
15 204 2 09 58 00 1 02 58
15 205 2 02 43 01 1 02 43
15 206 2 12 29 03 1 03 29
15 207 2 00 27 02 1 03 27
15 208 2 09 58 00 1 03 58
15 209 2 02 43 01 1 03 43
15 210 2 09 58 00 1 04 58
15 211 2 12 29 03 1 04 29
15 212 2 02 43 01 1 04 43
15 213 2 08 25 04 1 04 25
15 214 2 00 27 02 1 04 27
15 215 2 02 43 01 1 05 43
15 216 2 04 32 05 1 05 32
15 217 2 00 27 02 1 05 27
15 218 2 12 29 03 1 05 29
15 219 2 09 58 00 1 05 58
15 220 2 08 25 04 1 05 25
15 221 2 04 32 05 0 06 38
15 222 2 02 43 01 1 06 43
15 223 2 12 29 03 1 06 29
15 224 2 09 58 00 1 06 58
15 225 2 08 25 04 1 06 25
15 226 2 03 38 06 1 06 38
15 227 2 00 27 02 1 06 27
15 228 2 09 58 00 1 06 58
15 229 2 04 32 05 1 06 32
15 230 2 03 38 06 0 06 43
15 231 2 02 43 01 1 06 43
15 232 2 00 27 02 1 06 27
15 233 2 12 29 03 1 06 29
15 234 2 08 25 04 1 06 25
15 235 2 00 27 02 1 06 27
15 236 2 03 38 06 0 06 43
15 237 2 12 29 03 1 06 29
15 238 2 04 32 05 0 06 38
15 239 2 08 25 04 1 06 25
15 240 2 02 43 01 1 06 43
15 241 2 09 58 00 1 06 58
15 242 2 03 38 06 1 06 38
15 243 2 04 32 05 1 06 32
15 244 2 09 58 00 1 06 58
15 245 2 02 43 01 1 06 43
15 246 2 08 25 04 1 06 25
15 247 2 00 27 02 1 06 27
15 248 2 12 29 03 1 06 29
15 249 2 12 29 03 1 07 29
15 250 2 02 43 01 1 07 43
15 251 2 04 32 05 1 07 32
15 252 2 05 11 07 0 07 38
15 253 2 00 27 02 1 07 27
15 254 2 09 58 00 1 07 58
15 255 2 03 38 06 1 07 38
15 256 2 08 25 04 1 07 25
15 257 2 09 58 00 1 07 58
15 258 2 02 43 01 1 07 43
15 259 2 08 25 04 1 07 25
15 260 2 00 27 02 1 07 27
15 261 2 04 32 05 1 07 32
15 262 2 03 38 06 1 07 38
15 263 2 12 29 03 1 07 29
15 264 2 05 11 07 1 07 11
15 265 2 03 38 06 0 08 43
15 266 2 07 33 08 0 08 25
15 267 2 12 29 03 1 08 29
15 268 2 08 25 04 1 08 25
15 269 2 04 32 05 1 08 32
15 270 2 09 58 00 1 08 58
15 271 2 02 43 01 1 08 43
15 272 2 00 27 02 1 08 27
15 273 2 05 11 07 1 08 11
15 274 2 05 11 07 0 08 32
15 275 2 08 25 04 1 08 25
15 276 2 00 27 02 1 08 27
15 277 2 07 33 08 0 08 25
15 278 2 04 32 05 1 08 32
15 279 2 03 38 06 1 08 38
15 280 2 02 43 01 1 08 43
15 281 2 12 29 03 1 08 29
15 282 2 09 58 00 1 08 58
15 283 2 03 38 06 1 08 38
15 284 2 12 29 03 1 08 29
15 285 2 09 58 00 1 08 58
15 286 2 08 25 04 0 08 58
15 287 2 07 33 08 0 08 25
15 288 2 00 27 02 1 08 27
15 289 2 02 43 01 1 08 43
15 290 2 04 32 05 1 08 32
15 291 2 05 11 07 0 08 32
15 292 2 08 25 04 1 08 25
15 293 2 12 29 03 0 08 58
15 294 2 03 38 06 1 08 38
15 295 2 02 43 01 1 08 43
15 296 2 00 27 02 1 08 27
15 297 2 09 58 00 0 08 25
15 298 2 07 33 08 0 08 25
15 299 2 04 32 05 1 08 32
15 300 2 05 11 07 1 08 11
15 301 2 07 33 08 0 08 25
15 302 2 08 25 04 0 08 33
15 303 2 09 58 00 1 08 58
15 304 2 04 32 05 1 08 32
15 305 2 12 29 03 1 08 29
15 306 2 05 11 07 0 08 33
15 307 2 00 27 02 1 08 27
15 308 2 02 43 01 1 08 43
15 309 2 03 38 06 1 08 38
15 310 2 03 38 06 1 08 38
15 311 2 09 58 00 0 08 33
15 312 2 00 27 02 1 08 27
15 313 2 04 32 05 1 08 32
15 314 2 05 11 07 0 08 32
15 315 2 02 43 01 1 08 43
15 316 2 07 33 08 0 08 58
15 317 2 12 29 03 1 08 29
15 318 2 08 25 04 0 08 58
15 319 2 09 58 00 1 08 58
15 320 2 08 25 04 0 08 33
15 321 2 05 11 07 0 08 32
15 322 2 12 29 03 1 08 29
15 323 2 03 38 06 0 08 32
15 324 2 04 32 05 1 08 32
15 325 2 00 27 02 1 08 27
15 326 2 02 43 01 1 08 43
15 327 2 07 33 08 0 08 25
15 328 2 05 11 07 0 08 32
15 329 2 09 58 00 1 08 58
15 330 2 00 27 02 1 08 27
15 331 2 07 33 08 1 08 33
15 332 2 03 38 06 1 08 38
15 333 2 12 29 03 1 08 29
15 334 2 08 25 04 1 08 25
15 335 2 02 43 01 1 08 43
15 336 2 04 32 05 1 08 32
15 337 2 07 33 08 0 08 11
15 338 2 03 38 06 1 08 38
15 339 2 12 29 03 1 08 29
15 340 2 02 43 01 1 08 43
15 341 2 09 58 00 0 08 25
15 342 2 05 11 07 0 08 32
15 343 2 00 27 02 1 08 27
15 344 2 08 25 04 0 08 58
15 345 2 04 32 05 1 08 32
15 346 2 09 58 00 1 08 58
15 347 2 12 29 03 1 08 29
15 348 2 04 32 05 1 08 32
15 349 2 03 38 06 1 08 38
