08 200 2 09 58 00 1 00 58
08 201 2 09 58 00 1 01 58
08 202 2 02 43 01 1 01 43
08 203 2 00 27 02 1 02 27
08 204 2 02 43 01 1 02 43
08 205 2 09 58 00 1 02 58
08 206 2 09 58 00 1 03 58
08 207 2 12 29 03 1 03 29
08 208 2 00 27 02 1 03 27
08 209 2 02 43 01 1 03 43
08 210 2 00 27 02 1 04 27
08 211 2 09 58 00 0 04 29
08 212 2 08 25 04 0 04 58
08 213 2 02 43 01 1 04 43
08 214 2 12 29 03 1 04 29
08 215 2 02 43 01 1 04 43
08 216 2 12 29 03 1 04 29
08 217 2 08 25 04 0 04 27
08 218 2 09 58 00 0 04 29
08 219 2 00 27 02 0 04 24
08 220 2 12 29 03 1 04 29
08 221 2 08 25 04 1 04 25
08 222 2 09 58 00 1 04 58
08 223 2 02 43 01 1 04 43
08 224 2 00 27 02 1 04 27
08 225 2 08 25 04 1 05 25
08 226 2 12 29 03 1 05 29
08 227 2 04 32 05 1 05 32
08 228 2 00 27 02 1 05 27
08 229 2 09 58 00 1 05 58
08 230 2 02 43 01 1 05 43
08 231 2 04 32 05 0 06 38
08 232 2 08 25 04 1 06 25
08 233 2 12 29 03 1 06 29
08 234 2 09 58 00 1 06 58
08 235 2 02 43 01 1 06 43
08 236 2 03 38 06 0 06 32
08 237 2 00 27 02 0 06 43
08 238 2 02 43 01 1 06 43
08 239 2 12 29 03 1 06 29
08 240 2 03 38 06 1 06 38
08 241 2 04 32 05 1 06 32
08 242 2 09 58 00 0 06 29
08 243 2 08 25 04 0 06 29
08 244 2 00 27 02 1 06 27
08 245 2 09 58 00 0 06 25
08 246 2 08 25 04 1 06 25
08 247 2 12 29 03 1 06 29
08 248 2 02 43 01 0 06 32
08 249 2 00 27 02 0 06 25
08 250 2 03 38 06 0 06 43
08 251 2 04 32 05 0 06 43
08 252 2 08 25 04 0 06 29
08 253 2 02 43 01 1 06 43
08 254 2 04 32 05 0 06 35
08 255 2 00 27 02 1 06 27
08 256 2 09 58 00 1 06 58
08 257 2 03 38 06 0 06 32
08 258 2 12 29 03 1 06 29
08 259 2 12 29 03 1 06 29
08 260 2 08 25 04 1 06 25
08 261 2 02 43 01 1 06 43
08 262 2 03 38 06 0 06 42
08 263 2 09 58 00 1 06 58
08 264 2 00 27 02 1 06 27
08 265 2 04 32 05 1 06 32
08 266 2 03 38 06 1 06 38
08 267 2 00 27 02 1 06 27
08 268 2 09 58 00 1 06 58
08 269 2 12 29 03 1 06 29
08 270 2 02 43 01 1 06 43
08 271 2 08 25 04 1 06 25
08 272 2 04 32 05 0 06 38
08 273 2 04 32 05 1 06 32
08 274 2 00 27 02 1 06 27
08 275 2 03 38 06 1 06 38
08 276 2 12 29 03 1 06 29
08 277 2 09 58 00 1 06 58
08 278 2 02 43 01 1 06 43
08 279 2 08 25 04 1 06 25
08 280 2 04 32 05 0 07 38
08 281 2 00 27 02 1 07 27
08 282 2 02 43 01 1 07 43
08 283 2 09 58 00 1 07 58
08 284 2 05 11 07 1 07 11
08 285 2 12 29 03 1 07 29
08 286 2 03 38 06 1 07 38
08 287 2 08 25 04 1 07 25
08 288 2 08 25 04 1 07 25
08 289 2 00 27 02 1 07 27
08 290 2 03 38 06 0 07 32
08 291 2 02 43 01 0 07 38
08 292 2 09 58 00 1 07 58
08 293 2 05 11 07 1 07 11
08 294 2 12 29 03 1 07 29
08 295 2 04 32 05 0 07 11
08 296 2 04 32 05 1 07 32
08 297 2 08 25 04 0 07 58
08 298 2 09 58 00 1 07 58
08 299 2 05 11 07 1 07 11
08 300 2 02 43 01 1 07 43
08 301 2 03 38 06 0 07 32
08 302 2 12 29 03 1 07 29
08 303 2 00 27 02 1 07 27
08 304 2 12 29 03 1 07 29
08 305 2 02 43 01 1 07 43
08 306 2 09 58 00 1 07 58
08 307 2 05 11 07 1 07 11
08 308 2 00 27 02 1 07 27
08 309 2 03 38 06 1 07 38
08 310 2 08 25 04 1 07 25
08 311 2 04 32 05 1 07 32
08 312 2 07 33 08 1 08 33
08 313 2 02 43 01 1 08 43
08 314 2 00 27 02 1 08 27
08 315 2 04 32 05 1 08 32
08 316 2 12 29 03 1 08 29
08 317 2 05 11 07 1 08 11
08 318 2 03 38 06 1 08 38
08 319 2 08 25 04 1 08 25
08 320 2 09 58 00 1 08 58
08 321 2 02 43 01 0 09 32
08 322 2 07 33 08 1 09 33
08 323 2 03 38 06 1 09 38
08 324 2 10 63 09 1 09 63
08 325 2 08 25 04 0 09 27
08 326 2 00 27 02 1 09 27
08 327 2 12 29 03 1 09 29
08 328 2 04 32 05 1 09 32
08 329 2 05 11 07 1 09 11
08 330 2 09 58 00 0 09 63
08 331 2 03 38 06 1 09 38
08 332 2 05 11 07 1 09 11
08 333 2 08 25 04 1 09 25
08 334 2 00 27 02 1 09 27
08 335 2 09 58 00 1 09 58
08 336 2 12 29 03 0 09 00
08 337 2 07 33 08 1 09 33
08 338 2 10 63 09 1 09 63
08 339 2 02 43 01 0 09 38
08 340 2 04 32 05 1 09 32
08 341 2 08 25 04 1 09 25
08 342 2 05 11 07 1 09 11
08 343 2 09 58 00 0 09 25
08 344 2 00 27 02 1 09 27
08 345 2 12 29 03 1 09 29
08 346 2 02 43 01 1 09 43
08 347 2 04 32 05 1 09 32
08 348 2 03 38 06 1 09 38
08 349 2 07 33 08 1 09 33
08 000 0 23 56 00 1 00 56
08 001 0 03 42 01 1 01 42
08 002 0 23 56 00 1 01 56
08 003 0 05 71 02 1 02 71
08 004 0 03 42 01 1 02 42
08 005 0 23 56 00 1 02 56
08 006 0 03 42 01 0 03 00
08 007 0 16 39 03 1 03 39
08 008 0 05 71 02 1 03 71
08 009 0 23 56 00 1 03 56
08 010 0 16 39 03 0 03 42
08 011 0 23 56 00 1 03 56
08 012 0 05 71 02 1 03 71
08 013 0 03 42 01 1 03 42
08 014 0 05 71 02 1 03 71
08 015 0 03 42 01 1 03 42
08 016 0 23 56 00 1 03 56
08 017 0 16 39 03 1 03 39
08 018 0 16 39 03 1 04 39
08 019 0 03 42 01 1 04 42
08 020 0 23 56 00 1 04 56
08 021 0 07 73 04 0 04 43
08 022 0 05 71 02 1 04 71
08 023 0 03 42 01 1 04 42
08 024 0 23 56 00 1 04 56
08 025 0 07 73 04 1 04 73
08 026 0 16 39 03 1 04 39
08 027 0 05 71 02 1 04 71
08 028 0 16 39 03 1 05 39
08 029 0 05 71 02 1 05 71
08 030 0 23 56 00 1 05 56
08 031 0 12 47 05 0 05 73
08 032 0 03 42 01 1 05 42
08 033 0 07 73 04 1 05 73
08 034 0 23 56 00 1 05 56
08 035 0 12 47 05 1 05 47
08 036 0 07 73 04 1 05 73
08 037 0 16 39 03 1 05 39
08 038 0 05 71 02 1 05 71
08 039 0 03 42 01 1 05 42
08 040 0 16 39 03 1 06 39
08 041 0 05 71 02 1 06 71
08 042 0 24 50 06 0 06 70
08 043 0 12 47 05 1 06 47
08 044 0 23 56 00 1 06 56
08 045 0 07 73 04 1 06 73
08 046 0 03 42 01 1 06 42
08 047 0 07 73 04 0 06 47
08 048 0 12 47 05 1 06 47
08 049 0 16 39 03 1 06 39
08 050 0 23 56 00 1 06 56
08 051 0 05 71 02 1 06 71
08 052 0 24 50 06 0 06 75
08 053 0 03 42 01 1 06 42
08 054 0 16 39 03 1 06 39
08 055 0 03 42 01 1 06 42
08 056 0 05 71 02 1 06 71
08 057 0 07 73 04 0 06 47
08 058 0 23 56 00 1 06 56
08 059 0 12 47 05 1 06 47
08 060 0 24 50 06 1 06 50
08 061 0 24 50 06 1 06 50
08 062 0 07 73 04 1 06 73
08 063 0 23 56 00 1 06 56
08 064 0 05 71 02 1 06 71
08 065 0 12 47 05 1 06 47
08 066 0 16 39 03 1 06 39
08 067 0 03 42 01 0 06 00
08 068 0 05 71 02 1 06 71
08 069 0 07 73 04 1 06 73
08 070 0 03 42 01 1 06 42
08 071 0 12 47 05 1 06 47
08 072 0 16 39 03 1 06 39
08 073 0 24 50 06 1 06 50
08 074 0 23 56 00 1 06 56
08 075 0 03 42 01 1 07 42
08 076 0 24 50 06 1 07 50
08 077 0 07 73 04 1 07 73
08 078 0 23 56 00 1 07 56
08 079 0 19 21 07 1 07 21
08 080 0 05 71 02 1 07 71
08 081 0 12 47 05 1 07 47
08 082 0 16 39 03 1 07 39
08 083 0 23 56 00 1 08 56
08 084 0 24 50 06 1 08 50
08 085 0 16 39 03 1 08 39
08 086 0 12 47 05 1 08 47
08 087 0 20 46 08 1 08 46
08 088 0 05 71 02 1 08 71
08 089 0 19 21 07 1 08 21
08 090 0 03 42 01 1 08 42
08 091 0 07 73 04 1 08 73
08 092 0 24 50 06 1 09 50
08 093 0 03 42 01 1 09 42
08 094 0 04 35 09 1 09 35
08 095 0 12 47 05 1 09 47
08 096 0 16 39 03 1 09 39
08 097 0 23 56 00 1 09 56
08 098 0 07 73 04 1 09 73
08 099 0 05 71 02 1 09 71
08 100 0 20 46 08 1 09 46
08 101 0 19 21 07 1 09 21
08 102 0 03 42 01 1 10 42
08 103 0 04 35 09 1 10 35
08 104 0 20 46 08 1 10 46
08 105 0 19 21 07 1 10 21
08 106 0 07 73 04 1 10 73
08 107 0 12 47 05 1 10 47
08 108 0 24 50 06 1 10 50
08 109 0 11 37 10 1 10 37
08 110 0 16 39 03 1 10 39
08 111 0 05 71 02 1 10 71
08 112 0 23 56 00 1 10 56
08 113 0 24 50 06 1 11 50
08 114 0 12 47 05 1 11 47
08 115 0 04 35 09 1 11 35
08 116 0 11 37 10 1 11 37
08 117 0 20 46 08 1 11 46
08 118 0 18 14 11 1 11 14
08 119 0 19 21 07 1 11 21
08 120 0 05 71 02 1 11 71
08 121 0 23 56 00 1 11 56
08 122 0 03 42 01 1 11 42
08 123 0 07 73 04 1 11 73
08 124 0 16 39 03 1 11 39
08 125 0 16 39 03 1 12 39
08 126 0 23 56 00 1 12 56
08 127 0 19 21 07 1 12 21
08 128 0 20 46 08 1 12 46
08 129 0 11 37 10 1 12 37
08 130 0 05 71 02 1 12 71
08 131 0 13 51 12 1 12 51
08 132 0 18 14 11 1 12 14
08 133 0 04 35 09 1 12 35
08 134 0 07 73 04 1 12 73
08 135 0 03 42 01 1 12 42
08 136 0 24 50 06 1 12 50
08 137 0 12 47 05 1 12 47
08 138 0 12 47 05 1 13 47
08 139 0 17 76 13 1 13 76
08 140 0 19 21 07 1 13 21
08 141 0 16 39 03 1 13 39
08 142 0 04 35 09 1 13 35
08 143 0 11 37 10 1 13 37
08 144 0 24 50 06 1 13 50
08 145 0 23 56 00 1 13 56
08 146 0 03 42 01 1 13 42
08 147 0 20 46 08 1 13 46
08 148 0 18 14 11 1 13 14
08 149 0 05 71 02 1 13 71
08 100 1 25 28 00 1 00 28
08 101 1 25 28 00 1 01 28
08 102 1 06 23 01 1 01 23
08 103 1 23 70 02 1 02 70
08 104 1 06 23 01 1 02 23
08 105 1 25 28 00 1 02 28
08 106 1 14 17 03 1 03 17
08 107 1 23 70 02 1 03 70
08 108 1 06 23 01 1 03 23
08 109 1 25 28 00 1 03 28
08 110 1 10 67 04 1 04 67
08 111 1 06 23 01 1 04 23
08 112 1 14 17 03 0 04 28
08 113 1 25 28 00 1 04 28
08 114 1 23 70 02 0 04 17
08 115 1 10 67 04 1 04 67
08 116 1 23 70 02 1 04 70
08 117 1 14 17 03 1 04 17
08 118 1 06 23 01 1 04 23
08 119 1 25 28 00 1 04 28
08 120 1 10 67 04 1 05 67
08 121 1 25 28 00 1 05 28
08 122 1 17 18 05 1 05 18
08 123 1 14 17 03 1 05 17
08 124 1 23 70 02 1 05 70
08 125 1 06 23 01 1 05 23
08 126 1 17 18 05 1 06 18
08 127 1 23 70 02 1 06 70
08 128 1 12 22 06 1 06 22
08 129 1 14 17 03 1 06 17
08 130 1 06 23 01 1 06 23
08 131 1 10 67 04 1 06 67
08 132 1 25 28 00 1 06 28
08 133 1 25 28 00 1 07 28
08 134 1 12 22 06 1 07 22
08 135 1 14 17 03 1 07 17
08 136 1 06 23 01 1 07 23
08 137 1 23 70 02 1 07 70
08 138 1 10 67 04 1 07 67
08 139 1 17 18 05 1 07 18
08 140 1 07 65 07 1 07 65
08 141 1 10 67 04 0 08 65
08 142 1 14 17 03 1 08 17
08 143 1 25 28 00 0 08 65
08 144 1 12 22 06 1 08 22
08 145 1 07 65 07 1 08 65
08 146 1 06 23 01 1 08 23
08 147 1 11 13 08 1 08 13
08 148 1 23 70 02 1 08 70
08 149 1 17 18 05 1 08 18
08 150 1 11 13 08 1 08 13
08 151 1 25 28 00 1 08 28
08 152 1 10 67 04 1 08 67
08 153 1 23 70 02 1 08 70
08 154 1 17 18 05 1 08 18
08 155 1 06 23 01 1 08 23
08 156 1 12 22 06 1 08 22
08 157 1 14 17 03 0 08 00
08 158 1 07 65 07 1 08 65
08 159 1 14 17 03 1 08 17
08 160 1 12 22 06 1 08 22
08 161 1 10 67 04 1 08 67
08 162 1 17 18 05 1 08 18
08 163 1 25 28 00 1 08 28
08 164 1 07 65 07 0 08 67
08 165 1 11 13 08 1 08 13
08 166 1 23 70 02 0 08 17
08 167 1 06 23 01 1 08 23
08 168 1 10 67 04 0 08 65
08 169 1 11 13 08 1 08 13
08 170 1 17 18 05 1 08 18
08 171 1 06 23 01 1 08 23
08 172 1 23 70 02 1 08 70
08 173 1 07 65 07 1 08 65
08 174 1 14 17 03 1 08 17
08 175 1 25 28 00 1 08 28
08 176 1 12 22 06 1 08 22
08 177 1 07 65 07 1 08 65
08 178 1 11 13 08 1 08 13
08 179 1 06 23 01 1 08 23
08 180 1 14 17 03 1 08 17
08 181 1 12 22 06 1 08 22
08 182 1 25 28 00 1 08 28
08 183 1 10 67 04 1 08 67
08 184 1 17 18 05 1 08 18
08 185 1 23 70 02 1 08 70
08 186 1 17 18 05 0 09 13
08 187 1 20 59 09 1 09 59
08 188 1 25 28 00 1 09 28
08 189 1 11 13 08 0 09 18
08 190 1 10 67 04 1 09 67
08 191 1 23 70 02 1 09 70
08 192 1 12 22 06 1 09 22
08 193 1 07 65 07 1 09 65
08 194 1 14 17 03 1 09 17
08 195 1 06 23 01 1 09 23
08 196 1 25 28 00 1 09 28
08 197 1 11 13 08 1 09 13
08 198 1 07 65 07 1 09 65
08 199 1 14 17 03 1 09 17
08 200 1 06 23 01 1 09 23
08 201 1 10 67 04 1 09 67
08 202 1 23 70 02 1 09 70
08 203 1 12 22 06 1 09 22
08 204 1 20 59 09 1 09 59
08 205 1 17 18 05 1 09 18
08 206 1 20 59 09 1 10 59
08 207 1 10 67 04 1 10 67
08 208 1 07 65 07 1 10 65
08 209 1 06 23 01 1 10 23
08 210 1 12 22 06 1 10 22
08 211 1 23 70 02 1 10 70
08 212 1 14 17 03 1 10 17
08 213 1 11 13 08 1 10 13
08 214 1 25 28 00 1 10 28
08 215 1 17 18 05 1 10 18
08 216 1 26 26 10 1 10 26
08 217 1 25 28 00 1 11 28
08 218 1 11 13 08 0 11 18
08 219 1 20 59 09 1 11 59
08 220 1 07 65 07 1 11 65
08 221 1 26 26 10 1 11 26
08 222 1 14 17 03 1 11 17
08 223 1 10 67 04 1 11 67
08 224 1 17 18 05 1 11 18
08 225 1 08 64 11 1 11 64
08 226 1 23 70 02 1 11 70
08 227 1 06 23 01 1 11 23
08 228 1 12 22 06 1 11 22
08 229 1 07 65 07 1 11 65
08 230 1 10 67 04 1 11 67
08 231 1 12 22 06 1 11 22
08 232 1 11 13 08 1 11 13
08 233 1 26 26 10 1 11 26
08 234 1 25 28 00 1 11 28
08 235 1 20 59 09 1 11 59
08 236 1 23 70 02 1 11 70
08 237 1 06 23 01 1 11 23
08 238 1 14 17 03 1 11 17
08 239 1 17 18 05 1 11 18
08 240 1 08 64 11 1 11 64
08 241 1 26 26 10 1 12 26
08 242 1 06 23 01 1 12 23
08 243 1 25 28 00 1 12 28
08 244 1 07 65 07 1 12 65
08 245 1 14 17 03 1 12 17
08 246 1 15 36 12 1 12 36
08 247 1 20 59 09 1 12 59
08 248 1 12 22 06 1 12 22
08 249 1 10 67 04 1 12 67
