19 100 1 25 28 00 1 00 28
19 100 1 25 28 00 1 00 28
19 101 1 25 28 00 1 01 28
19 102 1 06 23 01 1 01 23
19 101 1 25 28 00 1 01 28
19 102 1 06 23 01 1 01 23
19 103 1 23 70 02 0 02 28
19 103 1 23 70 02 1 02 70
19 104 1 06 23 01 1 02 23
19 105 1 25 28 00 1 02 28
19 104 1 06 23 01 1 02 23
19 106 1 25 28 00 1 03 28
19 105 1 25 28 00 1 02 28
19 107 1 14 17 03 1 03 17
19 106 1 06 23 01 1 02 23
19 107 1 25 28 00 1 02 28
19 108 1 23 70 02 1 02 70
19 108 1 23 70 02 0 03 17
19 109 1 23 70 02 1 03 70
19 110 1 06 23 01 1 03 23
19 109 1 06 23 01 1 03 23
19 111 1 25 28 00 1 03 28
19 112 1 14 17 03 1 03 17
19 113 1 06 23 01 1 04 23
19 110 1 14 17 03 1 03 17
19 114 1 25 28 00 1 04 28
19 111 1 23 70 02 1 03 70
19 112 1 06 23 01 1 03 23
19 115 1 10 67 04 0 04 17
19 113 1 25 28 00 1 03 28
19 116 1 23 70 02 1 04 70
19 114 1 06 23 01 1 04 23
19 117 1 14 17 03 1 04 17
19 115 1 10 67 04 1 04 67
19 118 1 14 17 03 1 04 17
19 116 1 23 70 02 1 04 70
19 117 1 25 28 00 1 04 28
19 119 1 25 28 00 1 04 28
19 118 1 14 17 03 1 04 17
19 120 1 10 67 04 1 04 67
19 119 1 06 23 01 1 05 23
19 120 1 23 70 02 1 05 70
19 121 1 25 28 00 1 05 28
19 122 1 14 17 03 1 05 17
19 121 1 23 70 02 1 04 70
19 122 1 06 23 01 1 04 23
19 123 1 10 67 04 0 05 18
19 123 1 10 67 04 1 05 67
19 124 1 14 17 03 1 05 17
19 124 1 17 18 05 1 05 18
19 125 1 25 28 00 1 05 28
19 125 1 23 70 02 1 05 70
19 126 1 23 70 02 1 05 70
19 126 1 06 23 01 1 05 23
19 127 1 17 18 05 1 05 18
19 128 1 06 23 01 1 05 23
19 127 1 17 18 05 0 05 66
19 129 1 17 18 05 1 06 18
19 128 1 10 67 04 1 05 67
19 130 1 06 23 01 1 06 23
19 131 1 23 70 02 1 06 70
19 129 1 25 28 00 0 05 67
19 132 1 25 28 00 1 06 28
19 133 1 10 67 04 1 06 67
19 134 1 14 17 03 0 06 22
19 130 1 14 17 03 1 05 17
19 131 1 06 23 01 1 05 23
19 132 1 17 18 05 1 05 18
19 133 1 23 70 02 1 05 70
19 134 1 25 28 00 1 05 28
19 135 1 12 22 06 0 06 01
19 135 1 14 17 03 1 05 17
19 136 1 12 22 06 1 06 22
19 136 1 10 67 04 1 05 67
19 137 1 25 28 00 1 06 28
19 137 1 25 28 00 1 06 28
19 138 1 14 17 03 1 06 17
19 138 1 14 17 03 1 06 17
19 139 1 06 23 01 1 06 23
19 139 1 06 23 01 1 06 23
19 140 1 10 67 04 1 06 67
19 140 1 17 18 05 1 06 18
19 141 1 23 70 02 1 06 70
19 141 1 23 70 02 1 06 70
19 142 1 17 18 05 1 06 18
19 143 1 12 22 06 1 06 22
19 142 1 10 67 04 1 06 67
19 144 1 23 70 02 1 07 70
19 143 1 12 22 06 0 07 17
19 145 1 17 18 05 1 07 18
19 146 1 12 22 06 1 07 22
19 147 1 06 23 01 1 07 23
19 144 1 23 70 02 1 07 70
19 148 1 14 17 03 1 07 17
19 145 1 10 67 04 1 07 67
19 146 1 14 17 03 1 07 17
19 149 1 07 65 07 1 07 65
19 150 1 10 67 04 1 07 67
19 151 1 25 28 00 1 07 28
19 147 1 07 65 07 0 07 67
19 152 1 12 22 06 1 08 22
19 153 1 06 23 01 1 08 23
19 154 1 11 13 08 1 08 13
19 155 1 07 65 07 1 08 65
19 156 1 14 17 03 1 08 17
19 148 1 25 28 00 0 07 06
19 157 1 17 18 05 0 08 67
19 149 1 17 18 05 1 07 18
19 150 1 06 23 01 1 07 23
19 158 1 10 67 04 0 08 17
19 151 1 17 18 05 1 07 18
19 152 1 10 67 04 1 07 67
19 159 1 23 70 02 1 08 70
19 160 1 25 28 00 1 08 28
19 153 1 07 65 07 0 07 67
19 161 1 25 28 00 1 08 28
19 162 1 10 67 04 1 08 67
19 163 1 14 17 03 1 08 17
19 164 1 11 13 08 1 08 13
19 154 1 06 23 01 0 07 22
19 165 1 12 22 06 1 08 22
19 166 1 06 23 01 1 08 23
19 167 1 07 65 07 1 08 65
19 155 1 25 28 00 1 07 28
19 168 1 23 70 02 1 08 70
19 156 1 23 70 02 0 07 17
19 169 1 17 18 05 1 08 18
19 157 1 12 22 06 1 07 22
19 158 1 14 17 03 1 07 17
19 170 1 10 67 04 1 09 67
19 159 1 12 22 06 1 07 22
19 171 1 14 17 03 1 09 17
19 160 1 14 17 03 1 07 17
19 172 1 11 13 08 1 09 13
19 173 1 20 59 09 1 09 59
19 161 1 10 67 04 1 07 67
19 174 1 12 22 06 1 09 22
19 162 1 17 18 05 1 07 18
19 175 1 25 28 00 1 09 28
19 176 1 07 65 07 1 09 65
19 163 1 23 70 02 1 07 70
19 177 1 06 23 01 1 09 23
19 178 1 23 70 02 1 09 70
19 164 1 25 28 00 0 07 23
19 179 1 17 18 05 1 09 18
19 165 1 07 65 07 0 07 23
19 166 1 06 23 01 1 07 23
19 180 1 10 67 04 1 10 67
19 167 1 25 28 00 0 07 65
19 181 1 14 17 03 1 10 17
19 182 1 06 23 01 1 10 23
19 168 1 17 18 05 1 07 18
19 183 1 12 22 06 1 10 22
19 169 1 14 17 03 1 07 17
19 184 1 17 18 05 1 10 18
19 170 1 10 67 04 1 07 67
19 185 1 20 59 09 1 10 59
19 186 1 25 28 00 1 10 28
19 171 1 23 70 02 1 07 70
19 187 1 07 65 07 1 10 65
19 172 1 12 22 06 1 07 22
19 188 1 26 26 10 1 10 26
19 173 1 06 23 01 1 07 23
19 189 1 11 13 08 0 10 18
19 174 1 07 65 07 0 07 28
19 190 1 23 70 02 1 10 70
19 191 1 07 65 07 1 10 65
19 175 1 07 65 07 1 07 65
19 192 1 10 67 04 1 10 67
19 193 1 14 17 03 1 10 17
19 176 1 17 18 05 1 07 18
19 177 1 06 23 01 1 07 23
19 194 1 17 18 05 1 10 18
19 178 1 14 17 03 1 07 17
19 179 1 10 67 04 1 07 67
19 180 1 12 22 06 1 07 22
19 195 1 25 28 00 1 10 28
19 196 1 23 70 02 1 10 70
19 181 1 23 70 02 1 07 70
19 197 1 20 59 09 1 10 59
19 198 1 26 26 10 1 10 26
19 182 1 25 28 00 0 07 65
19 199 1 11 13 08 1 10 13
19 183 1 17 18 05 1 07 18
19 200 1 06 23 01 1 10 23
19 201 1 12 22 06 1 10 22
19 184 1 23 70 02 1 07 70
19 185 1 07 65 07 0 07 28
19 186 1 06 23 01 1 07 23
19 202 1 23 70 02 1 11 70
19 187 1 14 17 03 1 07 17
19 188 1 25 28 00 0 07 65
19 203 1 26 26 10 1 11 26
19 204 1 12 22 06 1 11 22
19 205 1 10 67 04 1 11 67
19 189 1 10 67 04 0 07 68
19 206 1 07 65 07 1 11 65
19 190 1 12 22 06 1 07 22
19 207 1 25 28 00 1 11 28
19 208 1 08 64 11 1 11 64
19 209 1 11 13 08 1 11 13
19 191 1 25 28 00 0 07 65
19 210 1 14 17 03 1 11 17
19 192 1 17 18 05 1 07 18
19 193 1 23 70 02 1 07 70
19 211 1 20 59 09 1 11 59
19 194 1 14 17 03 1 07 17
19 212 1 06 23 01 0 11 24
19 195 1 07 65 07 1 07 65
19 196 1 12 22 06 1 07 22
19 197 1 06 23 01 1 07 23
19 213 1 17 18 05 1 11 18
19 198 1 10 67 04 0 07 68
19 214 1 07 65 07 1 11 65
19 215 1 14 17 03 1 11 17
19 199 1 07 65 07 0 07 25
19 216 1 06 23 01 1 11 23
19 200 1 25 28 00 0 07 65
19 217 1 11 13 08 1 11 13
19 218 1 08 64 11 1 11 64
19 201 1 14 17 03 1 07 17
19 219 1 23 70 02 1 11 70
19 202 1 12 22 06 1 07 22
19 220 1 17 18 05 1 11 18
19 203 1 06 23 01 1 07 23
19 221 1 10 67 04 1 11 67
19 204 1 10 67 04 1 07 67
19 205 1 23 70 02 1 07 70
19 222 1 26 26 10 1 11 26
19 223 1 12 22 06 1 11 22
19 206 1 17 18 05 1 07 18
19 224 1 25 28 00 1 11 28
19 225 1 20 59 09 1 11 59
19 207 1 07 65 07 0 07 28
19 208 1 17 18 05 1 07 18
19 209 1 12 22 06 1 07 22
19 210 1 10 67 04 1 07 67
19 211 1 25 28 00 1 07 28
19 212 1 06 23 01 1 07 23
19 213 1 23 70 02 1 07 70
19 214 1 14 17 03 1 07 17
19 226 1 08 64 11 0 12 26
19 215 1 06 23 01 1 07 23
19 216 1 14 17 03 1 07 17
19 217 1 07 65 07 1 07 65
19 227 1 17 18 05 1 12 18
19 228 1 15 36 12 1 12 36
19 218 1 25 28 00 0 07 23
19 229 1 20 59 09 1 12 59
19 230 1 14 17 03 1 12 17
19 231 1 10 67 04 1 12 67
19 232 1 11 13 08 1 12 13
19 233 1 12 22 06 1 12 22
19 234 1 23 70 02 1 12 70
19 235 1 06 23 01 1 12 23
19 236 1 07 65 07 1 12 65
19 237 1 26 26 10 1 12 26
19 238 1 25 28 00 1 12 28
19 219 1 10 67 04 1 07 67
19 239 1 26 26 10 1 12 26
19 240 1 15 36 12 0 12 03
19 220 1 17 18 05 1 07 18
19 221 1 23 70 02 1 07 70
19 222 1 12 22 06 1 07 22
19 223 1 10 67 04 1 07 67
19 224 1 12 22 06 1 07 22
19 225 1 17 18 05 1 07 18
19 241 1 14 17 03 1 12 17
19 226 1 06 23 01 1 07 23
19 242 1 20 59 09 1 12 59
19 243 1 11 13 08 1 12 13
19 227 1 07 65 07 1 07 65
19 244 1 10 67 04 1 12 67
19 245 1 23 70 02 1 12 70
19 228 1 14 17 03 1 07 17
19 246 1 08 64 11 1 12 64
19 229 1 25 28 00 1 07 28
19 247 1 25 28 00 1 12 28
19 230 1 23 70 02 1 07 70
19 248 1 07 65 07 1 12 65
19 231 1 17 18 05 1 08 18
19 249 1 17 18 05 0 12 13
19 232 1 23 70 02 1 08 70
19 233 1 07 65 07 0 08 28
19 234 1 14 17 03 1 08 17
19 235 1 11 13 08 1 08 13
19 236 1 25 28 00 1 08 28
19 237 1 12 22 06 1 08 22
19 238 1 10 67 04 1 08 67
19 239 1 06 23 01 1 08 23
19 240 1 23 70 02 1 08 70
19 241 1 07 65 07 1 08 65
19 242 1 17 18 05 1 08 18
19 243 1 11 13 08 1 08 13
19 200 2 09 58 00 1 00 58
19 244 1 14 17 03 1 08 17
19 245 1 12 22 06 1 08 22
19 246 1 06 23 01 1 08 23
19 201 2 02 43 01 1 01 43
19 247 1 25 28 00 1 08 28
19 202 2 09 58 00 1 01 58
19 248 1 10 67 04 1 08 67
19 203 2 00 27 02 1 02 27
19 204 2 09 58 00 1 02 58
19 205 2 02 43 01 1 02 43
19 249 1 25 28 00 1 09 28
19 206 2 02 43 01 1 03 43
19 200 2 09 58 00 1 00 58
19 207 2 12 29 03 1 03 29
19 201 2 09 58 00 1 01 58
19 208 2 00 27 02 0 03 17
19 202 2 02 43 01 1 01 43
19 203 2 00 27 02 1 02 27
19 204 2 02 43 01 1 02 43
19 205 2 09 58 00 1 02 58
19 206 2 09 58 00 0 03 29
19 207 2 12 29 03 1 03 29
19 208 2 02 43 01 0 03 23
19 209 2 00 27 02 0 03 23
19 210 2 02 43 01 0 03 53
19 211 2 12 29 03 0 03 58
19 212 2 09 58 00 0 03 29
19 209 2 09 58 00 1 03 58
19 210 2 00 27 02 1 03 27
19 213 2 00 27 02 1 03 27
19 214 2 00 27 02 1 03 27
19 211 2 12 29 03 1 03 29
19 212 2 09 58 00 1 03 58
19 215 2 12 29 03 1 03 29
19 213 2 02 43 01 1 03 43
19 216 2 09 58 00 1 03 58
19 217 2 02 43 01 1 03 43
19 214 2 08 25 04 1 04 25
19 218 2 00 27 02 1 04 27
19 215 2 00 27 02 1 04 27
19 219 2 02 43 01 1 04 43
19 220 2 12 29 03 1 04 29
19 216 2 09 58 00 0 04 25
19 221 2 08 25 04 1 04 25
19 222 2 09 58 00 1 04 58
19 217 2 12 29 03 1 04 29
19 218 2 02 43 01 1 04 43
19 223 2 04 32 05 0 05 25
19 224 2 08 25 04 1 05 25
19 225 2 12 29 03 1 05 29
19 219 2 08 25 04 1 04 25
19 226 2 09 58 00 1 05 58
19 227 2 00 27 02 1 05 27
19 220 2 12 29 03 1 04 29
19 228 2 02 43 01 1 05 43
19 221 2 02 43 01 1 04 43
19 229 2 00 27 02 1 05 27
19 222 2 00 27 02 1 04 27
19 223 2 09 58 00 0 04 25
19 230 2 09 58 00 0 05 29
19 231 2 04 32 05 0 05 25
19 224 2 02 43 01 1 04 43
19 232 2 12 29 03 0 05 58
19 233 2 02 43 01 1 05 43
19 225 2 12 29 03 1 04 29
19 234 2 08 25 04 0 05 32
19 226 2 09 58 00 1 04 58
19 235 2 04 32 05 0 05 25
19 227 2 08 25 04 1 04 25
19 236 2 00 27 02 1 05 27
19 228 2 00 27 02 1 04 27
19 237 2 02 43 01 1 05 43
19 238 2 09 58 00 0 05 29
19 239 2 08 25 04 0 05 58
19 240 2 12 29 03 0 05 58
19 229 2 08 25 04 1 05 25
19 230 2 04 32 05 1 05 32
19 231 2 00 27 02 1 05 27
19 241 2 08 25 04 0 05 32
19 232 2 02 43 01 1 05 43
19 233 2 09 58 00 1 05 58
19 234 2 12 29 03 1 05 29
19 242 2 02 43 01 1 05 43
19 243 2 00 27 02 1 05 27
19 244 2 09 58 00 0 05 25
19 245 2 04 32 05 1 05 32
19 246 2 12 29 03 1 05 29
19 247 2 12 29 03 0 05 58
19 248 2 09 58 00 0 05 32
19 249 2 02 43 01 1 05 43
19 235 2 03 38 06 1 06 38
19 250 2 00 27 02 1 05 27
19 236 2 12 29 03 1 06 29
19 251 2 08 25 04 1 05 25
19 237 2 09 58 00 1 06 58
19 252 2 04 32 05 1 05 32
19 238 2 04 32 05 1 06 32
19 239 2 02 43 01 1 06 43
19 253 2 04 32 05 1 05 32
19 254 2 00 27 02 1 05 27
19 240 2 08 25 04 1 06 25
19 241 2 00 27 02 1 06 27
19 255 2 09 58 00 0 05 25
19 256 2 02 43 01 1 05 43
19 257 2 08 25 04 0 05 58
19 258 2 12 29 03 1 05 29
19 242 2 04 32 05 1 07 32
19 259 2 09 58 00 0 05 25
19 243 2 03 38 06 0 07 43
19 260 2 02 43 01 1 05 43
19 244 2 08 25 04 1 07 25
19 261 2 04 32 05 1 05 32
19 245 2 00 27 02 1 07 27
19 246 2 05 11 07 0 07 38
19 262 2 12 29 03 0 05 25
19 263 2 08 25 04 0 05 32
19 264 2 00 27 02 1 05 27
19 247 2 12 29 03 1 07 29
19 248 2 02 43 01 1 07 43
19 265 2 04 32 05 1 05 32
19 249 2 09 58 00 0 07 25
19 266 2 08 25 04 0 05 58
19 267 2 12 29 03 1 05 29
19 250 2 04 32 05 0 07 11
19 268 2 02 43 01 1 05 43
19 269 2 00 27 02 1 05 27
19 251 2 03 38 06 0 07 32
19 270 2 09 58 00 1 05 58
19 252 2 00 27 02 1 07 27
19 271 2 09 58 00 0 05 32
19 272 2 12 29 03 0 05 00
19 253 2 05 11 07 0 07 33
19 273 2 08 25 04 1 05 25
19 254 2 09 58 00 0 07 25
19 274 2 04 32 05 1 05 32
19 255 2 02 43 01 0 07 32
19 275 2 00 27 02 0 05 43
19 276 2 02 43 01 1 05 43
19 256 2 12 29 03 1 07 29
19 277 2 00 27 02 1 05 27
19 257 2 08 25 04 1 07 25
19 258 2 09 58 00 1 07 58
19 278 2 09 58 00 1 05 58
19 259 2 02 43 01 1 07 43
19 260 2 08 25 04 0 07 11
19 279 2 02 43 01 1 05 43
19 280 2 04 32 05 1 05 32
19 261 2 03 38 06 0 07 32
19 281 2 08 25 04 0 05 58
19 262 2 05 11 07 1 07 11
19 282 2 12 29 03 0 05 25
19 283 2 02 43 01 0 05 00
19 263 2 04 32 05 0 07 43
19 284 2 09 58 00 0 05 25
19 285 2 08 25 04 0 05 58
19 264 2 12 29 03 1 07 29
19 265 2 00 27 02 1 07 27
19 286 2 12 29 03 0 05 58
19 266 2 03 38 06 0 07 43
19 287 2 00 27 02 1 05 27
19 288 2 04 32 05 0 05 43
19 267 2 05 11 07 1 07 11
19 289 2 12 29 03 0 05 58
19 268 2 08 25 04 1 07 25
19 269 2 00 27 02 1 07 27
19 270 2 04 32 05 0 07 11
19 290 2 00 27 02 1 05 27
19 291 2 08 25 04 0 05 32
19 292 2 04 32 05 0 05 00
19 271 2 12 29 03 1 07 29
19 272 2 02 43 01 1 07 43
19 273 2 09 58 00 0 07 25
19 274 2 08 25 04 1 07 25
19 293 2 09 58 00 1 05 58
19 275 2 12 29 03 1 07 29
19 276 2 05 11 07 1 07 11
19 294 2 02 43 01 0 05 42
19 277 2 02 43 01 1 07 43
19 278 2 09 58 00 0 07 25
19 279 2 03 38 06 0 07 32
19 295 2 12 29 03 1 05 29
19 280 2 00 27 02 1 07 27
19 296 2 09 58 00 1 05 58
19 281 2 04 32 05 0 07 38
19 297 2 02 43 01 1 05 43
19 282 2 02 43 01 1 07 43
19 298 2 00 27 02 1 05 27
19 283 2 12 29 03 1 07 29
19 284 2 00 27 02 1 07 27
19 299 2 08 25 04 1 05 25
19 285 2 05 11 07 1 07 11
19 300 2 04 32 05 1 05 32
19 286 2 04 32 05 0 07 38
19 287 2 03 38 06 0 07 32
19 288 2 09 58 00 0 07 25
19 289 2 08 25 04 0 07 58
19 290 2 00 27 02 1 07 27
19 301 2 03 38 06 1 06 38
19 291 2 02 43 01 1 07 43
19 302 2 09 58 00 1 06 58
19 292 2 09 58 00 0 07 25
19 303 2 12 29 03 1 06 29
19 293 2 08 25 04 1 07 25
19 294 2 04 32 05 0 07 38
19 304 2 08 25 04 1 06 25
19 295 2 05 11 07 0 07 32
19 305 2 04 32 05 1 06 32
19 296 2 03 38 06 0 07 32
19 306 2 00 27 02 1 06 27
19 307 2 02 43 01 1 06 43
19 297 2 12 29 03 1 07 29
19 298 2 00 27 02 0 07 99
19 299 2 12 29 03 1 07 29
19 300 2 09 58 00 1 07 58
19 301 2 08 25 04 1 07 25
19 302 2 04 32 05 0 07 38
19 308 2 04 32 05 1 07 32
19 303 2 02 43 01 1 07 43
19 309 2 12 29 03 1 07 29
19 304 2 05 11 07 0 07 32
19 310 2 05 11 07 1 07 11
19 305 2 03 38 06 1 07 38
19 311 2 03 38 06 1 07 38
19 306 2 02 43 01 1 07 43
19 307 2 04 32 05 1 07 32
19 312 2 00 27 02 1 07 27
19 308 2 03 38 06 1 07 38
19 309 2 08 25 04 1 07 25
19 313 2 09 58 00 1 07 58
19 310 2 09 58 00 1 07 58
19 311 2 00 27 02 1 07 27
19 314 2 02 43 01 1 07 43
19 312 2 12 29 03 1 07 29
19 315 2 08 25 04 1 07 25
19 313 2 05 11 07 1 07 11
19 316 2 07 33 08 1 08 33
19 317 2 04 32 05 1 08 32
19 318 2 02 43 01 0 08 42
19 319 2 09 58 00 1 08 58
19 314 2 03 38 06 0 08 43
19 320 2 00 27 02 1 08 27
19 315 2 00 27 02 1 08 27
19 316 2 08 25 04 1 08 25
19 317 2 07 33 08 1 08 33
19 321 2 03 38 06 1 08 38
19 318 2 04 32 05 1 08 32
19 322 2 05 11 07 1 08 11
19 319 2 12 29 03 1 08 29
19 323 2 12 29 03 1 08 29
19 320 2 02 43 01 1 08 43
19 324 2 08 25 04 1 08 25
19 321 2 05 11 07 0 08 32
19 325 2 08 25 04 0 08 58
19 322 2 09 58 00 0 08 25
19 326 2 09 58 00 1 08 58
19 327 2 02 43 01 1 08 43
19 328 2 04 32 05 1 08 32
19 329 2 00 27 02 1 08 27
19 330 2 07 33 08 1 08 33
19 331 2 03 38 06 1 08 38
19 332 2 12 29 03 1 08 29
19 333 2 05 11 07 1 08 11
19 323 2 09 58 00 0 08 25
19 334 2 04 32 05 1 08 32
19 335 2 00 27 02 1 08 27
19 324 2 03 38 06 1 08 38
19 325 2 02 43 01 1 08 43
19 336 2 03 38 06 1 08 38
19 326 2 12 29 03 1 08 29
19 327 2 04 32 05 0 08 11
19 328 2 07 33 08 0 08 00
19 337 2 05 11 07 1 08 11
19 329 2 08 25 04 0 08 33
19 338 2 02 43 01 1 08 43
19 330 2 00 27 02 1 08 27
19 339 2 12 29 03 1 08 29
19 331 2 05 11 07 0 08 32
19 340 2 08 25 04 1 08 25
19 332 2 05 11 07 1 08 11
19 333 2 12 29 03 1 08 29
19 334 2 02 43 01 1 08 43
19 341 2 09 58 00 1 08 58
19 335 2 03 38 06 0 08 32
19 336 2 04 32 05 0 08 00
19 342 2 07 33 08 1 08 33
19 337 2 09 58 00 0 08 05
19 338 2 07 33 08 0 08 25
19 339 2 00 27 02 1 08 27
19 343 2 09 58 00 1 09 58
19 340 2 08 25 04 0 08 52
19 344 2 12 29 03 1 09 29
19 341 2 03 38 06 0 08 11
19 342 2 04 32 05 0 08 11
19 345 2 02 43 01 1 09 43
19 343 2 07 33 08 1 08 33
19 346 2 10 63 09 1 09 63
19 347 2 00 27 02 1 09 27
19 348 2 04 32 05 1 09 32
19 349 2 05 11 07 1 09 11
19 000 0 23 56 00 1 00 56
19 001 0 03 42 01 1 01 42
19 002 0 23 56 00 1 01 56
19 003 0 05 71 02 1 02 71
19 004 0 23 56 00 1 02 56
19 005 0 03 42 01 1 02 42
19 006 0 05 71 02 1 03 71
19 007 0 16 39 03 1 03 39
19 008 0 03 42 01 1 03 42
19 009 0 23 56 00 1 03 56
19 010 0 16 39 03 1 04 39
19 011 0 05 71 02 1 04 71
19 012 0 07 73 04 1 04 73
19 013 0 03 42 01 1 04 42
19 014 0 23 56 00 1 04 56
19 015 0 05 71 02 1 05 71
19 016 0 03 42 01 1 05 42
19 017 0 16 39 03 1 05 39
19 018 0 23 56 00 1 05 56
19 019 0 12 47 05 1 05 47
19 020 0 07 73 04 1 05 73
19 021 0 16 39 03 1 06 39
19 022 0 24 50 06 1 06 50
19 023 0 12 47 05 1 06 47
19 024 0 03 42 01 1 06 42
19 025 0 05 71 02 1 06 71
19 026 0 07 73 04 1 06 73
19 027 0 23 56 00 1 06 56
19 028 0 16 39 03 1 07 39
19 029 0 12 47 05 1 07 47
19 030 0 05 71 02 1 07 71
19 031 0 23 56 00 1 07 56
19 032 0 03 42 01 1 07 42
19 033 0 07 73 04 1 07 73
19 034 0 24 50 06 1 07 50
19 035 0 19 21 07 1 07 21
19 036 0 24 50 06 1 08 50
19 037 0 05 71 02 1 08 71
19 038 0 19 21 07 1 08 21
19 039 0 23 56 00 1 08 56
19 040 0 07 73 04 1 08 73
19 041 0 12 47 05 1 08 47
19 042 0 16 39 03 1 08 39
19 043 0 20 46 08 1 08 46
19 044 0 03 42 01 1 08 42
19 045 0 04 35 09 1 09 35
19 046 0 05 71 02 1 09 71
19 047 0 07 73 04 1 09 73
19 048 0 19 21 07 1 09 21
19 049 0 16 39 03 1 09 39
19 050 0 24 50 06 1 09 50
19 051 0 03 42 01 1 09 42
19 052 0 20 46 08 1 09 46
19 053 0 23 56 00 1 09 56
19 054 0 12 47 05 1 09 47
19 055 0 23 56 00 1 10 56
19 056 0 16 39 03 1 10 39
19 057 0 19 21 07 1 10 21
19 058 0 11 37 10 1 10 37
19 059 0 24 50 06 1 10 50
19 060 0 12 47 05 1 10 47
19 061 0 03 42 01 1 10 42
19 062 0 07 73 04 1 10 73
19 063 0 20 46 08 1 10 46
19 064 0 05 71 02 1 10 71
19 065 0 04 35 09 1 10 35
19 066 0 24 50 06 1 11 50
19 067 0 18 14 11 1 11 14
19 068 0 07 73 04 1 11 73
19 069 0 11 37 10 1 11 37
19 070 0 12 47 05 1 11 47
19 071 0 05 71 02 1 11 71
19 072 0 16 39 03 1 11 39
19 073 0 04 35 09 1 11 35
19 074 0 19 21 07 1 11 21
19 075 0 23 56 00 1 11 56
19 076 0 20 46 08 1 11 46
19 077 0 03 42 01 1 11 42
19 078 0 13 51 12 1 12 51
19 079 0 05 71 02 1 12 71
19 080 0 24 50 06 1 12 50
19 081 0 16 39 03 1 12 39
19 082 0 20 46 08 1 12 46
19 083 0 18 14 11 1 12 14
19 084 0 11 37 10 1 12 37
19 085 0 07 73 04 1 12 73
19 086 0 23 56 00 0 12 45
19 087 0 19 21 07 1 12 21
19 088 0 12 47 05 1 12 47
19 089 0 04 35 09 1 12 35
19 090 0 03 42 01 1 12 42
19 091 0 03 42 01 1 12 42
19 092 0 12 47 05 1 12 47
19 093 0 05 71 02 1 12 71
19 094 0 13 51 12 1 12 51
19 095 0 18 14 11 1 12 14
19 096 0 07 73 04 1 12 73
19 097 0 04 35 09 1 12 35
19 098 0 19 21 07 1 12 21
19 099 0 23 56 00 1 12 56
19 100 0 20 46 08 1 12 46
19 101 0 11 37 10 1 12 37
19 102 0 24 50 06 1 12 50
19 103 0 16 39 03 1 12 39
19 104 0 03 42 01 0 13 34
19 105 0 13 51 12 1 13 51
19 106 0 04 35 09 1 13 35
19 107 0 11 37 10 1 13 37
19 108 0 12 47 05 1 13 47
19 109 0 18 14 11 1 13 14
19 110 0 24 50 06 1 13 50
19 111 0 05 71 02 1 13 71
19 112 0 16 39 03 1 13 39
19 113 0 07 73 04 1 13 73
19 114 0 20 46 08 1 13 46
19 115 0 23 56 00 1 13 56
19 116 0 17 76 13 1 13 76
19 117 0 19 21 07 1 13 21
19 118 0 16 39 03 1 13 39
19 119 0 04 35 09 1 13 35
19 120 0 18 14 11 0 13 43
19 121 0 03 42 01 0 13 00
19 122 0 19 21 07 1 13 21
19 123 0 11 37 10 1 13 37
19 124 0 24 50 06 0 13 34
19 125 0 13 51 12 1 13 51
19 126 0 12 47 05 1 13 47
19 127 0 23 56 00 1 13 56
19 128 0 17 76 13 0 13 23
19 129 0 05 71 02 1 13 71
19 130 0 07 73 04 1 13 73
19 131 0 20 46 08 1 13 46
19 132 0 19 21 07 0 13 23
19 133 0 12 47 05 0 13 48
19 134 0 11 37 10 1 13 37
19 135 0 16 39 03 1 13 39
19 136 0 17 76 13 0 13 25
19 137 0 20 46 08 1 13 46
19 138 0 24 50 06 0 13 05
19 139 0 18 14 11 1 13 14
19 140 0 04 35 09 1 13 35
19 141 0 03 42 01 1 13 42
19 142 0 13 51 12 0 13 00
19 143 0 07 73 04 0 13 00
19 144 0 05 71 02 0 13 00
19 145 0 23 56 00 0 13 00
19 146 0 07 73 04 1 13 73
19 147 0 16 39 03 1 13 39
19 148 0 13 51 12 1 13 51
19 149 0 18 14 11 1 13 14
