05 000 0 16 14 00 1 00 14
05 001 1 16 52 00 1 00 52
05 002 2 06 35 00 1 00 35
05 003 0 13 26 01 0 01 35
05 004 1 16 52 00 0 01 35
05 005 2 06 35 00 1 01 35
05 006 0 16 14 00 1 01 14
05 007 1 12 43 01 0 01 72
05 008 2 16 75 01 0 01 26
05 009 0 13 26 01 1 01 26
05 010 1 12 43 01 1 01 43
05 011 2 16 75 01 0 01 26
05 012 0 16 14 00 1 01 14
05 013 1 16 52 00 1 01 52
05 014 2 06 35 00 1 01 35
05 015 0 00 51 02 0 02 22
05 016 1 12 43 01 1 02 43
05 017 2 16 75 01 1 01 75
05 018 0 16 14 00 1 02 14
05 019 1 02 19 02 1 02 19
05 020 2 06 35 00 0 01 43
05 021 0 13 26 01 1 02 26
05 022 1 16 52 00 1 02 52
05 023 2 16 75 01 1 01 75
05 024 0 13 26 01 0 02 52
05 025 1 01 39 03 0 03 25
05 026 2 06 35 00 1 01 35
05 027 0 00 51 02 1 02 51
05 028 1 12 43 01 1 03 43
05 029 2 16 75 01 1 02 75
05 030 0 16 14 00 1 02 14
05 031 1 02 19 02 1 03 19
05 032 2 07 64 02 0 02 39
05 033 0 00 51 02 1 02 51
05 034 1 16 52 00 1 03 52
05 035 2 06 35 00 0 02 53
05 036 0 16 14 00 1 02 14
05 037 1 02 19 02 1 03 19
05 038 2 16 75 01 1 02 75
05 039 0 13 26 01 1 02 26
05 040 1 12 43 01 1 03 43
05 041 2 07 64 02 0 02 39
05 042 0 16 14 00 1 03 14
05 043 1 01 39 03 0 03 52
05 044 2 06 35 00 0 02 53
05 045 0 15 67 03 1 03 67
05 046 1 16 52 00 1 03 52
05 047 2 16 75 01 0 02 26
05 048 0 00 51 02 1 03 51
05 049 1 16 52 00 1 03 52
05 050 2 07 64 02 0 02 75
05 051 0 13 26 01 0 03 01
05 052 1 01 39 03 1 03 39
05 053 2 06 35 00 1 02 35
05 054 0 13 26 01 1 03 26
05 055 1 02 19 02 1 03 19
05 056 2 16 75 01 1 02 75
05 057 0 16 14 00 1 03 14
05 058 1 12 43 01 1 03 43
05 059 2 07 64 02 1 02 64
05 060 0 00 51 02 0 03 14
05 061 1 12 43 01 1 04 43
05 062 2 06 35 00 0 02 53
05 063 0 15 67 03 1 03 67
05 064 1 08 30 04 1 04 30
05 065 2 06 35 00 1 02 35
05 066 0 13 26 01 1 03 26
05 067 1 16 52 00 0 04 53
05 068 2 07 64 02 0 02 75
05 069 0 15 67 03 1 03 67
05 070 1 01 39 03 1 04 39
05 071 2 16 75 01 1 02 75
05 072 0 16 14 00 1 03 14
05 073 1 02 19 02 1 04 19
05 074 2 07 64 02 1 02 64
05 075 0 00 51 02 1 03 51
05 076 1 16 52 00 1 04 52
05 077 2 06 35 00 1 02 35
05 078 0 00 51 02 1 04 51
05 079 1 01 39 03 1 04 39
05 080 2 16 75 01 1 02 75
05 081 0 02 21 04 1 04 21
05 082 1 08 30 04 1 04 30
05 083 2 08 22 03 1 03 22
05 084 0 13 26 01 1 04 26
05 085 1 12 43 01 1 04 43
05 086 2 06 35 00 0 03 26
05 087 0 16 14 00 1 04 14
05 088 1 02 19 02 1 04 19
05 089 2 16 75 01 1 03 75
05 090 0 15 67 03 1 04 67
05 091 1 12 43 01 1 05 43
05 092 2 07 64 02 1 03 64
05 093 0 02 21 04 1 05 21
05 094 1 04 29 05 1 05 29
05 095 2 07 64 02 1 03 64
05 096 0 13 26 01 0 05 75
05 097 1 02 19 02 1 05 19
05 098 2 16 75 01 1 03 75
05 099 0 00 51 02 1 05 51
05 100 1 01 39 03 1 05 39
05 101 2 08 22 03 1 03 22
05 102 0 05 72 05 0 05 13
05 103 1 08 30 04 1 05 30
05 104 2 06 35 00 0 03 26
05 105 0 15 67 03 1 05 67
05 106 1 16 52 00 1 05 52
05 107 2 07 64 02 1 03 64
05 108 0 16 14 00 1 05 14
05 109 1 12 43 01 1 06 43
05 110 2 16 75 01 1 03 75
05 111 0 05 72 05 1 05 72
05 112 1 16 52 00 1 06 52
05 113 2 06 35 00 1 03 35
05 114 0 16 14 00 1 05 14
05 115 1 08 30 04 1 06 30
05 116 2 08 22 03 1 03 22
05 117 0 15 67 03 1 05 67
05 118 1 02 19 02 1 06 19
05 119 2 06 35 00 1 04 35
05 120 0 02 21 04 1 05 21
05 121 1 04 29 05 1 06 29
05 122 2 04 59 04 1 04 59
05 123 0 13 26 01 1 05 26
05 124 1 09 36 06 1 06 36
05 125 2 08 22 03 1 04 22
05 126 0 00 51 02 1 05 51
05 127 1 01 39 03 1 06 39
05 128 2 16 75 01 1 04 75
05 129 0 05 72 05 1 06 72
05 130 1 09 36 06 1 07 36
05 131 2 07 64 02 1 04 64
05 132 0 16 14 00 1 06 14
05 133 1 16 52 00 1 07 52
05 134 2 04 59 04 1 05 59
05 135 0 02 21 04 1 06 21
05 136 1 04 29 05 1 07 29
05 137 2 06 35 00 1 05 35
05 138 0 15 67 03 1 06 67
05 139 1 01 39 03 1 07 39
05 140 2 14 50 05 0 05 52
05 141 0 13 26 01 0 06 75
05 142 1 06 16 07 1 07 16
05 143 2 07 64 02 1 05 64
05 144 0 08 13 06 1 06 13
05 145 1 08 30 04 1 07 30
05 146 2 16 75 01 1 05 75
05 147 0 00 51 02 1 06 51
05 148 1 12 43 01 1 07 43
05 149 2 08 22 03 1 05 22
05 150 0 15 67 03 1 06 67
05 151 1 02 19 02 1 07 19
05 152 2 04 59 04 1 05 59
05 153 0 13 26 01 1 06 26
05 154 1 04 29 05 1 08 29
05 155 2 08 22 03 1 05 22
05 156 0 08 13 06 1 06 13
05 157 1 09 36 06 1 08 36
05 158 2 16 75 01 1 05 75
05 159 0 16 14 00 1 06 14
05 160 1 12 43 01 1 08 43
05 161 2 06 35 00 0 05 02
05 162 0 02 21 04 1 06 21
05 163 1 08 30 04 1 08 30
05 164 2 07 64 02 1 05 64
05 165 0 05 72 05 1 06 72
05 166 1 16 52 00 1 08 52
05 167 2 14 50 05 1 05 50
05 168 0 00 51 02 1 06 51
05 169 1 00 60 08 1 08 60
05 170 2 16 75 01 1 05 75
05 171 0 05 72 05 1 07 72
05 172 1 01 39 03 1 08 39
05 173 2 04 59 04 1 05 59
05 174 0 15 67 03 1 07 67
05 175 1 02 19 02 1 08 19
05 176 2 08 22 03 1 05 22
05 177 0 00 51 02 1 07 51
05 178 1 06 16 07 0 08 60
05 179 2 14 50 05 1 05 50
05 180 0 08 13 06 1 07 13
05 181 1 09 36 06 1 08 36
05 182 2 07 64 02 1 05 64
05 183 0 16 14 00 1 07 14
05 184 1 01 39 03 1 08 39
05 185 2 06 35 00 1 05 35
05 186 0 02 21 04 1 07 21
05 187 1 00 60 08 1 08 60
05 188 2 16 75 01 1 06 75
05 189 0 10 12 07 1 07 12
05 190 1 06 16 07 1 08 16
05 191 2 08 22 03 1 06 22
05 192 0 13 26 01 1 07 26
05 193 1 08 30 04 1 08 30
05 194 2 04 59 04 1 06 59
05 195 0 02 21 04 1 08 21
05 196 1 16 52 00 1 08 52
05 197 2 06 35 00 1 06 35
05 198 0 13 26 01 1 08 26
05 199 1 04 29 05 1 08 29
05 200 2 14 50 05 1 06 50
05 201 0 00 51 02 1 08 51
05 202 1 02 19 02 1 08 19
05 203 2 00 69 06 1 06 69
05 204 0 05 72 05 1 08 72
05 205 1 12 43 01 1 08 43
05 206 2 07 64 02 1 06 64
05 207 0 08 13 06 1 08 13
05 208 1 00 60 08 1 09 60
05 209 2 14 50 05 1 07 50
05 210 0 15 67 03 1 08 67
05 211 1 07 49 09 1 09 49
05 212 2 00 69 06 1 07 69
05 213 0 04 79 08 1 08 79
05 214 1 06 16 07 1 09 16
05 215 2 16 75 01 1 07 75
05 216 0 10 12 07 1 08 12
05 217 1 08 30 04 1 09 30
05 218 2 07 64 02 1 07 64
05 219 0 16 14 00 1 08 14
05 220 1 02 19 02 1 09 19
05 221 2 04 59 04 1 07 59
05 222 0 08 13 06 1 09 13
05 223 1 16 52 00 1 09 52
05 224 2 06 35 00 1 07 35
05 225 0 01 74 09 1 09 74
05 226 1 12 43 01 1 09 43
05 227 2 08 22 03 1 07 22
05 228 0 16 14 00 1 09 14
05 229 1 09 36 06 0 09 59
05 230 2 09 53 07 1 07 53
05 231 0 04 79 08 1 09 79
05 232 1 04 29 05 1 09 29
05 233 2 09 53 07 1 08 53
05 234 0 02 21 04 1 09 21
05 235 1 01 39 03 1 09 39
05 236 2 08 22 03 1 08 22
05 237 0 15 67 03 1 09 67
05 238 1 00 60 08 1 09 60
05 239 2 04 59 04 1 08 59
05 240 0 10 12 07 1 09 12
05 241 1 16 52 00 1 09 52
05 242 2 16 75 01 1 08 75
05 243 0 00 51 02 1 09 51
05 244 1 06 16 07 1 09 16
05 245 2 10 55 08 1 08 55
05 246 0 13 26 01 1 09 26
05 247 1 08 30 04 1 09 30
05 248 2 07 64 02 1 08 64
05 249 0 05 72 05 1 09 72
05 250 1 01 39 03 1 09 39
05 251 2 06 35 00 1 08 35
05 252 0 05 72 05 1 10 72
05 253 1 09 36 06 0 09 59
05 254 2 14 50 05 0 08 53
05 255 0 02 21 04 1 10 21
05 256 1 04 29 05 1 09 29
05 257 2 00 69 06 1 08 69
05 258 0 10 12 07 1 10 12
05 259 1 07 49 09 1 09 49
05 260 2 00 69 06 1 08 69
05 261 0 11 62 10 0 10 65
05 262 1 02 19 02 1 09 19
05 263 2 09 53 07 1 08 53
05 264 0 00 51 02 1 10 51
05 265 1 12 43 01 1 09 43
05 266 2 07 64 02 1 08 64
05 267 0 08 13 06 1 10 13
05 268 1 16 52 00 1 09 52
05 269 2 04 59 04 0 08 55
05 270 0 13 26 01 1 10 26
05 271 1 07 49 09 1 09 49
05 272 2 08 22 03 1 08 22
05 273 0 04 79 08 1 10 79
05 274 1 02 19 02 1 09 19
05 275 2 16 75 01 1 08 75
05 276 0 01 74 09 0 10 72
05 277 1 00 60 08 1 09 60
05 278 2 14 50 05 1 08 50
05 279 0 15 67 03 1 10 67
05 280 1 12 43 01 1 09 43
05 281 2 10 55 08 1 08 55
05 282 0 16 14 00 1 10 14
05 283 1 08 30 04 1 09 30
05 284 2 06 35 00 1 08 35
05 285 0 00 51 02 1 10 51
05 286 1 01 39 03 1 09 39
05 287 2 08 22 03 1 08 22
05 288 0 04 79 08 1 10 79
05 289 1 04 29 05 1 09 29
05 290 2 04 59 04 1 08 59
05 291 0 08 13 06 1 10 13
05 292 1 09 36 06 0 09 42
05 293 2 16 75 01 1 08 75
05 294 0 15 67 03 1 10 67
05 295 1 06 16 07 1 09 16
05 296 2 10 55 08 1 08 55
05 297 0 10 12 07 1 10 12
05 298 1 04 29 05 1 09 29
05 299 2 14 50 05 1 08 50
