08 000 0 16 14 00 1 00 14
08 001 1 16 52 00 1 00 52
08 002 2 06 35 00 1 00 35
08 003 0 13 26 01 1 01 26
08 004 1 16 52 00 1 01 52
08 005 2 06 35 00 1 01 35
08 006 0 16 14 00 1 01 14
08 007 1 12 43 01 0 01 72
08 008 2 16 75 01 0 01 57
08 009 0 13 26 01 1 02 26
08 010 1 12 43 01 1 01 43
08 011 2 16 75 01 1 01 75
08 012 0 16 14 00 1 02 14
08 013 1 16 52 00 1 01 52
08 014 2 06 35 00 1 01 35
08 015 0 00 51 02 0 02 04
08 016 1 16 52 00 1 02 52
08 017 2 07 64 02 1 02 64
08 018 0 16 14 00 1 02 14
08 019 1 12 43 01 1 02 43
08 020 2 16 75 01 1 02 75
08 021 0 13 26 01 0 02 14
08 022 1 02 19 02 1 02 19
08 023 2 06 35 00 1 02 35
08 024 0 00 51 02 1 02 51
08 025 1 01 39 03 1 03 39
08 026 2 08 22 03 0 03 21
08 027 0 00 51 02 0 02 14
08 028 1 02 19 02 1 03 19
08 029 2 06 35 00 1 03 35
08 030 0 16 14 00 1 02 14
08 031 1 16 52 00 1 03 52
08 032 2 16 75 01 1 03 75
08 033 0 13 26 01 1 02 26
08 034 1 12 43 01 1 03 43
08 035 2 07 64 02 1 03 64
08 036 0 13 26 01 1 02 26
08 037 1 01 39 03 1 04 39
08 038 2 08 22 03 1 03 22
08 039 0 00 51 02 1 02 51
08 040 1 02 19 02 1 04 19
08 041 2 16 75 01 1 03 75
08 042 0 16 14 00 0 02 26
08 043 1 08 30 04 1 04 30
08 044 2 07 64 02 1 03 64
08 045 0 16 14 00 1 02 14
08 046 1 12 43 01 1 04 43
08 047 2 06 35 00 1 03 35
08 048 0 00 51 02 1 02 51
08 049 1 16 52 00 1 04 52
08 050 2 07 64 02 1 04 64
08 051 0 13 26 01 0 02 14
08 052 1 16 52 00 1 05 52
08 053 2 04 59 04 1 04 59
08 054 0 16 14 00 1 02 14
08 055 1 04 29 05 0 05 39
08 056 2 06 35 00 1 04 35
08 057 0 13 26 01 0 02 14
08 058 1 08 30 04 1 05 30
08 059 2 16 75 01 0 04 57
08 060 0 00 51 02 1 02 51
08 061 1 02 19 02 1 05 19
08 062 2 08 22 03 1 04 22
08 063 0 13 26 01 1 02 26
08 064 1 01 39 03 1 05 39
08 065 2 08 22 03 1 04 22
08 066 0 00 51 02 1 02 51
08 067 1 12 43 01 1 05 43
08 068 2 04 59 04 1 04 59
08 069 0 16 14 00 1 02 14
08 070 1 12 43 01 1 05 43
08 071 2 07 64 02 1 04 64
08 072 0 16 14 00 1 03 14
08 073 1 04 29 05 1 05 29
08 074 2 16 75 01 1 04 75
08 075 0 13 26 01 0 03 14
08 076 1 01 39 03 1 05 39
08 077 2 06 35 00 1 04 35
08 078 0 00 51 02 0 03 14
08 079 1 02 19 02 1 05 19
08 080 2 06 35 00 1 05 35
08 081 0 15 67 03 1 03 67
08 082 1 08 30 04 1 05 30
08 083 2 14 50 05 1 05 50
08 084 0 13 26 01 1 03 26
08 085 1 16 52 00 1 05 52
08 086 2 08 22 03 1 05 22
08 087 0 16 14 00 1 03 14
08 088 1 09 36 06 1 06 36
08 089 2 07 64 02 1 05 64
08 090 0 00 51 02 1 03 51
08 091 1 08 30 04 1 06 30
08 092 2 04 59 04 1 05 59
08 093 0 15 67 03 1 03 67
08 094 1 12 43 01 1 06 43
08 095 2 16 75 01 0 05 57
08 096 0 13 26 01 1 04 26
08 097 1 02 19 02 1 06 19
08 098 2 08 22 03 1 05 22
08 099 0 02 21 04 1 04 21
08 100 1 04 29 05 0 06 19
08 101 2 04 59 04 1 05 59
08 102 0 15 67 03 1 04 67
08 103 1 16 52 00 0 06 54
08 104 2 16 75 01 1 05 75
08 105 0 16 14 00 1 04 14
08 106 1 01 39 03 1 06 39
08 107 2 07 64 02 0 05 66
08 108 0 00 51 02 1 04 51
08 109 1 02 19 02 1 06 19
08 110 2 14 50 05 1 05 50
08 111 0 02 21 04 1 05 21
08 112 1 08 30 04 1 06 30
08 113 2 06 35 00 1 05 35
08 114 0 16 14 00 1 05 14
08 115 1 16 52 00 1 06 52
08 116 2 04 59 04 1 05 59
08 117 0 05 72 05 1 05 72
08 118 1 04 29 05 1 06 29
08 119 2 07 64 02 1 05 64
08 120 0 15 67 03 1 05 67
08 121 1 09 36 06 1 06 36
08 122 2 06 35 00 1 05 35
08 123 0 00 51 02 1 05 51
08 124 1 12 43 01 1 06 43
08 125 2 14 50 05 1 05 50
08 126 0 13 26 01 1 05 26
08 127 1 01 39 03 1 06 39
08 128 2 16 75 01 1 05 75
08 129 0 02 21 04 1 06 21
08 130 1 12 43 01 1 07 43
08 131 2 08 22 03 1 05 22
08 132 0 16 14 00 1 06 14
08 133 1 08 30 04 1 07 30
08 134 2 07 64 02 1 06 64
08 135 0 15 67 03 1 06 67
08 136 1 09 36 06 1 07 36
08 137 2 04 59 04 0 06 57
08 138 0 05 72 05 1 06 72
08 139 1 01 39 03 1 07 39
08 140 2 00 69 06 1 06 69
08 141 0 00 51 02 1 06 51
08 142 1 06 16 07 1 07 16
08 143 2 16 75 01 1 06 75
08 144 0 08 13 06 1 06 13
08 145 1 16 52 00 1 07 52
08 146 2 08 22 03 1 06 22
08 147 0 13 26 01 0 06 51
08 148 1 02 19 02 1 07 19
08 149 2 14 50 05 1 06 50
08 150 0 05 72 05 1 06 72
08 151 1 04 29 05 1 07 29
08 152 2 06 35 00 1 06 35
08 153 0 00 51 02 1 06 51
08 154 1 00 60 08 1 08 60
08 155 2 16 75 01 1 06 75
08 156 0 02 21 04 1 06 21
08 157 1 02 19 02 1 08 19
08 158 2 06 35 00 1 06 35
08 159 0 08 13 06 1 06 13
08 160 1 12 43 01 1 08 43
08 161 2 14 50 05 1 06 50
08 162 0 16 14 00 1 06 14
08 163 1 08 30 04 1 08 30
08 164 2 08 22 03 1 06 22
08 165 0 15 67 03 1 06 67
08 166 1 16 52 00 1 08 52
08 167 2 07 64 02 1 06 64
08 168 0 13 26 01 1 06 26
08 169 1 01 39 03 1 08 39
08 170 2 00 69 06 1 06 69
08 171 0 05 72 05 1 07 72
08 172 1 06 16 07 1 08 16
08 173 2 04 59 04 0 06 57
08 174 0 10 12 07 1 07 12
08 175 1 09 36 06 1 08 36
08 176 2 07 64 02 1 06 64
08 177 0 02 21 04 1 07 21
08 178 1 04 29 05 1 08 29
08 179 2 08 22 03 0 06 35
08 180 0 16 14 00 1 07 14
08 181 1 04 29 05 1 09 29
08 182 2 00 69 06 1 06 69
08 183 0 13 26 01 1 07 26
08 184 1 07 49 09 1 09 49
08 185 2 14 50 05 0 06 00
08 186 0 08 13 06 1 07 13
08 187 1 02 19 02 0 09 01
08 188 2 16 75 01 1 06 75
08 189 0 00 51 02 1 07 51
08 190 1 01 39 03 1 09 39
08 191 2 04 59 04 1 06 59
08 192 0 15 67 03 1 07 67
08 193 1 16 52 00 1 09 52
08 194 2 06 35 00 1 06 35
08 195 0 16 14 00 1 08 14
08 196 1 09 36 06 1 09 36
08 197 2 04 59 04 1 06 59
08 198 0 15 67 03 1 08 67
08 199 1 06 16 07 1 09 16
08 200 2 07 64 02 1 06 64
08 201 0 04 79 08 1 08 79
08 202 1 08 30 04 1 09 30
08 203 2 16 75 01 1 06 75
08 204 0 00 51 02 1 08 51
08 205 1 00 60 08 1 09 60
08 206 2 14 50 05 1 06 50
08 207 0 02 21 04 1 08 21
08 208 1 12 43 01 1 09 43
08 209 2 06 35 00 1 06 35
08 210 0 08 13 06 1 08 13
08 211 1 06 16 07 1 09 16
08 212 2 08 22 03 1 06 22
08 213 0 10 12 07 1 08 12
08 214 1 02 19 02 1 09 19
08 215 2 00 69 06 1 06 69
08 216 0 05 72 05 1 08 72
08 217 1 04 29 05 1 09 29
08 218 2 07 64 02 1 07 64
08 219 0 13 26 01 1 08 26
08 220 1 01 39 03 1 09 39
08 221 2 06 35 00 1 07 35
08 222 0 15 67 03 1 09 67
08 223 1 09 36 06 1 09 36
08 224 2 16 75 01 1 07 75
08 225 0 04 79 08 1 09 79
08 226 1 16 52 00 1 09 52
08 227 2 00 69 06 1 07 69
08 228 0 08 13 06 1 09 13
08 229 1 00 60 08 1 09 60
08 230 2 08 22 03 1 07 22
08 231 0 10 12 07 1 09 12
08 232 1 07 49 09 1 09 49
08 233 2 09 53 07 0 07 57
08 234 0 01 74 09 1 09 74
08 235 1 08 30 04 1 09 30
08 236 2 04 59 04 1 07 59
08 237 0 05 72 05 1 09 72
08 238 1 12 43 01 1 09 43
08 239 2 14 50 05 1 07 50
08 240 0 02 21 04 1 09 21
08 241 1 12 43 01 1 10 43
08 242 2 08 22 03 1 07 22
08 243 0 00 51 02 1 09 51
08 244 1 10 78 10 1 10 78
08 245 2 16 75 01 1 07 75
08 246 0 13 26 01 1 09 26
08 247 1 06 16 07 1 10 16
08 248 2 04 59 04 1 07 59
08 249 0 16 14 00 1 09 14
08 250 1 09 36 06 1 10 36
08 251 2 06 35 00 1 07 35
08 252 0 01 74 09 1 10 74
08 253 1 16 52 00 1 10 52
08 254 2 14 50 05 1 07 50
08 255 0 00 51 02 1 10 51
08 256 1 01 39 03 1 10 39
08 257 2 09 53 07 1 07 53
08 258 0 02 21 04 1 10 21
08 259 1 08 30 04 1 10 30
08 260 2 07 64 02 1 07 64
08 261 0 11 62 10 1 10 62
08 262 1 07 49 09 1 10 49
08 263 2 00 69 06 1 07 69
08 264 0 16 14 00 1 10 14
08 265 1 00 60 08 1 10 60
08 266 2 10 55 08 1 08 55
08 267 0 05 72 05 1 10 72
08 268 1 02 19 02 1 10 19
08 269 2 16 75 01 1 08 75
08 270 0 10 12 07 1 10 12
08 271 1 04 29 05 1 10 29
08 272 2 14 50 05 1 08 50
08 273 0 08 13 06 1 10 13
08 274 1 14 33 11 1 11 33
08 275 2 08 22 03 1 08 22
08 276 0 04 79 08 1 10 79
08 277 1 08 30 04 1 11 30
08 278 2 09 53 07 0 08 57
08 279 0 15 67 03 1 10 67
08 280 1 04 29 05 1 11 29
08 281 2 04 59 04 1 08 59
08 282 0 13 26 01 1 10 26
08 283 1 02 19 02 1 11 19
08 284 2 06 35 00 1 08 35
08 285 0 01 74 09 1 11 74
08 286 1 12 43 01 1 11 43
08 287 2 07 64 02 1 08 64
08 288 0 16 14 00 1 11 14
08 289 1 09 36 06 1 11 36
08 290 2 00 69 06 1 08 69
08 291 0 14 31 11 0 11 33
08 292 1 00 60 08 1 11 60
08 293 2 04 59 04 0 08 57
08 294 0 08 13 06 1 11 13
08 295 1 06 16 07 1 11 16
08 296 2 00 69 06 1 08 69
08 297 0 13 26 01 1 11 26
08 298 1 01 39 03 1 11 39
08 299 2 07 64 02 1 08 64
