12 000 0 16 35 00 1 00 35
12 001 1 16 14 00 1 00 14
12 002 2 06 52 00 1 00 52
12 003 0 13 75 01 1 01 75
12 004 1 16 14 00 1 01 14
12 005 2 06 52 00 1 01 52
12 006 0 16 35 00 1 01 35
12 007 1 12 26 01 1 01 26
12 008 2 16 43 01 0 01 26
12 009 0 13 75 01 0 02 52
12 010 1 12 26 01 1 02 26
12 011 2 16 43 01 1 01 43
12 012 0 16 35 00 1 02 35
12 013 1 02 51 02 1 02 51
12 014 2 06 52 00 1 01 52
12 015 0 00 64 02 1 02 64
12 016 1 16 14 00 1 02 14
12 017 2 16 43 01 0 02 34
12 018 0 16 35 00 1 02 35
12 019 1 02 51 02 1 03 51
12 020 2 06 52 00 1 02 52
12 021 0 13 75 01 1 02 75
12 022 1 12 26 01 1 03 26
12 023 2 07 19 02 0 02 43
12 024 0 00 64 02 1 02 64
12 025 1 01 67 03 1 03 67
12 026 2 07 19 02 1 02 19
12 027 0 00 64 02 1 03 64
12 028 1 16 14 00 1 03 14
12 029 2 16 43 01 0 02 14
12 030 0 13 75 01 1 03 75
12 031 1 16 14 00 1 04 14
12 032 2 06 52 00 1 02 52
12 033 0 16 35 00 1 03 35
12 034 1 01 67 03 1 04 67
12 035 2 07 19 02 1 02 19
12 036 0 15 22 03 1 03 22
12 037 1 08 21 04 1 04 21
12 038 2 16 43 01 0 02 19
12 039 0 00 64 02 1 04 64
12 040 1 12 26 01 1 04 26
12 041 2 06 52 00 1 02 52
12 042 0 13 75 01 1 04 75
12 043 1 02 51 02 1 04 51
12 044 2 06 52 00 1 02 52
12 045 0 16 35 00 1 04 35
12 046 1 01 67 03 1 05 67
12 047 2 07 19 02 1 02 19
12 048 0 15 22 03 1 04 22
12 049 1 12 26 01 1 05 26
12 050 2 16 43 01 1 02 43
12 051 0 02 59 04 1 04 59
12 052 1 04 72 05 1 05 72
12 053 2 08 39 03 0 03 51
12 054 0 13 75 01 1 05 75
12 055 1 02 51 02 1 05 51
12 056 2 06 52 00 1 03 52
12 057 0 16 35 00 1 05 35
12 058 1 08 21 04 1 05 21
12 059 2 16 43 01 1 03 43
12 060 0 00 64 02 1 05 64
12 061 1 16 14 00 1 05 14
12 062 2 07 19 02 1 03 19
12 063 0 02 59 04 1 05 59
12 064 1 09 13 06 0 06 33
12 065 2 07 19 02 1 03 19
12 066 0 05 50 05 1 05 50
12 067 1 16 14 00 1 06 14
12 068 2 06 52 00 1 03 52
12 069 0 15 22 03 1 05 22
12 070 1 01 67 03 1 06 67
12 071 2 08 39 03 0 03 13
12 072 0 00 64 02 0 06 22
12 073 1 02 51 02 1 06 51
12 074 2 16 43 01 1 03 43
12 075 0 02 59 04 1 06 59
12 076 1 04 72 05 1 06 72
12 077 2 16 43 01 1 03 43
12 078 0 05 50 05 1 06 50
12 079 1 12 26 01 1 06 26
12 080 2 08 39 03 1 03 39
12 081 0 15 22 03 1 06 22
12 082 1 08 21 04 1 06 21
12 083 2 06 52 00 1 03 52
12 084 0 13 75 01 1 06 75
12 085 1 08 21 04 1 06 21
12 086 2 07 19 02 1 03 19
12 087 0 08 69 06 1 06 69
12 088 1 01 67 03 1 06 67
12 089 2 04 30 04 1 04 30
12 090 0 16 35 00 1 06 35
12 091 1 16 14 00 1 06 14
12 092 2 08 39 03 1 04 39
12 093 0 00 64 02 1 06 64
12 094 1 02 51 02 1 06 51
12 095 2 06 52 00 1 04 52
12 096 0 16 35 00 1 06 35
12 097 1 12 26 01 1 06 26
12 098 2 07 19 02 1 04 19
12 099 0 13 75 01 1 06 75
12 100 1 09 13 06 1 06 13
12 101 2 16 43 01 1 04 43
12 102 0 02 59 04 1 06 59
12 103 1 04 72 05 1 06 72
12 104 2 14 29 05 1 05 29
12 105 0 15 22 03 1 06 22
12 106 1 04 72 05 1 07 72
12 107 2 08 39 03 0 05 13
12 108 0 08 69 06 1 06 69
12 109 1 12 26 01 1 07 26
12 110 2 06 52 00 1 05 52
12 111 0 05 50 05 1 06 50
12 112 1 02 51 02 1 07 51
12 113 2 04 30 04 1 05 30
12 114 0 08 69 06 1 07 69
12 115 1 01 67 03 1 07 67
12 116 2 16 43 01 1 05 43
12 117 0 16 35 00 1 07 35
12 118 1 06 12 07 1 07 12
12 119 2 07 19 02 0 05 39
12 120 0 00 64 02 0 07 35
12 121 1 09 13 06 1 07 13
12 122 2 14 29 05 1 05 29
12 123 0 15 22 03 1 07 22
12 124 1 16 14 00 1 07 14
12 125 2 08 39 03 1 05 39
12 126 0 05 50 05 1 07 50
12 127 1 08 21 04 1 07 21
12 128 2 06 52 00 1 05 52
12 129 0 10 53 07 1 07 53
12 130 1 08 21 04 1 08 21
12 131 2 16 43 01 1 05 43
12 132 0 02 59 04 1 07 59
12 133 1 00 79 08 1 08 79
12 134 2 04 30 04 1 05 30
12 135 0 13 75 01 1 07 75
12 136 1 16 14 00 1 08 14
12 137 2 07 19 02 0 05 43
12 138 0 08 69 06 1 07 69
12 139 1 01 67 03 1 08 67
12 140 2 16 43 01 1 05 43
12 141 0 00 64 02 1 07 64
12 142 1 09 13 06 1 08 13
12 143 2 04 30 04 1 05 30
12 144 0 16 35 00 1 07 35
12 145 1 12 26 01 1 08 26
12 146 2 14 29 05 1 05 29
12 147 0 13 75 01 1 07 75
12 148 1 06 12 07 1 08 12
12 149 2 08 39 03 1 05 39
12 150 0 10 53 07 0 07 79
12 151 1 02 51 02 1 08 51
12 152 2 06 52 00 1 05 52
12 153 0 02 59 04 1 07 59
12 154 1 04 72 05 1 08 72
12 155 2 07 19 02 1 05 19
12 156 0 05 50 05 1 07 50
12 157 1 08 21 04 1 09 21
12 158 2 08 39 03 1 06 39
12 159 0 15 22 03 1 07 22
12 160 1 07 74 09 1 09 74
12 161 2 00 36 06 0 06 34
12 162 0 08 69 06 1 07 69
12 163 1 02 51 02 1 09 51
12 164 2 07 19 02 1 06 19
12 165 0 15 22 03 1 07 22
12 166 1 00 79 08 0 09 73
12 167 2 06 52 00 1 06 52
12 168 0 16 35 00 1 07 35
12 169 1 16 14 00 1 09 14
12 170 2 16 43 01 1 06 43
12 171 0 10 53 07 1 07 53
12 172 1 06 12 07 1 09 12
12 173 2 14 29 05 1 06 29
12 174 0 05 50 05 1 07 50
12 175 1 09 13 06 1 09 13
12 176 2 04 30 04 1 06 30
12 177 0 13 75 01 1 07 75
12 178 1 12 26 01 1 09 26
12 179 2 16 43 01 1 06 43
12 180 0 00 64 02 1 07 64
12 181 1 01 67 03 1 09 67
12 182 2 06 52 00 1 06 52
12 183 0 02 59 04 1 07 59
12 184 1 04 72 05 1 09 72
12 185 2 14 29 05 1 06 29
12 186 0 02 59 04 1 08 59
12 187 1 12 26 01 1 09 26
12 188 2 07 19 02 1 06 19
12 189 0 04 55 08 1 08 55
12 190 1 16 14 00 1 09 14
12 191 2 08 39 03 1 06 39
12 192 0 15 22 03 1 08 22
12 193 1 01 67 03 1 09 67
12 194 2 04 30 04 1 06 30
12 195 0 05 50 05 1 08 50
12 196 1 04 72 05 1 09 72
12 197 2 00 36 06 1 06 36
12 198 0 10 53 07 1 08 53
12 199 1 08 21 04 1 09 21
12 200 2 00 36 06 1 07 36
12 201 0 08 69 06 1 08 69
12 202 1 00 79 08 1 09 79
12 203 2 16 43 01 1 07 43
12 204 0 00 64 02 1 08 64
12 205 1 09 13 06 1 09 13
12 206 2 08 39 03 1 07 39
12 207 0 13 75 01 1 08 75
12 208 1 02 51 02 1 09 51
12 209 2 14 29 05 1 07 29
12 210 0 16 35 00 0 08 75
12 211 1 07 74 09 1 09 74
12 212 2 09 16 07 1 07 16
12 213 0 04 55 08 1 08 55
12 214 1 06 12 07 1 09 12
12 215 2 04 30 04 0 07 03
12 216 0 08 69 06 1 08 69
12 217 1 16 14 00 1 10 14
12 218 2 06 52 00 1 07 52
12 219 0 15 22 03 1 08 22
12 220 1 09 13 06 1 10 13
12 221 2 07 19 02 1 07 19
12 222 0 10 53 07 1 08 53
12 223 1 04 72 05 1 10 72
12 224 2 14 29 05 1 07 29
12 225 0 05 50 05 1 08 50
12 226 1 07 74 09 1 10 74
12 227 2 07 19 02 1 07 19
12 228 0 13 75 01 1 08 75
12 229 1 02 51 02 1 10 51
12 230 2 09 16 07 1 07 16
12 231 0 02 59 04 1 08 59
12 232 1 10 62 10 1 10 62
12 233 2 16 43 01 1 07 43
12 234 0 00 64 02 1 08 64
12 235 1 00 79 08 1 10 79
12 236 2 06 52 00 1 07 52
12 237 0 16 35 00 1 08 35
12 238 1 06 12 07 1 10 12
12 239 2 08 39 03 1 07 39
12 240 0 01 25 09 1 09 25
12 241 1 01 67 03 1 10 67
12 242 2 04 30 04 1 07 30
12 243 0 16 35 00 1 09 35
12 244 1 08 21 04 1 10 21
12 245 2 00 36 06 0 07 39
12 246 0 10 53 07 1 09 53
12 247 1 12 26 01 1 10 26
12 248 2 06 52 00 1 07 52
12 249 0 05 50 05 1 09 50
12 250 1 10 62 10 1 11 62
12 251 2 09 16 07 1 07 16
12 252 0 15 22 03 1 09 22
12 253 1 01 67 03 1 11 67
12 254 2 04 30 04 1 07 30
12 255 0 00 64 02 1 09 64
12 256 1 00 79 08 1 11 79
12 257 2 07 19 02 1 07 19
12 258 0 02 59 04 1 09 59
12 259 1 14 31 11 1 11 31
12 260 2 00 36 06 1 07 36
12 261 0 13 75 01 1 09 75
12 262 1 12 26 01 1 11 26
12 263 2 08 39 03 1 07 39
12 264 0 04 55 08 1 09 55
12 265 1 16 14 00 1 11 14
12 266 2 14 29 05 1 07 29
12 267 0 08 69 06 1 09 69
12 268 1 07 74 09 1 11 74
12 269 2 16 43 01 1 07 43
12 270 0 01 25 09 1 10 25
12 271 1 04 72 05 1 11 72
12 272 2 14 29 05 1 08 29
12 273 0 00 64 02 1 10 64
12 274 1 06 12 07 1 11 12
12 275 2 10 60 08 1 08 60
12 276 0 08 69 06 1 10 69
12 277 1 02 51 02 1 11 51
12 278 2 06 52 00 1 08 52
12 279 0 02 59 04 1 10 59
12 280 1 08 21 04 1 11 21
12 281 2 08 39 03 0 08 36
12 282 0 16 35 00 1 10 35
12 283 1 09 13 06 1 11 13
12 284 2 16 43 01 1 08 43
12 285 0 10 53 07 1 10 53
12 286 1 10 62 10 1 12 62
12 287 2 04 30 04 1 08 30
12 288 0 15 22 03 1 10 22
12 289 1 12 26 01 1 12 26
12 290 2 09 16 07 1 08 16
12 291 0 05 50 05 1 10 50
12 292 1 17 28 12 0 12 26
12 293 2 00 36 06 1 08 36
12 294 0 11 23 10 1 10 23
12 295 1 04 72 05 1 12 72
12 296 2 07 19 02 1 08 19
12 297 0 04 55 08 1 10 55
12 298 1 09 13 06 1 12 13
12 299 2 07 19 02 1 08 19
