01 000 0 16 52 00 0 00 00
01 001 1 16 35 00 0 00 00
01 002 2 06 14 00 0 00 00
01 003 0 16 52 00 0 00 00
01 004 1 16 35 00 0 00 00
01 005 2 06 14 00 0 00 00
01 006 0 16 52 00 0 00 00
01 007 1 16 35 00 0 00 00
01 008 2 06 14 00 1 00 14
01 009 0 16 52 00 1 00 52
01 010 1 16 35 00 0 00 03
01 011 2 16 26 01 0 01 01
01 012 0 13 43 01 1 01 43
01 013 1 16 35 00 1 00 35
01 014 2 06 14 00 1 01 14
01 015 0 16 52 00 1 01 52
01 016 1 16 35 00 1 01 35
01 017 2 16 26 01 0 01 14
01 018 0 16 52 00 0 02 53
01 019 1 12 75 01 0 01 72
01 020 2 06 14 00 0 01 26
01 021 0 13 43 01 1 02 43
01 022 1 16 35 00 1 01 35
01 023 2 06 14 00 0 01 26
01 024 0 00 19 02 1 02 19
01 025 1 12 75 01 1 01 75
01 026 2 16 26 01 0 01 17
01 027 0 00 19 02 1 02 19
01 028 1 12 75 01 0 02 52
01 029 2 16 26 01 1 01 26
01 030 0 16 52 00 0 02 00
01 031 1 16 35 00 0 02 00
01 032 2 06 14 00 0 01 00
01 033 0 13 43 01 0 02 00
01 034 1 02 64 02 0 02 00
01 035 2 16 26 01 0 01 00
01 036 0 16 52 00 0 02 00
01 037 1 12 75 01 0 02 00
01 038 2 06 14 00 0 01 00
01 039 0 13 43 01 0 02 00
01 040 1 02 64 02 0 02 00
01 041 2 16 26 01 0 01 00
01 042 0 00 19 02 0 02 00
01 043 1 16 35 00 0 02 00
01 044 2 06 14 00 0 01 00
01 045 0 13 43 01 0 02 00
01 046 1 16 35 00 0 02 00
01 047 2 06 14 00 0 01 00
01 048 0 00 19 02 0 02 00
01 049 1 02 64 02 0 02 00
01 050 2 16 26 01 0 01 00
01 051 0 16 52 00 0 02 00
01 052 1 12 75 01 0 02 00
01 053 2 16 26 01 0 01 00
01 054 0 16 52 00 0 02 00
01 055 1 16 35 00 0 02 00
01 056 2 06 14 00 1 01 14
01 057 0 13 43 01 0 02 52
01 058 1 12 75 01 1 02 75
01 059 2 16 26 01 1 01 26
01 060 0 00 19 02 1 02 19
01 061 1 02 64 02 1 02 64
01 062 2 06 14 00 1 01 14
01 063 0 13 43 01 0 02 75
01 064 1 02 64 02 1 02 64
01 065 2 16 26 01 1 02 26
01 066 0 00 19 02 1 02 19
01 067 1 16 35 00 0 02 53
01 068 2 07 51 02 0 02 21
01 069 0 16 52 00 0 02 53
01 070 1 12 75 01 1 02 75
01 071 2 06 14 00 1 02 14
01 072 0 16 52 00 1 02 52
01 073 1 16 35 00 1 02 35
01 074 2 07 51 02 1 02 51
01 075 0 13 43 01 0 02 53
01 076 1 02 64 02 1 02 64
01 077 2 06 14 00 1 02 14
01 078 0 00 19 02 1 02 19
01 079 1 12 75 01 1 02 75
01 080 2 16 26 01 1 02 26
01 081 0 16 52 00 1 02 52
01 082 1 01 22 03 1 03 22
01 083 2 08 67 03 0 03 62
01 084 0 00 19 02 1 02 19
01 085 1 12 75 01 1 03 75
01 086 2 06 14 00 1 03 14
01 087 0 13 43 01 1 02 43
01 088 1 02 64 02 1 03 64
01 089 2 16 26 01 1 03 26
01 090 0 13 43 01 1 03 43
01 091 1 16 35 00 1 03 35
01 092 2 07 51 02 0 03 17
01 093 0 15 39 03 0 03 62
01 094 1 01 22 03 1 04 22
01 095 2 07 51 02 0 03 57
01 096 0 00 19 02 1 03 19
01 097 1 12 75 01 1 04 75
01 098 2 16 26 01 1 03 26
01 099 0 16 52 00 1 03 52
01 100 1 02 64 02 1 04 64
01 101 2 08 67 03 0 03 51
01 102 0 15 39 03 0 03 02
01 103 1 16 35 00 1 04 35
01 104 2 06 14 00 1 03 14
01 105 0 16 52 00 1 03 52
01 106 1 08 59 04 0 04 39
01 107 2 07 51 02 0 03 57
01 108 0 13 43 01 1 03 43
01 109 1 16 35 00 1 04 35
01 110 2 06 14 00 1 03 14
01 111 0 00 19 02 1 03 19
01 112 1 02 64 02 1 04 64
01 113 2 08 67 03 0 03 51
01 114 0 15 39 03 1 03 39
01 115 1 12 75 01 1 04 75
01 116 2 16 26 01 1 03 26
01 117 0 13 43 01 1 03 43
01 118 1 01 22 03 1 04 22
01 119 2 07 51 02 0 03 57
01 120 0 00 19 02 0 03 00
01 121 1 08 59 04 0 04 00
01 122 2 08 67 03 1 03 67
01 123 0 16 52 00 1 03 52
01 124 1 08 59 04 0 04 39
01 125 2 06 14 00 1 03 14
01 126 0 15 39 03 1 03 39
01 127 1 12 75 01 1 04 75
01 128 2 16 26 01 1 03 26
01 129 0 00 19 02 1 03 19
01 130 1 01 22 03 1 04 22
01 131 2 16 26 01 1 03 26
01 132 0 13 43 01 1 03 43
01 133 1 02 64 02 1 04 64
01 134 2 07 51 02 1 03 51
01 135 0 16 52 00 1 03 52
01 136 1 16 35 00 1 04 35
01 137 2 08 67 03 1 03 67
01 138 0 00 19 02 1 04 19
01 139 1 08 59 04 0 04 37
01 140 2 06 14 00 1 03 14
01 141 0 02 30 04 1 04 30
01 142 1 12 75 01 1 04 75
01 143 2 07 51 02 1 04 51
01 144 0 15 39 03 1 04 39
01 145 1 01 22 03 1 04 22
01 146 2 08 67 03 1 04 67
01 147 0 13 43 01 1 04 43
01 148 1 16 35 00 0 04 36
01 149 2 06 14 00 0 04 51
01 150 0 16 52 00 1 04 52
01 151 1 02 64 02 1 04 64
01 152 2 04 21 04 1 04 21
01 153 0 15 39 03 1 05 39
01 154 1 16 35 00 1 04 35
01 155 2 16 26 01 1 04 26
01 156 0 13 43 01 1 05 43
01 157 1 02 64 02 1 04 64
01 158 2 07 51 02 1 04 51
01 159 0 02 30 04 1 05 30
01 160 1 08 59 04 0 04 39
01 161 2 04 21 04 1 04 21
01 162 0 00 19 02 1 05 19
01 163 1 01 22 03 1 04 22
01 164 2 08 67 03 1 04 67
01 165 0 16 52 00 1 05 52
01 166 1 12 75 01 1 04 75
01 167 2 16 26 01 1 04 26
01 168 0 05 29 05 1 05 29
01 169 1 01 22 03 1 04 22
01 170 2 06 14 00 1 04 14
01 171 0 15 39 03 1 06 39
01 172 1 08 59 04 1 04 59
01 173 2 06 14 00 1 05 14
01 174 0 08 36 06 1 06 36
01 175 1 02 64 02 1 04 64
01 176 2 07 51 02 1 05 51
01 177 0 02 30 04 1 06 30
01 178 1 16 35 00 1 04 35
01 179 2 16 26 01 1 05 26
01 180 0 16 52 00 1 06 52
01 181 1 12 75 01 1 04 75
01 182 2 14 72 05 1 05 72
01 183 0 13 43 01 1 06 43
01 184 1 12 75 01 1 05 75
01 185 2 08 67 03 1 05 67
01 186 0 00 19 02 1 06 19
01 187 1 16 35 00 1 05 35
01 188 2 04 21 04 1 05 21
01 189 0 05 29 05 1 06 29
01 190 1 04 50 05 1 05 50
01 191 2 06 14 00 1 06 14
01 192 0 05 29 05 1 07 29
01 193 1 02 64 02 1 05 64
01 194 2 08 67 03 1 06 67
01 195 0 10 16 07 0 07 49
01 196 1 08 59 04 0 05 31
01 197 2 16 26 01 1 06 26
01 198 0 00 19 02 1 07 19
01 199 1 01 22 03 1 05 22
01 200 2 07 51 02 1 06 51
01 201 0 08 36 06 0 07 59
01 202 1 08 59 04 1 05 59
01 203 2 14 72 05 1 06 72
01 204 0 13 43 01 1 07 43
01 205 1 12 75 01 1 05 75
01 206 2 00 13 06 1 06 13
01 207 0 15 39 03 1 07 39
01 208 1 02 64 02 1 05 64
01 209 2 04 21 04 1 06 21
01 210 0 02 30 04 1 07 30
01 211 1 04 50 05 1 05 50
01 212 2 08 67 03 1 07 67
01 213 0 16 52 00 1 07 52
01 214 1 01 22 03 1 05 22
01 215 2 00 13 06 1 07 13
01 216 0 13 43 01 1 07 43
01 217 1 16 35 00 1 05 35
01 218 2 16 26 01 1 07 26
01 219 0 08 36 06 0 07 43
01 220 1 09 69 06 1 06 69
01 221 2 06 14 00 1 07 14
01 222 0 02 30 04 1 07 30
01 223 1 16 35 00 1 06 35
01 224 2 14 72 05 0 07 67
01 225 0 10 16 07 1 07 16
01 226 1 01 22 03 1 06 22
01 227 2 07 51 02 1 07 51
01 228 0 00 19 02 1 07 19
01 229 1 04 50 05 1 06 50
01 230 2 04 21 04 1 07 21
01 231 0 15 39 03 1 07 39
01 232 1 02 64 02 1 06 64
01 233 2 09 12 07 1 07 12
01 234 0 16 52 00 1 07 52
01 235 1 12 75 01 1 06 75
01 236 2 09 12 07 1 07 12
01 237 0 05 29 05 1 07 29
01 238 1 08 59 04 0 06 51
01 239 2 06 14 00 1 07 14
01 240 0 05 29 05 1 07 29
01 241 1 02 64 02 1 06 64
01 242 2 08 67 03 1 07 67
01 243 0 02 30 04 1 07 30
01 244 1 09 69 06 1 06 69
01 245 2 04 21 04 1 07 21
01 246 0 10 16 07 1 07 16
01 247 1 04 50 05 1 06 50
01 248 2 07 51 02 1 07 51
01 249 0 08 36 06 1 07 36
01 250 1 12 75 01 1 06 75
01 251 2 14 72 05 1 07 72
01 252 0 15 39 03 1 07 39
01 253 1 01 22 03 1 06 22
01 254 2 16 26 01 1 07 26
01 255 0 00 19 02 1 07 19
01 256 1 08 59 04 1 06 59
01 257 2 00 13 06 1 07 13
01 258 0 16 52 00 1 07 52
01 259 1 16 35 00 1 06 35
01 260 2 07 51 02 1 08 51
01 261 0 13 43 01 1 07 43
01 262 1 06 53 07 0 07 63
01 263 2 10 79 08 0 08 75
01 264 0 08 36 06 1 08 36
01 265 1 02 64 02 1 07 64
01 266 2 14 72 05 1 08 72
01 267 0 10 16 07 1 08 16
01 268 1 01 22 03 1 07 22
01 269 2 00 13 06 1 08 13
01 270 0 16 52 00 1 08 52
01 271 1 08 59 04 0 07 39
01 272 2 16 26 01 1 08 26
01 273 0 13 43 01 1 08 43
01 274 1 09 69 06 1 07 69
01 275 2 06 14 00 1 08 14
01 276 0 02 30 04 1 08 30
01 277 1 12 75 01 1 07 75
01 278 2 08 67 03 1 08 67
01 279 0 04 60 08 1 08 60
01 280 1 16 35 00 1 07 35
01 281 2 04 21 04 1 08 21
01 282 0 05 29 05 1 08 29
01 283 1 04 50 05 1 07 50
01 284 2 09 12 07 1 08 12
01 285 0 00 19 02 1 08 19
01 286 1 04 50 05 1 07 50
01 287 2 07 51 02 1 08 51
01 288 0 15 39 03 1 08 39
01 289 1 12 75 01 1 07 75
01 290 2 00 13 06 1 08 13
01 291 0 02 30 04 1 09 30
01 292 1 09 69 06 1 07 69
01 293 2 09 12 07 1 08 12
01 294 0 01 49 09 1 09 49
01 295 1 16 35 00 1 07 35
01 296 2 06 14 00 1 08 14
01 297 0 13 43 01 1 09 43
01 298 1 02 64 02 1 07 64
01 299 2 14 72 05 1 08 72
