20 000 0 16 14 00 1 00 14
20 001 1 16 52 00 1 00 52
20 002 2 06 35 00 1 00 35
20 003 0 13 26 01 0 01 24
20 004 1 16 52 00 1 01 52
20 005 2 06 35 00 1 01 35
20 006 0 16 14 00 1 01 14
20 007 1 12 43 01 1 01 43
20 008 2 16 75 01 0 01 24
20 009 0 13 26 01 1 01 26
20 010 1 12 43 01 1 02 43
20 011 2 16 75 01 1 01 75
20 012 0 16 14 00 1 01 14
20 013 1 02 19 02 1 02 19
20 014 2 06 35 00 1 01 35
20 015 0 16 14 00 1 02 14
20 016 1 16 52 00 1 02 52
20 017 2 07 64 02 0 02 75
20 018 0 13 26 01 1 02 26
20 019 1 02 19 02 1 03 19
20 020 2 16 75 01 1 02 75
20 021 0 00 51 02 1 02 51
20 022 1 16 52 00 1 03 52
20 023 2 06 35 00 1 02 35
20 024 0 00 51 02 1 03 51
20 025 1 12 43 01 0 03 49
20 026 2 16 75 01 0 02 29
20 027 0 15 67 03 1 03 67
20 028 1 01 39 03 1 03 39
20 029 2 07 64 02 1 02 64
20 030 0 13 26 01 0 03 75
20 031 1 12 43 01 1 03 43
20 032 2 06 35 00 1 02 35
20 033 0 16 14 00 1 03 14
20 034 1 02 19 02 1 03 19
20 035 2 07 64 02 0 02 75
20 036 0 00 51 02 0 03 14
20 037 1 16 52 00 1 03 52
20 038 2 06 35 00 1 02 35
20 039 0 16 14 00 1 03 14
20 040 1 01 39 03 1 03 39
20 041 2 16 75 01 0 02 64
20 042 0 13 26 01 0 03 64
20 043 1 12 43 01 1 04 43
20 044 2 07 64 02 0 02 75
20 045 0 15 67 03 1 03 67
20 046 1 16 52 00 1 04 52
20 047 2 06 35 00 1 02 35
20 048 0 15 67 03 1 03 67
20 049 1 08 30 04 1 04 30
20 050 2 16 75 01 0 02 64
20 051 0 13 26 01 0 03 64
20 052 1 02 19 02 1 04 19
20 053 2 16 75 01 0 02 64
20 054 0 00 51 02 1 03 51
20 055 1 01 39 03 1 04 39
20 056 2 07 64 02 1 02 64
20 057 0 16 14 00 1 03 14
20 058 1 01 39 03 1 05 39
20 059 2 06 35 00 1 02 35
20 060 0 13 26 01 0 03 75
20 061 1 08 30 04 1 05 30
20 062 2 16 75 01 0 02 64
20 063 0 16 14 00 1 03 14
20 064 1 02 19 02 1 05 19
20 065 2 06 35 00 1 02 35
20 066 0 15 67 03 1 03 67
20 067 1 16 52 00 1 05 52
20 068 2 07 64 02 1 02 64
20 069 0 00 51 02 1 03 51
20 070 1 04 29 05 0 05 19
20 071 2 07 64 02 1 02 64
20 072 0 15 67 03 1 03 67
20 073 1 12 43 01 1 05 43
20 074 2 16 75 01 1 02 75
20 075 0 16 14 00 1 03 14
20 076 1 16 52 00 1 05 52
20 077 2 06 35 00 1 02 35
20 078 0 13 26 01 1 03 26
20 079 1 01 39 03 1 05 39
20 080 2 06 35 00 1 03 35
20 081 0 00 51 02 0 03 14
20 082 1 02 19 02 1 05 19
20 083 2 07 64 02 0 03 36
20 084 0 16 14 00 1 03 14
20 085 1 04 29 05 1 05 29
20 086 2 08 22 03 1 03 22
20 087 0 15 67 03 1 03 67
20 088 1 12 43 01 1 05 43
20 089 2 16 75 01 1 03 75
20 090 0 13 26 01 1 03 26
20 091 1 08 30 04 1 05 30
20 092 2 16 75 01 1 03 75
20 093 0 00 51 02 1 03 51
20 094 1 16 52 00 1 06 52
20 095 2 08 22 03 1 03 22
20 096 0 02 21 04 1 04 21
20 097 1 02 19 02 1 06 19
20 098 2 06 35 00 1 03 35
20 099 0 13 26 01 1 04 26
20 100 1 04 29 05 1 06 29
20 101 2 07 64 02 1 03 64
20 102 0 16 14 00 1 04 14
20 103 1 01 39 03 1 06 39
20 104 2 08 22 03 1 04 22
20 105 0 15 67 03 1 04 67
20 106 1 09 36 06 1 06 36
20 107 2 07 64 02 0 04 35
20 108 0 00 51 02 1 04 51
20 109 1 08 30 04 1 06 30
20 110 2 16 75 01 1 04 75
20 111 0 16 14 00 1 05 14
20 112 1 12 43 01 1 06 43
20 113 2 06 35 00 1 04 35
20 114 0 02 21 04 1 05 21
20 115 1 12 43 01 1 07 43
20 116 2 04 59 04 1 04 59
20 117 0 15 67 03 1 05 67
20 118 1 16 52 00 1 07 52
20 119 2 16 75 01 1 04 75
20 120 0 05 72 05 1 05 72
20 121 1 04 29 05 0 07 39
20 122 2 07 64 02 1 04 64
20 123 0 00 51 02 1 05 51
20 124 1 08 30 04 1 07 30
20 125 2 08 22 03 1 04 22
20 126 0 13 26 01 1 05 26
20 127 1 09 36 06 1 07 36
20 128 2 06 35 00 1 04 35
20 129 0 02 21 04 1 06 21
20 130 1 02 19 02 1 07 19
20 131 2 04 59 04 1 04 59
20 132 0 16 14 00 1 06 14
20 133 1 06 16 07 1 07 16
20 134 2 04 59 04 1 05 59
20 135 0 08 13 06 1 06 13
20 136 1 01 39 03 1 07 39
20 137 2 14 50 05 1 05 50
20 138 0 15 67 03 1 06 67
20 139 1 12 43 01 1 07 43
20 140 2 07 64 02 1 05 64
20 141 0 13 26 01 1 06 26
20 142 1 01 39 03 1 07 39
20 143 2 16 75 01 1 05 75
20 144 0 00 51 02 1 06 51
20 145 1 09 36 06 1 07 36
20 146 2 06 35 00 1 05 35
20 147 0 05 72 05 1 06 72
20 148 1 04 29 05 1 07 29
20 149 2 08 22 03 1 05 22
20 150 0 15 67 03 1 07 67
20 151 1 02 19 02 1 07 19
20 152 2 16 75 01 1 06 75
20 153 0 13 26 01 1 07 26
20 154 1 06 16 07 1 07 16
20 155 2 04 59 04 1 06 59
20 156 0 02 21 04 1 07 21
20 157 1 16 52 00 1 07 52
20 158 2 14 50 05 1 06 50
20 159 0 08 13 06 1 07 13
20 160 1 08 30 04 1 07 30
20 161 2 07 64 02 0 06 75
20 162 0 16 14 00 1 07 14
20 163 1 08 30 04 1 08 30
20 164 2 00 69 06 1 06 69
20 165 0 10 12 07 1 07 12
20 166 1 12 43 01 1 08 43
20 167 2 08 22 03 1 06 22
20 168 0 00 51 02 1 07 51
20 169 1 06 16 07 1 08 16
20 170 2 06 35 00 1 06 35
20 171 0 05 72 05 1 07 72
20 172 1 04 29 05 1 08 29
20 173 2 14 50 05 1 06 50
20 174 0 00 51 02 0 08 15
20 175 1 16 52 00 1 08 52
20 176 2 08 22 03 1 06 22
20 177 0 15 67 03 1 08 67
20 178 1 02 19 02 1 08 19
20 179 2 00 69 06 1 06 69
20 180 0 08 13 06 1 08 13
20 181 1 09 36 06 1 08 36
20 182 2 06 35 00 1 06 35
20 183 0 05 72 05 1 08 72
20 184 1 00 60 08 1 08 60
20 185 2 07 64 02 1 06 64
20 186 0 13 26 01 1 08 26
20 187 1 01 39 03 1 08 39
20 188 2 16 75 01 1 06 75
20 189 0 04 79 08 1 08 79
20 190 1 12 43 01 1 09 43
20 191 2 04 59 04 1 06 59
20 192 0 10 12 07 1 08 12
20 193 1 02 19 02 1 09 19
20 194 2 04 59 04 1 07 59
20 195 0 16 14 00 1 08 14
20 196 1 06 16 07 1 09 16
20 197 2 08 22 03 1 07 22
20 198 0 02 21 04 0 08 56
20 199 1 16 52 00 1 09 52
20 200 2 07 64 02 1 07 64
20 201 0 08 13 06 1 08 13
20 202 1 04 29 05 1 09 29
20 203 2 00 69 06 1 07 69
20 204 0 02 21 04 1 08 21
20 205 1 01 39 03 1 09 39
20 206 2 14 50 05 1 07 50
20 207 0 05 72 05 1 08 72
20 208 1 00 60 08 1 09 60
20 209 2 09 53 07 1 07 53
20 210 0 00 51 02 1 08 51
20 211 1 07 49 09 0 09 50
20 212 2 16 75 01 1 07 75
20 213 0 16 14 00 1 08 14
20 214 1 09 36 06 1 09 36
20 215 2 06 35 00 1 07 35
20 216 0 04 79 08 1 08 79
20 217 1 08 30 04 1 09 30
20 218 2 04 59 04 1 08 59
20 219 0 13 26 01 1 08 26
20 220 1 04 29 05 1 09 29
20 221 2 09 53 07 0 08 54
20 222 0 10 12 07 1 08 12
20 223 1 08 30 04 1 09 30
20 224 2 16 75 01 1 08 75
20 225 0 15 67 03 1 08 67
20 226 1 09 36 06 1 09 36
20 227 2 08 22 03 1 08 22
20 228 0 15 67 03 1 09 67
20 229 1 00 60 08 1 09 60
20 230 2 06 35 00 1 08 35
20 231 0 10 12 07 1 09 12
20 232 1 12 43 01 1 09 43
20 233 2 00 69 06 1 08 69
20 234 0 04 79 08 1 09 79
20 235 1 01 39 03 0 09 00
20 236 2 14 50 05 1 08 50
20 237 0 16 14 00 1 09 14
20 238 1 07 49 09 1 09 49
20 239 2 07 64 02 1 08 64
20 240 0 01 74 09 0 09 78
20 241 1 06 16 07 0 09 61
20 242 2 10 55 08 1 08 55
20 243 0 00 51 02 1 09 51
20 244 1 02 19 02 1 09 19
20 245 2 06 35 00 1 08 35
20 246 0 05 72 05 1 09 72
20 247 1 16 52 00 1 09 52
20 248 2 09 53 07 1 08 53
20 249 0 02 21 04 1 09 21
20 250 1 02 19 02 1 09 19
20 251 2 16 75 01 1 08 75
20 252 0 08 13 06 1 09 13
20 253 1 00 60 08 1 09 60
20 254 2 10 55 08 1 08 55
20 255 0 13 26 01 1 09 26
20 256 1 07 49 09 1 09 49
20 257 2 14 50 05 1 08 50
20 258 0 13 26 01 1 09 26
20 259 1 16 52 00 1 09 52
20 260 2 07 64 02 1 08 64
20 261 0 15 67 03 1 09 67
20 262 1 09 36 06 1 09 36
20 263 2 04 59 04 1 08 59
20 264 0 10 12 07 1 09 12
20 265 1 04 29 05 1 09 29
20 266 2 08 22 03 1 08 22
20 267 0 05 72 05 1 09 72
20 268 1 06 16 07 1 09 16
20 269 2 00 69 06 1 08 69
20 270 0 16 14 00 1 09 14
20 271 1 08 30 04 1 09 30
20 272 2 09 53 07 1 09 53
20 273 0 04 79 08 1 09 79
20 274 1 12 43 01 1 09 43
20 275 2 08 22 03 1 09 22
20 276 0 01 74 09 1 09 74
20 277 1 01 39 03 1 09 39
20 278 2 00 69 06 1 09 69
20 279 0 08 13 06 1 09 13
20 280 1 09 36 06 1 10 36
20 281 2 06 35 00 1 09 35
20 282 0 00 51 02 1 09 51
20 283 1 08 30 04 1 10 30
20 284 2 03 25 09 0 09 02
20 285 0 02 21 04 1 09 21
20 286 1 04 29 05 1 10 29
20 287 2 10 55 08 1 09 55
20 288 0 01 74 09 1 10 74
20 289 1 01 39 03 1 10 39
20 290 2 14 50 05 1 09 50
20 291 0 05 72 05 1 10 72
20 292 1 07 49 09 1 10 49
20 293 2 04 59 04 1 09 59
20 294 0 13 26 01 1 10 26
20 295 1 00 60 08 1 10 60
20 296 2 07 64 02 1 09 64
20 297 0 00 51 02 1 10 51
20 298 1 06 16 07 1 10 16
20 299 2 16 75 01 1 09 75
