13 000 0 16 52 00 1 00 52
13 001 1 16 35 00 1 00 35
13 002 2 06 14 00 0 00 42
13 003 0 13 43 01 0 01 42
13 004 1 16 35 00 1 01 35
13 005 2 06 14 00 1 00 14
13 006 0 16 52 00 1 01 52
13 007 1 12 75 01 0 01 45
13 008 2 16 26 01 0 01 25
13 009 0 13 43 01 0 01 42
13 010 1 12 75 01 1 01 75
13 011 2 06 14 00 1 01 14
13 012 0 16 52 00 0 01 35
13 013 1 16 35 00 1 01 35
13 014 2 06 14 00 1 01 14
13 015 0 13 43 01 1 01 43
13 016 1 12 75 01 1 02 75
13 017 2 16 26 01 0 01 23
13 018 0 16 52 00 1 01 52
13 019 1 02 64 02 1 02 64
13 020 2 06 14 00 1 01 14
13 021 0 16 52 00 1 02 52
13 022 1 16 35 00 0 02 46
13 023 2 16 26 01 1 01 26
13 024 0 13 43 01 0 02 46
13 025 1 02 64 02 1 02 64
13 026 2 07 51 02 0 02 03
13 027 0 00 19 02 0 02 64
13 028 1 16 35 00 0 02 26
13 029 2 06 14 00 1 02 14
13 030 0 16 52 00 1 02 52
13 031 1 12 75 01 0 02 64
13 032 2 16 26 01 0 02 35
13 033 0 00 19 02 1 02 19
13 034 1 16 35 00 1 02 35
13 035 2 06 14 00 1 02 14
13 036 0 13 43 01 0 02 26
13 037 1 12 75 01 1 02 75
13 038 2 07 51 02 0 02 26
13 039 0 13 43 01 1 02 43
13 040 1 02 64 02 1 02 64
13 041 2 16 26 01 0 02 43
13 042 0 00 19 02 0 02 51
13 043 1 16 35 00 1 03 35
13 044 2 16 26 01 0 02 43
13 045 0 16 52 00 0 02 51
13 046 1 02 64 02 1 03 64
13 047 2 07 51 02 0 02 43
13 048 0 00 19 02 1 02 19
13 049 1 01 22 03 1 03 22
13 050 2 06 14 00 1 02 14
13 051 0 16 52 00 1 02 52
13 052 1 12 75 01 1 03 75
13 053 2 06 14 00 1 02 14
13 054 0 13 43 01 0 02 26
13 055 1 08 59 04 1 04 59
13 056 2 16 26 01 1 02 26
13 057 0 00 19 02 1 02 19
13 058 1 02 64 02 1 04 64
13 059 2 07 51 02 0 02 00
13 060 0 13 43 01 1 02 43
13 061 1 16 35 00 0 04 64
13 062 2 16 26 01 0 02 46
13 063 0 16 52 00 1 02 52
13 064 1 12 75 01 1 04 75
13 065 2 07 51 02 0 02 26
13 066 0 15 39 03 1 03 39
13 067 1 01 22 03 1 04 22
13 068 2 06 14 00 1 02 14
13 069 0 13 43 01 1 03 43
13 070 1 01 22 03 1 04 22
13 071 2 07 51 02 0 02 43
13 072 0 00 19 02 1 03 19
13 073 1 08 59 04 1 04 59
13 074 2 16 26 01 1 02 26
13 075 0 16 52 00 1 03 52
13 076 1 16 35 00 0 04 03
13 077 2 06 14 00 1 02 14
13 078 0 00 19 02 1 04 19
13 079 1 02 64 02 1 04 64
13 080 2 16 26 01 1 02 26
13 081 0 13 43 01 1 04 43
13 082 1 12 75 01 1 04 75
13 083 2 07 51 02 1 02 51
13 084 0 16 52 00 1 04 52
13 085 1 12 75 01 1 04 75
13 086 2 06 14 00 1 02 14
13 087 0 02 30 04 1 04 30
13 088 1 16 35 00 1 04 35
13 089 2 08 67 03 1 03 67
13 090 0 15 39 03 1 04 39
13 091 1 08 59 04 1 04 59
13 092 2 06 14 00 1 03 14
13 093 0 00 19 02 1 05 19
13 094 1 02 64 02 1 04 64
13 095 2 16 26 01 0 03 23
13 096 0 16 52 00 1 05 52
13 097 1 01 22 03 1 04 22
13 098 2 07 51 02 0 03 43
13 099 0 13 43 01 1 05 43
13 100 1 01 22 03 1 05 22
13 101 2 08 67 03 1 03 67
13 102 0 02 30 04 1 05 30
13 103 1 04 50 05 0 05 46
13 104 2 07 51 02 0 03 26
13 105 0 05 29 05 0 05 32
13 106 1 02 64 02 1 05 64
13 107 2 16 26 01 1 03 26
13 108 0 15 39 03 1 05 39
13 109 1 16 35 00 0 05 06
13 110 2 06 14 00 1 03 14
13 111 0 05 29 05 1 05 29
13 112 1 08 59 04 1 05 59
13 113 2 16 26 01 0 03 51
13 114 0 02 30 04 1 05 30
13 115 1 12 75 01 1 05 75
13 116 2 06 14 00 0 03 41
13 117 0 16 52 00 1 05 52
13 118 1 16 35 00 1 05 35
13 119 2 07 51 02 1 03 51
13 120 0 00 19 02 1 05 19
13 121 1 02 64 02 1 05 64
13 122 2 08 67 03 1 03 67
13 123 0 15 39 03 1 05 39
13 124 1 08 59 04 1 05 59
13 125 2 16 26 01 0 03 25
13 126 0 13 43 01 1 05 43
13 127 1 12 75 01 1 05 75
13 128 2 06 14 00 1 03 14
13 129 0 02 30 04 1 06 30
13 130 1 04 50 05 1 05 50
13 131 2 07 51 02 1 03 51
13 132 0 05 29 05 1 06 29
13 133 1 01 22 03 1 05 22
13 134 2 08 67 03 1 03 67
13 135 0 08 36 06 0 06 62
13 136 1 01 22 03 1 06 22
13 137 2 08 67 03 1 03 67
13 138 0 16 52 00 1 06 52
13 139 1 09 69 06 1 06 69
13 140 2 07 51 02 1 03 51
13 141 0 13 43 01 1 06 43
13 142 1 02 64 02 1 06 64
13 143 2 06 14 00 1 03 14
13 144 0 15 39 03 1 06 39
13 145 1 16 35 00 1 06 35
13 146 2 16 26 01 1 03 26
13 147 0 00 19 02 1 06 19
13 148 1 04 50 05 0 06 30
13 149 2 06 14 00 1 04 14
13 150 0 05 29 05 1 06 29
13 151 1 12 75 01 1 06 75
13 152 2 16 26 01 0 04 51
13 153 0 02 30 04 1 06 30
13 154 1 08 59 04 1 06 59
13 155 2 07 51 02 1 04 51
13 156 0 08 36 06 1 06 36
13 157 1 02 64 02 1 06 64
13 158 2 08 67 03 1 04 67
13 159 0 00 19 02 1 06 19
13 160 1 01 22 03 1 06 22
13 161 2 04 21 04 0 04 62
13 162 0 16 52 00 1 06 52
13 163 1 09 69 06 1 06 69
13 164 2 08 67 03 1 04 67
13 165 0 13 43 01 1 06 43
13 166 1 12 75 01 1 06 75
13 167 2 07 51 02 1 04 51
13 168 0 15 39 03 1 06 39
13 169 1 16 35 00 1 06 35
13 170 2 16 26 01 1 04 26
13 171 0 05 29 05 1 07 29
13 172 1 08 59 04 1 06 59
13 173 2 06 14 00 1 04 14
13 174 0 10 16 07 1 07 16
13 175 1 04 50 05 1 06 50
13 176 2 04 21 04 1 04 21
13 177 0 08 36 06 0 07 62
13 178 1 08 59 04 1 07 59
13 179 2 14 72 05 0 05 46
13 180 0 16 52 00 1 07 52
13 181 1 12 75 01 1 07 75
13 182 2 08 67 03 1 05 67
13 183 0 15 39 03 1 07 39
13 184 1 04 50 05 1 07 50
13 185 2 06 14 00 1 05 14
13 186 0 00 19 02 1 07 19
13 187 1 09 69 06 1 07 69
13 188 2 16 26 01 1 05 26
13 189 0 02 30 04 1 07 30
13 190 1 16 35 00 1 07 35
13 191 2 07 51 02 0 05 26
13 192 0 13 43 01 1 07 43
13 193 1 06 53 07 1 07 53
13 194 2 04 21 04 1 05 21
13 195 0 08 36 06 1 07 36
13 196 1 02 64 02 1 07 64
13 197 2 14 72 05 1 05 72
13 198 0 10 16 07 1 07 16
13 199 1 01 22 03 1 07 22
13 200 2 16 26 01 1 05 26
13 201 0 02 30 04 1 07 30
13 202 1 16 35 00 1 08 35
13 203 2 08 67 03 1 05 67
13 204 0 15 39 03 1 07 39
13 205 1 04 50 05 1 08 50
13 206 2 07 51 02 1 05 51
13 207 0 13 43 01 1 07 43
13 208 1 00 55 08 1 08 55
13 209 2 04 21 04 1 05 21
13 210 0 16 52 00 1 07 52
13 211 1 08 59 04 1 08 59
13 212 2 06 14 00 1 05 14
13 213 0 00 19 02 1 07 19
13 214 1 09 69 06 1 08 69
13 215 2 16 26 01 1 06 26
13 216 0 05 29 05 1 07 29
13 217 1 01 22 03 1 08 22
13 218 2 14 72 05 1 06 72
13 219 0 16 52 00 1 08 52
13 220 1 02 64 02 1 08 64
13 221 2 04 21 04 1 06 21
13 222 0 02 30 04 1 08 30
13 223 1 12 75 01 1 08 75
13 224 2 06 14 00 1 06 14
13 225 0 00 19 02 1 08 19
13 226 1 06 53 07 1 08 53
13 227 2 07 51 02 1 06 51
13 228 0 08 36 06 1 08 36
13 229 1 09 69 06 1 09 69
13 230 2 00 13 06 1 06 13
13 231 0 04 60 08 1 08 60
13 232 1 01 22 03 1 09 22
13 233 2 08 67 03 1 06 67
13 234 0 13 43 01 1 08 43
13 235 1 07 25 09 0 09 22
13 236 2 09 12 07 1 07 12
13 237 0 05 29 05 1 08 29
13 238 1 04 50 05 1 09 50
13 239 2 04 21 04 1 07 21
13 240 0 10 16 07 1 08 16
13 241 1 00 55 08 1 09 55
13 242 2 06 14 00 0 07 01
13 243 0 15 39 03 1 08 39
13 244 1 06 53 07 1 09 53
13 245 2 14 72 05 1 07 72
13 246 0 13 43 01 1 09 43
13 247 1 12 75 01 1 09 75
13 248 2 00 13 06 1 07 13
13 249 0 05 29 05 1 09 29
13 250 1 02 64 02 1 09 64
13 251 2 07 51 02 1 07 51
13 252 0 08 36 06 1 09 36
13 253 1 16 35 00 1 09 35
13 254 2 08 67 03 1 07 67
13 255 0 15 39 03 1 09 39
13 256 1 08 59 04 1 09 59
13 257 2 16 26 01 1 07 26
13 258 0 10 16 07 1 09 16
13 259 1 12 75 01 1 09 75
13 260 2 16 26 01 1 07 26
13 261 0 01 49 09 0 09 59
13 262 1 06 53 07 1 09 53
13 263 2 04 21 04 1 07 21
13 264 0 04 60 08 1 09 60
13 265 1 08 59 04 1 09 59
13 266 2 00 13 06 1 07 13
13 267 0 00 19 02 1 09 19
13 268 1 16 35 00 1 09 35
13 269 2 09 12 07 1 07 12
13 270 0 16 52 00 1 09 52
13 271 1 00 55 08 1 09 55
13 272 2 07 51 02 1 07 51
13 273 0 02 30 04 1 09 30
13 274 1 07 25 09 1 09 25
13 275 2 06 14 00 1 07 14
13 276 0 01 49 09 1 09 49
13 277 1 01 22 03 1 09 22
13 278 2 14 72 05 1 07 72
13 279 0 02 30 04 1 09 30
13 280 1 09 69 06 1 09 69
13 281 2 08 67 03 1 07 67
13 282 0 04 60 08 1 09 60
13 283 1 04 50 05 0 09 30
13 284 2 08 67 03 0 08 00
13 285 0 16 52 00 1 09 52
13 286 1 02 64 02 1 09 64
13 287 2 00 13 06 1 08 13
13 288 0 15 39 03 1 09 39
13 289 1 08 59 04 1 09 59
13 290 2 06 14 00 1 08 14
13 291 0 05 29 05 1 09 29
13 292 1 07 25 09 1 09 25
13 293 2 09 12 07 1 08 12
13 294 0 10 16 07 1 09 16
13 295 1 09 69 06 1 09 69
13 296 2 04 21 04 1 08 21
13 297 0 08 36 06 1 09 36
13 298 1 01 22 03 1 09 22
13 299 2 10 79 08 0 08 76
