07 000 0 16 52 00 1 00 52
07 001 1 16 35 00 1 00 35
07 002 2 06 14 00 0 00 01
07 003 0 13 43 01 1 01 43
07 004 1 16 35 00 1 01 35
07 005 2 06 14 00 1 00 14
07 006 0 16 52 00 1 01 52
07 007 1 12 75 01 1 01 75
07 008 2 16 26 01 1 01 26
07 009 0 13 43 01 1 02 43
07 010 1 02 64 02 1 02 64
07 011 2 06 14 00 1 01 14
07 012 0 00 19 02 1 02 19
07 013 1 16 35 00 0 02 52
07 014 2 06 14 00 1 02 14
07 015 0 16 52 00 1 02 52
07 016 1 12 75 01 0 02 65
07 017 2 16 26 01 0 02 52
07 018 0 15 39 03 1 03 39
07 019 1 16 35 00 1 02 35
07 020 2 07 51 02 0 02 64
07 021 0 16 52 00 1 03 52
07 022 1 02 64 02 1 02 64
07 023 2 16 26 01 1 02 26
07 024 0 00 19 02 1 03 19
07 025 1 12 75 01 1 02 75
07 026 2 07 51 02 1 02 51
07 027 0 13 43 01 1 03 43
07 028 1 01 22 03 1 03 22
07 029 2 06 14 00 1 02 14
07 030 0 13 43 01 1 04 43
07 031 1 12 75 01 1 03 75
07 032 2 06 14 00 1 03 14
07 033 0 15 39 03 1 04 39
07 034 1 02 64 02 1 03 64
07 035 2 07 51 02 1 03 51
07 036 0 16 52 00 1 04 52
07 037 1 16 35 00 1 03 35
07 038 2 16 26 01 1 03 26
07 039 0 02 30 04 1 04 30
07 040 1 01 22 03 1 04 22
07 041 2 08 67 03 1 03 67
07 042 0 00 19 02 1 04 19
07 043 1 12 75 01 1 04 75
07 044 2 04 21 04 1 04 21
07 045 0 05 29 05 1 05 29
07 046 1 02 64 02 1 04 64
07 047 2 08 67 03 0 04 22
07 048 0 02 30 04 1 05 30
07 049 1 16 35 00 1 04 35
07 050 2 16 26 01 1 04 26
07 051 0 13 43 01 1 05 43
07 052 1 08 59 04 1 04 59
07 053 2 07 51 02 0 04 57
07 054 0 16 52 00 1 05 52
07 055 1 12 75 01 1 05 75
07 056 2 06 14 00 1 04 14
07 057 0 15 39 03 1 05 39
07 058 1 08 59 04 1 05 59
07 059 2 06 14 00 1 04 14
07 060 0 00 19 02 1 05 19
07 061 1 16 35 00 1 05 35
07 062 2 16 26 01 1 04 26
07 063 0 05 29 05 1 06 29
07 064 1 02 64 02 1 05 64
07 065 2 04 21 04 1 04 21
07 066 0 08 36 06 1 06 36
07 067 1 01 22 03 1 05 22
07 068 2 08 67 03 1 04 67
07 069 0 13 43 01 1 06 43
07 070 1 04 50 05 1 05 50
07 071 2 07 51 02 1 04 51
07 072 0 02 30 04 1 06 30
07 073 1 08 59 04 1 06 59
07 074 2 07 51 02 0 05 26
07 075 0 16 52 00 1 06 52
07 076 1 02 64 02 1 06 64
07 077 2 14 72 05 1 05 72
07 078 0 00 19 02 1 06 19
07 079 1 01 22 03 0 06 21
07 080 2 06 14 00 1 05 14
07 081 0 15 39 03 1 06 39
07 082 1 04 50 05 1 06 50
07 083 2 04 21 04 1 05 21
07 084 0 13 43 01 1 07 43
07 085 1 12 75 01 1 06 75
07 086 2 16 26 01 1 05 26
07 087 0 08 36 06 1 07 36
07 088 1 16 35 00 1 06 35
07 089 2 08 67 03 1 05 67
07 090 0 05 29 05 1 07 29
07 091 1 09 69 06 1 06 69
07 092 2 07 51 02 1 05 51
07 093 0 15 39 03 1 07 39
07 094 1 16 35 00 1 06 35
07 095 2 06 14 00 1 05 14
07 096 0 10 16 07 1 07 16
07 097 1 09 69 06 1 06 69
07 098 2 14 72 05 1 05 72
07 099 0 02 30 04 1 07 30
07 100 1 12 75 01 1 06 75
07 101 2 04 21 04 1 05 21
07 102 0 16 52 00 0 07 39
07 103 1 08 59 04 1 06 59
07 104 2 08 67 03 1 05 67
07 105 0 00 19 02 1 07 19
07 106 1 02 64 02 1 06 64
07 107 2 16 26 01 1 05 26
07 108 0 02 30 04 1 07 30
07 109 1 04 50 05 1 06 50
07 110 2 06 14 00 1 06 14
07 111 0 10 16 07 1 07 16
07 112 1 01 22 03 1 06 22
07 113 2 08 67 03 1 06 67
07 114 0 05 29 05 1 07 29
07 115 1 02 64 02 1 07 64
07 116 2 00 13 06 1 06 13
07 117 0 16 52 00 1 07 52
07 118 1 06 53 07 1 07 53
07 119 2 16 26 01 1 06 26
07 120 0 13 43 01 1 07 43
07 121 1 16 35 00 1 07 35
07 122 2 07 51 02 1 06 51
07 123 0 08 36 06 1 07 36
07 124 1 04 50 05 1 07 50
07 125 2 14 72 05 1 06 72
07 126 0 15 39 03 1 07 39
07 127 1 12 75 01 1 07 75
07 128 2 04 21 04 1 06 21
07 129 0 00 19 02 1 07 19
07 130 1 08 59 04 1 07 59
07 131 2 08 67 03 1 07 67
07 132 0 04 60 08 1 08 60
07 133 1 01 22 03 1 07 22
07 134 2 06 14 00 1 07 14
07 135 0 00 19 02 1 08 19
07 136 1 09 69 06 1 07 69
07 137 2 04 21 04 1 07 21
07 138 0 15 39 03 1 08 39
07 139 1 16 35 00 1 08 35
07 140 2 09 12 07 1 07 12
07 141 0 16 52 00 1 08 52
07 142 1 12 75 01 1 08 75
07 143 2 00 13 06 1 07 13
07 144 0 13 43 01 1 08 43
07 145 1 08 59 04 1 08 59
07 146 2 14 72 05 1 07 72
07 147 0 08 36 06 1 08 36
07 148 1 01 22 03 1 08 22
07 149 2 07 51 02 1 07 51
07 150 0 02 30 04 1 08 30
07 151 1 02 64 02 1 08 64
07 152 2 16 26 01 1 07 26
07 153 0 10 16 07 1 08 16
07 154 1 09 69 06 1 08 69
07 155 2 10 79 08 1 08 79
07 156 0 05 29 05 1 08 29
07 157 1 04 50 05 1 08 50
07 158 2 07 51 02 1 08 51
07 159 0 08 36 06 1 09 36
07 160 1 06 53 07 1 08 53
07 161 2 08 67 03 1 08 67
07 162 0 05 29 05 0 09 36
07 163 1 00 55 08 1 08 55
07 164 2 06 14 00 1 08 14
07 165 0 00 19 02 1 09 19
07 166 1 01 22 03 1 09 22
07 167 2 14 72 05 1 08 72
07 168 0 02 30 04 1 09 30
07 169 1 06 53 07 1 09 53
07 170 2 09 12 07 1 08 12
07 171 0 13 43 01 1 09 43
07 172 1 04 50 05 1 09 50
07 173 2 00 13 06 1 08 13
07 174 0 10 16 07 1 09 16
07 175 1 00 55 08 1 09 55
07 176 2 04 21 04 1 08 21
07 177 0 04 60 08 1 09 60
07 178 1 16 35 00 1 09 35
07 179 2 16 26 01 1 08 26
07 180 0 16 52 00 1 09 52
07 181 1 02 64 02 1 09 64
07 182 2 04 21 04 1 09 21
07 183 0 01 49 09 0 09 46
07 184 1 12 75 01 1 09 75
07 185 2 09 12 07 1 09 12
07 186 0 15 39 03 1 09 39
07 187 1 07 25 09 1 09 25
07 188 2 16 26 01 1 09 26
07 189 0 05 29 05 1 09 29
07 190 1 08 59 04 1 09 59
07 191 2 03 74 09 1 09 74
07 192 0 16 52 00 1 09 52
07 193 1 09 69 06 1 09 69
07 194 2 06 14 00 1 09 14
07 195 0 13 43 01 1 09 43
07 196 1 02 64 02 1 10 64
07 197 2 00 13 06 1 09 13
07 198 0 01 49 09 1 09 49
07 199 1 08 59 04 1 10 59
07 200 2 07 51 02 1 09 51
07 201 0 15 39 03 1 09 39
07 202 1 09 69 06 1 10 69
07 203 2 08 67 03 1 09 67
07 204 0 08 36 06 1 09 36
07 205 1 12 75 01 1 10 75
07 206 2 10 79 08 1 09 79
07 207 0 00 19 02 1 09 19
07 208 1 01 22 03 1 10 22
07 209 2 14 72 05 1 09 72
07 210 0 10 16 07 1 09 16
07 211 1 10 23 10 1 10 23
07 212 2 09 12 07 1 10 12
07 213 0 02 30 04 1 09 30
07 214 1 00 55 08 1 10 55
07 215 2 03 74 09 1 10 74
07 216 0 04 60 08 1 09 60
07 217 1 07 25 09 1 10 25
07 218 2 16 26 01 1 10 26
07 219 0 08 36 06 1 10 36
07 220 1 04 50 05 1 10 50
07 221 2 08 67 03 1 10 67
07 222 0 11 78 10 1 10 78
07 223 1 06 53 07 1 10 53
07 224 2 10 79 08 1 10 79
07 225 0 04 60 08 1 10 60
07 226 1 16 35 00 1 10 35
07 227 2 04 21 04 1 10 21
07 228 0 10 16 07 1 10 16
07 229 1 04 50 05 1 11 50
07 230 2 14 72 05 1 10 72
07 231 0 05 29 05 1 10 29
07 232 1 10 23 10 1 11 23
07 233 2 00 13 06 1 10 13
07 234 0 15 39 03 1 10 39
07 235 1 01 22 03 1 11 22
07 236 2 07 51 02 1 10 51
07 237 0 02 30 04 1 10 30
07 238 1 16 35 00 1 11 35
07 239 2 06 14 00 1 10 14
07 240 0 00 19 02 1 10 19
07 241 1 14 48 11 1 11 48
07 242 2 15 62 10 1 10 62
07 243 0 16 52 00 1 10 52
07 244 1 09 69 06 1 11 69
07 245 2 15 62 10 1 11 62
07 246 0 13 43 01 1 10 43
07 247 1 07 25 09 1 11 25
07 248 2 00 13 06 1 11 13
07 249 0 01 49 09 1 10 49
07 250 1 02 64 02 1 11 64
07 251 2 03 74 09 1 11 74
07 252 0 15 39 03 1 11 39
07 253 1 00 55 08 1 11 55
07 254 2 04 21 04 1 11 21
07 255 0 01 49 09 1 11 49
07 256 1 12 75 01 1 11 75
07 257 2 06 14 00 0 11 13
07 258 0 11 78 10 1 11 78
07 259 1 06 53 07 0 11 05
07 260 2 10 79 08 1 11 79
07 261 0 10 16 07 1 11 16
07 262 1 08 59 04 1 11 59
07 263 2 02 31 11 1 11 31
07 264 0 14 33 11 1 11 33
07 265 1 06 53 07 1 11 53
07 266 2 07 51 02 1 11 51
07 267 0 05 29 05 0 11 01
07 268 1 09 69 06 1 11 69
07 269 2 09 12 07 0 11 62
07 270 0 08 36 06 1 11 36
07 271 1 16 35 00 1 11 35
07 272 2 14 72 05 1 11 72
07 273 0 13 43 01 1 11 43
07 274 1 12 75 01 1 11 75
07 275 2 16 26 01 1 11 26
07 276 0 00 19 02 0 11 31
07 277 1 04 50 05 1 11 50
07 278 2 08 67 03 1 11 67
07 279 0 02 30 04 1 11 30
07 280 1 01 22 03 1 11 22
07 281 2 06 14 00 1 11 14
07 282 0 04 60 08 1 11 60
07 283 1 08 59 04 1 11 59
07 284 2 09 12 07 1 11 12
07 285 0 16 52 00 1 11 52
07 286 1 10 23 10 1 11 23
07 287 2 02 31 11 1 11 31
07 288 0 10 16 07 1 11 16
07 289 1 07 25 09 1 11 25
07 290 2 16 26 01 1 11 26
07 291 0 08 36 06 1 11 36
07 292 1 00 55 08 1 11 55
07 293 2 10 79 08 1 11 79
07 294 0 00 19 02 1 11 19
07 295 1 02 64 02 1 11 64
07 296 2 00 13 06 1 11 13
07 297 0 13 43 01 1 11 43
07 298 1 14 48 11 1 11 48
07 299 2 03 74 09 1 11 74
