15 000 0 16 35 00 1 00 35
15 001 1 16 14 00 0 00 42
15 002 2 06 52 00 1 00 52
15 003 0 13 75 01 1 01 75
15 004 1 16 14 00 1 00 14
15 005 2 16 43 01 1 01 43
15 006 0 16 35 00 1 01 35
15 007 1 12 26 01 0 01 46
15 008 2 06 52 00 1 01 52
15 009 0 13 75 01 0 02 26
15 010 1 16 14 00 1 01 14
15 011 2 07 19 02 1 02 19
15 012 0 00 64 02 1 02 64
15 013 1 12 26 01 1 01 26
15 014 2 16 43 01 0 02 34
15 015 0 16 35 00 1 02 35
15 016 1 16 14 00 1 01 14
15 017 2 06 52 00 1 02 52
15 018 0 13 75 01 0 02 34
15 019 1 12 26 01 1 02 26
15 020 2 07 19 02 1 02 19
15 021 0 16 35 00 1 02 35
15 022 1 16 14 00 1 02 14
15 023 2 06 52 00 0 02 19
15 024 0 00 64 02 1 02 64
15 025 1 02 51 02 1 02 51
15 026 2 16 43 01 0 02 34
15 027 0 00 64 02 1 02 64
15 028 1 02 51 02 1 03 51
15 029 2 06 52 00 1 02 52
15 030 0 13 75 01 1 02 75
15 031 1 16 14 00 1 03 14
15 032 2 07 19 02 0 02 10
15 033 0 16 35 00 1 02 35
15 034 1 12 26 01 1 03 26
15 035 2 16 43 01 0 02 26
15 036 0 16 35 00 1 03 35
15 037 1 01 67 03 1 03 67
15 038 2 16 43 01 1 02 43
15 039 0 00 64 02 1 03 64
15 040 1 02 51 02 1 04 51
15 041 2 07 19 02 0 02 52
15 042 0 13 75 01 1 03 75
15 043 1 12 26 01 0 04 27
15 044 2 06 52 00 1 02 52
15 045 0 15 22 03 1 03 22
15 046 1 08 21 04 1 04 21
15 047 2 16 43 01 1 02 43
15 048 0 02 59 04 1 04 59
15 049 1 16 14 00 1 04 14
15 050 2 07 19 02 1 02 19
15 051 0 15 22 03 1 04 22
15 052 1 01 67 03 0 04 21
15 053 2 06 52 00 1 02 52
15 054 0 16 35 00 1 04 35
15 055 1 01 67 03 1 04 67
15 056 2 16 43 01 1 03 43
15 057 0 13 75 01 1 04 75
15 058 1 12 26 01 1 04 26
15 059 2 06 52 00 0 03 19
15 060 0 00 64 02 1 04 64
15 061 1 02 51 02 1 04 51
15 062 2 08 39 03 1 03 39
15 063 0 05 50 05 1 05 50
15 064 1 16 14 00 1 04 14
15 065 2 07 19 02 1 03 19
15 066 0 00 64 02 1 05 64
15 067 1 08 21 04 0 04 22
15 068 2 07 19 02 1 03 19
15 069 0 02 59 04 0 05 39
15 070 1 12 26 01 1 04 26
15 071 2 16 43 01 1 03 43
15 072 0 13 75 01 1 05 75
15 073 1 02 51 02 1 04 51
15 074 2 08 39 03 1 03 39
15 075 0 16 35 00 1 05 35
15 076 1 16 14 00 0 04 01
15 077 2 06 52 00 1 03 52
15 078 0 15 22 03 1 05 22
15 079 1 08 21 04 1 04 21
15 080 2 16 43 01 1 04 43
15 081 0 02 59 04 0 05 39
15 082 1 01 67 03 1 04 67
15 083 2 06 52 00 0 04 39
15 084 0 16 35 00 1 05 35
15 085 1 08 21 04 0 04 22
15 086 2 04 30 04 1 04 30
15 087 0 15 22 03 1 05 22
15 088 1 01 67 03 1 04 67
15 089 2 08 39 03 1 04 39
15 090 0 13 75 01 1 05 75
15 091 1 12 26 01 1 04 26
15 092 2 07 19 02 1 04 19
15 093 0 00 64 02 1 05 64
15 094 1 02 51 02 1 04 51
15 095 2 16 43 01 1 04 43
15 096 0 05 50 05 1 05 50
15 097 1 16 14 00 1 04 14
15 098 2 04 30 04 1 04 30
15 099 0 15 22 03 1 05 22
15 100 1 08 21 04 1 04 21
15 101 2 06 52 00 0 04 53
15 102 0 05 50 05 1 05 50
15 103 1 01 67 03 1 04 67
15 104 2 08 39 03 0 04 19
15 105 0 16 35 00 1 05 35
15 106 1 16 14 00 1 04 14
15 107 2 07 19 02 1 04 19
15 108 0 00 64 02 1 05 64
15 109 1 02 51 02 1 04 51
15 110 2 08 39 03 0 04 43
15 111 0 02 59 04 1 05 59
15 112 1 12 26 01 1 04 26
15 113 2 06 52 00 1 04 52
15 114 0 13 75 01 1 05 75
15 115 1 01 67 03 1 05 67
15 116 2 04 30 04 1 04 30
15 117 0 05 50 05 1 06 50
15 118 1 02 51 02 1 05 51
15 119 2 16 43 01 1 04 43
15 120 0 02 59 04 1 06 59
15 121 1 04 72 05 0 05 79
15 122 2 07 19 02 1 04 19
15 123 0 08 69 06 0 06 62
15 124 1 16 14 00 1 05 14
15 125 2 08 39 03 1 04 39
15 126 0 15 22 03 1 06 22
15 127 1 12 26 01 1 05 26
15 128 2 04 30 04 1 04 30
15 129 0 13 75 01 1 06 75
15 130 1 08 21 04 1 05 21
15 131 2 06 52 00 1 04 52
15 132 0 00 64 02 1 06 64
15 133 1 08 21 04 1 05 21
15 134 2 16 43 01 1 04 43
15 135 0 16 35 00 1 06 35
15 136 1 12 26 01 1 05 26
15 137 2 07 19 02 1 04 19
15 138 0 16 35 00 1 06 35
15 139 1 04 72 05 1 05 72
15 140 2 06 52 00 1 05 52
15 141 0 13 75 01 1 06 75
15 142 1 02 51 02 1 05 51
15 143 2 08 39 03 1 05 39
15 144 0 08 69 06 1 06 69
15 145 1 01 67 03 1 05 67
15 146 2 16 43 01 1 05 43
15 147 0 15 22 03 1 06 22
15 148 1 16 14 00 1 05 14
15 149 2 07 19 02 0 05 38
15 150 0 02 59 04 1 06 59
15 151 1 02 51 02 1 06 51
15 152 2 14 29 05 1 05 29
15 153 0 05 50 05 1 06 50
15 154 1 04 72 05 1 06 72
15 155 2 04 30 04 1 05 30
15 156 0 00 64 02 1 06 64
15 157 1 12 26 01 1 06 26
15 158 2 07 19 02 1 05 19
15 159 0 02 59 04 1 07 59
15 160 1 08 21 04 1 06 21
15 161 2 16 43 01 1 05 43
15 162 0 10 53 07 0 07 51
15 163 1 09 13 06 1 06 13
15 164 2 06 52 00 0 05 39
15 165 0 00 64 02 1 07 64
15 166 1 01 67 03 1 06 67
15 167 2 08 39 03 1 05 39
15 168 0 05 50 05 1 07 50
15 169 1 16 14 00 1 06 14
15 170 2 04 30 04 1 05 30
15 171 0 16 35 00 1 07 35
15 172 1 06 12 07 1 07 12
15 173 2 14 29 05 1 05 29
15 174 0 08 69 06 1 07 69
15 175 1 04 72 05 1 07 72
15 176 2 06 52 00 1 05 52
15 177 0 15 22 03 1 07 22
15 178 1 08 21 04 1 07 21
15 179 2 04 30 04 1 05 30
15 180 0 13 75 01 1 07 75
15 181 1 16 14 00 1 07 14
15 182 2 16 43 01 1 05 43
15 183 0 15 22 03 1 07 22
15 184 1 12 26 01 1 07 26
15 185 2 08 39 03 1 05 39
15 186 0 13 75 01 1 07 75
15 187 1 02 51 02 1 07 51
15 188 2 14 29 05 1 05 29
15 189 0 10 53 07 1 07 53
15 190 1 01 67 03 1 07 67
15 191 2 07 19 02 1 05 19
15 192 0 16 35 00 1 07 35
15 193 1 09 13 06 1 07 13
15 194 2 06 52 00 1 06 52
15 195 0 05 50 05 1 07 50
15 196 1 06 12 07 1 08 12
15 197 2 07 19 02 1 06 19
15 198 0 02 59 04 1 07 59
15 199 1 12 26 01 1 08 26
15 200 2 08 39 03 1 06 39
15 201 0 08 69 06 1 07 69
15 202 1 04 72 05 1 08 72
15 203 2 00 36 06 0 06 32
15 204 0 00 64 02 1 07 64
15 205 1 01 67 03 1 08 67
15 206 2 16 43 01 1 06 43
15 207 0 13 75 01 1 08 75
15 208 1 09 13 06 1 08 13
15 209 2 14 29 05 1 06 29
15 210 0 10 53 07 0 08 52
15 211 1 00 79 08 0 08 73
15 212 2 04 30 04 1 06 30
15 213 0 08 69 06 1 08 69
15 214 1 08 21 04 1 08 21
15 215 2 16 43 01 1 06 43
15 216 0 16 35 00 1 08 35
15 217 1 16 14 00 1 08 14
15 218 2 00 36 06 1 06 36
15 219 0 15 22 03 1 08 22
15 220 1 02 51 02 1 08 51
15 221 2 14 29 05 1 06 29
15 222 0 02 59 04 1 08 59
15 223 1 09 13 06 1 08 13
15 224 2 07 19 02 1 06 19
15 225 0 05 50 05 1 08 50
15 226 1 02 51 02 1 08 51
15 227 2 08 39 03 1 06 39
15 228 0 00 64 02 1 08 64
15 229 1 16 14 00 1 08 14
15 230 2 06 52 00 0 06 39
15 231 0 04 55 08 1 08 55
15 232 1 08 21 04 1 08 21
15 233 2 04 30 04 1 06 30
15 234 0 16 35 00 1 08 35
15 235 1 06 12 07 1 08 12
15 236 2 00 36 06 1 06 36
15 237 0 04 55 08 1 08 55
15 238 1 00 79 08 1 08 79
15 239 2 16 43 01 1 06 43
15 240 0 05 50 05 1 08 50
15 241 1 04 72 05 1 08 72
15 242 2 08 39 03 1 06 39
15 243 0 02 59 04 1 08 59
15 244 1 01 67 03 1 08 67
15 245 2 07 19 02 1 06 19
15 246 0 13 75 01 1 08 75
15 247 1 12 26 01 1 08 26
15 248 2 14 29 05 1 06 29
15 249 0 10 53 07 1 08 53
15 250 1 00 79 08 1 09 79
15 251 2 04 30 04 1 06 30
15 252 0 15 22 03 1 08 22
15 253 1 08 21 04 1 09 21
15 254 2 06 52 00 0 06 39
15 255 0 08 69 06 1 08 69
15 256 1 01 67 03 1 09 67
15 257 2 07 19 02 1 06 19
15 258 0 00 64 02 1 08 64
15 259 1 16 14 00 1 09 14
15 260 2 06 52 00 0 06 39
15 261 0 13 75 01 1 09 75
15 262 1 07 74 09 1 09 74
15 263 2 16 43 01 1 06 43
15 264 0 16 35 00 1 09 35
15 265 1 04 72 05 1 09 72
15 266 2 00 36 06 1 06 36
15 267 0 01 25 09 1 09 25
15 268 1 12 26 01 1 09 26
15 269 2 08 39 03 1 06 39
15 270 0 02 59 04 1 09 59
15 271 1 06 12 07 1 09 12
15 272 2 14 29 05 1 06 29
15 273 0 15 22 03 1 09 22
15 274 1 09 13 06 1 09 13
15 275 2 04 30 04 1 06 30
15 276 0 05 50 05 1 09 50
15 277 1 02 51 02 1 09 51
15 278 2 08 39 03 1 06 39
15 279 0 08 69 06 1 09 69
15 280 1 07 74 09 1 10 74
15 281 2 04 30 04 1 06 30
15 282 0 04 55 08 1 09 55
15 283 1 06 12 07 1 10 12
15 284 2 07 19 02 1 06 19
15 285 0 10 53 07 1 09 53
15 286 1 04 72 05 1 10 72
15 287 2 06 52 00 1 06 52
15 288 0 00 64 02 1 09 64
15 289 1 02 51 02 1 10 51
15 290 2 00 36 06 1 06 36
15 291 0 08 69 06 1 10 69
15 292 1 01 67 03 1 10 67
15 293 2 16 43 01 1 06 43
15 294 0 02 59 04 1 10 59
15 295 1 08 21 04 1 10 21
15 296 2 14 29 05 1 06 29
15 297 0 13 75 01 1 10 75
15 298 1 12 26 01 1 10 26
15 299 2 16 43 01 1 07 43
