23 000 0 16 14 00 1 00 14
23 001 1 16 52 00 1 00 52
23 002 2 06 35 00 1 00 35
23 003 0 13 26 01 0 01 32
23 004 1 16 52 00 1 01 52
23 005 2 06 35 00 1 01 35
23 006 0 16 14 00 1 01 14
23 007 1 12 43 01 1 01 43
23 008 2 16 75 01 0 01 26
23 009 0 13 26 01 1 01 26
23 010 1 12 43 01 1 02 43
23 011 2 16 75 01 1 01 75
23 012 0 16 14 00 1 01 14
23 013 1 02 19 02 1 02 19
23 014 2 06 35 00 1 01 35
23 015 0 16 14 00 1 02 14
23 016 1 16 52 00 0 02 53
23 017 2 07 64 02 0 02 35
23 018 0 13 26 01 0 02 75
23 019 1 02 19 02 1 02 19
23 020 2 16 75 01 0 02 26
23 021 0 00 51 02 1 02 51
23 022 1 12 43 01 1 02 43
23 023 2 06 35 00 1 02 35
23 024 0 00 51 02 1 02 51
23 025 1 16 52 00 1 02 52
23 026 2 06 35 00 0 02 07
23 027 0 16 14 00 1 02 14
23 028 1 02 19 02 1 03 19
23 029 2 07 64 02 0 02 35
23 030 0 13 26 01 0 02 75
23 031 1 12 43 01 1 03 43
23 032 2 16 75 01 1 02 75
23 033 0 16 14 00 1 02 14
23 034 1 01 39 03 1 03 39
23 035 2 07 64 02 0 02 26
23 036 0 13 26 01 0 02 07
23 037 1 16 52 00 1 03 52
23 038 2 06 35 00 1 02 35
23 039 0 00 51 02 1 02 51
23 040 1 16 52 00 1 04 52
23 041 2 16 75 01 0 02 26
23 042 0 00 51 02 1 02 51
23 043 1 12 43 01 1 04 43
23 044 2 07 64 02 0 02 35
23 045 0 16 14 00 1 02 14
23 046 1 01 39 03 1 04 39
23 047 2 06 35 00 0 02 26
23 048 0 13 26 01 1 02 26
23 049 1 02 19 02 1 04 19
23 050 2 16 75 01 0 02 35
23 051 0 15 67 03 1 03 67
23 052 1 08 30 04 1 04 30
23 053 2 16 75 01 0 02 64
23 054 0 13 26 01 1 03 26
23 055 1 08 30 04 1 05 30
23 056 2 07 64 02 0 02 75
23 057 0 00 51 02 1 03 51
23 058 1 01 39 03 1 05 39
23 059 2 06 35 00 1 02 35
23 060 0 16 14 00 1 03 14
23 061 1 02 19 02 1 05 19
23 062 2 07 64 02 1 02 64
23 063 0 02 21 04 1 04 21
23 064 1 12 43 01 1 05 43
23 065 2 06 35 00 0 02 64
23 066 0 13 26 01 1 04 26
23 067 1 04 29 05 1 05 29
23 068 2 16 75 01 1 02 75
23 069 0 15 67 03 1 04 67
23 070 1 16 52 00 1 05 52
23 071 2 16 75 01 1 02 75
23 072 0 16 14 00 1 04 14
23 073 1 01 39 03 1 06 39
23 074 2 06 35 00 0 02 75
23 075 0 00 51 02 1 04 51
23 076 1 12 43 01 1 06 43
23 077 2 07 64 02 0 02 75
23 078 0 00 51 02 1 05 51
23 079 1 04 29 05 1 06 29
23 080 2 16 75 01 1 02 75
23 081 0 05 72 05 1 05 72
23 082 1 16 52 00 0 06 36
23 083 2 06 35 00 0 02 64
23 084 0 02 21 04 1 05 21
23 085 1 08 30 04 1 06 30
23 086 2 07 64 02 1 02 64
23 087 0 15 67 03 1 05 67
23 088 1 02 19 02 1 06 19
23 089 2 06 35 00 1 02 35
23 090 0 13 26 01 1 05 26
23 091 1 09 36 06 0 06 52
23 092 2 07 64 02 1 02 64
23 093 0 16 14 00 1 05 14
23 094 1 02 19 02 1 06 19
23 095 2 16 75 01 1 02 75
23 096 0 15 67 03 1 06 67
23 097 1 12 43 01 1 06 43
23 098 2 06 35 00 0 03 63
23 099 0 16 14 00 1 06 14
23 100 1 04 29 05 1 06 29
23 101 2 08 22 03 1 03 22
23 102 0 08 13 06 1 06 13
23 103 1 08 30 04 1 06 30
23 104 2 16 75 01 1 03 75
23 105 0 13 26 01 1 06 26
23 106 1 16 52 00 1 06 52
23 107 2 07 64 02 1 03 64
23 108 0 02 21 04 1 06 21
23 109 1 01 39 03 1 06 39
23 110 2 07 64 02 1 03 64
23 111 0 00 51 02 1 06 51
23 112 1 09 36 06 0 06 52
23 113 2 16 75 01 1 03 75
23 114 0 05 72 05 1 06 72
23 115 1 09 36 06 1 06 36
23 116 2 08 22 03 1 03 22
23 117 0 16 14 00 1 07 14
23 118 1 04 29 05 1 06 29
23 119 2 06 35 00 1 03 35
23 120 0 00 51 02 1 07 51
23 121 1 16 52 00 1 06 52
23 122 2 16 75 01 0 04 64
23 123 0 10 12 07 0 07 60
23 124 1 02 19 02 1 06 19
23 125 2 07 64 02 0 04 35
23 126 0 15 67 03 0 07 23
23 127 1 08 30 04 1 06 30
23 128 2 08 22 03 1 04 22
23 129 0 05 72 05 1 07 72
23 130 1 01 39 03 1 06 39
23 131 2 04 59 04 1 04 59
23 132 0 13 26 01 1 07 26
23 133 1 12 43 01 1 06 43
23 134 2 06 35 00 1 04 35
23 135 0 02 21 04 1 07 21
23 136 1 01 39 03 1 07 39
23 137 2 16 75 01 0 04 74
23 138 0 08 13 06 1 07 13
23 139 1 04 29 05 1 07 29
23 140 2 07 64 02 0 04 35
23 141 0 10 12 07 1 07 12
23 142 1 08 30 04 1 07 30
23 143 2 06 35 00 1 04 35
23 144 0 05 72 05 1 07 72
23 145 1 12 43 01 1 07 43
23 146 2 04 59 04 1 04 59
23 147 0 13 26 01 1 07 26
23 148 1 06 16 07 1 07 16
23 149 2 08 22 03 1 04 22
23 150 0 02 21 04 1 07 21
23 151 1 16 52 00 1 07 52
23 152 2 16 75 01 1 04 75
23 153 0 16 14 00 1 07 14
23 154 1 09 36 06 1 07 36
23 155 2 08 22 03 1 04 22
23 156 0 15 67 03 1 07 67
23 157 1 02 19 02 1 07 19
23 158 2 07 64 02 1 04 64
23 159 0 00 51 02 1 07 51
23 160 1 12 43 01 1 08 43
23 161 2 06 35 00 1 04 35
23 162 0 08 13 06 1 07 13
23 163 1 01 39 03 1 08 39
23 164 2 04 59 04 1 04 59
23 165 0 10 12 07 0 08 59
23 166 1 04 29 05 1 08 29
23 167 2 04 59 04 1 05 59
23 168 0 16 14 00 1 08 14
23 169 1 02 19 02 1 08 19
23 170 2 16 75 01 1 05 75
23 171 0 05 72 05 1 08 72
23 172 1 16 52 00 1 08 52
23 173 2 08 22 03 1 05 22
23 174 0 02 21 04 1 08 21
23 175 1 08 30 04 1 08 30
23 176 2 07 64 02 1 05 64
23 177 0 04 79 08 0 08 69
23 178 1 00 60 08 0 08 50
23 179 2 14 50 05 0 05 59
23 180 0 15 67 03 1 08 67
23 181 1 09 36 06 1 08 36
23 182 2 06 35 00 1 05 35
23 183 0 00 51 02 1 08 51
23 184 1 06 16 07 1 08 16
23 185 2 16 75 01 1 05 75
23 186 0 13 26 01 1 08 26
23 187 1 04 29 05 1 08 29
23 188 2 14 50 05 1 05 50
23 189 0 08 13 06 1 08 13
23 190 1 12 43 01 1 08 43
23 191 2 04 59 04 1 05 59
23 192 0 08 13 06 1 08 13
23 193 1 08 30 04 1 08 30
23 194 2 06 35 00 1 05 35
23 195 0 15 67 03 1 08 67
23 196 1 02 19 02 1 08 19
23 197 2 07 64 02 1 05 64
23 198 0 10 12 07 1 08 12
23 199 1 01 39 03 1 08 39
23 200 2 08 22 03 1 05 22
23 201 0 02 21 04 1 08 21
23 202 1 16 52 00 1 08 52
23 203 2 06 35 00 1 06 35
23 204 0 00 51 02 1 08 51
23 205 1 06 16 07 1 08 16
23 206 2 04 59 04 1 06 59
23 207 0 04 79 08 0 08 60
23 208 1 09 36 06 1 08 36
23 209 2 00 69 06 1 06 69
23 210 0 13 26 01 1 08 26
23 211 1 00 60 08 1 08 60
23 212 2 16 75 01 1 06 75
23 213 0 05 72 05 1 08 72
23 214 1 16 52 00 1 09 52
23 215 2 07 64 02 1 06 64
23 216 0 16 14 00 1 08 14
23 217 1 08 30 04 1 09 30
23 218 2 14 50 05 1 06 50
23 219 0 15 67 03 1 08 67
23 220 1 01 39 03 1 09 39
23 221 2 08 22 03 1 06 22
23 222 0 13 26 01 1 08 26
23 223 1 02 19 02 1 09 19
23 224 2 16 75 01 1 07 75
23 225 0 04 79 08 1 08 79
23 226 1 09 36 06 1 09 36
23 227 2 09 53 07 1 07 53
23 228 0 16 14 00 1 08 14
23 229 1 12 43 01 1 09 43
23 230 2 07 64 02 1 07 64
23 231 0 02 21 04 1 08 21
23 232 1 04 29 05 1 09 29
23 233 2 04 59 04 1 07 59
23 234 0 05 72 05 1 08 72
23 235 1 07 49 09 1 09 49
23 236 2 08 22 03 1 07 22
23 237 0 08 13 06 1 08 13
23 238 1 00 60 08 1 09 60
23 239 2 00 69 06 1 07 69
23 240 0 10 12 07 1 08 12
23 241 1 06 16 07 1 09 16
23 242 2 14 50 05 1 07 50
23 243 0 00 51 02 1 08 51
23 244 1 10 78 10 1 10 78
23 245 2 06 35 00 1 07 35
23 246 0 04 79 08 1 09 79
23 247 1 06 16 07 1 10 16
23 248 2 10 55 08 1 08 55
23 249 0 10 12 07 0 09 30
23 250 1 09 36 06 1 10 36
23 251 2 06 35 00 1 08 35
23 252 0 13 26 01 1 09 26
23 253 1 01 39 03 1 10 39
23 254 2 07 64 02 1 08 64
23 255 0 01 74 09 1 09 74
23 256 1 02 19 02 1 10 19
23 257 2 16 75 01 1 08 75
23 258 0 05 72 05 1 09 72
23 259 1 07 49 09 1 10 49
23 260 2 04 59 04 1 08 59
23 261 0 15 67 03 1 09 67
23 262 1 04 29 05 1 10 29
23 263 2 08 22 03 1 08 22
23 264 0 16 14 00 1 09 14
23 265 1 12 43 01 1 10 43
23 266 2 09 53 07 0 08 67
23 267 0 00 51 02 1 09 51
23 268 1 16 52 00 1 10 52
23 269 2 14 50 05 1 08 50
23 270 0 08 13 06 1 09 13
23 271 1 00 60 08 1 10 60
23 272 2 00 69 06 0 08 65
23 273 0 02 21 04 1 09 21
23 274 1 08 30 04 0 10 39
23 275 2 10 55 08 1 08 55
23 276 0 15 67 03 1 09 67
23 277 1 07 49 09 1 10 49
23 278 2 04 59 04 1 08 59
23 279 0 08 13 06 1 09 13
23 280 1 06 16 07 1 10 16
23 281 2 00 69 06 1 08 69
23 282 0 00 51 02 1 09 51
23 283 1 02 19 02 1 10 19
23 284 2 08 22 03 1 08 22
23 285 0 02 21 04 1 09 21
23 286 1 08 30 04 1 10 30
23 287 2 06 35 00 1 08 35
23 288 0 13 26 01 1 09 26
23 289 1 12 43 01 1 10 43
23 290 2 14 50 05 1 08 50
23 291 0 05 72 05 1 09 72
23 292 1 01 39 03 1 10 39
23 293 2 07 64 02 1 08 64
23 294 0 10 12 07 1 09 12
23 295 1 16 52 00 0 10 36
23 296 2 09 53 07 1 08 53
23 297 0 16 14 00 1 09 14
23 298 1 04 29 05 1 10 29
23 299 2 16 75 01 1 08 75
