18 000 0 16 35 00 0 00 19
18 001 1 16 14 00 1 00 14
18 002 2 06 52 00 1 00 52
18 003 0 16 35 00 0 00 52
18 004 1 16 14 00 0 01 52
18 005 2 16 43 01 0 01 52
18 006 0 16 35 00 0 00 23
18 007 1 12 26 01 0 01 52
18 008 2 06 52 00 0 01 14
18 009 0 16 35 00 1 00 35
18 010 1 16 14 00 0 01 26
18 011 2 06 52 00 1 01 52
18 012 0 13 75 01 1 01 75
18 013 1 12 26 01 0 01 14
18 014 2 16 43 01 0 01 14
18 015 0 16 35 00 1 01 35
18 016 1 16 14 00 1 01 14
18 017 2 06 52 00 1 01 52
18 018 0 16 35 00 1 02 35
18 019 1 12 26 01 0 01 57
18 020 2 16 43 01 0 01 14
18 021 0 13 75 01 0 02 57
18 022 1 16 14 00 1 01 14
18 023 2 16 43 01 0 01 26
18 024 0 00 64 02 0 02 75
18 025 1 12 26 01 0 01 43
18 026 2 06 52 00 1 01 52
18 027 0 00 64 02 1 02 64
18 028 1 12 26 01 0 01 14
18 029 2 16 43 01 0 01 14
18 030 0 16 35 00 1 02 35
18 031 1 16 14 00 1 01 14
18 032 2 06 52 00 1 01 52
18 033 0 13 75 01 1 02 75
18 034 1 16 14 00 1 01 14
18 035 2 06 52 00 1 01 52
18 036 0 13 75 01 1 03 75
18 037 1 12 26 01 1 01 26
18 038 2 16 43 01 1 01 43
18 039 0 16 35 00 1 03 35
18 040 1 16 14 00 1 02 14
18 041 2 16 43 01 0 02 26
18 042 0 00 64 02 0 03 75
18 043 1 12 26 01 1 02 26
18 044 2 07 19 02 1 02 19
18 045 0 15 22 03 1 03 22
18 046 1 02 51 02 1 02 51
18 047 2 06 52 00 1 02 52
18 048 0 00 64 02 1 03 64
18 049 1 01 67 03 1 03 67
18 050 2 06 52 00 1 02 52
18 051 0 16 35 00 1 03 35
18 052 1 02 51 02 1 03 51
18 053 2 16 43 01 1 02 43
18 054 0 13 75 01 0 03 64
18 055 1 16 14 00 1 03 14
18 056 2 07 19 02 1 02 19
18 057 0 15 22 03 1 03 22
18 058 1 12 26 01 1 03 26
18 059 2 08 39 03 1 03 39
18 060 0 13 75 01 1 03 75
18 061 1 12 26 01 1 04 26
18 062 2 16 43 01 1 03 43
18 063 0 15 22 03 1 03 22
18 064 1 08 21 04 1 04 21
18 065 2 07 19 02 1 03 19
18 066 0 00 64 02 1 03 64
18 067 1 16 14 00 1 04 14
18 068 2 06 52 00 1 03 52
18 069 0 16 35 00 1 03 35
18 070 1 02 51 02 1 04 51
18 071 2 04 30 04 1 04 30
18 072 0 15 22 03 1 04 22
18 073 1 01 67 03 1 04 67
18 074 2 08 39 03 1 04 39
18 075 0 00 64 02 1 04 64
18 076 1 02 51 02 1 05 51
18 077 2 07 19 02 1 04 19
18 078 0 16 35 00 1 04 35
18 079 1 01 67 03 1 05 67
18 080 2 16 43 01 0 04 56
18 081 0 02 59 04 1 04 59
18 082 1 04 72 05 1 05 72
18 083 2 06 52 00 1 04 52
18 084 0 13 75 01 1 04 75
18 085 1 08 21 04 1 05 21
18 086 2 06 52 00 1 04 52
18 087 0 05 50 05 1 05 50
18 088 1 12 26 01 1 05 26
18 089 2 07 19 02 1 04 19
18 090 0 02 59 04 1 05 59
18 091 1 16 14 00 1 05 14
18 092 2 08 39 03 0 04 51
18 093 0 15 22 03 1 05 22
18 094 1 01 67 03 1 06 67
18 095 2 16 43 01 0 04 23
18 096 0 00 64 02 0 05 75
18 097 1 02 51 02 1 06 51
18 098 2 04 30 04 1 04 30
18 099 0 13 75 01 0 05 43
18 100 1 09 13 06 0 06 19
18 101 2 16 43 01 1 04 43
18 102 0 16 35 00 1 05 35
18 103 1 12 26 01 1 06 26
18 104 2 04 30 04 1 04 30
18 105 0 15 22 03 1 05 22
18 106 1 04 72 05 1 06 72
18 107 2 08 39 03 1 04 39
18 108 0 02 59 04 1 05 59
18 109 1 08 21 04 1 06 21
18 110 2 06 52 00 1 04 52
18 111 0 16 35 00 1 05 35
18 112 1 16 14 00 0 06 26
18 113 2 07 19 02 0 04 39
18 114 0 13 75 01 1 05 75
18 115 1 16 14 00 1 06 14
18 116 2 04 30 04 1 04 30
18 117 0 00 64 02 0 05 22
18 118 1 09 13 06 0 06 19
18 119 2 06 52 00 1 04 52
18 120 0 05 50 05 1 05 50
18 121 1 04 72 05 1 06 72
18 122 2 07 19 02 0 04 39
18 123 0 15 22 03 1 05 22
18 124 1 01 67 03 1 06 67
18 125 2 16 43 01 0 04 19
18 126 0 02 59 04 1 05 59
18 127 1 12 26 01 1 06 26
18 128 2 08 39 03 0 04 19
18 129 0 16 35 00 1 05 35
18 130 1 08 21 04 1 06 21
18 131 2 08 39 03 1 04 39
18 132 0 00 64 02 1 05 64
18 133 1 02 51 02 1 06 51
18 134 2 04 30 04 1 04 30
18 135 0 13 75 01 1 05 75
18 136 1 08 21 04 1 06 21
18 137 2 16 43 01 0 04 39
18 138 0 05 50 05 1 05 50
18 139 1 02 51 02 1 06 51
18 140 2 07 19 02 1 04 19
18 141 0 08 69 06 1 06 69
18 142 1 09 13 06 0 06 19
18 143 2 06 52 00 1 04 52
18 144 0 00 64 02 1 06 64
18 145 1 16 14 00 1 06 14
18 146 2 04 30 04 1 04 30
18 147 0 02 59 04 1 06 59
18 148 1 12 26 01 1 06 26
18 149 2 07 19 02 1 04 19
18 150 0 13 75 01 1 06 75
18 151 1 01 67 03 1 06 67
18 152 2 16 43 01 1 04 43
18 153 0 05 50 05 1 06 50
18 154 1 04 72 05 1 06 72
18 155 2 08 39 03 1 04 39
18 156 0 15 22 03 1 06 22
18 157 1 04 72 05 1 06 72
18 158 2 06 52 00 1 04 52
18 159 0 16 35 00 1 06 35
18 160 1 01 67 03 1 06 67
18 161 2 06 52 00 1 05 52
18 162 0 08 69 06 1 07 69
18 163 1 08 21 04 1 06 21
18 164 2 16 43 01 0 05 19
18 165 0 13 75 01 1 07 75
18 166 1 02 51 02 1 06 51
18 167 2 04 30 04 1 05 30
18 168 0 00 64 02 1 07 64
18 169 1 16 14 00 0 06 43
18 170 2 14 29 05 1 05 29
18 171 0 02 59 04 1 07 59
18 172 1 12 26 01 1 06 26
18 173 2 08 39 03 0 05 19
18 174 0 10 53 07 0 07 64
18 175 1 09 13 06 1 06 13
18 176 2 07 19 02 1 05 19
18 177 0 15 22 03 1 07 22
18 178 1 16 14 00 1 06 14
18 179 2 16 43 01 0 05 39
18 180 0 16 35 00 0 07 64
18 181 1 12 26 01 1 06 26
18 182 2 08 39 03 1 05 39
18 183 0 05 50 05 1 07 50
18 184 1 01 67 03 1 06 67
18 185 2 06 52 00 1 05 52
18 186 0 00 64 02 1 07 64
18 187 1 08 21 04 1 06 21
18 188 2 07 19 02 1 05 19
18 189 0 13 75 01 1 07 75
18 190 1 02 51 02 1 06 51
18 191 2 14 29 05 1 05 29
18 192 0 15 22 03 1 07 22
18 193 1 09 13 06 1 06 13
18 194 2 04 30 04 1 05 30
18 195 0 02 59 04 1 07 59
18 196 1 04 72 05 1 06 72
18 197 2 14 29 05 0 05 59
18 198 0 08 69 06 1 07 69
18 199 1 01 67 03 1 07 67
18 200 2 04 30 04 1 05 30
18 201 0 10 53 07 0 07 63
18 202 1 02 51 02 1 07 51
18 203 2 16 43 01 0 05 19
18 204 0 05 50 05 1 07 50
18 205 1 04 72 05 1 07 72
18 206 2 08 39 03 0 05 19
18 207 0 16 35 00 1 07 35
18 208 1 16 14 00 1 07 14
18 209 2 06 52 00 1 05 52
18 210 0 13 75 01 1 07 75
18 211 1 09 13 06 1 07 13
18 212 2 07 19 02 1 05 19
18 213 0 10 53 07 1 07 53
18 214 1 12 26 01 1 07 26
18 215 2 08 39 03 1 05 39
18 216 0 15 22 03 1 07 22
18 217 1 06 12 07 1 07 12
18 218 2 16 43 01 0 05 19
18 219 0 00 64 02 1 07 64
18 220 1 08 21 04 1 07 21
18 221 2 06 52 00 1 05 52
18 222 0 08 69 06 1 07 69
18 223 1 06 12 07 1 08 12
18 224 2 14 29 05 0 05 53
18 225 0 02 59 04 1 07 59
18 226 1 09 13 06 1 08 13
18 227 2 07 19 02 1 05 19
18 228 0 05 50 05 1 07 50
18 229 1 00 79 08 1 08 79
18 230 2 04 30 04 1 05 30
18 231 0 16 35 00 1 07 35
18 232 1 08 21 04 1 08 21
18 233 2 04 30 04 1 05 30
18 234 0 16 35 00 1 08 35
18 235 1 01 67 03 1 08 67
18 236 2 14 29 05 1 05 29
18 237 0 04 55 08 1 08 55
18 238 1 12 26 01 1 08 26
18 239 2 08 39 03 0 05 53
18 240 0 10 53 07 1 08 53
18 241 1 02 51 02 1 08 51
18 242 2 06 52 00 1 05 52
18 243 0 08 69 06 1 08 69
18 244 1 16 14 00 1 08 14
18 245 2 07 19 02 1 05 19
18 246 0 02 59 04 1 08 59
18 247 1 04 72 05 1 08 72
18 248 2 16 43 01 1 05 43
18 249 0 00 64 02 1 08 64
18 250 1 04 72 05 1 09 72
18 251 2 08 39 03 0 05 52
18 252 0 13 75 01 1 08 75
18 253 1 02 51 02 1 09 51
18 254 2 07 19 02 1 05 19
18 255 0 05 50 05 1 08 50
18 256 1 09 13 06 1 09 13
18 257 2 06 52 00 1 05 52
18 258 0 15 22 03 1 08 22
18 259 1 01 67 03 1 09 67
18 260 2 16 43 01 0 05 39
18 261 0 01 25 09 1 09 25
18 262 1 06 12 07 1 09 12
18 263 2 04 30 04 1 05 30
18 264 0 16 35 00 1 09 35
18 265 1 08 21 04 1 09 21
18 266 2 14 29 05 1 05 29
18 267 0 04 55 08 1 09 55
18 268 1 07 74 09 1 09 74
18 269 2 07 19 02 1 05 19
18 270 0 13 75 01 1 09 75
18 271 1 16 14 00 1 09 14
18 272 2 04 30 04 1 05 30
18 273 0 08 69 06 1 09 69
18 274 1 00 79 08 1 09 79
18 275 2 14 29 05 1 05 29
18 276 0 10 53 07 1 09 53
18 277 1 12 26 01 1 09 26
18 278 2 08 39 03 0 05 59
18 279 0 02 59 04 1 09 59
18 280 1 00 79 08 1 10 79
18 281 2 06 52 00 1 05 52
18 282 0 15 22 03 1 09 22
18 283 1 04 72 05 1 10 72
18 284 2 16 43 01 0 05 19
18 285 0 00 64 02 1 09 64
18 286 1 12 26 01 1 10 26
18 287 2 04 30 04 1 05 30
18 288 0 05 50 05 1 09 50
18 289 1 16 14 00 1 10 14
18 290 2 16 43 01 0 05 19
18 291 0 10 53 07 1 10 53
18 292 1 07 74 09 1 10 74
18 293 2 08 39 03 1 05 39
18 294 0 15 22 03 1 10 22
18 295 1 09 13 06 1 10 13
18 296 2 07 19 02 1 05 19
18 297 0 02 59 04 1 10 59
18 298 1 02 51 02 1 10 51
18 299 2 14 29 05 1 05 29
