21 000 0 16 35 00 0 00 41
21 001 1 16 14 00 1 00 14
21 002 2 06 52 00 1 00 52
21 003 0 16 35 00 1 00 35
21 004 1 16 14 00 1 01 14
21 005 2 16 43 01 0 01 41
21 006 0 13 75 01 1 01 75
21 007 1 12 26 01 0 01 52
21 008 2 06 52 00 1 01 52
21 009 0 16 35 00 1 01 35
21 010 1 16 14 00 1 01 14
21 011 2 06 52 00 1 01 52
21 012 0 00 64 02 1 02 64
21 013 1 12 26 01 0 01 43
21 014 2 16 43 01 1 01 43
21 015 0 13 75 01 1 02 75
21 016 1 16 14 00 1 01 14
21 017 2 07 19 02 1 02 19
21 018 0 16 35 00 1 02 35
21 019 1 12 26 01 1 01 26
21 020 2 06 52 00 1 02 52
21 021 0 13 75 01 1 03 75
21 022 1 12 26 01 1 02 26
21 023 2 16 43 01 1 02 43
21 024 0 16 35 00 0 03 52
21 025 1 02 51 02 0 02 52
21 026 2 08 39 03 0 03 19
21 027 0 00 64 02 1 03 64
21 028 1 16 14 00 1 02 14
21 029 2 16 43 01 0 03 51
21 030 0 15 22 03 0 03 39
21 031 1 16 14 00 1 02 14
21 032 2 06 52 00 1 03 52
21 033 0 15 22 03 1 03 22
21 034 1 12 26 01 0 02 35
21 035 2 07 19 02 1 03 19
21 036 0 00 64 02 1 03 64
21 037 1 02 51 02 1 02 51
21 038 2 08 39 03 0 03 52
21 039 0 13 75 01 1 03 75
21 040 1 16 14 00 1 02 14
21 041 2 07 19 02 1 03 19
21 042 0 16 35 00 0 03 32
21 043 1 12 26 01 1 02 26
21 044 2 06 52 00 1 03 52
21 045 0 16 35 00 1 03 35
21 046 1 02 51 02 1 02 51
21 047 2 16 43 01 0 03 39
21 048 0 15 22 03 0 03 64
21 049 1 02 51 02 0 03 52
21 050 2 06 52 00 1 03 52
21 051 0 13 75 01 0 03 19
21 052 1 01 67 03 1 03 67
21 053 2 16 43 01 0 03 22
21 054 0 00 64 02 1 03 64
21 055 1 12 26 01 1 03 26
21 056 2 07 19 02 1 03 19
21 057 0 00 64 02 1 03 64
21 058 1 16 14 00 1 03 14
21 059 2 08 39 03 0 03 52
21 060 0 15 22 03 1 03 22
21 061 1 12 26 01 1 03 26
21 062 2 08 39 03 1 03 39
21 063 0 13 75 01 1 03 75
21 064 1 16 14 00 1 03 14
21 065 2 06 52 00 1 03 52
21 066 0 16 35 00 1 03 35
21 067 1 02 51 02 1 03 51
21 068 2 07 19 02 1 03 19
21 069 0 00 64 02 1 04 64
21 070 1 01 67 03 1 03 67
21 071 2 16 43 01 1 03 43
21 072 0 02 59 04 0 04 21
21 073 1 16 14 00 1 04 14
21 074 2 06 52 00 1 04 52
21 075 0 15 22 03 1 04 22
21 076 1 02 51 02 1 04 51
21 077 2 16 43 01 1 04 43
21 078 0 16 35 00 1 04 35
21 079 1 01 67 03 1 04 67
21 080 2 04 30 04 1 04 30
21 081 0 13 75 01 1 04 75
21 082 1 08 21 04 1 04 21
21 083 2 07 19 02 1 04 19
21 084 0 02 59 04 1 04 59
21 085 1 12 26 01 1 04 26
21 086 2 08 39 03 1 04 39
21 087 0 16 35 00 1 04 35
21 088 1 16 14 00 1 05 14
21 089 2 06 52 00 1 05 52
21 090 0 13 75 01 1 04 75
21 091 1 12 26 01 1 05 26
21 092 2 04 30 04 1 05 30
21 093 0 00 64 02 1 04 64
21 094 1 04 72 05 0 05 71
21 095 2 16 43 01 1 05 43
21 096 0 15 22 03 0 04 64
21 097 1 02 51 02 1 05 51
21 098 2 07 19 02 0 05 39
21 099 0 15 22 03 1 04 22
21 100 1 01 67 03 1 05 67
21 101 2 14 29 05 1 05 29
21 102 0 02 59 04 1 04 59
21 103 1 08 21 04 1 05 21
21 104 2 08 39 03 1 05 39
21 105 0 00 64 02 1 04 64
21 106 1 16 14 00 1 05 14
21 107 2 16 43 01 1 05 43
21 108 0 16 35 00 1 04 35
21 109 1 04 72 05 1 05 72
21 110 2 06 52 00 1 05 52
21 111 0 13 75 01 1 04 75
21 112 1 01 67 03 1 05 67
21 113 2 07 19 02 1 05 19
21 114 0 05 50 05 1 05 50
21 115 1 12 26 01 1 05 26
21 116 2 08 39 03 1 05 39
21 117 0 13 75 01 1 05 75
21 118 1 02 51 02 1 05 51
21 119 2 14 29 05 1 05 29
21 120 0 00 64 02 1 05 64
21 121 1 08 21 04 1 05 21
21 122 2 04 30 04 1 05 30
21 123 0 02 59 04 0 05 50
21 124 1 09 13 06 1 06 13
21 125 2 06 52 00 1 06 52
21 126 0 16 35 00 1 05 35
21 127 1 12 26 01 1 06 26
21 128 2 16 43 01 1 06 43
21 129 0 15 22 03 1 05 22
21 130 1 02 51 02 1 06 51
21 131 2 00 36 06 1 06 36
21 132 0 16 35 00 1 05 35
21 133 1 04 72 05 1 06 72
21 134 2 07 19 02 1 06 19
21 135 0 15 22 03 1 05 22
21 136 1 01 67 03 1 06 67
21 137 2 04 30 04 1 06 30
21 138 0 13 75 01 1 05 75
21 139 1 08 21 04 1 06 21
21 140 2 14 29 05 1 06 29
21 141 0 05 50 05 1 05 50
21 142 1 16 14 00 1 06 14
21 143 2 08 39 03 1 06 39
21 144 0 02 59 04 0 05 50
21 145 1 09 13 06 1 07 13
21 146 2 07 19 02 1 07 19
21 147 0 00 64 02 1 05 64
21 148 1 06 12 07 1 07 12
21 149 2 04 30 04 1 07 30
21 150 0 05 50 05 0 05 59
21 151 1 01 67 03 1 07 67
21 152 2 06 52 00 1 07 52
21 153 0 13 75 01 1 05 75
21 154 1 02 51 02 1 07 51
21 155 2 00 36 06 0 07 29
21 156 0 16 35 00 1 05 35
21 157 1 08 21 04 1 07 21
21 158 2 16 43 01 1 07 43
21 159 0 15 22 03 1 05 22
21 160 1 16 14 00 1 07 14
21 161 2 09 16 07 1 07 16
21 162 0 00 64 02 1 05 64
21 163 1 12 26 01 1 07 26
21 164 2 14 29 05 1 07 29
21 165 0 02 59 04 1 05 59
21 166 1 04 72 05 1 07 72
21 167 2 08 39 03 1 07 39
21 168 0 15 22 03 1 05 22
21 169 1 01 67 03 1 08 67
21 170 2 09 16 07 1 07 16
21 171 0 02 59 04 0 05 21
21 172 1 06 12 07 1 08 12
21 173 2 00 36 06 0 07 26
21 174 0 13 75 01 1 05 75
21 175 1 00 79 08 1 08 79
21 176 2 14 29 05 1 07 29
21 177 0 00 64 02 1 05 64
21 178 1 02 51 02 1 08 51
21 179 2 06 52 00 1 07 52
21 180 0 05 50 05 1 05 50
21 181 1 16 14 00 1 08 14
21 182 2 16 43 01 1 07 43
21 183 0 16 35 00 0 05 02
21 184 1 04 72 05 1 08 72
21 185 2 08 39 03 1 07 39
21 186 0 16 35 00 1 05 35
21 187 1 08 21 04 1 08 21
21 188 2 07 19 02 1 07 19
21 189 0 15 22 03 1 05 22
21 190 1 09 13 06 1 08 13
21 191 2 04 30 04 1 07 30
21 192 0 00 64 02 1 05 64
21 193 1 12 26 01 1 08 26
21 194 2 14 29 05 1 07 29
21 195 0 13 75 01 1 05 75
21 196 1 01 67 03 1 09 67
21 197 2 00 36 06 0 07 39
21 198 0 02 59 04 0 05 50
21 199 1 16 14 00 1 09 14
21 200 2 07 19 02 1 07 19
21 201 0 05 50 05 1 05 50
21 202 1 06 12 07 1 09 12
21 203 2 16 43 01 1 07 43
21 204 0 16 35 00 1 05 35
21 205 1 08 21 04 1 09 21
21 206 2 04 30 04 1 07 30
21 207 0 02 59 04 1 05 59
21 208 1 12 26 01 0 09 25
21 209 2 06 52 00 0 07 39
21 210 0 00 64 02 1 05 64
21 211 1 00 79 08 1 09 79
21 212 2 08 39 03 1 07 39
21 213 0 15 22 03 1 05 22
21 214 1 09 13 06 1 09 13
21 215 2 09 16 07 1 07 16
21 216 0 13 75 01 1 05 75
21 217 1 02 51 02 1 09 51
21 218 2 14 29 05 1 07 29
21 219 0 05 50 05 0 05 59
21 220 1 07 74 09 1 09 74
21 221 2 06 52 00 1 07 52
21 222 0 13 75 01 1 05 75
21 223 1 04 72 05 1 09 72
21 224 2 00 36 06 1 07 36
21 225 0 15 22 03 1 05 22
21 226 1 16 14 00 1 09 14
21 227 2 04 30 04 1 07 30
21 228 0 05 50 05 1 05 50
21 229 1 12 26 01 1 09 26
21 230 2 08 39 03 1 07 39
21 231 0 00 64 02 1 05 64
21 232 1 00 79 08 1 09 79
21 233 2 07 19 02 1 07 19
21 234 0 02 59 04 0 05 50
21 235 1 04 72 05 1 09 72
21 236 2 09 16 07 1 07 16
21 237 0 16 35 00 1 05 35
21 238 1 09 13 06 1 09 13
21 239 2 16 43 01 1 07 43
21 240 0 16 35 00 1 05 35
21 241 1 08 21 04 1 09 21
21 242 2 14 29 05 0 08 39
21 243 0 13 75 01 1 05 75
21 244 1 07 74 09 1 09 74
21 245 2 06 52 00 1 08 52
21 246 0 05 50 05 1 05 50
21 247 1 01 67 03 1 09 67
21 248 2 10 60 08 1 08 60
21 249 0 00 64 02 1 05 64
21 250 1 02 51 02 1 09 51
21 251 2 09 16 07 1 08 16
21 252 0 02 59 04 1 05 59
21 253 1 06 12 07 1 09 12
21 254 2 04 30 04 1 08 30
21 255 0 15 22 03 1 05 22
21 256 1 04 72 05 1 10 72
21 257 2 07 19 02 1 08 19
21 258 0 08 69 06 1 06 69
21 259 1 07 74 09 1 10 74
21 260 2 00 36 06 0 08 39
21 261 0 00 64 02 1 06 64
21 262 1 10 62 10 1 10 62
21 263 2 08 39 03 1 08 39
21 264 0 02 59 04 1 06 59
21 265 1 12 26 01 1 10 26
21 266 2 16 43 01 1 08 43
21 267 0 16 35 00 1 06 35
21 268 1 02 51 02 1 10 51
21 269 2 09 16 07 1 08 16
21 270 0 05 50 05 1 06 50
21 271 1 01 67 03 1 10 67
21 272 2 10 60 08 1 08 60
21 273 0 15 22 03 1 06 22
21 274 1 00 79 08 1 10 79
21 275 2 00 36 06 1 08 36
21 276 0 13 75 01 1 06 75
21 277 1 16 14 00 1 10 14
21 278 2 08 39 03 1 08 39
21 279 0 10 53 07 1 07 53
21 280 1 09 13 06 1 10 13
21 281 2 06 52 00 1 08 52
21 282 0 15 22 03 1 07 22
21 283 1 08 21 04 1 10 21
21 284 2 16 43 01 1 08 43
21 285 0 05 50 05 1 07 50
21 286 1 06 12 07 1 10 12
21 287 2 14 29 05 1 08 29
21 288 0 13 75 01 1 07 75
21 289 1 04 72 05 1 11 72
21 290 2 07 19 02 1 08 19
21 291 0 00 64 02 1 07 64
21 292 1 02 51 02 1 11 51
21 293 2 04 30 04 1 08 30
21 294 0 08 69 06 1 07 69
21 295 1 14 31 11 1 11 31
21 296 2 16 43 01 1 09 43
21 297 0 16 35 00 1 07 35
21 298 1 16 14 00 1 11 14
21 299 2 03 49 09 0 09 41
