16 000 0 16 52 00 1 00 52
16 001 1 16 35 00 1 00 35
16 002 2 06 14 00 0 00 00
16 003 0 13 43 01 0 01 00
16 004 1 16 35 00 1 01 35
16 005 2 06 14 00 1 00 14
16 006 0 16 52 00 1 01 52
16 007 1 12 75 01 0 01 72
16 008 2 16 26 01 0 01 35
16 009 0 13 43 01 0 01 15
16 010 1 12 75 01 1 01 75
16 011 2 06 14 00 1 01 14
16 012 0 16 52 00 0 01 35
16 013 1 16 35 00 1 01 35
16 014 2 06 14 00 1 01 14
16 015 0 13 43 01 0 01 26
16 016 1 12 75 01 1 02 75
16 017 2 16 26 01 1 01 26
16 018 0 16 52 00 0 01 00
16 019 1 02 64 02 1 02 64
16 020 2 06 14 00 1 02 14
16 021 0 13 43 01 1 01 43
16 022 1 16 35 00 1 02 35
16 023 2 16 26 01 1 02 26
16 024 0 16 52 00 1 01 52
16 025 1 16 35 00 1 03 35
16 026 2 07 51 02 0 02 52
16 027 0 16 52 00 1 02 52
16 028 1 01 22 03 1 03 22
16 029 2 07 51 02 1 02 51
16 030 0 13 43 01 1 02 43
16 031 1 02 64 02 0 03 71
16 032 2 06 14 00 1 02 14
16 033 0 00 19 02 1 02 19
16 034 1 12 75 01 1 03 75
16 035 2 16 26 01 1 02 26
16 036 0 15 39 03 1 03 39
16 037 1 16 35 00 0 03 43
16 038 2 07 51 02 1 03 51
16 039 0 00 19 02 1 03 19
16 040 1 12 75 01 1 03 75
16 041 2 16 26 01 1 03 26
16 042 0 16 52 00 1 03 52
16 043 1 02 64 02 1 03 64
16 044 2 08 67 03 0 03 65
16 045 0 13 43 01 0 03 26
16 046 1 01 22 03 1 03 22
16 047 2 06 14 00 1 03 14
16 048 0 16 52 00 1 03 52
16 049 1 01 22 03 1 03 22
16 050 2 06 14 00 1 03 14
16 051 0 00 19 02 1 03 19
16 052 1 02 64 02 1 03 64
16 053 2 07 51 02 1 03 51
16 054 0 15 39 03 1 03 39
16 055 1 16 35 00 1 03 35
16 056 2 08 67 03 0 03 14
16 057 0 13 43 01 0 03 26
16 058 1 12 75 01 1 03 75
16 059 2 16 26 01 1 03 26
16 060 0 00 19 02 1 03 19
16 061 1 08 59 04 0 04 63
16 062 2 06 14 00 1 03 14
16 063 0 16 52 00 1 03 52
16 064 1 16 35 00 1 04 35
16 065 2 16 26 01 1 03 26
16 066 0 15 39 03 1 03 39
16 067 1 01 22 03 1 04 22
16 068 2 08 67 03 0 03 14
16 069 0 13 43 01 1 03 43
16 070 1 02 64 02 1 04 64
16 071 2 07 51 02 1 03 51
16 072 0 02 30 04 0 04 36
16 073 1 12 75 01 1 04 75
16 074 2 16 26 01 1 03 26
16 075 0 16 52 00 1 04 52
16 076 1 01 22 03 1 04 22
16 077 2 08 67 03 0 03 14
16 078 0 13 43 01 1 04 43
16 079 1 12 75 01 1 04 75
16 080 2 07 51 02 0 03 57
16 081 0 15 39 03 1 04 39
16 082 1 16 35 00 1 04 35
16 083 2 06 14 00 0 03 67
16 084 0 00 19 02 0 04 39
16 085 1 08 59 04 0 04 62
16 086 2 07 51 02 0 03 67
16 087 0 02 30 04 1 04 30
16 088 1 02 64 02 1 04 64
16 089 2 06 14 00 1 03 14
16 090 0 15 39 03 1 04 39
16 091 1 01 22 03 1 04 22
16 092 2 16 26 01 1 03 26
16 093 0 00 19 02 1 04 19
16 094 1 12 75 01 1 04 75
16 095 2 08 67 03 0 03 14
16 096 0 13 43 01 1 04 43
16 097 1 16 35 00 1 04 35
16 098 2 08 67 03 0 03 14
16 099 0 16 52 00 1 04 52
16 100 1 08 59 04 0 04 53
16 101 2 16 26 01 1 03 26
16 102 0 00 19 02 1 05 19
16 103 1 02 64 02 1 04 64
16 104 2 07 51 02 1 03 51
16 105 0 16 52 00 1 05 52
16 106 1 16 35 00 1 04 35
16 107 2 06 14 00 1 03 14
16 108 0 05 29 05 1 05 29
16 109 1 12 75 01 1 04 75
16 110 2 16 26 01 1 03 26
16 111 0 13 43 01 1 05 43
16 112 1 02 64 02 1 04 64
16 113 2 06 14 00 1 03 14
16 114 0 15 39 03 1 05 39
16 115 1 08 59 04 1 04 59
16 116 2 07 51 02 1 03 51
16 117 0 02 30 04 1 05 30
16 118 1 01 22 03 1 04 22
16 119 2 08 67 03 1 03 67
16 120 0 08 36 06 1 06 36
16 121 1 02 64 02 1 05 64
16 122 2 16 26 01 1 04 26
16 123 0 02 30 04 1 06 30
16 124 1 08 59 04 1 05 59
16 125 2 06 14 00 1 04 14
16 126 0 05 29 05 1 06 29
16 127 1 16 35 00 1 05 35
16 128 2 04 21 04 1 04 21
16 129 0 16 52 00 1 06 52
16 130 1 12 75 01 1 05 75
16 131 2 07 51 02 1 04 51
16 132 0 15 39 03 1 06 39
16 133 1 01 22 03 1 05 22
16 134 2 08 67 03 1 04 67
16 135 0 00 19 02 1 06 19
16 136 1 04 50 05 1 05 50
16 137 2 16 26 01 1 05 26
16 138 0 13 43 01 1 06 43
16 139 1 02 64 02 1 06 64
16 140 2 04 21 04 1 05 21
16 141 0 16 52 00 1 07 52
16 142 1 16 35 00 1 06 35
16 143 2 14 72 05 1 05 72
16 144 0 15 39 03 1 07 39
16 145 1 08 59 04 1 06 59
16 146 2 06 14 00 1 05 14
16 147 0 00 19 02 1 07 19
16 148 1 09 69 06 1 06 69
16 149 2 07 51 02 1 05 51
16 150 0 02 30 04 1 07 30
16 151 1 04 50 05 1 06 50
16 152 2 08 67 03 1 05 67
16 153 0 13 43 01 1 07 43
16 154 1 01 22 03 1 06 22
16 155 2 00 13 06 1 06 13
16 156 0 05 29 05 1 07 29
16 157 1 12 75 01 1 06 75
16 158 2 08 67 03 1 06 67
16 159 0 08 36 06 1 07 36
16 160 1 01 22 03 1 07 22
16 161 2 16 26 01 1 06 26
16 162 0 10 16 07 1 07 16
16 163 1 09 69 06 1 07 69
16 164 2 04 21 04 1 06 21
16 165 0 00 19 02 1 08 19
16 166 1 02 64 02 1 07 64
16 167 2 06 14 00 1 06 14
16 168 0 15 39 03 1 08 39
16 169 1 06 53 07 1 07 53
16 170 2 07 51 02 1 06 51
16 171 0 04 60 08 1 08 60
16 172 1 16 35 00 1 07 35
16 173 2 14 72 05 1 06 72
16 174 0 02 30 04 1 08 30
16 175 1 12 75 01 1 07 75
16 176 2 07 51 02 1 07 51
16 177 0 05 29 05 1 08 29
16 178 1 08 59 04 1 07 59
16 179 2 04 21 04 1 07 21
16 180 0 10 16 07 1 08 16
16 181 1 04 50 05 1 07 50
16 182 2 14 72 05 1 07 72
16 183 0 13 43 01 1 08 43
16 184 1 00 55 08 1 08 55
16 185 2 16 26 01 1 07 26
16 186 0 16 52 00 1 08 52
16 187 1 01 22 03 1 08 22
16 188 2 06 14 00 1 07 14
16 189 0 08 36 06 1 08 36
16 190 1 16 35 00 1 08 35
16 191 2 09 12 07 1 07 12
16 192 0 02 30 04 1 09 30
16 193 1 06 53 07 1 08 53
16 194 2 00 13 06 1 07 13
16 195 0 08 36 06 1 09 36
16 196 1 08 59 04 1 08 59
16 197 2 08 67 03 1 07 67
16 198 0 01 49 09 0 09 39
16 199 1 12 75 01 1 08 75
16 200 2 08 67 03 1 08 67
16 201 0 16 52 00 1 09 52
16 202 1 02 64 02 1 08 64
16 203 2 06 14 00 1 08 14
16 204 0 04 60 08 1 09 60
16 205 1 04 50 05 1 08 50
16 206 2 16 26 01 1 08 26
16 207 0 10 16 07 1 09 16
16 208 1 09 69 06 1 08 69
16 209 2 10 79 08 1 08 79
16 210 0 00 19 02 1 09 19
16 211 1 01 22 03 1 09 22
16 212 2 04 21 04 1 08 21
16 213 0 15 39 03 1 09 39
16 214 1 06 53 07 1 09 53
16 215 2 09 12 07 1 08 12
16 216 0 05 29 05 1 09 29
16 217 1 16 35 00 1 09 35
16 218 2 07 51 02 1 08 51
16 219 0 13 43 01 1 09 43
16 220 1 04 50 05 1 09 50
16 221 2 00 13 06 1 08 13
16 222 0 00 19 02 1 09 19
16 223 1 00 55 08 1 09 55
16 224 2 14 72 05 1 08 72
16 225 0 10 16 07 1 09 16
16 226 1 02 64 02 1 09 64
16 227 2 04 21 04 1 09 21
16 228 0 13 43 01 1 09 43
16 229 1 09 69 06 1 09 69
16 230 2 14 72 05 1 09 72
16 231 0 05 29 05 1 09 29
16 232 1 08 59 04 1 09 59
16 233 2 00 13 06 1 09 13
16 234 0 15 39 03 1 09 39
16 235 1 07 25 09 1 09 25
16 236 2 09 12 07 0 09 13
16 237 0 08 36 06 1 09 36
16 238 1 12 75 01 1 09 75
16 239 2 10 79 08 1 09 79
16 240 0 02 30 04 1 09 30
16 241 1 01 22 03 1 10 22
16 242 2 03 74 09 1 09 74
16 243 0 16 52 00 1 09 52
16 244 1 02 64 02 1 10 64
16 245 2 08 67 03 1 09 67
16 246 0 04 60 08 1 09 60
16 247 1 16 35 00 1 10 35
16 248 2 07 51 02 1 09 51
16 249 0 01 49 09 1 09 49
16 250 1 04 50 05 1 10 50
16 251 2 06 14 00 1 09 14
16 252 0 05 29 05 1 10 29
16 253 1 10 23 10 1 10 23
16 254 2 16 26 01 1 09 26
16 255 0 02 30 04 1 10 30
16 256 1 07 25 09 1 10 25
16 257 2 16 26 01 1 09 26
16 258 0 11 78 10 1 10 78
16 259 1 06 53 07 1 10 53
16 260 2 03 74 09 1 09 74
16 261 0 10 16 07 1 10 16
16 262 1 08 59 04 1 10 59
16 263 2 14 72 05 1 09 72
16 264 0 04 60 08 1 10 60
16 265 1 00 55 08 1 10 55
16 266 2 04 21 04 1 09 21
16 267 0 16 52 00 1 10 52
16 268 1 09 69 06 1 10 69
16 269 2 10 79 08 1 09 79
16 270 0 13 43 01 1 10 43
16 271 1 12 75 01 1 10 75
16 272 2 07 51 02 1 09 51
16 273 0 00 19 02 1 10 19
16 274 1 09 69 06 1 11 69
16 275 2 09 12 07 1 09 12
16 276 0 15 39 03 1 10 39
16 277 1 08 59 04 1 11 59
16 278 2 06 14 00 1 09 14
16 279 0 08 36 06 1 10 36
16 280 1 14 48 11 1 11 48
16 281 2 00 13 06 1 09 13
16 282 0 01 49 09 1 10 49
16 283 1 02 64 02 1 11 64
16 284 2 08 67 03 1 09 67
16 285 0 11 78 10 0 11 38
16 286 1 12 75 01 1 11 75
16 287 2 08 67 03 1 10 67
16 288 0 13 43 01 1 11 43
16 289 1 01 22 03 1 11 22
16 290 2 04 21 04 1 10 21
16 291 0 05 29 05 1 11 29
16 292 1 16 35 00 1 11 35
16 293 2 06 14 00 1 10 14
16 294 0 16 52 00 1 11 52
16 295 1 07 25 09 1 11 25
16 296 2 15 62 10 1 10 62
16 297 0 14 33 11 1 11 33
16 298 1 04 50 05 1 11 50
16 299 2 16 26 01 1 10 26
