10 000 0 16 52 00 1 00 52
10 001 1 16 35 00 0 00 00
10 002 2 06 14 00 1 00 14
10 003 0 13 43 01 0 01 14
10 004 1 16 35 00 1 00 35
10 005 2 16 26 01 0 01 00
10 006 0 16 52 00 1 01 52
10 007 1 12 75 01 0 01 00
10 008 2 06 14 00 1 01 14
10 009 0 13 43 01 0 01 14
10 010 1 16 35 00 1 01 35
10 011 2 06 14 00 1 01 14
10 012 0 16 52 00 1 01 52
10 013 1 16 35 00 1 01 35
10 014 2 16 26 01 0 01 43
10 015 0 13 43 01 1 01 43
10 016 1 12 75 01 0 01 37
10 017 2 06 14 00 1 01 14
10 018 0 16 52 00 1 01 52
10 019 1 12 75 01 0 01 00
10 020 2 16 26 01 0 01 43
10 021 0 16 52 00 1 02 52
10 022 1 16 35 00 1 01 35
10 023 2 16 26 01 0 01 14
10 024 0 13 43 01 0 02 14
10 025 1 16 35 00 1 01 35
10 026 2 06 14 00 0 01 43
10 027 0 00 19 02 0 02 15
10 028 1 12 75 01 0 01 02
10 029 2 06 14 00 1 01 14
10 030 0 16 52 00 1 02 52
10 031 1 12 75 01 1 01 75
10 032 2 16 26 01 0 01 43
10 033 0 13 43 01 1 02 43
10 034 1 16 35 00 1 01 35
10 035 2 16 26 01 1 01 26
10 036 0 00 19 02 1 02 19
10 037 1 16 35 00 1 02 35
10 038 2 06 14 00 1 01 14
10 039 0 00 19 02 1 03 19
10 040 1 12 75 01 0 02 07
10 041 2 06 14 00 1 02 14
10 042 0 13 43 01 0 03 26
10 043 1 02 64 02 0 02 65
10 044 2 07 51 02 0 02 00
10 045 0 16 52 00 1 03 52
10 046 1 02 64 02 1 02 64
10 047 2 16 26 01 0 02 01
10 048 0 15 39 03 0 03 14
10 049 1 12 75 01 0 02 35
10 050 2 07 51 02 0 02 01
10 051 0 15 39 03 0 03 19
10 052 1 16 35 00 1 02 35
10 053 2 16 26 01 0 02 14
10 054 0 00 19 02 1 03 19
10 055 1 02 64 02 1 02 64
10 056 2 06 14 00 1 02 14
10 057 0 13 43 01 1 03 43
10 058 1 16 35 00 0 02 43
10 059 2 07 51 02 0 02 34
10 060 0 16 52 00 1 03 52
10 061 1 12 75 01 0 02 35
10 062 2 16 26 01 0 02 14
10 063 0 16 52 00 1 03 52
10 064 1 12 75 01 1 02 75
10 065 2 06 14 00 1 02 14
10 066 0 13 43 01 0 03 75
10 067 1 16 35 00 1 02 35
10 068 2 07 51 02 0 02 00
10 069 0 15 39 03 0 03 19
10 070 1 02 64 02 0 02 35
10 071 2 06 14 00 1 02 14
10 072 0 00 19 02 0 03 10
10 073 1 12 75 01 1 02 75
10 074 2 16 26 01 1 02 26
10 075 0 13 43 01 0 03 14
10 076 1 02 64 02 1 02 64
10 077 2 07 51 02 0 02 14
10 078 0 15 39 03 0 03 14
10 079 1 16 35 00 1 02 35
10 080 2 16 26 01 1 02 26
10 081 0 00 19 02 1 03 19
10 082 1 01 22 03 1 03 22
10 083 2 06 14 00 1 02 14
10 084 0 16 52 00 1 03 52
10 085 1 16 35 00 1 03 35
10 086 2 06 14 00 1 02 14
10 087 0 13 43 01 0 03 35
10 088 1 02 64 02 1 03 64
10 089 2 16 26 01 0 02 14
10 090 0 00 19 02 1 03 19
10 091 1 12 75 01 0 03 35
10 092 2 07 51 02 0 02 26
10 093 0 16 52 00 0 03 19
10 094 1 12 75 01 0 03 35
10 095 2 06 14 00 1 02 14
10 096 0 15 39 03 0 03 19
10 097 1 16 35 00 1 03 35
10 098 2 16 26 01 0 02 14
10 099 0 00 19 02 1 03 19
10 100 1 02 64 02 1 03 64
10 101 2 07 51 02 0 02 14
10 102 0 15 39 03 0 03 14
10 103 1 01 22 03 1 03 22
10 104 2 07 51 02 0 02 14
10 105 0 13 43 01 1 03 43
10 106 1 12 75 01 1 03 75
10 107 2 06 14 00 1 02 14
10 108 0 16 52 00 1 03 52
10 109 1 01 22 03 1 03 22
10 110 2 16 26 01 1 02 26
10 111 0 16 52 00 1 03 52
10 112 1 02 64 02 1 03 64
10 113 2 16 26 01 1 02 26
10 114 0 13 43 01 1 03 43
10 115 1 16 35 00 1 03 35
10 116 2 06 14 00 1 02 14
10 117 0 15 39 03 1 03 39
10 118 1 08 59 04 1 04 59
10 119 2 07 51 02 0 02 14
10 120 0 00 19 02 1 03 19
10 121 1 16 35 00 1 04 35
10 122 2 06 14 00 1 02 14
10 123 0 15 39 03 1 04 39
10 124 1 02 64 02 1 04 64
10 125 2 07 51 02 0 02 26
10 126 0 13 43 01 1 04 43
10 127 1 12 75 01 0 04 35
10 128 2 16 26 01 0 02 14
10 129 0 16 52 00 0 04 19
10 130 1 01 22 03 1 04 22
10 131 2 06 14 00 1 02 14
10 132 0 00 19 02 1 04 19
10 133 1 01 22 03 1 04 22
10 134 2 07 51 02 0 02 14
10 135 0 02 30 04 0 04 59
10 136 1 12 75 01 1 04 75
10 137 2 16 26 01 0 02 14
10 138 0 02 30 04 0 04 39
10 139 1 02 64 02 1 04 64
10 140 2 06 14 00 1 02 14
10 141 0 15 39 03 1 04 39
10 142 1 16 35 00 1 04 35
10 143 2 16 26 01 1 02 26
10 144 0 00 19 02 0 04 39
10 145 1 08 59 04 1 04 59
10 146 2 07 51 02 0 02 14
10 147 0 16 52 00 1 04 52
10 148 1 02 64 02 1 05 64
10 149 2 16 26 01 1 02 26
10 150 0 13 43 01 1 04 43
10 151 1 01 22 03 1 05 22
10 152 2 06 14 00 1 02 14
10 153 0 02 30 04 1 04 30
10 154 1 16 35 00 1 05 35
10 155 2 07 51 02 0 02 26
10 156 0 13 43 01 1 04 43
10 157 1 08 59 04 0 05 30
10 158 2 06 14 00 1 02 14
10 159 0 15 39 03 1 04 39
10 160 1 04 50 05 1 05 50
10 161 2 16 26 01 1 02 26
10 162 0 00 19 02 0 04 39
10 163 1 12 75 01 1 05 75
10 164 2 07 51 02 0 02 02
10 165 0 16 52 00 1 04 52
10 166 1 04 50 05 1 05 50
10 167 2 06 14 00 1 02 14
10 168 0 02 30 04 1 04 30
10 169 1 16 35 00 1 05 35
10 170 2 16 26 01 0 02 14
10 171 0 16 52 00 1 04 52
10 172 1 02 64 02 0 05 06
10 173 2 07 51 02 0 02 02
10 174 0 15 39 03 1 04 39
10 175 1 12 75 01 1 05 75
10 176 2 16 26 01 1 02 26
10 177 0 00 19 02 1 04 19
10 178 1 08 59 04 0 05 30
10 179 2 07 51 02 0 02 14
10 180 0 13 43 01 1 04 43
10 181 1 01 22 03 1 05 22
10 182 2 06 14 00 1 02 14
10 183 0 00 19 02 1 05 19
10 184 1 12 75 01 0 05 07
10 185 2 07 51 02 0 02 02
10 186 0 15 39 03 0 05 19
10 187 1 01 22 03 1 05 22
10 188 2 16 26 01 0 02 14
10 189 0 13 43 01 1 05 43
10 190 1 16 35 00 0 05 03
10 191 2 06 14 00 1 02 14
10 192 0 05 29 05 0 05 02
10 193 1 02 64 02 0 05 75
10 194 2 07 51 02 0 02 26
10 195 0 16 52 00 0 05 19
10 196 1 08 59 04 0 05 30
10 197 2 06 14 00 1 02 14
10 198 0 02 30 04 1 05 30
10 199 1 04 50 05 0 05 35
10 200 2 16 26 01 0 02 14
10 201 0 16 52 00 1 05 52
10 202 1 16 35 00 1 05 35
10 203 2 16 26 01 1 02 26
10 204 0 02 30 04 0 05 50
10 205 1 02 64 02 1 05 64
10 206 2 06 14 00 1 02 14
10 207 0 00 19 02 1 05 19
10 208 1 04 50 05 1 05 50
10 209 2 07 51 02 0 02 26
10 210 0 15 39 03 0 05 19
10 211 1 12 75 01 1 05 75
10 212 2 06 14 00 1 02 14
10 213 0 13 43 01 1 05 43
10 214 1 08 59 04 0 05 30
10 215 2 16 26 01 1 02 26
10 216 0 05 29 05 0 05 03
10 217 1 01 22 03 0 05 39
10 218 2 07 51 02 0 02 14
10 219 0 16 52 00 0 05 19
10 220 1 08 59 04 0 05 30
10 221 2 07 51 02 0 02 14
10 222 0 00 19 02 1 05 19
10 223 1 02 64 02 0 05 75
10 224 2 06 14 00 1 02 14
10 225 0 02 30 04 1 05 30
10 226 1 16 35 00 1 05 35
10 227 2 16 26 01 1 02 26
10 228 0 13 43 01 1 05 43
10 229 1 12 75 01 1 05 75
10 230 2 07 51 02 1 02 51
10 231 0 05 29 05 1 05 29
10 232 1 01 22 03 1 05 22
10 233 2 06 14 00 1 02 14
10 234 0 15 39 03 1 05 39
10 235 1 04 50 05 1 05 50
10 236 2 16 26 01 1 02 26
10 237 0 02 30 04 1 05 30
10 238 1 02 64 02 0 05 35
10 239 2 07 51 02 0 03 26
10 240 0 15 39 03 1 05 39
10 241 1 04 50 05 0 05 39
10 242 2 16 26 01 1 03 26
10 243 0 13 43 01 1 05 43
10 244 1 08 59 04 0 05 39
10 245 2 06 14 00 1 03 14
10 246 0 00 19 02 0 05 00
10 247 1 16 35 00 1 05 35
10 248 2 08 67 03 0 03 75
10 249 0 16 52 00 0 05 19
10 250 1 01 22 03 1 05 22
10 251 2 08 67 03 0 03 69
10 252 0 05 29 05 1 05 29
10 253 1 12 75 01 1 05 75
10 254 2 06 14 00 1 03 14
10 255 0 16 52 00 1 05 52
10 256 1 08 59 04 0 05 39
10 257 2 07 51 02 1 03 51
10 258 0 02 30 04 1 05 30
10 259 1 01 22 03 1 05 22
10 260 2 16 26 01 1 03 26
10 261 0 05 29 05 0 05 20
10 262 1 16 35 00 1 05 35
10 263 2 16 26 01 1 03 26
10 264 0 00 19 02 0 05 39
10 265 1 12 75 01 1 05 75
10 266 2 08 67 03 1 03 67
10 267 0 13 43 01 1 05 43
10 268 1 02 64 02 0 05 75
10 269 2 06 14 00 1 03 14
10 270 0 15 39 03 1 05 39
10 271 1 04 50 05 0 05 30
10 272 2 07 51 02 1 03 51
10 273 0 05 29 05 1 05 29
10 274 1 01 22 03 1 05 22
10 275 2 04 21 04 1 04 21
10 276 0 15 39 03 1 05 39
10 277 1 02 64 02 1 05 64
10 278 2 07 51 02 1 04 51
10 279 0 16 52 00 1 05 52
10 280 1 04 50 05 0 05 30
10 281 2 16 26 01 1 04 26
10 282 0 13 43 01 1 05 43
10 283 1 08 59 04 0 05 39
10 284 2 06 14 00 1 04 14
10 285 0 02 30 04 1 05 30
10 286 1 16 35 00 1 05 35
10 287 2 08 67 03 1 04 67
10 288 0 00 19 02 1 05 19
10 289 1 12 75 01 1 05 75
10 290 2 08 67 03 1 05 67
10 291 0 16 52 00 1 06 52
10 292 1 16 35 00 1 05 35
10 293 2 06 14 00 0 05 72
10 294 0 08 36 06 0 06 62
10 295 1 08 59 04 0 05 30
10 296 2 14 72 05 0 05 62
10 297 0 02 30 04 1 06 30
10 298 1 12 75 01 1 05 75
10 299 2 07 51 02 1 05 51
