11 000 0 16 14 00 1 00 14
11 001 1 16 52 00 0 00 56
11 002 2 06 35 00 0 00 00
11 003 0 13 26 01 0 01 00
11 004 1 16 52 00 0 00 53
11 005 2 06 35 00 0 00 14
11 006 0 16 14 00 0 01 15
11 007 1 16 52 00 1 00 52
11 008 2 06 35 00 0 00 67
11 009 0 13 26 01 0 01 24
11 010 1 12 43 01 0 01 48
11 011 2 06 35 00 1 00 35
11 012 0 16 14 00 1 01 14
11 013 1 16 52 00 0 01 24
11 014 2 16 75 01 1 01 75
11 015 0 13 26 01 0 01 14
11 016 1 12 43 01 1 01 43
11 017 2 06 35 00 1 01 35
11 018 0 16 14 00 0 01 24
11 019 1 16 52 00 1 01 52
11 020 2 06 35 00 1 02 35
11 021 0 13 26 01 1 01 26
11 022 1 02 19 02 1 02 19
11 023 2 16 75 01 0 02 64
11 024 0 16 14 00 0 01 24
11 025 1 12 43 01 1 02 43
11 026 2 07 64 02 0 02 75
11 027 0 16 14 00 1 01 14
11 028 1 16 52 00 1 02 52
11 029 2 16 75 01 0 02 64
11 030 0 13 26 01 0 01 64
11 031 1 16 52 00 1 03 52
11 032 2 06 35 00 0 02 64
11 033 0 13 26 01 0 01 14
11 034 1 02 19 02 0 03 64
11 035 2 07 64 02 1 02 64
11 036 0 16 14 00 1 01 14
11 037 1 12 43 01 1 03 43
11 038 2 16 75 01 1 02 75
11 039 0 13 26 01 0 01 52
11 040 1 01 39 03 0 03 49
11 041 2 06 35 00 0 02 65
11 042 0 16 14 00 0 01 52
11 043 1 16 52 00 1 03 52
11 044 2 07 64 02 0 02 65
11 045 0 16 14 00 1 01 14
11 046 1 12 43 01 1 03 43
11 047 2 16 75 01 1 02 75
11 048 0 13 26 01 0 01 56
11 049 1 01 39 03 1 03 39
11 050 2 07 64 02 1 02 64
11 051 0 13 26 01 1 01 26
11 052 1 02 19 02 1 03 19
11 053 2 06 35 00 0 02 64
11 054 0 16 14 00 1 01 14
11 055 1 02 19 02 1 04 19
11 056 2 16 75 01 1 02 75
11 057 0 16 14 00 1 02 14
11 058 1 08 30 04 1 04 30
11 059 2 07 64 02 0 02 36
11 060 0 00 51 02 0 02 29
11 061 1 12 43 01 0 04 44
11 062 2 06 35 00 0 02 64
11 063 0 13 26 01 1 02 26
11 064 1 16 52 00 1 04 52
11 065 2 06 35 00 0 02 36
11 066 0 16 14 00 1 02 14
11 067 1 01 39 03 0 04 19
11 068 2 16 75 01 0 02 36
11 069 0 13 26 01 0 02 52
11 070 1 01 39 03 0 04 19
11 071 2 07 64 02 0 02 75
11 072 0 00 51 02 1 02 51
11 073 1 02 19 02 1 04 19
11 074 2 16 75 01 1 02 75
11 075 0 13 26 01 1 02 26
11 076 1 12 43 01 1 04 43
11 077 2 06 35 00 0 02 65
11 078 0 16 14 00 1 02 14
11 079 1 08 30 04 1 04 30
11 080 2 07 64 02 0 02 35
11 081 0 00 51 02 0 02 59
11 082 1 16 52 00 1 04 52
11 083 2 07 64 02 0 02 35
11 084 0 16 14 00 1 02 14
11 085 1 02 19 02 1 04 19
11 086 2 16 75 01 1 02 75
11 087 0 00 51 02 1 02 51
11 088 1 01 39 03 0 04 30
11 089 2 06 35 00 1 02 35
11 090 0 13 26 01 0 02 52
11 091 1 12 43 01 1 04 43
11 092 2 16 75 01 1 02 75
11 093 0 16 14 00 1 02 14
11 094 1 16 52 00 0 04 26
11 095 2 06 35 00 1 02 35
11 096 0 00 51 02 1 02 51
11 097 1 08 30 04 1 04 30
11 098 2 07 64 02 0 02 36
11 099 0 13 26 01 0 02 36
11 100 1 02 19 02 1 04 19
11 101 2 06 35 00 1 02 35
11 102 0 16 14 00 1 02 14
11 103 1 08 30 04 1 04 30
11 104 2 07 64 02 0 02 26
11 105 0 00 51 02 1 02 51
11 106 1 16 52 00 0 04 26
11 107 2 16 75 01 1 02 75
11 108 0 13 26 01 1 02 26
11 109 1 01 39 03 1 04 39
11 110 2 07 64 02 0 02 75
11 111 0 00 51 02 1 03 51
11 112 1 12 43 01 1 04 43
11 113 2 06 35 00 0 02 36
11 114 0 16 14 00 1 03 14
11 115 1 08 30 04 1 04 30
11 116 2 16 75 01 1 02 75
11 117 0 13 26 01 1 03 26
11 118 1 01 39 03 1 04 39
11 119 2 06 35 00 0 02 64
11 120 0 15 67 03 1 03 67
11 121 1 12 43 01 1 04 43
11 122 2 07 64 02 1 02 64
11 123 0 02 21 04 1 04 21
11 124 1 16 52 00 0 04 02
11 125 2 16 75 01 1 02 75
11 126 0 13 26 01 0 04 52
11 127 1 02 19 02 1 04 19
11 128 2 06 35 00 1 02 35
11 129 0 15 67 03 1 04 67
11 130 1 08 30 04 1 04 30
11 131 2 07 64 02 0 02 75
11 132 0 16 14 00 1 04 14
11 133 1 02 19 02 1 04 19
11 134 2 16 75 01 1 02 75
11 135 0 00 51 02 1 04 51
11 136 1 01 39 03 1 04 39
11 137 2 07 64 02 1 02 64
11 138 0 00 51 02 1 04 51
11 139 1 12 43 01 1 04 43
11 140 2 16 75 01 1 02 75
11 141 0 16 14 00 1 04 14
11 142 1 16 52 00 0 04 56
11 143 2 06 35 00 1 02 35
11 144 0 15 67 03 1 04 67
11 145 1 16 52 00 1 04 52
11 146 2 06 35 00 0 03 64
11 147 0 13 26 01 1 04 26
11 148 1 01 39 03 1 04 39
11 149 2 07 64 02 0 03 35
11 150 0 02 21 04 0 04 22
11 151 1 12 43 01 1 04 43
11 152 2 16 75 01 1 03 75
11 153 0 16 14 00 1 04 14
11 154 1 02 19 02 1 04 19
11 155 2 08 22 03 1 03 22
11 156 0 00 51 02 1 04 51
11 157 1 08 30 04 1 04 30
11 158 2 08 22 03 1 03 22
11 159 0 15 67 03 1 04 67
11 160 1 16 52 00 1 05 52
11 161 2 16 75 01 1 03 75
11 162 0 02 21 04 1 04 21
11 163 1 08 30 04 1 05 30
11 164 2 07 64 02 1 03 64
11 165 0 13 26 01 1 04 26
11 166 1 02 19 02 1 05 19
11 167 2 06 35 00 1 03 35
11 168 0 15 67 03 1 05 67
11 169 1 01 39 03 1 05 39
11 170 2 08 22 03 1 04 22
11 171 0 00 51 02 1 05 51
11 172 1 04 29 05 1 05 29
11 173 2 07 64 02 1 04 64
11 174 0 02 21 04 1 05 21
11 175 1 12 43 01 1 05 43
11 176 2 04 59 04 0 04 79
11 177 0 16 14 00 1 05 14
11 178 1 04 29 05 1 06 29
11 179 2 16 75 01 1 04 75
11 180 0 13 26 01 0 05 52
11 181 1 16 52 00 1 06 52
11 182 2 06 35 00 1 04 35
11 183 0 05 72 05 0 05 59
11 184 1 01 39 03 1 06 39
11 185 2 04 59 04 1 04 59
11 186 0 15 67 03 0 05 05
11 187 1 12 43 01 0 06 44
11 188 2 06 35 00 1 04 35
11 189 0 16 14 00 1 05 14
11 190 1 09 36 06 0 06 56
11 191 2 07 64 02 0 04 34
11 192 0 02 21 04 1 05 21
11 193 1 02 19 02 1 06 19
11 194 2 08 22 03 1 04 22
11 195 0 00 51 02 1 05 51
11 196 1 08 30 04 1 06 30
11 197 2 16 75 01 0 04 67
11 198 0 13 26 01 0 05 52
11 199 1 01 39 03 1 06 39
11 200 2 06 35 00 1 04 35
11 201 0 05 72 05 1 05 72
11 202 1 02 19 02 1 06 19
11 203 2 08 22 03 1 04 22
11 204 0 16 14 00 1 05 14
11 205 1 08 30 04 1 06 30
11 206 2 16 75 01 1 04 75
11 207 0 05 72 05 1 05 72
11 208 1 16 52 00 0 06 36
11 209 2 07 64 02 1 04 64
11 210 0 02 21 04 1 05 21
11 211 1 04 29 05 1 06 29
11 212 2 04 59 04 1 04 59
11 213 0 00 51 02 1 05 51
11 214 1 12 43 01 1 06 43
11 215 2 07 64 02 1 05 64
11 216 0 15 67 03 1 05 67
11 217 1 09 36 06 1 06 36
11 218 2 08 22 03 1 05 22
11 219 0 13 26 01 1 05 26
11 220 1 08 30 04 1 06 30
11 221 2 06 35 00 1 05 35
11 222 0 08 13 06 1 06 13
11 223 1 12 43 01 1 06 43
11 224 2 16 75 01 1 05 75
11 225 0 13 26 01 1 06 26
11 226 1 01 39 03 1 06 39
11 227 2 14 50 05 1 05 50
11 228 0 15 67 03 1 06 67
11 229 1 02 19 02 1 06 19
11 230 2 04 59 04 1 05 59
11 231 0 00 51 02 1 06 51
11 232 1 04 29 05 1 06 29
11 233 2 00 69 06 1 06 69
11 234 0 02 21 04 1 06 21
11 235 1 09 36 06 1 06 36
11 236 2 16 75 01 1 06 75
11 237 0 05 72 05 1 06 72
11 238 1 16 52 00 0 06 26
11 239 2 07 64 02 1 06 64
11 240 0 16 14 00 1 06 14
11 241 1 16 52 00 1 06 52
11 242 2 04 59 04 1 06 59
11 243 0 08 13 06 1 07 13
11 244 1 08 30 04 1 06 30
11 245 2 08 22 03 1 06 22
11 246 0 10 12 07 1 07 12
11 247 1 02 19 02 1 06 19
11 248 2 14 50 05 1 06 50
11 249 0 05 72 05 1 07 72
11 250 1 01 39 03 1 06 39
11 251 2 06 35 00 1 06 35
11 252 0 15 67 03 1 07 67
11 253 1 04 29 05 1 06 29
11 254 2 07 64 02 0 07 35
11 255 0 02 21 04 1 07 21
11 256 1 09 36 06 0 06 52
11 257 2 08 22 03 1 07 22
11 258 0 13 26 01 1 07 26
11 259 1 12 43 01 1 06 43
11 260 2 09 53 07 1 07 53
11 261 0 00 51 02 1 07 51
11 262 1 16 52 00 0 06 36
11 263 2 14 50 05 1 07 50
11 264 0 16 14 00 1 07 14
11 265 1 12 43 01 1 06 43
11 266 2 06 35 00 1 07 35
11 267 0 08 13 06 1 08 13
11 268 1 08 30 04 1 06 30
11 269 2 16 75 01 1 07 75
11 270 0 02 21 04 1 08 21
11 271 1 02 19 02 1 06 19
11 272 2 00 69 06 0 07 35
11 273 0 04 79 08 1 08 79
11 274 1 09 36 06 0 06 52
11 275 2 04 59 04 1 07 59
11 276 0 13 26 01 1 08 26
11 277 1 04 29 05 1 06 29
11 278 2 06 35 00 1 07 35
11 279 0 10 12 07 1 08 12
11 280 1 01 39 03 1 06 39
11 281 2 00 69 06 1 07 69
11 282 0 16 14 00 1 08 14
11 283 1 04 29 05 1 06 29
11 284 2 08 22 03 1 07 22
11 285 0 05 72 05 0 08 13
11 286 1 08 30 04 1 06 30
11 287 2 04 59 04 1 07 59
11 288 0 00 51 02 1 08 51
11 289 1 09 36 06 0 06 52
11 290 2 09 53 07 1 07 53
11 291 0 15 67 03 1 08 67
11 292 1 02 19 02 1 06 19
11 293 2 07 64 02 1 07 64
11 294 0 00 51 02 1 08 51
11 295 1 12 43 01 1 06 43
11 296 2 14 50 05 1 07 50
11 297 0 16 14 00 1 08 14
11 298 1 01 39 03 1 06 39
11 299 2 16 75 01 1 07 75
