03 000 0 16 35 00 1 00 35
03 001 1 16 14 00 0 00 52
03 002 2 06 52 00 1 00 52
03 003 0 13 75 01 0 01 00
03 004 1 16 14 00 1 00 14
03 005 2 16 43 01 0 01 13
03 006 0 16 35 00 0 01 43
03 007 1 12 26 01 0 01 36
03 008 2 06 52 00 1 01 52
03 009 0 13 75 01 0 01 26
03 010 1 16 14 00 0 01 13
03 011 2 06 52 00 0 01 42
03 012 0 16 35 00 0 01 12
03 013 1 16 14 00 0 01 75
03 014 2 16 43 01 0 01 75
03 015 0 13 75 01 1 01 75
03 016 1 12 26 01 0 01 13
03 017 2 06 52 00 1 01 52
03 018 0 16 35 00 0 01 26
03 019 1 12 26 01 0 01 52
03 020 2 16 43 01 0 01 13
03 021 0 13 75 01 0 01 52
03 022 1 16 14 00 0 01 00
03 023 2 06 52 00 0 01 00
03 024 0 16 35 00 0 01 14
03 025 1 16 14 00 1 01 14
03 026 2 16 43 01 0 01 35
03 027 0 16 35 00 0 01 15
03 028 1 12 26 01 1 01 26
03 029 2 16 43 01 0 01 13
03 030 0 13 75 01 0 01 45
03 031 1 16 14 00 0 02 43
03 032 2 06 52 00 0 01 51
03 033 0 16 35 00 0 01 00
03 034 1 02 51 02 0 02 53
03 035 2 06 52 00 1 01 52
03 036 0 13 75 01 0 01 35
03 037 1 12 26 01 0 02 52
03 038 2 16 43 01 0 01 15
03 039 0 16 35 00 0 01 00
03 040 1 12 26 01 1 02 26
03 041 2 06 52 00 0 01 51
03 042 0 13 75 01 0 01 03
03 043 1 02 51 02 0 02 53
03 044 2 16 43 01 0 01 35
03 045 0 13 75 01 0 01 35
03 046 1 16 14 00 0 02 13
03 047 2 16 43 01 0 01 15
03 048 0 16 35 00 1 01 35
03 049 1 12 26 01 0 02 51
03 050 2 06 52 00 0 01 26
03 051 0 16 35 00 0 01 26
03 052 1 16 14 00 0 02 13
03 053 2 06 52 00 0 01 51
03 054 0 13 75 01 0 01 15
03 055 1 02 51 02 1 02 51
03 056 2 16 43 01 0 01 15
03 057 0 13 75 01 0 01 00
03 058 1 02 51 02 1 02 51
03 059 2 06 52 00 0 01 53
03 060 0 16 35 00 0 01 75
03 061 1 16 14 00 0 02 75
03 062 2 16 43 01 0 01 75
03 063 0 16 35 00 0 01 75
03 064 1 12 26 01 0 02 25
03 065 2 16 43 01 0 01 35
03 066 0 13 75 01 0 01 35
03 067 1 12 26 01 1 02 26
03 068 2 06 52 00 0 01 51
03 069 0 16 35 00 0 01 75
03 070 1 16 14 00 0 02 75
03 071 2 06 52 00 0 01 51
03 072 0 13 75 01 1 01 75
03 073 1 02 51 02 0 02 52
03 074 2 16 43 01 0 01 35
03 075 0 13 75 01 0 01 35
03 076 1 16 14 00 1 02 14
03 077 2 16 43 01 0 01 35
03 078 0 16 35 00 1 01 35
03 079 1 12 26 01 1 02 26
03 080 2 06 52 00 1 01 52
03 081 0 16 35 00 0 01 75
03 082 1 02 51 02 1 02 51
03 083 2 06 52 00 1 01 52
03 084 0 13 75 01 1 01 75
03 085 1 12 26 01 1 03 26
03 086 2 16 43 01 0 01 23
03 087 0 16 35 00 1 01 35
03 088 1 02 51 02 1 03 51
03 089 2 16 43 01 0 01 26
03 090 0 13 75 01 0 01 35
03 091 1 01 67 03 1 03 67
03 092 2 06 52 00 1 01 52
03 093 0 13 75 01 0 01 35
03 094 1 16 14 00 0 03 13
03 095 2 16 43 01 0 01 26
03 096 0 16 35 00 1 01 35
03 097 1 02 51 02 1 03 51
03 098 2 06 52 00 1 01 52
03 099 0 13 75 01 1 01 75
03 100 1 12 26 01 1 03 26
03 101 2 06 52 00 1 01 52
03 102 0 16 35 00 1 01 35
03 103 1 01 67 03 1 03 67
03 104 2 16 43 01 0 01 26
03 105 0 00 64 02 1 02 64
03 106 1 16 14 00 0 03 26
03 107 2 06 52 00 1 01 52
03 108 0 13 75 01 1 02 75
03 109 1 12 26 01 1 03 26
03 110 2 16 43 01 1 01 43
03 111 0 16 35 00 1 02 35
03 112 1 02 51 02 1 03 51
03 113 2 06 52 00 1 02 52
03 114 0 00 64 02 0 03 22
03 115 1 16 14 00 1 03 14
03 116 2 16 43 01 0 02 51
03 117 0 16 35 00 1 03 35
03 118 1 01 67 03 0 03 00
03 119 2 07 19 02 0 02 22
03 120 0 15 22 03 1 03 22
03 121 1 12 26 01 1 03 26
03 122 2 07 19 02 0 02 16
03 123 0 13 75 01 0 03 35
03 124 1 16 14 00 0 03 19
03 125 2 16 43 01 0 02 16
03 126 0 00 64 02 0 03 22
03 127 1 02 51 02 1 03 51
03 128 2 06 52 00 0 02 13
03 129 0 16 35 00 1 03 35
03 130 1 01 67 03 0 03 62
03 131 2 07 19 02 0 02 22
03 132 0 15 22 03 1 03 22
03 133 1 01 67 03 1 03 67
03 134 2 16 43 01 0 02 26
03 135 0 13 75 01 1 03 75
03 136 1 02 51 02 0 03 52
03 137 2 06 52 00 1 02 52
03 138 0 13 75 01 0 03 16
03 139 1 16 14 00 0 03 23
03 140 2 07 19 02 0 02 26
03 141 0 00 64 02 0 03 67
03 142 1 12 26 01 1 03 26
03 143 2 16 43 01 1 02 43
03 144 0 16 35 00 1 03 35
03 145 1 12 26 01 1 03 26
03 146 2 06 52 00 1 02 52
03 147 0 15 22 03 1 03 22
03 148 1 16 14 00 0 03 26
03 149 2 16 43 01 0 02 26
03 150 0 00 64 02 0 03 67
03 151 1 02 51 02 1 03 51
03 152 2 06 52 00 1 02 52
03 153 0 16 35 00 1 03 35
03 154 1 01 67 03 0 03 27
03 155 2 07 19 02 0 02 43
03 156 0 13 75 01 1 03 75
03 157 1 12 26 01 1 03 26
03 158 2 06 52 00 0 02 51
03 159 0 15 22 03 1 03 22
03 160 1 01 67 03 1 03 67
03 161 2 16 43 01 0 02 46
03 162 0 00 64 02 0 03 67
03 163 1 16 14 00 0 03 26
03 164 2 07 19 02 0 02 26
03 165 0 15 22 03 1 03 22
03 166 1 02 51 02 1 03 51
03 167 2 07 19 02 0 02 52
03 168 0 13 75 01 1 03 75
03 169 1 12 26 01 1 03 26
03 170 2 06 52 00 1 02 52
03 171 0 16 35 00 1 03 35
03 172 1 16 14 00 0 03 16
03 173 2 16 43 01 0 02 56
03 174 0 16 35 00 1 03 35
03 175 1 01 67 03 0 03 26
03 176 2 06 52 00 1 02 52
03 177 0 15 22 03 1 03 22
03 178 1 02 51 02 1 03 51
03 179 2 16 43 01 0 02 26
03 180 0 13 75 01 1 03 75
03 181 1 01 67 03 0 03 26
03 182 2 07 19 02 0 02 26
03 183 0 00 64 02 1 03 64
03 184 1 12 26 01 1 03 26
03 185 2 06 52 00 1 02 52
03 186 0 02 59 04 1 04 59
03 187 1 02 51 02 1 03 51
03 188 2 07 19 02 1 02 19
03 189 0 16 35 00 1 04 35
03 190 1 16 14 00 0 03 23
03 191 2 16 43 01 0 02 23
03 192 0 15 22 03 1 04 22
03 193 1 02 51 02 1 03 51
03 194 2 16 43 01 0 02 46
03 195 0 00 64 02 1 04 64
03 196 1 12 26 01 1 03 26
03 197 2 07 19 02 1 02 19
03 198 0 13 75 01 1 04 75
03 199 1 01 67 03 1 03 67
03 200 2 06 52 00 1 02 52
03 201 0 05 50 05 0 05 67
03 202 1 16 14 00 0 03 23
03 203 2 07 19 02 1 02 19
03 204 0 00 64 02 1 05 64
03 205 1 12 26 01 0 03 05
03 206 2 06 52 00 1 02 52
03 207 0 02 59 04 0 05 67
03 208 1 02 51 02 0 03 52
03 209 2 16 43 01 0 02 62
03 210 0 16 35 00 1 05 35
03 211 1 16 14 00 0 03 23
03 212 2 07 19 02 1 02 19
03 213 0 13 75 01 0 05 35
03 214 1 01 67 03 0 03 26
03 215 2 16 43 01 0 02 16
03 216 0 15 22 03 1 05 22
03 217 1 16 14 00 0 03 37
03 218 2 06 52 00 1 02 52
03 219 0 16 35 00 1 05 35
03 220 1 02 51 02 1 03 51
03 221 2 07 19 02 1 02 19
03 222 0 05 50 05 1 05 50
03 223 1 12 26 01 1 03 26
03 224 2 06 52 00 1 02 52
03 225 0 00 64 02 1 05 64
03 226 1 01 67 03 0 03 26
03 227 2 16 43 01 0 02 26
03 228 0 15 22 03 1 05 22
03 229 1 01 67 03 1 03 67
03 230 2 07 19 02 1 02 19
03 231 0 13 75 01 1 05 75
03 232 1 16 14 00 0 03 36
03 233 2 06 52 00 1 02 52
03 234 0 02 59 04 0 05 22
03 235 1 02 51 02 1 03 51
03 236 2 16 43 01 0 02 14
03 237 0 02 59 04 0 05 27
03 238 1 12 26 01 1 03 26
03 239 2 16 43 01 0 02 16
03 240 0 15 22 03 1 05 22
03 241 1 01 67 03 0 03 37
03 242 2 07 19 02 1 02 19
03 243 0 16 35 00 1 05 35
03 244 1 16 14 00 1 03 14
03 245 2 06 52 00 1 02 52
03 246 0 00 64 02 1 05 64
03 247 1 02 51 02 1 03 51
03 248 2 16 43 01 0 02 19
03 249 0 13 75 01 1 05 75
03 250 1 12 26 01 1 03 26
03 251 2 07 19 02 1 02 19
03 252 0 05 50 05 1 05 50
03 253 1 02 51 02 1 03 51
03 254 2 06 52 00 1 02 52
03 255 0 00 64 02 1 05 64
03 256 1 01 67 03 1 03 67
03 257 2 06 52 00 1 02 52
03 258 0 05 50 05 1 05 50
03 259 1 16 14 00 0 03 67
03 260 2 07 19 02 1 02 19
03 261 0 02 59 04 0 05 47
03 262 1 12 26 01 1 03 26
03 263 2 16 43 01 0 02 16
03 264 0 13 75 01 1 05 75
03 265 1 12 26 01 1 03 26
03 266 2 16 43 01 1 02 43
03 267 0 15 22 03 1 05 22
03 268 1 01 67 03 0 03 26
03 269 2 07 19 02 1 02 19
03 270 0 16 35 00 1 05 35
03 271 1 02 51 02 1 03 51
03 272 2 06 52 00 1 02 52
03 273 0 16 35 00 1 05 35
03 274 1 16 14 00 0 03 26
03 275 2 06 52 00 0 03 39
03 276 0 05 50 05 1 05 50
03 277 1 02 51 02 1 03 51
03 278 2 08 39 03 1 03 39
03 279 0 13 75 01 1 05 75
03 280 1 16 14 00 1 03 14
03 281 2 07 19 02 1 03 19
03 282 0 00 64 02 1 05 64
03 283 1 01 67 03 1 03 67
03 284 2 16 43 01 0 03 19
03 285 0 15 22 03 1 05 22
03 286 1 12 26 01 1 03 26
03 287 2 07 19 02 1 03 19
03 288 0 02 59 04 0 05 57
03 289 1 08 21 04 0 04 27
03 290 2 06 52 00 1 03 52
03 291 0 02 59 04 1 05 59
03 292 1 16 14 00 1 04 14
03 293 2 16 43 01 0 03 19
03 294 0 00 64 02 1 05 64
03 295 1 12 26 01 1 04 26
03 296 2 08 39 03 0 03 13
03 297 0 16 35 00 1 05 35
03 298 1 01 67 03 0 04 47
03 299 2 16 43 01 0 03 39
