22 000 0 16 52 00 0 00 32
22 001 1 16 35 00 0 00 32
22 002 2 06 14 00 1 00 14
22 003 0 16 52 00 1 00 52
22 004 1 16 35 00 1 00 35
22 005 2 06 14 00 1 01 14
22 006 0 16 52 00 0 01 05
22 007 1 16 35 00 0 01 32
22 008 2 16 26 01 0 01 75
22 009 0 13 43 01 0 01 14
22 010 1 12 75 01 0 01 35
22 011 2 16 26 01 0 01 14
22 012 0 13 43 01 0 01 35
22 013 1 12 75 01 0 01 26
22 014 2 06 14 00 1 01 14
22 015 0 16 52 00 0 01 43
22 016 1 16 35 00 0 01 43
22 017 2 16 26 01 0 01 75
22 018 0 16 52 00 0 01 75
22 019 1 12 75 01 0 01 35
22 020 2 06 14 00 1 01 14
22 021 0 13 43 01 0 01 52
22 022 1 16 35 00 0 01 75
22 023 2 16 26 01 0 01 14
22 024 0 13 43 01 0 01 35
22 025 1 16 35 00 1 01 35
22 026 2 06 14 00 1 01 14
22 027 0 16 52 00 1 01 52
22 028 1 12 75 01 1 01 75
22 029 2 06 14 00 1 01 14
22 030 0 13 43 01 1 01 43
22 031 1 02 64 02 1 02 64
22 032 2 16 26 01 0 01 35
22 033 0 16 52 00 1 01 52
22 034 1 16 35 00 1 02 35
22 035 2 16 26 01 1 01 26
22 036 0 16 52 00 1 02 52
22 037 1 12 75 01 1 02 75
22 038 2 06 14 00 1 01 14
22 039 0 13 43 01 1 02 43
22 040 1 12 75 01 1 03 75
22 041 2 06 14 00 1 02 14
22 042 0 00 19 02 1 02 19
22 043 1 16 35 00 1 03 35
22 044 2 07 51 02 0 02 26
22 045 0 00 19 02 0 03 69
22 046 1 02 64 02 1 03 64
22 047 2 16 26 01 1 02 26
22 048 0 13 43 01 1 03 43
22 049 1 01 22 03 1 03 22
22 050 2 16 26 01 1 02 26
22 051 0 16 52 00 0 03 22
22 052 1 01 22 03 0 04 52
22 053 2 06 14 00 1 02 14
22 054 0 15 39 03 0 03 05
22 055 1 08 59 04 1 04 59
22 056 2 07 51 02 0 02 26
22 057 0 13 43 01 1 03 43
22 058 1 16 35 00 1 04 35
22 059 2 07 51 02 0 02 22
22 060 0 00 19 02 1 03 19
22 061 1 12 75 01 1 04 75
22 062 2 06 14 00 1 02 14
22 063 0 16 52 00 0 03 22
22 064 1 02 64 02 1 04 64
22 065 2 16 26 01 1 02 26
22 066 0 15 39 03 0 03 33
22 067 1 12 75 01 1 04 75
22 068 2 16 26 01 0 02 51
22 069 0 16 52 00 0 03 25
22 070 1 02 64 02 1 04 64
22 071 2 07 51 02 0 02 26
22 072 0 00 19 02 1 03 19
22 073 1 16 35 00 0 04 22
22 074 2 06 14 00 1 02 14
22 075 0 13 43 01 1 03 43
22 076 1 08 59 04 1 04 59
22 077 2 07 51 02 0 02 26
22 078 0 15 39 03 0 03 26
22 079 1 01 22 03 0 04 29
22 080 2 06 14 00 1 02 14
22 081 0 13 43 01 1 03 43
22 082 1 02 64 02 1 04 64
22 083 2 16 26 01 1 02 26
22 084 0 15 39 03 0 03 26
22 085 1 08 59 04 1 04 59
22 086 2 07 51 02 0 02 26
22 087 0 00 19 02 1 03 19
22 088 1 01 22 03 1 04 22
22 089 2 16 26 01 1 02 26
22 090 0 16 52 00 0 03 22
22 091 1 12 75 01 1 04 75
22 092 2 06 14 00 1 02 14
22 093 0 00 19 02 1 03 19
22 094 1 16 35 00 0 04 22
22 095 2 07 51 02 0 02 26
22 096 0 16 52 00 0 03 02
22 097 1 16 35 00 0 04 22
22 098 2 16 26 01 1 02 26
22 099 0 13 43 01 1 03 43
22 100 1 01 22 03 1 04 22
22 101 2 06 14 00 1 02 14
22 102 0 15 39 03 0 03 53
22 103 1 02 64 02 1 04 64
22 104 2 06 14 00 1 02 14
22 105 0 00 19 02 1 03 19
22 106 1 08 59 04 1 04 59
22 107 2 07 51 02 0 02 00
22 108 0 15 39 03 0 03 00
22 109 1 12 75 01 0 04 00
22 110 2 16 26 01 0 02 00
22 111 0 13 43 01 1 03 43
22 112 1 08 59 04 1 04 59
22 113 2 06 14 00 1 02 14
22 114 0 16 52 00 1 03 52
22 115 1 02 64 02 1 04 64
22 116 2 16 26 01 1 02 26
22 117 0 13 43 01 1 03 43
22 118 1 01 22 03 1 04 22
22 119 2 07 51 02 0 02 35
22 120 0 15 39 03 0 03 34
22 121 1 16 35 00 0 04 43
22 122 2 16 26 01 1 02 26
22 123 0 16 52 00 1 03 52
22 124 1 12 75 01 1 04 75
22 125 2 07 51 02 0 02 26
22 126 0 00 19 02 1 03 19
22 127 1 01 22 03 1 04 22
22 128 2 06 14 00 1 02 14
22 129 0 13 43 01 1 03 43
22 130 1 02 64 02 1 04 64
22 131 2 07 51 02 0 02 26
22 132 0 15 39 03 1 03 39
22 133 1 08 59 04 1 04 59
22 134 2 16 26 01 1 02 26
22 135 0 00 19 02 1 03 19
22 136 1 16 35 00 0 04 00
22 137 2 06 14 00 1 02 14
22 138 0 16 52 00 1 03 52
22 139 1 12 75 01 1 04 75
22 140 2 06 14 00 1 02 14
22 141 0 16 52 00 0 04 22
22 142 1 08 59 04 1 04 59
22 143 2 07 51 02 0 02 26
22 144 0 15 39 03 1 04 39
22 145 1 01 22 03 1 04 22
22 146 2 16 26 01 1 02 26
22 147 0 00 19 02 1 04 19
22 148 1 02 64 02 1 04 64
22 149 2 07 51 02 0 02 00
22 150 0 13 43 01 1 04 43
22 151 1 16 35 00 0 04 22
22 152 2 06 14 00 1 02 14
22 153 0 02 30 04 1 04 30
22 154 1 12 75 01 1 04 75
22 155 2 16 26 01 1 02 26
22 156 0 15 39 03 0 04 34
22 157 1 12 75 01 1 04 75
22 158 2 16 26 01 1 02 26
22 159 0 16 52 00 1 04 52
22 160 1 16 35 00 1 04 35
22 161 2 06 14 00 1 02 14
22 162 0 00 19 02 1 04 19
22 163 1 01 22 03 1 04 22
22 164 2 07 51 02 1 02 51
22 165 0 02 30 04 1 04 30
22 166 1 02 64 02 1 04 64
22 167 2 08 67 03 1 03 67
22 168 0 13 43 01 1 04 43
22 169 1 08 59 04 0 04 55
22 170 2 16 26 01 0 03 43
22 171 0 00 19 02 0 04 03
22 172 1 16 35 00 0 04 11
22 173 2 07 51 02 0 03 03
22 174 0 15 39 03 0 04 03
22 175 1 02 64 02 0 04 00
22 176 2 06 14 00 0 03 00
22 177 0 16 52 00 0 04 00
22 178 1 12 75 01 0 04 00
22 179 2 07 51 02 0 03 00
22 180 0 13 43 01 0 04 00
22 181 1 08 59 04 0 04 00
22 182 2 08 67 03 0 03 00
22 183 0 02 30 04 0 04 00
22 184 1 01 22 03 0 04 00
22 185 2 06 14 00 0 03 00
22 186 0 00 19 02 0 04 00
22 187 1 01 22 03 0 04 00
22 188 2 16 26 01 0 03 00
22 189 0 13 43 01 0 04 00
22 190 1 12 75 01 0 04 00
22 191 2 08 67 03 0 03 00
22 192 0 15 39 03 0 04 00
22 193 1 02 64 02 0 04 00
22 194 2 07 51 02 0 03 00
22 195 0 02 30 04 0 04 00
22 196 1 16 35 00 0 04 00
22 197 2 16 26 01 0 03 00
22 198 0 16 52 00 0 04 00
22 199 1 08 59 04 0 04 00
22 200 2 06 14 00 0 03 00
22 201 0 16 52 00 0 04 00
22 202 1 02 64 02 0 04 00
22 203 2 07 51 02 0 03 00
22 204 0 00 19 02 0 04 00
22 205 1 01 22 03 0 04 00
22 206 2 08 67 03 0 03 00
22 207 0 02 30 04 0 04 00
22 208 1 16 35 00 0 04 00
22 209 2 06 14 00 0 03 00
22 210 0 13 43 01 0 04 00
22 211 1 08 59 04 0 04 00
22 212 2 16 26 01 0 03 00
22 213 0 15 39 03 0 04 03
22 214 1 12 75 01 1 04 75
22 215 2 07 51 02 0 03 05
22 216 0 16 52 00 1 04 52
22 217 1 01 22 03 1 04 22
22 218 2 06 14 00 1 03 14
22 219 0 02 30 04 1 04 30
22 220 1 08 59 04 0 04 50
22 221 2 08 67 03 1 03 67
22 222 0 00 19 02 1 04 19
22 223 1 16 35 00 1 04 35
22 224 2 16 26 01 1 03 26
22 225 0 15 39 03 1 04 39
22 226 1 12 75 01 1 04 75
22 227 2 08 67 03 1 03 67
22 228 0 13 43 01 1 04 43
22 229 1 02 64 02 1 04 64
22 230 2 07 51 02 0 03 26
22 231 0 15 39 03 1 05 39
22 232 1 16 35 00 1 04 35
22 233 2 16 26 01 1 03 26
22 234 0 02 30 04 1 05 30
22 235 1 02 64 02 1 04 64
22 236 2 06 14 00 1 03 14
22 237 0 00 19 02 1 05 19
22 238 1 08 59 04 1 04 59
22 239 2 06 14 00 1 03 14
22 240 0 13 43 01 1 05 43
22 241 1 12 75 01 1 04 75
22 242 2 08 67 03 1 03 67
22 243 0 16 52 00 0 05 22
22 244 1 01 22 03 0 04 02
22 245 2 07 51 02 0 03 35
22 246 0 05 29 05 1 05 29
22 247 1 02 64 02 1 04 64
22 248 2 16 26 01 1 03 26
22 249 0 05 29 05 1 05 29
22 250 1 16 35 00 1 04 35
22 251 2 16 26 01 1 03 26
22 252 0 13 43 01 1 05 43
22 253 1 12 75 01 1 04 75
22 254 2 08 67 03 1 03 67
22 255 0 16 52 00 1 05 52
22 256 1 08 59 04 1 04 59
22 257 2 06 14 00 1 03 14
22 258 0 02 30 04 1 05 30
22 259 1 01 22 03 1 04 22
22 260 2 07 51 02 0 03 02
22 261 0 15 39 03 1 05 39
22 262 1 12 75 01 1 05 75
22 263 2 07 51 02 1 03 51
22 264 0 00 19 02 1 05 19
22 265 1 01 22 03 0 05 52
22 266 2 16 26 01 1 03 26
22 267 0 16 52 00 0 06 22
22 268 1 08 59 04 1 05 59
22 269 2 08 67 03 1 03 67
22 270 0 08 36 06 1 06 36
22 271 1 04 50 05 1 05 50
22 272 2 06 14 00 1 03 14
22 273 0 05 29 05 1 06 29
22 274 1 02 64 02 1 05 64
22 275 2 06 14 00 1 04 14
22 276 0 15 39 03 1 06 39
22 277 1 16 35 00 1 05 35
22 278 2 04 21 04 1 04 21
22 279 0 13 43 01 1 06 43
22 280 1 02 64 02 1 05 64
22 281 2 07 51 02 0 04 26
22 282 0 00 19 02 1 06 19
22 283 1 12 75 01 1 05 75
22 284 2 16 26 01 1 04 26
22 285 0 02 30 04 0 06 03
22 286 1 16 35 00 0 05 00
22 287 2 08 67 03 0 04 00
22 288 0 15 39 03 0 06 00
22 289 1 01 22 03 0 05 00
22 290 2 07 51 02 0 04 00
22 291 0 00 19 02 0 06 00
22 292 1 04 50 05 0 05 00
22 293 2 08 67 03 0 04 00
22 294 0 16 52 00 0 06 00
22 295 1 08 59 04 0 05 00
22 296 2 16 26 01 0 04 00
22 297 0 13 43 01 0 06 00
22 298 1 04 50 05 0 05 00
22 299 2 06 14 00 0 04 00
