09 000 0 14 36 00 1 00 36
09 001 1 12 39 00 1 00 39
09 002 2 08 44 00 1 00 44
09 003 0 14 36 00 0 01 58
09 004 1 07 58 01 1 01 58
09 005 2 08 44 00 1 01 44
09 006 0 15 13 01 0 01 72
09 007 1 12 39 00 1 01 39
09 008 2 15 72 01 1 01 72
09 009 0 14 36 00 1 01 36
09 010 1 12 39 00 1 02 39
09 011 2 09 20 02 1 02 20
09 012 0 15 13 01 1 01 13
09 013 1 01 31 02 0 02 32
09 014 2 15 72 01 1 02 72
09 015 0 14 36 00 1 02 36
09 016 1 07 58 01 0 02 53
09 017 2 08 44 00 1 02 44
09 018 0 08 69 02 1 02 69
09 019 1 07 58 01 1 02 58
09 020 2 07 32 03 0 03 13
09 021 0 15 13 01 1 02 13
09 022 1 01 31 02 1 02 31
09 023 2 08 44 00 1 03 44
09 024 0 15 13 01 1 03 13
09 025 1 12 39 00 1 02 39
09 026 2 15 72 01 1 03 72
09 027 0 08 69 02 1 03 69
09 028 1 01 31 02 1 03 31
09 029 2 09 20 02 0 03 53
09 030 0 09 50 03 1 03 50
09 031 1 04 22 03 1 03 22
09 032 2 07 32 03 0 03 20
09 033 0 14 36 00 1 03 36
09 034 1 07 58 01 1 03 58
09 035 2 15 72 01 1 03 72
09 036 0 08 69 02 1 04 69
09 037 1 12 39 00 1 03 39
09 038 2 09 20 02 1 03 20
09 039 0 15 13 01 1 04 13
09 040 1 03 66 04 1 04 66
09 041 2 08 44 00 1 03 44
09 042 0 09 50 03 1 04 50
09 043 1 04 22 03 1 04 22
09 044 2 09 20 02 1 03 20
09 045 0 07 77 04 1 04 77
09 046 1 07 58 01 0 04 39
09 047 2 07 32 03 1 03 32
09 048 0 14 36 00 1 04 36
09 049 1 12 39 00 1 04 39
09 050 2 15 72 01 1 03 72
09 051 0 15 13 01 1 05 13
09 052 1 01 31 02 1 04 31
09 053 2 08 44 00 1 03 44
09 054 0 00 19 05 1 05 19
09 055 1 01 31 02 1 04 31
09 056 2 09 20 02 1 04 20
09 057 0 14 36 00 1 05 36
09 058 1 04 22 03 1 04 22
09 059 2 08 44 00 1 04 44
09 060 0 09 50 03 1 05 50
09 061 1 12 39 00 1 04 39
09 062 2 12 71 04 1 04 71
09 063 0 07 77 04 1 05 77
09 064 1 03 66 04 1 04 66
09 065 2 15 72 01 1 04 72
09 066 0 08 69 02 1 05 69
09 067 1 07 58 01 1 04 58
09 068 2 07 32 03 0 04 31
09 069 0 15 13 01 1 06 13
09 070 1 08 57 05 1 05 57
09 071 2 09 20 02 1 04 20
09 072 0 13 43 06 1 06 43
09 073 1 01 31 02 1 05 31
09 074 2 15 72 01 1 04 72
09 075 0 14 36 00 1 06 36
09 076 1 03 66 04 1 05 66
09 077 2 12 71 04 1 04 71
09 078 0 09 50 03 1 06 50
09 079 1 07 58 01 1 05 58
09 080 2 08 44 00 1 04 44
09 081 0 08 69 02 1 06 69
09 082 1 04 22 03 1 05 22
09 083 2 07 32 03 1 04 32
09 084 0 07 77 04 1 06 77
09 085 1 12 39 00 1 05 39
09 086 2 07 32 03 1 05 32
09 087 0 00 19 05 1 06 19
09 088 1 04 22 03 1 06 22
09 089 2 08 44 00 1 05 44
09 090 0 08 69 02 1 07 69
09 091 1 03 66 04 1 06 66
09 092 2 09 20 02 1 05 20
09 093 0 00 19 05 1 07 19
09 094 1 01 31 02 1 06 31
09 095 2 12 71 04 1 05 71
09 096 0 14 36 00 1 07 36
09 097 1 08 57 05 1 06 57
09 098 2 15 72 01 1 05 72
09 099 0 07 77 04 1 07 77
09 100 1 07 58 01 1 06 58
09 101 2 16 37 05 1 05 37
09 102 0 05 18 07 1 07 18
09 103 1 12 39 00 1 06 39
09 104 2 15 72 01 1 06 72
09 105 0 09 50 03 1 07 50
09 106 1 13 17 06 1 06 17
09 107 2 16 37 05 1 06 37
09 108 0 15 13 01 1 07 13
09 109 1 12 39 00 1 07 39
09 110 2 08 44 00 1 06 44
09 111 0 13 43 06 1 07 43
09 112 1 04 22 03 1 07 22
09 113 2 07 32 03 1 06 32
09 114 0 13 43 06 1 08 43
09 115 1 01 31 02 1 07 31
09 116 2 09 20 02 1 06 20
09 117 0 00 19 05 1 08 19
09 118 1 03 66 04 1 07 66
09 119 2 12 71 04 1 06 71
09 120 0 05 18 07 1 08 18
09 121 1 08 57 05 1 07 57
09 122 2 03 46 06 1 06 46
09 123 0 08 69 02 1 08 69
09 124 1 07 58 01 1 07 58
09 125 2 09 20 02 1 07 20
09 126 0 14 36 00 1 08 36
09 127 1 16 76 07 0 07 74
09 128 2 16 37 05 1 07 37
09 129 0 07 77 04 1 08 77
09 130 1 13 17 06 1 07 17
09 131 2 03 46 06 1 07 46
09 132 0 09 50 03 1 08 50
09 133 1 16 76 07 1 07 76
09 134 2 07 32 03 1 07 32
09 135 0 03 14 08 1 08 14
09 136 1 03 66 04 1 07 66
09 137 2 08 44 00 1 07 44
09 138 0 15 13 01 1 08 13
09 139 1 04 22 03 1 07 22
09 140 2 15 72 01 1 07 72
09 141 0 08 69 02 1 09 69
09 142 1 01 31 02 1 07 31
09 143 2 12 71 04 1 07 71
09 144 0 09 50 03 1 09 50
09 145 1 07 58 01 1 07 58
09 146 2 05 78 07 1 07 78
09 147 0 00 19 05 1 09 19
09 148 1 12 39 00 1 07 39
09 149 2 08 44 00 1 08 44
09 150 0 15 13 01 1 09 13
09 151 1 08 57 05 1 07 57
09 152 2 09 20 02 1 08 20
09 153 0 14 36 00 1 09 36
09 154 1 13 17 06 1 07 17
09 155 2 12 71 04 1 08 71
09 156 0 07 77 04 1 09 77
09 157 1 08 57 05 1 08 57
09 158 2 17 53 08 1 08 53
09 159 0 13 43 06 1 09 43
09 160 1 04 22 03 1 08 22
09 161 2 15 72 01 1 08 72
09 162 0 03 14 08 1 09 14
09 163 1 03 66 04 1 08 66
09 164 2 16 37 05 1 08 37
09 165 0 02 47 09 1 09 47
09 166 1 12 39 00 1 08 39
09 167 2 05 78 07 1 08 78
09 168 0 05 18 07 1 09 18
09 169 1 16 76 07 0 08 78
09 170 2 03 46 06 1 08 46
09 171 0 05 18 07 1 10 18
09 172 1 13 17 06 1 08 17
09 173 2 07 32 03 1 08 32
09 174 0 02 47 09 1 10 47
09 175 1 15 34 08 1 08 34
09 176 2 09 20 02 1 09 20
09 177 0 09 50 03 1 10 50
09 178 1 07 58 01 1 08 58
09 179 2 05 78 07 1 09 78
09 180 0 00 19 05 1 10 19
09 181 1 01 31 02 1 08 31
09 182 2 16 37 05 1 09 37
09 183 0 15 13 01 1 10 13
09 184 1 16 76 07 1 08 76
09 185 2 03 46 06 1 09 46
09 186 0 13 43 06 1 10 43
09 187 1 15 34 08 1 08 34
09 188 2 08 44 00 1 09 44
09 189 0 16 61 10 1 10 61
09 190 1 07 58 01 1 08 58
09 191 2 17 53 08 1 09 53
09 192 0 07 77 04 1 10 77
09 193 1 01 31 02 1 08 31
09 194 2 12 71 04 1 09 71
09 195 0 03 14 08 1 10 14
09 196 1 12 39 00 1 08 39
09 197 2 15 72 01 1 09 72
09 198 0 14 36 00 1 10 36
09 199 1 04 22 03 1 08 22
09 200 2 07 32 03 1 09 32
09 201 0 08 69 02 1 10 69
09 202 1 08 57 05 1 08 57
09 203 2 04 75 09 1 09 75
09 204 0 14 36 00 1 11 36
09 205 1 13 17 06 1 08 17
09 206 2 16 37 05 1 10 37
09 207 0 07 77 04 1 11 77
09 208 1 03 66 04 1 08 66
09 209 2 17 53 08 1 10 53
09 210 0 02 47 09 1 11 47
09 211 1 07 58 01 1 09 58
09 212 2 07 32 03 1 10 32
09 213 0 03 14 08 1 11 14
09 214 1 12 39 00 1 09 39
09 215 2 09 20 02 1 10 20
09 216 0 00 19 05 1 11 19
09 217 1 16 76 07 1 09 76
09 218 2 08 44 00 1 10 44
09 219 0 13 43 06 1 11 43
09 220 1 08 57 05 1 09 57
09 221 2 15 72 01 1 10 72
09 222 0 04 23 11 1 11 23
09 223 1 15 34 08 1 09 34
09 224 2 04 75 09 1 10 75
09 225 0 08 69 02 1 11 69
09 226 1 01 31 02 1 09 31
09 227 2 03 46 06 1 10 46
09 228 0 09 50 03 1 11 50
09 229 1 13 17 06 1 09 17
09 230 2 13 29 10 1 10 29
09 231 0 15 13 01 1 11 13
09 232 1 03 66 04 1 09 66
09 233 2 12 71 04 1 10 71
09 234 0 05 18 07 1 11 18
09 235 1 00 45 09 1 09 45
09 236 2 05 78 07 1 10 78
09 237 0 16 61 10 1 11 61
09 238 1 04 22 03 1 09 22
09 239 2 08 44 00 1 11 44
09 240 0 02 47 09 1 12 47
09 241 1 00 45 09 1 10 45
09 242 2 04 75 09 1 11 75
09 243 0 17 27 12 1 12 27
09 244 1 08 57 05 1 10 57
09 245 2 13 29 10 1 11 29
09 246 0 00 19 05 1 12 19
09 247 1 01 31 02 1 10 31
09 248 2 15 72 01 1 11 72
09 249 0 15 13 01 1 12 13
09 250 1 04 22 03 1 10 22
09 251 2 16 37 05 1 11 37
09 252 0 09 50 03 1 12 50
09 253 1 07 58 01 1 10 58
09 254 2 12 71 04 1 11 71
09 255 0 05 18 07 1 12 18
09 256 1 13 17 06 1 10 17
09 257 2 09 20 02 1 11 20
09 258 0 07 77 04 1 12 77
09 259 1 03 66 04 1 10 66
09 260 2 02 52 11 0 11 42
09 261 0 04 23 11 1 12 23
09 262 1 16 76 07 1 10 76
09 263 2 03 46 06 1 11 46
09 264 0 16 61 10 1 12 61
09 265 1 06 62 10 1 10 62
09 266 2 07 32 03 1 11 32
09 267 0 03 14 08 1 12 14
09 268 1 15 34 08 1 10 34
09 269 2 17 53 08 1 11 53
09 270 0 08 69 02 1 12 69
09 271 1 12 39 00 1 10 39
09 272 2 05 78 07 1 11 78
09 273 0 14 36 00 1 12 36
09 274 1 13 17 06 1 11 17
09 275 2 05 78 07 1 11 78
09 276 0 13 43 06 1 12 43
09 277 1 07 58 01 1 11 58
09 278 2 07 32 03 1 11 32
09 279 0 03 14 08 1 13 14
09 280 1 04 22 03 1 11 22
09 281 2 02 52 11 1 11 52
09 282 0 08 69 02 1 13 69
09 283 1 05 26 11 1 11 26
09 284 2 08 44 00 1 11 44
09 285 0 00 19 05 1 13 19
09 286 1 16 76 07 0 11 78
09 287 2 09 20 02 1 11 20
09 288 0 13 43 06 1 13 43
09 289 1 15 34 08 1 11 34
09 290 2 12 71 04 1 11 71
09 291 0 17 27 12 1 13 27
09 292 1 03 66 04 1 11 66
09 293 2 15 72 01 1 11 72
09 294 0 04 23 11 0 13 22
09 295 1 12 39 00 1 11 39
09 296 2 16 37 05 1 11 37
09 297 0 05 18 07 1 13 18
09 298 1 01 31 02 1 11 31
09 299 2 17 53 08 1 11 53
