07 000 0 12 36 00 1 00 36
07 001 1 05 67 00 1 00 67
07 002 2 17 74 00 0 00 77
07 003 0 00 49 01 0 01 34
07 004 1 15 73 01 0 01 37
07 005 2 17 74 00 0 00 67
07 006 0 12 36 00 1 01 36
07 007 1 05 67 00 0 01 37
07 008 2 17 74 00 0 00 45
07 009 0 12 36 00 1 01 36
07 010 1 05 67 00 0 01 37
07 011 2 17 74 00 1 00 74
07 012 0 00 49 01 0 01 47
07 013 1 15 73 01 0 01 37
07 014 2 17 74 00 0 01 47
07 015 0 00 49 01 0 01 47
07 016 1 15 73 01 1 01 73
07 017 2 11 59 01 0 01 49
07 018 0 12 36 00 1 01 36
07 019 1 05 67 00 0 01 47
07 020 2 17 74 00 0 01 59
07 021 0 12 36 00 1 01 36
07 022 1 15 73 01 1 01 73
07 023 2 11 59 01 0 01 49
07 024 0 00 49 01 1 01 49
07 025 1 05 67 00 1 01 67
07 026 2 17 74 00 0 01 59
07 027 0 08 30 02 1 02 30
07 028 1 05 67 00 1 02 67
07 029 2 11 59 01 1 01 59
07 030 0 00 49 01 1 02 49
07 031 1 15 73 01 1 02 73
07 032 2 17 74 00 1 01 74
07 033 0 12 36 00 1 02 36
07 034 1 03 75 02 1 02 75
07 035 2 11 59 01 1 01 59
07 036 0 00 49 01 1 03 49
07 037 1 15 73 01 1 03 73
07 038 2 14 68 02 1 02 68
07 039 0 03 11 03 1 03 11
07 040 1 03 75 02 1 03 75
07 041 2 17 74 00 1 02 74
07 042 0 12 36 00 1 03 36
07 043 1 05 67 00 0 03 73
07 044 2 11 59 01 1 02 59
07 045 0 08 30 02 1 03 30
07 046 1 00 42 03 0 03 24
07 047 2 00 18 03 1 03 18
07 048 0 08 30 02 1 04 30
07 049 1 00 42 03 1 03 42
07 050 2 14 68 02 1 03 68
07 051 0 12 36 00 1 04 36
07 052 1 05 67 00 1 03 67
07 053 2 11 59 01 1 03 59
07 054 0 00 49 01 1 04 49
07 055 1 03 75 02 1 03 75
07 056 2 17 74 00 1 03 74
07 057 0 03 11 03 1 04 11
07 058 1 15 73 01 1 03 73
07 059 2 17 74 00 1 04 74
07 060 0 01 64 04 1 04 64
07 061 1 03 75 02 1 04 75
07 062 2 11 59 01 1 04 59
07 063 0 03 11 03 1 05 11
07 064 1 17 69 04 1 04 69
07 065 2 00 18 03 1 04 18
07 066 0 08 30 02 1 05 30
07 067 1 00 42 03 1 04 42
07 068 2 12 54 04 1 04 54
07 069 0 12 36 00 1 05 36
07 070 1 15 73 01 1 04 73
07 071 2 14 68 02 1 04 68
07 072 0 01 64 04 1 05 64
07 073 1 05 67 00 1 04 67
07 074 2 17 74 00 0 05 67
07 075 0 00 49 01 1 05 49
07 076 1 15 73 01 1 05 73
07 077 2 11 59 01 1 05 59
07 078 0 16 71 05 0 05 67
07 079 1 17 69 04 1 05 69
07 080 2 00 18 03 1 05 18
07 081 0 12 36 00 1 05 36
07 082 1 08 46 05 1 05 46
07 083 2 12 54 04 0 05 71
07 084 0 08 30 02 1 05 30
07 085 1 05 67 00 1 05 67
07 086 2 03 65 05 0 05 61
07 087 0 03 11 03 1 05 11
07 088 1 03 75 02 1 05 75
07 089 2 14 68 02 0 05 71
07 090 0 01 64 04 1 05 64
07 091 1 00 42 03 1 05 42
07 092 2 12 54 04 0 05 71
07 093 0 00 49 01 1 05 49
07 094 1 09 53 06 1 06 53
07 095 2 03 65 05 1 05 65
07 096 0 16 71 05 1 05 71
07 097 1 03 75 02 1 06 75
07 098 2 00 18 03 1 05 18
07 099 0 08 30 02 1 06 30
07 100 1 05 67 00 1 06 67
07 101 2 11 59 01 1 05 59
07 102 0 14 13 06 1 06 13
07 103 1 08 46 05 0 06 64
07 104 2 14 68 02 1 05 68
07 105 0 03 11 03 1 06 11
07 106 1 15 73 01 1 06 73
07 107 2 17 74 00 1 05 74
07 108 0 12 36 00 1 06 36
07 109 1 17 69 04 1 06 69
07 110 2 00 18 03 1 05 18
07 111 0 00 49 01 1 06 49
07 112 1 00 42 03 1 06 42
07 113 2 03 65 05 1 05 65
07 114 0 01 64 04 1 06 64
07 115 1 15 73 01 1 06 73
07 116 2 17 74 00 1 05 74
07 117 0 16 71 05 1 06 71
07 118 1 09 53 06 1 06 53
07 119 2 14 68 02 0 05 71
07 120 0 01 64 04 1 07 64
07 121 1 05 67 00 1 06 67
07 122 2 12 54 04 0 05 71
07 123 0 14 13 06 1 07 13
07 124 1 08 46 05 1 06 46
07 125 2 11 59 01 1 05 59
07 126 0 00 49 01 1 07 49
07 127 1 03 75 02 1 06 75
07 128 2 00 18 03 1 05 18
07 129 0 08 30 02 1 07 30
07 130 1 00 42 03 1 06 42
07 131 2 11 59 01 1 05 59
07 132 0 12 36 00 1 07 36
07 133 1 17 69 04 1 06 69
07 134 2 14 68 02 1 05 68
07 135 0 03 11 03 1 07 11
07 136 1 15 73 01 1 07 73
07 137 2 12 54 04 1 05 54
07 138 0 16 71 05 1 07 71
07 139 1 17 69 04 1 07 69
07 140 2 17 74 00 1 05 74
07 141 0 02 35 07 1 07 35
07 142 1 03 75 02 1 07 75
07 143 2 03 65 05 1 05 65
07 144 0 02 35 07 1 08 35
07 145 1 00 42 03 1 07 42
07 146 2 11 59 01 1 06 59
07 147 0 16 71 05 1 08 71
07 148 1 08 46 05 1 07 46
07 149 2 12 54 04 1 06 54
07 150 0 09 40 08 1 08 40
07 151 1 07 27 07 1 07 27
07 152 2 08 63 06 1 06 63
07 153 0 03 11 03 1 08 11
07 154 1 05 67 00 1 07 67
07 155 2 17 74 00 1 06 74
07 156 0 00 49 01 0 08 04
07 157 1 09 53 06 1 07 53
07 158 2 14 68 02 1 06 68
07 159 0 08 30 02 1 08 30
07 160 1 07 27 07 1 08 27
07 161 2 00 18 03 1 06 18
07 162 0 12 36 00 1 08 36
07 163 1 08 46 05 1 08 46
07 164 2 03 65 05 0 06 35
07 165 0 01 64 04 1 08 64
07 166 1 05 67 00 1 08 67
07 167 2 08 63 06 1 06 63
07 168 0 14 13 06 0 08 27
07 169 1 00 42 03 1 08 42
07 170 2 03 65 05 1 06 65
07 171 0 02 35 07 1 08 35
07 172 1 17 69 04 1 08 69
07 173 2 14 68 02 1 06 68
07 174 0 01 64 04 1 08 64
07 175 1 16 28 08 1 08 28
07 176 2 17 74 00 1 06 74
07 177 0 16 71 05 1 08 71
07 178 1 03 75 02 1 08 75
07 179 2 12 54 04 1 06 54
07 180 0 09 40 08 1 08 40
07 181 1 15 73 01 1 08 73
07 182 2 00 18 03 1 06 18
07 183 0 03 11 03 1 08 11
07 184 1 09 53 06 1 08 53
07 185 2 11 59 01 1 06 59
07 186 0 12 36 00 1 08 36
07 187 1 05 67 00 1 09 67
07 188 2 17 74 00 1 07 74
07 189 0 00 49 01 1 08 49
07 190 1 07 27 07 1 09 27
07 191 2 12 54 04 1 07 54
07 192 0 08 30 02 1 08 30
07 193 1 16 28 08 1 09 28
07 194 2 03 65 05 1 07 65
07 195 0 14 13 06 1 08 13
07 196 1 17 69 04 1 09 69
07 197 2 14 68 02 1 07 68
07 198 0 03 11 03 1 09 11
07 199 1 03 75 02 1 09 75
07 200 2 11 59 01 1 07 59
07 201 0 00 49 01 1 09 49
07 202 1 08 46 05 1 09 46
07 203 2 00 18 03 1 07 18
07 204 0 02 35 07 1 09 35
07 205 1 00 42 03 1 09 42
07 206 2 08 63 06 0 07 65
07 207 0 16 71 05 1 09 71
07 208 1 09 53 06 1 09 53
07 209 2 01 21 07 1 07 21
07 210 0 01 64 04 1 09 64
07 211 1 15 73 01 1 09 73
07 212 2 11 59 01 1 07 59
07 213 0 08 30 02 1 09 30
07 214 1 06 41 09 1 09 41
07 215 2 17 74 00 1 07 74
07 216 0 09 40 08 1 09 40
07 217 1 03 75 02 1 10 75
07 218 2 14 68 02 1 07 68
07 219 0 14 13 06 1 09 13
07 220 1 15 73 01 1 10 73
07 221 2 01 21 07 1 07 21
07 222 0 12 36 00 1 09 36
07 223 1 16 28 08 1 10 28
07 224 2 08 63 06 1 07 63
07 225 0 05 44 09 1 09 44
07 226 1 07 27 07 1 10 27
07 227 2 12 54 04 1 07 54
07 228 0 16 71 05 1 10 71
07 229 1 10 47 10 1 10 47
07 230 2 03 65 05 1 07 65
07 231 0 05 44 09 1 10 44
07 232 1 06 41 09 1 10 41
07 233 2 00 18 03 1 07 18
07 234 0 02 35 07 0 10 40
07 235 1 17 69 04 1 10 69
07 236 2 03 65 05 1 08 65
07 237 0 08 30 02 1 10 30
07 238 1 05 67 00 1 10 67
07 239 2 12 54 04 1 08 54
07 240 0 00 49 01 1 10 49
07 241 1 09 53 06 1 10 53
07 242 2 08 63 06 1 08 63
07 243 0 12 36 00 1 10 36
07 244 1 00 42 03 1 10 42
07 245 2 14 68 02 1 08 68
07 246 0 03 11 03 1 10 11
07 247 1 08 46 05 1 10 46
07 248 2 00 18 03 1 08 18
07 249 0 06 77 10 1 10 77
07 250 1 09 53 06 1 11 53
07 251 2 01 21 07 1 08 21
07 252 0 09 40 08 1 10 40
07 253 1 15 73 01 1 11 73
07 254 2 17 74 00 1 08 74
07 255 0 14 13 06 1 10 13
07 256 1 00 42 03 1 11 42
07 257 2 04 19 08 1 08 19
07 258 0 01 64 04 1 10 64
07 259 1 03 75 02 1 11 75
07 260 2 11 59 01 1 08 59
07 261 0 06 77 10 1 10 77
07 262 1 06 41 09 1 11 41
07 263 2 11 59 01 1 09 59
07 264 0 03 11 03 1 10 11
07 265 1 04 52 11 1 11 52
07 266 2 12 54 04 1 09 54
07 267 0 09 40 08 1 10 40
07 268 1 08 46 05 1 11 46
07 269 2 14 68 02 1 09 68
07 270 0 12 36 00 1 10 36
07 271 1 10 47 10 0 11 52
07 272 2 00 18 03 1 09 18
07 273 0 02 35 07 1 10 35
07 274 1 07 27 07 1 11 27
07 275 2 01 21 07 1 09 21
07 276 0 05 44 09 1 10 44
07 277 1 17 69 04 1 11 69
07 278 2 03 65 05 1 09 65
07 279 0 16 71 05 1 10 71
07 280 1 05 67 00 1 11 67
07 281 2 17 74 00 1 09 74
07 282 0 08 30 02 1 10 30
07 283 1 16 28 08 1 11 28
07 284 2 07 32 09 1 09 32
07 285 0 14 13 06 0 10 27
07 286 1 17 69 04 1 11 69
07 287 2 08 63 06 0 09 32
07 288 0 00 49 01 1 10 49
07 289 1 04 52 11 1 11 52
07 290 2 04 19 08 1 09 19
07 291 0 01 64 04 1 10 64
07 292 1 16 28 08 1 11 28
07 293 2 12 54 04 1 09 54
07 294 0 00 49 01 1 10 49
07 295 1 10 47 10 1 11 47
07 296 2 14 68 02 1 09 68
07 297 0 02 35 07 1 10 35
07 298 1 00 42 03 1 11 42
07 299 2 11 59 01 1 09 59
