12 000 0 00 71 00 0 00 07
12 001 1 12 56 00 1 00 56
12 002 2 09 77 00 0 00 76
12 003 0 00 71 00 1 00 71
12 004 1 12 56 00 0 01 76
12 005 2 09 77 00 1 00 77
12 006 0 03 63 01 0 01 54
12 007 1 05 30 01 0 01 56
12 008 2 15 46 01 0 01 56
12 009 0 00 71 00 0 01 77
12 010 1 05 30 01 0 01 77
12 011 2 09 77 00 1 01 77
12 012 0 03 63 01 1 01 63
12 013 1 12 56 00 1 01 56
12 014 2 15 46 01 0 01 77
12 015 0 00 71 00 1 01 71
12 016 1 05 30 01 0 01 63
12 017 2 09 77 00 1 01 77
12 018 0 00 71 00 1 02 71
12 019 1 12 56 00 1 01 56
12 020 2 15 46 01 0 01 30
12 021 0 03 63 01 1 02 63
12 022 1 12 56 00 1 01 56
12 023 2 09 77 00 0 01 71
12 024 0 10 67 02 0 02 63
12 025 1 05 30 01 1 01 30
12 026 2 09 77 00 1 01 77
12 027 0 03 63 01 1 02 63
12 028 1 12 56 00 1 02 56
12 029 2 15 46 01 0 01 71
12 030 0 00 71 00 0 02 77
12 031 1 05 30 01 0 02 63
12 032 2 09 77 00 0 01 73
12 033 0 10 67 02 0 02 63
12 034 1 03 70 02 1 02 70
12 035 2 15 46 01 0 01 71
12 036 0 10 67 02 0 02 63
12 037 1 12 56 00 1 02 56
12 038 2 15 46 01 0 01 67
12 039 0 03 63 01 1 02 63
12 040 1 03 70 02 1 02 70
12 041 2 09 77 00 1 01 77
12 042 0 00 71 00 1 02 71
12 043 1 05 30 01 0 02 73
12 044 2 15 46 01 0 01 71
12 045 0 03 63 01 1 02 63
12 046 1 05 30 01 0 02 46
12 047 2 09 77 00 1 01 77
12 048 0 00 71 00 0 02 63
12 049 1 03 70 02 1 02 70
12 050 2 15 46 01 0 01 71
12 051 0 10 67 02 0 02 63
12 052 1 12 56 00 1 02 56
12 053 2 09 77 00 0 01 71
12 054 0 03 63 01 1 02 63
12 055 1 12 56 00 0 02 71
12 056 2 15 46 01 0 01 71
12 057 0 00 71 00 1 02 71
12 058 1 03 70 02 1 02 70
12 059 2 09 77 00 0 01 46
12 060 0 10 67 02 0 02 46
12 061 1 05 30 01 0 02 57
12 062 2 15 46 01 1 01 46
12 063 0 03 63 01 0 02 67
12 064 1 12 56 00 1 02 56
12 065 2 09 77 00 1 01 77
12 066 0 00 71 00 1 02 71
12 067 1 03 70 02 1 02 70
12 068 2 15 46 01 0 02 43
12 069 0 10 67 02 0 02 63
12 070 1 05 30 01 0 02 77
12 071 2 08 23 02 1 02 23
12 072 0 00 71 00 1 02 71
12 073 1 03 70 02 1 02 70
12 074 2 09 77 00 1 02 77
12 075 0 03 63 01 1 02 63
12 076 1 12 56 00 1 02 56
12 077 2 15 46 01 0 02 43
12 078 0 10 67 02 0 02 63
12 079 1 05 30 01 1 02 30
12 080 2 08 23 02 1 02 23
12 081 0 00 71 00 1 02 71
12 082 1 05 30 01 1 03 30
12 083 2 09 77 00 1 02 77
12 084 0 03 63 01 1 02 63
12 085 1 12 56 00 1 03 56
12 086 2 09 77 00 1 02 77
12 087 0 10 67 02 0 02 46
12 088 1 02 68 03 1 03 68
12 089 2 08 23 02 1 02 23
12 090 0 03 63 01 1 02 63
12 091 1 03 70 02 1 03 70
12 092 2 15 46 01 0 02 63
12 093 0 00 71 00 1 02 71
12 094 1 05 30 01 1 04 30
12 095 2 09 77 00 1 02 77
12 096 0 10 67 02 0 02 63
12 097 1 04 37 04 0 04 38
12 098 2 08 23 02 1 02 23
12 099 0 10 67 02 1 02 67
12 100 1 03 70 02 1 04 70
12 101 2 15 46 01 0 02 63
12 102 0 00 71 00 1 02 71
12 103 1 02 68 03 1 04 68
12 104 2 08 23 02 1 02 23
12 105 0 03 63 01 1 02 63
12 106 1 12 56 00 1 04 56
12 107 2 15 46 01 1 02 46
12 108 0 00 71 00 1 03 71
12 109 1 12 56 00 1 04 56
12 110 2 09 77 00 1 02 77
12 111 0 10 67 02 1 03 67
12 112 1 02 68 03 1 04 68
12 113 2 15 46 01 0 03 67
12 114 0 06 59 03 1 03 59
12 115 1 03 70 02 1 04 70
12 116 2 09 77 00 1 03 77
12 117 0 03 63 01 1 03 63
12 118 1 05 30 01 0 04 63
12 119 2 08 23 02 1 03 23
12 120 0 10 67 02 0 04 63
12 121 1 04 37 04 0 04 59
12 122 2 02 14 03 0 03 25
12 123 0 03 63 01 1 04 63
12 124 1 12 56 00 1 04 56
12 125 2 09 77 00 1 03 77
12 126 0 05 24 04 0 04 59
12 127 1 02 68 03 1 04 68
12 128 2 08 23 02 1 03 23
12 129 0 06 59 03 0 04 58
12 130 1 04 37 04 0 04 30
12 131 2 02 14 03 1 03 14
12 132 0 00 71 00 1 04 71
12 133 1 03 70 02 1 04 70
12 134 2 15 46 01 0 03 07
12 135 0 05 24 04 1 04 24
12 136 1 05 30 01 1 04 30
12 137 2 09 77 00 1 03 77
12 138 0 03 63 01 0 04 46
12 139 1 04 37 04 0 04 32
12 140 2 02 14 03 1 03 14
12 141 0 10 67 02 0 04 75
12 142 1 02 68 03 1 04 68
12 143 2 15 46 01 0 03 77
12 144 0 00 71 00 1 04 71
12 145 1 05 30 01 1 04 30
12 146 2 08 23 02 1 03 23
12 147 0 06 59 03 0 04 47
12 148 1 03 70 02 1 04 70
12 149 2 09 77 00 1 03 77
12 150 0 10 67 02 0 04 59
12 151 1 12 56 00 1 04 56
12 152 2 15 46 01 1 03 46
12 153 0 05 24 04 0 04 49
12 154 1 05 30 01 1 04 30
12 155 2 02 14 03 1 03 14
12 156 0 06 59 03 0 04 49
12 157 1 03 70 02 1 04 70
12 158 2 08 23 02 1 03 23
12 159 0 00 71 00 1 04 71
12 160 1 02 68 03 1 04 68
12 161 2 13 53 04 1 04 53
12 162 0 03 63 01 0 04 46
12 163 1 04 37 04 1 04 37
12 164 2 15 46 01 0 04 30
12 165 0 03 63 01 0 04 47
12 166 1 12 56 00 1 04 56
12 167 2 02 14 03 1 04 14
12 168 0 00 71 00 1 04 71
12 169 1 12 56 00 1 05 56
12 170 2 08 23 02 0 04 14
12 171 0 06 59 03 0 04 37
12 172 1 02 68 03 1 05 68
12 173 2 09 77 00 1 04 77
12 174 0 10 67 02 0 04 54
12 175 1 05 30 01 1 05 30
12 176 2 08 23 02 1 04 23
12 177 0 05 24 04 0 04 53
12 178 1 03 70 02 1 05 70
12 179 2 13 53 04 1 04 53
12 180 0 03 63 01 0 04 35
12 181 1 14 12 05 1 05 12
12 182 2 09 77 00 1 04 77
12 183 0 05 24 04 1 04 24
12 184 1 04 37 04 1 05 37
12 185 2 02 14 03 1 04 14
12 186 0 06 59 03 0 04 46
12 187 1 02 68 03 1 06 68
12 188 2 15 46 01 1 04 46
12 189 0 00 71 00 1 04 71
12 190 1 04 37 04 0 06 49
12 191 2 13 53 04 1 05 53
12 192 0 10 67 02 0 04 57
12 193 1 14 12 05 0 06 21
12 194 2 16 41 05 1 05 41
12 195 0 06 59 03 0 04 53
12 196 1 16 29 06 1 06 29
12 197 2 15 46 01 1 05 46
12 198 0 03 63 01 0 04 53
12 199 1 05 30 01 1 06 30
12 200 2 08 23 02 1 05 23
12 201 0 05 24 04 1 04 24
12 202 1 03 70 02 1 06 70
12 203 2 09 77 00 1 05 77
12 204 0 00 71 00 1 04 71
12 205 1 12 56 00 1 06 56
12 206 2 02 14 03 1 05 14
12 207 0 10 67 02 0 04 05
12 208 1 03 70 02 1 06 70
12 209 2 15 46 01 1 06 46
12 210 0 00 71 00 1 04 71
12 211 1 02 68 03 1 06 68
12 212 2 06 15 06 1 06 15
12 213 0 03 63 01 0 04 57
12 214 1 05 30 01 1 06 30
12 215 2 16 41 05 0 06 14
12 216 0 06 59 03 0 04 63
12 217 1 04 37 04 1 06 37
12 218 2 13 53 04 1 06 53
12 219 0 10 67 02 1 04 67
12 220 1 12 56 00 1 06 56
12 221 2 08 23 02 0 06 01
12 222 0 05 24 04 1 04 24
12 223 1 16 29 06 1 06 29
12 224 2 02 14 03 1 06 14
12 225 0 06 59 03 0 04 63
12 226 1 14 12 05 1 06 12
12 227 2 09 77 00 0 06 46
12 228 0 10 67 02 0 04 06
12 229 1 02 68 03 1 07 68
12 230 2 13 53 04 1 06 53
12 231 0 03 63 01 0 04 58
12 232 1 03 70 02 1 07 70
12 233 2 16 41 05 0 06 14
12 234 0 05 24 04 1 04 24
12 235 1 12 56 00 1 07 56
12 236 2 09 77 00 1 06 77
12 237 0 00 71 00 1 04 71
12 238 1 14 12 05 1 07 12
12 239 2 02 14 03 1 06 14
12 240 0 10 67 02 0 04 58
12 241 1 04 37 04 0 07 30
12 242 2 08 23 02 1 06 23
12 243 0 05 24 04 1 04 24
12 244 1 13 18 07 1 07 18
12 245 2 15 46 01 1 06 46
12 246 0 06 59 03 0 04 39
12 247 1 16 29 06 1 07 29
12 248 2 06 15 06 1 06 15
12 249 0 03 63 01 1 04 63
12 250 1 05 30 01 1 07 30
12 251 2 13 53 04 0 06 15
12 252 0 00 71 00 1 04 71
12 253 1 04 37 04 1 07 37
12 254 2 16 41 05 1 06 41
12 255 0 05 24 04 1 04 24
12 256 1 03 70 02 1 07 70
12 257 2 02 14 03 1 06 14
12 258 0 10 67 02 0 04 63
12 259 1 14 12 05 1 07 12
12 260 2 06 15 06 1 06 15
12 261 0 06 59 03 0 04 63
12 262 1 16 29 06 1 07 29
12 263 2 09 77 00 1 06 77
12 264 0 00 71 00 1 04 71
12 265 1 05 30 01 1 07 30
12 266 2 08 23 02 1 06 23
12 267 0 03 63 01 1 04 63
12 268 1 12 56 00 1 07 56
12 269 2 15 46 01 0 06 04
12 270 0 06 59 03 0 04 63
12 271 1 02 68 03 1 07 68
12 272 2 16 41 05 1 06 41
12 273 0 05 24 04 1 04 24
12 274 1 13 18 07 1 07 18
12 275 2 08 23 02 1 06 23
12 276 0 10 67 02 0 04 36
12 277 1 12 56 00 1 08 56
12 278 2 15 46 01 1 06 46
12 279 0 03 63 01 1 04 63
12 280 1 06 25 08 1 08 25
12 281 2 06 15 06 0 06 14
12 282 0 00 71 00 0 04 07
12 283 1 03 70 02 1 08 70
12 284 2 09 77 00 1 06 77
12 285 0 05 24 04 1 04 24
12 286 1 16 29 06 1 08 29
12 287 2 02 14 03 1 06 14
12 288 0 10 67 02 0 04 63
12 289 1 02 68 03 1 08 68
12 290 2 13 53 04 1 06 53
12 291 0 06 59 03 0 04 63
12 292 1 04 37 04 1 08 37
12 293 2 15 46 01 1 06 46
12 294 0 03 63 01 1 04 63
12 295 1 14 12 05 1 08 12
12 296 2 09 77 00 1 06 77
12 297 0 00 71 00 1 04 71
12 298 1 05 30 01 1 08 30
12 299 2 08 23 02 0 06 12
