25 000 0 07 47 00 1 00 47
25 001 1 12 58 00 1 00 58
25 002 2 11 69 00 1 00 69
25 003 0 07 47 00 1 01 47
25 004 1 03 12 01 1 01 12
25 005 2 11 69 00 1 01 69
25 006 0 12 14 01 1 01 14
25 007 1 12 58 00 0 01 01
25 008 2 03 72 01 0 01 00
25 009 0 12 14 01 1 02 14
25 010 1 12 58 00 1 01 58
25 011 2 03 72 01 1 01 72
25 012 0 17 52 02 1 02 52
25 013 1 03 12 01 1 01 12
25 014 2 11 69 00 1 01 69
25 015 0 07 47 00 1 02 47
25 016 1 07 38 02 1 02 38
25 017 2 03 72 01 0 02 00
25 018 0 07 47 00 0 03 00
25 019 1 12 58 00 0 02 00
25 020 2 02 30 02 0 02 00
25 021 0 12 14 01 0 03 00
25 022 1 03 12 01 0 02 00
25 023 2 11 69 00 0 02 00
25 024 0 17 52 02 0 03 00
25 025 1 12 58 00 0 02 00
25 026 2 03 72 01 0 02 00
25 027 0 15 16 03 0 03 00
25 028 1 07 38 02 0 02 00
25 029 2 11 69 00 0 02 00
25 030 0 15 16 03 0 03 00
25 031 1 03 12 01 0 02 00
25 032 2 02 30 02 0 02 00
25 033 0 17 52 02 0 03 00
25 034 1 03 12 01 0 02 00
25 035 2 11 69 00 0 02 00
25 036 0 07 47 00 0 03 00
25 037 1 12 58 00 0 02 00
25 038 2 03 72 01 0 02 00
25 039 0 12 14 01 0 03 00
25 040 1 07 38 02 0 02 00
25 041 2 02 30 02 0 02 00
25 042 0 17 52 02 0 03 00
25 043 1 07 38 02 0 02 00
25 044 2 02 30 02 0 02 00
25 045 0 15 16 03 0 03 00
25 046 1 12 58 00 0 02 00
25 047 2 03 72 01 0 02 00
25 048 0 07 47 00 0 03 00
25 049 1 03 12 01 0 02 00
25 050 2 11 69 00 0 02 00
25 051 0 12 14 01 0 03 00
25 052 1 03 12 01 0 02 00
25 053 2 03 72 01 0 02 00
25 054 0 07 47 00 0 03 00
25 055 1 07 38 02 0 02 00
25 056 2 11 69 00 0 02 00
25 057 0 15 16 03 0 03 00
25 058 1 12 58 00 0 02 00
25 059 2 02 30 02 0 02 00
25 060 0 17 52 02 0 03 00
25 061 1 07 38 02 0 02 00
25 062 2 03 72 01 0 02 00
25 063 0 12 14 01 0 03 00
25 064 1 03 12 01 0 02 00
25 065 2 11 69 00 0 02 00
25 066 0 15 16 03 0 03 00
25 067 1 12 58 00 0 02 00
25 068 2 02 30 02 0 02 00
25 069 0 07 47 00 0 03 00
25 070 1 12 58 00 0 02 00
25 071 2 11 69 00 0 02 00
25 072 0 12 14 01 0 03 00
25 073 1 07 38 02 0 02 00
25 074 2 02 30 02 0 02 00
25 075 0 17 52 02 0 03 00
25 076 1 03 12 01 0 02 00
25 077 2 03 72 01 0 02 00
25 078 0 07 47 00 0 03 00
25 079 1 07 38 02 0 02 00
25 080 2 02 30 02 1 02 30
25 081 0 17 52 02 1 03 52
25 082 1 12 58 00 1 02 58
25 083 2 11 69 00 1 02 69
25 084 0 12 14 01 1 03 14
25 085 1 03 12 01 0 02 00
25 086 2 03 72 01 0 02 00
25 087 0 15 16 03 1 03 16
25 088 1 07 38 02 1 02 38
25 089 2 02 30 02 1 02 30
25 090 0 15 16 03 1 03 16
25 091 1 03 12 01 1 02 12
25 092 2 03 72 01 1 02 72
25 093 0 12 14 01 1 03 14
25 094 1 12 58 00 1 02 58
25 095 2 11 69 00 1 02 69
25 096 0 07 47 00 1 03 47
25 097 1 12 58 00 1 03 58
25 098 2 15 36 03 1 03 36
25 099 0 17 52 02 1 03 52
25 100 1 07 38 02 1 03 38
25 101 2 02 30 02 1 03 30
25 102 0 17 52 02 1 04 52
25 103 1 08 65 03 1 03 65
25 104 2 11 69 00 1 03 69
25 105 0 15 16 03 1 04 16
25 106 1 03 12 01 1 03 12
25 107 2 03 72 01 1 03 72
25 108 0 12 14 01 1 04 14
25 109 1 08 65 03 1 04 65
25 110 2 15 36 03 0 04 32
25 111 0 06 51 04 1 04 51
25 112 1 07 38 02 1 04 38
25 113 2 02 30 02 1 04 30
25 114 0 07 47 00 1 04 47
25 115 1 03 12 01 1 04 12
25 116 2 10 27 04 1 04 27
25 117 0 12 14 01 1 05 14
25 118 1 12 58 00 1 04 58
25 119 2 11 69 00 1 04 69
25 120 0 17 52 02 1 05 52
25 121 1 15 17 04 0 04 52
25 122 2 03 72 01 1 04 72
25 123 0 04 63 05 1 05 63
25 124 1 03 12 01 1 04 12
25 125 2 02 30 02 1 04 30
25 126 0 06 51 04 1 05 51
25 127 1 12 58 00 1 04 58
25 128 2 03 72 01 1 04 72
25 129 0 07 47 00 1 05 47
25 130 1 07 38 02 1 04 38
25 131 2 11 69 00 1 04 69
25 132 0 15 16 03 1 05 16
25 133 1 08 65 03 1 04 65
25 134 2 15 36 03 1 04 36
25 135 0 08 25 06 1 06 25
25 136 1 15 17 04 1 04 17
25 137 2 10 27 04 1 04 27
25 138 0 17 52 02 1 06 52
25 139 1 07 38 02 1 05 38
25 140 2 03 72 01 1 05 72
25 141 0 15 16 03 1 06 16
25 142 1 12 58 00 1 05 58
25 143 2 15 36 03 1 05 36
25 144 0 04 63 05 1 06 63
25 145 1 06 43 05 1 05 43
25 146 2 02 30 02 1 05 30
25 147 0 07 47 00 1 06 47
25 148 1 08 65 03 1 05 65
25 149 2 11 69 00 0 05 05
25 150 0 06 51 04 0 06 52
25 151 1 03 12 01 1 05 12
25 152 2 07 62 05 1 05 62
25 153 0 12 14 01 1 06 14
25 154 1 15 17 04 1 05 17
25 155 2 10 27 04 1 05 27
25 156 0 17 52 02 1 06 52
25 157 1 08 65 03 1 06 65
25 158 2 03 72 01 1 05 72
25 159 0 08 25 06 1 06 25
25 160 1 07 38 02 1 06 38
25 161 2 11 69 00 1 05 69
25 162 0 06 51 04 1 06 51
25 163 1 04 61 06 1 06 61
25 164 2 02 30 02 1 05 30
25 165 0 15 16 03 1 06 16
25 166 1 15 17 04 1 06 17
25 167 2 10 27 04 1 05 27
25 168 0 04 63 05 1 06 63
25 169 1 06 43 05 0 06 03
25 170 2 07 62 05 1 05 62
25 171 0 07 47 00 1 06 47
25 172 1 12 58 00 1 06 58
25 173 2 15 36 03 1 05 36
25 174 0 12 14 01 1 06 14
25 175 1 03 12 01 1 06 12
25 176 2 11 69 00 1 06 69
25 177 0 15 16 03 1 07 16
25 178 1 07 38 02 1 06 38
25 179 2 04 20 06 1 06 20
25 180 0 06 51 04 1 07 51
25 181 1 03 12 01 1 06 12
25 182 2 03 72 01 1 06 72
25 183 0 08 25 06 1 07 25
25 184 1 12 58 00 1 06 58
25 185 2 07 62 05 1 06 62
25 186 0 10 42 07 1 07 42
25 187 1 04 61 06 1 06 61
25 188 2 15 36 03 1 06 36
25 189 0 04 63 05 1 07 63
25 190 1 15 17 04 1 06 17
25 191 2 10 27 04 1 06 27
25 192 0 17 52 02 1 07 52
25 193 1 08 65 03 1 06 65
25 194 2 02 30 02 1 06 30
25 195 0 12 14 01 1 07 14
25 196 1 06 43 05 1 06 43
25 197 2 07 62 05 1 07 62
25 198 0 07 47 00 1 07 47
25 199 1 03 12 01 1 07 12
25 200 2 11 69 00 1 07 69
25 201 0 04 63 05 1 08 63
25 202 1 08 65 03 1 07 65
25 203 2 02 30 02 1 07 30
25 204 0 06 51 04 1 08 51
25 205 1 11 15 07 1 07 15
25 206 2 15 36 03 1 07 36
25 207 0 17 52 02 1 08 52
25 208 1 12 58 00 1 07 58
25 209 2 10 27 04 1 07 27
25 210 0 14 60 08 1 08 60
25 211 1 07 38 02 1 07 38
25 212 2 03 72 01 1 07 72
25 213 0 12 14 01 1 08 14
25 214 1 15 17 04 1 07 17
25 215 2 09 28 07 1 07 28
25 216 0 15 16 03 1 08 16
25 217 1 04 61 06 1 07 61
25 218 2 04 20 06 1 07 20
25 219 0 08 25 06 1 08 25
25 220 1 06 43 05 1 07 43
25 221 2 03 72 01 1 08 72
25 222 0 10 42 07 0 08 17
25 223 1 06 43 05 1 08 43
25 224 2 15 36 03 1 08 36
25 225 0 07 47 00 1 08 47
25 226 1 07 38 02 1 08 38
25 227 2 11 69 00 1 08 69
25 228 0 12 14 01 1 08 14
25 229 1 03 12 01 1 08 12
25 230 2 02 30 02 1 08 30
25 231 0 10 42 07 1 08 42
25 232 1 12 58 00 1 08 58
25 233 2 07 62 05 1 08 62
25 234 0 04 63 05 1 08 63
25 235 1 01 55 08 0 08 05
25 236 2 09 28 07 1 08 28
25 237 0 14 60 08 1 08 60
25 238 1 11 15 07 0 08 17
25 239 2 10 27 04 1 08 27
25 240 0 17 52 02 1 08 52
25 241 1 15 17 04 1 08 17
25 242 2 00 24 08 1 08 24
25 243 0 08 25 06 1 08 25
25 244 1 04 61 06 1 08 61
25 245 2 04 20 06 1 08 20
25 246 0 06 51 04 0 08 52
25 247 1 08 65 03 1 08 65
25 248 2 07 62 05 1 09 62
25 249 0 15 16 03 1 08 16
25 250 1 01 55 08 1 08 55
25 251 2 12 37 09 1 09 37
25 252 0 07 47 00 1 08 47
25 253 1 15 17 04 1 08 17
25 254 2 10 27 04 1 09 27
25 255 0 17 52 02 1 08 52
25 256 1 11 15 07 1 08 15
25 257 2 04 20 06 1 09 20
25 258 0 06 51 04 1 08 51
25 259 1 12 58 00 1 08 58
25 260 2 15 36 03 1 09 36
25 261 0 14 60 08 1 08 60
25 262 1 08 65 03 1 08 65
25 263 2 00 24 08 0 09 00
25 264 0 07 47 00 1 08 47
25 265 1 03 12 01 1 08 12
25 266 2 02 30 02 1 09 30
25 267 0 10 42 07 1 08 42
25 268 1 04 61 06 1 08 61
25 269 2 09 28 07 1 09 28
25 270 0 12 14 01 1 08 14
25 271 1 07 38 02 1 08 38
25 272 2 03 72 01 1 09 72
25 273 0 08 25 06 1 08 25
25 274 1 06 43 05 1 08 43
25 275 2 11 69 00 1 09 69
25 276 0 04 63 05 1 08 63
25 277 1 11 15 07 1 09 15
25 278 2 12 37 09 1 09 37
25 279 0 15 16 03 1 08 16
25 280 1 04 61 06 1 09 61
25 281 2 00 24 08 1 09 24
25 282 0 14 60 08 0 09 06
25 283 1 08 65 03 1 09 65
25 284 2 09 28 07 1 09 28
25 285 0 04 63 05 1 09 63
25 286 1 13 64 09 1 09 64
25 287 2 02 30 02 1 09 30
25 288 0 12 14 01 1 09 14
25 289 1 07 38 02 1 09 38
25 290 2 10 27 04 1 09 27
25 291 0 15 16 03 1 09 16
25 292 1 03 12 01 1 09 12
25 293 2 04 20 06 1 09 20
25 294 0 17 52 02 1 09 52
25 295 1 01 55 08 1 09 55
25 296 2 03 72 01 1 09 72
25 297 0 06 51 04 1 09 51
25 298 1 12 58 00 1 09 58
25 299 2 11 69 00 1 09 69
