20 000 0 03 33 00 1 00 33
20 001 1 03 65 00 0 00 64
20 002 2 13 34 00 1 00 34
20 003 0 04 12 01 1 01 12
20 004 1 03 65 00 1 00 65
20 005 2 05 42 01 0 01 12
20 006 0 03 33 00 1 01 33
20 007 1 03 65 00 1 01 65
20 008 2 13 34 00 1 01 34
20 009 0 04 12 01 1 02 12
20 010 1 17 45 01 0 01 42
20 011 2 05 42 01 0 01 12
20 012 0 10 13 02 0 02 00
20 013 1 17 45 01 1 01 45
20 014 2 13 34 00 1 01 34
20 015 0 03 33 00 1 02 33
20 016 1 03 65 00 1 01 65
20 017 2 13 34 00 1 01 34
20 018 0 03 33 00 1 02 33
20 019 1 17 45 01 1 02 45
20 020 2 05 42 01 0 01 14
20 021 0 04 12 01 0 02 14
20 022 1 08 16 02 1 02 16
20 023 2 05 42 01 0 01 03
20 024 0 10 13 02 1 02 13
20 025 1 03 65 00 1 02 65
20 026 2 13 34 00 0 01 45
20 027 0 03 33 00 1 02 33
20 028 1 09 30 03 1 03 30
20 029 2 05 42 01 0 01 45
20 030 0 10 13 02 1 02 13
20 031 1 03 65 00 0 03 34
20 032 2 13 34 00 1 01 34
20 033 0 04 12 01 0 02 01
20 034 1 17 45 01 0 03 65
20 035 2 05 42 01 0 01 34
20 036 0 04 12 01 0 02 00
20 037 1 08 16 02 0 03 65
20 038 2 13 34 00 0 01 45
20 039 0 03 33 00 1 02 33
20 040 1 03 65 00 0 03 45
20 041 2 05 42 01 0 01 45
20 042 0 10 13 02 0 02 00
20 043 1 17 45 01 0 03 34
20 044 2 13 34 00 0 01 45
20 045 0 04 12 01 1 02 12
20 046 1 08 16 02 0 03 65
20 047 2 05 42 01 0 01 34
20 048 0 10 13 02 0 02 00
20 049 1 09 30 03 1 03 30
20 050 2 13 34 00 1 01 34
20 051 0 03 33 00 1 02 33
20 052 1 17 45 01 0 03 65
20 053 2 13 34 00 1 01 34
20 054 0 04 12 01 1 02 12
20 055 1 03 65 00 0 03 42
20 056 2 05 42 01 1 01 42
20 057 0 10 13 02 0 02 00
20 058 1 08 16 02 0 03 65
20 059 2 13 34 00 0 02 45
20 060 0 03 33 00 1 02 33
20 061 1 09 30 03 0 03 65
20 062 2 00 32 02 0 02 00
20 063 0 03 33 00 1 02 33
20 064 1 09 30 03 1 03 30
20 065 2 05 42 01 0 02 34
20 066 0 04 12 01 0 02 13
20 067 1 03 65 00 1 03 65
20 068 2 13 34 00 1 02 34
20 069 0 10 13 02 1 02 13
20 070 1 08 16 02 0 03 65
20 071 2 00 32 02 0 02 34
20 072 0 10 13 02 1 02 13
20 073 1 17 45 01 1 03 45
20 074 2 05 42 01 0 02 32
20 075 0 04 12 01 1 02 12
20 076 1 08 16 02 0 03 65
20 077 2 13 34 00 0 02 32
20 078 0 03 33 00 1 02 33
20 079 1 17 45 01 0 03 00
20 080 2 00 32 02 0 02 33
20 081 0 13 66 03 1 03 66
20 082 1 03 65 00 1 03 65
20 083 2 05 42 01 0 02 34
20 084 0 03 33 00 1 03 33
20 085 1 09 30 03 1 03 30
20 086 2 00 32 02 0 02 34
20 087 0 04 12 01 0 03 13
20 088 1 03 65 00 0 03 01
20 089 2 13 34 00 0 02 32
20 090 0 10 13 02 1 03 13
20 091 1 17 45 01 0 03 32
20 092 2 05 42 01 0 02 32
20 093 0 13 66 03 1 03 66
20 094 1 08 16 02 1 03 16
20 095 2 00 32 02 0 02 34
20 096 0 04 12 01 1 03 12
20 097 1 09 30 03 1 03 30
20 098 2 05 42 01 0 02 34
20 099 0 03 33 00 1 03 33
20 100 1 08 16 02 1 03 16
20 101 2 13 34 00 1 02 34
20 102 0 10 13 02 0 03 12
20 103 1 03 65 00 0 03 16
20 104 2 05 42 01 0 02 32
20 105 0 03 33 00 1 03 33
20 106 1 09 30 03 1 03 30
20 107 2 00 32 02 0 02 34
20 108 0 04 12 01 1 03 12
20 109 1 17 45 01 0 03 65
20 110 2 13 34 00 1 02 34
20 111 0 10 13 02 0 03 12
20 112 1 17 45 01 1 03 45
20 113 2 05 42 01 0 02 32
20 114 0 13 66 03 1 03 66
20 115 1 03 65 00 0 03 16
20 116 2 00 32 02 0 02 34
20 117 0 13 66 03 1 03 66
20 118 1 08 16 02 1 03 16
20 119 2 13 34 00 1 02 34
20 120 0 04 12 01 1 03 12
20 121 1 09 30 03 0 03 02
20 122 2 05 42 01 0 02 34
20 123 0 10 13 02 1 03 13
20 124 1 08 16 02 1 03 16
20 125 2 00 32 02 0 02 45
20 126 0 03 33 00 1 03 33
20 127 1 17 45 01 1 03 45
20 128 2 13 34 00 1 02 34
20 129 0 10 13 02 1 04 13
20 130 1 03 65 00 1 03 65
20 131 2 05 42 01 1 02 42
20 132 0 00 35 04 1 04 35
20 133 1 09 30 03 1 03 30
20 134 2 00 32 02 0 02 45
20 135 0 04 12 01 0 04 03
20 136 1 10 43 04 0 04 33
20 137 2 13 34 00 1 02 34
20 138 0 03 33 00 1 04 33
20 139 1 08 16 02 1 04 16
20 140 2 05 42 01 0 02 32
20 141 0 13 66 03 1 04 66
20 142 1 03 65 00 1 04 65
20 143 2 13 34 00 0 02 42
20 144 0 00 35 04 0 04 45
20 145 1 09 30 03 1 04 30
20 146 2 00 32 02 0 02 45
20 147 0 10 13 02 0 04 00
20 148 1 17 45 01 0 04 00
20 149 2 13 34 00 0 02 00
20 150 0 03 33 00 0 04 00
20 151 1 10 43 04 0 04 00
20 152 2 00 32 02 0 02 00
20 153 0 13 66 03 0 04 00
20 154 1 08 16 02 0 04 00
20 155 2 05 42 01 0 02 00
20 156 0 04 12 01 0 04 00
20 157 1 17 45 01 0 04 00
20 158 2 05 42 01 0 02 00
20 159 0 10 13 02 0 04 00
20 160 1 09 30 03 0 04 00
20 161 2 00 32 02 0 02 00
20 162 0 13 66 03 0 04 00
20 163 1 03 65 00 0 04 00
20 164 2 13 34 00 0 02 00
20 165 0 00 35 04 0 04 00
20 166 1 03 65 00 0 04 00
20 167 2 05 42 01 0 02 34
20 168 0 03 33 00 1 04 33
20 169 1 17 45 01 1 04 45
20 170 2 00 32 02 0 02 42
20 171 0 04 12 01 0 04 00
20 172 1 08 16 02 1 04 16
20 173 2 13 34 00 0 02 32
20 174 0 03 33 00 1 04 33
20 175 1 09 30 03 1 04 30
20 176 2 00 32 02 0 02 42
20 177 0 04 12 01 0 04 13
20 178 1 10 43 04 0 04 33
20 179 2 13 34 00 1 02 34
20 180 0 13 66 03 1 04 66
20 181 1 10 43 04 0 04 00
20 182 2 05 42 01 0 02 00
20 183 0 10 13 02 1 04 13
20 184 1 17 45 01 0 04 65
20 185 2 00 32 02 0 02 42
20 186 0 00 35 04 0 04 00
20 187 1 03 65 00 0 04 00
20 188 2 05 42 01 0 02 00
20 189 0 04 12 01 0 04 00
20 190 1 08 16 02 0 04 00
20 191 2 13 34 00 0 02 32
20 192 0 10 13 02 0 04 00
20 193 1 09 30 03 1 04 30
20 194 2 00 32 02 0 02 42
20 195 0 03 33 00 1 04 33
20 196 1 17 45 01 0 04 42
20 197 2 13 34 00 0 02 32
20 198 0 13 66 03 1 04 66
20 199 1 03 65 00 0 04 16
20 200 2 05 42 01 0 02 00
20 201 0 00 35 04 0 04 66
20 202 1 08 16 02 1 04 16
20 203 2 05 42 01 0 02 34
20 204 0 03 33 00 1 04 33
20 205 1 10 43 04 0 04 35
20 206 2 00 32 02 0 02 42
20 207 0 13 66 03 1 04 66
20 208 1 09 30 03 1 04 30
20 209 2 13 34 00 1 02 34
20 210 0 00 35 04 1 04 35
20 211 1 10 43 04 0 04 30
20 212 2 00 32 02 0 02 34
20 213 0 10 13 02 1 04 13
20 214 1 03 65 00 1 04 65
20 215 2 05 42 01 0 02 32
20 216 0 04 12 01 0 04 00
20 217 1 09 30 03 1 04 30
20 218 2 13 34 00 0 02 42
20 219 0 10 13 02 0 04 12
20 220 1 17 45 01 0 04 65
20 221 2 00 32 02 0 02 34
20 222 0 03 33 00 1 04 33
20 223 1 08 16 02 0 04 06
20 224 2 05 42 01 0 02 03
20 225 0 00 35 04 1 04 35
20 226 1 17 45 01 1 04 45
20 227 2 13 34 00 1 02 34
20 228 0 04 12 01 0 04 13
20 229 1 08 16 02 1 04 16
20 230 2 00 32 02 0 02 34
20 231 0 13 66 03 1 04 66
20 232 1 09 30 03 0 04 00
20 233 2 13 34 00 0 02 32
20 234 0 03 33 00 1 04 33
20 235 1 03 65 00 1 04 65
20 236 2 05 42 01 0 02 34
20 237 0 13 66 03 1 04 66
20 238 1 10 43 04 0 04 30
20 239 2 13 34 00 1 02 34
20 240 0 00 35 04 1 04 35
20 241 1 03 65 00 1 04 65
20 242 2 05 42 01 0 02 32
20 243 0 04 12 01 0 04 33
20 244 1 08 16 02 0 04 00
20 245 2 00 32 02 0 02 34
20 246 0 10 13 02 1 04 13
20 247 1 10 43 04 0 04 30
20 248 2 05 42 01 0 02 34
20 249 0 13 66 03 0 04 00
20 250 1 09 30 03 1 04 30
20 251 2 00 32 02 0 02 00
20 252 0 00 35 04 0 04 00
20 253 1 17 45 01 0 04 00
20 254 2 13 34 00 0 02 00
20 255 0 03 33 00 0 04 00
20 256 1 08 16 02 0 04 00
20 257 2 05 42 01 0 02 00
20 258 0 04 12 01 0 04 00
20 259 1 17 45 01 0 04 00
20 260 2 00 32 02 0 02 00
20 261 0 10 13 02 0 04 00
20 262 1 09 30 03 0 04 00
20 263 2 13 34 00 0 02 00
20 264 0 00 35 04 0 04 00
20 265 1 03 65 00 0 04 00
20 266 2 05 42 01 0 02 00
20 267 0 10 13 02 0 04 00
20 268 1 10 43 04 0 04 00
20 269 2 13 34 00 0 02 00
20 270 0 04 12 01 0 04 00
20 271 1 08 16 02 0 04 00
20 272 2 00 32 02 0 02 00
20 273 0 03 33 00 0 04 00
20 274 1 09 30 03 0 04 00
20 275 2 13 34 00 0 02 00
20 276 0 13 66 03 0 04 00
20 277 1 03 65 00 0 04 00
20 278 2 05 42 01 0 02 00
20 279 0 10 13 02 0 04 00
20 280 1 17 45 01 0 04 00
20 281 2 00 32 02 0 02 00
20 282 0 00 35 04 0 04 00
20 283 1 10 43 04 0 04 00
20 284 2 13 34 00 0 02 00
20 285 0 03 33 00 0 04 00
20 286 1 03 65 00 0 04 00
20 287 2 00 32 02 0 02 00
20 288 0 04 12 01 1 04 12
20 289 1 17 45 01 1 04 45
20 290 2 05 42 01 0 02 34
20 291 0 13 66 03 1 04 66
20 292 1 09 30 03 1 04 30
20 293 2 13 34 00 1 02 34
20 294 0 03 33 00 1 04 33
20 295 1 08 16 02 1 04 16
20 296 2 00 32 02 1 02 32
20 297 0 00 35 04 1 04 35
20 298 1 10 43 04 0 04 30
20 299 2 05 42 01 1 02 42
