05 000 0 16 68 00 1 00 68
05 001 1 05 26 00 0 00 23
05 002 2 02 23 00 1 00 23
05 003 0 07 16 01 0 01 21
05 004 1 05 26 00 1 00 26
05 005 2 01 19 01 0 01 23
05 006 0 16 68 00 1 01 68
05 007 1 05 26 00 1 01 26
05 008 2 02 23 00 1 01 23
05 009 0 16 68 00 1 01 68
05 010 1 16 22 01 1 01 22
05 011 2 02 23 00 0 01 19
05 012 0 07 16 01 0 01 22
05 013 1 16 22 01 0 02 23
05 014 2 01 19 01 0 01 23
05 015 0 16 68 00 1 01 68
05 016 1 03 28 02 0 02 42
05 017 2 02 23 00 0 01 16
05 018 0 07 16 01 0 01 22
05 019 1 05 26 00 1 02 26
05 020 2 01 19 01 0 01 23
05 021 0 07 16 01 1 01 16
05 022 1 05 26 00 1 02 26
05 023 2 02 23 00 0 01 22
05 024 0 16 68 00 1 01 68
05 025 1 03 28 02 0 02 22
05 026 2 01 19 01 0 01 23
05 027 0 07 16 01 1 02 16
05 028 1 16 22 01 0 02 23
05 029 2 01 19 01 1 01 19
05 030 0 15 17 02 1 02 17
05 031 1 03 28 02 0 02 22
05 032 2 02 23 00 0 01 22
05 033 0 16 68 00 1 02 68
05 034 1 05 26 00 1 02 26
05 035 2 02 23 00 1 01 23
05 036 0 08 55 03 1 03 55
05 037 1 16 22 01 0 02 26
05 038 2 01 19 01 0 01 16
05 039 0 15 17 02 1 03 17
05 040 1 16 22 01 1 02 22
05 041 2 02 23 00 1 01 23
05 042 0 16 68 00 1 03 68
05 043 1 05 26 00 1 02 26
05 044 2 01 19 01 0 01 26
05 045 0 07 16 01 0 03 22
05 046 1 03 28 02 0 02 23
05 047 2 02 23 00 0 01 19
05 048 0 16 68 00 1 03 68
05 049 1 03 28 02 0 02 19
05 050 2 01 19 01 0 01 23
05 051 0 15 17 02 1 03 17
05 052 1 05 26 00 1 02 26
05 053 2 02 23 00 1 01 23
05 054 0 07 16 01 0 03 19
05 055 1 16 22 01 1 02 22
05 056 2 01 19 01 1 01 19
05 057 0 08 55 03 1 03 55
05 058 1 03 28 02 1 02 28
05 059 2 02 23 00 0 02 16
05 060 0 07 16 01 0 03 19
05 061 1 05 26 00 1 02 26
05 062 2 01 19 01 1 02 19
05 063 0 08 55 03 1 03 55
05 064 1 16 22 01 1 02 22
05 065 2 17 42 02 1 02 42
05 066 0 16 68 00 1 03 68
05 067 1 10 45 03 1 03 45
05 068 2 02 23 00 0 02 16
05 069 0 15 17 02 1 03 17
05 070 1 05 26 00 0 03 22
05 071 2 17 42 02 1 02 42
05 072 0 16 68 00 1 03 68
05 073 1 03 28 02 1 03 28
05 074 2 01 19 01 1 02 19
05 075 0 07 16 01 1 03 16
05 076 1 16 22 01 1 03 22
05 077 2 17 42 02 1 02 42
05 078 0 15 17 02 1 03 17
05 079 1 03 28 02 1 03 28
05 080 2 01 19 01 0 02 23
05 081 0 08 55 03 1 03 55
05 082 1 05 26 00 0 03 23
05 083 2 02 23 00 1 02 23
05 084 0 09 32 04 1 04 32
05 085 1 10 45 03 1 03 45
05 086 2 02 23 00 0 02 26
05 087 0 08 55 03 1 04 55
05 088 1 16 22 01 1 03 22
05 089 2 01 19 01 0 02 16
05 090 0 16 68 00 1 04 68
05 091 1 05 26 00 1 03 26
05 092 2 17 42 02 1 02 42
05 093 0 07 16 01 1 04 16
05 094 1 16 22 01 1 03 22
05 095 2 02 23 00 0 02 19
05 096 0 15 17 02 1 04 17
05 097 1 10 45 03 1 03 45
05 098 2 01 19 01 0 02 23
05 099 0 02 58 05 1 05 58
05 100 1 03 28 02 1 03 28
05 101 2 17 42 02 1 02 42
05 102 0 15 17 02 1 05 17
05 103 1 03 28 02 1 04 28
05 104 2 01 19 01 1 02 19
05 105 0 07 16 01 1 05 16
05 106 1 05 26 00 1 04 26
05 107 2 17 42 02 1 02 42
05 108 0 16 68 00 1 05 68
05 109 1 10 45 03 1 04 45
05 110 2 02 23 00 1 02 23
05 111 0 09 32 04 0 05 58
05 112 1 16 22 01 1 04 22
05 113 2 02 23 00 1 03 23
05 114 0 08 55 03 1 05 55
05 115 1 02 64 04 1 04 64
05 116 2 03 38 03 0 03 52
05 117 0 15 17 02 1 05 17
05 118 1 05 26 00 0 05 23
05 119 2 01 19 01 1 03 19
05 120 0 16 68 00 1 05 68
05 121 1 02 64 04 1 05 64
05 122 2 17 42 02 1 03 42
05 123 0 09 32 04 1 05 32
05 124 1 16 22 01 1 05 22
05 125 2 02 23 00 1 03 23
05 126 0 02 58 05 1 05 58
05 127 1 03 28 02 1 05 28
05 128 2 17 42 02 1 03 42
05 129 0 07 16 01 1 05 16
05 130 1 10 45 03 1 05 45
05 131 2 03 38 03 1 03 38
05 132 0 08 55 03 1 05 55
05 133 1 15 77 05 0 05 82
05 134 2 01 19 01 1 03 19
05 135 0 09 32 04 1 06 32
05 136 1 03 28 02 1 05 28
05 137 2 17 42 02 1 04 42
05 138 0 08 55 03 1 06 55
05 139 1 15 77 05 1 05 77
05 140 2 11 43 04 1 04 43
05 141 0 07 16 01 1 06 16
05 142 1 10 45 03 1 05 45
05 143 2 02 23 00 1 04 23
05 144 0 15 17 02 1 06 17
05 145 1 16 22 01 1 05 22
05 146 2 03 38 03 1 04 38
05 147 0 11 35 06 0 06 52
05 148 1 02 64 04 1 05 64
05 149 2 01 19 01 1 04 19
05 150 0 02 58 05 1 06 58
05 151 1 05 26 00 1 05 26
05 152 2 03 38 03 1 05 38
05 153 0 16 68 00 1 06 68
05 154 1 02 64 04 1 06 64
05 155 2 02 23 00 1 05 23
05 156 0 07 16 01 1 06 16
05 157 1 03 28 02 1 06 28
05 158 2 11 43 04 1 05 43
05 159 0 09 32 04 1 06 32
05 160 1 15 77 05 1 06 77
05 161 2 05 59 05 0 05 38
05 162 0 16 68 00 1 06 68
05 163 1 05 26 00 1 06 26
05 164 2 01 19 01 1 05 19
05 165 0 11 35 06 0 06 52
05 166 1 16 22 01 1 06 22
05 167 2 17 42 02 1 05 42
05 168 0 02 58 05 1 06 58
05 169 1 11 15 06 0 06 35
05 170 2 01 19 01 1 05 19
05 171 0 15 17 02 1 06 17
05 172 1 10 45 03 1 06 45
05 173 2 02 23 00 1 05 23
05 174 0 08 55 03 1 06 55
05 175 1 02 64 04 1 06 64
05 176 2 17 42 02 1 05 42
05 177 0 08 55 03 1 06 55
05 178 1 03 28 02 1 06 28
05 179 2 11 43 04 1 05 43
05 180 0 15 17 02 0 06 51
05 181 1 10 45 03 1 06 45
05 182 2 03 38 03 0 05 53
05 183 0 02 58 05 1 06 58
05 184 1 05 26 00 1 06 26
05 185 2 05 59 05 0 05 53
05 186 0 11 35 06 0 06 53
05 187 1 15 77 05 1 06 77
05 188 2 01 19 01 1 05 19
05 189 0 16 68 00 1 06 68
05 190 1 16 22 01 1 06 22
05 191 2 11 43 04 1 05 43
05 192 0 09 32 04 1 06 32
05 193 1 11 15 06 1 06 15
05 194 2 02 23 00 1 05 23
05 195 0 07 16 01 1 06 16
05 196 1 15 77 05 1 07 77
05 197 2 05 59 05 0 05 38
05 198 0 09 32 04 1 06 32
05 199 1 02 64 04 1 07 64
05 200 2 17 42 02 1 05 42
05 201 0 07 16 01 1 06 16
05 202 1 01 74 07 0 07 52
05 203 2 03 38 03 1 05 38
05 204 0 08 55 03 1 06 55
05 205 1 05 26 00 1 07 26
05 206 2 05 59 05 1 05 59
05 207 0 15 17 02 1 06 17
05 208 1 11 15 06 1 07 15
05 209 2 17 42 02 1 05 42
05 210 0 11 35 06 1 06 35
05 211 1 10 45 03 1 07 45
05 212 2 03 38 03 1 05 38
05 213 0 02 58 05 0 06 52
05 214 1 16 22 01 1 07 22
05 215 2 11 43 04 1 05 43
05 216 0 16 68 00 1 06 68
05 217 1 03 28 02 1 07 28
05 218 2 02 23 00 0 05 43
05 219 0 02 58 05 1 06 58
05 220 1 05 26 00 1 07 26
05 221 2 01 19 01 1 05 19
05 222 0 08 55 03 1 06 55
05 223 1 15 77 05 0 07 64
05 224 2 11 43 04 1 05 43
05 225 0 07 16 01 1 06 16
05 226 1 10 45 03 1 07 45
05 227 2 01 19 01 1 05 19
05 228 0 11 35 06 0 06 58
05 229 1 02 64 04 1 07 64
05 230 2 02 23 00 1 05 23
05 231 0 09 32 04 1 06 32
05 232 1 03 28 02 1 07 28
05 233 2 05 59 05 0 05 38
05 234 0 16 68 00 1 06 68
05 235 1 01 74 07 0 07 54
05 236 2 17 42 02 1 05 42
05 237 0 15 17 02 1 06 17
05 238 1 16 22 01 1 07 22
05 239 2 03 38 03 1 05 38
05 240 0 09 32 04 1 06 32
05 241 1 11 15 06 1 07 15
05 242 2 03 38 03 0 05 59
05 243 0 07 16 01 0 06 02
05 244 1 05 26 00 1 07 26
05 245 2 02 23 00 1 05 23
05 246 0 15 17 02 1 06 17
05 247 1 02 64 04 1 07 64
05 248 2 05 59 05 0 05 54
05 249 0 11 35 06 1 06 35
05 250 1 10 45 03 1 07 45
05 251 2 17 42 02 1 05 42
05 252 0 02 58 05 0 06 15
05 253 1 16 22 01 1 07 22
05 254 2 11 43 04 1 05 43
05 255 0 08 55 03 1 06 55
05 256 1 01 74 07 1 07 74
05 257 2 01 19 01 1 05 19
05 258 0 16 68 00 1 06 68
05 259 1 11 15 06 1 07 15
05 260 2 01 19 01 1 05 19
05 261 0 16 68 00 1 06 68
05 262 1 03 28 02 1 07 28
05 263 2 05 59 05 1 05 59
05 264 0 08 55 03 1 06 55
05 265 1 15 77 05 0 07 35
05 266 2 17 42 02 1 05 42
05 267 0 11 35 06 1 06 35
05 268 1 02 64 04 1 07 64
05 269 2 11 43 04 0 05 04
05 270 0 09 32 04 1 06 32
05 271 1 16 22 01 1 07 22
05 272 2 02 23 00 1 05 23
05 273 0 07 16 01 1 06 16
05 274 1 10 45 03 1 07 45
05 275 2 03 38 03 1 05 38
05 276 0 15 17 02 1 06 17
05 277 1 01 74 07 1 07 74
05 278 2 01 19 01 1 05 19
05 279 0 02 58 05 0 06 35
05 280 1 11 15 06 1 07 15
05 281 2 17 42 02 1 05 42
05 282 0 11 35 06 1 06 35
05 283 1 03 28 02 1 07 28
05 284 2 11 43 04 1 05 43
05 285 0 02 58 05 0 06 77
05 286 1 15 77 05 0 07 58
05 287 2 02 23 00 1 05 23
05 288 0 15 17 02 1 06 17
05 289 1 05 26 00 1 07 26
05 290 2 05 59 05 1 05 59
05 291 0 08 55 03 1 06 55
05 292 1 01 74 07 1 07 74
05 293 2 03 38 03 1 05 38
05 294 0 09 32 04 1 06 32
05 295 1 02 64 04 1 07 64
05 296 2 05 59 05 1 06 59
05 297 0 07 16 01 1 06 16
05 298 1 16 22 01 1 07 22
05 299 2 17 42 02 1 06 42
