21 000 0 04 56 00 1 00 56
21 001 1 08 43 00 0 00 63
21 002 2 10 53 00 0 00 47
21 003 0 11 67 01 0 01 53
21 004 1 08 43 00 1 00 43
21 005 2 10 53 00 1 00 53
21 006 0 04 56 00 0 01 53
21 007 1 09 73 01 0 01 07
21 008 2 06 62 01 0 01 67
21 009 0 04 56 00 0 01 53
21 010 1 08 43 00 1 01 43
21 011 2 10 53 00 0 01 56
21 012 0 11 67 01 0 01 73
21 013 1 08 43 00 0 01 67
21 014 2 06 62 01 0 01 73
21 015 0 04 56 00 0 01 53
21 016 1 09 73 01 1 01 73
21 017 2 10 53 00 0 01 73
21 018 0 11 67 01 1 01 67
21 019 1 08 43 00 0 01 06
21 020 2 06 62 01 0 01 67
21 021 0 11 67 01 1 01 67
21 022 1 09 73 01 1 01 73
21 023 2 10 53 00 1 01 53
21 024 0 04 56 00 0 01 63
21 025 1 09 73 01 0 01 56
21 026 2 06 62 01 0 01 63
21 027 0 04 56 00 1 01 56
21 028 1 08 43 00 1 01 43
21 029 2 10 53 00 0 01 67
21 030 0 11 67 01 0 01 72
21 031 1 09 73 01 1 01 73
21 032 2 10 53 00 0 01 67
21 033 0 04 56 00 0 01 67
21 034 1 08 43 00 1 01 43
21 035 2 06 62 01 0 01 73
21 036 0 11 67 01 0 01 62
21 037 1 08 43 00 1 02 43
21 038 2 06 62 01 0 01 67
21 039 0 04 56 00 1 01 56
21 040 1 09 73 01 0 02 43
21 041 2 10 53 00 0 01 56
21 042 0 11 67 01 0 01 43
21 043 1 11 59 02 1 02 59
21 044 2 10 53 00 1 01 53
21 045 0 04 56 00 1 01 56
21 046 1 11 59 02 1 02 59
21 047 2 06 62 01 0 01 63
21 048 0 11 67 01 0 01 43
21 049 1 08 43 00 0 02 00
21 050 2 10 53 00 0 01 62
21 051 0 11 67 01 1 01 67
21 052 1 09 73 01 1 02 73
21 053 2 06 62 01 0 01 56
21 054 0 04 56 00 0 01 67
21 055 1 08 43 00 1 02 43
21 056 2 06 62 01 0 01 63
21 057 0 11 67 01 0 01 56
21 058 1 09 73 01 1 02 73
21 059 2 10 53 00 0 01 56
21 060 0 04 56 00 0 01 43
21 061 1 11 59 02 1 02 59
21 062 2 10 53 00 0 01 56
21 063 0 11 67 01 1 01 67
21 064 1 11 59 02 1 03 59
21 065 2 06 62 01 1 01 62
21 066 0 04 56 00 1 01 56
21 067 1 09 73 01 0 03 00
21 068 2 10 53 00 1 01 53
21 069 0 05 45 02 1 02 45
21 070 1 08 43 00 1 03 43
21 071 2 06 62 01 1 01 62
21 072 0 11 67 01 0 02 56
21 073 1 17 38 03 1 03 38
21 074 2 16 48 02 0 02 45
21 075 0 04 56 00 1 02 56
21 076 1 11 59 02 1 03 59
21 077 2 06 62 01 1 02 62
21 078 0 11 67 01 1 02 67
21 079 1 08 43 00 1 03 43
21 080 2 10 53 00 1 02 53
21 081 0 04 56 00 0 02 63
21 082 1 09 73 01 1 03 73
21 083 2 10 53 00 1 02 53
21 084 0 05 45 02 1 02 45
21 085 1 17 38 03 1 03 38
21 086 2 16 48 02 0 02 45
21 087 0 11 67 01 0 02 56
21 088 1 02 51 04 1 04 51
21 089 2 06 62 01 1 02 62
21 090 0 05 45 02 1 02 45
21 091 1 11 59 02 1 04 59
21 092 2 10 53 00 0 02 48
21 093 0 04 56 00 1 02 56
21 094 1 09 73 01 1 04 73
21 095 2 06 62 01 1 02 62
21 096 0 04 56 00 1 02 56
21 097 1 17 38 03 1 04 38
21 098 2 16 48 02 0 02 45
21 099 0 05 45 02 1 02 45
21 100 1 08 43 00 1 04 43
21 101 2 06 62 01 1 02 62
21 102 0 11 67 01 1 02 67
21 103 1 09 73 01 1 05 73
21 104 2 16 48 02 1 02 48
21 105 0 05 45 02 1 03 45
21 106 1 17 38 03 1 05 38
21 107 2 10 53 00 0 02 38
21 108 0 03 34 03 1 03 34
21 109 1 02 51 04 1 05 51
21 110 2 16 48 02 1 02 48
21 111 0 04 56 00 1 03 56
21 112 1 08 43 00 1 05 43
21 113 2 06 62 01 1 02 62
21 114 0 11 67 01 0 03 56
21 115 1 11 59 02 1 05 59
21 116 2 10 53 00 1 02 53
21 117 0 11 67 01 1 03 67
21 118 1 00 41 05 1 05 41
21 119 2 16 48 02 0 03 53
21 120 0 03 34 03 0 03 04
21 121 1 00 41 05 1 06 41
21 122 2 11 60 03 0 03 44
21 123 0 04 56 00 1 03 56
21 124 1 08 43 00 1 06 43
21 125 2 10 53 00 0 03 38
21 126 0 05 45 02 1 03 45
21 127 1 17 38 03 1 06 38
21 128 2 06 62 01 1 03 62
21 129 0 11 67 01 1 03 67
21 130 1 07 79 06 1 06 79
21 131 2 06 62 01 1 03 62
21 132 0 04 56 00 0 03 45
21 133 1 11 59 02 1 06 59
21 134 2 16 48 02 0 03 38
21 135 0 05 45 02 1 03 45
21 136 1 02 51 04 1 06 51
21 137 2 11 60 03 1 03 60
21 138 0 03 34 03 1 03 34
21 139 1 09 73 01 1 06 73
21 140 2 10 53 00 1 03 53
21 141 0 04 56 00 0 03 45
21 142 1 09 73 01 1 07 73
21 143 2 16 48 02 1 03 48
21 144 0 11 67 01 1 03 67
21 145 1 08 43 00 1 07 43
21 146 2 11 60 03 1 03 60
21 147 0 05 45 02 1 03 45
21 148 1 17 38 03 1 07 38
21 149 2 10 53 00 1 03 53
21 150 0 03 34 03 1 03 34
21 151 1 11 59 02 1 07 59
21 152 2 06 62 01 1 03 62
21 153 0 05 45 02 1 03 45
21 154 1 00 41 05 0 07 44
21 155 2 11 60 03 0 04 62
21 156 0 03 34 03 1 03 34
21 157 1 02 51 04 1 07 51
21 158 2 10 53 00 1 04 53
21 159 0 11 67 01 1 03 67
21 160 1 07 79 06 1 07 79
21 161 2 13 21 04 1 04 21
21 162 0 04 56 00 0 03 67
21 163 1 15 58 07 0 07 57
21 164 2 06 62 01 1 04 62
21 165 0 11 67 01 1 03 67
21 166 1 02 51 04 1 07 51
21 167 2 16 48 02 1 04 48
21 168 0 03 34 03 1 03 34
21 169 1 11 59 02 1 07 59
21 170 2 16 48 02 1 04 48
21 171 0 05 45 02 1 03 45
21 172 1 15 58 07 1 07 58
21 173 2 06 62 01 1 04 62
21 174 0 04 56 00 1 03 56
21 175 1 09 73 01 1 07 73
21 176 2 13 21 04 0 04 03
21 177 0 05 45 02 1 04 45
21 178 1 08 43 00 1 07 43
21 179 2 10 53 00 1 04 53
21 180 0 15 16 04 1 04 16
21 181 1 00 41 05 1 07 41
21 182 2 11 60 03 1 04 60
21 183 0 11 67 01 1 04 67
21 184 1 07 79 06 1 07 79
21 185 2 13 21 04 1 04 21
21 186 0 04 56 00 1 04 56
21 187 1 17 38 03 1 07 38
21 188 2 06 62 01 1 04 62
21 189 0 03 34 03 1 04 34
21 190 1 11 59 02 1 08 59
21 191 2 16 48 02 1 04 48
21 192 0 11 67 01 1 05 67
21 193 1 00 41 05 1 08 41
21 194 2 11 60 03 0 04 69
21 195 0 15 16 04 1 05 16
21 196 1 07 79 06 1 08 79
21 197 2 10 53 00 1 04 53
21 198 0 05 45 02 1 05 45
21 199 1 04 24 08 1 08 24
21 200 2 10 53 00 1 04 53
21 201 0 03 34 03 1 05 34
21 202 1 17 38 03 1 08 38
21 203 2 13 21 04 1 04 21
21 204 0 04 56 00 1 05 56
21 205 1 02 51 04 1 08 51
21 206 2 11 60 03 1 04 60
21 207 0 14 31 05 1 05 31
21 208 1 15 58 07 1 08 58
21 209 2 06 62 01 1 04 62
21 210 0 05 45 02 1 06 45
21 211 1 09 73 01 1 08 73
21 212 2 16 48 02 1 04 48
21 213 0 11 67 01 1 06 67
21 214 1 08 43 00 1 08 43
21 215 2 16 48 02 1 05 48
21 216 0 12 47 06 1 06 47
21 217 1 08 43 00 1 09 43
21 218 2 06 62 01 1 05 62
21 219 0 04 56 00 0 06 45
21 220 1 11 59 02 1 09 59
21 221 2 10 53 00 1 05 53
21 222 0 03 34 03 1 06 34
21 223 1 00 41 05 1 09 41
21 224 2 00 46 05 0 05 37
21 225 0 14 31 05 1 06 31
21 226 1 06 68 09 0 09 57
21 227 2 13 21 04 1 05 21
21 228 0 15 16 04 1 06 16
21 229 1 17 38 03 1 09 38
21 230 2 11 60 03 1 05 60
21 231 0 05 45 02 1 06 45
21 232 1 04 24 08 1 09 24
21 233 2 00 46 05 1 05 46
21 234 0 11 67 01 1 06 67
21 235 1 07 79 06 1 09 79
21 236 2 13 21 04 1 05 21
21 237 0 04 56 00 1 06 56
21 238 1 02 51 04 1 09 51
21 239 2 11 60 03 1 05 60
21 240 0 12 47 06 1 06 47
21 241 1 09 73 01 1 09 73
21 242 2 16 48 02 1 05 48
21 243 0 15 16 04 1 06 16
21 244 1 15 58 07 1 09 58
21 245 2 06 62 01 1 05 62
21 246 0 14 31 05 1 06 31
21 247 1 02 51 04 1 09 51
21 248 2 10 53 00 1 05 53
21 249 0 03 34 03 1 06 34
21 250 1 11 59 02 1 09 59
21 251 2 00 46 05 1 06 46
21 252 0 14 31 05 1 07 31
21 253 1 17 38 03 1 09 38
21 254 2 04 28 06 1 06 28
21 255 0 03 34 03 1 07 34
21 256 1 09 73 01 1 09 73
21 257 2 13 21 04 1 06 21
21 258 0 05 45 02 1 07 45
21 259 1 04 24 08 1 09 24
21 260 2 11 60 03 1 06 60
21 261 0 12 47 06 1 07 47
21 262 1 00 41 05 1 09 41
21 263 2 06 62 01 1 06 62
21 264 0 11 67 01 1 07 67
21 265 1 07 79 06 1 09 79
21 266 2 16 48 02 1 06 48
21 267 0 00 61 07 1 07 61
21 268 1 08 43 00 1 09 43
21 269 2 10 53 00 1 06 53
21 270 0 15 16 04 1 07 16
21 271 1 15 58 07 1 09 58
21 272 2 00 46 05 1 07 46
21 273 0 04 56 00 1 07 56
21 274 1 06 68 09 0 09 69
21 275 2 16 48 02 1 07 48
21 276 0 15 16 04 1 08 16
21 277 1 00 41 05 1 09 41
21 278 2 06 62 01 1 07 62
21 279 0 12 47 06 1 08 47
21 280 1 17 38 03 1 09 38
21 281 2 10 53 00 1 07 53
21 282 0 00 61 07 1 08 61
21 283 1 04 24 08 1 09 24
21 284 2 13 21 04 1 07 21
21 285 0 05 45 02 1 08 45
21 286 1 08 43 00 1 09 43
21 287 2 11 60 03 1 07 60
21 288 0 13 23 08 0 08 48
21 289 1 02 51 04 1 09 51
21 290 2 04 28 06 1 07 28
21 291 0 04 56 00 1 08 56
21 292 1 11 59 02 1 09 59
21 293 2 01 66 07 1 07 66
21 294 0 14 31 05 1 08 31
21 295 1 09 73 01 1 09 73
21 296 2 11 60 03 1 08 60
21 297 0 03 34 03 1 08 34
21 298 1 07 79 06 1 09 79
21 299 2 09 30 08 0 08 33
