24 000 0 07 58 00 0 00 50
24 001 1 12 69 00 1 00 69
24 002 2 11 47 00 0 00 17
24 003 0 07 58 00 1 00 58
24 004 1 03 72 01 1 01 72
24 005 2 11 47 00 1 00 47
24 006 0 07 58 00 1 01 58
24 007 1 12 69 00 1 01 69
24 008 2 03 14 01 0 01 72
24 009 0 12 12 01 0 01 72
24 010 1 03 72 01 0 02 14
24 011 2 11 47 00 0 01 72
24 012 0 12 12 01 1 01 12
24 013 1 07 30 02 0 02 14
24 014 2 11 47 00 1 01 47
24 015 0 07 58 00 1 01 58
24 016 1 12 69 00 1 02 69
24 017 2 03 14 01 1 01 14
24 018 0 07 58 00 1 02 58
24 019 1 03 72 01 0 02 12
24 020 2 11 47 00 1 02 47
24 021 0 12 12 01 0 02 72
24 022 1 12 69 00 1 02 69
24 023 2 03 14 01 1 02 14
24 024 0 17 38 02 0 02 52
24 025 1 07 30 02 1 02 30
24 026 2 02 52 02 1 02 52
24 027 0 07 58 00 1 02 58
24 028 1 07 30 02 1 02 30
24 029 2 03 14 01 0 03 52
24 030 0 17 38 02 1 02 38
24 031 1 03 72 01 1 02 72
24 032 2 02 52 02 0 03 12
24 033 0 12 12 01 0 02 47
24 034 1 12 69 00 1 02 69
24 035 2 15 16 03 1 03 16
24 036 0 12 12 01 1 02 12
24 037 1 03 72 01 1 03 72
24 038 2 11 47 00 0 03 14
24 039 0 17 38 02 1 02 38
24 040 1 08 36 03 1 03 36
24 041 2 02 52 02 0 03 12
24 042 0 07 58 00 1 02 58
24 043 1 12 69 00 1 03 69
24 044 2 15 16 03 1 03 16
24 045 0 17 38 02 1 03 38
24 046 1 07 30 02 1 03 30
24 047 2 11 47 00 1 03 47
24 048 0 15 65 03 1 03 65
24 049 1 07 30 02 1 04 30
24 050 2 03 14 01 0 03 12
24 051 0 07 58 00 1 03 58
24 052 1 03 72 01 1 04 72
24 053 2 03 14 01 1 03 14
24 054 0 12 12 01 1 03 12
24 055 1 15 27 04 1 04 27
24 056 2 11 47 00 1 03 47
24 057 0 07 58 00 1 04 58
24 058 1 12 69 00 1 04 69
24 059 2 15 16 03 1 03 16
24 060 0 12 12 01 0 04 14
24 061 1 08 36 03 1 04 36
24 062 2 02 52 02 1 03 52
24 063 0 17 38 02 1 04 38
24 064 1 03 72 01 1 05 72
24 065 2 02 52 02 0 04 14
24 066 0 15 65 03 1 04 65
24 067 1 06 62 05 1 05 62
24 068 2 10 51 04 1 04 51
24 069 0 06 17 04 1 04 17
24 070 1 12 69 00 1 05 69
24 071 2 03 14 01 1 04 14
24 072 0 17 38 02 1 04 38
24 073 1 15 27 04 0 05 16
24 074 2 15 16 03 0 04 14
24 075 0 07 58 00 1 04 58
24 076 1 07 30 02 1 05 30
24 077 2 11 47 00 1 04 47
24 078 0 06 17 04 1 04 17
24 079 1 08 36 03 1 05 36
24 080 2 03 14 01 0 04 72
24 081 0 15 65 03 1 04 65
24 082 1 06 62 05 1 05 62
24 083 2 10 51 04 0 04 72
24 084 0 12 12 01 1 04 12
24 085 1 03 72 01 0 05 14
24 086 2 15 16 03 0 04 52
24 087 0 15 65 03 1 05 65
24 088 1 07 30 02 1 05 30
24 089 2 02 52 02 1 04 52
24 090 0 04 43 05 1 05 43
24 091 1 08 36 03 0 05 72
24 092 2 11 47 00 1 04 47
24 093 0 17 38 02 1 05 38
24 094 1 12 69 00 1 05 69
24 095 2 15 16 03 1 04 16
24 096 0 07 58 00 1 05 58
24 097 1 15 27 04 1 05 27
24 098 2 02 52 02 1 04 52
24 099 0 12 12 01 1 05 12
24 100 1 07 30 02 1 05 30
24 101 2 03 14 01 0 04 72
24 102 0 06 17 04 1 05 17
24 103 1 06 62 05 1 05 62
24 104 2 11 47 00 1 04 47
24 105 0 04 43 05 1 06 43
24 106 1 15 27 04 1 05 27
24 107 2 10 51 04 0 04 14
24 108 0 12 12 01 0 06 03
24 109 1 12 69 00 1 05 69
24 110 2 15 16 03 0 04 12
24 111 0 17 38 02 1 06 38
24 112 1 03 72 01 1 05 72
24 113 2 11 47 00 1 04 47
24 114 0 06 17 04 1 06 17
24 115 1 08 36 03 1 05 36
24 116 2 02 52 02 0 04 14
24 117 0 07 58 00 1 06 58
24 118 1 15 27 04 1 06 27
24 119 2 03 14 01 0 04 51
24 120 0 15 65 03 1 06 65
24 121 1 08 36 03 1 06 36
24 122 2 10 51 04 1 04 51
24 123 0 08 61 06 1 06 61
24 124 1 07 30 02 1 06 30
24 125 2 02 52 02 1 04 52
24 126 0 06 17 04 1 06 17
24 127 1 03 72 01 1 06 72
24 128 2 11 47 00 1 04 47
24 129 0 07 58 00 1 06 58
24 130 1 04 20 06 1 06 20
24 131 2 03 14 01 1 04 14
24 132 0 04 43 05 1 06 43
24 133 1 06 62 05 1 06 62
24 134 2 15 16 03 1 04 16
24 135 0 08 61 06 1 06 61
24 136 1 12 69 00 1 06 69
24 137 2 10 51 04 1 04 51
24 138 0 12 12 01 1 06 12
24 139 1 15 27 04 1 07 27
24 140 2 07 63 05 1 05 63
24 141 0 17 38 02 1 06 38
24 142 1 07 30 02 1 07 30
24 143 2 03 14 01 1 05 14
24 144 0 15 65 03 1 06 65
24 145 1 08 36 03 1 07 36
24 146 2 15 16 03 1 05 16
24 147 0 08 61 06 1 07 61
24 148 1 06 62 05 1 07 62
24 149 2 11 47 00 1 05 47
24 150 0 04 43 05 1 07 43
24 151 1 04 20 06 1 07 20
24 152 2 10 51 04 1 05 51
24 153 0 07 58 00 1 07 58
24 154 1 11 28 07 1 07 28
24 155 2 02 52 02 0 05 14
24 156 0 15 65 03 1 07 65
24 157 1 12 69 00 1 07 69
24 158 2 11 47 00 1 05 47
24 159 0 06 17 04 1 07 17
24 160 1 03 72 01 1 07 72
24 161 2 07 63 05 1 05 63
24 162 0 12 12 01 1 07 12
24 163 1 08 36 03 1 08 36
24 164 2 02 52 02 1 05 52
24 165 0 17 38 02 1 07 38
24 166 1 07 30 02 1 08 30
24 167 2 15 16 03 1 05 16
24 168 0 10 15 07 1 07 15
24 169 1 11 28 07 1 08 28
24 170 2 03 14 01 1 05 14
24 171 0 14 55 08 1 08 55
24 172 1 04 20 06 1 08 20
24 173 2 10 51 04 1 05 51
24 174 0 06 17 04 1 08 17
24 175 1 01 24 08 1 08 24
24 176 2 07 63 05 1 06 63
24 177 0 17 38 02 1 08 38
24 178 1 15 27 04 1 08 27
24 179 2 04 25 06 1 06 25
24 180 0 15 65 03 1 08 65
24 181 1 06 62 05 1 08 62
24 182 2 02 52 02 1 06 52
24 183 0 07 58 00 0 08 47
24 184 1 03 72 01 1 08 72
24 185 2 10 51 04 0 06 62
24 186 0 04 43 05 1 08 43
24 187 1 12 69 00 1 08 69
24 188 2 03 14 01 1 06 14
24 189 0 12 12 01 1 08 12
24 190 1 03 72 01 1 09 72
24 191 2 11 47 00 1 06 47
24 192 0 10 15 07 1 08 15
24 193 1 06 62 05 1 09 62
24 194 2 15 16 03 1 06 16
24 195 0 08 61 06 1 08 61
24 196 1 07 30 02 1 09 30
24 197 2 11 47 00 1 06 47
24 198 0 06 17 04 1 08 17
24 199 1 15 27 04 1 09 27
24 200 2 03 14 01 1 06 14
24 201 0 10 15 07 1 08 15
24 202 1 11 28 07 1 09 28
24 203 2 10 51 04 0 06 52
24 204 0 17 38 02 1 08 38
24 205 1 08 36 03 1 09 36
24 206 2 07 63 05 1 06 63
24 207 0 12 12 01 1 08 12
24 208 1 13 37 09 1 09 37
24 209 2 15 16 03 1 06 16
24 210 0 07 58 00 0 08 47
24 211 1 04 20 06 1 09 20
24 212 2 04 25 06 1 06 25
24 213 0 15 65 03 1 08 65
24 214 1 12 69 00 1 09 69
24 215 2 02 52 02 1 06 52
24 216 0 08 61 06 1 08 61
24 217 1 01 24 08 1 09 24
24 218 2 11 47 00 1 06 47
24 219 0 04 43 05 0 08 42
24 220 1 15 27 04 1 10 27
24 221 2 15 16 03 1 06 16
24 222 0 14 55 08 1 08 55
24 223 1 08 36 03 1 10 36
24 224 2 07 63 05 1 06 63
24 225 0 15 65 03 1 08 65
24 226 1 11 28 07 1 10 28
24 227 2 04 25 06 1 06 25
24 228 0 10 15 07 1 08 15
24 229 1 02 35 10 1 10 35
24 230 2 03 14 01 1 06 14
24 231 0 17 38 02 1 08 38
24 232 1 03 72 01 1 10 72
24 233 2 10 51 04 1 06 51
24 234 0 08 61 06 1 08 61
24 235 1 01 24 08 1 10 24
24 236 2 02 52 02 1 06 52
24 237 0 04 43 05 1 08 43
24 238 1 04 20 06 1 10 20
24 239 2 07 63 05 1 07 63
24 240 0 12 12 01 1 08 12
24 241 1 07 30 02 1 10 30
24 242 2 11 47 00 1 07 47
24 243 0 06 17 04 1 08 17
24 244 1 12 69 00 1 10 69
24 245 2 09 42 07 1 07 42
24 246 0 07 58 00 1 08 58
24 247 1 13 37 09 1 10 37
24 248 2 10 51 04 1 07 51
24 249 0 14 55 08 1 08 55
24 250 1 06 62 05 1 10 62
24 251 2 15 16 03 1 07 16
24 252 0 04 43 05 1 09 43
24 253 1 11 28 07 1 11 28
24 254 2 02 52 02 1 07 52
24 255 0 06 17 04 1 09 17
24 256 1 07 30 02 1 11 30
24 257 2 03 14 01 1 07 14
24 258 0 17 38 02 1 09 38
24 259 1 02 35 10 1 11 35
24 260 2 04 25 06 1 07 25
24 261 0 10 15 07 1 09 15
24 262 1 08 36 03 1 11 36
24 263 2 07 63 05 1 08 63
24 264 0 07 58 00 1 09 58
24 265 1 12 69 00 1 11 69
24 266 2 09 42 07 0 08 43
24 267 0 15 65 03 1 09 65
24 268 1 06 62 05 1 11 62
24 269 2 03 14 01 1 08 14
24 270 0 14 55 08 1 09 55
24 271 1 04 20 06 1 11 20
24 272 2 15 16 03 1 08 16
24 273 0 08 61 06 1 09 61
24 274 1 10 23 11 1 11 23
24 275 2 00 60 08 0 08 64
24 276 0 12 12 01 1 09 12
24 277 1 01 24 08 1 11 24
24 278 2 04 25 06 1 08 25
24 279 0 09 64 09 1 09 64
24 280 1 13 37 09 1 11 37
24 281 2 11 47 00 1 08 47
24 282 0 02 31 10 1 10 31
24 283 1 03 72 01 1 11 72
24 284 2 02 52 02 0 08 51
24 285 0 14 55 08 1 10 55
24 286 1 15 27 04 1 11 27
24 287 2 10 51 04 1 08 51
24 288 0 10 15 07 1 10 15
24 289 1 05 53 12 0 12 52
24 290 2 15 16 03 1 08 16
24 291 0 08 61 06 1 10 61
24 292 1 12 69 00 1 12 69
24 293 2 11 47 00 0 08 51
24 294 0 12 12 01 1 10 12
24 295 1 03 72 01 1 12 72
24 296 2 09 42 07 0 08 43
24 297 0 17 38 02 1 10 38
24 298 1 10 23 11 0 12 53
24 299 2 07 63 05 1 08 63
