03 000 0 16 23 00 1 00 23
03 001 1 05 68 00 1 00 68
03 002 2 02 26 00 0 00 28
03 003 0 07 19 01 0 01 16
03 004 1 05 68 00 1 01 68
03 005 2 02 26 00 0 00 23
03 006 0 16 23 00 0 01 24
03 007 1 16 16 01 1 01 16
03 008 2 02 26 00 0 00 23
03 009 0 07 19 01 0 01 16
03 010 1 03 17 02 0 02 13
03 011 2 02 26 00 1 00 26
03 012 0 16 23 00 0 01 28
03 013 1 05 68 00 1 02 68
03 014 2 01 22 01 1 01 22
03 015 0 07 19 01 1 01 19
03 016 1 16 16 01 1 02 16
03 017 2 02 26 00 0 01 22
03 018 0 16 23 00 1 01 23
03 019 1 05 68 00 1 02 68
03 020 2 01 22 01 1 01 22
03 021 0 07 19 01 1 02 19
03 022 1 16 16 01 1 02 16
03 023 2 02 26 00 1 01 26
03 024 0 15 42 02 1 02 42
03 025 1 03 17 02 0 02 42
03 026 2 02 26 00 0 02 16
03 027 0 16 23 00 1 02 23
03 028 1 16 16 01 1 02 16
03 029 2 01 22 01 1 02 22
03 030 0 15 42 02 1 03 42
03 031 1 03 17 02 1 02 17
03 032 2 17 28 02 1 02 28
03 033 0 07 19 01 1 03 19
03 034 1 05 68 00 1 02 68
03 035 2 02 26 00 1 02 26
03 036 0 08 38 03 0 03 42
03 037 1 16 16 01 0 03 19
03 038 2 17 28 02 1 02 28
03 039 0 16 23 00 0 03 42
03 040 1 03 17 02 1 03 17
03 041 2 01 22 01 1 02 22
03 042 0 08 38 03 0 03 42
03 043 1 10 55 03 1 03 55
03 044 2 17 28 02 1 03 28
03 045 0 15 42 02 1 03 42
03 046 1 05 68 00 1 03 68
03 047 2 01 22 01 1 03 22
03 048 0 07 19 01 0 03 16
03 049 1 03 17 02 1 03 17
03 050 2 02 26 00 1 03 26
03 051 0 16 23 00 1 03 23
03 052 1 05 68 00 1 03 68
03 053 2 03 45 03 0 03 33
03 054 0 15 42 02 1 03 42
03 055 1 10 55 03 1 03 55
03 056 2 03 45 03 0 03 42
03 057 0 08 38 03 0 03 03
03 058 1 16 16 01 1 03 16
03 059 2 01 22 01 1 03 22
03 060 0 07 19 01 1 03 19
03 061 1 10 55 03 1 04 55
03 062 2 02 26 00 1 03 26
03 063 0 16 23 00 0 03 42
03 064 1 02 32 04 0 04 38
03 065 2 17 28 02 1 03 28
03 066 0 15 42 02 1 03 42
03 067 1 03 17 02 1 04 17
03 068 2 17 28 02 1 03 28
03 069 0 07 19 01 1 03 19
03 070 1 05 68 00 1 04 68
03 071 2 03 45 03 0 03 32
03 072 0 16 23 00 1 03 23
03 073 1 16 16 01 1 04 16
03 074 2 01 22 01 1 03 22
03 075 0 08 38 03 1 03 38
03 076 1 16 16 01 1 04 16
03 077 2 02 26 00 1 03 26
03 078 0 08 38 03 1 04 38
03 079 1 10 55 03 1 04 55
03 080 2 01 22 01 1 03 22
03 081 0 07 19 01 1 04 19
03 082 1 05 68 00 1 04 68
03 083 2 02 26 00 1 03 26
03 084 0 16 23 00 1 04 23
03 085 1 02 32 04 0 04 45
03 086 2 17 28 02 1 03 28
03 087 0 15 42 02 1 04 42
03 088 1 03 17 02 1 04 17
03 089 2 03 45 03 1 03 45
03 090 0 09 43 04 0 04 42
03 091 1 02 32 04 0 04 45
03 092 2 01 22 01 1 04 22
03 093 0 09 43 04 1 04 43
03 094 1 05 68 00 1 04 68
03 095 2 11 64 04 0 04 28
03 096 0 08 38 03 0 04 45
03 097 1 03 17 02 1 04 17
03 098 2 17 28 02 0 04 22
03 099 0 15 42 02 1 04 42
03 100 1 16 16 01 1 04 16
03 101 2 03 45 03 0 04 38
03 102 0 16 23 00 0 04 42
03 103 1 10 55 03 1 04 55
03 104 2 02 26 00 1 04 26
03 105 0 07 19 01 1 04 19
03 106 1 02 32 04 1 04 32
03 107 2 02 26 00 1 04 26
03 108 0 07 19 01 1 04 19
03 109 1 10 55 03 1 04 55
03 110 2 17 28 02 1 04 28
03 111 0 15 42 02 1 04 42
03 112 1 05 68 00 0 04 45
03 113 2 01 22 01 1 04 22
03 114 0 09 43 04 1 04 43
03 115 1 16 16 01 1 04 16
03 116 2 03 45 03 1 04 45
03 117 0 16 23 00 0 04 04
03 118 1 03 17 02 1 04 17
03 119 2 11 64 04 1 04 64
03 120 0 08 38 03 1 04 38
03 121 1 16 16 01 1 04 16
03 122 2 11 64 04 1 05 64
03 123 0 08 38 03 1 04 38
03 124 1 10 55 03 1 04 55
03 125 2 01 22 01 1 05 22
03 126 0 07 19 01 1 04 19
03 127 1 05 68 00 1 04 68
03 128 2 03 45 03 1 05 45
03 129 0 09 43 04 1 04 43
03 130 1 03 17 02 1 04 17
03 131 2 17 28 02 1 05 28
03 132 0 16 23 00 0 04 43
03 133 1 02 32 04 1 04 32
03 134 2 02 26 00 1 05 26
03 135 0 15 42 02 1 04 42
03 136 1 03 17 02 1 05 17
03 137 2 05 77 05 0 05 55
03 138 0 15 42 02 1 04 42
03 139 1 05 68 00 1 05 68
03 140 2 01 22 01 1 05 22
03 141 0 16 23 00 1 04 23
03 142 1 15 58 05 1 05 58
03 143 2 05 77 05 1 05 77
03 144 0 07 19 01 1 04 19
03 145 1 10 55 03 1 05 55
03 146 2 11 64 04 1 05 64
03 147 0 08 38 03 1 04 38
03 148 1 16 16 01 1 05 16
03 149 2 03 45 03 1 05 45
03 150 0 09 43 04 1 04 43
03 151 1 02 32 04 1 05 32
03 152 2 17 28 02 1 05 28
03 153 0 07 19 01 1 05 19
03 154 1 10 55 03 1 06 55
03 155 2 02 26 00 1 05 26
03 156 0 16 23 00 1 05 23
03 157 1 16 16 01 1 06 16
03 158 2 05 77 05 1 06 77
03 159 0 09 43 04 1 05 43
03 160 1 02 32 04 1 06 32
03 161 2 02 26 00 1 06 26
03 162 0 08 38 03 0 05 45
03 163 1 15 58 05 1 06 58
03 164 2 03 45 03 0 06 38
03 165 0 02 59 05 1 05 59
03 166 1 11 35 06 1 06 35
03 167 2 17 28 02 0 06 22
03 168 0 15 42 02 1 05 42
03 169 1 05 68 00 1 06 68
03 170 2 11 64 04 1 06 64
03 171 0 16 23 00 1 05 23
03 172 1 03 17 02 1 06 17
03 173 2 08 15 06 0 06 35
03 174 0 15 42 02 1 05 42
03 175 1 10 55 03 1 07 55
03 176 2 01 22 01 1 06 22
03 177 0 07 19 01 1 05 19
03 178 1 03 17 02 1 07 17
03 179 2 17 28 02 1 06 28
03 180 0 08 38 03 1 05 38
03 181 1 02 32 04 1 07 32
03 182 2 02 26 00 1 06 26
03 183 0 02 59 05 1 05 59
03 184 1 16 16 01 1 07 16
03 185 2 05 77 05 1 06 77
03 186 0 09 43 04 1 05 43
03 187 1 01 30 07 1 07 30
03 188 2 11 64 04 1 06 64
03 189 0 08 38 03 1 06 38
03 190 1 11 35 06 1 07 35
03 191 2 03 45 03 1 06 45
03 192 0 11 71 06 1 06 71
03 193 1 05 68 00 1 07 68
03 194 2 08 15 06 1 06 15
03 195 0 15 42 02 1 06 42
03 196 1 15 58 05 1 07 58
03 197 2 01 22 01 1 06 22
03 198 0 16 23 00 1 06 23
03 199 1 03 17 02 1 08 17
03 200 2 01 22 01 1 07 22
03 201 0 09 43 04 1 06 43
03 202 1 05 68 00 1 08 68
03 203 2 11 64 04 1 07 64
03 204 0 07 19 01 1 06 19
03 205 1 13 62 08 0 08 61
03 206 2 04 74 07 0 07 72
03 207 0 02 59 05 1 06 59
03 208 1 02 32 04 0 08 38
03 209 2 08 15 06 1 07 15
03 210 0 16 23 00 1 07 23
03 211 1 01 30 07 1 08 30
03 212 2 17 28 02 1 07 28
03 213 0 02 59 05 1 07 59
03 214 1 15 58 05 1 08 58
03 215 2 05 77 05 1 07 77
03 216 0 08 38 03 1 07 38
03 217 1 16 16 01 1 08 16
03 218 2 03 45 03 1 07 45
03 219 0 15 42 02 1 07 42
03 220 1 10 55 03 1 08 55
03 221 2 02 26 00 1 07 26
03 222 0 07 19 01 1 07 19
03 223 1 11 35 06 0 08 32
03 224 2 08 15 06 1 07 15
03 225 0 11 71 06 1 07 71
03 226 1 01 30 07 1 08 30
03 227 2 01 22 01 1 07 22
03 228 0 10 21 07 0 07 41
03 229 1 10 55 03 1 08 55
03 230 2 05 77 05 1 07 77
03 231 0 09 43 04 1 07 43
03 232 1 05 68 00 1 08 68
03 233 2 11 64 04 1 07 64
03 234 0 02 59 05 1 07 59
03 235 1 02 32 04 0 08 38
03 236 2 02 26 00 1 07 26
03 237 0 08 38 03 1 07 38
03 238 1 11 35 06 1 08 35
03 239 2 04 74 07 0 07 72
03 240 0 09 43 04 1 07 43
03 241 1 13 62 08 1 08 62
03 242 2 03 45 03 1 07 45
03 243 0 11 71 06 1 07 71
03 244 1 03 17 02 1 08 17
03 245 2 17 28 02 1 07 28
03 246 0 16 23 00 1 07 23
03 247 1 15 58 05 1 08 58
03 248 2 04 74 07 0 07 72
03 249 0 15 42 02 1 07 42
03 250 1 16 16 01 1 08 16
03 251 2 02 26 00 1 07 26
03 252 0 10 21 07 0 07 06
03 253 1 16 16 01 1 08 16
03 254 2 05 77 05 1 07 77
03 255 0 07 19 01 1 07 19
03 256 1 01 30 07 1 08 30
03 257 2 08 15 06 1 07 15
03 258 0 15 42 02 1 07 42
03 259 1 10 55 03 1 08 55
03 260 2 01 22 01 1 07 22
03 261 0 09 43 04 1 07 43
03 262 1 11 35 06 1 08 35
03 263 2 03 45 03 1 07 45
03 264 0 10 21 07 0 07 74
03 265 1 03 17 02 1 08 17
03 266 2 11 64 04 1 07 64
03 267 0 16 23 00 1 07 23
03 268 1 02 32 04 0 08 38
03 269 2 17 28 02 1 07 28
03 270 0 07 19 01 1 07 19
03 271 1 13 62 08 1 08 62
03 272 2 02 26 00 1 07 26
03 273 0 08 38 03 0 07 32
03 274 1 15 58 05 1 08 58
03 275 2 08 15 06 0 07 45
03 276 0 02 59 05 1 07 59
03 277 1 05 68 00 1 08 68
03 278 2 04 74 07 1 07 74
03 279 0 11 71 06 0 07 41
03 280 1 10 55 03 1 08 55
03 281 2 01 22 01 1 07 22
03 282 0 11 71 06 1 07 71
03 283 1 03 17 02 1 08 17
03 284 2 17 28 02 1 07 28
03 285 0 09 43 04 1 07 43
03 286 1 16 16 01 1 08 16
03 287 2 03 45 03 1 07 45
03 288 0 07 19 01 1 07 19
03 289 1 05 68 00 1 08 68
03 290 2 11 64 04 1 07 64
03 291 0 10 21 07 1 07 21
03 292 1 02 32 04 1 08 32
03 293 2 05 77 05 1 07 77
03 294 0 08 38 03 1 07 38
03 295 1 11 35 06 1 08 35
03 296 2 05 77 05 1 07 77
03 297 0 16 23 00 1 07 23
03 298 1 01 30 07 1 08 30
03 299 2 01 22 01 1 07 22
