26 000 0 07 69 00 1 00 69
26 001 1 12 47 00 1 00 47
26 002 2 11 58 00 0 00 72
26 003 0 07 69 00 1 01 69
26 004 1 03 14 01 1 01 14
26 005 2 11 58 00 1 00 58
26 006 0 12 72 01 1 01 72
26 007 1 12 47 00 0 01 58
26 008 2 03 12 01 1 01 12
26 009 0 17 30 02 1 02 30
26 010 1 12 47 00 1 01 47
26 011 2 11 58 00 0 01 72
26 012 0 12 72 01 1 02 72
26 013 1 03 14 01 1 01 14
26 014 2 11 58 00 0 01 72
26 015 0 07 69 00 0 02 47
26 016 1 07 52 02 1 02 52
26 017 2 03 12 01 1 01 12
26 018 0 12 72 01 1 02 72
26 019 1 12 47 00 1 02 47
26 020 2 11 58 00 1 01 58
26 021 0 17 30 02 0 02 72
26 022 1 03 14 01 1 02 14
26 023 2 03 12 01 1 01 12
26 024 0 07 69 00 1 02 69
26 025 1 07 52 02 1 03 52
26 026 2 11 58 00 1 02 58
26 027 0 07 69 00 1 02 69
26 028 1 03 14 01 1 03 14
26 029 2 02 38 02 0 02 16
26 030 0 17 30 02 1 02 30
26 031 1 12 47 00 1 03 47
26 032 2 03 12 01 1 02 12
26 033 0 12 72 01 1 02 72
26 034 1 08 16 03 1 03 16
26 035 2 02 38 02 1 02 38
26 036 0 17 30 02 1 03 30
26 037 1 03 14 01 1 04 14
26 038 2 03 12 01 1 02 12
26 039 0 12 72 01 1 03 72
26 040 1 12 47 00 1 04 47
26 041 2 11 58 00 0 02 38
26 042 0 07 69 00 1 03 69
26 043 1 07 52 02 1 04 52
26 044 2 02 38 02 1 02 38
26 045 0 15 36 03 1 03 36
26 046 1 08 16 03 1 04 16
26 047 2 03 12 01 1 02 12
26 048 0 17 30 02 1 04 30
26 049 1 15 51 04 1 04 51
26 050 2 11 58 00 0 02 38
26 051 0 06 27 04 1 04 27
26 052 1 08 16 03 1 05 16
26 053 2 03 12 01 1 02 12
26 054 0 12 72 01 1 04 72
26 055 1 15 51 04 1 05 51
26 056 2 11 58 00 1 02 58
26 057 0 07 69 00 1 04 69
26 058 1 06 63 05 1 05 63
26 059 2 02 38 02 1 02 38
26 060 0 15 36 03 0 04 30
26 061 1 12 47 00 0 05 58
26 062 2 03 12 01 1 03 12
26 063 0 12 72 01 1 04 72
26 064 1 03 14 01 1 05 14
26 065 2 11 58 00 1 03 58
26 066 0 06 27 04 1 04 27
26 067 1 07 52 02 1 05 52
26 068 2 02 38 02 1 03 38
26 069 0 15 36 03 1 04 36
26 070 1 03 14 01 1 05 14
26 071 2 15 65 03 1 03 65
26 072 0 17 30 02 0 04 36
26 073 1 12 47 00 0 05 58
26 074 2 10 17 04 1 04 17
26 075 0 07 69 00 1 04 69
26 076 1 15 51 04 1 05 51
26 077 2 11 58 00 1 04 58
26 078 0 06 27 04 1 04 27
26 079 1 07 52 02 1 05 52
26 080 2 03 12 01 1 04 12
26 081 0 15 36 03 1 04 36
26 082 1 06 63 05 1 05 63
26 083 2 15 65 03 1 04 65
26 084 0 12 72 01 1 04 72
26 085 1 08 16 03 1 05 16
26 086 2 02 38 02 1 04 38
26 087 0 17 30 02 1 04 30
26 088 1 07 52 02 1 05 52
26 089 2 03 12 01 1 05 12
26 090 0 07 69 00 1 04 69
26 091 1 06 63 05 1 05 63
26 092 2 07 43 05 0 05 42
26 093 0 06 27 04 1 05 27
26 094 1 15 51 04 1 05 51
26 095 2 15 65 03 1 05 65
26 096 0 04 62 05 1 05 62
26 097 1 08 16 03 0 05 17
26 098 2 02 38 02 1 05 38
26 099 0 15 36 03 1 05 36
26 100 1 03 14 01 1 05 14
26 101 2 11 58 00 0 05 38
26 102 0 07 69 00 1 05 69
26 103 1 12 47 00 1 05 47
26 104 2 10 17 04 1 05 17
26 105 0 17 30 02 1 05 30
26 106 1 08 16 03 1 05 16
26 107 2 02 38 02 0 05 58
26 108 0 12 72 01 1 05 72
26 109 1 07 52 02 1 05 52
26 110 2 15 65 03 1 05 65
26 111 0 07 69 00 1 06 69
26 112 1 03 14 01 1 05 14
26 113 2 07 43 05 0 05 42
26 114 0 06 27 04 1 06 27
26 115 1 06 63 05 1 05 63
26 116 2 03 12 01 1 05 12
26 117 0 17 30 02 1 06 30
26 118 1 12 47 00 0 05 00
26 119 2 11 58 00 1 05 58
26 120 0 15 36 03 1 06 36
26 121 1 15 51 04 1 05 51
26 122 2 10 17 04 1 05 17
26 123 0 08 20 06 1 06 20
26 124 1 15 51 04 1 05 51
26 125 2 15 65 03 1 05 65
26 126 0 12 72 01 1 06 72
26 127 1 06 63 05 0 05 53
26 128 2 10 17 04 1 05 17
26 129 0 04 62 05 1 06 62
26 130 1 12 47 00 1 05 47
26 131 2 11 58 00 1 05 58
26 132 0 06 27 04 1 07 27
26 133 1 03 14 01 1 05 14
26 134 2 07 43 05 1 05 43
26 135 0 12 72 01 1 07 72
26 136 1 07 52 02 1 05 52
26 137 2 03 12 01 1 05 12
26 138 0 07 69 00 1 07 69
26 139 1 08 16 03 1 05 16
26 140 2 02 38 02 1 05 38
26 141 0 15 36 03 1 07 36
26 142 1 08 16 03 0 05 00
26 143 2 11 58 00 1 06 58
26 144 0 08 20 06 1 07 20
26 145 1 12 47 00 1 05 47
26 146 2 15 65 03 1 06 65
26 147 0 17 30 02 1 07 30
26 148 1 15 51 04 0 05 15
26 149 2 04 61 06 1 06 61
26 150 0 04 62 05 1 07 62
26 151 1 06 63 05 1 05 63
26 152 2 03 12 01 1 06 12
26 153 0 10 28 07 1 07 28
26 154 1 07 52 02 0 05 05
26 155 2 07 43 05 0 06 17
26 156 0 08 20 06 1 08 20
26 157 1 03 14 01 1 05 14
26 158 2 02 38 02 1 06 38
26 159 0 15 36 03 1 08 36
26 160 1 08 16 03 1 05 16
26 161 2 10 17 04 0 06 43
26 162 0 07 69 00 1 08 69
26 163 1 15 51 04 1 05 51
26 164 2 11 58 00 1 06 58
26 165 0 17 30 02 1 08 30
26 166 1 12 47 00 1 05 47
26 167 2 02 38 02 1 06 38
26 168 0 04 62 05 1 08 62
26 169 1 07 52 02 1 05 52
26 170 2 03 12 01 1 06 12
26 171 0 06 27 04 0 08 20
26 172 1 06 63 05 1 05 63
26 173 2 10 17 04 1 06 17
26 174 0 14 24 08 1 08 24
26 175 1 03 14 01 1 05 14
26 176 2 04 61 06 0 06 62
26 177 0 12 72 01 1 08 72
26 178 1 08 16 03 1 06 16
26 179 2 15 65 03 1 06 65
26 180 0 10 28 07 1 08 28
26 181 1 07 52 02 1 06 52
26 182 2 07 43 05 0 06 17
26 183 0 10 28 07 1 08 28
26 184 1 06 63 05 1 06 63
26 185 2 03 12 01 1 06 12
26 186 0 15 36 03 1 08 36
26 187 1 15 51 04 1 06 51
26 188 2 10 17 04 1 06 17
26 189 0 14 24 08 1 08 24
26 190 1 12 47 00 0 06 14
26 191 2 04 61 06 0 06 62
26 192 0 04 62 05 1 08 62
26 193 1 04 25 06 1 06 25
26 194 2 07 43 05 0 06 47
26 195 0 08 20 06 0 08 28
26 196 1 03 14 01 1 06 14
26 197 2 11 58 00 1 06 58
26 198 0 17 30 02 1 08 30
26 199 1 04 25 06 1 06 25
26 200 2 15 65 03 1 06 65
26 201 0 06 27 04 0 08 20
26 202 1 12 47 00 1 06 47
26 203 2 02 38 02 0 06 58
26 204 0 07 69 00 1 08 69
26 205 1 15 51 04 1 06 51
26 206 2 10 17 04 1 06 17
26 207 0 12 72 01 1 08 72
26 208 1 08 16 03 1 06 16
26 209 2 15 65 03 1 06 65
26 210 0 17 30 02 1 08 30
26 211 1 03 14 01 1 06 14
26 212 2 04 61 06 0 06 62
26 213 0 04 62 05 1 08 62
26 214 1 07 52 02 0 06 24
26 215 2 03 12 01 1 06 12
26 216 0 14 24 08 0 08 25
26 217 1 06 63 05 1 06 63
26 218 2 11 58 00 1 06 58
26 219 0 06 27 04 0 08 20
26 220 1 12 47 00 1 06 47
26 221 2 07 43 05 0 06 47
26 222 0 10 28 07 1 08 28
26 223 1 08 16 03 1 06 16
26 224 2 02 38 02 1 06 38
26 225 0 07 69 00 1 08 69
26 226 1 04 25 06 1 06 25
26 227 2 07 43 05 1 06 43
26 228 0 15 36 03 1 08 36
26 229 1 06 63 05 1 06 63
26 230 2 15 65 03 1 06 65
26 231 0 08 20 06 1 08 20
26 232 1 15 51 04 1 06 51
26 233 2 02 38 02 1 06 38
26 234 0 12 72 01 1 08 72
26 235 1 03 14 01 1 06 14
26 236 2 10 17 04 1 06 17
26 237 0 10 28 07 1 08 28
26 238 1 07 52 02 1 06 52
26 239 2 03 12 01 1 06 12
26 240 0 08 20 06 1 08 20
26 241 1 06 63 05 1 07 63
26 242 2 11 58 00 1 06 58
26 243 0 17 30 02 1 08 30
26 244 1 11 42 07 1 07 42
26 245 2 04 61 06 1 06 61
26 246 0 06 27 04 0 08 28
26 247 1 03 14 01 1 07 14
26 248 2 03 12 01 1 07 12
26 249 0 14 24 08 1 08 24
26 250 1 07 52 02 1 07 52
26 251 2 11 58 00 1 07 58
26 252 0 15 36 03 1 08 36
26 253 1 08 16 03 1 07 16
26 254 2 07 43 05 1 07 43
26 255 0 04 62 05 0 08 61
26 256 1 12 47 00 1 07 47
26 257 2 04 61 06 1 07 61
26 258 0 07 69 00 1 08 69
26 259 1 15 51 04 1 07 51
26 260 2 15 65 03 1 07 65
26 261 0 12 72 01 1 08 72
26 262 1 04 25 06 0 07 24
26 263 2 02 38 02 1 07 38
26 264 0 14 24 08 1 08 24
26 265 1 03 14 01 1 07 14
26 266 2 09 15 07 1 07 15
26 267 0 08 20 06 1 08 20
26 268 1 08 16 03 1 07 16
26 269 2 10 17 04 1 07 17
26 270 0 15 36 03 1 08 36
26 271 1 06 63 05 1 07 63
26 272 2 03 12 01 1 08 12
26 273 0 04 62 05 1 08 62
26 274 1 11 42 07 0 07 25
26 275 2 04 61 06 1 08 61
26 276 0 07 69 00 1 08 69
26 277 1 15 51 04 1 07 51
26 278 2 00 55 08 0 08 15
26 279 0 17 30 02 1 08 30
26 280 1 12 47 00 1 07 47
26 281 2 07 43 05 1 08 43
26 282 0 12 72 01 1 08 72
26 283 1 04 25 06 1 07 25
26 284 2 09 15 07 1 08 15
26 285 0 06 27 04 1 08 27
26 286 1 07 52 02 1 07 52
26 287 2 02 38 02 1 08 38
26 288 0 10 28 07 1 08 28
26 289 1 15 51 04 1 07 51
26 290 2 10 17 04 0 08 12
26 291 0 07 69 00 1 09 69
26 292 1 11 42 07 0 07 47
26 293 2 11 58 00 1 08 58
26 294 0 10 28 07 1 09 28
26 295 1 12 47 00 1 07 47
26 296 2 15 65 03 1 08 65
26 297 0 04 62 05 1 09 62
26 298 1 07 52 02 1 07 52
26 299 2 07 43 05 1 08 43
