00 000 0 00 60 00 1 00 60
00 001 1 06 43 00 1 00 43
00 002 2 13 48 00 0 00 45
00 003 0 00 60 00 1 01 60
00 004 1 06 43 00 1 01 43
00 005 2 13 48 00 1 00 48
00 006 0 06 33 01 0 01 17
00 007 1 03 17 01 1 01 17
00 008 2 07 40 01 1 01 40
00 009 0 06 33 01 1 01 33
00 010 1 03 17 01 0 02 30
00 011 2 13 48 00 1 01 48
00 012 0 00 60 00 1 01 60
00 013 1 10 14 02 0 02 43
00 014 2 13 48 00 1 02 48
00 015 0 17 52 02 1 02 52
00 016 1 06 43 00 1 02 43
00 017 2 00 50 02 1 02 50
00 018 0 00 60 00 1 02 60
00 019 1 03 17 01 1 02 17
00 020 2 07 40 01 1 02 40
00 021 0 06 33 01 1 02 33
00 022 1 10 14 02 0 02 17
00 023 2 07 40 01 1 03 40
00 024 0 06 33 01 1 03 33
00 025 1 06 43 00 0 02 14
00 026 2 00 50 02 0 03 40
00 027 0 00 60 00 1 03 60
00 028 1 03 17 01 1 02 17
00 029 2 09 54 03 0 03 52
00 030 0 17 52 02 1 03 52
00 031 1 10 14 02 0 02 17
00 032 2 13 48 00 1 03 48
00 033 0 03 71 03 0 03 32
00 034 1 06 43 00 1 02 43
00 035 2 09 54 03 1 03 54
00 036 0 03 71 03 1 03 71
00 037 1 06 43 00 1 02 43
00 038 2 07 40 01 0 03 42
00 039 0 17 52 02 0 03 72
00 040 1 10 14 02 0 02 17
00 041 2 00 50 02 1 03 50
00 042 0 06 33 01 1 03 33
00 043 1 03 17 01 1 02 17
00 044 2 13 48 00 1 03 48
00 045 0 00 60 00 1 03 60
00 046 1 10 14 02 1 02 14
00 047 2 00 50 02 0 03 40
00 048 0 03 71 03 0 03 62
00 049 1 06 43 00 0 02 14
00 050 2 07 40 01 0 03 52
00 051 0 06 33 01 1 03 33
00 052 1 03 17 01 0 02 14
00 053 2 13 48 00 1 03 48
00 054 0 17 52 02 0 03 71
00 055 1 06 43 00 0 02 14
00 056 2 09 54 03 0 03 50
00 057 0 00 60 00 1 03 60
00 058 1 10 14 02 0 02 17
00 059 2 07 40 01 0 03 52
00 060 0 00 60 00 1 03 60
00 061 1 03 17 01 1 02 17
00 062 2 13 48 00 1 03 48
00 063 0 17 52 02 0 03 07
00 064 1 06 43 00 1 02 43
00 065 2 09 54 03 0 03 52
00 066 0 03 71 03 0 03 61
00 067 1 03 17 01 0 02 14
00 068 2 00 50 02 1 03 50
00 069 0 06 33 01 1 03 33
00 070 1 10 14 02 1 02 14
00 071 2 07 40 01 1 03 40
00 072 0 06 33 01 1 03 33
00 073 1 10 14 02 1 02 14
00 074 2 09 54 03 0 03 52
00 075 0 17 52 02 0 03 71
00 076 1 06 43 00 1 02 43
00 077 2 13 48 00 1 03 48
00 078 0 03 71 03 1 03 71
00 079 1 03 17 01 1 02 17
00 080 2 00 50 02 0 03 52
00 081 0 00 60 00 1 03 60
00 082 1 08 29 03 1 03 29
00 083 2 00 50 02 1 03 50
00 084 0 00 60 00 1 03 60
00 085 1 03 17 01 1 03 17
00 086 2 09 54 03 0 03 50
00 087 0 03 71 03 1 03 71
00 088 1 06 43 00 1 03 43
00 089 2 07 40 01 1 03 40
00 090 0 06 33 01 1 03 33
00 091 1 10 14 02 1 03 14
00 092 2 13 48 00 1 03 48
00 093 0 17 52 02 0 03 62
00 094 1 01 45 04 1 04 45
00 095 2 13 48 00 1 03 48
00 096 0 00 60 00 1 03 60
00 097 1 06 43 00 1 04 43
00 098 2 09 54 03 1 03 54
00 099 0 06 33 01 1 03 33
00 100 1 08 29 03 1 04 29
00 101 2 00 50 02 1 03 50
00 102 0 17 52 02 1 03 52
00 103 1 10 14 02 1 04 14
00 104 2 07 40 01 1 03 40
00 105 0 03 71 03 1 03 71
00 106 1 03 17 01 1 04 17
00 107 2 00 50 02 0 04 54
00 108 0 06 33 01 1 04 33
00 109 1 01 45 04 1 05 45
00 110 2 09 54 03 1 04 54
00 111 0 03 71 03 1 04 71
00 112 1 08 29 03 1 05 29
00 113 2 11 65 04 0 04 60
00 114 0 13 42 04 1 04 42
00 115 1 03 17 01 1 05 17
00 116 2 07 40 01 0 04 50
00 117 0 00 60 00 1 04 60
00 118 1 10 14 02 0 05 17
00 119 2 13 48 00 1 04 48
00 120 0 17 52 02 0 04 06
00 121 1 13 23 05 1 05 23
00 122 2 11 65 04 1 04 65
00 123 0 17 52 02 1 04 52
00 124 1 06 43 00 1 05 43
00 125 2 00 50 02 1 04 50
00 126 0 13 42 04 0 04 23
00 127 1 13 23 05 1 05 23
00 128 2 09 54 03 0 04 65
00 129 0 03 71 03 1 04 71
00 130 1 03 17 01 1 05 17
00 131 2 13 48 00 1 04 48
00 132 0 00 60 00 1 04 60
00 133 1 08 29 03 1 05 29
00 134 2 07 40 01 1 04 40
00 135 0 06 33 01 1 04 33
00 136 1 06 43 00 1 05 43
00 137 2 07 40 01 1 04 40
00 138 0 17 52 02 1 04 52
00 139 1 10 14 02 1 05 14
00 140 2 00 50 02 1 04 50
00 141 0 03 71 03 1 04 71
00 142 1 01 45 04 1 05 45
00 143 2 09 54 03 1 04 54
00 144 0 00 60 00 1 04 60
00 145 1 08 29 03 1 06 29
00 146 2 11 65 04 1 04 65
00 147 0 06 33 01 1 04 33
00 148 1 13 23 05 0 06 42
00 149 2 13 48 00 1 04 48
00 150 0 13 42 04 0 04 65
00 151 1 06 43 00 1 06 43
00 152 2 05 31 05 0 05 42
00 153 0 00 60 00 1 04 60
00 154 1 01 45 04 0 06 23
00 155 2 11 65 04 0 05 60
00 156 0 17 52 02 1 04 52
00 157 1 17 15 06 1 06 15
00 158 2 00 50 02 1 05 50
00 159 0 03 71 03 1 04 71
00 160 1 10 14 02 1 06 14
00 161 2 13 48 00 1 05 48
00 162 0 13 42 04 0 04 65
00 163 1 03 17 01 1 06 17
00 164 2 07 40 01 0 05 05
00 165 0 06 33 01 1 04 33
00 166 1 06 43 00 1 06 43
00 167 2 09 54 03 0 05 60
00 168 0 13 42 04 0 04 45
00 169 1 13 23 05 1 06 23
00 170 2 09 54 03 0 05 65
00 171 0 17 52 02 1 04 52
00 172 1 08 29 03 1 06 29
00 173 2 00 50 02 1 05 50
00 174 0 06 33 01 1 04 33
00 175 1 01 45 04 0 06 23
00 176 2 11 65 04 1 05 65
00 177 0 03 71 03 1 04 71
00 178 1 17 15 06 1 06 15
00 179 2 07 40 01 0 05 50
00 180 0 00 60 00 1 04 60
00 181 1 10 14 02 1 06 14
00 182 2 13 48 00 1 05 48
00 183 0 00 60 00 1 04 60
00 184 1 03 17 01 1 06 17
00 185 2 05 31 05 1 05 31
00 186 0 06 33 01 1 04 33
00 187 1 03 17 01 1 06 17
00 188 2 07 40 01 1 05 40
00 189 0 17 52 02 1 04 52
00 190 1 17 15 06 1 06 15
00 191 2 00 50 02 1 05 50
00 192 0 13 42 04 1 04 42
00 193 1 01 45 04 0 06 54
00 194 2 09 54 03 0 05 42
00 195 0 03 71 03 1 04 71
00 196 1 10 14 02 1 06 14
00 197 2 11 65 04 1 05 65
00 198 0 17 52 02 1 05 52
00 199 1 08 29 03 1 06 29
00 200 2 05 31 05 1 05 31
00 201 0 13 42 04 0 05 54
00 202 1 06 43 00 1 06 43
00 203 2 13 48 00 1 05 48
00 204 0 00 60 00 1 05 60
00 205 1 13 23 05 1 06 23
00 206 2 13 48 00 1 05 48
00 207 0 15 67 05 0 05 61
00 208 1 10 14 02 1 06 14
00 209 2 00 50 02 1 05 50
00 210 0 06 33 01 1 05 33
00 211 1 08 29 03 1 06 29
00 212 2 09 54 03 0 05 42
00 213 0 03 71 03 1 05 71
00 214 1 06 43 00 1 06 43
00 215 2 07 40 01 1 05 40
00 216 0 00 60 00 1 05 60
00 217 1 03 17 01 1 06 17
00 218 2 11 65 04 0 05 54
00 219 0 03 71 03 1 05 71
00 220 1 17 15 06 1 06 15
00 221 2 05 31 05 1 05 31
00 222 0 06 33 01 1 05 33
00 223 1 01 45 04 0 06 42
00 224 2 00 50 02 1 05 50
00 225 0 15 67 05 1 05 67
00 226 1 13 23 05 1 06 23
00 227 2 07 40 01 1 05 40
00 228 0 17 52 02 1 05 52
00 229 1 03 17 01 1 06 17
00 230 2 05 31 05 1 05 31
00 231 0 13 42 04 1 05 42
00 232 1 17 15 06 1 06 15
00 233 2 11 65 04 0 05 60
00 234 0 15 67 05 1 06 67
00 235 1 06 43 00 1 06 43
00 236 2 09 54 03 0 05 45
00 237 0 05 77 06 1 06 77
00 238 1 10 14 02 1 06 14
00 239 2 13 48 00 1 05 48
00 240 0 06 33 01 1 06 33
00 241 1 08 29 03 1 06 29
00 242 2 13 48 00 1 05 48
00 243 0 17 52 02 1 06 52
00 244 1 01 45 04 1 06 45
00 245 2 11 65 04 1 05 65
00 246 0 00 60 00 1 06 60
00 247 1 13 23 05 1 06 23
00 248 2 05 31 05 1 05 31
00 249 0 13 42 04 1 06 42
00 250 1 13 23 05 1 07 23
00 251 2 09 54 03 1 05 54
00 252 0 03 71 03 1 06 71
00 253 1 03 17 01 1 07 17
00 254 2 07 40 01 1 05 40
00 255 0 05 77 06 1 07 77
00 256 1 17 15 06 1 07 15
00 257 2 00 50 02 1 05 50
00 258 0 13 42 04 0 07 45
00 259 1 08 29 03 1 07 29
00 260 2 07 40 01 1 06 40
00 261 0 15 67 05 1 07 67
00 262 1 10 14 02 1 07 14
00 263 2 11 65 04 1 06 65
00 264 0 00 60 00 1 07 60
00 265 1 11 34 07 1 07 34
00 266 2 14 46 06 0 06 63
00 267 0 17 52 02 1 07 52
00 268 1 06 43 00 1 07 43
00 269 2 05 31 05 1 06 31
00 270 0 03 71 03 1 07 71
00 271 1 01 45 04 1 07 45
00 272 2 09 54 03 0 06 65
00 273 0 06 33 01 1 07 33
00 274 1 10 14 02 1 08 14
00 275 2 13 48 00 1 06 48
00 276 0 07 63 07 1 07 63
00 277 1 06 43 00 1 08 43
00 278 2 00 50 02 1 06 50
00 279 0 07 63 07 1 07 63
00 280 1 11 34 07 1 08 34
00 281 2 00 50 02 1 06 50
00 282 0 15 67 05 1 07 67
00 283 1 01 45 04 0 08 54
00 284 2 13 48 00 1 06 48
00 285 0 17 52 02 1 07 52
00 286 1 15 57 08 1 08 57
00 287 2 09 54 03 0 06 42
00 288 0 06 33 01 1 07 33
00 289 1 08 29 03 1 08 29
00 290 2 07 40 01 1 06 40
00 291 0 00 60 00 1 07 60
00 292 1 03 17 01 1 08 17
00 293 2 11 65 04 0 06 54
00 294 0 05 77 06 1 07 77
00 295 1 13 23 05 1 08 23
00 296 2 05 31 05 1 06 31
00 297 0 13 42 04 0 07 45
00 298 1 17 15 06 1 08 15
00 299 2 14 46 06 0 06 34
