01 000 0 00 48 00 1 00 48
01 001 1 06 60 00 1 00 60
01 002 2 13 43 00 0 00 48
01 003 0 00 48 00 1 01 48
01 004 1 06 60 00 0 01 68
01 005 2 13 43 00 1 00 43
01 006 0 06 40 01 1 01 40
01 007 1 03 33 01 0 01 57
01 008 2 07 17 01 0 01 77
01 009 0 17 50 02 1 02 50
01 010 1 03 33 01 0 01 60
01 011 2 13 43 00 1 01 43
01 012 0 00 48 00 1 02 48
01 013 1 06 60 00 0 01 63
01 014 2 13 43 00 1 01 43
01 015 0 06 40 01 0 02 50
01 016 1 03 33 01 1 01 33
01 017 2 07 17 01 0 01 50
01 018 0 17 50 02 1 02 50
01 019 1 06 60 00 0 01 63
01 020 2 13 43 00 1 01 43
01 021 0 06 40 01 1 02 40
01 022 1 06 60 00 1 01 60
01 023 2 07 17 01 0 01 40
01 024 0 00 48 00 0 02 40
01 025 1 03 33 01 1 01 33
01 026 2 07 17 01 0 01 33
01 027 0 06 40 01 0 02 52
01 028 1 06 60 00 0 02 63
01 029 2 13 43 00 1 01 43
01 030 0 17 50 02 1 02 50
01 031 1 03 33 01 0 02 43
01 032 2 07 17 01 0 01 33
01 033 0 00 48 00 1 02 48
01 034 1 10 52 02 1 02 52
01 035 2 13 43 00 1 01 43
01 036 0 17 50 02 0 02 40
01 037 1 10 52 02 1 02 52
01 038 2 07 17 01 1 01 17
01 039 0 06 40 01 1 02 40
01 040 1 03 33 01 1 02 33
01 041 2 13 43 00 1 01 43
01 042 0 00 48 00 1 02 48
01 043 1 06 60 00 0 02 63
01 044 2 07 17 01 0 02 33
01 045 0 17 50 02 1 02 50
01 046 1 10 52 02 1 02 52
01 047 2 13 43 00 1 02 43
01 048 0 00 48 00 1 02 48
01 049 1 06 60 00 1 02 60
01 050 2 00 14 02 1 02 14
01 051 0 06 40 01 0 02 50
01 052 1 03 33 01 1 02 33
01 053 2 07 17 01 0 02 03
01 054 0 00 48 00 1 02 48
01 055 1 03 33 01 1 03 33
01 056 2 13 43 00 1 02 43
01 057 0 06 40 01 1 02 40
01 058 1 10 52 02 1 03 52
01 059 2 00 14 02 1 02 14
01 060 0 17 50 02 1 02 50
01 061 1 08 71 03 0 03 72
01 062 2 07 17 01 1 02 17
01 063 0 17 50 02 1 03 50
01 064 1 06 60 00 1 03 60
01 065 2 00 14 02 1 02 14
01 066 0 00 48 00 1 03 48
01 067 1 03 33 01 1 03 33
01 068 2 13 43 00 0 02 33
01 069 0 06 40 01 1 03 40
01 070 1 10 52 02 1 03 52
01 071 2 13 43 00 1 02 43
01 072 0 03 54 03 0 03 52
01 073 1 08 71 03 1 03 71
01 074 2 07 17 01 1 02 17
01 075 0 17 50 02 1 03 50
01 076 1 06 60 00 1 03 60
01 077 2 00 14 02 1 02 14
01 078 0 03 54 03 0 03 52
01 079 1 01 42 04 0 04 29
01 080 2 09 29 03 1 03 29
01 081 0 00 48 00 1 03 48
01 082 1 03 33 01 1 04 33
01 083 2 07 17 01 0 03 33
01 084 0 06 40 01 1 03 40
01 085 1 06 60 00 1 04 60
01 086 2 13 43 00 1 03 43
01 087 0 06 40 01 1 03 40
01 088 1 08 71 03 1 04 71
01 089 2 00 14 02 1 03 14
01 090 0 00 48 00 1 03 48
01 091 1 10 52 02 1 04 52
01 092 2 00 14 02 1 03 14
01 093 0 17 50 02 1 03 50
01 094 1 08 71 03 1 04 71
01 095 2 07 17 01 1 03 17
01 096 0 03 54 03 0 03 52
01 097 1 10 52 02 1 04 52
01 098 2 09 29 03 1 03 29
01 099 0 06 40 01 0 03 52
01 100 1 06 60 00 1 04 60
01 101 2 13 43 00 1 03 43
01 102 0 17 50 02 1 03 50
01 103 1 03 33 01 1 04 33
01 104 2 09 29 03 0 04 45
01 105 0 03 54 03 1 03 54
01 106 1 01 42 04 0 04 45
01 107 2 07 17 01 0 04 13
01 108 0 00 48 00 1 03 48
01 109 1 10 52 02 1 04 52
01 110 2 11 45 04 1 04 45
01 111 0 06 40 01 1 03 40
01 112 1 03 33 01 1 04 33
01 113 2 13 43 00 1 04 43
01 114 0 17 50 02 1 03 50
01 115 1 01 42 04 1 04 42
01 116 2 00 14 02 1 04 14
01 117 0 00 48 00 1 03 48
01 118 1 08 71 03 1 04 71
01 119 2 13 43 00 1 04 43
01 120 0 03 54 03 0 03 42
01 121 1 06 60 00 1 04 60
01 122 2 11 45 04 1 04 45
01 123 0 03 54 03 1 03 54
01 124 1 03 33 01 1 05 33
01 125 2 09 29 03 1 04 29
01 126 0 06 40 01 1 03 40
01 127 1 10 52 02 1 05 52
01 128 2 07 17 01 0 04 33
01 129 0 17 50 02 1 03 50
01 130 1 08 71 03 1 05 71
01 131 2 00 14 02 0 04 29
01 132 0 00 48 00 1 03 48
01 133 1 13 67 05 0 05 69
01 134 2 07 17 01 0 04 29
01 135 0 06 40 01 0 04 50
01 136 1 06 60 00 1 05 60
01 137 2 00 14 02 1 04 14
01 138 0 13 65 04 1 04 65
01 139 1 01 42 04 1 05 42
01 140 2 13 43 00 0 04 48
01 141 0 17 50 02 1 04 50
01 142 1 08 71 03 1 05 71
01 143 2 11 45 04 1 04 45
01 144 0 00 48 00 1 04 48
01 145 1 06 60 00 1 05 60
01 146 2 09 29 03 0 04 33
01 147 0 03 54 03 0 04 42
01 148 1 03 33 01 1 05 33
01 149 2 11 45 04 1 04 45
01 150 0 17 50 02 1 04 50
01 151 1 13 67 05 0 05 63
01 152 2 09 29 03 1 04 29
01 153 0 06 40 01 1 04 40
01 154 1 10 52 02 1 05 52
01 155 2 00 14 02 1 04 14
01 156 0 00 48 00 1 04 48
01 157 1 01 42 04 1 05 42
01 158 2 07 17 01 0 04 29
01 159 0 03 54 03 1 04 54
01 160 1 13 67 05 1 05 67
01 161 2 13 43 00 1 04 43
01 162 0 13 65 04 1 04 65
01 163 1 03 33 01 1 05 33
01 164 2 11 45 04 1 04 45
01 165 0 03 54 03 1 05 54
01 166 1 06 60 00 1 05 60
01 167 2 09 29 03 1 04 29
01 168 0 13 65 04 1 05 65
01 169 1 10 52 02 0 05 33
01 170 2 00 14 02 0 04 29
01 171 0 00 48 00 1 05 48
01 172 1 08 71 03 1 05 71
01 173 2 07 17 01 0 04 29
01 174 0 15 31 05 1 05 31
01 175 1 01 42 04 1 05 42
01 176 2 13 43 00 1 04 43
01 177 0 17 50 02 1 05 50
01 178 1 01 42 04 1 05 42
01 179 2 13 43 00 1 04 43
01 180 0 06 40 01 0 05 50
01 181 1 06 60 00 1 05 60
01 182 2 00 14 02 1 04 14
01 183 0 06 40 01 1 05 40
01 184 1 03 33 01 1 05 33
01 185 2 09 29 03 1 04 29
01 186 0 15 31 05 1 05 31
01 187 1 08 71 03 1 05 71
01 188 2 11 45 04 0 04 14
01 189 0 00 48 00 1 05 48
01 190 1 10 52 02 1 05 52
01 191 2 07 17 01 0 04 14
01 192 0 17 50 02 1 05 50
01 193 1 13 67 05 1 05 67
01 194 2 07 17 01 1 04 17
01 195 0 03 54 03 1 05 54
01 196 1 17 77 06 1 06 77
01 197 2 11 45 04 1 04 45
01 198 0 13 65 04 1 05 65
01 199 1 13 67 05 1 06 67
01 200 2 09 29 03 0 04 45
01 201 0 15 31 05 1 06 31
01 202 1 08 71 03 1 06 71
01 203 2 00 14 02 0 04 19
01 204 0 05 46 06 1 06 46
01 205 1 10 52 02 1 06 52
01 206 2 13 43 00 1 04 43
01 207 0 00 48 00 1 06 48
01 208 1 03 33 01 1 06 33
01 209 2 09 29 03 0 04 14
01 210 0 17 50 02 1 06 50
01 211 1 01 42 04 1 06 42
01 212 2 00 14 02 0 04 29
01 213 0 06 40 01 1 06 40
01 214 1 06 60 00 1 06 60
01 215 2 11 45 04 1 04 45
01 216 0 03 54 03 1 06 54
01 217 1 13 67 05 1 07 67
01 218 2 07 17 01 0 04 45
01 219 0 13 65 04 1 06 65
01 220 1 01 42 04 1 07 42
01 221 2 13 43 00 1 04 43
01 222 0 05 46 06 0 07 65
01 223 1 03 33 01 1 07 33
01 224 2 09 29 03 1 04 29
01 225 0 06 40 01 1 07 40
01 226 1 11 63 07 1 07 63
01 227 2 00 14 02 1 04 14
01 228 0 13 65 04 1 07 65
01 229 1 06 60 00 1 07 60
01 230 2 11 45 04 1 04 45
01 231 0 15 31 05 1 07 31
01 232 1 17 77 06 1 07 77
01 233 2 07 17 01 0 04 14
01 234 0 07 49 07 0 07 46
01 235 1 08 71 03 1 07 71
01 236 2 13 43 00 1 04 43
01 237 0 17 50 02 1 07 50
01 238 1 10 52 02 1 07 52
01 239 2 11 45 04 1 04 45
01 240 0 00 48 00 1 07 48
01 241 1 01 42 04 1 08 42
01 242 2 13 43 00 1 04 43
01 243 0 03 54 03 1 07 54
01 244 1 15 68 08 1 08 68
01 245 2 09 29 03 0 04 45
01 246 0 00 48 00 1 07 48
01 247 1 13 67 05 1 08 67
01 248 2 07 17 01 1 04 17
01 249 0 05 46 06 1 07 46
01 250 1 17 77 06 1 08 77
01 251 2 00 14 02 1 04 14
01 252 0 15 31 05 1 07 31
01 253 1 06 60 00 1 08 60
01 254 2 07 17 01 1 04 17
01 255 0 13 65 04 1 07 65
01 256 1 10 52 02 1 08 52
01 257 2 11 45 04 1 04 45
01 258 0 03 54 03 1 07 54
01 259 1 11 63 07 0 08 68
01 260 2 09 29 03 0 04 17
01 261 0 06 40 01 1 07 40
01 262 1 03 33 01 1 08 33
01 263 2 13 43 00 1 04 43
01 264 0 17 50 02 1 07 50
01 265 1 08 71 03 1 08 71
01 266 2 00 14 02 0 04 17
01 267 0 07 49 07 0 07 43
01 268 1 01 42 04 1 08 42
01 269 2 09 29 03 0 04 14
01 270 0 06 40 01 1 07 40
01 271 1 10 52 02 1 08 52
01 272 2 13 43 00 1 04 43
01 273 0 05 46 06 1 07 46
01 274 1 11 63 07 0 08 68
01 275 2 11 45 04 1 04 45
01 276 0 17 50 02 0 07 40
01 277 1 17 77 06 1 08 77
01 278 2 00 14 02 0 04 45
01 279 0 00 48 00 1 07 48
01 280 1 08 71 03 1 08 71
01 281 2 07 17 01 0 04 45
01 282 0 07 49 07 0 07 46
01 283 1 06 60 00 1 08 60
01 284 2 00 14 02 0 04 45
01 285 0 13 65 04 1 07 65
01 286 1 15 68 08 1 08 68
01 287 2 09 29 03 0 04 14
01 288 0 15 31 05 1 07 31
01 289 1 13 67 05 0 08 68
01 290 2 11 45 04 1 04 45
01 291 0 03 54 03 1 07 54
01 292 1 03 33 01 1 08 33
01 293 2 13 43 00 1 04 43
01 294 0 15 31 05 1 07 31
01 295 1 13 67 05 1 08 67
01 296 2 07 17 01 0 04 29
01 297 0 13 65 04 1 07 65
01 298 1 08 71 03 1 08 71
01 299 2 13 43 00 1 04 43
