15 000 0 07 75 00 1 00 75
15 001 1 10 56 00 1 00 56
15 002 2 09 30 00 1 00 30
15 003 0 10 61 01 1 01 61
15 004 1 10 56 00 1 01 56
15 005 2 12 59 01 1 01 59
15 006 0 07 75 00 1 01 75
15 007 1 14 33 01 1 01 33
15 008 2 09 30 00 1 01 30
15 009 0 15 34 02 1 02 34
15 010 1 10 56 00 1 02 56
15 011 2 09 30 00 1 02 30
15 012 0 07 75 00 1 02 75
15 013 1 14 33 01 1 02 33
15 014 2 13 52 02 1 02 52
15 015 0 10 61 01 1 02 61
15 016 1 04 38 02 1 02 38
15 017 2 12 59 01 1 02 59
15 018 0 07 75 00 1 03 75
15 019 1 10 56 00 1 03 56
15 020 2 13 52 02 1 03 52
15 021 0 02 58 03 1 03 58
15 022 1 17 79 03 1 03 79
15 023 2 12 59 01 1 03 59
15 024 0 15 34 02 1 03 34
15 025 1 14 33 01 1 03 33
15 026 2 14 21 03 1 03 21
15 027 0 10 61 01 1 03 61
15 028 1 04 38 02 1 03 38
15 029 2 09 30 00 1 03 30
15 030 0 02 58 03 1 04 58
15 031 1 10 56 00 1 04 56
15 032 2 13 52 02 1 04 52
15 033 0 15 34 02 1 04 34
15 034 1 04 38 02 1 04 38
15 035 2 03 14 04 1 04 14
15 036 0 07 75 00 1 04 75
15 037 1 14 33 01 1 04 33
15 038 2 12 59 01 1 04 59
15 039 0 09 51 04 1 04 51
15 040 1 17 79 03 0 04 77
15 041 2 14 21 03 1 04 21
15 042 0 10 61 01 1 04 61
15 043 1 13 35 04 1 04 35
15 044 2 09 30 00 0 04 33
15 045 0 09 51 04 1 05 51
15 046 1 14 33 01 1 04 33
15 047 2 03 14 04 1 04 14
15 048 0 02 58 03 1 05 58
15 049 1 04 38 02 1 04 38
15 050 2 12 59 01 1 04 59
15 051 0 15 34 02 1 05 34
15 052 1 13 35 04 1 04 35
15 053 2 09 30 00 1 04 30
15 054 0 07 75 00 1 05 75
15 055 1 17 79 03 1 04 79
15 056 2 14 21 03 1 04 21
15 057 0 17 40 05 1 05 40
15 058 1 10 56 00 1 04 56
15 059 2 13 52 02 0 04 23
15 060 0 10 61 01 1 05 61
15 061 1 13 35 04 1 05 35
15 062 2 14 21 03 1 04 21
15 063 0 15 34 02 1 06 34
15 064 1 02 53 05 1 05 53
15 065 2 13 52 02 1 04 52
15 066 0 09 51 04 1 06 51
15 067 1 04 38 02 1 05 38
15 068 2 09 30 00 1 04 30
15 069 0 10 61 01 1 06 61
15 070 1 14 33 01 1 05 33
15 071 2 03 14 04 0 04 00
15 072 0 17 40 05 1 06 40
15 073 1 10 56 00 1 05 56
15 074 2 12 59 01 1 04 59
15 075 0 16 16 06 1 06 16
15 076 1 17 79 03 0 05 75
15 077 2 12 59 01 1 04 59
15 078 0 07 75 00 1 06 75
15 079 1 14 33 01 1 05 33
15 080 2 09 30 00 1 04 30
15 081 0 02 58 03 1 06 58
15 082 1 13 35 04 0 05 53
15 083 2 14 21 03 1 04 21
15 084 0 15 34 02 1 07 34
15 085 1 04 38 02 1 05 38
15 086 2 13 52 02 1 04 52
15 087 0 11 54 07 1 07 54
15 088 1 02 53 05 1 05 53
15 089 2 03 14 04 1 04 14
15 090 0 16 16 06 1 07 16
15 091 1 17 79 03 1 05 79
15 092 2 14 21 03 1 05 21
15 093 0 09 51 04 1 07 51
15 094 1 10 56 00 1 05 56
15 095 2 07 55 05 1 05 55
15 096 0 02 58 03 1 07 58
15 097 1 04 38 02 1 05 38
15 098 2 09 30 00 0 05 55
15 099 0 07 75 00 1 07 75
15 100 1 17 79 03 1 05 79
15 101 2 03 14 04 1 05 14
15 102 0 17 40 05 1 07 40
15 103 1 13 35 04 1 05 35
15 104 2 13 52 02 0 05 54
15 105 0 10 61 01 1 07 61
15 106 1 10 56 00 1 05 56
15 107 2 12 59 01 1 05 59
15 108 0 09 51 04 1 08 51
15 109 1 14 33 01 1 05 33
15 110 2 12 59 01 0 05 58
15 111 0 15 34 02 1 08 34
15 112 1 02 53 05 1 05 53
15 113 2 03 14 04 1 05 14
15 114 0 02 58 03 1 08 58
15 115 1 13 35 04 1 06 35
15 116 2 07 55 05 1 05 55
15 117 0 16 16 06 1 08 16
15 118 1 02 53 05 1 06 53
15 119 2 13 52 02 1 05 52
15 120 0 07 75 00 1 08 75
15 121 1 07 18 06 1 06 18
15 122 2 09 30 00 1 05 30
15 123 0 11 54 07 1 08 54
15 124 1 14 33 01 1 06 33
15 125 2 14 21 03 1 05 21
15 126 0 12 19 08 1 08 19
15 127 1 17 79 03 1 06 79
15 128 2 14 21 03 1 05 21
15 129 0 17 40 05 1 08 40
15 130 1 10 56 00 1 06 56
15 131 2 09 30 00 1 05 30
15 132 0 10 61 01 1 08 61
15 133 1 04 38 02 1 06 38
15 134 2 12 59 01 1 05 59
15 135 0 12 19 08 1 09 19
15 136 1 07 18 06 1 07 18
15 137 2 13 52 02 1 05 52
15 138 0 11 54 07 1 09 54
15 139 1 14 33 01 1 07 33
15 140 2 07 55 05 1 05 55
15 141 0 06 76 09 1 09 76
15 142 1 10 56 00 1 07 56
15 143 2 03 14 04 1 05 14
15 144 0 10 61 01 1 09 61
15 145 1 08 64 07 1 07 64
15 146 2 05 15 06 1 06 15
15 147 0 16 16 06 1 09 16
15 148 1 04 38 02 1 07 38
15 149 2 14 21 03 1 06 21
15 150 0 15 34 02 1 09 34
15 151 1 02 53 05 1 07 53
15 152 2 03 14 04 1 06 14
15 153 0 02 58 03 1 09 58
15 154 1 13 35 04 1 07 35
15 155 2 13 52 02 1 06 52
15 156 0 17 40 05 1 09 40
15 157 1 17 79 03 1 07 79
15 158 2 07 55 05 1 06 55
15 159 0 09 51 04 1 09 51
15 160 1 02 53 05 1 08 53
15 161 2 09 30 00 1 06 30
15 162 0 07 75 00 1 09 75
15 163 1 07 18 06 1 08 18
15 164 2 12 59 01 1 06 59
15 165 0 09 51 04 1 10 51
15 166 1 08 64 07 0 08 18
15 167 2 07 55 05 1 07 55
15 168 0 10 61 01 1 10 61
15 169 1 04 38 02 1 08 38
15 170 2 13 52 02 1 07 52
15 171 0 15 34 02 1 10 34
15 172 1 17 79 03 1 08 79
15 173 2 05 15 06 0 07 01
15 174 0 07 75 00 1 10 75
15 175 1 10 56 00 1 08 56
15 176 2 14 21 03 0 07 15
15 177 0 06 76 09 1 10 76
15 178 1 09 78 08 0 08 70
15 179 2 01 32 07 1 07 32
15 180 0 16 16 06 1 10 16
15 181 1 13 35 04 1 08 35
15 182 2 09 30 00 1 07 30
15 183 0 02 58 03 1 10 58
15 184 1 14 33 01 1 08 33
15 185 2 12 59 01 1 07 59
15 186 0 17 40 05 1 10 40
15 187 1 02 53 05 1 08 53
15 188 2 03 14 04 1 07 14
15 189 0 12 19 08 1 10 19
15 190 1 04 38 02 1 08 38
15 191 2 05 15 06 1 07 15
15 192 0 04 28 10 1 10 28
15 193 1 14 33 01 1 08 33
15 194 2 09 30 00 1 07 30
15 195 0 11 54 07 1 10 54
15 196 1 10 56 00 1 08 56
15 197 2 07 55 05 1 07 55
15 198 0 02 58 03 1 11 58
15 199 1 08 64 07 1 08 64
15 200 2 14 21 03 0 07 14
15 201 0 12 19 08 1 11 19
15 202 1 09 78 08 1 08 78
15 203 2 13 52 02 1 07 52
15 204 0 09 51 04 1 11 51
15 205 1 13 35 04 1 08 35
15 206 2 01 32 07 1 07 32
15 207 0 16 16 06 1 11 16
15 208 1 07 18 06 1 08 18
15 209 2 03 14 04 1 07 14
15 210 0 03 69 11 1 11 69
15 211 1 17 79 03 0 08 70
15 212 2 12 59 01 1 07 59
15 213 0 07 75 00 1 11 75
15 214 1 09 78 08 1 08 78
15 215 2 14 21 03 0 07 15
15 216 0 15 34 02 1 11 34
15 217 1 04 38 02 1 08 38
15 218 2 01 32 07 1 07 32
15 219 0 10 61 01 1 11 61
15 220 1 02 53 05 1 08 53
15 221 2 05 15 06 1 07 15
15 222 0 04 28 10 1 11 28
15 223 1 08 64 07 1 08 64
15 224 2 13 52 02 1 07 52
15 225 0 17 40 05 1 11 40
15 226 1 10 56 00 1 08 56
15 227 2 12 59 01 1 07 59
15 228 0 06 76 09 1 11 76
15 229 1 07 18 06 1 08 18
15 230 2 07 55 05 1 07 55
15 231 0 11 54 07 1 11 54
15 232 1 13 35 04 1 08 35
15 233 2 09 30 00 1 07 30
15 234 0 16 16 06 1 12 16
15 235 1 14 33 01 1 08 33
15 236 2 03 14 04 1 07 14
15 237 0 17 40 05 1 12 40
15 238 1 17 79 03 1 08 79
15 239 2 01 32 07 1 07 32
15 240 0 11 54 07 1 12 54
15 241 1 02 53 05 1 09 53
15 242 2 14 21 03 1 07 21
15 243 0 07 75 00 1 12 75
15 244 1 12 39 09 1 09 39
15 245 2 13 52 02 1 07 52
15 246 0 04 28 10 1 12 28
15 247 1 04 38 02 1 09 38
15 248 2 05 15 06 1 07 15
15 249 0 02 58 03 1 12 58
15 250 1 09 78 08 1 09 78
15 251 2 09 30 00 1 07 30
15 252 0 06 76 09 1 12 76
15 253 1 08 64 07 1 09 64
15 254 2 07 55 05 1 07 55
15 255 0 12 19 08 1 12 19
15 256 1 10 56 00 1 09 56
15 257 2 12 59 01 1 07 59
15 258 0 15 34 02 1 12 34
15 259 1 17 79 03 1 09 79
15 260 2 03 14 04 1 07 14
15 261 0 03 69 11 1 12 69
15 262 1 07 18 06 1 09 18
15 263 2 07 55 05 1 08 55
15 264 0 09 51 04 1 12 51
15 265 1 13 35 04 1 09 35
15 266 2 05 15 06 1 08 15
15 267 0 14 71 12 1 12 71
15 268 1 14 33 01 1 09 33
15 269 2 14 21 03 1 08 21
15 270 0 10 61 01 1 12 61
15 271 1 03 63 10 1 10 63
15 272 2 12 59 01 1 08 59
15 273 0 14 71 12 1 13 71
15 274 1 17 79 03 1 10 79
15 275 2 03 14 04 1 08 14
15 276 0 17 40 05 1 13 40
15 277 1 07 18 06 1 10 18
15 278 2 06 24 08 1 08 24
15 279 0 09 51 04 1 13 51
15 280 1 04 38 02 1 10 38
15 281 2 09 30 00 1 08 30
15 282 0 02 58 03 1 13 58
15 283 1 02 53 05 0 10 05
15 284 2 13 52 02 1 08 52
15 285 0 11 54 07 1 13 54
15 286 1 13 35 04 1 10 35
15 287 2 01 32 07 1 08 32
15 288 0 03 69 11 1 13 69
15 289 1 14 33 01 1 10 33
15 290 2 05 15 06 0 09 14
15 291 0 08 49 13 1 13 49
15 292 1 10 56 00 1 10 56
15 293 2 10 27 09 1 09 27
15 294 0 04 28 10 1 13 28
15 295 1 09 78 08 0 10 76
15 296 2 13 52 02 1 09 52
15 297 0 06 76 09 1 13 76
15 298 1 12 39 09 1 10 39
15 299 2 03 14 04 1 09 14
