13 000 0 00 77 00 1 00 77
13 001 1 12 71 00 1 00 71
13 002 2 09 56 00 1 00 56
13 003 0 00 77 00 1 01 77
13 004 1 12 71 00 1 01 71
13 005 2 15 30 01 1 01 30
13 006 0 03 46 01 1 01 46
13 007 1 05 63 01 1 01 63
13 008 2 09 56 00 0 01 30
13 009 0 10 23 02 1 02 23
13 010 1 05 63 01 1 02 63
13 011 2 15 30 01 1 01 30
13 012 0 03 46 01 1 02 46
13 013 1 12 71 00 1 02 71
13 014 2 09 56 00 1 01 56
13 015 0 00 77 00 1 02 77
13 016 1 03 67 02 1 02 67
13 017 2 15 30 01 1 02 30
13 018 0 10 23 02 1 03 23
13 019 1 03 67 02 1 03 67
13 020 2 08 70 02 1 02 70
13 021 0 06 14 03 1 03 14
13 022 1 05 63 01 1 03 63
13 023 2 09 56 00 1 02 56
13 024 0 00 77 00 1 03 77
13 025 1 02 59 03 1 03 59
13 026 2 08 70 02 1 03 70
13 027 0 03 46 01 1 03 46
13 028 1 12 71 00 1 03 71
13 029 2 09 56 00 1 03 56
13 030 0 10 23 02 1 04 23
13 031 1 04 24 04 1 04 24
13 032 2 15 30 01 1 03 30
13 033 0 06 14 03 1 04 14
13 034 1 03 67 02 1 04 67
13 035 2 02 68 03 1 03 68
13 036 0 00 77 00 1 04 77
13 037 1 02 59 03 1 04 59
13 038 2 02 68 03 1 04 68
13 039 0 03 46 01 1 04 46
13 040 1 05 63 01 1 04 63
13 041 2 09 56 00 1 04 56
13 042 0 05 53 04 1 04 53
13 043 1 12 71 00 1 04 71
13 044 2 08 70 02 1 04 70
13 045 0 05 53 04 1 05 53
13 046 1 03 67 02 1 05 67
13 047 2 13 37 04 1 04 37
13 048 0 15 41 05 0 05 53
13 049 1 04 24 04 1 05 24
13 050 2 15 30 01 1 04 30
13 051 0 06 14 03 1 05 14
13 052 1 02 59 03 1 05 59
13 053 2 02 68 03 1 05 68
13 054 0 10 23 02 1 05 23
13 055 1 05 63 01 1 05 63
13 056 2 08 70 02 1 05 70
13 057 0 00 77 00 1 05 77
13 058 1 14 61 05 1 05 61
13 059 2 16 12 05 1 05 12
13 060 0 03 46 01 1 05 46
13 061 1 12 71 00 1 05 71
13 062 2 13 37 04 1 05 37
13 063 0 05 53 04 1 05 53
13 064 1 14 61 05 1 06 61
13 065 2 09 56 00 1 05 56
13 066 0 06 14 03 1 05 14
13 067 1 04 24 04 1 06 24
13 068 2 15 30 01 1 05 30
13 069 0 10 23 02 1 05 23
13 070 1 03 67 02 1 06 67
13 071 2 02 68 03 0 06 70
13 072 0 15 41 05 1 05 41
13 073 1 02 59 03 1 06 59
13 074 2 08 70 02 1 06 70
13 075 0 00 77 00 1 05 77
13 076 1 12 71 00 1 06 71
13 077 2 16 12 05 1 06 12
13 078 0 03 46 01 1 05 46
13 079 1 05 63 01 1 06 63
13 080 2 13 37 04 1 06 37
13 081 0 03 46 01 1 06 46
13 082 1 16 62 06 1 06 62
13 083 2 09 56 00 1 06 56
13 084 0 06 14 03 1 06 14
13 085 1 12 71 00 1 07 71
13 086 2 15 30 01 1 06 30
13 087 0 12 15 06 1 06 15
13 088 1 03 67 02 1 07 67
13 089 2 06 29 06 0 06 70
13 090 0 05 53 04 1 06 53
13 091 1 02 59 03 1 07 59
13 092 2 08 70 02 1 06 70
13 093 0 10 23 02 1 06 23
13 094 1 04 24 04 1 07 24
13 095 2 13 37 04 1 06 37
13 096 0 15 41 05 1 06 41
13 097 1 13 78 07 1 07 78
13 098 2 16 12 05 1 06 12
13 099 0 00 77 00 1 06 77
13 100 1 16 62 06 1 07 62
13 101 2 06 29 06 1 06 29
13 102 0 00 77 00 1 07 77
13 103 1 05 63 01 1 07 63
13 104 2 09 56 00 1 06 56
13 105 0 06 14 03 1 07 14
13 106 1 14 61 05 1 07 61
13 107 2 02 68 03 1 06 68
13 108 0 05 53 04 1 07 53
13 109 1 12 71 00 1 08 71
13 110 2 15 30 01 1 06 30
13 111 0 12 15 06 1 07 15
13 112 1 06 72 08 1 08 72
13 113 2 14 18 07 1 07 18
13 114 0 04 11 07 1 07 11
13 115 1 02 59 03 1 08 59
13 116 2 08 70 02 1 07 70
13 117 0 10 23 02 1 07 23
13 118 1 13 78 07 1 08 78
13 119 2 15 30 01 1 07 30
13 120 0 15 41 05 1 07 41
13 121 1 16 62 06 1 08 62
13 122 2 06 29 06 1 07 29
13 123 0 03 46 01 1 07 46
13 124 1 04 24 04 1 08 24
13 125 2 09 56 00 0 07 70
13 126 0 04 11 07 1 08 11
13 127 1 03 67 02 0 08 71
13 128 2 13 37 04 1 07 37
13 129 0 12 15 06 1 08 15
13 130 1 14 61 05 1 08 61
13 131 2 02 68 03 1 07 68
13 132 0 03 46 01 1 08 46
13 133 1 05 63 01 1 08 63
13 134 2 16 12 05 1 07 12
13 135 0 00 77 00 1 08 77
13 136 1 12 71 00 1 08 71
13 137 2 08 70 02 1 07 70
13 138 0 15 41 05 1 08 41
13 139 1 13 78 07 1 08 78
13 140 2 06 29 06 1 07 29
13 141 0 10 23 02 1 08 23
13 142 1 03 67 02 1 08 67
13 143 2 09 56 00 1 07 56
13 144 0 06 14 03 1 08 14
13 145 1 06 72 08 1 08 72
13 146 2 16 12 05 1 07 12
13 147 0 14 79 08 1 08 79
13 148 1 02 59 03 1 08 59
13 149 2 13 37 04 1 07 37
13 150 0 05 53 04 1 08 53
13 151 1 04 24 04 1 08 24
13 152 2 02 68 03 1 07 68
13 153 0 05 53 04 1 09 53
13 154 1 05 63 01 1 08 63
13 155 2 14 18 07 1 07 18
13 156 0 10 23 02 1 09 23
13 157 1 14 61 05 1 08 61
13 158 2 15 30 01 1 07 30
13 159 0 06 14 03 1 09 14
13 160 1 16 62 06 1 08 62
13 161 2 06 29 06 1 08 29
13 162 0 14 79 08 1 09 79
13 163 1 06 72 08 1 09 72
13 164 2 04 25 08 1 08 25
13 165 0 12 15 06 1 09 15
13 166 1 04 24 04 1 09 24
13 167 2 15 30 01 1 08 30
13 168 0 15 41 05 1 09 41
13 169 1 14 61 05 1 09 61
13 170 2 16 12 05 1 08 12
13 171 0 07 34 09 1 09 34
13 172 1 16 62 06 1 09 62
13 173 2 08 70 02 1 08 70
13 174 0 00 77 00 1 09 77
13 175 1 03 67 02 1 09 67
13 176 2 14 18 07 1 08 18
13 177 0 04 11 07 1 09 11
13 178 1 07 38 09 1 09 38
13 179 2 13 37 04 1 08 37
13 180 0 03 46 01 1 09 46
13 181 1 13 78 07 1 09 78
13 182 2 09 56 00 1 08 56
13 183 0 06 14 03 1 10 14
13 184 1 05 63 01 1 09 63
13 185 2 02 68 03 1 08 68
13 186 0 03 46 01 1 10 46
13 187 1 12 71 00 1 09 71
13 188 2 02 68 03 1 09 68
13 189 0 10 23 02 1 10 23
13 190 1 02 59 03 1 09 59
13 191 2 09 56 00 1 09 56
13 192 0 12 15 06 1 10 15
13 193 1 02 59 03 1 10 59
13 194 2 06 29 06 1 09 29
13 195 0 05 53 04 1 10 53
13 196 1 12 71 00 1 10 71
13 197 2 14 18 07 1 09 18
13 198 0 00 77 00 1 10 77
13 199 1 13 78 07 1 10 78
13 200 2 08 70 02 1 09 70
13 201 0 01 19 10 1 10 19
13 202 1 05 63 01 1 10 63
13 203 2 04 25 08 1 09 25
13 204 0 04 11 07 1 10 11
13 205 1 15 28 10 1 10 28
13 206 2 16 12 05 1 09 12
13 207 0 07 34 09 1 10 34
13 208 1 14 61 05 1 10 61
13 209 2 13 37 04 1 09 37
13 210 0 15 41 05 1 10 41
13 211 1 06 72 08 1 10 72
13 212 2 15 30 01 1 09 30
13 213 0 14 79 08 0 10 78
13 214 1 04 24 04 1 10 24
13 215 2 17 74 09 1 09 74
13 216 0 07 34 09 1 10 34
13 217 1 03 67 02 1 10 67
13 218 2 00 55 10 1 10 55
13 219 0 05 53 04 1 10 53
13 220 1 16 62 06 1 10 62
13 221 2 16 12 05 1 10 12
13 222 0 06 14 03 1 10 14
13 223 1 07 38 09 1 10 38
13 224 2 14 18 07 1 10 18
13 225 0 10 23 02 1 10 23
13 226 1 05 63 01 1 11 63
13 227 2 06 29 06 1 10 29
13 228 0 00 77 00 1 10 77
13 229 1 17 32 11 1 11 32
13 230 2 09 56 00 1 10 56
13 231 0 12 15 06 1 10 15
13 232 1 16 62 06 1 11 62
13 233 2 17 74 09 1 10 74
13 234 0 15 41 05 1 10 41
13 235 1 15 28 10 1 11 28
13 236 2 15 30 01 1 10 30
13 237 0 14 79 08 1 10 79
13 238 1 02 59 03 1 11 59
13 239 2 02 68 03 1 10 68
13 240 0 01 19 10 1 10 19
13 241 1 14 61 05 1 11 61
13 242 2 13 37 04 1 10 37
13 243 0 04 11 07 1 10 11
13 244 1 04 24 04 1 11 24
13 245 2 04 25 08 1 10 25
13 246 0 03 46 01 1 10 46
13 247 1 07 38 09 1 11 38
13 248 2 08 70 02 1 10 70
13 249 0 05 53 04 1 11 53
13 250 1 13 78 07 1 11 78
13 251 2 02 68 03 1 11 68
13 252 0 12 15 06 1 11 15
13 253 1 03 67 02 1 11 67
13 254 2 00 55 10 1 11 55
13 255 0 03 46 01 1 11 46
13 256 1 06 72 08 1 11 72
13 257 2 09 56 00 1 11 56
13 258 0 06 14 03 1 11 14
13 259 1 12 71 00 1 11 71
13 260 2 06 29 06 1 11 29
13 261 0 01 19 10 1 11 19
13 262 1 16 62 06 1 12 62
13 263 2 15 30 01 1 11 30
13 264 0 10 23 02 1 11 23
13 265 1 06 72 08 1 12 72
13 266 2 08 70 02 1 11 70
13 267 0 04 11 07 1 11 11
13 268 1 00 40 12 1 12 40
13 269 2 17 74 09 1 11 74
13 270 0 14 79 08 1 11 79
13 271 1 15 28 10 1 12 28
13 272 2 04 25 08 1 11 25
13 273 0 15 41 05 1 11 41
13 274 1 04 24 04 1 12 24
13 275 2 16 12 05 1 11 12
13 276 0 17 44 11 1 11 44
13 277 1 17 32 11 1 12 32
13 278 2 13 37 04 1 11 37
13 279 0 00 77 00 1 11 77
13 280 1 05 63 01 1 12 63
13 281 2 11 27 11 1 11 27
13 282 0 07 34 09 1 11 34
13 283 1 14 61 05 1 12 61
13 284 2 14 18 07 1 11 18
13 285 0 00 77 00 1 12 77
13 286 1 02 59 03 1 12 59
13 287 2 17 74 09 1 12 74
13 288 0 08 35 12 1 12 35
13 289 1 13 78 07 1 12 78
13 290 2 02 68 03 1 12 68
13 291 0 12 15 06 1 12 15
13 292 1 07 38 09 1 12 38
13 293 2 04 25 08 1 12 25
13 294 0 10 23 02 1 12 23
13 295 1 03 67 02 1 12 67
13 296 2 08 70 02 1 12 70
13 297 0 15 41 05 1 12 41
13 298 1 12 71 00 1 12 71
13 299 2 15 30 01 1 12 30
