10 000 0 14 44 00 1 00 44
10 001 1 12 36 00 1 00 36
10 002 2 08 39 00 0 00 03
10 003 0 14 44 00 1 01 44
10 004 1 07 13 01 0 01 44
10 005 2 08 39 00 1 00 39
10 006 0 15 72 01 0 01 70
10 007 1 12 36 00 1 01 36
10 008 2 15 58 01 0 01 39
10 009 0 15 72 01 0 01 70
10 010 1 12 36 00 1 01 36
10 011 2 08 39 00 1 01 39
10 012 0 14 44 00 0 01 70
10 013 1 07 13 01 0 01 70
10 014 2 08 39 00 1 01 39
10 015 0 15 72 01 1 01 72
10 016 1 07 13 01 0 01 70
10 017 2 15 58 01 1 01 58
10 018 0 14 44 00 0 01 13
10 019 1 12 36 00 1 01 36
10 020 2 09 31 02 0 02 58
10 021 0 14 44 00 1 01 44
10 022 1 07 13 01 1 01 13
10 023 2 15 58 01 1 02 58
10 024 0 15 72 01 1 01 72
10 025 1 12 36 00 1 01 36
10 026 2 08 39 00 1 02 39
10 027 0 15 72 01 1 02 72
10 028 1 01 69 02 1 02 69
10 029 2 15 58 01 0 02 31
10 030 0 14 44 00 1 02 44
10 031 1 12 36 00 1 02 36
10 032 2 08 39 00 1 02 39
10 033 0 08 20 02 0 02 30
10 034 1 07 13 01 1 02 13
10 035 2 09 31 02 0 02 58
10 036 0 14 44 00 1 02 44
10 037 1 12 36 00 1 03 36
10 038 2 08 39 00 1 02 39
10 039 0 08 20 02 1 02 20
10 040 1 01 69 02 1 03 69
10 041 2 09 31 02 1 02 31
10 042 0 15 72 01 0 02 70
10 043 1 07 13 01 1 03 13
10 044 2 15 58 01 1 02 58
10 045 0 14 44 00 0 02 13
10 046 1 04 50 03 1 03 50
10 047 2 15 58 01 1 03 58
10 048 0 08 20 02 1 02 20
10 049 1 01 69 02 1 04 69
10 050 2 08 39 00 0 03 31
10 051 0 15 72 01 1 02 72
10 052 1 03 77 04 1 04 77
10 053 2 09 31 02 0 03 58
10 054 0 14 44 00 0 02 13
10 055 1 04 50 03 1 04 50
10 056 2 07 22 03 1 03 22
10 057 0 15 72 01 1 02 72
10 058 1 12 36 00 1 04 36
10 059 2 09 31 02 1 03 31
10 060 0 08 20 02 1 02 20
10 061 1 07 13 01 1 04 13
10 062 2 15 58 01 0 03 39
10 063 0 15 72 01 0 02 70
10 064 1 12 36 00 1 05 36
10 065 2 07 22 03 1 03 22
10 066 0 08 20 02 1 02 20
10 067 1 03 77 04 1 05 77
10 068 2 08 39 00 0 03 31
10 069 0 14 44 00 1 02 44
10 070 1 08 19 05 1 05 19
10 071 2 15 58 01 1 03 58
10 072 0 08 20 02 0 02 72
10 073 1 01 69 02 1 05 69
10 074 2 09 31 02 1 03 31
10 075 0 15 72 01 0 02 70
10 076 1 07 13 01 1 05 13
10 077 2 08 39 00 0 03 49
10 078 0 14 44 00 1 02 44
10 079 1 04 50 03 0 05 60
10 080 2 07 22 03 0 03 39
10 081 0 14 44 00 1 02 44
10 082 1 03 77 04 0 05 39
10 083 2 09 31 02 0 03 58
10 084 0 15 72 01 1 02 72
10 085 1 08 19 05 0 05 39
10 086 2 08 39 00 1 03 39
10 087 0 08 20 02 1 02 20
10 088 1 04 50 03 0 05 19
10 089 2 07 22 03 0 03 39
10 090 0 15 72 01 1 03 72
10 091 1 12 36 00 1 05 36
10 092 2 15 58 01 1 03 58
10 093 0 14 44 00 1 03 44
10 094 1 07 13 01 1 05 13
10 095 2 09 31 02 0 03 58
10 096 0 08 20 02 1 03 20
10 097 1 01 69 02 1 05 69
10 098 2 08 39 00 0 03 22
10 099 0 09 32 03 1 03 32
10 100 1 03 77 04 1 05 77
10 101 2 15 58 01 1 03 58
10 102 0 09 32 03 1 04 32
10 103 1 12 36 00 1 05 36
10 104 2 07 22 03 0 03 39
10 105 0 07 71 04 0 04 72
10 106 1 01 69 02 1 05 69
10 107 2 08 39 00 0 03 38
10 108 0 14 44 00 1 04 44
10 109 1 08 19 05 1 05 19
10 110 2 09 31 02 1 03 31
10 111 0 15 72 01 1 04 72
10 112 1 04 50 03 1 05 50
10 113 2 07 22 03 1 03 22
10 114 0 08 20 02 1 04 20
10 115 1 07 13 01 1 05 13
10 116 2 15 58 01 1 03 58
10 117 0 09 32 03 1 04 32
10 118 1 12 36 00 1 06 36
10 119 2 07 22 03 1 03 22
10 120 0 15 72 01 1 04 72
10 121 1 07 13 01 1 06 13
10 122 2 15 58 01 0 03 39
10 123 0 14 44 00 1 04 44
10 124 1 01 69 02 1 06 69
10 125 2 09 31 02 0 03 38
10 126 0 07 71 04 1 04 71
10 127 1 04 50 03 0 06 19
10 128 2 08 39 00 0 03 21
10 129 0 08 20 02 1 04 20
10 130 1 13 43 06 0 06 73
10 131 2 07 22 03 1 03 22
10 132 0 14 44 00 1 05 44
10 133 1 03 77 04 0 06 70
10 134 2 08 39 00 1 03 39
10 135 0 15 72 01 1 05 72
10 136 1 08 19 05 1 06 19
10 137 2 09 31 02 0 03 58
10 138 0 09 32 03 1 05 32
10 139 1 12 36 00 1 06 36
10 140 2 15 58 01 1 03 58
10 141 0 00 37 05 0 05 43
10 142 1 04 50 03 1 06 50
10 143 2 09 31 02 0 03 39
10 144 0 08 20 02 1 05 20
10 145 1 13 43 06 1 06 43
10 146 2 15 58 01 1 03 58
10 147 0 07 71 04 1 05 71
10 148 1 01 69 02 1 06 69
10 149 2 07 22 03 1 03 22
10 150 0 08 20 02 1 05 20
10 151 1 07 13 01 1 06 13
10 152 2 08 39 00 0 03 31
10 153 0 09 32 03 1 05 32
10 154 1 03 77 04 1 06 77
10 155 2 07 22 03 1 03 22
10 156 0 14 44 00 0 05 13
10 157 1 08 19 05 1 06 19
10 158 2 08 39 00 1 03 39
10 159 0 00 37 05 0 05 47
10 160 1 13 43 06 1 07 43
10 161 2 09 31 02 0 03 39
10 162 0 07 71 04 1 05 71
10 163 1 04 50 03 1 07 50
10 164 2 15 58 01 1 03 58
10 165 0 15 72 01 0 05 70
10 166 1 03 77 04 1 07 77
10 167 2 09 31 02 1 03 31
10 168 0 15 72 01 1 05 72
10 169 1 08 19 05 1 07 19
10 170 2 15 58 01 1 03 58
10 171 0 07 71 04 0 05 47
10 172 1 07 13 01 1 07 13
10 173 2 08 39 00 1 03 39
10 174 0 08 20 02 1 05 20
10 175 1 12 36 00 1 07 36
10 176 2 07 22 03 1 03 22
10 177 0 14 44 00 1 05 44
10 178 1 01 69 02 1 07 69
10 179 2 12 66 04 1 04 66
10 180 0 00 37 05 0 05 47
10 181 1 16 18 07 0 07 43
10 182 2 09 31 02 1 04 31
10 183 0 09 32 03 1 05 32
10 184 1 04 50 03 1 07 50
10 185 2 15 58 01 1 04 58
10 186 0 08 20 02 1 05 20
10 187 1 07 13 01 1 07 13
10 188 2 08 39 00 0 04 31
10 189 0 07 71 04 1 05 71
10 190 1 13 43 06 0 07 47
10 191 2 07 22 03 1 04 22
10 192 0 14 44 00 1 05 44
10 193 1 12 36 00 1 07 36
10 194 2 07 22 03 1 04 22
10 195 0 09 32 03 1 05 32
10 196 1 08 19 05 1 07 19
10 197 2 15 58 01 1 04 58
10 198 0 15 72 01 0 05 71
10 199 1 01 69 02 1 07 69
10 200 2 12 66 04 1 04 66
10 201 0 00 37 05 0 05 43
10 202 1 03 77 04 1 07 77
10 203 2 09 31 02 0 04 39
10 204 0 15 72 01 0 05 71
10 205 1 16 18 07 1 07 18
10 206 2 08 39 00 1 04 39
10 207 0 09 32 03 1 05 32
10 208 1 16 18 07 1 07 18
10 209 2 09 31 02 0 04 39
10 210 0 08 20 02 1 05 20
10 211 1 01 69 02 1 07 69
10 212 2 07 22 03 0 04 41
10 213 0 14 44 00 1 05 44
10 214 1 07 13 01 1 07 13
10 215 2 12 66 04 1 04 66
10 216 0 00 37 05 0 05 43
10 217 1 08 19 05 1 07 19
10 218 2 15 58 01 1 04 58
10 219 0 07 71 04 1 05 71
10 220 1 13 43 06 0 07 47
10 221 2 08 39 00 1 04 39
10 222 0 08 20 02 1 05 20
10 223 1 04 50 03 1 07 50
10 224 2 09 31 02 0 04 39
10 225 0 07 71 04 1 05 71
10 226 1 03 77 04 1 07 77
10 227 2 12 66 04 1 04 66
10 228 0 15 72 01 1 05 72
10 229 1 12 36 00 1 07 36
10 230 2 07 22 03 1 04 22
10 231 0 00 37 05 1 05 37
10 232 1 08 19 05 1 07 19
10 233 2 15 58 01 1 04 58
10 234 0 14 44 00 1 05 44
10 235 1 12 36 00 1 07 36
10 236 2 08 39 00 1 04 39
10 237 0 09 32 03 1 05 32
10 238 1 16 18 07 1 07 18
10 239 2 15 58 01 1 04 58
10 240 0 14 44 00 1 06 44
10 241 1 13 43 06 0 07 18
10 242 2 09 31 02 1 04 31
10 243 0 08 20 02 1 06 20
10 244 1 03 77 04 1 07 77
10 245 2 08 39 00 1 04 39
10 246 0 15 72 01 1 06 72
10 247 1 01 69 02 1 07 69
10 248 2 07 22 03 1 04 22
10 249 0 13 46 06 1 06 46
10 250 1 07 13 01 1 07 13
10 251 2 12 66 04 1 04 66
10 252 0 07 71 04 1 06 71
10 253 1 04 50 03 1 07 50
10 254 2 12 66 04 1 05 66
10 255 0 00 37 05 1 06 37
10 256 1 12 36 00 1 07 36
10 257 2 16 57 05 0 05 46
10 258 0 09 32 03 1 06 32
10 259 1 04 50 03 1 07 50
10 260 2 09 31 02 1 05 31
10 261 0 08 20 02 1 07 20
10 262 1 07 13 01 1 07 13
10 263 2 15 58 01 1 05 58
10 264 0 14 44 00 1 07 44
10 265 1 03 77 04 1 07 77
10 266 2 07 22 03 1 05 22
10 267 0 09 32 03 1 07 32
10 268 1 01 69 02 1 07 69
10 269 2 08 39 00 1 05 39
10 270 0 05 78 07 0 07 57
10 271 1 08 19 05 1 07 19
10 272 2 08 39 00 1 05 39
10 273 0 13 46 06 0 07 47
10 274 1 13 43 06 0 07 18
10 275 2 15 58 01 1 05 58
10 276 0 15 72 01 1 07 72
10 277 1 16 18 07 1 07 18
10 278 2 07 22 03 1 05 22
10 279 0 00 37 05 0 07 23
10 280 1 03 77 04 1 07 77
10 281 2 16 57 05 1 05 57
10 282 0 07 71 04 1 07 71
10 283 1 08 19 05 1 07 19
10 284 2 12 66 04 1 05 66
10 285 0 08 20 02 1 07 20
10 286 1 16 18 07 1 07 18
10 287 2 09 31 02 0 05 39
10 288 0 07 71 04 1 07 71
10 289 1 07 13 01 1 07 13
10 290 2 12 66 04 0 05 46
10 291 0 14 44 00 1 07 44
10 292 1 12 36 00 1 07 36
10 293 2 15 58 01 1 05 58
10 294 0 15 72 01 0 07 20
10 295 1 13 43 06 0 07 46
10 296 2 09 31 02 1 05 31
10 297 0 00 37 05 0 07 20
10 298 1 01 69 02 1 07 69
10 299 2 08 39 00 1 05 39
