17 000 0 07 56 00 1 00 56
17 001 1 10 30 00 1 00 30
17 002 2 09 75 00 0 00 29
17 003 0 10 33 01 0 01 30
17 004 1 10 30 00 1 01 30
17 005 2 09 75 00 1 00 75
17 006 0 07 56 00 1 01 56
17 007 1 14 59 01 0 01 18
17 008 2 12 61 01 0 01 00
17 009 0 10 33 01 1 01 33
17 010 1 10 30 00 1 01 30
17 011 2 09 75 00 1 01 75
17 012 0 07 56 00 1 01 56
17 013 1 14 59 01 0 01 61
17 014 2 09 75 00 1 01 75
17 015 0 15 38 02 1 02 38
17 016 1 14 59 01 1 01 59
17 017 2 12 61 01 0 01 75
17 018 0 10 33 01 0 02 59
17 019 1 10 30 00 1 01 30
17 020 2 12 61 01 0 01 59
17 021 0 07 56 00 1 02 56
17 022 1 04 52 02 1 02 52
17 023 2 09 75 00 0 01 33
17 024 0 10 33 01 1 02 33
17 025 1 14 59 01 1 02 59
17 026 2 12 61 01 1 01 61
17 027 0 15 38 02 1 02 38
17 028 1 10 30 00 1 02 30
17 029 2 09 75 00 1 01 75
17 030 0 07 56 00 1 02 56
17 031 1 14 59 01 1 03 59
17 032 2 12 61 01 1 02 61
17 033 0 15 38 02 1 03 38
17 034 1 04 52 02 0 03 54
17 035 2 13 34 02 0 02 39
17 036 0 02 79 03 0 03 04
17 037 1 17 21 03 0 03 04
17 038 2 09 75 00 1 02 75
17 039 0 07 56 00 1 03 56
17 040 1 10 30 00 1 03 30
17 041 2 09 75 00 1 02 75
17 042 0 10 33 01 1 03 33
17 043 1 17 21 03 1 03 21
17 044 2 12 61 01 1 02 61
17 045 0 07 56 00 1 03 56
17 046 1 14 59 01 1 03 59
17 047 2 13 34 02 0 02 79
17 048 0 10 33 01 1 03 33
17 049 1 04 52 02 1 03 52
17 050 2 13 34 02 1 02 34
17 051 0 02 79 03 1 03 79
17 052 1 10 30 00 1 03 30
17 053 2 12 61 01 1 02 61
17 054 0 15 38 02 1 03 38
17 055 1 14 59 01 1 04 59
17 056 2 09 75 00 1 02 75
17 057 0 02 79 03 1 04 79
17 058 1 04 52 02 1 04 52
17 059 2 12 61 01 1 03 61
17 060 0 09 35 04 0 04 14
17 061 1 13 14 04 1 04 14
17 062 2 14 58 03 0 03 21
17 063 0 10 33 01 1 04 33
17 064 1 10 30 00 1 04 30
17 065 2 13 34 02 0 03 21
17 066 0 07 56 00 1 04 56
17 067 1 17 21 03 1 04 21
17 068 2 09 75 00 1 03 75
17 069 0 15 38 02 1 04 38
17 070 1 04 52 02 1 05 52
17 071 2 09 75 00 1 03 75
17 072 0 10 33 01 1 04 33
17 073 1 10 30 00 1 05 30
17 074 2 12 61 01 1 03 61
17 075 0 15 38 02 1 04 38
17 076 1 14 59 01 1 05 59
17 077 2 13 34 02 1 03 34
17 078 0 07 56 00 1 04 56
17 079 1 13 14 04 0 05 35
17 080 2 14 58 03 0 03 35
17 081 0 09 35 04 1 04 35
17 082 1 02 55 05 0 05 46
17 083 2 12 61 01 1 03 61
17 084 0 02 79 03 1 04 79
17 085 1 17 21 03 1 05 21
17 086 2 09 75 00 1 03 75
17 087 0 10 33 01 1 05 33
17 088 1 10 30 00 1 05 30
17 089 2 13 34 02 1 03 34
17 090 0 15 38 02 1 05 38
17 091 1 17 21 03 1 05 21
17 092 2 14 58 03 1 03 58
17 093 0 17 53 05 1 05 53
17 094 1 13 14 04 0 05 55
17 095 2 13 34 02 1 04 34
17 096 0 02 79 03 1 05 79
17 097 1 02 55 05 1 05 55
17 098 2 12 61 01 0 04 75
17 099 0 07 56 00 1 05 56
17 100 1 04 52 02 1 05 52
17 101 2 03 51 04 1 04 51
17 102 0 09 35 04 0 05 14
17 103 1 14 59 01 1 05 59
17 104 2 14 58 03 1 04 58
17 105 0 07 56 00 1 05 56
17 106 1 13 14 04 0 05 55
17 107 2 09 75 00 1 04 75
17 108 0 09 35 04 0 05 14
17 109 1 10 30 00 1 05 30
17 110 2 13 34 02 0 04 58
17 111 0 17 53 05 0 05 35
17 112 1 02 55 05 1 05 55
17 113 2 09 75 00 1 04 75
17 114 0 10 33 01 0 05 30
17 115 1 17 21 03 1 05 21
17 116 2 14 58 03 0 04 68
17 117 0 02 79 03 1 05 79
17 118 1 14 59 01 1 05 59
17 119 2 03 51 04 1 04 51
17 120 0 15 38 02 1 05 38
17 121 1 04 52 02 1 05 52
17 122 2 12 61 01 1 04 61
17 123 0 07 56 00 1 05 56
17 124 1 02 55 05 1 05 55
17 125 2 13 34 02 0 04 14
17 126 0 10 33 01 1 05 33
17 127 1 13 14 04 0 05 53
17 128 2 03 51 04 1 04 51
17 129 0 09 35 04 1 05 35
17 130 1 17 21 03 1 05 21
17 131 2 14 58 03 1 04 58
17 132 0 15 38 02 1 05 38
17 133 1 04 52 02 1 05 52
17 134 2 12 61 01 1 04 61
17 135 0 17 53 05 1 05 53
17 136 1 10 30 00 1 05 30
17 137 2 09 75 00 1 04 75
17 138 0 02 79 03 1 05 79
17 139 1 14 59 01 1 05 59
17 140 2 09 75 00 1 04 75
17 141 0 10 33 01 1 06 33
17 142 1 10 30 00 1 05 30
17 143 2 13 34 02 1 04 34
17 144 0 16 18 06 1 06 18
17 145 1 14 59 01 1 05 59
17 146 2 03 51 04 1 04 51
17 147 0 17 53 05 1 06 53
17 148 1 02 55 05 1 05 55
17 149 2 12 61 01 1 04 61
17 150 0 09 35 04 1 06 35
17 151 1 04 52 02 1 05 52
17 152 2 14 58 03 1 04 58
17 153 0 15 38 02 1 06 38
17 154 1 13 14 04 1 05 14
17 155 2 12 61 01 1 05 61
17 156 0 07 56 00 0 06 45
17 157 1 17 21 03 1 05 21
17 158 2 13 34 02 0 05 14
17 159 0 02 79 03 1 06 79
17 160 1 04 52 02 1 06 52
17 161 2 03 51 04 1 05 51
17 162 0 07 56 00 1 06 56
17 163 1 02 55 05 1 06 55
17 164 2 07 40 05 1 05 40
17 165 0 10 33 01 1 06 33
17 166 1 14 59 01 1 06 59
17 167 2 14 58 03 1 05 58
17 168 0 09 35 04 1 06 35
17 169 1 07 15 06 0 06 18
17 170 2 09 75 00 1 05 75
17 171 0 15 38 02 1 06 38
17 172 1 17 21 03 1 06 21
17 173 2 12 61 01 1 05 61
17 174 0 02 79 03 1 06 79
17 175 1 10 30 00 1 06 30
17 176 2 13 34 02 1 05 34
17 177 0 16 18 06 1 06 18
17 178 1 13 14 04 1 06 14
17 179 2 07 40 05 1 05 40
17 180 0 17 53 05 1 06 53
17 181 1 14 59 01 1 06 59
17 182 2 09 75 00 1 05 75
17 183 0 07 56 00 1 07 56
17 184 1 07 15 06 1 06 15
17 185 2 03 51 04 1 05 51
17 186 0 15 38 02 1 07 38
17 187 1 04 52 02 1 06 52
17 188 2 14 58 03 1 05 58
17 189 0 11 64 07 1 07 64
17 190 1 13 14 04 1 06 14
17 191 2 03 51 04 1 06 51
17 192 0 16 18 06 1 07 18
17 193 1 17 21 03 1 06 21
17 194 2 09 75 00 1 06 75
17 195 0 09 35 04 1 07 35
17 196 1 10 30 00 1 06 30
17 197 2 14 58 03 1 06 58
17 198 0 17 53 05 1 07 53
17 199 1 02 55 05 1 06 55
17 200 2 13 34 02 1 06 34
17 201 0 10 33 01 1 07 33
17 202 1 17 21 03 1 07 21
17 203 2 12 61 01 1 06 61
17 204 0 02 79 03 1 07 79
17 205 1 14 59 01 1 07 59
17 206 2 07 40 05 1 06 40
17 207 0 07 56 00 1 08 56
17 208 1 10 30 00 0 07 40
17 209 2 05 16 06 0 06 19
17 210 0 16 18 06 1 08 18
17 211 1 02 55 05 1 07 55
17 212 2 14 58 03 1 06 58
17 213 0 09 35 04 1 08 35
17 214 1 04 52 02 1 07 52
17 215 2 03 51 04 1 06 51
17 216 0 15 38 02 1 08 38
17 217 1 07 15 06 1 07 15
17 218 2 12 61 01 1 06 61
17 219 0 02 79 03 1 08 79
17 220 1 08 32 07 0 07 68
17 221 2 13 34 02 1 06 34
17 222 0 17 53 05 1 08 53
17 223 1 13 14 04 1 07 14
17 224 2 07 40 05 1 06 40
17 225 0 11 64 07 0 08 43
17 226 1 04 52 02 1 07 52
17 227 2 09 75 00 1 06 75
17 228 0 10 33 01 1 08 33
17 229 1 10 30 00 1 07 30
17 230 2 05 16 06 1 06 16
17 231 0 12 78 08 0 08 70
17 232 1 17 21 03 1 07 21
17 233 2 09 75 00 1 07 75
17 234 0 09 35 04 1 08 35
17 235 1 13 14 04 1 07 14
17 236 2 05 16 06 1 07 16
17 237 0 02 79 03 1 08 79
17 238 1 08 32 07 1 07 32
17 239 2 13 34 02 1 07 34
17 240 0 17 53 05 1 08 53
17 241 1 02 55 05 1 07 55
17 242 2 14 58 03 1 07 58
17 243 0 16 18 06 1 08 18
17 244 1 14 59 01 1 07 59
17 245 2 07 40 05 1 07 40
17 246 0 15 38 02 1 08 38
17 247 1 07 15 06 1 07 15
17 248 2 03 51 04 1 07 51
17 249 0 07 56 00 1 08 56
17 250 1 04 52 02 1 08 52
17 251 2 12 61 01 1 07 61
17 252 0 11 64 07 1 08 64
17 253 1 10 30 00 1 08 30
17 254 2 01 54 07 0 07 33
17 255 0 10 33 01 1 08 33
17 256 1 08 32 07 1 08 32
17 257 2 03 51 04 1 07 51
17 258 0 12 78 08 1 08 78
17 259 1 17 21 03 1 08 21
17 260 2 09 75 00 1 07 75
17 261 0 11 64 07 1 09 64
17 262 1 09 24 08 1 08 24
17 263 2 13 34 02 1 07 34
17 264 0 12 78 08 1 09 78
17 265 1 13 14 04 1 08 14
17 266 2 07 40 05 1 07 40
17 267 0 09 35 04 1 09 35
17 268 1 02 55 05 1 08 55
17 269 2 12 61 01 1 07 61
17 270 0 15 38 02 1 09 38
17 271 1 14 59 01 1 08 59
17 272 2 05 16 06 1 07 16
17 273 0 17 53 05 1 09 53
17 274 1 07 15 06 1 08 15
17 275 2 14 58 03 1 07 58
17 276 0 06 39 09 1 09 39
17 277 1 02 55 05 1 09 55
17 278 2 01 54 07 1 07 54
17 279 0 02 79 03 1 09 79
17 280 1 04 52 02 1 09 52
17 281 2 05 16 06 1 08 16
17 282 0 16 18 06 1 09 18
17 283 1 09 24 08 1 09 24
17 284 2 03 51 04 1 08 51
17 285 0 07 56 00 1 09 56
17 286 1 17 21 03 1 09 21
17 287 2 06 19 08 0 08 14
17 288 0 10 33 01 1 09 33
17 289 1 10 30 00 1 09 30
17 290 2 09 75 00 1 08 75
17 291 0 15 38 02 1 10 38
17 292 1 08 32 07 1 09 32
17 293 2 13 34 02 1 08 34
17 294 0 09 35 04 1 10 35
17 295 1 12 27 09 1 09 27
17 296 2 01 54 07 1 08 54
17 297 0 04 63 10 0 10 19
17 298 1 14 59 01 1 09 59
17 299 2 12 61 01 1 08 61
