16 000 0 07 30 00 1 00 30
16 001 1 10 75 00 1 00 75
16 002 2 09 56 00 1 00 56
16 003 0 10 59 01 1 01 59
16 004 1 10 75 00 1 01 75
16 005 2 12 33 01 1 01 33
16 006 0 07 30 00 1 01 30
16 007 1 14 61 01 0 01 67
16 008 2 09 56 00 0 01 58
16 009 0 15 52 02 1 02 52
16 010 1 10 75 00 1 01 75
16 011 2 09 56 00 1 01 56
16 012 0 07 30 00 1 02 30
16 013 1 14 61 01 1 01 61
16 014 2 12 33 01 1 01 33
16 015 0 10 59 01 1 02 59
16 016 1 04 34 02 0 02 78
16 017 2 13 38 02 1 02 38
16 018 0 15 52 02 1 03 52
16 019 1 10 75 00 1 02 75
16 020 2 09 56 00 0 02 59
16 021 0 02 21 03 1 03 21
16 022 1 14 61 01 0 02 59
16 023 2 12 33 01 1 02 33
16 024 0 07 30 00 1 03 30
16 025 1 10 75 00 1 02 75
16 026 2 13 38 02 0 02 33
16 027 0 10 59 01 1 03 59
16 028 1 04 34 02 0 02 61
16 029 2 09 56 00 0 02 59
16 030 0 15 52 02 1 04 52
16 031 1 14 61 01 1 02 61
16 032 2 12 33 01 1 02 33
16 033 0 10 59 01 1 04 59
16 034 1 10 75 00 1 02 75
16 035 2 13 38 02 0 02 61
16 036 0 02 21 03 1 04 21
16 037 1 04 34 02 1 02 34
16 038 2 12 33 01 1 02 33
16 039 0 07 30 00 1 04 30
16 040 1 14 61 01 1 02 61
16 041 2 09 56 00 0 02 59
16 042 0 09 14 04 1 04 14
16 043 1 17 58 03 1 03 58
16 044 2 13 38 02 0 02 39
16 045 0 17 55 05 1 05 55
16 046 1 04 34 02 0 03 38
16 047 2 12 33 01 1 02 33
16 048 0 07 30 00 1 05 30
16 049 1 10 75 00 1 03 75
16 050 2 09 56 00 0 02 59
16 051 0 02 21 03 1 05 21
16 052 1 14 61 01 0 03 56
16 053 2 12 33 01 1 02 33
16 054 0 15 52 02 0 05 55
16 055 1 17 58 03 0 03 55
16 056 2 13 38 02 1 02 38
16 057 0 09 14 04 1 05 14
16 058 1 14 61 01 1 03 61
16 059 2 09 56 00 0 02 54
16 060 0 10 59 01 1 05 59
16 061 1 10 75 00 0 03 57
16 062 2 09 56 00 1 02 56
16 063 0 02 21 03 1 05 21
16 064 1 04 34 02 0 03 54
16 065 2 12 33 01 1 02 33
16 066 0 09 14 04 1 05 14
16 067 1 14 61 01 1 03 61
16 068 2 13 38 02 1 02 38
16 069 0 10 59 01 1 05 59
16 070 1 17 58 03 0 03 52
16 071 2 14 79 03 1 03 79
16 072 0 15 52 02 1 05 52
16 073 1 04 34 02 0 03 54
16 074 2 09 56 00 0 03 59
16 075 0 07 30 00 1 05 30
16 076 1 10 75 00 1 03 75
16 077 2 13 38 02 1 03 38
16 078 0 17 55 05 1 05 55
16 079 1 17 58 03 1 03 58
16 080 2 12 33 01 1 03 33
16 081 0 15 52 02 1 06 52
16 082 1 10 75 00 1 03 75
16 083 2 12 33 01 1 03 33
16 084 0 02 21 03 1 06 21
16 085 1 14 61 01 0 03 51
16 086 2 13 38 02 1 03 38
16 087 0 09 14 04 1 06 14
16 088 1 04 34 02 1 03 34
16 089 2 14 79 03 0 03 70
16 090 0 10 59 01 1 06 59
16 091 1 17 58 03 0 03 52
16 092 2 09 56 00 0 03 59
16 093 0 17 55 05 1 06 55
16 094 1 04 34 02 1 03 34
16 095 2 09 56 00 0 03 59
16 096 0 07 30 00 1 06 30
16 097 1 14 61 01 1 03 61
16 098 2 12 33 01 1 03 33
16 099 0 16 15 06 1 06 15
16 100 1 10 75 00 1 03 75
16 101 2 14 79 03 1 03 79
16 102 0 16 15 06 1 07 15
16 103 1 04 34 02 1 03 34
16 104 2 13 38 02 1 03 38
16 105 0 10 59 01 1 07 59
16 106 1 14 61 01 1 03 61
16 107 2 09 56 00 1 03 56
16 108 0 15 52 02 1 07 52
16 109 1 17 58 03 1 03 58
16 110 2 13 38 02 1 03 38
16 111 0 09 14 04 1 07 14
16 112 1 10 75 00 0 03 59
16 113 2 12 33 01 1 03 33
16 114 0 11 32 07 1 07 32
16 115 1 10 75 00 1 03 75
16 116 2 14 79 03 1 03 79
16 117 0 07 30 00 1 07 30
16 118 1 17 58 03 0 03 52
16 119 2 09 56 00 1 04 56
16 120 0 17 55 05 0 07 04
16 121 1 14 61 01 1 03 61
16 122 2 14 79 03 1 04 79
16 123 0 02 21 03 1 07 21
16 124 1 04 34 02 0 03 54
16 125 2 13 38 02 1 04 38
16 126 0 09 14 04 1 07 14
16 127 1 14 61 01 1 03 61
16 128 2 03 35 04 0 04 54
16 129 0 16 15 06 1 07 15
16 130 1 17 58 03 0 03 52
16 131 2 12 33 01 1 04 33
16 132 0 11 32 07 1 07 32
16 133 1 04 34 02 1 03 34
16 134 2 12 33 01 1 04 33
16 135 0 07 30 00 1 07 30
16 136 1 10 75 00 1 03 75
16 137 2 09 56 00 0 04 54
16 138 0 02 21 03 1 07 21
16 139 1 14 61 01 1 03 61
16 140 2 14 79 03 1 04 79
16 141 0 15 52 02 1 07 52
16 142 1 10 75 00 1 03 75
16 143 2 03 35 04 0 04 32
16 144 0 10 59 01 0 07 56
16 145 1 17 58 03 1 03 58
16 146 2 13 38 02 1 04 38
16 147 0 17 55 05 1 07 55
16 148 1 04 34 02 0 03 54
16 149 2 09 56 00 1 04 56
16 150 0 15 52 02 0 07 58
16 151 1 14 61 01 1 03 61
16 152 2 03 35 04 1 04 35
16 153 0 16 15 06 1 07 15
16 154 1 17 58 03 1 03 58
16 155 2 13 38 02 1 04 38
16 156 0 17 55 05 1 07 55
16 157 1 04 34 02 1 03 34
16 158 2 14 79 03 1 04 79
16 159 0 11 32 07 1 07 32
16 160 1 10 75 00 1 03 75
16 161 2 12 33 01 1 04 33
16 162 0 10 59 01 1 07 59
16 163 1 14 61 01 1 04 61
16 164 2 07 53 05 0 05 35
16 165 0 09 14 04 1 07 14
16 166 1 13 51 04 1 04 51
16 167 2 12 33 01 1 05 33
16 168 0 02 21 03 1 07 21
16 169 1 10 75 00 1 04 75
16 170 2 13 38 02 1 05 38
16 171 0 07 30 00 1 07 30
16 172 1 17 58 03 0 04 52
16 173 2 03 35 04 1 05 35
16 174 0 15 52 02 1 07 52
16 175 1 04 34 02 1 04 34
16 176 2 09 56 00 1 05 56
16 177 0 17 55 05 1 07 55
16 178 1 13 51 04 1 04 51
16 179 2 14 79 03 1 05 79
16 180 0 16 15 06 0 07 14
16 181 1 14 61 01 1 04 61
16 182 2 07 53 05 1 05 53
16 183 0 10 59 01 1 07 59
16 184 1 04 34 02 1 04 34
16 185 2 12 33 01 1 05 33
16 186 0 07 30 00 1 07 30
16 187 1 17 58 03 1 04 58
16 188 2 03 35 04 1 05 35
16 189 0 11 32 07 1 07 32
16 190 1 10 75 00 1 04 75
16 191 2 14 79 03 1 05 79
16 192 0 09 14 04 1 07 14
16 193 1 04 34 02 1 05 34
16 194 2 09 56 00 1 05 56
16 195 0 02 21 03 1 07 21
16 196 1 17 58 03 1 05 58
16 197 2 13 38 02 1 05 38
16 198 0 17 55 05 1 07 55
16 199 1 14 61 01 1 05 61
16 200 2 14 79 03 1 06 79
16 201 0 15 52 02 1 07 52
16 202 1 02 40 05 1 05 40
16 203 2 03 35 04 1 06 35
16 204 0 07 30 00 1 07 30
16 205 1 10 75 00 1 05 75
16 206 2 05 18 06 1 06 18
16 207 0 10 59 01 1 07 59
16 208 1 13 51 04 1 05 51
16 209 2 07 53 05 1 06 53
16 210 0 09 14 04 1 07 14
16 211 1 04 34 02 1 06 34
16 212 2 09 56 00 0 06 59
16 213 0 16 15 06 1 07 15
16 214 1 13 51 04 1 06 51
16 215 2 13 38 02 1 06 38
16 216 0 02 21 03 1 07 21
16 217 1 14 61 01 0 06 34
16 218 2 12 33 01 1 06 33
16 219 0 11 32 07 1 07 32
16 220 1 17 58 03 1 06 58
16 221 2 03 35 04 1 06 35
16 222 0 15 52 02 1 08 52
16 223 1 10 75 00 1 06 75
16 224 2 09 56 00 0 06 59
16 225 0 10 59 01 1 08 59
16 226 1 07 16 06 1 06 16
16 227 2 05 18 06 1 06 18
16 228 0 12 24 08 0 08 32
16 229 1 02 40 05 1 06 40
16 230 2 14 79 03 1 06 79
16 231 0 11 32 07 1 08 32
16 232 1 13 51 04 1 06 51
16 233 2 13 38 02 1 06 38
16 234 0 07 30 00 1 08 30
16 235 1 10 75 00 1 06 75
16 236 2 07 53 05 1 06 53
16 237 0 16 15 06 1 08 15
16 238 1 14 61 01 1 06 61
16 239 2 12 33 01 1 06 33
16 240 0 02 21 03 1 08 21
16 241 1 07 16 06 1 06 16
16 242 2 05 18 06 1 06 18
16 243 0 09 14 04 1 08 14
16 244 1 17 58 03 1 06 58
16 245 2 13 38 02 1 06 38
16 246 0 17 55 05 1 08 55
16 247 1 04 34 02 1 06 34
16 248 2 14 79 03 1 06 79
16 249 0 16 15 06 1 08 15
16 250 1 02 40 05 1 06 40
16 251 2 03 35 04 1 06 35
16 252 0 10 59 01 1 08 59
16 253 1 08 54 07 1 07 54
16 254 2 09 56 00 1 06 56
16 255 0 12 24 08 1 08 24
16 256 1 02 40 05 1 07 40
16 257 2 07 53 05 1 06 53
16 258 0 15 52 02 1 08 52
16 259 1 10 75 00 1 07 75
16 260 2 12 33 01 1 06 33
16 261 0 11 32 07 1 08 32
16 262 1 07 16 06 1 07 16
16 263 2 07 53 05 1 07 53
16 264 0 17 55 05 1 08 55
16 265 1 17 58 03 1 07 58
16 266 2 05 18 06 1 07 18
16 267 0 07 30 00 1 08 30
16 268 1 14 61 01 1 07 61
16 269 2 12 33 01 1 07 33
16 270 0 02 21 03 1 08 21
16 271 1 04 34 02 1 07 34
16 272 2 13 38 02 1 07 38
16 273 0 09 14 04 1 08 14
16 274 1 13 51 04 1 07 51
16 275 2 09 56 00 1 07 56
16 276 0 07 30 00 1 09 30
16 277 1 08 54 07 0 08 56
16 278 2 14 79 03 0 07 59
16 279 0 16 15 06 1 09 15
16 280 1 04 34 02 1 08 34
16 281 2 01 64 07 0 07 63
16 282 0 06 27 09 0 09 56
16 283 1 07 16 06 1 08 16
16 284 2 03 35 04 1 07 35
16 285 0 02 21 03 1 09 21
16 286 1 02 40 05 1 08 40
16 287 2 01 64 07 1 07 64
16 288 0 15 52 02 1 09 52
16 289 1 10 75 00 1 08 75
16 290 2 13 38 02 1 07 38
16 291 0 10 59 01 1 09 59
16 292 1 09 19 08 0 08 69
16 293 2 14 79 03 1 07 79
16 294 0 17 55 05 1 09 55
16 295 1 13 51 04 1 08 51
16 296 2 09 56 00 1 07 56
16 297 0 09 14 04 1 09 14
16 298 1 14 61 01 1 08 61
16 299 2 05 18 06 1 07 18
