0000 0 3 1 1 1 1 0 0 0 01
0000 0 3 2 2 3 0 0 1 0 02
0000 0 3 4 3 3 1 0 2 0 03
0000 0 3 0 0 4 0 0 3 0 04
0000 0 3 7 4 4 1 0 4 0 05
0000 0 3 0 0 0 1 0 0 1 06
0000 0 3 4 3 2 0 0 1 1 07
0000 0 3 1 1 1 1 0 2 1 08
0000 0 3 2 2 2 1 0 3 1 09
0000 0 3 7 4 4 1 0 4 1 10
0000 0 3 1 1 1 1 0 0 2 11
0000 0 3 0 0 0 1 0 1 2 12
0000 0 3 4 3 3 1 0 2 2 13
0000 0 3 7 4 4 1 0 3 2 14
0000 0 3 2 2 1 0 0 4 2 15
0000 0 3 1 1 1 1 0 0 3 16
0000 0 3 7 4 4 1 0 1 3 17
0000 0 3 2 2 2 1 0 2 3 18
0000 0 3 4 3 3 1 0 3 3 19
0000 0 3 0 0 0 1 0 4 3 20
0000 0 3 0 0 0 1 1 0 4 21
0000 0 3 1 1 1 1 1 1 4 22
0000 0 3 4 3 3 1 1 2 4 23
0000 0 3 7 4 4 1 1 3 4 24
0000 0 3 2 2 2 1 1 4 4 25
0000 0 0 1 1 0 0 0 0 0 01
0000 0 0 4 3 2 0 0 1 0 02
0000 0 0 0 0 0 1 0 2 0 03
0000 0 0 2 2 2 1 0 3 0 04
0000 0 0 7 4 4 1 0 4 0 05
0000 0 0 2 2 1 0 0 0 1 06
0000 0 0 0 0 0 1 0 1 1 07
0000 0 0 7 4 4 1 0 2 1 08
0000 0 0 4 3 3 1 0 3 1 09
0000 0 0 1 1 1 1 0 4 1 10
0000 0 0 1 1 1 1 0 0 2 11
0000 0 0 4 3 3 1 0 1 2 12
0000 0 0 2 2 2 1 0 2 2 13
0000 0 0 7 4 4 1 0 3 2 14
0000 0 0 0 0 0 1 0 4 2 15
0000 0 0 1 1 1 1 1 0 3 16
0000 0 0 7 4 4 1 1 1 3 17
0000 0 0 2 2 2 1 1 2 3 18
0000 0 0 4 3 3 1 1 3 3 19
0000 0 0 0 0 0 1 1 4 3 20
0000 0 1 5 2 1 0 0 0 0 01
0000 0 1 7 4 0 0 0 1 0 02
0000 0 1 0 0 1 0 0 2 0 03
0000 0 1 6 3 4 0 0 3 0 04
0000 0 1 3 1 4 0 0 4 0 05
0000 0 1 7 4 4 1 0 0 1 06
0000 0 1 0 0 0 1 0 1 1 07
0000 0 1 3 1 1 1 0 2 1 08
0000 0 1 6 3 2 0 0 3 1 09
0000 0 1 5 2 2 1 0 4 1 10
0000 0 1 5 2 2 1 0 0 2 11
0000 0 1 6 3 3 1 0 1 2 12
0000 0 1 7 4 4 1 0 2 2 13
0000 0 1 3 1 1 1 0 3 2 14
0000 0 1 0 0 0 1 0 4 2 15
0000 0 1 7 4 4 1 1 0 3 16
0000 0 1 5 2 2 1 1 1 3 17
0000 0 1 3 1 1 1 1 2 3 18
0000 0 1 0 0 0 1 1 3 3 19
0000 0 1 6 3 3 1 1 4 3 20
0000 0 2 4 3 4 0 0 0 0 01
0000 0 2 0 0 2 0 0 1 0 02
0000 0 2 7 4 1 0 0 2 0 03
0000 0 2 1 1 2 0 0 3 0 04
0000 0 2 2 2 4 0 0 4 0 05
0000 0 2 7 4 3 0 0 0 1 06
0000 0 2 2 2 1 0 0 1 1 07
0000 0 2 0 0 0 1 0 2 1 08
0000 0 2 4 3 3 1 0 3 1 09
0000 0 2 1 1 2 0 0 4 1 10
0000 0 2 0 0 3 0 0 0 2 11
0000 0 2 4 3 3 1 0 1 2 12
0000 0 2 7 4 0 0 0 2 2 13
0000 0 2 1 1 2 0 0 3 2 14
0000 0 2 2 2 1 0 0 4 2 15
0000 0 2 4 3 3 1 0 0 3 16
0000 0 2 2 2 0 0 0 1 3 17
0000 0 2 7 4 2 0 0 2 3 18
0000 0 2 1 1 1 1 0 3 3 19
0000 0 2 0 0 3 0 0 4 3 20
0000 0 2 2 2 1 0 0 0 4 21
0000 0 2 0 0 3 0 0 1 4 22
0000 0 2 4 3 4 0 0 2 4 23
0000 0 2 7 4 0 0 0 3 4 24
0000 0 2 1 1 1 1 0 4 4 25
0000 0 2 1 1 1 1 0 0 5 26
0000 0 2 2 2 3 0 0 1 5 27
0000 0 2 4 3 3 1 0 2 5 28
0000 0 2 0 0 0 1 0 3 5 29
0000 0 2 7 4 1 0 0 4 5 30
0000 0 2 2 2 1 0 0 0 6 31
0000 0 2 0 0 0 1 0 1 6 32
0000 0 2 4 3 3 1 0 2 6 33
0000 0 2 1 1 1 1 0 3 6 34
0000 0 2 7 4 4 1 0 4 6 35
0000 0 2 1 1 2 0 0 0 7 36
0000 0 2 4 3 4 0 0 1 7 37
0000 0 2 0 0 0 1 0 2 7 38
0000 0 2 2 2 2 1 0 3 7 39
0000 0 2 7 4 4 1 0 4 7 40
0000 0 2 2 2 2 1 0 0 8 41
0000 0 2 0 0 0 1 0 1 8 42
0000 0 2 4 3 3 1 0 2 8 43
0000 0 2 7 4 4 1 0 3 8 44
0000 0 2 1 1 1 1 0 4 8 45
0000 0 2 2 2 2 1 1 0 9 46
0000 0 2 1 1 1 1 1 1 9 47
0000 0 2 7 4 2 0 1 2 9 48
0000 0 2 0 0 0 1 1 3 9 49
0000 0 2 4 3 3 1 1 4 9 50
0000 0 2 7 4 4 1 0 0 10 51
0000 0 2 2 2 2 1 0 1 10 52
0000 0 2 0 0 0 1 0 2 10 53
0000 0 2 1 1 1 1 0 3 10 54
0000 0 2 4 3 3 1 0 4 10 55
0000 0 2 7 4 4 1 1 0 11 56
0000 0 2 4 3 3 1 1 1 11 57
0000 0 2 1 1 1 1 1 2 11 58
0000 0 2 2 2 2 1 1 3 11 59
0000 0 2 0 0 0 1 1 4 11 60
