0002 1 3 1 1 0 0 0 0 0 01
0002 1 3 2 2 2 1 0 1 0 02
0002 1 3 4 3 3 1 0 2 0 03
0002 1 3 0 0 2 0 0 3 0 04
0002 1 3 7 4 4 1 0 4 0 05
0002 1 3 0 0 3 0 0 0 1 06
0002 1 3 4 3 3 1 0 1 1 07
0002 1 3 1 1 1 1 0 2 1 08
0002 1 3 2 2 2 1 0 3 1 09
0002 1 3 7 4 4 1 0 4 1 10
0002 1 3 1 1 1 1 0 0 2 11
0002 1 3 0 0 0 1 0 1 2 12
0002 1 3 4 3 3 1 0 2 2 13
0002 1 3 7 4 4 1 0 3 2 14
0002 1 3 2 2 2 1 0 4 2 15
0002 1 3 1 1 1 1 1 0 3 16
0002 1 3 7 4 4 1 1 1 3 17
0002 1 3 2 2 2 1 1 2 3 18
0002 1 3 4 3 3 1 1 3 3 19
0002 1 3 0 0 0 1 1 4 3 20
0002 1 0 7 4 0 0 0 0 0 01
0002 1 0 5 2 2 1 0 1 0 02
0002 1 0 0 0 0 1 0 2 0 03
0002 1 0 6 3 2 0 0 3 0 04
0002 1 0 3 1 1 1 0 4 0 05
0002 1 0 7 4 4 1 0 0 1 06
0002 1 0 5 2 2 1 0 1 1 07
0002 1 0 0 0 0 1 0 2 1 08
0002 1 0 6 3 2 0 0 3 1 09
0002 1 0 3 1 1 1 0 4 1 10
0002 1 0 6 3 3 1 0 0 2 11
0002 1 0 7 4 4 1 0 1 2 12
0002 1 0 0 0 0 1 0 2 2 13
0002 1 0 5 2 2 1 0 3 2 14
0002 1 0 3 1 1 1 0 4 2 15
0002 1 0 3 1 1 1 1 0 3 16
0002 1 0 5 2 2 1 1 1 3 17
0002 1 0 6 3 3 1 1 2 3 18
0002 1 0 7 4 4 1 1 3 3 19
0002 1 0 0 0 0 1 1 4 3 20
0002 1 1 0 0 0 1 0 0 0 01
0002 1 1 6 3 3 1 0 1 0 02
0002 1 1 5 2 1 0 0 2 0 03
0002 1 1 7 4 4 1 0 3 0 04
0002 1 1 3 1 1 1 0 4 0 05
0002 1 1 6 3 3 1 0 0 1 06
0002 1 1 7 4 4 1 0 1 1 07
0002 1 1 5 2 2 1 0 2 1 08
0002 1 1 0 0 0 1 0 3 1 09
0002 1 1 3 1 3 0 0 4 1 10
0002 1 1 5 2 2 1 0 0 2 11
0002 1 1 7 4 4 1 0 1 2 12
0002 1 1 3 1 1 1 0 2 2 13
0002 1 1 6 3 3 1 0 3 2 14
0002 1 1 0 0 0 1 0 4 2 15
0002 1 1 6 3 3 1 1 0 3 16
0002 1 1 0 0 0 1 1 1 3 17
0002 1 1 5 2 2 1 1 2 3 18
0002 1 1 3 1 1 1 1 3 3 19
0002 1 1 7 4 4 1 1 4 3 20
0002 1 2 0 0 4 0 0 0 0 01
0002 1 2 2 2 1 0 0 1 0 02
0002 1 2 1 1 1 1 0 2 0 03
0002 1 2 4 3 2 0 0 3 0 04
0002 1 2 7 4 1 0 0 4 0 05
0002 1 2 7 4 4 1 0 0 1 06
0002 1 2 2 2 0 0 0 1 1 07
0002 1 2 0 0 0 1 0 2 1 08
0002 1 2 1 1 3 0 0 3 1 09
0002 1 2 4 3 2 0 0 4 1 10
0002 1 2 0 0 0 1 0 0 2 11
0002 1 2 1 1 3 0 0 1 2 12
0002 1 2 4 3 3 1 0 2 2 13
0002 1 2 2 2 4 0 0 3 2 14
0002 1 2 7 4 4 1 0 4 2 15
0002 1 2 7 4 4 1 0 0 3 16
0002 1 2 1 1 1 1 0 1 3 17
0002 1 2 2 2 2 1 0 2 3 18
0002 1 2 0 0 0 1 0 3 3 19
0002 1 2 4 3 3 1 0 4 3 20
0002 1 2 2 2 2 1 1 0 4 21
0002 1 2 0 0 0 1 1 1 4 22
0002 1 2 4 3 2 0 1 2 4 23
0002 1 2 7 4 4 1 1 3 4 24
0002 1 2 1 1 1 1 1 4 4 25
0002 1 2 2 2 2 1 0 0 5 26
0002 1 2 1 1 1 1 0 1 5 27
0002 1 2 4 3 3 1 0 2 5 28
0002 1 2 0 0 0 1 0 3 5 29
0002 1 2 7 4 4 1 0 4 5 30
0002 1 2 2 2 2 1 1 0 6 31
0002 1 2 0 0 0 1 1 1 6 32
0002 1 2 1 1 1 1 1 2 6 33
0002 1 2 4 3 3 1 1 3 6 34
0002 1 2 7 4 4 1 1 4 6 35
