0003 0 3 1 1 0 0 0 0 0 01
0003 0 3 2 2 0 0 0 1 0 02
0003 0 3 4 3 0 0 0 2 0 03
0003 0 3 0 0 0 1 0 3 0 04
0003 0 3 7 4 1 0 0 4 0 05
0003 0 3 0 0 1 0 0 0 1 06
0003 0 3 4 3 3 1 0 1 1 07
0003 0 3 1 1 1 1 0 2 1 08
0003 0 3 2 2 2 1 0 3 1 09
0003 0 3 7 4 4 1 0 4 1 10
0003 0 3 1 1 0 0 0 0 2 11
0003 0 3 0 0 0 1 0 1 2 12
0003 0 3 4 3 3 1 0 2 2 13
0003 0 3 7 4 4 1 0 3 2 14
0003 0 3 2 2 2 1 0 4 2 15
0003 0 3 1 1 1 1 0 0 3 16
0003 0 3 7 4 4 1 0 1 3 17
0003 0 3 2 2 2 1 0 2 3 18
0003 0 3 4 3 0 0 0 3 3 19
0003 0 3 0 0 1 0 0 4 3 20
0003 0 3 0 0 0 1 0 0 4 21
0003 0 3 1 1 1 1 0 1 4 22
0003 0 3 4 3 3 1 0 2 4 23
0003 0 3 7 4 4 1 0 3 4 24
0003 0 3 2 2 2 1 0 4 4 25
0003 0 3 1 1 1 1 1 0 5 26
0003 0 3 4 3 3 1 1 1 5 27
0003 0 3 0 0 0 1 1 2 5 28
0003 0 3 2 2 2 1 1 3 5 29
0003 0 3 7 4 4 1 1 4 5 30
0003 0 0 6 3 2 0 0 0 0 01
0003 0 0 0 0 0 1 0 1 0 02
0003 0 0 7 4 4 1 0 2 0 03
0003 0 0 5 2 2 1 0 3 0 04
0003 0 0 3 1 1 1 0 4 0 05
0003 0 0 6 3 3 1 0 0 1 06
0003 0 0 0 0 0 1 0 1 1 07
0003 0 0 7 4 4 1 0 2 1 08
0003 0 0 5 2 2 1 0 3 1 09
0003 0 0 3 1 1 1 0 4 1 10
0003 0 0 5 2 3 0 1 0 2 11
0003 0 0 6 3 3 1 1 1 2 12
0003 0 0 7 4 4 1 1 2 2 13
0003 0 0 0 0 0 1 1 3 2 14
0003 0 0 3 1 1 1 1 4 2 15
0003 0 0 3 1 1 1 0 0 3 16
0003 0 0 0 0 0 1 0 1 3 17
0003 0 0 5 2 2 1 0 2 3 18
0003 0 0 6 3 3 1 0 3 3 19
0003 0 0 7 4 4 1 0 4 3 20
0003 0 0 7 4 4 1 1 0 4 21
0003 0 0 3 1 1 1 1 1 4 22
0003 0 0 0 0 0 1 1 2 4 23
0003 0 0 5 2 2 1 1 3 4 24
0003 0 0 6 3 3 1 1 4 4 25
0003 0 1 4 3 1 0 0 0 0 01
0003 0 1 0 0 2 0 0 1 0 02
0003 0 1 1 1 1 1 0 2 0 03
0003 0 1 2 2 0 0 0 3 0 04
0003 0 1 7 4 4 1 0 4 0 05
0003 0 1 1 1 0 0 0 0 1 06
0003 0 1 2 2 2 1 0 1 1 07
0003 0 1 7 4 4 1 0 2 1 08
0003 0 1 4 3 3 1 0 3 1 09
0003 0 1 0 0 0 1 0 4 1 10
0003 0 1 0 0 1 0 0 0 2 11
0003 0 1 7 4 4 1 0 1 2 12
0003 0 1 1 1 2 0 0 2 2 13
0003 0 1 4 3 3 1 0 3 2 14
0003 0 1 2 2 2 1 0 4 2 15
0003 0 1 4 3 3 1 0 0 3 16
0003 0 1 0 0 0 1 0 1 3 17
0003 0 1 1 1 1 1 0 2 3 18
0003 0 1 7 4 4 1 0 3 3 19
0003 0 1 2 2 2 1 0 4 3 20
0003 0 1 7 4 4 1 1 0 4 21
0003 0 1 1 1 1 1 1 1 4 22
0003 0 1 4 3 3 1 1 2 4 23
0003 0 1 2 2 2 1 1 3 4 24
0003 0 1 0 0 0 1 1 4 4 25
0003 0 2 3 1 1 1 0 0 0 01
0003 0 2 6 3 0 0 0 1 0 02
0003 0 2 5 2 4 0 0 2 0 03
0003 0 2 7 4 1 0 0 3 0 04
0003 0 2 0 0 3 0 0 4 0 05
0003 0 2 0 0 0 1 0 0 1 06
0003 0 2 6 3 3 1 0 1 1 07
0003 0 2 3 1 1 1 0 2 1 08
0003 0 2 5 2 2 1 0 3 1 09
0003 0 2 7 4 4 1 0 4 1 10
0003 0 2 3 1 2 0 1 0 2 11
0003 0 2 5 2 2 1 1 1 2 12
0003 0 2 7 4 4 1 1 2 2 13
0003 0 2 6 3 3 1 1 3 2 14
0003 0 2 0 0 0 1 1 4 2 15
0003 0 2 0 0 0 1 0 0 3 16
0003 0 2 5 2 2 1 0 1 3 17
0003 0 2 6 3 1 0 0 2 3 18
0003 0 2 3 1 1 1 0 3 3 19
0003 0 2 7 4 4 1 0 4 3 20
0003 0 2 6 3 3 1 0 0 4 21
0003 0 2 3 1 1 1 0 1 4 22
0003 0 2 7 4 4 1 0 2 4 23
0003 0 2 0 0 0 1 0 3 4 24
0003 0 2 5 2 2 1 0 4 4 25
0003 0 2 6 3 3 1 1 0 5 26
0003 0 2 5 2 2 1 1 1 5 27
0003 0 2 7 4 4 1 1 2 5 28
0003 0 2 3 1 1 1 1 3 5 29
0003 0 2 0 0 0 1 1 4 5 30
