0004 1 3 1 1 1 1 0 0 0 01
0004 1 3 2 2 0 0 0 1 0 02
0004 1 3 4 3 0 0 0 2 0 03
0004 1 3 0 0 0 1 0 3 0 04
0004 1 3 7 4 4 1 0 4 0 05
0004 1 3 0 0 2 0 0 0 1 06
0004 1 3 4 3 3 1 0 1 1 07
0004 1 3 1 1 1 1 0 2 1 08
0004 1 3 2 2 4 0 0 3 1 09
0004 1 3 7 4 4 1 0 4 1 10
0004 1 3 1 1 1 1 0 0 2 11
0004 1 3 0 0 0 1 0 1 2 12
0004 1 3 4 3 3 1 0 2 2 13
0004 1 3 7 4 2 0 0 3 2 14
0004 1 3 2 2 2 1 0 4 2 15
0004 1 3 1 1 1 1 0 0 3 16
0004 1 3 7 4 4 1 0 1 3 17
0004 1 3 2 2 2 1 0 2 3 18
0004 1 3 4 3 3 1 0 3 3 19
0004 1 3 0 0 0 1 0 4 3 20
0004 1 3 0 0 0 1 1 0 4 21
0004 1 3 1 1 1 1 1 1 4 22
0004 1 3 4 3 3 1 1 2 4 23
0004 1 3 7 4 4 1 1 3 4 24
0004 1 3 2 2 2 1 1 4 4 25
0004 1 1 1 1 1 1 0 0 0 01
0004 1 1 4 3 3 1 0 1 0 02
0004 1 1 2 2 2 1 0 2 0 03
0004 1 1 7 4 4 1 0 3 0 04
0004 1 1 0 0 0 1 0 4 0 05
0004 1 1 2 2 1 0 1 0 1 06
0004 1 1 1 1 1 1 1 1 1 07
0004 1 1 7 4 4 1 1 2 1 08
0004 1 1 0 0 0 1 1 3 1 09
0004 1 1 4 3 2 0 1 4 1 10
0004 1 1 1 1 1 1 0 0 2 11
0004 1 1 7 4 4 1 0 1 2 12
0004 1 1 4 3 1 0 0 2 2 13
0004 1 1 2 2 1 0 0 3 2 14
0004 1 1 0 0 0 1 0 4 2 15
0004 1 1 7 4 4 1 0 0 3 16
0004 1 1 0 0 0 1 0 1 3 17
0004 1 1 1 1 1 1 0 2 3 18
0004 1 1 4 3 2 0 0 3 3 19
0004 1 1 2 2 3 0 0 4 3 20
0004 1 1 1 1 1 1 0 0 4 21
0004 1 1 7 4 4 1 0 1 4 22
0004 1 1 4 3 3 1 0 2 4 23
0004 1 1 0 0 0 1 0 3 4 24
0004 1 1 2 2 1 0 0 4 4 25
0004 1 1 4 3 3 1 0 0 5 26
0004 1 1 2 2 1 0 0 1 5 27
0004 1 1 7 4 4 1 0 2 5 28
0004 1 1 1 1 1 1 0 3 5 29
0004 1 1 0 0 0 1 0 4 5 30
0004 1 1 2 2 2 1 0 0 6 31
0004 1 1 1 1 1 1 0 1 6 32
0004 1 1 4 3 3 1 0 2 6 33
0004 1 1 7 4 4 1 0 3 6 34
0004 1 1 0 0 0 1 0 4 6 35
0004 1 1 7 4 4 1 1 0 7 36
0004 1 1 2 2 1 0 1 1 7 37
0004 1 1 4 3 2 0 1 2 7 38
0004 1 1 0 0 0 1 1 3 7 39
0004 1 1 1 1 1 1 1 4 7 40
0004 1 1 2 2 1 0 0 0 8 41
0004 1 1 1 1 1 1 0 1 8 42
0004 1 1 7 4 4 1 0 2 8 43
0004 1 1 0 0 0 1 0 3 8 44
0004 1 1 4 3 2 0 0 4 8 45
0004 1 1 2 2 1 0 0 0 9 46
0004 1 1 0 0 0 1 0 1 9 47
0004 1 1 1 1 2 0 0 2 9 48
0004 1 1 7 4 4 1 0 3 9 49
0004 1 1 4 3 3 1 0 4 9 50
0004 1 1 7 4 4 1 0 0 10 51
0004 1 1 2 2 2 1 0 1 10 52
0004 1 1 4 3 1 0 0 2 10 53
0004 1 1 1 1 1 1 0 3 10 54
0004 1 1 0 0 0 1 0 4 10 55
0004 1 1 1 1 1 1 0 0 11 56
0004 1 1 0 0 0 1 0 1 11 57
0004 1 1 4 3 2 0 0 2 11 58
0004 1 1 2 2 2 1 0 3 11 59
0004 1 1 7 4 4 1 0 4 11 60
0004 1 1 2 2 1 0 0 0 12 61
0004 1 1 0 0 0 1 0 1 12 62
0004 1 1 1 1 1 1 0 2 12 63
0004 1 1 7 4 4 1 0 3 12 64
0004 1 1 4 3 3 1 0 4 12 65
0004 1 1 2 2 2 1 0 0 13 66
0004 1 1 0 0 0 1 0 1 13 67
0004 1 1 7 4 4 1 0 2 13 68
0004 1 1 4 3 3 1 0 3 13 69
0004 1 1 1 1 1 1 0 4 13 70
0004 1 1 7 4 4 1 1 0 14 71
0004 1 1 4 3 3 1 1 1 14 72
0004 1 1 0 0 0 1 1 2 14 73
0004 1 1 1 1 1 1 1 3 14 74
0004 1 1 2 2 2 1 1 4 14 75
0004 1 2 5 2 1 0 0 0 0 01
0004 1 2 0 0 0 1 0 1 0 02
0004 1 2 6 3 3 1 0 2 0 03
0004 1 2 3 1 1 1 0 3 0 04
0004 1 2 7 4 4 1 0 4 0 05
0004 1 2 0 0 0 1 0 0 1 06
0004 1 2 7 4 3 0 0 1 1 07
0004 1 2 6 3 3 1 0 2 1 08
0004 1 2 3 1 1 1 0 3 1 09
0004 1 2 5 2 2 1 0 4 1 10
0004 1 2 5 2 2 1 0 0 2 11
0004 1 2 0 0 0 1 0 1 2 12
0004 1 2 6 3 4 0 0 2 2 13
0004 1 2 7 4 4 1 0 3 2 14
0004 1 2 3 1 1 1 0 4 2 15
0004 1 2 3 1 1 1 0 0 3 16
0004 1 2 6 3 3 1 0 1 3 17
0004 1 2 5 2 2 1 0 2 3 18
0004 1 2 7 4 4 1 0 3 3 19
0004 1 2 0 0 0 1 0 4 3 20
0004 1 2 7 4 4 1 1 0 4 21
0004 1 2 6 3 3 1 1 1 4 22
0004 1 2 5 2 2 1 1 2 4 23
0004 1 2 3 1 1 1 1 3 4 24
0004 1 2 0 0 0 1 1 4 4 25
0004 1 0 4 3 3 1 0 0 0 01
0004 1 0 2 2 2 1 0 1 0 02
0004 1 0 1 1 1 1 0 2 0 03
0004 1 0 7 4 3 0 0 3 0 04
0004 1 0 0 0 1 0 0 4 0 05
0004 1 0 0 0 0 1 0 0 1 06
0004 1 0 2 2 2 1 0 1 1 07
0004 1 0 4 3 3 1 0 2 1 08
0004 1 0 1 1 1 1 0 3 1 09
0004 1 0 7 4 4 1 0 4 1 10
0004 1 0 4 3 3 1 1 0 2 11
0004 1 0 1 1 1 1 1 1 2 12
0004 1 0 7 4 3 0 1 2 2 13
0004 1 0 2 2 2 1 1 3 2 14
0004 1 0 0 0 1 0 1 4 2 15
0004 1 0 0 0 0 1 0 0 3 16
0004 1 0 1 1 1 1 0 1 3 17
0004 1 0 2 2 2 1 0 2 3 18
0004 1 0 4 3 3 1 0 3 3 19
0004 1 0 7 4 4 1 0 4 3 20
0004 1 0 2 2 2 1 1 0 4 21
0004 1 0 4 3 3 1 1 1 4 22
0004 1 0 7 4 4 1 1 2 4 23
0004 1 0 0 0 0 1 1 3 4 24
0004 1 0 1 1 1 1 1 4 4 25
