0005 0 3 1 1 3 0 0 0 0 01
0005 0 3 2 2 9 0 0 1 0 02
0005 0 3 4 3 4 0 0 2 0 03
0005 0 3 0 0 9 0 0 3 0 04
0005 0 3 7 4 9 0 0 4 0 05
0005 0 3 0 0 9 0 0 0 1 06
0005 0 3 4 3 9 0 0 1 1 07
0005 0 3 1 1 9 0 0 2 1 08
0005 0 3 2 2 9 0 0 3 1 09
0005 0 3 7 4 9 0 0 4 1 10
0005 0 3 1 1 1 1 0 0 2 11
0005 0 3 0 0 3 0 0 1 2 12
0005 0 3 4 3 4 0 0 2 2 13
0005 0 3 7 4 4 1 0 3 2 14
0005 0 3 2 2 3 0 0 4 2 15
0005 0 3 1 1 1 1 0 0 3 16
0005 0 3 7 4 4 1 0 1 3 17
0005 0 3 2 2 3 0 0 2 3 18
0005 0 3 4 3 1 0 0 3 3 19
0005 0 3 0 0 4 0 0 4 3 20
0005 0 3 0 0 0 1 0 0 4 21
0005 0 3 1 1 1 1 0 1 4 22
0005 0 3 4 3 2 0 0 2 4 23
0005 0 3 7 4 4 1 0 3 4 24
0005 0 3 2 2 2 1 0 4 4 25
0005 0 3 1 1 0 0 0 0 5 26
0005 0 3 4 3 3 1 0 1 5 27
0005 0 3 0 0 0 1 0 2 5 28
0005 0 3 2 2 4 0 0 3 5 29
0005 0 3 7 4 4 1 0 4 5 30
0005 0 3 2 2 2 1 0 0 6 31
0005 0 3 0 0 0 1 0 1 6 32
0005 0 3 7 4 3 0 0 2 6 33
0005 0 3 4 3 1 0 0 3 6 34
0005 0 3 1 1 1 1 0 4 6 35
0005 0 3 1 1 1 1 0 0 7 36
0005 0 3 4 3 3 1 0 1 7 37
0005 0 3 2 2 1 0 0 2 7 38
0005 0 3 7 4 4 1 0 3 7 39
0005 0 3 0 0 0 1 0 4 7 40
0005 0 3 1 1 1 1 0 0 8 41
0005 0 3 7 4 2 0 0 1 8 42
0005 0 3 2 2 3 0 0 2 8 43
0005 0 3 4 3 3 1 0 3 8 44
0005 0 3 0 0 2 0 0 4 8 45
0005 0 3 2 2 2 1 0 0 9 46
0005 0 3 7 4 4 1 0 1 9 47
0005 0 3 0 0 0 1 0 2 9 48
0005 0 3 4 3 3 1 0 3 9 49
0005 0 3 1 1 1 1 0 4 9 50
0005 0 3 0 0 0 1 1 0 10 51
0005 0 3 7 4 4 1 1 1 10 52
0005 0 3 2 2 2 1 1 2 10 53
0005 0 3 4 3 3 1 1 3 10 54
0005 0 3 1 1 1 1 1 4 10 55
0005 0 1 7 4 9 0 0 0 0 01
0005 0 1 2 2 9 0 0 1 0 02
0005 0 1 1 1 9 0 0 2 0 03
0005 0 1 4 3 9 0 0 3 0 04
0005 0 1 0 0 9 0 0 4 0 05
0005 0 1 0 0 9 0 0 0 1 06
0005 0 1 1 1 1 1 0 1 1 07
0005 0 1 7 4 4 1 0 2 1 08
0005 0 1 4 3 3 1 0 3 1 09
0005 0 1 2 2 4 0 0 4 1 10
0005 0 1 0 0 4 0 0 0 2 11
0005 0 1 4 3 3 1 0 1 2 12
0005 0 1 7 4 4 1 0 2 2 13
0005 0 1 2 2 0 0 0 3 2 14
0005 0 1 1 1 1 1 0 4 2 15
0005 0 1 4 3 0 0 0 0 3 16
0005 0 1 1 1 0 0 0 1 3 17
0005 0 1 7 4 4 1 0 2 3 18
0005 0 1 0 0 0 1 0 3 3 19
0005 0 1 2 2 2 1 0 4 3 20
0005 0 1 4 3 3 1 0 0 4 21
0005 0 1 2 2 0 0 0 1 4 22
0005 0 1 1 1 1 1 0 2 4 23
0005 0 1 7 4 4 1 0 3 4 24
0005 0 1 0 0 0 1 0 4 4 25
0005 0 1 2 2 2 1 0 0 5 26
0005 0 1 7 4 4 1 0 1 5 27
0005 0 1 4 3 3 1 0 2 5 28
0005 0 1 0 0 0 1 0 3 5 29
0005 0 1 1 1 1 1 0 4 5 30
0005 0 1 1 1 2 0 1 0 6 31
0005 0 1 4 3 3 1 1 1 6 32
0005 0 1 0 0 0 1 1 2 6 33
0005 0 1 7 4 4 1 1 3 6 34
0005 0 1 2 2 2 1 1 4 6 35
0005 0 1 2 2 1 0 0 0 7 36
0005 0 1 7 4 4 1 0 1 7 37
0005 0 1 0 0 0 1 0 2 7 38
0005 0 1 1 1 2 0 0 3 7 39
0005 0 1 4 3 3 1 0 4 7 40
0005 0 1 4 3 2 0 0 0 8 41
0005 0 1 2 2 2 1 0 1 8 42
0005 0 1 1 1 1 1 0 2 8 43
0005 0 1 7 4 4 1 0 3 8 44
0005 0 1 0 0 0 1 0 4 8 45
0005 0 1 4 3 3 1 0 0 9 46
0005 0 1 2 2 2 1 0 1 9 47
0005 0 1 0 0 1 0 0 2 9 48
0005 0 1 1 1 2 0 0 3 9 49
0005 0 1 7 4 4 1 0 4 9 50
0005 0 1 4 3 3 1 0 0 10 51
0005 0 1 2 2 2 1 0 1 10 52
0005 0 1 1 1 1 1 0 2 10 53
0005 0 1 0 0 1 0 0 3 10 54
0005 0 1 7 4 4 1 0 4 10 55
0005 0 1 0 0 1 0 0 0 11 56
0005 0 1 4 3 3 1 0 1 11 57
0005 0 1 2 2 2 1 0 2 11 58
0005 0 1 1 1 2 0 0 3 11 59
0005 0 1 7 4 4 1 0 4 11 60
0005 0 1 1 1 3 0 0 0 12 61
0005 0 1 0 0 0 1 0 1 12 62
0005 0 1 7 4 4 1 0 2 12 63
0005 0 1 2 2 3 0 0 3 12 64
0005 0 1 4 3 3 1 0 4 12 65
0005 0 1 7 4 4 1 0 0 13 66
0005 0 1 2 2 2 1 0 1 13 67
0005 0 1 0 0 1 0 0 2 13 68
0005 0 1 4 3 3 1 0 3 13 69
0005 0 1 1 1 2 0 0 4 13 70
0005 0 1 7 4 4 1 0 0 14 71
0005 0 1 4 3 3 1 0 1 14 72
0005 0 1 1 1 1 1 0 2 14 73
0005 0 1 0 0 0 1 0 3 14 74
0005 0 1 2 2 2 1 0 4 14 75
0005 0 1 1 1 2 0 1 0 15 76
0005 0 1 0 0 0 1 1 1 15 77
0005 0 1 4 3 2 0 1 2 15 78
0005 0 1 7 4 4 1 1 3 15 79
0005 0 1 2 2 2 1 1 4 15 80
0005 0 1 4 3 3 1 0 0 16 81
0005 0 1 0 0 0 1 0 1 16 82
0005 0 1 2 2 1 0 0 2 16 83
0005 0 1 1 1 1 1 0 3 16 84
0005 0 1 7 4 4 1 0 4 16 85
0005 0 1 4 3 3 1 0 0 17 86
0005 0 1 1 1 1 1 0 1 17 87
0005 0 1 2 2 2 1 0 2 17 88
0005 0 1 7 4 4 1 0 3 17 89
0005 0 1 0 0 0 1 0 4 17 90
0005 0 1 1 1 1 1 1 0 18 91
0005 0 1 7 4 9 0 1 1 18 92
0005 0 1 2 2 3 0 1 2 18 93
0005 0 1 4 3 3 1 1 3 18 94
0005 0 1 0 0 0 1 1 4 18 95
0005 0 1 0 0 0 1 0 0 19 96
0005 0 1 2 2 2 1 0 1 19 97
0005 0 1 4 3 3 1 0 2 19 98
0005 0 1 1 1 2 0 0 3 19 99
0005 0 1 7 4 4 1 0 4 19 100
0005 0 1 4 3 3 1 0 0 20 101
0005 0 1 2 2 2 1 0 1 20 102
0005 0 1 0 0 0 1 0 2 20 103
0005 0 1 7 4 4 1 0 3 20 104
0005 0 1 1 1 2 0 0 4 20 105
0005 0 1 4 3 2 0 0 0 21 106
0005 0 1 1 1 1 1 0 1 21 107
0005 0 1 0 0 0 1 0 2 21 108
0005 0 1 2 2 2 1 0 3 21 109
0005 0 1 7 4 4 1 0 4 21 110
0005 0 1 7 4 4 1 0 0 22 111
0005 0 1 0 0 0 1 0 1 22 112
0005 0 1 4 3 3 1 0 2 22 113
0005 0 1 1 1 2 0 0 3 22 114
0005 0 1 2 2 2 1 0 4 22 115
0005 0 1 7 4 4 1 0 0 23 116
0005 0 1 2 2 3 0 0 1 23 117
0005 0 1 4 3 3 1 0 2 23 118
0005 0 1 0 0 0 1 0 3 23 119
0005 0 1 1 1 1 1 0 4 23 120
0005 0 1 2 2 2 1 0 0 24 121
0005 0 1 4 3 3 1 0 1 24 122
0005 0 1 1 1 1 1 0 2 24 123
0005 0 1 0 0 0 1 0 3 24 124
0005 0 1 7 4 4 1 0 4 24 125
0005 0 1 7 4 4 1 1 0 25 126
0005 0 1 1 1 1 1 1 1 25 127
0005 0 1 0 0 0 1 1 2 25 128
0005 0 1 2 2 3 0 1 3 25 129
0005 0 1 4 3 3 1 1 4 25 130
0005 0 1 2 2 2 1 0 0 26 131
0005 0 1 0 0 0 1 0 1 26 132
0005 0 1 4 3 3 1 0 2 26 133
0005 0 1 1 1 1 1 0 3 26 134
0005 0 1 7 4 4 1 0 4 26 135
0005 0 1 7 4 4 1 1 0 27 136
0005 0 1 1 1 1 1 1 1 27 137
0005 0 1 0 0 0 1 1 2 27 138
0005 0 1 4 3 2 0 1 3 27 139
0005 0 1 2 2 2 1 1 4 27 140
0005 0 1 2 2 1 0 0 0 28 141
0005 0 1 7 4 4 1 0 1 28 142
0005 0 1 0 0 0 1 0 2 28 143
0005 0 1 4 3 3 1 0 3 28 144
0005 0 1 1 1 1 1 0 4 28 145
0005 0 1 0 0 0 1 0 0 29 146
0005 0 1 2 2 3 0 0 1 29 147
0005 0 1 1 1 1 1 0 2 29 148
0005 0 1 7 4 4 1 0 3 29 149
0005 0 1 4 3 3 1 0 4 29 150
0005 0 1 2 2 2 1 0 0 30 151
0005 0 1 0 0 1 0 0 1 30 152
0005 0 1 7 4 4 1 0 2 30 153
0005 0 1 4 3 3 1 0 3 30 154
0005 0 1 1 1 1 1 0 4 30 155
0005 0 1 4 3 3 1 0 0 31 156
0005 0 1 0 0 0 1 0 1 31 157
0005 0 1 7 4 4 1 0 2 31 158
0005 0 1 1 1 1 1 0 3 31 159
0005 0 1 2 2 2 1 0 4 31 160
0005 0 1 1 1 3 0 1 0 32 161
0005 0 1 4 3 3 1 1 1 32 162
0005 0 1 0 0 0 1 1 2 32 163
0005 0 1 2 2 2 1 1 3 32 164
0005 0 1 7 4 4 1 1 4 32 165
0005 0 1 7 4 4 1 0 0 33 166
0005 0 1 0 0 0 1 0 1 33 167
0005 0 1 1 1 2 0 0 2 33 168
0005 0 1 4 3 3 1 0 3 33 169
0005 0 1 2 2 1 0 0 4 33 170
0005 0 1 4 3 3 1 0 0 34 171
0005 0 1 0 0 0 1 0 1 34 172
0005 0 1 1 1 1 1 0 2 34 173
0005 0 1 7 4 4 1 0 3 34 174
0005 0 1 2 2 0 0 0 4 34 175
0005 0 1 7 4 4 1 0 0 35 176
0005 0 1 2 2 3 0 0 1 35 177
0005 0 1 1 1 0 0 0 2 35 178
0005 0 1 4 3 3 1 0 3 35 179
0005 0 1 0 0 0 1 0 4 35 180
0005 0 1 7 4 4 1 0 0 36 181
0005 0 1 4 3 2 0 0 1 36 182
0005 0 1 0 0 0 1 0 2 36 183
0005 0 1 1 1 1 1 0 3 36 184
0005 0 1 2 2 2 1 0 4 36 185
0005 0 1 4 3 3 1 0 0 37 186
0005 0 1 1 1 1 1 0 1 37 187
0005 0 1 7 4 4 1 0 2 37 188
0005 0 1 2 2 2 1 0 3 37 189
0005 0 1 0 0 0 1 0 4 37 190
0005 0 1 7 4 4 1 1 0 38 191
0005 0 1 1 1 0 0 1 1 38 192
0005 0 1 2 2 2 1 1 2 38 193
0005 0 1 4 3 3 1 1 3 38 194
0005 0 1 0 0 0 1 1 4 38 195
0005 0 1 1 1 3 0 0 0 39 196
0005 0 1 0 0 0 1 0 1 39 197
0005 0 1 2 2 2 1 0 2 39 198
0005 0 1 7 4 4 1 0 3 39 199
0005 0 1 4 3 3 1 0 4 39 200
0005 0 1 2 2 3 0 0 0 40 201
0005 0 1 0 0 0 1 0 1 40 202
0005 0 1 1 1 1 1 0 2 40 203
0005 0 1 4 3 3 1 0 3 40 204
0005 0 1 7 4 4 1 0 4 40 205
0005 0 1 2 2 2 1 0 0 41 206
0005 0 1 1 1 1 1 0 1 41 207
0005 0 1 4 3 4 0 0 2 41 208
0005 0 1 7 4 4 1 0 3 41 209
0005 0 1 0 0 0 1 0 4 41 210
0005 0 1 2 2 1 0 0 0 42 211
0005 0 1 0 0 0 1 0 1 42 212
0005 0 1 4 3 3 1 0 2 42 213
0005 0 1 1 1 2 0 0 3 42 214
0005 0 1 7 4 4 1 0 4 42 215
0005 0 1 7 4 4 1 0 0 43 216
0005 0 1 2 2 2 1 0 1 43 217
0005 0 1 0 0 0 1 0 2 43 218
0005 0 1 4 3 3 1 0 3 43 219
0005 0 1 1 1 1 1 0 4 43 220
0005 0 1 0 0 0 1 1 0 44 221
0005 0 1 2 2 2 1 1 1 44 222
0005 0 1 4 3 3 1 1 2 44 223
0005 0 1 1 1 1 1 1 3 44 224
0005 0 1 7 4 4 1 1 4 44 225
0005 0 2 7 4 9 0 0 0 0 01
0005 0 2 4 3 2 0 0 1 0 02
0005 0 2 2 2 9 0 0 2 0 03
0005 0 2 1 1 9 0 0 3 0 04
0005 0 2 0 0 9 0 0 4 0 05
0005 0 2 4 3 3 1 0 0 1 06
0005 0 2 0 0 0 1 0 1 1 07
0005 0 2 2 2 2 1 0 2 1 08
0005 0 2 1 1 1 1 0 3 1 09
0005 0 2 7 4 3 0 0 4 1 10
0005 0 2 7 4 4 1 0 0 2 11
0005 0 2 4 3 3 1 0 1 2 12
0005 0 2 2 2 2 1 0 2 2 13
0005 0 2 0 0 0 1 0 3 2 14
0005 0 2 1 1 1 1 0 4 2 15
0005 0 2 1 1 1 1 1 0 3 16
0005 0 2 2 2 2 1 1 1 3 17
0005 0 2 7 4 4 1 1 2 3 18
0005 0 2 0 0 0 1 1 3 3 19
0005 0 2 4 3 3 1 1 4 3 20
0005 0 0 5 2 9 0 0 0 0 01
0005 0 0 7 4 9 0 0 1 0 02
0005 0 0 0 0 9 0 0 2 0 03
0005 0 0 3 1 9 0 0 3 0 04
0005 0 0 6 3 2 0 0 4 0 05
0005 0 0 6 3 3 1 0 0 1 06
0005 0 0 7 4 4 1 0 1 1 07
0005 0 0 5 2 2 1 0 2 1 08
0005 0 0 0 0 0 1 0 3 1 09
0005 0 0 3 1 1 1 0 4 1 10
0005 0 0 5 2 2 1 1 0 2 11
0005 0 0 0 0 0 1 1 1 2 12
0005 0 0 3 1 1 1 1 2 2 13
0005 0 0 7 4 4 1 1 3 2 14
0005 0 0 6 3 3 1 1 4 2 15
