0006 1 3 1 1 1 1 0 0 0 01
0006 1 3 2 2 2 1 0 1 0 02
0006 1 3 4 3 3 1 0 2 0 03
0006 1 3 0 0 4 0 0 3 0 04
0006 1 3 7 4 4 1 0 4 0 05
0006 1 3 0 0 0 1 0 0 1 06
0006 1 3 4 3 3 1 0 1 1 07
0006 1 3 1 1 1 1 0 2 1 08
0006 1 3 2 2 2 1 0 3 1 09
0006 1 3 7 4 4 1 0 4 1 10
0006 1 3 1 1 1 1 1 0 2 11
0006 1 3 0 0 0 1 1 1 2 12
0006 1 3 4 3 3 1 1 2 2 13
0006 1 3 7 4 4 1 1 3 2 14
0006 1 3 2 2 2 1 1 4 2 15
0006 1 1 0 0 1 0 0 0 0 01
0006 1 1 6 3 2 0 0 1 0 02
0006 1 1 5 2 4 0 0 2 0 03
0006 1 1 7 4 1 0 0 3 0 04
0006 1 1 3 1 1 1 0 4 0 05
0006 1 1 6 3 3 1 0 0 1 06
0006 1 1 3 1 4 0 0 1 1 07
0006 1 1 0 0 0 1 0 2 1 08
0006 1 1 5 2 2 1 0 3 1 09
0006 1 1 7 4 4 1 0 4 1 10
0006 1 1 6 3 1 0 0 0 2 11
0006 1 1 0 0 0 1 0 1 2 12
0006 1 1 7 4 4 1 0 2 2 13
0006 1 1 3 1 2 0 0 3 2 14
0006 1 1 5 2 2 1 0 4 2 15
0006 1 1 5 2 3 0 0 0 3 16
0006 1 1 7 4 4 1 0 1 3 17
0006 1 1 6 3 3 1 0 2 3 18
0006 1 1 3 1 2 0 0 3 3 19
0006 1 1 0 0 0 1 0 4 3 20
0006 1 1 5 2 1 0 0 0 4 21
0006 1 1 3 1 1 1 0 1 4 22
0006 1 1 7 4 4 1 0 2 4 23
0006 1 1 6 3 3 1 0 3 4 24
0006 1 1 0 0 0 1 0 4 4 25
0006 1 1 5 2 2 1 0 0 5 26
0006 1 1 0 0 0 1 0 1 5 27
0006 1 1 6 3 3 1 0 2 5 28
0006 1 1 7 4 4 1 0 3 5 29
0006 1 1 3 1 2 0 0 4 5 30
0006 1 1 6 3 3 1 0 0 6 31
0006 1 1 5 2 2 1 0 1 6 32
0006 1 1 7 4 4 1 0 2 6 33
0006 1 1 0 0 0 1 0 3 6 34
0006 1 1 3 1 1 1 0 4 6 35
0006 1 1 0 0 0 1 1 0 7 36
0006 1 1 3 1 1 1 1 1 7 37
0006 1 1 5 2 2 1 1 2 7 38
0006 1 1 7 4 4 1 1 3 7 39
0006 1 1 6 3 3 1 1 4 7 40
0006 1 2 4 3 3 1 0 0 0 01
0006 1 2 2 2 4 0 0 1 0 02
0006 1 2 1 1 0 0 0 2 0 03
0006 1 2 7 4 4 1 0 3 0 04
0006 1 2 0 0 1 0 0 4 0 05
0006 1 2 2 2 3 0 0 0 1 06
0006 1 2 0 0 0 1 0 1 1 07
0006 1 2 1 1 2 0 0 2 1 08
0006 1 2 7 4 3 0 0 3 1 09
0006 1 2 4 3 3 1 0 4 1 10
0006 1 2 4 3 3 1 0 0 2 11
0006 1 2 2 2 2 1 0 1 2 12
0006 1 2 1 1 1 1 0 2 2 13
0006 1 2 0 0 0 1 0 3 2 14
0006 1 2 7 4 4 1 0 4 2 15
0006 1 2 7 4 4 1 1 0 3 16
0006 1 2 1 1 1 1 1 1 3 17
0006 1 2 4 3 3 1 1 2 3 18
0006 1 2 0 0 2 0 1 3 3 19
0006 1 2 2 2 2 1 1 4 3 20
0006 1 2 0 0 0 1 0 0 4 21
0006 1 2 1 1 1 1 0 1 4 22
0006 1 2 4 3 3 1 0 2 4 23
0006 1 2 7 4 4 1 0 3 4 24
0006 1 2 2 2 3 0 0 4 4 25
0006 1 2 0 0 0 1 0 0 5 26
0006 1 2 4 3 3 1 0 1 5 27
0006 1 2 2 2 2 1 0 2 5 28
0006 1 2 7 4 1 0 0 3 5 29
0006 1 2 1 1 1 1 0 4 5 30
0006 1 2 7 4 4 1 0 0 6 31
0006 1 2 0 0 2 0 0 1 6 32
0006 1 2 1 1 1 1 0 2 6 33
0006 1 2 4 3 3 1 0 3 6 34
0006 1 2 2 2 4 0 0 4 6 35
0006 1 2 2 2 2 1 0 0 7 36
0006 1 2 7 4 4 1 0 1 7 37
0006 1 2 0 0 0 1 0 2 7 38
0006 1 2 4 3 3 1 0 3 7 39
0006 1 2 1 1 1 1 0 4 7 40
0006 1 2 1 1 1 1 1 0 8 41
0006 1 2 2 2 2 1 1 1 8 42
0006 1 2 0 0 0 1 1 2 8 43
0006 1 2 4 3 3 1 1 3 8 44
0006 1 2 7 4 4 1 1 4 8 45
0006 1 0 5 2 4 0 0 0 0 01
0006 1 0 0 0 0 1 0 1 0 02
0006 1 0 6 3 3 1 0 2 0 03
0006 1 0 3 1 1 1 0 3 0 04
0006 1 0 7 4 4 1 0 4 0 05
0006 1 0 7 4 3 0 0 0 1 06
0006 1 0 0 0 0 1 0 1 1 07
0006 1 0 5 2 2 1 0 2 1 08
0006 1 0 6 3 3 1 0 3 1 09
0006 1 0 3 1 2 0 0 4 1 10
0006 1 0 5 2 2 1 0 0 2 11
0006 1 0 6 3 3 1 0 1 2 12
0006 1 0 3 1 1 1 0 2 2 13
0006 1 0 0 0 0 1 0 3 2 14
0006 1 0 7 4 4 1 0 4 2 15
0006 1 0 7 4 3 0 1 0 3 16
0006 1 0 6 3 3 1 1 1 3 17
0006 1 0 0 0 0 1 1 2 3 18
0006 1 0 5 2 3 0 1 3 3 19
0006 1 0 3 1 1 1 1 4 3 20
0006 1 0 0 0 0 1 0 0 4 21
0006 1 0 5 2 2 1 0 1 4 22
0006 1 0 3 1 1 1 0 2 4 23
0006 1 0 7 4 4 1 0 3 4 24
0006 1 0 6 3 3 1 0 4 4 25
0006 1 0 0 0 0 1 1 0 5 26
0006 1 0 6 3 3 1 1 1 5 27
0006 1 0 3 1 1 1 1 2 5 28
0006 1 0 5 2 2 1 1 3 5 29
0006 1 0 7 4 4 1 1 4 5 30
0006 1 3 1 1 9 0 0 0 0 01
0006 1 3 2 2 5 0 0 1 0 02
