0008 0 3 1 1 9 0 0 0 0 01
0008 0 3 2 2 3 0 0 1 0 02
0008 0 3 4 3 0 0 0 2 0 03
0008 0 3 0 0 4 0 0 3 0 04
0008 0 3 7 4 0 0 0 4 0 05
0008 0 3 0 0 2 0 0 0 1 06
0008 0 3 4 3 3 1 0 1 1 07
0008 0 3 1 1 1 1 0 2 1 08
0008 0 3 2 2 2 1 0 3 1 09
0008 0 3 7 4 4 1 0 4 1 10
0008 0 3 1 1 1 1 0 0 2 11
0008 0 3 0 0 0 1 0 1 2 12
0008 0 3 4 3 2 0 0 2 2 13
0008 0 3 7 4 0 0 0 3 2 14
0008 0 3 2 2 4 0 0 4 2 15
0008 0 3 1 1 1 1 0 0 3 16
0008 0 3 7 4 2 0 0 1 3 17
0008 0 3 2 2 2 1 0 2 3 18
0008 0 3 4 3 3 1 0 3 3 19
0008 0 3 0 0 0 1 0 4 3 20
0008 0 3 0 0 4 0 0 0 4 21
0008 0 3 1 1 1 1 0 1 4 22
0008 0 3 4 3 3 1 0 2 4 23
0008 0 3 7 4 2 0 0 3 4 24
0008 0 3 2 2 2 1 0 4 4 25
0008 0 3 1 1 1 1 0 0 5 26
0008 0 3 4 3 3 1 0 1 5 27
0008 0 3 0 0 0 1 0 2 5 28
0008 0 3 2 2 2 1 0 3 5 29
0008 0 3 7 4 4 1 0 4 5 30
0008 0 3 2 2 2 1 1 0 6 31
0008 0 3 0 0 0 1 1 1 6 32
0008 0 3 7 4 4 1 1 2 6 33
0008 0 3 4 3 3 1 1 3 6 34
0008 0 3 1 1 1 1 1 4 6 35
0008 0 2 0 0 2 0 0 0 0 01
0008 0 2 7 4 3 0 0 1 0 02
0008 0 2 1 1 2 0 0 2 0 03
0008 0 2 4 3 2 0 0 3 0 04
0008 0 2 2 2 2 1 0 4 0 05
0008 0 2 0 0 0 1 0 0 1 06
0008 0 2 7 4 4 1 0 1 1 07
0008 0 2 1 1 1 1 0 2 1 08
0008 0 2 4 3 3 1 0 3 1 09
0008 0 2 2 2 2 1 0 4 1 10
0008 0 2 4 3 1 0 1 0 2 11
0008 0 2 0 0 0 1 1 1 2 12
0008 0 2 1 1 2 0 1 2 2 13
0008 0 2 7 4 4 1 1 3 2 14
0008 0 2 2 2 2 1 1 4 2 15
0008 0 2 2 2 2 1 0 0 3 16
0008 0 2 7 4 3 0 0 1 3 17
0008 0 2 4 3 1 0 0 2 3 18
0008 0 2 0 0 0 1 0 3 3 19
0008 0 2 1 1 3 0 0 4 3 20
0008 0 2 1 1 1 1 0 0 4 21
0008 0 2 2 2 4 0 0 1 4 22
0008 0 2 7 4 4 1 0 2 4 23
0008 0 2 4 3 3 1 0 3 4 24
0008 0 2 0 0 0 1 0 4 4 25
0008 0 2 1 1 1 1 0 0 5 26
0008 0 2 2 2 2 1 0 1 5 27
0008 0 2 4 3 3 1 0 2 5 28
0008 0 2 7 4 4 1 0 3 5 29
0008 0 2 0 0 0 1 0 4 5 30
0008 0 2 7 4 4 1 1 0 6 31
0008 0 2 4 3 3 1 1 1 6 32
0008 0 2 1 1 1 1 1 2 6 33
0008 0 2 2 2 2 1 1 3 6 34
0008 0 2 0 0 0 1 1 4 6 35
0008 0 0 0 0 2 0 0 0 0 01
0008 0 0 1 1 1 1 0 1 0 02
0008 0 0 4 3 3 1 0 2 0 03
0008 0 0 2 2 2 1 0 3 0 04
0008 0 0 7 4 4 1 0 4 0 05
0008 0 0 1 1 0 0 0 0 1 06
0008 0 0 7 4 4 1 0 1 1 07
0008 0 0 4 3 3 1 0 2 1 08
0008 0 0 2 2 2 1 0 3 1 09
0008 0 0 0 0 1 0 0 4 1 10
0008 0 0 0 0 0 1 0 0 2 11
0008 0 0 1 1 1 1 0 1 2 12
0008 0 0 4 3 3 1 0 2 2 13
0008 0 0 7 4 4 1 0 3 2 14
0008 0 0 2 2 2 1 0 4 2 15
0008 0 0 2 2 1 0 1 0 3 16
0008 0 0 4 3 3 1 1 1 3 17
0008 0 0 0 0 0 1 1 2 3 18
0008 0 0 7 4 4 1 1 3 3 19
0008 0 0 1 1 1 1 1 4 3 20
0008 0 0 7 4 4 1 0 0 4 21
0008 0 0 4 3 3 1 0 1 4 22
0008 0 0 0 0 0 1 0 2 4 23
0008 0 0 2 2 1 0 0 3 4 24
0008 0 0 1 1 1 1 0 4 4 25
0008 0 0 7 4 4 1 0 0 5 26
0008 0 0 0 0 0 1 0 1 5 27
0008 0 0 1 1 2 0 0 2 5 28
0008 0 0 2 2 2 1 0 3 5 29
0008 0 0 4 3 3 1 0 4 5 30
0008 0 0 2 2 1 0 0 0 6 31
0008 0 0 7 4 4 1 0 1 6 32
0008 0 0 4 3 3 1 0 2 6 33
0008 0 0 0 0 0 1 0 3 6 34
0008 0 0 1 1 1 1 0 4 6 35
0008 0 0 1 1 1 1 0 0 7 36
0008 0 0 2 2 2 1 0 1 7 37
0008 0 0 7 4 4 1 0 2 7 38
0008 0 0 0 0 0 1 0 3 7 39
0008 0 0 4 3 3 1 0 4 7 40
0008 0 0 4 3 2 0 1 0 8 41
0008 0 0 1 1 1 1 1 1 8 42
0008 0 0 7 4 4 1 1 2 8 43
0008 0 0 0 0 0 1 1 3 8 44
0008 0 0 2 2 2 1 1 4 8 45
0008 0 0 2 2 2 1 0 0 9 46
0008 0 0 1 1 1 1 0 1 9 47
0008 0 0 0 0 0 1 0 2 9 48
0008 0 0 4 3 3 1 0 3 9 49
0008 0 0 7 4 4 1 0 4 9 50
0008 0 0 7 4 4 1 1 0 10 51
0008 0 0 0 0 0 1 1 1 10 52
0008 0 0 1 1 1 1 1 2 10 53
0008 0 0 4 3 3 1 1 3 10 54
0008 0 0 2 2 2 1 1 4 10 55
0008 0 1 0 0 2 0 0 0 0 01
0008 0 1 3 1 3 0 0 1 0 02
0008 0 1 6 3 2 0 0 2 0 03
0008 0 1 7 4 4 1 0 3 0 04
0008 0 1 5 2 0 0 0 4 0 05
0008 0 1 0 0 0 1 0 0 1 06
0008 0 1 3 1 2 0 0 1 1 07
0008 0 1 7 4 2 0 0 2 1 08
0008 0 1 6 3 3 1 0 3 1 09
0008 0 1 5 2 2 1 0 4 1 10
0008 0 1 6 3 1 0 0 0 2 11
0008 0 1 3 1 0 0 0 1 2 12
0008 0 1 0 0 4 0 0 2 2 13
0008 0 1 5 2 1 0 0 3 2 14
0008 0 1 7 4 3 0 0 4 2 15
0008 0 1 3 1 2 0 0 0 3 16
0008 0 1 0 0 0 1 0 1 3 17
0008 0 1 6 3 2 0 0 2 3 18
0008 0 1 5 2 1 0 0 3 3 19
0008 0 1 7 4 4 1 0 4 3 20
0008 0 1 7 4 4 1 0 0 4 21
0008 0 1 5 2 3 0 0 1 4 22
0008 0 1 6 3 2 0 0 2 4 23
0008 0 1 0 0 0 1 0 3 4 24
0008 0 1 3 1 1 1 0 4 4 25
0008 0 1 6 3 2 0 0 0 5 26
0008 0 1 7 4 4 1 0 1 5 27
0008 0 1 5 2 1 0 0 2 5 28
0008 0 1 0 0 0 1 0 3 5 29
0008 0 1 3 1 1 1 0 4 5 30
0008 0 1 6 3 2 0 0 0 6 31
0008 0 1 7 4 4 1 0 1 6 32
0008 0 1 0 0 0 1 0 2 6 33
0008 0 1 5 2 1 0 0 3 6 34
0008 0 1 3 1 1 1 0 4 6 35
0008 0 1 6 3 2 0 0 0 7 36
0008 0 1 7 4 4 1 0 1 7 37
0008 0 1 0 0 0 1 0 2 7 38
0008 0 1 3 1 1 1 0 3 7 39
0008 0 1 5 2 2 1 0 4 7 40
0008 0 1 6 3 3 1 0 0 8 41
0008 0 1 3 1 1 1 0 1 8 42
0008 0 1 0 0 0 1 0 2 8 43
0008 0 1 5 2 2 1 0 3 8 44
0008 0 1 7 4 4 1 0 4 8 45
0008 0 1 3 1 1 1 1 0 9 46
0008 0 1 0 0 0 1 1 1 9 47
0008 0 1 5 2 2 1 1 2 9 48
0008 0 1 6 3 3 1 1 3 9 49
0008 0 1 7 4 4 1 1 4 9 50
