0009 1 3 1 1 9 0 0 0 0 01
0009 1 3 2 2 9 0 0 1 0 02
0009 1 3 4 3 9 0 0 2 0 03
0009 1 3 0 0 9 0 0 3 0 04
0009 1 3 7 4 9 0 0 4 0 05
0009 1 3 0 0 0 1 0 0 1 06
0009 1 3 4 3 3 1 0 1 1 07
0009 1 3 1 1 1 1 0 2 1 08
0009 1 3 2 2 2 1 0 3 1 09
0009 1 3 7 4 4 1 0 4 1 10
0009 1 3 1 1 1 1 1 0 2 11
0009 1 3 0 0 0 1 1 1 2 12
0009 1 3 4 3 3 1 1 2 2 13
0009 1 3 7 4 4 1 1 3 2 14
0009 1 3 2 2 2 1 1 4 2 15
0009 1 2 0 0 9 0 0 0 0 01
0009 1 2 6 3 9 0 0 1 0 02
0009 1 2 5 2 9 0 0 2 0 03
0009 1 2 7 4 9 0 0 3 0 04
0009 1 2 3 1 9 0 0 4 0 05
0009 1 2 0 0 0 1 0 0 1 06
0009 1 2 6 3 3 1 0 1 1 07
0009 1 2 5 2 2 1 0 2 1 08
0009 1 2 7 4 4 1 0 3 1 09
0009 1 2 3 1 1 1 0 4 1 10
0009 1 2 7 4 4 1 1 0 2 11
0009 1 2 0 0 0 1 1 1 2 12
0009 1 2 5 2 2 1 1 2 2 13
0009 1 2 6 3 3 1 1 3 2 14
0009 1 2 3 1 1 1 1 4 2 15
0009 1 0 3 1 9 0 0 0 0 01
0009 1 0 5 2 9 0 0 1 0 02
0009 1 0 0 0 9 0 0 2 0 03
0009 1 0 6 3 9 0 0 3 0 04
0009 1 0 7 4 9 0 0 4 0 05
0009 1 0 5 2 1 0 0 0 1 06
0009 1 0 7 4 3 0 0 1 1 07
0009 1 0 0 0 0 1 0 2 1 08
0009 1 0 6 3 3 1 0 3 1 09
0009 1 0 3 1 1 1 0 4 1 10
0009 1 0 3 1 1 1 0 0 2 11
0009 1 0 5 2 2 1 0 1 2 12
0009 1 0 0 0 0 1 0 2 2 13
0009 1 0 7 4 4 1 0 3 2 14
0009 1 0 6 3 3 1 0 4 2 15
0009 1 0 6 3 3 1 1 0 3 16
0009 1 0 0 0 0 1 1 1 3 17
0009 1 0 3 1 1 1 1 2 3 18
0009 1 0 7 4 4 1 1 3 3 19
0009 1 0 5 2 2 1 1 4 3 20
0009 1 1 0 0 9 0 0 0 0 01
0009 1 1 3 1 9 0 0 1 0 02
0009 1 1 7 4 9 0 0 2 0 03
0009 1 1 6 3 9 0 0 3 0 04
0009 1 1 5 2 9 0 0 4 0 05
0009 1 1 5 2 3 0 0 0 1 06
0009 1 1 3 1 1 1 0 1 1 07
0009 1 1 7 4 4 1 0 2 1 08
0009 1 1 6 3 3 1 0 3 1 09
0009 1 1 0 0 0 1 0 4 1 10
0009 1 1 6 3 3 1 0 0 2 11
0009 1 1 3 1 1 1 0 1 2 12
0009 1 1 5 2 2 1 0 2 2 13
0009 1 1 0 0 0 1 0 3 2 14
0009 1 1 7 4 4 1 0 4 2 15
0009 1 1 5 2 3 0 1 0 3 16
0009 1 1 3 1 1 1 1 1 3 17
0009 1 1 7 4 4 1 1 2 3 18
0009 1 1 6 3 3 1 1 3 3 19
0009 1 1 0 0 0 1 1 4 3 20
0009 1 1 0 0 0 1 0 0 4 21
0009 1 1 5 2 2 1 0 1 4 22
0009 1 1 3 1 1 1 0 2 4 23
0009 1 1 7 4 4 1 0 3 4 24
0009 1 1 6 3 3 1 0 4 4 25
0009 1 1 6 3 3 1 1 0 5 26
0009 1 1 7 4 4 1 1 1 5 27
0009 1 1 5 2 2 1 1 2 5 28
0009 1 1 0 0 0 1 1 3 5 29
0009 1 1 3 1 1 1 1 4 5 30
