0010 0 3 1 1 9 0 0 0 0 01
0010 0 3 2 2 2 1 0 1 0 02
0010 0 3 4 3 4 0 0 2 0 03
0010 0 3 0 0 1 0 0 3 0 04
0010 0 3 7 4 1 0 0 4 0 05
0010 0 3 0 0 0 1 0 0 1 06
0010 0 3 4 3 3 1 0 1 1 07
0010 0 3 1 1 1 1 0 2 1 08
0010 0 3 2 2 0 0 0 3 1 09
0010 0 3 7 4 4 1 0 4 1 10
0010 0 3 1 1 1 1 0 0 2 11
0010 0 3 0 0 0 1 0 1 2 12
0010 0 3 4 3 3 1 0 2 2 13
0010 0 3 7 4 2 0 0 3 2 14
0010 0 3 2 2 0 0 0 4 2 15
0010 0 3 1 1 1 1 0 0 3 16
0010 0 3 7 4 4 1 0 1 3 17
0010 0 3 2 2 2 1 0 2 3 18
0010 0 3 4 3 3 1 0 3 3 19
0010 0 3 0 0 0 1 0 4 3 20
0010 0 3 0 0 0 1 1 0 4 21
0010 0 3 1 1 1 1 1 1 4 22
0010 0 3 4 3 3 1 1 2 4 23
0010 0 3 7 4 4 1 1 3 4 24
0010 0 3 2 2 2 1 1 4 4 25
0010 0 2 3 1 0 0 0 0 0 01
0010 0 2 6 3 9 0 0 1 0 02
0010 0 2 5 2 9 0 0 2 0 03
0010 0 2 7 4 9 0 0 3 0 04
0010 0 2 0 0 9 0 0 4 0 05
0010 0 2 3 1 1 1 0 0 1 06
0010 0 2 6 3 3 1 0 1 1 07
0010 0 2 5 2 2 1 0 2 1 08
0010 0 2 7 4 4 1 0 3 1 09
0010 0 2 0 0 0 1 0 4 1 10
0010 0 2 7 4 4 1 1 0 2 11
0010 0 2 3 1 1 1 1 1 2 12
0010 0 2 5 2 2 1 1 2 2 13
0010 0 2 6 3 3 1 1 3 2 14
0010 0 2 0 0 0 1 1 4 2 15
0010 0 0 0 0 9 0 0 0 0 01
0010 0 0 2 2 9 0 0 1 0 02
0010 0 0 1 1 9 0 0 2 0 03
0010 0 0 4 3 9 0 0 3 0 04
0010 0 0 7 4 9 0 0 4 0 05
0010 0 0 2 2 1 0 0 0 1 06
0010 0 0 7 4 4 1 0 1 1 07
0010 0 0 1 1 1 1 0 2 1 08
0010 0 0 4 3 2 0 0 3 1 09
0010 0 0 0 0 0 1 0 4 1 10
0010 0 0 0 0 0 1 0 0 2 11
0010 0 0 2 2 1 0 0 1 2 12
0010 0 0 1 1 1 1 0 2 2 13
0010 0 0 7 4 4 1 0 3 2 14
0010 0 0 4 3 3 1 0 4 2 15
0010 0 0 4 3 3 1 0 0 3 16
0010 0 0 1 1 2 0 0 1 3 17
0010 0 0 0 0 0 1 0 2 3 18
0010 0 0 7 4 4 1 0 3 3 19
0010 0 0 2 2 2 1 0 4 3 20
0010 0 0 7 4 4 1 0 0 4 21
0010 0 0 1 1 2 0 0 1 4 22
0010 0 0 0 0 0 1 0 2 4 23
0010 0 0 4 3 3 1 0 3 4 24
0010 0 0 2 2 2 1 0 4 4 25
0010 0 0 7 4 4 1 0 0 5 26
0010 0 0 0 0 0 1 0 1 5 27
0010 0 0 2 2 2 1 0 2 5 28
0010 0 0 4 3 3 1 0 3 5 29
0010 0 0 1 1 1 1 0 4 5 30
0010 0 0 4 3 3 1 1 0 6 31
0010 0 0 7 4 4 1 1 1 6 32
0010 0 0 1 1 1 1 1 2 6 33
0010 0 0 0 0 0 1 1 3 6 34
0010 0 0 2 2 2 1 1 4 6 35
0010 0 1 7 4 9 0 0 0 0 01
0010 0 1 3 1 9 0 0 1 0 02
0010 0 1 0 0 9 0 0 2 0 03
0010 0 1 6 3 9 0 0 3 0 04
0010 0 1 5 2 9 0 0 4 0 05
0010 0 1 5 2 2 1 0 0 1 06
0010 0 1 3 1 3 0 0 1 1 07
0010 0 1 0 0 0 1 0 2 1 08
0010 0 1 6 3 4 0 0 3 1 09
0010 0 1 7 4 4 1 0 4 1 10
0010 0 1 0 0 0 1 0 0 2 11
0010 0 1 5 2 2 1 0 1 2 12
0010 0 1 7 4 0 0 0 2 2 13
0010 0 1 3 1 1 1 0 3 2 14
0010 0 1 6 3 3 1 0 4 2 15
0010 0 1 0 0 0 1 0 0 3 16
0010 0 1 3 1 3 0 0 1 3 17
0010 0 1 5 2 3 0 0 2 3 18
0010 0 1 6 3 3 1 0 3 3 19
0010 0 1 7 4 4 1 0 4 3 20
0010 0 1 7 4 4 1 0 0 4 21
0010 0 1 6 3 3 1 0 1 4 22
0010 0 1 5 2 2 1 0 2 4 23
0010 0 1 0 0 0 1 0 3 4 24
0010 0 1 3 1 1 1 0 4 4 25
0010 0 1 7 4 4 1 1 0 5 26
0010 0 1 0 0 0 1 1 1 5 27
0010 0 1 3 1 1 1 1 2 5 28
0010 0 1 6 3 3 1 1 3 5 29
0010 0 1 5 2 2 1 1 4 5 30
