0012 0 3 7 4 4 1 0 0 0 01
0012 0 3 1 1 2 0 0 1 0 02
0012 0 3 4 3 2 0 0 2 0 03
0012 0 3 2 2 0 0 0 3 0 04
0012 0 3 0 0 0 1 0 4 0 05
0012 0 3 7 4 4 1 0 0 1 06
0012 0 3 1 1 2 0 0 1 1 07
0012 0 3 4 3 3 1 0 2 1 08
0012 0 3 0 0 0 1 0 3 1 09
0012 0 3 2 2 2 1 0 4 1 10
0012 0 3 7 4 4 1 0 0 2 11
0012 0 3 0 0 0 1 0 1 2 12
0012 0 3 4 3 3 1 0 2 2 13
0012 0 3 1 1 1 1 0 3 2 14
0012 0 3 2 2 2 1 0 4 2 15
0012 0 3 7 4 4 1 1 0 3 16
0012 0 3 1 1 1 1 1 1 3 17
0012 0 3 2 2 2 1 1 2 3 18
0012 0 3 4 3 3 1 1 3 3 19
0012 0 3 0 0 0 1 1 4 3 20
0012 0 0 1 1 4 0 0 0 0 01
0012 0 0 2 2 1 0 0 1 0 02
0012 0 0 4 3 0 0 0 2 0 03
0012 0 0 7 4 0 0 0 3 0 04
0012 0 0 0 0 0 1 0 4 0 05
0012 0 0 7 4 4 1 0 0 1 06
0012 0 0 4 3 1 0 0 1 1 07
0012 0 0 1 1 1 1 0 2 1 08
0012 0 0 2 2 1 0 0 3 1 09
0012 0 0 0 0 0 1 0 4 1 10
0012 0 0 1 1 0 0 0 0 2 11
0012 0 0 7 4 4 1 0 1 2 12
0012 0 0 4 3 3 1 0 2 2 13
0012 0 0 0 0 1 0 0 3 2 14
0012 0 0 2 2 1 0 0 4 2 15
0012 0 0 1 1 1 1 0 0 3 16
0012 0 0 0 0 0 1 0 1 3 17
0012 0 0 2 2 2 1 0 2 3 18
0012 0 0 4 3 3 1 0 3 3 19
0012 0 0 7 4 4 1 0 4 3 20
0012 0 0 7 4 4 1 1 0 4 21
0012 0 0 1 1 1 1 1 1 4 22
0012 0 0 4 3 3 1 1 2 4 23
0012 0 0 0 0 1 0 1 3 4 24
0012 0 0 2 2 1 0 1 4 4 25
0012 0 0 1 1 1 1 0 0 5 26
0012 0 0 4 3 3 1 0 1 5 27
0012 0 0 7 4 4 1 0 2 5 28
0012 0 0 2 2 2 1 0 3 5 29
0012 0 0 0 0 1 0 0 4 5 30
0012 0 0 2 2 1 0 0 0 6 31
0012 0 0 7 4 4 1 0 1 6 32
0012 0 0 0 0 0 1 0 2 6 33
0012 0 0 4 3 3 1 0 3 6 34
0012 0 0 1 1 1 1 0 4 6 35
0012 0 0 1 1 2 0 0 0 7 36
0012 0 0 4 3 3 1 0 1 7 37
0012 0 0 2 2 2 1 0 2 7 38
0012 0 0 0 0 1 0 0 3 7 39
0012 0 0 7 4 4 1 0 4 7 40
0012 0 0 1 1 1 1 0 0 8 41
0012 0 0 0 0 0 1 0 1 8 42
0012 0 0 2 2 2 1 0 2 8 43
0012 0 0 4 3 3 1 0 3 8 44
0012 0 0 7 4 4 1 0 4 8 45
0012 0 0 2 2 2 1 1 0 9 46
0012 0 0 0 0 0 1 1 1 9 47
0012 0 0 7 4 4 1 1 2 9 48
0012 0 0 4 3 3 1 1 3 9 49
0012 0 0 1 1 1 1 1 4 9 50
0012 0 1 0 0 3 0 0 0 0 01
0012 0 1 7 4 1 0 0 1 0 02
0012 0 1 3 1 3 0 0 2 0 03
0012 0 1 6 3 3 1 0 3 0 04
0012 0 1 5 2 2 1 0 4 0 05
0012 0 1 7 4 4 1 0 0 1 06
0012 0 1 5 2 3 0 0 1 1 07
0012 0 1 0 0 0 1 0 2 1 08
0012 0 1 3 1 1 1 0 3 1 09
0012 0 1 6 3 3 1 0 4 1 10
0012 0 1 7 4 0 0 0 0 2 11
0012 0 1 5 2 3 0 0 1 2 12
0012 0 1 6 3 1 0 0 2 2 13
0012 0 1 3 1 1 1 0 3 2 14
0012 0 1 0 0 0 1 0 4 2 15
0012 0 1 0 0 0 1 0 0 3 16
0012 0 1 6 3 4 0 0 1 3 17
0012 0 1 7 4 4 1 0 2 3 18
0012 0 1 3 1 1 1 0 3 3 19
0012 0 1 5 2 2 1 0 4 3 20
0012 0 1 7 4 4 1 0 0 4 21
0012 0 1 5 2 1 0 0 1 4 22
0012 0 1 3 1 1 1 0 2 4 23
0012 0 1 6 3 2 0 0 3 4 24
0012 0 1 0 0 0 1 0 4 4 25
0012 0 1 7 4 4 1 0 0 5 26
0012 0 1 0 0 0 1 0 1 5 27
0012 0 1 6 3 3 1 0 2 5 28
0012 0 1 3 1 1 1 0 3 5 29
0012 0 1 5 2 2 1 0 4 5 30
0012 0 1 7 4 4 1 1 0 6 31
0012 0 1 3 1 1 1 1 1 6 32
0012 0 1 5 2 2 1 1 2 6 33
0012 0 1 0 0 0 1 1 3 6 34
0012 0 1 6 3 3 1 1 4 6 35
0012 0 2 4 3 4 0 0 0 0 01
0012 0 2 2 2 2 1 0 1 0 02
0012 0 2 1 1 4 0 0 2 0 03
0012 0 2 0 0 0 1 0 3 0 04
0012 0 2 7 4 4 1 0 4 0 05
0012 0 2 2 2 2 1 0 0 1 06
0012 0 2 7 4 1 0 0 1 1 07
0012 0 2 1 1 1 1 0 2 1 08
0012 0 2 0 0 0 1 0 3 1 09
0012 0 2 4 3 3 1 0 4 1 10
0012 0 2 4 3 3 1 0 0 2 11
0012 0 2 2 2 2 1 0 1 2 12
0012 0 2 1 1 1 1 0 2 2 13
0012 0 2 7 4 4 1 0 3 2 14
0012 0 2 0 0 0 1 0 4 2 15
0012 0 2 0 0 0 1 1 0 3 16
0012 0 2 1 1 1 1 1 1 3 17
0012 0 2 4 3 3 1 1 2 3 18
0012 0 2 7 4 4 1 1 3 3 19
0012 0 2 2 2 2 1 1 4 3 20
