0012 1 3 7 4 4 1 0 0 0 01
0012 1 3 1 1 1 1 0 1 0 02
0012 1 3 4 3 3 1 0 2 0 03
0012 1 3 2 2 0 0 0 3 0 04
0012 1 3 0 0 0 1 0 4 0 05
0012 1 3 7 4 4 1 0 0 1 06
0012 1 3 1 1 1 1 0 1 1 07
0012 1 3 4 3 3 1 0 2 1 08
0012 1 3 0 0 2 0 0 3 1 09
0012 1 3 2 2 0 0 0 4 1 10
0012 1 3 7 4 4 1 0 0 2 11
0012 1 3 0 0 0 1 0 1 2 12
0012 1 3 4 3 3 1 0 2 2 13
0012 1 3 1 1 1 1 0 3 2 14
0012 1 3 2 2 2 1 0 4 2 15
0012 1 3 7 4 4 1 1 0 3 16
0012 1 3 1 1 1 1 1 1 3 17
0012 1 3 2 2 2 1 1 2 3 18
0012 1 3 4 3 3 1 1 3 3 19
0012 1 3 0 0 0 1 1 4 3 20
0012 1 0 1 1 1 1 0 0 0 01
0012 1 0 2 2 2 1 0 1 0 02
0012 1 0 4 3 3 1 0 2 0 03
0012 1 0 7 4 4 1 0 3 0 04
0012 1 0 0 0 0 1 0 4 0 05
0012 1 0 7 4 4 1 1 0 1 06
0012 1 0 4 3 3 1 1 1 1 07
0012 1 0 1 1 1 1 1 2 1 08
0012 1 0 2 2 2 1 1 3 1 09
0012 1 0 0 0 0 1 1 4 1 10
0012 1 1 4 3 1 0 0 0 0 01
0012 1 1 1 1 1 1 0 1 0 02
0012 1 1 0 0 0 1 0 2 0 03
0012 1 1 2 2 2 1 0 3 0 04
0012 1 1 7 4 4 1 0 4 0 05
0012 1 1 0 0 0 1 0 0 1 06
0012 1 1 2 2 2 1 0 1 1 07
0012 1 1 4 3 3 1 0 2 1 08
0012 1 1 1 1 1 1 0 3 1 09
0012 1 1 7 4 4 1 0 4 1 10
0012 1 1 0 0 0 1 1 0 2 11
0012 1 1 7 4 4 1 1 1 2 12
0012 1 1 4 3 3 1 1 2 2 13
0012 1 1 1 1 1 1 1 3 2 14
0012 1 1 2 2 2 1 1 4 2 15
0012 1 2 5 2 4 0 0 0 0 01
0012 1 2 6 3 1 0 0 1 0 02
0012 1 2 7 4 4 1 0 2 0 03
0012 1 2 3 1 0 0 0 3 0 04
0012 1 2 0 0 0 1 0 4 0 05
0012 1 2 6 3 3 1 0 0 1 06
0012 1 2 0 0 0 1 0 1 1 07
0012 1 2 7 4 1 0 0 2 1 08
0012 1 2 3 1 0 0 0 3 1 09
0012 1 2 5 2 2 1 0 4 1 10
0012 1 2 5 2 2 1 0 0 2 11
0012 1 2 6 3 3 1 0 1 2 12
0012 1 2 7 4 4 1 0 2 2 13
0012 1 2 0 0 0 1 0 3 2 14
0012 1 2 3 1 1 1 0 4 2 15
0012 1 2 3 1 1 1 1 0 3 16
0012 1 2 7 4 4 1 1 1 3 17
0012 1 2 5 2 2 1 1 2 3 18
0012 1 2 0 0 0 1 1 3 3 19
0012 1 2 6 3 3 1 1 4 3 20
