0013 0 3 7 4 9 0 0 0 0 01
0013 0 3 1 1 2 0 0 1 0 02
0013 0 3 4 3 0 0 0 2 0 03
0013 0 3 2 2 9 0 0 3 0 04
0013 0 3 0 0 0 1 0 4 0 05
0013 0 3 7 4 4 1 0 0 1 06
0013 0 3 1 1 2 0 0 1 1 07
0013 0 3 4 3 2 0 0 2 1 08
0013 0 3 0 0 0 1 0 3 1 09
0013 0 3 2 2 3 0 0 4 1 10
0013 0 3 7 4 4 1 0 0 2 11
0013 0 3 0 0 0 1 0 1 2 12
0013 0 3 4 3 2 0 0 2 2 13
0013 0 3 1 1 2 0 0 3 2 14
0013 0 3 2 2 2 1 0 4 2 15
0013 0 3 7 4 4 1 0 0 3 16
0013 0 3 1 1 2 0 0 1 3 17
0013 0 3 2 2 2 1 0 2 3 18
0013 0 3 4 3 1 0 0 3 3 19
0013 0 3 0 0 0 1 0 4 3 20
0013 0 3 2 2 3 0 0 0 4 21
0013 0 3 0 0 0 1 0 1 4 22
0013 0 3 4 3 3 1 0 2 4 23
0013 0 3 7 4 4 1 0 3 4 24
0013 0 3 1 1 1 1 0 4 4 25
0013 0 3 7 4 4 1 0 0 5 26
0013 0 3 2 2 2 1 0 1 5 27
0013 0 3 4 3 1 0 0 2 5 28
0013 0 3 1 1 1 1 0 3 5 29
0013 0 3 0 0 4 0 0 4 5 30
0013 0 3 0 0 0 1 0 0 6 31
0013 0 3 7 4 4 1 0 1 6 32
0013 0 3 4 3 3 1 0 2 6 33
0013 0 3 1 1 1 1 0 3 6 34
0013 0 3 2 2 2 1 0 4 6 35
0013 0 3 7 4 4 1 1 0 7 36
0013 0 3 4 3 3 1 1 1 7 37
0013 0 3 2 2 2 1 1 2 7 38
0013 0 3 0 0 0 1 1 3 7 39
0013 0 3 1 1 1 1 1 4 7 40
0013 0 0 6 3 4 0 0 0 0 01
0013 0 0 5 2 2 1 0 1 0 02
0013 0 0 0 0 9 0 0 2 0 03
0013 0 0 7 4 4 1 0 3 0 04
0013 0 0 3 1 1 1 0 4 0 05
0013 0 0 7 4 4 1 0 0 1 06
0013 0 0 0 0 0 1 0 1 1 07
0013 0 0 6 3 2 0 0 2 1 08
0013 0 0 5 2 2 1 0 3 1 09
0013 0 0 3 1 1 1 0 4 1 10
0013 0 0 6 3 3 1 0 0 2 11
0013 0 0 7 4 4 1 0 1 2 12
0013 0 0 0 0 0 1 0 2 2 13
0013 0 0 3 1 2 0 0 3 2 14
0013 0 0 5 2 2 1 0 4 2 15
0013 0 0 6 3 3 1 0 0 3 16
0013 0 0 3 1 1 1 0 1 3 17
0013 0 0 5 2 2 1 0 2 3 18
0013 0 0 0 0 0 1 0 3 3 19
0013 0 0 7 4 4 1 0 4 3 20
0013 0 0 7 4 4 1 1 0 4 21
0013 0 0 6 3 3 1 1 1 4 22
0013 0 0 0 0 0 1 1 2 4 23
0013 0 0 3 1 1 1 1 3 4 24
0013 0 0 5 2 2 1 1 4 4 25
0013 0 1 4 3 0 0 0 0 0 01
0013 0 1 0 0 0 1 0 1 0 02
0013 0 1 2 2 2 1 0 2 0 03
0013 0 1 1 1 1 1 0 3 0 04
0013 0 1 7 4 4 1 0 4 0 05
0013 0 1 2 2 0 0 0 0 1 06
0013 0 1 1 1 3 0 0 1 1 07
0013 0 1 4 3 3 1 0 2 1 08
0013 0 1 0 0 0 1 0 3 1 09
0013 0 1 7 4 4 1 0 4 1 10
0013 0 1 4 3 1 0 0 0 2 11
0013 0 1 0 0 9 0 0 1 2 12
0013 0 1 2 2 9 0 0 2 2 13
0013 0 1 7 4 4 1 0 3 2 14
0013 0 1 1 1 0 0 0 4 2 15
0013 0 1 1 1 9 0 0 0 3 16
0013 0 1 2 2 1 0 0 1 3 17
0013 0 1 4 3 3 1 0 2 3 18
0013 0 1 7 4 4 1 0 3 3 19
0013 0 1 0 0 0 1 0 4 3 20
0013 0 1 1 1 2 0 0 0 4 21
0013 0 1 7 4 4 1 0 1 4 22
0013 0 1 2 2 2 1 0 2 4 23
0013 0 1 4 3 1 0 0 3 4 24
0013 0 1 0 0 0 1 0 4 4 25
0013 0 1 1 1 2 0 0 0 5 26
0013 0 1 0 0 0 1 0 1 5 27
0013 0 1 2 2 2 1 0 2 5 28
0013 0 1 7 4 4 1 0 3 5 29
0013 0 1 4 3 2 0 0 4 5 30
0013 0 1 7 4 4 1 0 0 6 31
0013 0 1 1 1 0 0 0 1 6 32
0013 0 1 2 2 2 1 0 2 6 33
0013 0 1 4 3 3 1 0 3 6 34
0013 0 1 0 0 0 1 0 4 6 35
0013 0 1 0 0 1 0 0 0 7 36
0013 0 1 4 3 3 1 0 1 7 37
0013 0 1 2 2 2 1 0 2 7 38
0013 0 1 7 4 0 0 0 3 7 39
0013 0 1 1 1 0 0 0 4 7 40
0013 0 1 1 1 2 0 0 0 8 41
0013 0 1 7 4 4 1 0 1 8 42
0013 0 1 4 3 3 1 0 2 8 43
0013 0 1 0 0 0 1 0 3 8 44
0013 0 1 2 2 2 1 0 4 8 45
0013 0 1 4 3 3 1 0 0 9 46
0013 0 1 2 2 1 0 0 1 9 47
0013 0 1 0 0 9 0 0 2 9 48
0013 0 1 1 1 3 0 0 3 9 49
0013 0 1 7 4 4 1 0 4 9 50
0013 0 1 2 2 1 0 0 0 10 51
0013 0 1 4 3 3 1 0 1 10 52
0013 0 1 0 0 0 1 0 2 10 53
0013 0 1 7 4 4 1 0 3 10 54
0013 0 1 1 1 1 1 0 4 10 55
0013 0 1 1 1 1 1 0 0 11 56
0013 0 1 2 2 2 1 0 1 11 57
0013 0 1 0 0 0 1 0 2 11 58
0013 0 1 7 4 4 1 0 3 11 59
0013 0 1 4 3 1 0 0 4 11 60
0013 0 1 4 3 2 0 0 0 12 61
0013 0 1 1 1 0 0 0 1 12 62
0013 0 1 2 2 1 0 0 2 12 63
0013 0 1 0 0 0 1 0 3 12 64
0013 0 1 7 4 3 0 0 4 12 65
0013 0 1 0 0 0 1 0 0 13 66
0013 0 1 4 3 2 0 0 1 13 67
0013 0 1 1 1 1 1 0 2 13 68
0013 0 1 7 4 0 0 0 3 13 69
0013 0 1 2 2 2 1 0 4 13 70
0013 0 1 7 4 4 1 0 0 14 71
0013 0 1 4 3 3 1 0 1 14 72
0013 0 1 1 1 1 1 0 2 14 73
0013 0 1 2 2 1 0 0 3 14 74
0013 0 1 0 0 0 1 0 4 14 75
0013 0 1 2 2 2 1 0 0 15 76
0013 0 1 0 0 0 1 0 1 15 77
0013 0 1 4 3 3 1 0 2 15 78
0013 0 1 7 4 4 1 0 3 15 79
0013 0 1 1 1 1 1 0 4 15 80
0013 0 1 1 1 2 0 1 0 16 81
0013 0 1 0 0 0 1 1 1 16 82
0013 0 1 7 4 4 1 1 2 16 83
0013 0 1 4 3 2 0 1 3 16 84
0013 0 1 2 2 1 0 1 4 16 85
0013 0 1 7 4 4 1 0 0 17 86
0013 0 1 4 3 3 1 0 1 17 87
0013 0 1 1 1 1 1 0 2 17 88
0013 0 1 2 2 2 1 0 3 17 89
0013 0 1 0 0 0 1 0 4 17 90
0013 0 1 2 2 2 1 1 0 18 91
0013 0 1 7 4 1 0 1 1 18 92
0013 0 1 1 1 0 0 1 2 18 93
0013 0 1 0 0 0 1 1 3 18 94
0013 0 1 4 3 3 1 1 4 18 95
0013 0 1 0 0 0 1 0 0 19 96
0013 0 1 2 2 3 0 0 1 19 97
0013 0 1 1 1 1 1 0 2 19 98
0013 0 1 4 3 3 1 0 3 19 99
0013 0 1 7 4 0 0 0 4 19 100
0013 0 1 2 2 1 0 0 0 20 101
0013 0 1 1 1 1 1 0 1 20 102
0013 0 1 7 4 4 1 0 2 20 103
0013 0 1 0 0 1 0 0 3 20 104
0013 0 1 4 3 3 1 0 4 20 105
0013 0 1 1 1 1 1 0 0 21 106
0013 0 1 2 2 2 1 0 1 21 107
0013 0 1 0 0 0 1 0 2 21 108
0013 0 1 7 4 4 1 0 3 21 109
0013 0 1 4 3 3 1 0 4 21 110
0013 0 1 1 1 1 1 1 0 22 111
0013 0 1 0 0 0 1 1 1 22 112
0013 0 1 4 3 2 0 1 2 22 113
0013 0 1 7 4 4 1 1 3 22 114
0013 0 1 2 2 1 0 1 4 22 115
0013 0 1 1 1 1 1 0 0 23 116
0013 0 1 7 4 4 1 0 1 23 117
0013 0 1 2 2 1 0 0 2 23 118
0013 0 1 0 0 0 1 0 3 23 119
0013 0 1 4 3 3 1 0 4 23 120
0013 0 1 1 1 1 1 0 0 24 121
0013 0 1 7 4 4 1 0 1 24 122
0013 0 1 4 3 2 0 0 2 24 123
0013 0 1 2 2 1 0 0 3 24 124
0013 0 1 0 0 0 1 0 4 24 125
0013 0 1 4 3 1 0 0 0 25 126
0013 0 1 7 4 4 1 0 1 25 127
0013 0 1 2 2 2 1 0 2 25 128
0013 0 1 0 0 1 0 0 3 25 129
0013 0 1 1 1 1 1 0 4 25 130
0013 0 1 4 3 3 1 0 0 26 131
0013 0 1 0 0 0 1 0 1 26 132
0013 0 1 7 4 4 1 0 2 26 133
0013 0 1 1 1 1 1 0 3 26 134
0013 0 1 2 2 2 1 0 4 26 135
0013 0 1 0 0 0 1 1 0 27 136
0013 0 1 2 2 2 1 1 1 27 137
0013 0 1 4 3 3 1 1 2 27 138
0013 0 1 7 4 4 1 1 3 27 139
0013 0 1 1 1 0 0 1 4 27 140
0013 0 1 7 4 4 1 0 0 28 141
0013 0 1 4 3 2 0 0 1 28 142
0013 0 1 2 2 1 0 0 2 28 143
0013 0 1 0 0 0 1 0 3 28 144
0013 0 1 1 1 2 0 0 4 28 145
0013 0 1 4 3 3 1 0 0 29 146
0013 0 1 1 1 1 1 0 1 29 147
0013 0 1 7 4 4 1 0 2 29 148
0013 0 1 2 2 2 1 0 3 29 149
0013 0 1 0 0 0 1 0 4 29 150
0013 0 1 4 3 3 1 1 0 30 151
0013 0 1 2 2 2 1 1 1 30 152
0013 0 1 1 1 1 1 1 2 30 153
0013 0 1 7 4 4 1 1 3 30 154
0013 0 1 0 0 1 0 1 4 30 155
0013 0 1 0 0 0 1 0 0 31 156
0013 0 1 7 4 4 1 0 1 31 157
0013 0 1 1 1 1 1 0 2 31 158
0013 0 1 4 3 3 1 0 3 31 159
0013 0 1 2 2 2 1 0 4 31 160
0013 0 1 1 1 1 1 1 0 32 161
0013 0 1 4 3 3 1 1 1 32 162
0013 0 1 0 0 1 0 1 2 32 163
0013 0 1 2 2 2 1 1 3 32 164
0013 0 1 7 4 1 0 1 4 32 165
0013 0 1 1 1 1 1 0 0 33 166
0013 0 1 4 3 3 1 0 1 33 167
0013 0 1 7 4 4 1 0 2 33 168
0013 0 1 0 0 1 0 0 3 33 169
0013 0 1 2 2 1 0 0 4 33 170
0013 0 1 7 4 4 1 0 0 34 171
0013 0 1 4 3 3 1 0 1 34 172
0013 0 1 2 2 2 1 0 2 34 173
0013 0 1 0 0 1 0 0 3 34 174
0013 0 1 1 1 1 1 0 4 34 175
0013 0 1 7 4 4 1 0 0 35 176
0013 0 1 0 0 0 1 0 1 35 177
0013 0 1 2 2 2 1 0 2 35 178
0013 0 1 4 3 3 1 0 3 35 179
0013 0 1 1 1 1 1 0 4 35 180
0013 0 1 2 2 1 0 1 0 36 181
0013 0 1 4 3 3 1 1 1 36 182
0013 0 1 1 1 2 0 1 2 36 183
0013 0 1 7 4 4 1 1 3 36 184
0013 0 1 0 0 0 1 1 4 36 185
0013 0 1 4 3 2 0 0 0 37 186
0013 0 1 7 4 4 1 0 1 37 187
0013 0 1 0 0 0 1 0 2 37 188
0013 0 1 2 2 2 1 0 3 37 189
0013 0 1 1 1 1 1 0 4 37 190
0013 0 1 0 0 0 1 0 0 38 191
0013 0 1 7 4 4 1 0 1 38 192
0013 0 1 1 1 1 1 0 2 38 193
0013 0 1 2 2 2 1 0 3 38 194
0013 0 1 4 3 3 1 0 4 38 195
0013 0 1 2 2 1 0 1 0 39 196
0013 0 1 0 0 0 1 1 1 39 197
0013 0 1 4 3 2 0 1 2 39 198
0013 0 1 1 1 1 1 1 3 39 199
0013 0 1 7 4 4 1 1 4 39 200
0013 0 1 2 2 2 1 0 0 40 201
0013 0 1 7 4 4 1 0 1 40 202
0013 0 1 4 3 2 0 0 2 40 203
0013 0 1 0 0 0 1 0 3 40 204
0013 0 1 1 1 2 0 0 4 40 205
0013 0 1 0 0 0 1 0 0 41 206
0013 0 1 7 4 4 1 0 1 41 207
0013 0 1 4 3 3 1 0 2 41 208
0013 0 1 1 1 1 1 0 3 41 209
0013 0 1 2 2 2 1 0 4 41 210
0013 0 1 7 4 4 1 1 0 42 211
0013 0 1 0 0 0 1 1 1 42 212
0013 0 1 4 3 2 0 1 2 42 213
0013 0 1 1 1 1 1 1 3 42 214
0013 0 1 2 2 2 1 1 4 42 215
0013 0 1 2 2 2 1 0 0 43 216
0013 0 1 4 3 3 1 0 1 43 217
0013 0 1 7 4 4 1 0 2 43 218
0013 0 1 0 0 0 1 0 3 43 219
0013 0 1 1 1 1 1 0 4 43 220
0013 0 1 2 2 2 1 1 0 44 221
0013 0 1 7 4 4 1 1 1 44 222
0013 0 1 1 1 1 1 1 2 44 223
0013 0 1 0 0 0 1 1 3 44 224
0013 0 1 4 3 3 1 1 4 44 225
0013 0 2 4 3 0 0 0 0 0 01
0013 0 2 1 1 1 1 0 1 0 02
0013 0 2 7 4 0 0 0 2 0 03
0013 0 2 0 0 1 0 0 3 0 04
0013 0 2 2 2 0 0 0 4 0 05
0013 0 2 1 1 3 0 0 0 1 06
0013 0 2 2 2 2 1 0 1 1 07
0013 0 2 7 4 1 0 0 2 1 08
0013 0 2 0 0 0 1 0 3 1 09
0013 0 2 4 3 3 1 0 4 1 10
0013 0 2 4 3 3 1 0 0 2 11
0013 0 2 1 1 2 0 0 1 2 12
0013 0 2 7 4 4 1 0 2 2 13
0013 0 2 2 2 0 0 0 3 2 14
0013 0 2 0 0 0 1 0 4 2 15
0013 0 2 0 0 0 1 0 0 3 16
0013 0 2 7 4 2 0 0 1 3 17
0013 0 2 4 3 3 1 0 2 3 18
0013 0 2 2 2 2 1 0 3 3 19
0013 0 2 1 1 1 1 0 4 3 20
0013 0 2 2 2 3 0 0 0 4 21
0013 0 2 7 4 3 0 0 1 4 22
0013 0 2 4 3 3 1 0 2 4 23
0013 0 2 0 0 0 1 0 3 4 24
0013 0 2 1 1 2 0 0 4 4 25
0013 0 2 2 2 2 1 0 0 5 26
0013 0 2 4 3 3 1 0 1 5 27
0013 0 2 1 1 1 1 0 2 5 28
0013 0 2 0 0 0 1 0 3 5 29
0013 0 2 7 4 4 1 0 4 5 30
0013 0 2 0 0 2 0 1 0 6 31
0013 0 2 2 2 2 1 1 1 6 32
0013 0 2 7 4 4 1 1 2 6 33
0013 0 2 4 3 3 1 1 3 6 34
0013 0 2 1 1 2 0 1 4 6 35
0013 0 2 1 1 1 1 0 0 7 36
0013 0 2 0 0 0 1 0 1 7 37
0013 0 2 2 2 4 0 0 2 7 38
0013 0 2 4 3 3 1 0 3 7 39
0013 0 2 7 4 4 1 0 4 7 40
0013 0 2 7 4 4 1 0 0 8 41
0013 0 2 1 1 1 1 0 1 8 42
0013 0 2 2 2 2 1 0 2 8 43
0013 0 2 4 3 3 1 0 3 8 44
0013 0 2 0 0 0 1 0 4 8 45
0013 0 2 0 0 0 1 1 0 9 46
0013 0 2 1 1 1 1 1 1 9 47
0013 0 2 4 3 3 1 1 2 9 48
0013 0 2 7 4 4 1 1 3 9 49
0013 0 2 2 2 1 0 1 4 9 50
0013 0 2 2 2 2 1 0 0 10 51
0013 0 2 4 3 3 1 0 1 10 52
0013 0 2 1 1 1 1 0 2 10 53
0013 0 2 7 4 4 1 0 3 10 54
0013 0 2 0 0 0 1 0 4 10 55
0013 0 2 1 1 1 1 1 0 11 56
0013 0 2 7 4 4 1 1 1 11 57
0013 0 2 2 2 2 1 1 2 11 58
0013 0 2 4 3 3 1 1 3 11 59
0013 0 2 0 0 0 1 1 4 11 60
