0014 0 3 7 4 9 0 0 0 0 01
0014 0 3 1 1 9 0 0 1 0 02
0014 0 3 4 3 9 0 0 2 0 03
0014 0 3 2 2 9 0 0 3 0 04
0014 0 3 0 0 9 0 0 4 0 05
0014 0 3 7 4 4 1 0 0 1 06
0014 0 3 1 1 1 1 0 1 1 07
0014 0 3 4 3 2 0 0 2 1 08
0014 0 3 0 0 0 1 0 3 1 09
0014 0 3 2 2 2 1 0 4 1 10
0014 0 3 7 4 4 1 0 0 2 11
0014 0 3 0 0 0 1 0 1 2 12
0014 0 3 4 3 3 1 0 2 2 13
0014 0 3 1 1 1 1 0 3 2 14
0014 0 3 2 2 2 1 0 4 2 15
0014 0 3 7 4 4 1 1 0 3 16
0014 0 3 1 1 1 1 1 1 3 17
0014 0 3 2 2 2 1 1 2 3 18
0014 0 3 4 3 3 1 1 3 3 19
0014 0 3 0 0 0 1 1 4 3 20
0014 0 0 1 1 9 0 0 0 0 01
0014 0 0 2 2 9 0 0 1 0 02
0014 0 0 4 3 9 0 0 2 0 03
0014 0 0 7 4 9 0 0 3 0 04
0014 0 0 0 0 0 1 0 4 0 05
0014 0 0 7 4 4 1 0 0 1 06
0014 0 0 4 3 3 1 0 1 1 07
0014 0 0 1 1 1 1 0 2 1 08
0014 0 0 2 2 2 1 0 3 1 09
0014 0 0 0 0 0 1 0 4 1 10
0014 0 0 1 1 1 1 1 0 2 11
0014 0 0 7 4 4 1 1 1 2 12
0014 0 0 4 3 3 1 1 2 2 13
0014 0 0 0 0 2 0 1 3 2 14
0014 0 0 2 2 2 1 1 4 2 15
0014 0 0 1 1 1 1 0 0 3 16
0014 0 0 0 0 0 1 0 1 3 17
0014 0 0 2 2 2 1 0 2 3 18
0014 0 0 4 3 3 1 0 3 3 19
0014 0 0 7 4 4 1 0 4 3 20
0014 0 0 7 4 4 1 1 0 4 21
0014 0 0 1 1 1 1 1 1 4 22
0014 0 0 4 3 2 0 1 2 4 23
0014 0 0 0 0 0 1 1 3 4 24
0014 0 0 2 2 1 0 1 4 4 25
0014 0 0 1 1 1 1 0 0 5 26
0014 0 0 4 3 3 1 0 1 5 27
0014 0 0 7 4 4 1 0 2 5 28
0014 0 0 2 2 2 1 0 3 5 29
0014 0 0 0 0 0 1 0 4 5 30
0014 0 0 2 2 1 0 1 0 6 31
0014 0 0 7 4 4 1 1 1 6 32
0014 0 0 0 0 0 1 1 2 6 33
0014 0 0 4 3 2 0 1 3 6 34
0014 0 0 1 1 0 0 1 4 6 35
0014 0 0 1 1 0 0 0 0 7 36
0014 0 0 4 3 3 1 0 1 7 37
0014 0 0 2 2 2 1 0 2 7 38
0014 0 0 0 0 0 1 0 3 7 39
0014 0 0 7 4 4 1 0 4 7 40
0014 0 0 1 1 1 1 0 0 8 41
0014 0 0 0 0 0 1 0 1 8 42
0014 0 0 2 2 1 0 0 2 8 43
0014 0 0 4 3 3 1 0 3 8 44
0014 0 0 7 4 4 1 0 4 8 45
0014 0 0 2 2 2 1 0 0 9 46
0014 0 0 0 0 0 1 0 1 9 47
0014 0 0 7 4 4 1 0 2 9 48
0014 0 0 4 3 3 1 0 3 9 49
0014 0 0 1 1 1 1 0 4 9 50
0014 0 0 7 4 4 1 1 0 10 51
0014 0 0 0 0 0 1 1 1 10 52
0014 0 0 2 2 2 1 1 2 10 53
0014 0 0 4 3 3 1 1 3 10 54
0014 0 0 1 1 1 1 1 4 10 55
0014 0 1 0 0 9 0 0 0 0 01
0014 0 1 5 2 9 0 0 1 0 02
0014 0 1 3 1 9 0 0 2 0 03
0014 0 1 6 3 9 0 0 3 0 04
0014 0 1 7 4 9 0 0 4 0 05
0014 0 1 7 4 4 1 0 0 1 06
0014 0 1 3 1 1 1 0 1 1 07
0014 0 1 0 0 0 1 0 2 1 08
0014 0 1 6 3 3 1 0 3 1 09
0014 0 1 5 2 2 1 0 4 1 10
0014 0 1 7 4 1 0 1 0 2 11
0014 0 1 0 0 0 1 1 1 2 12
0014 0 1 5 2 2 1 1 2 2 13
0014 0 1 3 1 1 1 1 3 2 14
0014 0 1 6 3 3 1 1 4 2 15
0014 0 1 7 4 4 1 0 0 3 16
0014 0 1 3 1 1 1 0 1 3 17
0014 0 1 6 3 3 1 0 2 3 18
0014 0 1 5 2 2 1 0 3 3 19
0014 0 1 0 0 0 1 0 4 3 20
0014 0 1 6 3 3 1 1 0 4 21
0014 0 1 7 4 4 1 1 1 4 22
0014 0 1 5 2 2 1 1 2 4 23
0014 0 1 3 1 1 1 1 3 4 24
0014 0 1 0 0 0 1 1 4 4 25
0014 0 2 0 0 9 0 0 0 0 01
0014 0 2 5 2 9 0 0 1 0 02
0014 0 2 7 4 9 0 0 2 0 03
0014 0 2 3 1 9 0 0 3 0 04
0014 0 2 6 3 9 0 0 4 0 05
0014 0 2 5 2 2 1 0 0 1 06
0014 0 2 6 3 3 1 0 1 1 07
0014 0 2 7 4 4 1 0 2 1 08
0014 0 2 3 1 1 1 0 3 1 09
0014 0 2 0 0 0 1 0 4 1 10
0014 0 2 0 0 0 1 1 0 2 11
0014 0 2 5 2 2 1 1 1 2 12
0014 0 2 7 4 4 1 1 2 2 13
0014 0 2 6 3 3 1 1 3 2 14
0014 0 2 3 1 1 1 1 4 2 15
