0016 0 3 7 4 0 0 0 0 0 01
0016 0 3 1 1 1 1 0 1 0 02
0016 0 3 4 3 2 0 0 2 0 03
0016 0 3 2 2 0 0 0 3 0 04
0016 0 3 0 0 4 0 0 4 0 05
0016 0 3 7 4 4 1 0 0 1 06
0016 0 3 1 1 1 1 0 1 1 07
0016 0 3 4 3 2 0 0 2 1 08
0016 0 3 0 0 2 0 0 3 1 09
0016 0 3 2 2 0 0 0 4 1 10
0016 0 3 7 4 0 0 0 0 2 11
0016 0 3 0 0 0 1 0 1 2 12
0016 0 3 4 3 2 0 0 2 2 13
0016 0 3 1 1 1 1 0 3 2 14
0016 0 3 2 2 0 0 0 4 2 15
0016 0 3 7 4 4 1 0 0 3 16
0016 0 3 1 1 1 1 0 1 3 17
0016 0 3 2 2 2 1 0 2 3 18
0016 0 3 4 3 3 1 0 3 3 19
0016 0 3 0 0 0 1 0 4 3 20
0016 0 3 2 2 1 0 1 0 4 21
0016 0 3 0 0 0 1 1 1 4 22
0016 0 3 4 3 3 1 1 2 4 23
0016 0 3 7 4 4 1 1 3 4 24
0016 0 3 1 1 1 1 1 4 4 25
0016 0 3 7 4 4 1 0 0 5 26
0016 0 3 2 2 1 0 0 1 5 27
0016 0 3 4 3 1 0 0 2 5 28
0016 0 3 1 1 1 1 0 3 5 29
0016 0 3 0 0 4 0 0 4 5 30
0016 0 3 0 0 0 1 0 0 6 31
0016 0 3 7 4 4 1 0 1 6 32
0016 0 3 4 3 3 1 0 2 6 33
0016 0 3 1 1 1 1 0 3 6 34
0016 0 3 2 2 2 1 0 4 6 35
0016 0 3 7 4 4 1 1 0 7 36
0016 0 3 4 3 2 0 1 1 7 37
0016 0 3 2 2 2 1 1 2 7 38
0016 0 3 0 0 2 0 1 3 7 39
0016 0 3 1 1 1 1 1 4 7 40
0016 0 3 4 3 3 1 0 0 8 41
0016 0 3 0 0 0 1 0 1 8 42
0016 0 3 2 2 2 1 0 2 8 43
0016 0 3 1 1 1 1 0 3 8 44
0016 0 3 7 4 4 1 0 4 8 45
0016 0 3 1 1 1 1 1 0 9 46
0016 0 3 0 0 3 0 1 1 9 47
0016 0 3 2 2 2 1 1 2 9 48
0016 0 3 7 4 4 1 1 3 9 49
0016 0 3 4 3 3 1 1 4 9 50
0016 0 3 2 2 2 1 0 0 10 51
0016 0 3 7 4 4 1 0 1 10 52
0016 0 3 1 1 1 1 0 2 10 53
0016 0 3 0 0 0 1 0 3 10 54
0016 0 3 4 3 1 0 0 4 10 55
0016 0 3 1 1 1 1 0 0 11 56
0016 0 3 0 0 0 1 0 1 11 57
0016 0 3 7 4 4 1 0 2 11 58
0016 0 3 4 3 3 1 0 3 11 59
0016 0 3 2 2 2 1 0 4 11 60
0016 0 3 1 1 1 1 1 0 12 61
0016 0 3 7 4 4 1 1 1 12 62
0016 0 3 0 0 0 1 1 2 12 63
0016 0 3 4 3 3 1 1 3 12 64
0016 0 3 2 2 2 1 1 4 12 65
0016 0 1 7 4 0 0 0 0 0 01
0016 0 1 0 0 0 1 0 1 0 02
0016 0 1 6 3 4 0 0 2 0 03
0016 0 1 3 1 1 1 0 3 0 04
0016 0 1 5 2 2 1 0 4 0 05
0016 0 1 7 4 3 0 0 0 1 06
0016 0 1 0 0 0 1 0 1 1 07
0016 0 1 5 2 3 0 0 2 1 08
0016 0 1 3 1 0 0 0 3 1 09
0016 0 1 6 3 3 1 0 4 1 10
0016 0 1 7 4 4 1 0 0 2 11
0016 0 1 0 0 0 1 0 1 2 12
0016 0 1 3 1 1 1 0 2 2 13
0016 0 1 5 2 2 1 0 3 2 14
0016 0 1 6 3 3 1 0 4 2 15
0016 0 1 6 3 4 0 1 0 3 16
0016 0 1 0 0 0 1 1 1 3 17
0016 0 1 3 1 1 1 1 2 3 18
0016 0 1 5 2 2 1 1 3 3 19
0016 0 1 7 4 3 0 1 4 3 20
0016 0 1 0 0 0 1 0 0 4 21
0016 0 1 6 3 1 0 0 1 4 22
0016 0 1 3 1 0 0 0 2 4 23
0016 0 1 5 2 2 1 0 3 4 24
0016 0 1 7 4 4 1 0 4 4 25
0016 0 1 3 1 0 0 0 0 5 26
0016 0 1 5 2 2 1 0 1 5 27
0016 0 1 0 0 4 0 0 2 5 28
0016 0 1 6 3 4 0 0 3 5 29
0016 0 1 7 4 2 0 0 4 5 30
0016 0 1 7 4 4 1 0 0 6 31
0016 0 1 0 0 0 1 0 1 6 32
0016 0 1 5 2 2 1 0 2 6 33
0016 0 1 6 3 3 1 0 3 6 34
0016 0 1 3 1 1 1 0 4 6 35
0016 0 1 3 1 0 0 1 0 7 36
0016 0 1 5 2 2 1 1 1 7 37
0016 0 1 6 3 3 1 1 2 7 38
0016 0 1 7 4 4 1 1 3 7 39
0016 0 1 0 0 0 1 1 4 7 40
0016 0 1 6 3 2 0 0 0 8 41
0016 0 1 3 1 4 0 0 1 8 42
0016 0 1 0 0 0 1 0 2 8 43
0016 0 1 7 4 4 1 0 3 8 44
0016 0 1 5 2 2 1 0 4 8 45
0016 0 1 3 1 1 1 0 0 9 46
0016 0 1 7 4 3 0 0 1 9 47
0016 0 1 5 2 2 1 0 2 9 48
0016 0 1 6 3 3 1 0 3 9 49
0016 0 1 0 0 0 1 0 4 9 50
0016 0 1 3 1 1 1 0 0 10 51
0016 0 1 6 3 3 1 0 1 10 52
0016 0 1 7 4 4 1 0 2 10 53
0016 0 1 5 2 2 1 0 3 10 54
0016 0 1 0 0 0 1 0 4 10 55
0016 0 1 6 3 3 1 1 0 11 56
0016 0 1 3 1 1 1 1 1 11 57
0016 0 1 5 2 2 1 1 2 11 58
0016 0 1 0 0 0 1 1 3 11 59
0016 0 1 7 4 4 1 1 4 11 60
0016 0 2 1 1 1 1 0 0 0 01
0016 0 2 2 2 2 1 0 1 0 02
0016 0 2 7 4 3 0 0 2 0 03
0016 0 2 0 0 0 1 0 3 0 04
0016 0 2 4 3 3 1 0 4 0 05
0016 0 2 1 1 1 1 0 0 1 06
0016 0 2 2 2 2 1 0 1 1 07
0016 0 2 7 4 4 1 0 2 1 08
0016 0 2 0 0 0 1 0 3 1 09
0016 0 2 4 3 3 1 0 4 1 10
0016 0 2 0 0 1 0 1 0 2 11
0016 0 2 1 1 1 1 1 1 2 12
0016 0 2 7 4 4 1 1 2 2 13
0016 0 2 2 2 2 1 1 3 2 14
0016 0 2 4 3 3 1 1 4 2 15
0016 0 2 4 3 3 1 0 0 3 16
0016 0 2 2 2 0 0 0 1 3 17
0016 0 2 0 0 1 0 0 2 3 18
0016 0 2 1 1 1 1 0 3 3 19
0016 0 2 7 4 4 1 0 4 3 20
0016 0 2 7 4 4 1 0 0 4 21
0016 0 2 4 3 3 1 0 1 4 22
0016 0 2 2 2 2 1 0 2 4 23
0016 0 2 0 0 0 1 0 3 4 24
0016 0 2 1 1 1 1 0 4 4 25
0016 0 2 7 4 4 1 1 0 5 26
0016 0 2 4 3 3 1 1 1 5 27
0016 0 2 0 0 0 1 1 2 5 28
0016 0 2 2 2 2 1 1 3 5 29
0016 0 2 1 1 1 1 1 4 5 30
0016 0 0 1 1 0 0 0 0 0 01
0016 0 0 0 0 0 1 0 1 0 02
0016 0 0 4 3 2 0 0 2 0 03
0016 0 0 2 2 1 0 0 3 0 04
0016 0 0 7 4 4 1 0 4 0 05
0016 0 0 0 0 0 1 0 0 1 06
0016 0 0 7 4 4 1 0 1 1 07
0016 0 0 4 3 2 0 0 2 1 08
0016 0 0 2 2 2 1 0 3 1 09
0016 0 0 1 1 1 1 0 4 1 10
0016 0 0 1 1 1 1 0 0 2 11
0016 0 0 0 0 0 1 0 1 2 12
0016 0 0 4 3 2 0 0 2 2 13
0016 0 0 7 4 4 1 0 3 2 14
0016 0 0 2 2 2 1 0 4 2 15
0016 0 0 2 2 2 1 0 0 3 16
0016 0 0 4 3 3 1 0 1 3 17
0016 0 0 1 1 2 0 0 2 3 18
0016 0 0 7 4 4 1 0 3 3 19
0016 0 0 0 0 0 1 0 4 3 20
0016 0 0 7 4 4 1 0 0 4 21
0016 0 0 4 3 1 0 0 1 4 22
0016 0 0 1 1 1 1 0 2 4 23
0016 0 0 2 2 1 0 0 3 4 24
0016 0 0 0 0 0 1 0 4 4 25
0016 0 0 7 4 4 1 0 0 5 26
0016 0 0 1 1 1 1 0 1 5 27
0016 0 0 0 0 1 0 0 2 5 28
0016 0 0 2 2 1 0 0 3 5 29
0016 0 0 4 3 3 1 0 4 5 30
0016 0 0 2 2 2 1 0 0 6 31
0016 0 0 7 4 4 1 0 1 6 32
0016 0 0 4 3 2 0 0 2 6 33
0016 0 0 1 1 1 1 0 3 6 34
0016 0 0 0 0 0 1 0 4 6 35
0016 0 0 0 0 0 1 0 0 7 36
0016 0 0 2 2 1 0 0 1 7 37
0016 0 0 7 4 4 1 0 2 7 38
0016 0 0 1 1 1 1 0 3 7 39
0016 0 0 4 3 3 1 0 4 7 40
0016 0 0 4 3 3 1 0 0 8 41
0016 0 0 0 0 0 1 0 1 8 42
0016 0 0 7 4 4 1 0 2 8 43
0016 0 0 1 1 1 1 0 3 8 44
0016 0 0 2 2 2 1 0 4 8 45
0016 0 0 2 2 2 1 1 0 9 46
0016 0 0 0 0 0 1 1 1 9 47
0016 0 0 1 1 1 1 1 2 9 48
0016 0 0 4 3 2 0 1 3 9 49
0016 0 0 7 4 4 1 1 4 9 50
0016 0 0 7 4 4 1 0 0 10 51
0016 0 0 1 1 1 1 0 1 10 52
0016 0 0 0 0 0 1 0 2 10 53
0016 0 0 4 3 2 0 0 3 10 54
0016 0 0 2 2 2 1 0 4 10 55
0016 0 0 0 0 0 1 0 0 11 56
0016 0 0 4 3 2 0 0 1 11 57
0016 0 0 7 4 4 1 0 2 11 58
0016 0 0 1 1 1 1 0 3 11 59
0016 0 0 2 2 1 0 0 4 11 60
0016 0 0 1 1 1 1 0 0 12 61
0016 0 0 7 4 4 1 0 1 12 62
0016 0 0 0 0 0 1 0 2 12 63
0016 0 0 2 2 1 0 0 3 12 64
0016 0 0 4 3 3 1 0 4 12 65
0016 0 0 4 3 3 1 0 0 13 66
0016 0 0 7 4 4 1 0 1 13 67
0016 0 0 2 2 2 1 0 2 13 68
0016 0 0 1 1 2 0 0 3 13 69
0016 0 0 0 0 1 0 0 4 13 70
0016 0 0 4 3 3 1 0 0 14 71
0016 0 0 7 4 4 1 0 1 14 72
0016 0 0 2 2 1 0 0 2 14 73
0016 0 0 1 1 1 1 0 3 14 74
0016 0 0 0 0 0 1 0 4 14 75
0016 0 0 7 4 4 1 0 0 15 76
0016 0 0 1 1 1 1 0 1 15 77
0016 0 0 0 0 0 1 0 2 15 78
0016 0 0 4 3 3 1 0 3 15 79
0016 0 0 2 2 2 1 0 4 15 80
0016 0 0 4 3 3 1 1 0 16 81
0016 0 0 0 0 0 1 1 1 16 82
0016 0 0 2 2 1 0 1 2 16 83
0016 0 0 1 1 1 1 1 3 16 84
0016 0 0 7 4 4 1 1 4 16 85
0016 0 0 0 0 0 1 0 0 17 86
0016 0 0 2 2 1 0 0 1 17 87
0016 0 0 4 3 3 1 0 2 17 88
0016 0 0 7 4 4 1 0 3 17 89
0016 0 0 1 1 1 1 0 4 17 90
0016 0 0 1 1 1 1 0 0 18 91
0016 0 0 0 0 0 1 0 1 18 92
0016 0 0 2 2 1 0 0 2 18 93
0016 0 0 7 4 4 1 0 3 18 94
0016 0 0 4 3 3 1 0 4 18 95
0016 0 0 4 3 3 1 0 0 19 96
0016 0 0 1 1 1 1 0 1 19 97
0016 0 0 2 2 1 0 0 2 19 98
0016 0 0 7 4 4 1 0 3 19 99
0016 0 0 0 0 0 1 0 4 19 100
0016 0 0 2 2 1 0 0 0 20 101
0016 0 0 0 0 1 0 0 1 20 102
0016 0 0 4 3 3 1 0 2 20 103
0016 0 0 7 4 4 1 0 3 20 104
0016 0 0 1 1 3 0 0 4 20 105
0016 0 0 4 3 3 1 0 0 21 106
0016 0 0 7 4 4 1 0 1 21 107
0016 0 0 2 2 3 0 0 2 21 108
0016 0 0 1 1 1 1 0 3 21 109
0016 0 0 0 0 1 0 0 4 21 110
0016 0 0 2 2 1 0 0 0 22 111
0016 0 0 7 4 4 1 0 1 22 112
0016 0 0 4 3 3 1 0 2 22 113
0016 0 0 1 1 1 1 0 3 22 114
0016 0 0 0 0 0 1 0 4 22 115
0016 0 0 2 2 2 1 0 0 23 116
0016 0 0 7 4 4 1 0 1 23 117
0016 0 0 1 1 1 1 0 2 23 118
0016 0 0 4 3 3 1 0 3 23 119
0016 0 0 0 0 0 1 0 4 23 120
0016 0 0 0 0 0 1 1 0 24 121
0016 0 0 1 1 1 1 1 1 24 122
0016 0 0 7 4 4 1 1 2 24 123
0016 0 0 4 3 3 1 1 3 24 124
0016 0 0 2 2 2 1 1 4 24 125
