0017 0 3 7 4 0 0 0 0 0 01
0017 0 3 1 1 0 0 0 1 0 02
0017 0 3 4 3 0 0 0 2 0 03
0017 0 3 2 2 0 0 0 3 0 04
0017 0 3 0 0 0 1 0 4 0 05
0017 0 3 7 4 1 0 0 0 1 06
0017 0 3 1 1 2 0 0 1 1 07
0017 0 3 4 3 3 1 0 2 1 08
0017 0 3 0 0 4 0 0 3 1 09
0017 0 3 2 2 2 1 0 4 1 10
0017 0 3 7 4 4 1 0 0 2 11
0017 0 3 0 0 0 1 0 1 2 12
0017 0 3 4 3 1 0 0 2 2 13
0017 0 3 1 1 2 0 0 3 2 14
0017 0 3 2 2 4 0 0 4 2 15
0017 0 3 7 4 4 1 0 0 3 16
0017 0 3 1 1 2 0 0 1 3 17
0017 0 3 2 2 1 0 0 2 3 18
0017 0 3 4 3 2 0 0 3 3 19
0017 0 3 0 0 9 0 0 4 3 20
0017 0 3 2 2 2 1 0 0 4 21
0017 0 3 0 0 0 1 0 1 4 22
0017 0 3 4 3 3 1 0 2 4 23
0017 0 3 7 4 4 1 0 3 4 24
0017 0 3 1 1 1 1 0 4 4 25
0017 0 3 7 4 4 1 1 0 5 26
0017 0 3 2 2 1 0 1 1 5 27
0017 0 3 4 3 3 1 1 2 5 28
0017 0 3 1 1 1 1 1 3 5 29
0017 0 3 0 0 0 1 1 4 5 30
0017 0 3 0 0 2 0 0 0 6 31
0017 0 3 7 4 4 1 0 1 6 32
0017 0 3 4 3 3 1 0 2 6 33
0017 0 3 1 1 1 1 0 3 6 34
0017 0 3 2 2 2 1 0 4 6 35
0017 0 3 7 4 4 1 0 0 7 36
0017 0 3 4 3 3 1 0 1 7 37
0017 0 3 2 2 0 0 0 2 7 38
0017 0 3 0 0 4 0 0 3 7 39
0017 0 3 1 1 1 1 0 4 7 40
0017 0 3 4 3 3 1 0 0 8 41
0017 0 3 0 0 0 1 0 1 8 42
0017 0 3 2 2 1 0 0 2 8 43
0017 0 3 1 1 1 1 0 3 8 44
0017 0 3 7 4 4 1 0 4 8 45
0017 0 3 1 1 1 1 0 0 9 46
0017 0 3 0 0 0 1 0 1 9 47
0017 0 3 2 2 2 1 0 2 9 48
0017 0 3 7 4 4 1 0 3 9 49
0017 0 3 4 3 3 1 0 4 9 50
0017 0 3 2 2 2 1 1 0 10 51
0017 0 3 7 4 4 1 1 1 10 52
0017 0 3 1 1 1 1 1 2 10 53
0017 0 3 0 0 0 1 1 3 10 54
0017 0 3 4 3 3 1 1 4 10 55
0017 0 1 7 4 0 0 0 0 0 01
0017 0 1 1 1 0 0 0 1 0 02
0017 0 1 0 0 0 1 0 2 0 03
0017 0 1 2 2 3 0 0 3 0 04
0017 0 1 4 3 3 1 0 4 0 05
0017 0 1 0 0 0 1 0 0 1 06
0017 0 1 4 3 4 0 0 1 1 07
0017 0 1 1 1 1 1 0 2 1 08
0017 0 1 2 2 2 1 0 3 1 09
0017 0 1 7 4 0 0 0 4 1 10
0017 0 1 0 0 0 1 0 0 2 11
0017 0 1 4 3 3 1 0 1 2 12
0017 0 1 2 2 2 1 0 2 2 13
0017 0 1 1 1 1 1 0 3 2 14
0017 0 1 7 4 4 1 0 4 2 15
0017 0 1 7 4 0 0 1 0 3 16
0017 0 1 4 3 3 1 1 1 3 17
0017 0 1 2 2 2 1 1 2 3 18
0017 0 1 1 1 1 1 1 3 3 19
0017 0 1 0 0 0 1 1 4 3 20
0017 0 1 0 0 0 1 0 0 4 21
0017 0 1 2 2 3 0 0 1 4 22
0017 0 1 1 1 1 1 0 2 4 23
0017 0 1 7 4 0 0 0 3 4 24
0017 0 1 4 3 3 1 0 4 4 25
0017 0 1 1 1 1 1 0 0 5 26
0017 0 1 2 2 2 1 0 1 5 27
0017 0 1 4 3 3 1 0 2 5 28
0017 0 1 0 0 0 1 0 3 5 29
0017 0 1 7 4 4 1 0 4 5 30
0017 0 1 1 1 1 1 1 0 6 31
0017 0 1 2 2 2 1 1 1 6 32
0017 0 1 0 0 4 0 1 2 6 33
0017 0 1 7 4 4 1 1 3 6 34
0017 0 1 4 3 3 1 1 4 6 35
0017 0 1 4 3 3 1 0 0 7 36
0017 0 1 1 1 1 1 0 1 7 37
0017 0 1 0 0 0 1 0 2 7 38
0017 0 1 7 4 4 1 0 3 7 39
0017 0 1 2 2 3 0 0 4 7 40
0017 0 1 0 0 0 1 0 0 8 41
0017 0 1 4 3 3 1 0 1 8 42
0017 0 1 7 4 4 1 0 2 8 43
0017 0 1 2 2 3 0 0 3 8 44
0017 0 1 1 1 2 0 0 4 8 45
0017 0 1 7 4 4 1 0 0 9 46
0017 0 1 1 1 1 1 0 1 9 47
0017 0 1 4 3 3 1 0 2 9 48
0017 0 1 0 0 0 1 0 3 9 49
0017 0 1 2 2 1 0 0 4 9 50
0017 0 1 0 0 0 1 0 0 10 51
0017 0 1 7 4 4 1 0 1 10 52
0017 0 1 1 1 1 1 0 2 10 53
0017 0 1 2 2 2 1 0 3 10 54
0017 0 1 4 3 3 1 0 4 10 55
0017 0 1 1 1 2 0 1 0 11 56
0017 0 1 4 3 3 1 1 1 11 57
0017 0 1 2 2 1 0 1 2 11 58
0017 0 1 7 4 4 1 1 3 11 59
0017 0 1 0 0 0 1 1 4 11 60
0017 0 1 4 3 2 0 0 0 12 61
0017 0 1 1 1 1 1 0 1 12 62
0017 0 1 2 2 2 1 0 2 12 63
0017 0 1 0 0 0 1 0 3 12 64
0017 0 1 7 4 4 1 0 4 12 65
0017 0 1 2 2 2 1 0 0 13 66
0017 0 1 4 3 3 1 0 1 13 67
0017 0 1 7 4 4 1 0 2 13 68
0017 0 1 1 1 1 1 0 3 13 69
0017 0 1 0 0 0 1 0 4 13 70
0017 0 1 4 3 3 1 1 0 14 71
0017 0 1 2 2 1 0 1 1 14 72
0017 0 1 7 4 4 1 1 2 14 73
0017 0 1 0 0 0 1 1 3 14 74
0017 0 1 1 1 0 0 1 4 14 75
0017 0 1 7 4 4 1 0 0 15 76
0017 0 1 1 1 1 1 0 1 15 77
0017 0 1 2 2 2 1 0 2 15 78
0017 0 1 4 3 3 1 0 3 15 79
0017 0 1 0 0 0 1 0 4 15 80
0017 0 1 0 0 1 0 1 0 16 81
0017 0 1 7 4 4 1 1 1 16 82
0017 0 1 1 1 0 0 1 2 16 83
0017 0 1 2 2 2 1 1 3 16 84
0017 0 1 4 3 3 1 1 4 16 85
0017 0 1 1 1 1 1 0 0 17 86
0017 0 1 4 3 3 1 0 1 17 87
0017 0 1 0 0 0 1 0 2 17 88
0017 0 1 2 2 2 1 0 3 17 89
0017 0 1 7 4 4 1 0 4 17 90
0017 0 1 7 4 4 1 1 0 18 91
0017 0 1 4 3 3 1 1 1 18 92
0017 0 1 2 2 2 1 1 2 18 93
0017 0 1 0 0 0 1 1 3 18 94
0017 0 1 1 1 1 1 1 4 18 95
0017 0 2 4 3 0 0 0 0 0 01
0017 0 2 2 2 0 0 0 1 0 02
0017 0 2 1 1 0 0 0 2 0 03
0017 0 2 0 0 0 1 0 3 0 04
0017 0 2 7 4 3 0 0 4 0 05
0017 0 2 4 3 3 1 0 0 1 06
0017 0 2 2 2 2 1 0 1 1 07
0017 0 2 1 1 1 1 0 2 1 08
0017 0 2 0 0 0 1 0 3 1 09
0017 0 2 7 4 4 1 0 4 1 10
0017 0 2 0 0 0 1 1 0 2 11
0017 0 2 4 3 2 0 1 1 2 12
0017 0 2 1 1 1 1 1 2 2 13
0017 0 2 2 2 0 0 1 3 2 14
0017 0 2 7 4 4 1 1 4 2 15
0017 0 2 7 4 4 1 0 0 3 16
0017 0 2 2 2 2 1 0 1 3 17
0017 0 2 0 0 0 1 0 2 3 18
0017 0 2 4 3 3 1 0 3 3 19
0017 0 2 1 1 1 1 0 4 3 20
0017 0 2 1 1 2 0 1 0 4 21
0017 0 2 7 4 4 1 1 1 4 22
0017 0 2 2 2 2 1 1 2 4 23
0017 0 2 0 0 0 1 1 3 4 24
0017 0 2 4 3 1 0 1 4 4 25
0017 0 2 1 1 1 1 0 0 5 26
0017 0 2 7 4 4 1 0 1 5 27
0017 0 2 0 0 0 1 0 2 5 28
0017 0 2 2 2 3 0 0 3 5 29
0017 0 2 4 3 3 1 0 4 5 30
0017 0 2 2 2 2 1 0 0 6 31
0017 0 2 0 0 0 1 0 1 6 32
0017 0 2 1 1 1 1 0 2 6 33
0017 0 2 7 4 3 0 0 3 6 34
0017 0 2 4 3 3 1 0 4 6 35
0017 0 2 1 1 1 1 0 0 7 36
0017 0 2 4 3 3 1 0 1 7 37
0017 0 2 7 4 4 1 0 2 7 38
0017 0 2 2 2 3 0 0 3 7 39
0017 0 2 0 0 0 1 0 4 7 40
0017 0 2 1 1 1 1 0 0 8 41
0017 0 2 4 3 3 1 0 1 8 42
0017 0 2 2 2 2 1 0 2 8 43
0017 0 2 7 4 4 1 0 3 8 44
0017 0 2 0 0 0 1 0 4 8 45
0017 0 2 4 3 3 1 1 0 9 46
0017 0 2 1 1 1 1 1 1 9 47
0017 0 2 2 2 2 1 1 2 9 48
0017 0 2 7 4 4 1 1 3 9 49
0017 0 2 0 0 0 1 1 4 9 50
0017 0 0 0 0 0 1 0 0 0 01
0017 0 0 5 2 2 1 0 1 0 02
0017 0 0 3 1 1 1 0 2 0 03
0017 0 0 7 4 4 1 0 3 0 04
0017 0 0 6 3 3 1 0 4 0 05
0017 0 0 5 2 1 0 1 0 1 06
0017 0 0 6 3 3 1 1 1 1 07
0017 0 0 3 1 1 1 1 2 1 08
0017 0 0 7 4 4 1 1 3 1 09
0017 0 0 0 0 0 1 1 4 1 10
0017 0 0 0 0 0 1 0 0 2 11
0017 0 0 5 2 2 1 0 1 2 12
0017 0 0 3 1 1 1 0 2 2 13
0017 0 0 6 3 3 1 0 3 2 14
0017 0 0 7 4 4 1 0 4 2 15
0017 0 0 7 4 4 1 1 0 3 16
0017 0 0 3 1 2 0 1 1 3 17
0017 0 0 0 0 0 1 1 2 3 18
0017 0 0 6 3 3 1 1 3 3 19
0017 0 0 5 2 2 1 1 4 3 20
0017 0 0 6 3 3 1 0 0 4 21
0017 0 0 3 1 1 1 0 1 4 22
0017 0 0 0 0 0 1 0 2 4 23
0017 0 0 7 4 4 1 0 3 4 24
0017 0 0 5 2 2 1 0 4 4 25
0017 0 0 6 3 3 1 1 0 5 26
0017 0 0 0 0 0 1 1 1 5 27
0017 0 0 5 2 2 1 1 2 5 28
0017 0 0 7 4 4 1 1 3 5 29
0017 0 0 3 1 1 1 1 4 5 30
