0018 1 3 7 4 4 1 0 0 0 01
0018 1 3 1 1 1 1 0 1 0 02
0018 1 3 4 3 3 1 0 2 0 03
0018 1 3 2 2 2 1 0 3 0 04
0018 1 3 0 0 0 1 0 4 0 05
0018 1 3 7 4 4 1 1 0 1 06
0018 1 3 1 1 1 1 1 1 1 07
0018 1 3 4 3 3 1 1 2 1 08
0018 1 3 0 0 0 1 1 3 1 09
0018 1 3 2 2 2 1 1 4 1 10
0018 1 1 3 1 2 0 0 0 0 01
0018 1 1 6 3 0 0 0 1 0 02
0018 1 1 0 0 4 0 0 2 0 03
0018 1 1 7 4 4 1 0 3 0 04
0018 1 1 5 2 1 0 0 4 0 05
0018 1 1 0 0 0 1 0 0 1 06
0018 1 1 5 2 4 0 0 1 1 07
0018 1 1 6 3 4 0 0 2 1 08
0018 1 1 3 1 2 0 0 3 1 09
0018 1 1 7 4 4 1 0 4 1 10
0018 1 1 3 1 3 0 0 0 2 11
0018 1 1 6 3 4 0 0 1 2 12
0018 1 1 0 0 0 1 0 2 2 13
0018 1 1 7 4 4 1 0 3 2 14
0018 1 1 5 2 3 0 0 4 2 15
0018 1 1 7 4 4 1 0 0 3 16
0018 1 1 6 3 4 0 0 1 3 17
0018 1 1 0 0 0 1 0 2 3 18
0018 1 1 5 2 4 0 0 3 3 19
0018 1 1 3 1 2 0 0 4 3 20
0018 1 1 0 0 0 1 0 0 4 21
0018 1 1 7 4 4 1 0 1 4 22
0018 1 1 6 3 2 0 0 2 4 23
0018 1 1 3 1 1 1 0 3 4 24
0018 1 1 5 2 2 1 0 4 4 25
0018 1 1 5 2 3 0 0 0 5 26
0018 1 1 6 3 3 1 0 1 5 27
0018 1 1 3 1 2 0 0 2 5 28
0018 1 1 7 4 4 1 0 3 5 29
0018 1 1 0 0 0 1 0 4 5 30
0018 1 1 0 0 0 1 0 0 6 31
0018 1 1 3 1 2 0 0 1 6 32
0018 1 1 7 4 4 1 0 2 6 33
0018 1 1 5 2 3 0 0 3 6 34
0018 1 1 6 3 3 1 0 4 6 35
0018 1 1 5 2 2 1 0 0 7 36
0018 1 1 0 0 0 1 0 1 7 37
0018 1 1 6 3 4 0 0 2 7 38
0018 1 1 7 4 4 1 0 3 7 39
0018 1 1 3 1 1 1 0 4 7 40
0018 1 1 3 1 1 1 0 0 8 41
0018 1 1 5 2 2 1 0 1 8 42
0018 1 1 7 4 4 1 0 2 8 43
0018 1 1 0 0 0 1 0 3 8 44
0018 1 1 6 3 3 1 0 4 8 45
0018 1 1 7 4 4 1 1 0 9 46
0018 1 1 6 3 3 1 1 1 9 47
0018 1 1 3 1 1 1 1 2 9 48
0018 1 1 0 0 0 1 1 3 9 49
0018 1 1 5 2 2 1 1 4 9 50
0018 1 2 4 3 3 1 0 0 0 01
0018 1 2 1 1 1 1 0 1 0 02
0018 1 2 2 2 2 1 0 2 0 03
0018 1 2 0 0 0 1 0 3 0 04
0018 1 2 7 4 4 1 0 4 0 05
0018 1 2 4 3 3 1 1 0 1 06
0018 1 2 1 1 1 1 1 1 1 07
0018 1 2 2 2 2 1 1 2 1 08
0018 1 2 0 0 0 1 1 3 1 09
0018 1 2 7 4 4 1 1 4 1 10
0018 1 0 7 4 4 1 0 0 0 01
0018 1 0 5 2 2 1 0 1 0 02
0018 1 0 3 1 1 1 0 2 0 03
0018 1 0 0 0 0 1 0 3 0 04
0018 1 0 6 3 3 1 0 4 0 05
0018 1 0 5 2 2 1 1 0 1 06
0018 1 0 6 3 3 1 1 1 1 07
0018 1 0 3 1 1 1 1 2 1 08
0018 1 0 0 0 0 1 1 3 1 09
0018 1 0 7 4 4 1 1 4 1 10
