0019 0 3 7 4 0 0 0 0 0 01
0019 0 3 1 1 2 0 0 1 0 02
0019 0 3 4 3 3 1 0 2 0 03
0019 0 3 2 2 0 0 0 3 0 04
0019 0 3 0 0 0 1 0 4 0 05
0019 0 3 7 4 4 1 0 0 1 06
0019 0 3 1 1 1 1 0 1 1 07
0019 0 3 4 3 2 0 0 2 1 08
0019 0 3 0 0 0 1 0 3 1 09
0019 0 3 2 2 3 0 0 4 1 10
0019 0 3 7 4 4 1 0 0 2 11
0019 0 3 0 0 2 0 0 1 2 12
0019 0 3 4 3 2 0 0 2 2 13
0019 0 3 1 1 1 1 0 3 2 14
0019 0 3 2 2 3 0 0 4 2 15
0019 0 3 7 4 4 1 0 0 3 16
0019 0 3 1 1 1 1 0 1 3 17
0019 0 3 2 2 2 1 0 2 3 18
0019 0 3 4 3 3 1 0 3 3 19
0019 0 3 0 0 0 1 0 4 3 20
0019 0 3 2 2 2 1 1 0 4 21
0019 0 3 0 0 3 0 1 1 4 22
0019 0 3 4 3 9 0 1 2 4 23
0019 0 3 7 4 4 1 1 3 4 24
0019 0 3 1 1 1 1 1 4 4 25
0019 0 3 7 4 4 1 0 0 5 26
0019 0 3 2 2 2 1 0 1 5 27
0019 0 3 4 3 1 0 0 2 5 28
0019 0 3 1 1 1 1 0 3 5 29
0019 0 3 0 0 0 1 0 4 5 30
0019 0 3 0 0 0 1 0 0 6 31
0019 0 3 7 4 4 1 0 1 6 32
0019 0 3 4 3 3 1 0 2 6 33
0019 0 3 1 1 1 1 0 3 6 34
0019 0 3 2 2 2 1 0 4 6 35
0019 0 3 7 4 4 1 1 0 7 36
0019 0 3 4 3 3 1 1 1 7 37
0019 0 3 2 2 2 1 1 2 7 38
0019 0 3 0 0 0 1 1 3 7 39
0019 0 3 1 1 1 1 1 4 7 40
0019 0 1 4 3 9 0 0 0 0 01
0019 0 1 2 2 3 0 0 1 0 02
0019 0 1 0 0 1 0 0 2 0 03
0019 0 1 7 4 4 1 0 3 0 04
0019 0 1 1 1 3 0 0 4 0 05
0019 0 1 0 0 0 1 0 0 1 06
0019 0 1 1 1 2 0 0 1 1 07
0019 0 1 2 2 0 0 0 2 1 08
0019 0 1 4 3 0 0 0 3 1 09
0019 0 1 7 4 0 0 0 4 1 10
0019 0 1 1 1 0 0 0 0 2 11
0019 0 1 7 4 4 1 0 1 2 12
0019 0 1 4 3 2 0 0 2 2 13
0019 0 1 2 2 2 1 0 3 2 14
0019 0 1 0 0 0 1 0 4 2 15
0019 0 1 2 2 2 1 0 0 3 16
0019 0 1 7 4 4 1 0 1 3 17
0019 0 1 4 3 3 1 0 2 3 18
0019 0 1 0 0 0 1 0 3 3 19
0019 0 1 1 1 1 1 0 4 3 20
0019 0 1 4 3 3 1 1 0 4 21
0019 0 1 2 2 2 1 1 1 4 22
0019 0 1 7 4 4 1 1 2 4 23
0019 0 1 0 0 0 1 1 3 4 24
0019 0 1 1 1 1 1 1 4 4 25
0019 0 2 5 2 0 0 0 0 0 01
0019 0 2 7 4 4 1 0 1 0 02
0019 0 2 3 1 3 0 0 2 0 03
0019 0 2 0 0 2 0 0 3 0 04
0019 0 2 6 3 1 0 0 4 0 05
0019 0 2 5 2 1 0 0 0 1 06
0019 0 2 7 4 4 1 0 1 1 07
0019 0 2 3 1 1 1 0 2 1 08
0019 0 2 0 0 3 0 0 3 1 09
0019 0 2 6 3 2 0 0 4 1 10
0019 0 2 0 0 0 1 0 0 2 11
0019 0 2 5 2 2 1 0 1 2 12
0019 0 2 3 1 4 0 0 2 2 13
0019 0 2 7 4 3 0 0 3 2 14
0019 0 2 6 3 3 1 0 4 2 15
0019 0 2 6 3 3 1 0 0 3 16
0019 0 2 7 4 4 1 0 1 3 17
0019 0 2 0 0 0 1 0 2 3 18
0019 0 2 5 2 2 1 0 3 3 19
0019 0 2 3 1 1 1 0 4 3 20
0019 0 2 3 1 1 1 1 0 4 21
0019 0 2 6 3 3 1 1 1 4 22
0019 0 2 7 4 4 1 1 2 4 23
0019 0 2 0 0 0 1 1 3 4 24
0019 0 2 5 2 2 1 1 4 4 25
0019 0 0 5 2 0 0 0 0 0 01
0019 0 0 7 4 4 1 0 1 0 02
0019 0 0 6 3 2 0 0 2 0 03
0019 0 0 0 0 0 1 0 3 0 04
0019 0 0 3 1 1 1 0 4 0 05
0019 0 0 7 4 4 1 0 0 1 06
0019 0 0 3 1 1 1 0 1 1 07
0019 0 0 6 3 3 1 0 2 1 08
0019 0 0 0 0 0 1 0 3 1 09
0019 0 0 5 2 2 1 0 4 1 10
0019 0 0 5 2 2 1 1 0 2 11
0019 0 0 7 4 4 1 1 1 2 12
0019 0 0 6 3 3 1 1 2 2 13
0019 0 0 3 1 1 1 1 3 2 14
0019 0 0 0 0 0 1 1 4 2 15
