0020 0 3 7 4 9 0 0 0 0 01
0020 0 3 1 1 9 0 0 1 0 02
0020 0 3 4 3 2 0 0 2 0 03
0020 0 3 2 2 9 0 0 3 0 04
0020 0 3 0 0 4 0 0 4 0 05
0020 0 3 7 4 4 1 0 0 1 06
0020 0 3 1 1 2 0 0 1 1 07
0020 0 3 4 3 3 1 0 2 1 08
0020 0 3 0 0 4 0 0 3 1 09
0020 0 3 2 2 9 0 0 4 1 10
0020 0 3 7 4 3 0 0 0 2 11
0020 0 3 0 0 1 0 0 1 2 12
0020 0 3 4 3 3 1 0 2 2 13
0020 0 3 1 1 1 1 0 3 2 14
0020 0 3 2 2 2 1 0 4 2 15
0020 0 3 7 4 3 0 0 0 3 16
0020 0 3 1 1 1 1 0 1 3 17
0020 0 3 2 2 2 1 0 2 3 18
0020 0 3 4 3 3 1 0 3 3 19
0020 0 3 0 0 0 1 0 4 3 20
0020 0 3 2 2 2 1 0 0 4 21
0020 0 3 0 0 0 1 0 1 4 22
0020 0 3 4 3 1 0 0 2 4 23
0020 0 3 7 4 4 1 0 3 4 24
0020 0 3 1 1 1 1 0 4 4 25
0020 0 3 7 4 4 1 0 0 5 26
0020 0 3 2 2 2 1 0 1 5 27
0020 0 3 4 3 3 1 0 2 5 28
0020 0 3 1 1 1 1 0 3 5 29
0020 0 3 0 0 0 1 0 4 5 30
0020 0 3 0 0 0 1 1 0 6 31
0020 0 3 7 4 4 1 1 1 6 32
0020 0 3 4 3 3 1 1 2 6 33
0020 0 3 1 1 1 1 1 3 6 34
0020 0 3 2 2 2 1 1 4 6 35
0020 0 2 7 4 9 0 0 0 0 01
0020 0 2 4 3 2 0 0 1 0 02
0020 0 2 1 1 3 0 0 2 0 03
0020 0 2 0 0 4 0 0 3 0 04
0020 0 2 2 2 1 0 0 4 0 05
0020 0 2 0 0 9 0 0 0 1 06
0020 0 2 1 1 1 1 0 1 1 07
0020 0 2 7 4 9 0 0 2 1 08
0020 0 2 4 3 3 1 0 3 1 09
0020 0 2 2 2 9 0 0 4 1 10
0020 0 2 7 4 1 0 0 0 2 11
0020 0 2 0 0 0 1 0 1 2 12
0020 0 2 1 1 1 1 0 2 2 13
0020 0 2 2 2 3 0 0 3 2 14
0020 0 2 4 3 0 0 0 4 2 15
0020 0 2 7 4 0 0 0 0 3 16
0020 0 2 2 2 4 0 0 1 3 17
0020 0 2 4 3 0 0 0 2 3 18
0020 0 2 1 1 1 1 0 3 3 19
0020 0 2 0 0 2 0 0 4 3 20
0020 0 2 0 0 0 1 0 0 4 21
0020 0 2 7 4 2 0 0 1 4 22
0020 0 2 1 1 1 1 0 2 4 23
0020 0 2 2 2 3 0 0 3 4 24
0020 0 2 4 3 3 1 0 4 4 25
0020 0 2 7 4 1 0 0 0 5 26
0020 0 2 1 1 1 1 0 1 5 27
0020 0 2 0 0 0 1 0 2 5 28
0020 0 2 4 3 4 0 0 3 5 29
0020 0 2 2 2 1 0 0 4 5 30
0020 0 2 4 3 3 1 0 0 6 31
0020 0 2 0 0 0 1 0 1 6 32
0020 0 2 2 2 4 0 0 2 6 33
0020 0 2 1 1 1 1 0 3 6 34
0020 0 2 7 4 4 1 0 4 6 35
0020 0 2 7 4 4 1 0 0 7 36
0020 0 2 1 1 1 1 0 1 7 37
0020 0 2 4 3 3 1 0 2 7 38
0020 0 2 2 2 2 1 0 3 7 39
0020 0 2 0 0 0 1 0 4 7 40
0020 0 2 7 4 4 1 1 0 8 41
0020 0 2 2 2 4 0 1 1 8 42
0020 0 2 4 3 3 1 1 2 8 43
0020 0 2 1 1 1 1 1 3 8 44
0020 0 2 0 0 0 1 1 4 8 45
0020 0 2 4 3 3 1 0 0 9 46
0020 0 2 2 2 4 0 0 1 9 47
0020 0 2 0 0 0 1 0 2 9 48
0020 0 2 1 1 1 1 0 3 9 49
0020 0 2 7 4 2 0 0 4 9 50
0020 0 2 0 0 0 1 0 0 10 51
0020 0 2 2 2 1 0 0 1 10 52
0020 0 2 4 3 0 0 0 2 10 53
0020 0 2 1 1 1 1 0 3 10 54
0020 0 2 7 4 4 1 0 4 10 55
0020 0 2 0 0 0 1 0 0 11 56
0020 0 2 7 4 2 0 0 1 11 57
0020 0 2 4 3 3 1 0 2 11 58
0020 0 2 2 2 2 1 0 3 11 59
0020 0 2 1 1 1 1 0 4 11 60
0020 0 2 1 1 1 1 0 0 12 61
0020 0 2 0 0 0 1 0 1 12 62
0020 0 2 7 4 4 1 0 2 12 63
0020 0 2 4 3 3 1 0 3 12 64
0020 0 2 2 2 2 1 0 4 12 65
0020 0 2 1 1 1 1 1 0 13 66
0020 0 2 2 2 2 1 1 1 13 67
0020 0 2 7 4 2 0 1 2 13 68
0020 0 2 4 3 3 1 1 3 13 69
0020 0 2 0 0 0 1 1 4 13 70
0020 0 2 4 3 0 0 0 0 14 71
0020 0 2 1 1 1 1 0 1 14 72
0020 0 2 2 2 2 1 0 2 14 73
0020 0 2 7 4 4 1 0 3 14 74
0020 0 2 0 0 0 1 0 4 14 75
0020 0 2 7 4 4 1 0 0 15 76
0020 0 2 1 1 1 1 0 1 15 77
0020 0 2 4 3 3 1 0 2 15 78
0020 0 2 2 2 2 1 0 3 15 79
0020 0 2 0 0 0 1 0 4 15 80
0020 0 2 1 1 1 1 1 0 16 81
0020 0 2 7 4 4 1 1 1 16 82
0020 0 2 4 3 3 1 1 2 16 83
0020 0 2 0 0 0 1 1 3 16 84
0020 0 2 2 2 1 0 1 4 16 85
0020 0 2 7 4 2 0 0 0 17 86
0020 0 2 0 0 0 1 0 1 17 87
0020 0 2 2 2 2 1 0 2 17 88
0020 0 2 1 1 1 1 0 3 17 89
0020 0 2 4 3 3 1 0 4 17 90
0020 0 2 1 1 1 1 0 0 18 91
0020 0 2 2 2 2 1 0 1 18 92
0020 0 2 7 4 4 1 0 2 18 93
0020 0 2 4 3 3 1 0 3 18 94
0020 0 2 0 0 0 1 0 4 18 95
0020 0 2 7 4 4 1 1 0 19 96
0020 0 2 0 0 0 1 1 1 19 97
0020 0 2 2 2 2 1 1 2 19 98
0020 0 2 4 3 3 1 1 3 19 99
0020 0 2 1 1 1 1 1 4 19 100
0020 0 0 0 0 9 0 0 0 0 01
0020 0 0 2 2 9 0 0 1 0 02
0020 0 0 1 1 3 0 0 2 0 03
0020 0 0 4 3 3 1 0 3 0 04
0020 0 0 7 4 4 1 0 4 0 05
0020 0 0 0 0 0 1 0 0 1 06
0020 0 0 2 2 2 1 0 1 1 07
0020 0 0 1 1 1 1 0 2 1 08
0020 0 0 4 3 3 1 0 3 1 09
0020 0 0 7 4 4 1 0 4 1 10
0020 0 0 4 3 2 0 1 0 2 11
0020 0 0 0 0 0 1 1 1 2 12
0020 0 0 1 1 1 1 1 2 2 13
0020 0 0 2 2 2 1 1 3 2 14
0020 0 0 7 4 4 1 1 4 2 15
0020 0 0 7 4 4 1 0 0 3 16
0020 0 0 2 2 2 1 0 1 3 17
0020 0 0 4 3 3 1 0 2 3 18
0020 0 0 0 0 0 1 0 3 3 19
0020 0 0 1 1 1 1 0 4 3 20
0020 0 0 1 1 1 1 1 0 4 21
0020 0 0 7 4 4 1 1 1 4 22
0020 0 0 2 2 2 1 1 2 4 23
0020 0 0 4 3 3 1 1 3 4 24
0020 0 0 0 0 0 1 1 4 4 25
0020 0 1 0 0 0 1 0 0 0 01
0020 0 1 5 2 1 0 0 1 0 02
0020 0 1 7 4 1 0 0 2 0 03
0020 0 1 6 3 9 0 0 3 0 04
0020 0 1 3 1 1 1 0 4 0 05
0020 0 1 7 4 0 0 0 0 1 06
0020 0 1 6 3 3 1 0 1 1 07
0020 0 1 3 1 4 0 0 2 1 08
0020 0 1 0 0 0 1 0 3 1 09
0020 0 1 5 2 2 1 0 4 1 10
0020 0 1 0 0 1 0 0 0 2 11
0020 0 1 7 4 4 1 0 1 2 12
0020 0 1 6 3 3 1 0 2 2 13
0020 0 1 3 1 2 0 0 3 2 14
0020 0 1 5 2 2 1 0 4 2 15
0020 0 1 5 2 3 0 0 0 3 16
0020 0 1 0 0 9 0 0 1 3 17
0020 0 1 7 4 4 1 0 2 3 18
0020 0 1 3 1 1 1 0 3 3 19
0020 0 1 6 3 2 0 0 4 3 20
0020 0 1 5 2 2 1 0 0 4 21
0020 0 1 0 0 0 1 0 1 4 22
0020 0 1 6 3 4 0 0 2 4 23
0020 0 1 3 1 1 1 0 3 4 24
0020 0 1 7 4 4 1 0 4 4 25
0020 0 1 5 2 3 0 0 0 5 26
0020 0 1 0 0 0 1 0 1 5 27
0020 0 1 3 1 3 0 0 2 5 28
0020 0 1 6 3 3 1 0 3 5 29
0020 0 1 7 4 4 1 0 4 5 30
0020 0 1 6 3 2 0 0 0 6 31
0020 0 1 5 2 1 0 0 1 6 32
0020 0 1 0 0 0 1 0 2 6 33
0020 0 1 7 4 4 1 0 3 6 34
0020 0 1 3 1 1 1 0 4 6 35
0020 0 1 5 2 2 1 0 0 7 36
0020 0 1 3 1 3 0 0 1 7 37
0020 0 1 7 4 4 1 0 2 7 38
0020 0 1 0 0 0 1 0 3 7 39
0020 0 1 6 3 3 1 0 4 7 40
0020 0 1 0 0 0 1 0 0 8 41
0020 0 1 7 4 4 1 0 1 8 42
0020 0 1 5 2 2 1 0 2 8 43
0020 0 1 3 1 1 1 0 3 8 44
0020 0 1 6 3 3 1 0 4 8 45
0020 0 1 7 4 4 1 1 0 9 46
0020 0 1 3 1 1 1 1 1 9 47
0020 0 1 6 3 2 0 1 2 9 48
0020 0 1 0 0 9 0 1 3 9 49
0020 0 1 5 2 2 1 1 4 9 50
0020 0 1 0 0 0 1 0 0 10 51
0020 0 1 3 1 1 1 0 1 10 52
0020 0 1 6 3 3 1 0 2 10 53
0020 0 1 7 4 4 1 0 3 10 54
0020 0 1 5 2 2 1 0 4 10 55
0020 0 1 0 0 0 1 1 0 11 56
0020 0 1 7 4 4 1 1 1 11 57
0020 0 1 3 1 1 1 1 2 11 58
0020 0 1 5 2 3 0 1 3 11 59
0020 0 1 6 3 2 0 1 4 11 60
0020 0 1 6 3 3 1 0 0 12 61
0020 0 1 5 2 2 1 0 1 12 62
0020 0 1 0 0 0 1 0 2 12 63
0020 0 1 3 1 1 1 0 3 12 64
0020 0 1 7 4 4 1 0 4 12 65
0020 0 1 7 4 4 1 1 0 13 66
0020 0 1 0 0 0 1 1 1 13 67
0020 0 1 5 2 2 1 1 2 13 68
0020 0 1 3 1 1 1 1 3 13 69
0020 0 1 6 3 3 1 1 4 13 70
