0020 1 3 7 4 9 0 0 0 0 01
0020 1 3 1 1 1 1 0 1 0 02
0020 1 3 4 3 3 1 0 2 0 03
0020 1 3 2 2 2 1 0 3 0 04
0020 1 3 0 0 0 1 0 4 0 05
0020 1 3 7 4 4 1 0 0 1 06
0020 1 3 1 1 1 1 0 1 1 07
0020 1 3 4 3 3 1 0 2 1 08
0020 1 3 0 0 0 1 0 3 1 09
0020 1 3 2 2 2 1 0 4 1 10
0020 1 3 7 4 4 1 1 0 2 11
0020 1 3 0 0 0 1 1 1 2 12
0020 1 3 4 3 3 1 1 2 2 13
0020 1 3 1 1 1 1 1 3 2 14
0020 1 3 2 2 2 1 1 4 2 15
0020 1 2 0 0 0 1 0 0 0 01
0020 1 2 6 3 3 1 0 1 0 02
0020 1 2 3 1 1 1 0 2 0 03
0020 1 2 7 4 4 1 0 3 0 04
0020 1 2 5 2 0 0 0 4 0 05
0020 1 2 7 4 1 0 0 0 1 06
0020 1 2 3 1 1 1 0 1 1 07
0020 1 2 0 0 0 1 0 2 1 08
0020 1 2 6 3 3 1 0 3 1 09
0020 1 2 5 2 2 1 0 4 1 10
0020 1 2 0 0 0 1 0 0 2 11
0020 1 2 7 4 4 1 0 1 2 12
0020 1 2 3 1 3 0 0 2 2 13
0020 1 2 5 2 2 1 0 3 2 14
0020 1 2 6 3 3 1 0 4 2 15
0020 1 2 0 0 0 1 0 0 3 16
0020 1 2 5 2 3 0 0 1 3 17
0020 1 2 6 3 3 1 0 2 3 18
0020 1 2 3 1 1 1 0 3 3 19
0020 1 2 7 4 4 1 0 4 3 20
0020 1 2 7 4 4 1 0 0 4 21
0020 1 2 0 0 0 1 0 1 4 22
0020 1 2 3 1 2 0 0 2 4 23
0020 1 2 5 2 2 1 0 3 4 24
0020 1 2 6 3 3 1 0 4 4 25
0020 1 2 0 0 0 1 0 0 5 26
0020 1 2 3 1 1 1 0 1 5 27
0020 1 2 7 4 4 1 0 2 5 28
0020 1 2 6 3 3 1 0 3 5 29
0020 1 2 5 2 2 1 0 4 5 30
0020 1 2 6 3 3 1 1 0 6 31
0020 1 2 7 4 4 1 1 1 6 32
0020 1 2 5 2 2 1 1 2 6 33
0020 1 2 3 1 1 1 1 3 6 34
0020 1 2 0 0 0 1 1 4 6 35
0020 1 0 7 4 4 1 0 0 0 01
0020 1 0 2 2 2 1 0 1 0 02
0020 1 0 0 0 1 0 0 2 0 03
0020 1 0 1 1 0 0 0 3 0 04
0020 1 0 4 3 3 1 0 4 0 05
0020 1 0 7 4 4 1 0 0 1 06
0020 1 0 2 2 2 1 0 1 1 07
0020 1 0 0 0 1 0 0 2 1 08
0020 1 0 1 1 1 1 0 3 1 09
0020 1 0 4 3 3 1 0 4 1 10
0020 1 0 1 1 2 0 0 0 2 11
0020 1 0 7 4 4 1 0 1 2 12
0020 1 0 0 0 0 1 0 2 2 13
0020 1 0 2 2 1 0 0 3 2 14
0020 1 0 4 3 3 1 0 4 2 15
0020 1 0 4 3 3 1 0 0 3 16
0020 1 0 2 2 2 1 0 1 3 17
0020 1 0 1 1 1 1 0 2 3 18
0020 1 0 7 4 4 1 0 3 3 19
0020 1 0 0 0 0 1 0 4 3 20
0020 1 0 0 0 0 1 1 0 4 21
0020 1 0 4 3 2 0 1 1 4 22
0020 1 0 2 2 2 1 1 2 4 23
0020 1 0 1 1 2 0 1 3 4 24
0020 1 0 7 4 4 1 1 4 4 25
0020 1 0 0 0 0 1 0 0 5 26
0020 1 0 4 3 2 0 0 1 5 27
0020 1 0 1 1 1 1 0 2 5 28
0020 1 0 2 2 1 0 0 3 5 29
0020 1 0 7 4 4 1 0 4 5 30
0020 1 0 2 2 2 1 0 0 6 31
0020 1 0 1 1 1 1 0 1 6 32
0020 1 0 0 0 0 1 0 2 6 33
0020 1 0 4 3 3 1 0 3 6 34
0020 1 0 7 4 4 1 0 4 6 35
0020 1 0 0 0 1 0 1 0 7 36
0020 1 0 7 4 4 1 1 1 7 37
0020 1 0 4 3 3 1 1 2 7 38
0020 1 0 2 2 2 1 1 3 7 39
0020 1 0 1 1 1 1 1 4 7 40
0020 1 0 0 0 0 1 0 0 8 41
0020 1 0 7 4 4 1 0 1 8 42
0020 1 0 2 2 2 1 0 2 8 43
0020 1 0 4 3 3 1 0 3 8 44
0020 1 0 1 1 1 1 0 4 8 45
0020 1 0 7 4 4 1 1 0 9 46
0020 1 0 0 0 1 0 1 1 9 47
0020 1 0 2 2 1 0 1 2 9 48
0020 1 0 4 3 3 1 1 3 9 49
0020 1 0 1 1 1 1 1 4 9 50
0020 1 0 2 2 2 1 0 0 10 51
0020 1 0 0 0 1 0 0 1 10 52
0020 1 0 1 1 0 0 0 2 10 53
0020 1 0 4 3 2 0 0 3 10 54
0020 1 0 7 4 4 1 0 4 10 55
0020 1 0 2 2 2 1 0 0 11 56
0020 1 0 1 1 2 0 0 1 11 57
0020 1 0 4 3 2 0 0 2 11 58
0020 1 0 0 0 0 1 0 3 11 59
0020 1 0 7 4 4 1 0 4 11 60
0020 1 0 7 4 4 1 0 0 12 61
0020 1 0 0 0 0 1 0 1 12 62
0020 1 0 2 2 1 0 0 2 12 63
0020 1 0 4 3 2 0 0 3 12 64
0020 1 0 1 1 1 1 0 4 12 65
0020 1 0 4 3 3 1 0 0 13 66
0020 1 0 2 2 2 1 0 1 13 67
0020 1 0 7 4 4 1 0 2 13 68
0020 1 0 0 0 0 1 0 3 13 69
0020 1 0 1 1 1 1 0 4 13 70
0020 1 0 4 3 3 1 1 0 14 71
0020 1 0 1 1 2 0 1 1 14 72
0020 1 0 2 2 2 1 1 2 14 73
0020 1 0 7 4 4 1 1 3 14 74
0020 1 0 0 0 0 1 1 4 14 75
0020 1 0 1 1 1 1 0 0 15 76
0020 1 0 7 4 4 1 0 1 15 77
0020 1 0 4 3 3 1 0 2 15 78
0020 1 0 0 0 0 1 0 3 15 79
0020 1 0 2 2 1 0 0 4 15 80
0020 1 0 4 3 2 0 0 0 16 81
0020 1 0 7 4 4 1 0 1 16 82
0020 1 0 1 1 2 0 0 2 16 83
0020 1 0 2 2 1 0 0 3 16 84
0020 1 0 0 0 2 0 0 4 16 85
0020 1 0 2 2 2 1 0 0 17 86
0020 1 0 1 1 2 0 0 1 17 87
0020 1 0 7 4 4 1 0 2 17 88
0020 1 0 4 3 3 1 0 3 17 89
0020 1 0 0 0 1 0 0 4 17 90
0020 1 0 0 0 0 1 0 0 18 91
0020 1 0 2 2 2 1 0 1 18 92
0020 1 0 1 1 1 1 0 2 18 93
0020 1 0 7 4 4 1 0 3 18 94
0020 1 0 4 3 3 1 0 4 18 95
0020 1 0 7 4 4 1 1 0 19 96
0020 1 0 0 0 1 0 1 1 19 97
0020 1 0 4 3 0 0 1 2 19 98
0020 1 0 2 2 2 1 1 3 19 99
0020 1 0 1 1 1 1 1 4 19 100
0020 1 0 7 4 4 1 0 0 20 101
0020 1 0 4 3 3 1 0 1 20 102
0020 1 0 0 0 1 0 0 2 20 103
0020 1 0 2 2 2 1 0 3 20 104
0020 1 0 1 1 1 1 0 4 20 105
0020 1 0 1 1 0 0 0 0 21 106
0020 1 0 0 0 0 1 0 1 21 107
0020 1 0 4 3 3 1 0 2 21 108
0020 1 0 2 2 2 1 0 3 21 109
0020 1 0 7 4 4 1 0 4 21 110
0020 1 0 0 0 1 0 0 0 22 111
0020 1 0 7 4 4 1 0 1 22 112
0020 1 0 1 1 2 0 0 2 22 113
0020 1 0 2 2 1 0 0 3 22 114
0020 1 0 4 3 3 1 0 4 22 115
0020 1 0 1 1 1 1 0 0 23 116
0020 1 0 2 2 2 1 0 1 23 117
0020 1 0 0 0 0 1 0 2 23 118
0020 1 0 7 4 4 1 0 3 23 119
0020 1 0 4 3 3 1 0 4 23 120
0020 1 0 1 1 2 0 1 0 24 121
0020 1 0 4 3 2 0 1 1 24 122
0020 1 0 2 2 2 1 1 2 24 123
0020 1 0 0 0 0 1 1 3 24 124
0020 1 0 7 4 4 1 1 4 24 125
0020 1 0 7 4 4 1 0 0 25 126
0020 1 0 2 2 2 1 0 1 25 127
0020 1 0 0 0 1 0 0 2 25 128
0020 1 0 1 1 0 0 0 3 25 129
0020 1 0 4 3 2 0 0 4 25 130
0020 1 0 1 1 2 0 0 0 26 131
0020 1 0 2 2 2 1 0 1 26 132
0020 1 0 7 4 4 1 0 2 26 133
0020 1 0 0 0 0 1 0 3 26 134
0020 1 0 4 3 3 1 0 4 26 135
0020 1 0 0 0 1 0 0 0 27 136
0020 1 0 1 1 2 0 0 1 27 137
0020 1 0 2 2 2 1 0 2 27 138
0020 1 0 4 3 3 1 0 3 27 139
0020 1 0 7 4 4 1 0 4 27 140
0020 1 0 7 4 4 1 0 0 28 141
0020 1 0 4 3 3 1 0 1 28 142
0020 1 0 0 0 0 1 0 2 28 143
0020 1 0 2 2 1 0 0 3 28 144
0020 1 0 1 1 1 1 0 4 28 145
0020 1 0 4 3 3 1 0 0 29 146
0020 1 0 1 1 1 1 0 1 29 147
0020 1 0 0 0 0 1 0 2 29 148
0020 1 0 7 4 4 1 0 3 29 149
0020 1 0 2 2 2 1 0 4 29 150
0020 1 0 7 4 4 1 1 0 30 151
0020 1 0 2 2 2 1 1 1 30 152
0020 1 0 1 1 1 1 1 2 30 153
0020 1 0 0 0 0 1 1 3 30 154
0020 1 0 4 3 3 1 1 4 30 155
0020 1 1 4 3 2 0 0 0 0 01
0020 1 1 1 1 1 1 0 1 0 02
0020 1 1 2 2 2 1 0 2 0 03
0020 1 1 0 0 0 1 0 3 0 04
0020 1 1 7 4 4 1 0 4 0 05
0020 1 1 1 1 1 1 0 0 1 06
0020 1 1 0 0 0 1 0 1 1 07
0020 1 1 2 2 2 1 0 2 1 08
0020 1 1 4 3 3 1 0 3 1 09
0020 1 1 7 4 4 1 0 4 1 10
0020 1 1 0 0 0 1 1 0 2 11
0020 1 1 2 2 1 0 1 1 2 12
0020 1 1 1 1 1 1 1 2 2 13
0020 1 1 4 3 3 1 1 3 2 14
0020 1 1 7 4 4 1 1 4 2 15
0020 1 1 4 3 3 1 0 0 3 16
0020 1 1 7 4 4 1 0 1 3 17
0020 1 1 0 0 0 1 0 2 3 18
0020 1 1 1 1 1 1 0 3 3 19
0020 1 1 2 2 3 0 0 4 3 20
0020 1 1 1 1 1 1 0 0 4 21
0020 1 1 0 0 0 1 0 1 4 22
0020 1 1 2 2 2 1 0 2 4 23
0020 1 1 4 3 3 1 0 3 4 24
0020 1 1 7 4 4 1 0 4 4 25
0020 1 1 0 0 0 1 1 0 5 26
0020 1 1 2 2 2 1 1 1 5 27
0020 1 1 4 3 3 1 1 2 5 28
0020 1 1 7 4 4 1 1 3 5 29
0020 1 1 1 1 1 1 1 4 5 30
