0021 0 3 7 4 0 0 0 0 0 01
0021 0 3 1 1 1 1 0 1 0 02
0021 0 3 4 3 4 0 0 2 0 03
0021 0 3 2 2 0 0 0 3 0 04
0021 0 3 0 0 3 0 0 4 0 05
0021 0 3 7 4 3 0 0 0 1 06
0021 0 3 1 1 1 1 0 1 1 07
0021 0 3 4 3 3 1 0 2 1 08
0021 0 3 0 0 4 0 0 3 1 09
0021 0 3 2 2 2 1 0 4 1 10
0021 0 3 7 4 4 1 0 0 2 11
0021 0 3 0 0 3 0 0 1 2 12
0021 0 3 4 3 1 0 0 2 2 13
0021 0 3 1 1 1 1 0 3 2 14
0021 0 3 2 2 2 1 0 4 2 15
0021 0 3 7 4 4 1 0 0 3 16
0021 0 3 1 1 1 1 0 1 3 17
0021 0 3 2 2 0 0 0 2 3 18
0021 0 3 4 3 0 0 0 3 3 19
0021 0 3 0 0 4 0 0 4 3 20
0021 0 3 2 2 2 1 0 0 4 21
0021 0 3 0 0 0 1 0 1 4 22
0021 0 3 4 3 3 1 0 2 4 23
0021 0 3 7 4 4 1 0 3 4 24
0021 0 3 1 1 1 1 0 4 4 25
0021 0 3 7 4 4 1 1 0 5 26
0021 0 3 2 2 2 1 1 1 5 27
0021 0 3 4 3 3 1 1 2 5 28
0021 0 3 1 1 1 1 1 3 5 29
0021 0 3 0 0 0 1 1 4 5 30
0021 0 2 2 2 3 0 0 0 0 01
0021 0 2 4 3 4 0 0 1 0 02
0021 0 2 1 1 1 1 0 2 0 03
0021 0 2 7 4 0 0 0 3 0 04
0021 0 2 0 0 0 1 0 4 0 05
0021 0 2 7 4 4 1 0 0 1 06
0021 0 2 1 1 1 1 0 1 1 07
0021 0 2 2 2 2 1 0 2 1 08
0021 0 2 4 3 3 1 0 3 1 09
0021 0 2 0 0 4 0 0 4 1 10
0021 0 2 2 2 2 1 0 0 2 11
0021 0 2 7 4 0 0 0 1 2 12
0021 0 2 1 1 3 0 0 2 2 13
0021 0 2 0 0 0 1 0 3 2 14
0021 0 2 4 3 3 1 0 4 2 15
0021 0 2 2 2 4 0 0 0 3 16
0021 0 2 0 0 4 0 0 1 3 17
0021 0 2 4 3 4 0 0 2 3 18
0021 0 2 1 1 1 1 0 3 3 19
0021 0 2 7 4 2 0 0 4 3 20
0021 0 2 7 4 4 1 0 0 4 21
0021 0 2 2 2 2 1 0 1 4 22
0021 0 2 1 1 1 1 0 2 4 23
0021 0 2 0 0 0 1 0 3 4 24
0021 0 2 4 3 3 1 0 4 4 25
0021 0 2 2 2 2 1 1 0 5 26
0021 0 2 1 1 1 1 1 1 5 27
0021 0 2 7 4 4 1 1 2 5 28
0021 0 2 4 3 3 1 1 3 5 29
0021 0 2 0 0 0 1 1 4 5 30
0021 0 0 3 1 0 0 0 0 0 01
0021 0 0 7 4 2 0 0 1 0 02
0021 0 0 0 0 0 1 0 2 0 03
0021 0 0 6 3 1 0 0 3 0 04
0021 0 0 5 2 2 1 0 4 0 05
0021 0 0 3 1 1 1 0 0 1 06
0021 0 0 7 4 4 1 0 1 1 07
0021 0 0 0 0 0 1 0 2 1 08
0021 0 0 6 3 2 0 0 3 1 09
0021 0 0 5 2 2 1 0 4 1 10
0021 0 0 6 3 3 1 0 0 2 11
0021 0 0 3 1 1 1 0 1 2 12
0021 0 0 0 0 0 1 0 2 2 13
0021 0 0 7 4 4 1 0 3 2 14
0021 0 0 5 2 2 1 0 4 2 15
0021 0 0 5 2 2 1 1 0 3 16
0021 0 0 7 4 3 0 1 1 3 17
0021 0 0 6 3 3 1 1 2 3 18
0021 0 0 3 1 1 1 1 3 3 19
0021 0 0 0 0 0 1 1 4 3 20
0021 0 0 0 0 0 1 0 0 4 21
0021 0 0 5 2 2 1 0 1 4 22
0021 0 0 7 4 4 1 0 2 4 23
0021 0 0 6 3 3 1 0 3 4 24
0021 0 0 3 1 1 1 0 4 4 25
0021 0 0 0 0 0 1 1 0 5 26
0021 0 0 5 2 2 1 1 1 5 27
0021 0 0 6 3 3 1 1 2 5 28
0021 0 0 7 4 4 1 1 3 5 29
0021 0 0 3 1 1 1 1 4 5 30
0021 0 1 1 1 1 1 0 0 0 01
0021 0 1 4 3 4 0 0 1 0 02
0021 0 1 2 2 4 0 0 2 0 03
0021 0 1 7 4 4 1 0 3 0 04
0021 0 1 0 0 0 1 0 4 0 05
0021 0 1 4 3 1 0 0 0 1 06
0021 0 1 7 4 0 0 0 1 1 07
0021 0 1 0 0 0 1 0 2 1 08
0021 0 1 1 1 1 1 0 3 1 09
0021 0 1 2 2 2 1 0 4 1 10
0021 0 1 2 2 3 0 0 0 2 11
0021 0 1 0 0 0 1 0 1 2 12
0021 0 1 4 3 4 0 0 2 2 13
0021 0 1 1 1 0 0 0 3 2 14
0021 0 1 7 4 0 0 0 4 2 15
0021 0 1 0 0 0 1 0 0 3 16
0021 0 1 2 2 1 0 0 1 3 17
0021 0 1 7 4 0 0 0 2 3 18
0021 0 1 4 3 3 1 0 3 3 19
0021 0 1 1 1 0 0 0 4 3 20
0021 0 1 1 1 1 1 0 0 4 21
0021 0 1 7 4 0 0 0 1 4 22
0021 0 1 0 0 0 1 0 2 4 23
0021 0 1 4 3 1 0 0 3 4 24
0021 0 1 2 2 2 1 0 4 4 25
0021 0 1 7 4 0 0 0 0 5 26
0021 0 1 2 2 2 1 0 1 5 27
0021 0 1 1 1 1 1 0 2 5 28
0021 0 1 4 3 3 1 0 3 5 29
0021 0 1 0 0 0 1 0 4 5 30
0021 0 1 2 2 2 1 0 0 6 31
0021 0 1 1 1 1 1 0 1 6 32
0021 0 1 4 3 4 0 0 2 6 33
0021 0 1 7 4 4 1 0 3 6 34
0021 0 1 0 0 0 1 0 4 6 35
0021 0 1 1 1 1 1 0 0 7 36
0021 0 1 0 0 0 1 0 1 7 37
0021 0 1 7 4 4 1 0 2 7 38
0021 0 1 4 3 3 1 0 3 7 39
0021 0 1 2 2 2 1 0 4 7 40
0021 0 1 1 1 1 1 1 0 8 41
0021 0 1 4 3 3 1 1 1 8 42
0021 0 1 2 2 2 1 1 2 8 43
0021 0 1 7 4 0 0 1 3 8 44
0021 0 1 0 0 0 1 1 4 8 45
0021 0 1 4 3 3 1 0 0 9 46
0021 0 1 7 4 4 1 0 1 9 47
0021 0 1 0 0 0 1 0 2 9 48
0021 0 1 1 1 2 0 0 3 9 49
0021 0 1 2 2 2 1 0 4 9 50
0021 0 1 0 0 0 1 0 0 10 51
0021 0 1 7 4 4 1 0 1 10 52
0021 0 1 4 3 3 1 0 2 10 53
0021 0 1 2 2 2 1 0 3 10 54
0021 0 1 1 1 1 1 0 4 10 55
0021 0 1 4 3 3 1 1 0 11 56
0021 0 1 0 0 0 1 1 1 11 57
0021 0 1 2 2 2 1 1 2 11 58
0021 0 1 1 1 1 1 1 3 11 59
0021 0 1 7 4 4 1 1 4 11 60
