0021 1 3 7 4 9 0 0 0 0 01
0021 1 3 1 1 9 0 0 1 0 02
0021 1 3 4 3 9 0 0 2 0 03
0021 1 3 2 2 9 0 0 3 0 04
0021 1 3 0 0 9 0 0 4 0 05
0021 1 3 7 4 4 1 0 0 1 06
0021 1 3 1 1 1 1 0 1 1 07
0021 1 3 4 3 3 1 0 2 1 08
0021 1 3 0 0 0 1 0 3 1 09
0021 1 3 2 2 2 1 0 4 1 10
0021 1 3 7 4 4 1 1 0 2 11
0021 1 3 0 0 0 1 1 1 2 12
0021 1 3 4 3 3 1 1 2 2 13
0021 1 3 1 1 1 1 1 3 2 14
0021 1 3 2 2 2 1 1 4 2 15
0021 1 2 0 0 9 0 0 0 0 01
0021 1 2 6 3 9 0 0 1 0 02
0021 1 2 3 1 9 0 0 2 0 03
0021 1 2 7 4 9 0 0 3 0 04
0021 1 2 5 2 9 0 0 4 0 05
0021 1 2 7 4 4 1 0 0 1 06
0021 1 2 3 1 1 1 0 1 1 07
0021 1 2 0 0 0 1 0 2 1 08
0021 1 2 6 3 3 1 0 3 1 09
0021 1 2 5 2 2 1 0 4 1 10
0021 1 2 0 0 0 1 1 0 2 11
0021 1 2 7 4 4 1 1 1 2 12
0021 1 2 3 1 1 1 1 2 2 13
0021 1 2 5 2 2 1 1 3 2 14
0021 1 2 6 3 3 1 1 4 2 15
0021 1 0 7 4 9 0 0 0 0 01
0021 1 0 3 1 9 0 0 1 0 02
0021 1 0 6 3 9 0 0 2 0 03
0021 1 0 5 2 9 0 0 3 0 04
0021 1 0 0 0 9 0 0 4 0 05
0021 1 0 7 4 4 1 0 0 1 06
0021 1 0 3 1 1 1 0 1 1 07
0021 1 0 6 3 3 1 0 2 1 08
0021 1 0 5 2 2 1 0 3 1 09
0021 1 0 0 0 0 1 0 4 1 10
0021 1 0 5 2 2 1 1 0 2 11
0021 1 0 7 4 4 1 1 1 2 12
0021 1 0 6 3 3 1 1 2 2 13
0021 1 0 3 1 1 1 1 3 2 14
0021 1 0 0 0 0 1 1 4 2 15
0021 1 1 0 0 9 0 0 0 0 01
0021 1 1 6 3 9 0 0 1 0 02
0021 1 1 7 4 9 0 0 2 0 03
0021 1 1 3 1 9 0 0 3 0 04
0021 1 1 5 2 9 0 0 4 0 05
0021 1 1 0 0 0 1 0 0 1 06
0021 1 1 3 1 1 1 0 1 1 07
0021 1 1 5 2 2 1 0 2 1 08
0021 1 1 6 3 3 1 0 3 1 09
0021 1 1 7 4 4 1 0 4 1 10
0021 1 1 6 3 2 0 1 0 2 11
0021 1 1 0 0 0 1 1 1 2 12
0021 1 1 3 1 1 1 1 2 2 13
0021 1 1 5 2 2 1 1 3 2 14
0021 1 1 7 4 4 1 1 4 2 15
0021 1 1 5 2 3 0 0 0 3 16
0021 1 1 6 3 2 0 0 1 3 17
0021 1 1 3 1 1 1 0 2 3 18
0021 1 1 0 0 0 1 0 3 3 19
0021 1 1 7 4 4 1 0 4 3 20
0021 1 1 5 2 2 1 0 0 4 21
0021 1 1 3 1 1 1 0 1 4 22
0021 1 1 6 3 3 1 0 2 4 23
0021 1 1 7 4 4 1 0 3 4 24
0021 1 1 0 0 0 1 0 4 4 25
0021 1 1 6 3 3 1 1 0 5 26
0021 1 1 7 4 4 1 1 1 5 27
0021 1 1 0 0 0 1 1 2 5 28
0021 1 1 3 1 1 1 1 3 5 29
0021 1 1 5 2 2 1 1 4 5 30
