0022 1 3 7 4 3 0 0 0 0 01
0022 1 3 1 1 0 0 0 1 0 02
0022 1 3 4 3 2 0 0 2 0 03
0022 1 3 2 2 0 0 0 3 0 04
0022 1 3 0 0 0 1 0 4 0 05
0022 1 3 7 4 4 1 0 0 1 06
0022 1 3 1 1 1 1 0 1 1 07
0022 1 3 4 3 3 1 0 2 1 08
0022 1 3 0 0 2 0 0 3 1 09
0022 1 3 2 2 2 1 0 4 1 10
0022 1 3 7 4 4 1 0 0 2 11
0022 1 3 0 0 0 1 0 1 2 12
0022 1 3 4 3 3 1 0 2 2 13
0022 1 3 1 1 1 1 0 3 2 14
0022 1 3 2 2 2 1 0 4 2 15
0022 1 3 7 4 4 1 1 0 3 16
0022 1 3 1 1 1 1 1 1 3 17
0022 1 3 2 2 2 1 1 2 3 18
0022 1 3 4 3 3 1 1 3 3 19
0022 1 3 0 0 0 1 1 4 3 20
0022 1 2 1 1 0 0 0 0 0 01
0022 1 2 2 2 3 0 0 1 0 02
0022 1 2 4 3 3 1 0 2 0 03
0022 1 2 7 4 4 1 0 3 0 04
0022 1 2 0 0 0 1 0 4 0 05
0022 1 2 7 4 2 0 0 0 1 06
0022 1 2 4 3 3 1 0 1 1 07
0022 1 2 1 1 1 1 0 2 1 08
0022 1 2 2 2 2 1 0 3 1 09
0022 1 2 0 0 0 1 0 4 1 10
0022 1 2 1 1 1 1 0 0 2 11
0022 1 2 7 4 4 1 0 1 2 12
0022 1 2 4 3 3 1 0 2 2 13
0022 1 2 0 0 0 1 0 3 2 14
0022 1 2 2 2 2 1 0 4 2 15
0022 1 2 1 1 1 1 1 0 3 16
0022 1 2 0 0 0 1 1 1 3 17
0022 1 2 2 2 2 1 1 2 3 18
0022 1 2 4 3 3 1 1 3 3 19
0022 1 2 7 4 4 1 1 4 3 20
0022 1 0 0 0 0 1 0 0 0 01
0022 1 0 5 2 2 1 0 1 0 02
0022 1 0 7 4 3 0 0 2 0 03
0022 1 0 6 3 3 1 0 3 0 04
0022 1 0 3 1 1 1 0 4 0 05
0022 1 0 0 0 0 1 0 0 1 06
0022 1 0 5 2 2 1 0 1 1 07
0022 1 0 7 4 4 1 0 2 1 08
0022 1 0 6 3 3 1 0 3 1 09
0022 1 0 3 1 1 1 0 4 1 10
0022 1 0 6 3 2 0 1 0 2 11
0022 1 0 0 0 0 1 1 1 2 12
0022 1 0 7 4 4 1 1 2 2 13
0022 1 0 5 2 2 1 1 3 2 14
0022 1 0 3 1 1 1 1 4 2 15
0022 1 0 3 1 1 1 0 0 3 16
0022 1 0 5 2 2 1 0 1 3 17
0022 1 0 6 3 3 1 0 2 3 18
0022 1 0 0 0 0 1 0 3 3 19
0022 1 0 7 4 4 1 0 4 3 20
0022 1 0 7 4 4 1 1 0 4 21
0022 1 0 3 1 1 1 1 1 4 22
0022 1 0 5 2 2 1 1 2 4 23
0022 1 0 6 3 3 1 1 3 4 24
0022 1 0 0 0 0 1 1 4 4 25
0022 1 1 0 0 0 1 0 0 0 01
0022 1 1 5 2 4 0 0 1 0 02
0022 1 1 3 1 1 1 0 2 0 03
0022 1 1 6 3 3 1 0 3 0 04
0022 1 1 7 4 4 1 0 4 0 05
0022 1 1 5 2 2 1 0 0 1 06
0022 1 1 6 3 3 1 0 1 1 07
0022 1 1 3 1 1 1 0 2 1 08
0022 1 1 0 0 0 1 0 3 1 09
0022 1 1 7 4 4 1 0 4 1 10
0022 1 1 6 3 3 1 1 0 2 11
0022 1 1 3 1 2 0 1 1 2 12
0022 1 1 5 2 1 0 1 2 2 13
0022 1 1 0 0 0 1 1 3 2 14
0022 1 1 7 4 4 1 1 4 2 15
0022 1 1 7 4 4 1 0 0 3 16
0022 1 1 3 1 2 0 0 1 3 17
0022 1 1 0 0 0 1 0 2 3 18
0022 1 1 6 3 3 1 0 3 3 19
0022 1 1 5 2 2 1 0 4 3 20
0022 1 1 3 1 1 1 0 0 4 21
0022 1 1 7 4 0 0 0 1 4 22
0022 1 1 5 2 3 0 0 2 4 23
0022 1 1 6 3 2 0 0 3 4 24
0022 1 1 0 0 0 1 0 4 4 25
0022 1 1 7 4 4 1 0 0 5 26
0022 1 1 3 1 2 0 0 1 5 27
0022 1 1 5 2 2 1 0 2 5 28
0022 1 1 0 0 0 1 0 3 5 29
0022 1 1 6 3 3 1 0 4 5 30
0022 1 1 7 4 4 1 0 0 6 31
0022 1 1 6 3 3 1 0 1 6 32
0022 1 1 0 0 1 0 0 2 6 33
0022 1 1 3 1 2 0 0 3 6 34
0022 1 1 5 2 1 0 0 4 6 35
0022 1 1 6 3 3 1 0 0 7 36
0022 1 1 5 2 2 1 0 1 7 37
0022 1 1 3 1 1 1 0 2 7 38
0022 1 1 7 4 4 1 0 3 7 39
0022 1 1 0 0 0 1 0 4 7 40
0022 1 1 3 1 2 0 1 0 8 41
0022 1 1 0 0 0 1 1 1 8 42
0022 1 1 5 2 3 0 1 2 8 43
0022 1 1 7 4 4 1 1 3 8 44
0022 1 1 6 3 2 0 1 4 8 45
0022 1 1 0 0 0 1 0 0 9 46
0022 1 1 5 2 3 0 0 1 9 47
0022 1 1 7 4 3 0 0 2 9 48
0022 1 1 6 3 3 1 0 3 9 49
0022 1 1 3 1 2 0 0 4 9 50
0022 1 1 7 4 0 0 0 0 10 51
0022 1 1 5 2 4 0 0 1 10 52
0022 1 1 0 0 0 1 0 2 10 53
0022 1 1 3 1 1 1 0 3 10 54
0022 1 1 6 3 2 0 0 4 10 55
0022 1 1 3 1 1 1 0 0 11 56
0022 1 1 0 0 0 1 0 1 11 57
0022 1 1 7 4 4 1 0 2 11 58
0022 1 1 5 2 3 0 0 3 11 59
0022 1 1 6 3 3 1 0 4 11 60
0022 1 1 7 4 4 1 0 0 12 61
0022 1 1 3 1 2 0 0 1 12 62
0022 1 1 5 2 3 0 0 2 12 63
0022 1 1 0 0 1 0 0 3 12 64
0022 1 1 6 3 3 1 0 4 12 65
0022 1 1 3 1 1 1 0 0 13 66
0022 1 1 5 2 2 1 0 1 13 67
0022 1 1 6 3 3 1 0 2 13 68
0022 1 1 0 0 0 1 0 3 13 69
0022 1 1 7 4 4 1 0 4 13 70
0022 1 1 7 4 4 1 1 0 14 71
0022 1 1 3 1 1 1 1 1 14 72
0022 1 1 6 3 3 1 1 2 14 73
0022 1 1 5 2 3 0 1 3 14 74
0022 1 1 0 0 0 1 1 4 14 75
0022 1 1 6 3 3 1 0 0 15 76
0022 1 1 7 4 4 1 0 1 15 77
0022 1 1 5 2 2 1 0 2 15 78
0022 1 1 3 1 1 1 0 3 15 79
0022 1 1 0 0 0 1 0 4 15 80
0022 1 1 7 4 4 1 1 0 16 81
0022 1 1 6 3 3 1 1 1 16 82
0022 1 1 3 1 1 1 1 2 16 83
0022 1 1 0 0 0 1 1 3 16 84
0022 1 1 5 2 2 1 1 4 16 85
