0023 0 3 7 4 9 0 0 0 0 01
0023 0 3 1 1 9 0 0 1 0 02
0023 0 3 4 3 9 0 0 2 0 03
0023 0 3 2 2 9 0 0 3 0 04
0023 0 3 0 0 9 0 0 4 0 05
0023 0 3 7 4 9 0 0 0 1 06
0023 0 3 1 1 1 1 0 1 1 07
0023 0 3 4 3 2 0 0 2 1 08
0023 0 3 0 0 1 0 0 3 1 09
0023 0 3 2 2 2 1 0 4 1 10
0023 0 3 7 4 4 1 0 0 2 11
0023 0 3 0 0 1 0 0 1 2 12
0023 0 3 4 3 2 0 0 2 2 13
0023 0 3 1 1 1 1 0 3 2 14
0023 0 3 2 2 2 1 0 4 2 15
0023 0 3 7 4 4 1 0 0 3 16
0023 0 3 1 1 1 1 0 1 3 17
0023 0 3 2 2 2 1 0 2 3 18
0023 0 3 4 3 3 1 0 3 3 19
0023 0 3 0 0 0 1 0 4 3 20
0023 0 3 2 2 2 1 1 0 4 21
0023 0 3 0 0 0 1 1 1 4 22
0023 0 3 4 3 3 1 1 2 4 23
0023 0 3 7 4 4 1 1 3 4 24
0023 0 3 1 1 1 1 1 4 4 25
0023 0 2 0 0 2 0 0 0 0 01
0023 0 2 6 3 2 0 0 1 0 02
0023 0 2 7 4 2 0 0 2 0 03
0023 0 2 5 2 2 1 0 3 0 04
0023 0 2 3 1 1 1 0 4 0 05
0023 0 2 5 2 2 1 0 0 1 06
0023 0 2 7 4 4 1 0 1 1 07
0023 0 2 0 0 0 1 0 2 1 08
0023 0 2 6 3 3 1 0 3 1 09
0023 0 2 3 1 1 1 0 4 1 10
0023 0 2 0 0 0 1 1 0 2 11
0023 0 2 5 2 2 1 1 1 2 12
0023 0 2 7 4 4 1 1 2 2 13
0023 0 2 3 1 1 1 1 3 2 14
0023 0 2 6 3 3 1 1 4 2 15
0023 0 0 5 2 2 1 0 0 0 01
0023 0 0 7 4 4 1 0 1 0 02
0023 0 0 6 3 1 0 0 2 0 03
0023 0 0 3 1 1 1 0 3 0 04
0023 0 0 0 0 0 1 0 4 0 05
0023 0 0 5 2 2 1 0 0 1 06
0023 0 0 7 4 4 1 0 1 1 07
0023 0 0 6 3 3 1 0 2 1 08
0023 0 0 3 1 1 1 0 3 1 09
0023 0 0 0 0 0 1 0 4 1 10
0023 0 0 3 1 0 0 1 0 2 11
0023 0 0 5 2 2 1 1 1 2 12
0023 0 0 6 3 3 1 1 2 2 13
0023 0 0 7 4 4 1 1 3 2 14
0023 0 0 0 0 0 1 1 4 2 15
0023 0 0 0 0 0 1 0 0 3 16
0023 0 0 7 4 4 1 0 1 3 17
0023 0 0 3 1 1 1 0 2 3 18
0023 0 0 5 2 2 1 0 3 3 19
0023 0 0 6 3 3 1 0 4 3 20
0023 0 0 6 3 3 1 1 0 4 21
0023 0 0 0 0 0 1 1 1 4 22
0023 0 0 7 4 4 1 1 2 4 23
0023 0 0 3 1 1 1 1 3 4 24
0023 0 0 5 2 2 1 1 4 4 25
0023 0 1 2 2 2 1 0 0 0 01
0023 0 1 7 4 1 0 0 1 0 02
0023 0 1 0 0 0 1 0 2 0 03
0023 0 1 1 1 0 0 0 3 0 04
0023 0 1 4 3 4 0 0 4 0 05
0023 0 1 0 0 2 0 0 0 1 06
0023 0 1 1 1 4 0 0 1 1 07
0023 0 1 4 3 2 0 0 2 1 08
0023 0 1 2 2 4 0 0 3 1 09
0023 0 1 7 4 0 0 0 4 1 10
0023 0 1 4 3 2 0 0 0 2 11
0023 0 1 1 1 2 0 0 1 2 12
0023 0 1 7 4 2 0 0 2 2 13
0023 0 1 0 0 0 1 0 3 2 14
0023 0 1 2 2 1 0 0 4 2 15
0023 0 1 0 0 2 0 0 0 3 16
0023 0 1 1 1 3 0 0 1 3 17
0023 0 1 2 2 2 1 0 2 3 18
0023 0 1 4 3 4 0 0 3 3 19
0023 0 1 7 4 4 1 0 4 3 20
0023 0 1 7 4 4 1 0 0 4 21
0023 0 1 2 2 2 1 0 1 4 22
0023 0 1 4 3 3 1 0 2 4 23
0023 0 1 0 0 0 1 0 3 4 24
0023 0 1 1 1 0 0 0 4 4 25
0023 0 1 0 0 0 1 0 0 5 26
0023 0 1 2 2 3 0 0 1 5 27
0023 0 1 7 4 4 1 0 2 5 28
0023 0 1 1 1 1 1 0 3 5 29
0023 0 1 4 3 3 1 0 4 5 30
0023 0 1 4 3 3 1 0 0 6 31
0023 0 1 2 2 2 1 0 1 6 32
0023 0 1 7 4 4 1 0 2 6 33
0023 0 1 0 0 0 1 0 3 6 34
0023 0 1 1 1 1 1 0 4 6 35
0023 0 1 4 3 2 0 1 0 7 36
0023 0 1 7 4 4 1 1 1 7 37
0023 0 1 2 2 2 1 1 2 7 38
0023 0 1 1 1 1 1 1 3 7 39
0023 0 1 0 0 0 1 1 4 7 40
0023 0 1 7 4 4 1 0 0 8 41
0023 0 1 2 2 2 1 0 1 8 42
0023 0 1 1 1 1 1 0 2 8 43
0023 0 1 0 0 0 1 0 3 8 44
0023 0 1 4 3 2 0 0 4 8 45
0023 0 1 1 1 2 0 0 0 9 46
0023 0 1 0 0 0 1 0 1 9 47
0023 0 1 4 3 3 1 0 2 9 48
0023 0 1 2 2 2 1 0 3 9 49
0023 0 1 7 4 0 0 0 4 9 50
0023 0 1 1 1 1 1 0 0 10 51
0023 0 1 2 2 2 1 0 1 10 52
0023 0 1 4 3 3 1 0 2 10 53
0023 0 1 0 0 0 1 0 3 10 54
0023 0 1 7 4 4 1 0 4 10 55
0023 0 1 2 2 2 1 1 0 11 56
0023 0 1 7 4 0 0 1 1 11 57
0023 0 1 4 3 3 1 1 2 11 58
0023 0 1 0 0 0 1 1 3 11 59
0023 0 1 1 1 1 1 1 4 11 60
0023 0 1 1 1 1 1 0 0 12 61
0023 0 1 0 0 0 1 0 1 12 62
0023 0 1 2 2 2 1 0 2 12 63
0023 0 1 7 4 4 1 0 3 12 64
0023 0 1 4 3 3 1 0 4 12 65
0023 0 1 4 3 3 1 1 0 13 66
0023 0 1 0 0 0 1 1 1 13 67
0023 0 1 2 2 2 1 1 2 13 68
0023 0 1 1 1 1 1 1 3 13 69
0023 0 1 7 4 4 1 1 4 13 70
