0 0 23 56 0 1 0
1 1 25 28 0 0 0
2 2 9 58 0 0 0
3 0 23 56 0 1 1
4 1 25 28 0 0 0
5 2 9 58 0 1 0
6 0 3 42 1 0 1
7 1 25 28 0 0 0
8 2 2 43 1 0 1
9 0 23 56 0 1 1
10 1 25 28 0 0 0
11 2 9 58 0 1 1
12 0 3 42 1 0 1
13 1 25 28 0 0 0
14 2 9 58 0 1 1
15 0 23 56 0 1 1
16 1 25 28 0 1 0
17 2 2 43 1 0 1
18 0 3 42 1 0 1
19 1 25 28 0 1 1
20 2 9 58 0 1 1
21 0 23 56 0 1 1
22 1 6 23 1 1 1
23 2 2 43 1 0 1
24 0 3 42 1 0 1
25 1 6 23 1 0 2
26 2 9 58 0 1 1
27 0 3 42 1 0 1
28 1 25 28 0 1 2
29 2 2 43 1 0 1
30 0 23 56 0 1 1
31 1 23 70 2 0 2
32 2 2 43 1 0 1
33 0 3 42 1 0 1
34 1 25 28 0 1 2
35 2 9 58 0 1 1
36 0 23 56 0 1 1
37 1 23 70 2 1 2
38 2 2 43 1 0 1
39 0 3 42 1 0 1
40 1 6 23 1 1 2
41 2 9 58 0 1 1
42 0 23 56 0 1 1
43 1 23 70 2 1 3
44 2 9 58 0 1 1
45 0 23 56 0 1 1
46 1 25 28 0 0 3
47 2 2 43 1 0 1
48 0 3 42 1 0 1
49 1 6 23 1 1 3
50 2 2 43 1 0 1
51 0 3 42 1 0 1
52 1 14 17 3 0 3
53 2 9 58 0 1 1
54 0 23 56 0 1 1
55 1 25 28 0 1 3
56 2 2 43 1 1 1
57 0 23 56 0 1 1
58 1 14 17 3 0 3
59 2 9 58 0 0 1
60 0 3 42 1 1 1
61 1 6 23 1 1 3
62 2 9 58 0 1 1
63 0 23 56 0 1 2
64 1 23 70 2 1 3
65 2 2 43 1 0 1
66 0 3 42 1 0 2
67 1 14 17 3 1 3
68 2 9 58 0 1 1
69 0 5 71 2 1 2
70 1 23 70 2 1 3
71 2 2 43 1 0 1
72 0 23 56 0 1 2
73 1 6 23 1 0 3
74 2 2 43 1 1 1
75 0 5 71 2 1 2
76 1 25 28 0 0 3
77 2 9 58 0 1 1
78 0 3 42 1 0 2
79 1 25 28 0 0 3
80 2 2 43 1 0 2
81 0 3 42 1 0 2
82 1 14 17 3 1 3
83 2 0 27 2 0 2
84 0 23 56 0 1 2
85 1 23 70 2 1 3
86 2 9 58 0 1 2
87 0 5 71 2 1 2
88 1 6 23 1 0 3
89 2 9 58 0 1 2
90 0 5 71 2 1 2
91 1 23 70 2 1 3
92 2 2 43 1 0 2
93 0 3 42 1 0 2
94 1 14 17 3 0 3
95 2 0 27 2 0 2
96 0 23 56 0 1 2
97 1 25 28 0 1 3
98 2 0 27 2 1 2
99 0 3 42 1 0 2
100 1 6 23 1 0 3
101 2 2 43 1 0 2
102 0 5 71 2 1 2
103 1 25 28 0 1 3
104 2 9 58 0 1 2
105 0 23 56 0 1 2
106 1 6 23 1 1 3
107 2 0 27 2 0 2
108 0 5 71 2 1 2
109 1 14 17 3 1 3
110 2 9 58 0 1 2
111 0 23 56 0 1 2
112 1 23 70 2 1 3
113 2 2 43 1 1 2
114 0 3 42 1 0 2
115 1 25 28 0 0 4
116 2 9 58 0 1 2
117 0 5 71 2 1 2
118 1 14 17 3 0 4
119 2 0 27 2 0 2
120 0 23 56 0 1 2
121 1 10 67 4 1 4
122 2 2 43 1 1 2
123 0 3 42 1 0 2
124 1 6 23 1 0 4
125 2 2 43 1 1 2
126 0 23 56 0 1 2
127 1 23 70 2 1 4
128 2 9 58 0 1 2
129 0 3 42 1 0 2
130 1 14 17 3 1 4
131 2 0 27 2 1 2
132 0 5 71 2 1 2
133 1 10 67 4 0 4
134 2 12 29 3 0 3
135 0 5 71 2 1 2
136 1 23 70 2 1 4
137 2 0 27 2 1 3
138 0 3 42 1 1 2
139 1 6 23 1 0 4
140 2 2 43 1 0 3
141 0 23 56 0 1 2
142 1 25 28 0 0 4
143 2 9 58 0 1 3
144 0 5 71 2 1 3
145 1 6 23 1 0 4
146 2 9 58 0 1 3
147 0 3 42 1 0 3
148 1 25 28 0 1 4
149 2 12 29 3 1 3
150 0 23 56 0 1 3
151 1 14 17 3 1 4
152 2 0 27 2 0 3
153 0 16 39 3 0 3
154 1 10 67 4 0 4
155 2 2 43 1 0 3
156 0 3 42 1 0 3
157 1 23 70 2 1 4
158 2 12 29 3 1 3
159 0 23 56 0 1 3
160 1 14 17 3 1 4
161 2 0 27 2 1 3
162 0 16 39 3 0 3
163 1 10 67 4 1 4
164 2 2 43 1 0 3
165 0 5 71 2 1 3
166 1 23 70 2 1 4
167 2 9 58 0 1 3
168 0 16 39 3 0 3
169 1 6 23 1 0 4
170 2 9 58 0 1 3
171 0 23 56 0 1 3
172 1 25 28 0 0 4
173 2 0 27 2 1 3
174 0 3 42 1 1 3
175 1 14 17 3 1 4
176 2 2 43 1 0 3
177 0 5 71 2 1 3
178 1 6 23 1 1 4
179 2 12 29 3 0 3
180 0 5 71 2 1 3
181 1 10 67 4 1 4
182 2 2 43 1 0 3
183 0 3 42 1 0 3
184 1 25 28 0 0 4
185 2 12 29 3 0 3
186 0 23 56 0 1 3
187 1 23 70 2 1 4
188 2 0 27 2 0 3
189 0 16 39 3 0 3
190 1 25 28 0 1 4
191 2 9 58 0 1 3
192 0 3 42 1 0 3
193 1 14 17 3 1 4
194 2 12 29 3 1 3
195 0 23 56 0 1 3
196 1 6 23 1 1 4
197 2 9 58 0 1 3
198 0 16 39 3 1 3
199 1 23 70 2 1 4
200 2 0 27 2 1 3
