19 000 0 23 56 00 1 00 56
19 001 1 25 28 00 0 00 56
19 002 2 09 58 00 1 00 58
19 003 0 23 56 00 1 01 56
19 004 1 25 28 00 1 00 28
19 005 2 09 58 00 1 01 58
19 006 0 03 42 01 1 01 42
19 007 1 06 23 01 1 01 23
19 008 2 02 43 01 0 01 28
19 009 0 23 56 00 0 02 26
19 010 1 25 28 00 0 01 58
19 011 2 09 58 00 1 01 58
19 012 0 05 71 02 1 02 71
19 013 1 06 23 01 0 01 43
19 014 2 02 43 01 1 01 43
19 015 0 03 42 01 1 02 42
19 016 1 25 28 00 1 01 28
19 017 2 00 27 02 1 02 27
19 018 0 03 42 01 1 02 42
19 019 1 06 23 01 1 01 23
19 020 2 09 58 00 1 02 58
19 021 0 05 71 02 1 02 71
19 022 1 25 28 00 1 01 28
19 023 2 02 43 01 1 02 43
19 024 0 23 56 00 0 02 28
19 025 1 25 28 00 1 02 28
19 026 2 00 27 02 1 03 27
19 027 0 23 56 00 1 02 56
19 028 1 06 23 01 1 02 23
19 029 2 12 29 03 0 03 30
19 030 0 05 71 02 1 02 71
19 031 1 23 70 02 1 02 70
19 032 2 09 58 00 0 03 56
19 033 0 03 42 01 1 02 42
19 034 1 25 28 00 1 03 28
19 035 2 02 43 01 0 03 27
19 036 0 05 71 02 1 03 71
19 037 1 23 70 02 1 03 70
19 038 2 12 29 03 1 03 29
19 039 0 03 42 01 0 03 29
19 040 1 14 17 03 1 03 17
19 041 2 00 27 02 1 03 27
19 042 0 23 56 00 1 03 56
19 043 1 06 23 01 1 03 23
19 044 2 09 58 00 0 03 29
19 045 0 16 39 03 1 03 39
19 046 1 06 23 01 1 04 23
19 047 2 02 43 01 0 03 56
19 048 0 05 71 02 1 03 71
19 049 1 25 28 00 1 04 28
19 050 2 02 43 01 1 03 43
19 051 0 16 39 03 1 03 39
19 052 1 10 67 04 1 04 67
19 053 2 09 58 00 0 03 42
19 054 0 23 56 00 1 03 56
19 055 1 23 70 02 1 04 70
19 056 2 00 27 02 1 03 27
19 057 0 03 42 01 1 03 42
19 058 1 14 17 03 1 04 17
19 059 2 12 29 03 1 03 29
19 060 0 16 39 03 1 04 39
19 061 1 25 28 00 1 05 28
19 062 2 02 43 01 1 03 43
19 063 0 07 73 04 1 04 73
19 064 1 10 67 04 1 05 67
19 065 2 09 58 00 0 03 53
19 066 0 05 71 02 1 04 71
19 067 1 17 18 05 1 05 18
19 068 2 00 27 02 1 03 27
19 069 0 23 56 00 1 04 56
19 070 1 14 17 03 1 05 17
19 071 2 12 29 03 1 03 29
19 072 0 03 42 01 1 04 42
19 073 1 06 23 01 0 05 53
19 074 2 12 29 03 1 03 29
19 075 0 03 42 01 1 05 42
19 076 1 23 70 02 1 05 70
19 077 2 09 58 00 0 03 43
19 078 0 16 39 03 1 05 39
19 079 1 10 67 04 1 05 67
19 080 2 02 43 01 0 03 29
19 081 0 07 73 04 1 05 73
19 082 1 23 70 02 1 05 70
19 083 2 00 27 02 0 03 29
19 084 0 23 56 00 1 05 56
19 085 1 06 23 01 1 05 23
19 086 2 12 29 03 0 03 53
19 087 0 05 71 02 1 05 71
19 088 1 25 28 00 1 05 28
19 089 2 00 27 02 1 03 27
19 090 0 12 47 05 0 05 43
19 091 1 14 17 03 1 05 17
19 092 2 09 58 00 0 03 43
19 093 0 23 56 00 1 05 56
19 094 1 17 18 05 1 05 18
19 095 2 02 43 01 0 03 29
19 096 0 07 73 04 1 05 73
19 097 1 25 28 00 1 06 28
19 098 2 12 29 03 0 03 58
19 099 0 03 42 01 1 05 42
19 100 1 10 67 04 1 06 67
19 101 2 00 27 02 1 03 27
19 102 0 12 47 05 1 05 47
19 103 1 06 23 01 1 06 23
19 104 2 02 43 01 1 03 43
19 105 0 16 39 03 1 05 39
19 106 1 14 17 03 0 06 70
19 107 2 09 58 00 1 03 58
19 108 0 05 71 02 1 05 71
19 109 1 17 18 05 1 06 18
19 110 2 02 43 01 1 03 43
19 111 0 03 42 01 1 06 42
19 112 1 12 22 06 1 06 22
19 113 2 09 58 00 1 03 58
19 114 0 05 71 02 1 06 71
19 115 1 23 70 02 1 06 70
19 116 2 00 27 02 1 03 27
19 117 0 24 50 06 1 06 50
19 118 1 10 67 04 1 06 67
19 119 2 12 29 03 1 03 29
19 120 0 07 73 04 1 06 73
19 121 1 25 28 00 1 06 28
19 122 2 08 25 04 0 04 28
19 123 0 12 47 05 1 06 47
19 124 1 17 18 05 1 06 18
19 125 2 02 43 01 1 04 43
19 126 0 16 39 03 1 06 39
19 127 1 23 70 02 1 06 70
19 128 2 00 27 02 1 04 27
19 129 0 23 56 00 1 06 56
19 130 1 12 22 06 1 06 22
19 131 2 12 29 03 1 04 29
19 132 0 24 50 06 0 07 56
19 133 1 06 23 01 1 06 23
19 134 2 09 58 00 0 04 25
19 135 0 07 73 04 1 07 73
19 136 1 14 17 03 1 06 17
19 137 2 02 43 01 1 04 43
19 138 0 19 21 07 1 07 21
19 139 1 14 17 03 1 07 17
19 140 2 08 25 04 1 04 25
19 141 0 12 47 05 1 07 47
19 142 1 07 65 07 1 07 65
19 143 2 00 27 02 1 04 27
19 144 0 23 56 00 1 07 56
19 145 1 12 22 06 1 07 22
19 146 2 12 29 03 1 04 29
19 147 0 05 71 02 1 07 71
19 148 1 10 67 04 1 07 67
19 149 2 09 58 00 1 04 58
19 150 0 03 42 01 1 07 42
19 151 1 23 70 02 1 07 70
19 152 2 09 58 00 0 05 28
19 153 0 16 39 03 1 07 39
19 154 1 25 28 00 1 07 28
19 155 2 00 27 02 1 05 27
19 156 0 12 47 05 1 07 47
19 157 1 06 23 01 1 07 23
19 158 2 12 29 03 1 05 29
19 159 0 05 71 02 1 07 71
19 160 1 17 18 05 1 07 18
19 161 2 04 32 05 1 05 32
19 162 0 24 50 06 1 07 50
19 163 1 06 23 01 1 08 23
19 164 2 08 25 04 0 05 28
19 165 0 07 73 04 1 07 73
19 166 1 07 65 07 0 08 23
19 167 2 02 43 01 0 05 32
19 168 0 03 42 01 0 07 43
19 169 1 10 67 04 1 08 67
19 170 2 08 25 04 1 05 25
19 171 0 16 39 03 1 07 39
19 172 1 14 17 03 1 08 17
19 173 2 09 58 00 1 05 58
19 174 0 19 21 07 1 07 21
19 175 1 11 13 08 1 08 13
19 176 2 00 27 02 1 05 27
19 177 0 23 56 00 1 07 56
19 178 1 12 22 06 0 08 21
19 179 2 12 29 03 1 05 29
19 180 0 12 47 05 1 07 47
19 181 1 17 18 05 1 08 18
19 182 2 02 43 01 1 05 43
19 183 0 07 73 04 1 07 73
19 184 1 25 28 00 1 08 28
19 185 2 04 32 05 1 05 32
19 186 0 16 39 03 1 07 39
19 187 1 23 70 02 1 08 70
19 188 2 02 43 01 0 06 38
19 189 0 23 56 00 1 07 56
19 190 1 11 13 08 1 08 13
19 191 2 04 32 05 1 06 32
19 192 0 19 21 07 1 07 21
19 193 1 17 18 05 1 08 18
19 194 2 08 25 04 1 06 25
19 195 0 03 42 01 0 07 43
19 196 1 06 23 01 1 08 23
19 197 2 00 27 02 1 06 27
19 198 0 05 71 02 1 07 71
19 199 1 14 17 03 1 08 17
19 200 2 09 58 00 1 06 58
19 201 0 24 50 06 1 07 50
19 202 1 10 67 04 1 08 67
19 203 2 03 38 06 1 06 38
19 204 0 23 56 00 1 07 56
19 205 1 12 22 06 1 08 22
19 206 2 12 29 03 1 06 29
19 207 0 12 47 05 1 07 47
19 208 1 25 28 00 1 08 28
19 209 2 08 25 04 1 06 25
19 210 0 03 42 01 1 07 42
19 211 1 23 70 02 1 08 70
19 212 2 03 38 06 1 06 38
19 213 0 05 71 02 1 07 71
19 214 1 07 65 07 1 08 65
19 215 2 09 58 00 1 06 58
19 216 0 24 50 06 0 07 56
19 217 1 12 22 06 1 09 22
19 218 2 04 32 05 0 06 25
19 219 0 07 73 04 1 07 73
19 220 1 10 67 04 1 09 67
19 221 2 02 43 01 0 06 38
19 222 0 16 39 03 1 07 39
19 223 1 07 65 07 1 09 65
19 224 2 12 29 03 1 06 29
19 225 0 19 21 07 1 07 21
19 226 1 11 13 08 1 09 13
19 227 2 00 27 02 1 06 27
19 228 0 07 73 04 1 07 73
19 229 1 23 70 02 1 09 70
19 230 2 12 29 03 1 06 29
19 231 0 05 71 02 1 07 71
19 232 1 17 18 05 1 09 18
19 233 2 04 32 05 0 06 25
19 234 0 03 42 01 1 07 42
19 235 1 06 23 01 1 09 23
19 236 2 09 58 00 1 06 58
19 237 0 19 21 07 1 07 21
19 238 1 20 59 09 1 09 59
19 239 2 08 25 04 1 06 25
19 240 0 16 39 03 1 07 39
19 241 1 25 28 00 1 09 28
19 242 2 00 27 02 1 06 27
19 243 0 12 47 05 1 07 47
19 244 1 14 17 03 1 09 17
19 245 2 03 38 06 1 06 38
19 246 0 24 50 06 1 07 50
19 247 1 17 18 05 1 10 18
19 248 2 02 43 01 0 06 32
19 249 0 23 56 00 1 07 56
19 250 1 20 59 09 1 10 59
19 251 2 08 25 04 1 06 25
19 252 0 03 42 01 1 08 42
19 253 1 07 65 07 1 10 65
19 254 2 02 43 01 1 06 43
19 255 0 12 47 05 1 08 47
19 256 1 26 26 10 1 10 26
19 257 2 09 58 00 0 06 25
19 258 0 19 21 07 1 08 21
19 259 1 23 70 02 1 10 70
19 260 2 04 32 05 1 06 32
19 261 0 20 46 08 1 08 46
19 262 1 12 22 06 1 10 22
19 263 2 00 27 02 1 06 27
19 264 0 05 71 02 1 08 71
19 265 1 06 23 01 1 10 23
19 266 2 12 29 03 1 06 29
19 267 0 24 50 06 1 08 50
19 268 1 14 17 03 1 10 17
19 269 2 03 38 06 0 06 43
19 270 0 07 73 04 1 08 73
19 271 1 11 13 08 1 10 13
19 272 2 03 38 06 1 06 38
19 273 0 23 56 00 1 08 56
19 274 1 10 67 04 1 10 67
19 275 2 08 25 04 1 06 25
19 276 0 16 39 03 0 08 47
19 277 1 25 28 00 1 10 28
19 278 2 12 29 03 1 06 29
19 279 0 16 39 03 1 08 39
19 280 1 17 18 05 1 11 18
19 281 2 00 27 02 1 06 27
19 282 0 12 47 05 1 08 47
19 283 1 25 28 00 1 11 28
19 284 2 04 32 05 0 06 38
19 285 0 03 42 01 1 08 42
19 286 1 06 23 01 1 11 23
19 287 2 09 58 00 1 06 58
19 288 0 05 71 02 1 08 71
19 289 1 07 65 07 1 11 65
19 290 2 02 43 01 1 06 43
19 291 0 20 46 08 1 08 46
19 292 1 10 67 04 1 11 67
19 293 2 00 27 02 1 06 27
19 294 0 24 50 06 1 08 50
19 295 1 08 64 11 0 11 62
19 296 2 12 29 03 1 06 29
19 297 0 07 73 04 1 08 73
19 298 1 11 13 08 1 11 13
19 299 2 02 43 01 0 06 38
