06 000 0 23 58 00 0 00 00
06 001 1 25 56 00 0 00 54
06 002 2 09 28 00 1 00 28
06 003 0 23 58 00 0 00 00
06 004 1 25 56 00 0 00 43
06 005 2 02 23 01 0 01 28
06 006 0 23 58 00 1 00 58
06 007 1 25 56 00 1 00 56
06 008 2 09 28 00 1 01 28
06 009 0 03 43 01 1 01 43
06 010 1 06 42 01 1 01 42
06 011 2 02 23 01 1 01 23
06 012 0 23 58 00 1 01 58
06 013 1 25 56 00 1 01 56
06 014 2 09 28 00 1 01 28
06 015 0 03 43 01 0 02 48
06 016 1 23 71 02 0 02 23
06 017 2 02 23 01 1 02 23
06 018 0 23 58 00 1 02 58
06 019 1 25 56 00 1 02 56
06 020 2 09 28 00 1 02 28
06 021 0 05 27 02 0 02 23
06 022 1 06 42 01 0 02 45
06 023 2 00 70 02 0 02 23
06 024 0 23 58 00 1 02 58
06 025 1 23 71 02 1 02 71
06 026 2 09 28 00 1 02 28
06 027 0 03 43 01 0 02 48
06 028 1 25 56 00 1 02 56
06 029 2 00 70 02 0 02 23
06 030 0 05 27 02 0 02 67
06 031 1 06 42 01 0 02 24
06 032 2 02 23 01 0 02 70
06 033 0 23 58 00 1 02 58
06 034 1 25 56 00 1 02 56
06 035 2 00 70 02 1 02 70
06 036 0 03 43 01 0 02 23
06 037 1 06 42 01 0 02 23
06 038 2 02 23 01 1 02 23
06 039 0 05 27 02 1 02 27
06 040 1 23 71 02 1 02 71
06 041 2 09 28 00 1 02 28
06 042 0 05 27 02 0 02 43
06 043 1 25 56 00 1 02 56
06 044 2 09 28 00 0 03 72
06 045 0 03 43 01 1 02 43
06 046 1 23 71 02 0 02 56
06 047 2 12 17 03 0 03 27
06 048 0 23 58 00 1 02 58
06 049 1 06 42 01 0 02 43
06 050 2 00 70 02 0 03 21
06 051 0 05 27 02 0 02 43
06 052 1 23 71 02 0 02 56
06 053 2 02 23 01 0 03 70
06 054 0 23 58 00 1 02 58
06 055 1 06 42 01 0 02 43
06 056 2 09 28 00 1 03 28
06 057 0 03 43 01 0 02 23
06 058 1 25 56 00 1 02 56
06 059 2 12 17 03 0 03 70
06 060 0 03 43 01 0 02 23
06 061 1 23 71 02 1 02 71
06 062 2 00 70 02 1 03 70
06 063 0 05 27 02 1 02 27
06 064 1 06 42 01 1 02 42
06 065 2 02 23 01 0 03 71
06 066 0 23 58 00 1 02 58
06 067 1 25 56 00 0 02 71
06 068 2 12 17 03 0 03 29
06 069 0 03 43 01 1 02 43
06 070 1 25 56 00 1 02 56
06 071 2 02 23 01 1 03 23
06 072 0 05 27 02 1 02 27
06 073 1 06 42 01 1 02 42
06 074 2 00 70 02 0 03 17
06 075 0 23 58 00 1 02 58
06 076 1 23 71 02 0 02 43
06 077 2 09 28 00 1 03 28
06 078 0 03 43 01 1 03 43
06 079 1 25 56 00 0 02 71
06 080 2 12 17 03 0 03 28
06 081 0 16 29 03 1 03 29
06 082 1 06 42 01 1 02 42
06 083 2 09 28 00 0 03 17
06 084 0 05 27 02 0 03 43
06 085 1 23 71 02 0 02 42
06 086 2 02 23 01 0 03 70
06 087 0 23 58 00 1 03 58
06 088 1 23 71 02 0 02 72
06 089 2 00 70 02 1 03 70
06 090 0 05 27 02 1 03 27
06 091 1 25 56 00 0 02 42
06 092 2 12 17 03 0 03 70
06 093 0 23 58 00 1 03 58
06 094 1 06 42 01 1 02 42
06 095 2 02 23 01 0 03 17
06 096 0 16 29 03 1 03 29
06 097 1 25 56 00 1 02 56
06 098 2 00 70 02 0 03 17
06 099 0 03 43 01 1 03 43
06 100 1 06 42 01 1 02 42
06 101 2 09 28 00 1 03 28
06 102 0 05 27 02 1 04 27
06 103 1 23 71 02 0 02 56
06 104 2 12 17 03 0 03 28
06 105 0 16 29 03 1 04 29
06 106 1 06 42 01 1 02 42
06 107 2 02 23 01 0 03 17
06 108 0 03 43 01 1 04 43
06 109 1 23 71 02 0 02 56
06 110 2 09 28 00 1 03 28
06 111 0 07 25 04 1 04 25
06 112 1 25 56 00 1 02 56
06 113 2 00 70 02 1 03 70
06 114 0 23 58 00 1 04 58
06 115 1 06 42 01 1 02 42
06 116 2 00 70 02 1 03 70
06 117 0 12 32 05 1 05 32
06 118 1 23 71 02 1 02 71
06 119 2 09 28 00 0 03 70
06 120 0 16 29 03 1 05 29
06 121 1 25 56 00 1 02 56
06 122 2 02 23 01 0 03 17
06 123 0 03 43 01 1 05 43
06 124 1 23 71 02 1 03 71
06 125 2 12 17 03 0 03 28
06 126 0 23 58 00 1 05 58
06 127 1 25 56 00 1 03 56
06 128 2 00 70 02 1 03 70
06 129 0 05 27 02 1 05 27
06 130 1 14 39 03 0 03 71
06 131 2 09 28 00 0 03 23
06 132 0 07 25 04 0 05 32
06 133 1 06 42 01 1 03 42
06 134 2 12 17 03 0 03 28
06 135 0 03 43 01 1 05 43
06 136 1 23 71 02 1 03 71
06 137 2 02 23 01 1 03 23
06 138 0 07 25 04 0 05 32
06 139 1 25 56 00 1 03 56
06 140 2 00 70 02 1 03 70
06 141 0 23 58 00 1 05 58
06 142 1 14 39 03 0 03 71
06 143 2 09 28 00 0 03 17
06 144 0 05 27 02 1 05 27
06 145 1 06 42 01 1 03 42
06 146 2 02 23 01 0 03 17
06 147 0 16 29 03 1 05 29
06 148 1 25 56 00 0 03 42
06 149 2 12 17 03 0 03 28
06 150 0 12 32 05 0 05 25
06 151 1 06 42 01 1 03 42
06 152 2 12 17 03 0 03 28
06 153 0 23 58 00 1 05 58
06 154 1 23 71 02 1 03 71
06 155 2 00 70 02 1 03 70
06 156 0 16 29 03 1 05 29
06 157 1 14 39 03 0 03 32
06 158 2 09 28 00 1 03 28
06 159 0 12 32 05 0 05 25
06 160 1 25 56 00 0 03 71
06 161 2 02 23 01 0 03 31
06 162 0 07 25 04 1 05 25
06 163 1 23 71 02 1 03 71
06 164 2 02 23 01 1 03 23
06 165 0 05 27 02 1 05 27
06 166 1 14 39 03 1 03 39
06 167 2 00 70 02 1 03 70
06 168 0 03 43 01 1 05 43
06 169 1 06 42 01 1 03 42
06 170 2 12 17 03 0 03 28
06 171 0 23 58 00 1 05 58
06 172 1 25 56 00 1 03 56
06 173 2 09 28 00 0 03 17
06 174 0 05 27 02 1 05 27
06 175 1 06 42 01 1 03 42
06 176 2 12 17 03 1 03 17
06 177 0 03 43 01 1 05 43
06 178 1 23 71 02 1 03 71
06 179 2 09 28 00 0 03 17
06 180 0 07 25 04 1 05 25
06 181 1 14 39 03 0 03 43
06 182 2 00 70 02 1 03 70
06 183 0 16 29 03 1 05 29
06 184 1 06 42 01 1 03 42
06 185 2 02 23 01 1 03 23
06 186 0 12 32 05 0 05 25
06 187 1 23 71 02 1 03 71
06 188 2 00 70 02 1 03 70
06 189 0 16 29 03 1 05 29
06 190 1 14 39 03 1 03 39
06 191 2 02 23 01 0 03 31
06 192 0 07 25 04 1 05 25
06 193 1 25 56 00 1 03 56
06 194 2 09 28 00 1 03 28
06 195 0 05 27 02 1 05 27
06 196 1 14 39 03 1 04 39
06 197 2 12 17 03 0 03 28
06 198 0 23 58 00 1 05 58
06 199 1 25 56 00 0 04 71
06 200 2 00 70 02 1 03 70
06 201 0 12 32 05 1 05 32
06 202 1 23 71 02 1 04 71
06 203 2 09 28 00 1 03 28
06 204 0 03 43 01 0 05 25
06 205 1 06 42 01 1 04 42
06 206 2 12 17 03 0 03 29
06 207 0 05 27 02 1 05 27
06 208 1 10 73 04 1 04 73
06 209 2 02 23 01 1 03 23
06 210 0 16 29 03 1 05 29
06 211 1 23 71 02 1 04 71
06 212 2 12 17 03 1 03 17
06 213 0 12 32 05 1 05 32
06 214 1 14 39 03 1 04 39
06 215 2 09 28 00 1 03 28
06 216 0 07 25 04 1 05 25
06 217 1 06 42 01 1 04 42
06 218 2 02 23 01 1 03 23
06 219 0 03 43 01 1 05 43
06 220 1 10 73 04 1 04 73
06 221 2 00 70 02 1 03 70
06 222 0 23 58 00 1 05 58
06 223 1 25 56 00 1 04 56
06 224 2 02 23 01 1 04 23
06 225 0 07 25 04 1 06 25
06 226 1 23 71 02 1 05 71
06 227 2 12 17 03 1 04 17
06 228 0 23 58 00 1 06 58
06 229 1 17 47 05 1 05 47
06 230 2 08 67 04 0 04 26
06 231 0 24 38 06 0 06 57
06 232 1 25 56 00 1 05 56
06 233 2 00 70 02 0 04 23
06 234 0 05 27 02 1 06 27
06 235 1 14 39 03 0 05 47
06 236 2 09 28 00 1 04 28
06 237 0 03 43 01 1 06 43
06 238 1 06 42 01 1 05 42
06 239 2 09 28 00 1 04 28
06 240 0 12 32 05 1 06 32
06 241 1 10 73 04 0 05 47
06 242 2 08 67 04 0 04 28
06 243 0 16 29 03 1 06 29
06 244 1 23 71 02 1 05 71
06 245 2 12 17 03 1 04 17
06 246 0 07 25 04 1 06 25
06 247 1 10 73 04 1 05 73
06 248 2 02 23 01 1 04 23
06 249 0 23 58 00 1 06 58
06 250 1 06 42 01 1 05 42
06 251 2 00 70 02 1 04 70
06 252 0 24 38 06 0 06 57
06 253 1 17 47 05 0 05 57
06 254 2 12 17 03 0 04 28
06 255 0 12 32 05 1 06 32
06 256 1 25 56 00 1 05 56
06 257 2 00 70 02 1 04 70
06 258 0 16 29 03 1 06 29
06 259 1 14 39 03 1 05 39
06 260 2 09 28 00 1 04 28
06 261 0 05 27 02 1 06 27
06 262 1 17 47 05 0 05 38
06 263 2 08 67 04 0 04 58
06 264 0 03 43 01 1 06 43
06 265 1 23 71 02 1 05 71
06 266 2 02 23 01 1 04 23
06 267 0 23 58 00 1 06 58
06 268 1 10 73 04 0 05 47
06 269 2 08 67 04 1 04 67
06 270 0 12 32 05 1 06 32
06 271 1 25 56 00 1 05 56
06 272 2 09 28 00 0 04 67
06 273 0 05 27 02 1 06 27
06 274 1 06 42 01 1 05 42
06 275 2 00 70 02 1 04 70
06 276 0 07 25 04 1 06 25
06 277 1 14 39 03 1 05 39
06 278 2 12 17 03 0 04 28
06 279 0 24 38 06 1 06 38
06 280 1 14 39 03 0 05 47
06 281 2 02 23 01 1 04 23
06 282 0 03 43 01 1 06 43
06 283 1 23 71 02 1 05 71
06 284 2 08 67 04 1 04 67
06 285 0 16 29 03 1 06 29
06 286 1 17 47 05 0 05 38
06 287 2 02 23 01 1 04 23
06 288 0 07 25 04 1 07 25
06 289 1 25 56 00 1 05 56
06 290 2 09 28 00 0 04 67
06 291 0 23 58 00 1 07 58
06 292 1 06 42 01 1 05 42
06 293 2 12 17 03 0 04 28
06 294 0 16 29 03 1 07 29
06 295 1 10 73 04 0 05 29
06 296 2 00 70 02 1 04 70
06 297 0 19 11 07 1 07 11
06 298 1 06 42 01 1 05 42
06 299 2 09 28 00 1 04 28
