00 000 0 23 58 00 0 00 00
00 001 1 25 56 00 0 00 00
00 002 2 09 28 00 0 00 00
00 003 0 23 58 00 0 00 00
00 004 1 25 56 00 0 00 00
00 005 2 09 28 00 0 00 00
00 006 0 23 58 00 0 00 00
00 007 1 25 56 00 1 00 56
00 008 2 09 28 00 0 00 00
00 009 0 23 58 00 1 00 58
00 010 1 25 56 00 1 01 56
00 011 2 09 28 00 1 00 28
00 012 0 23 58 00 1 01 58
00 013 1 06 42 01 1 01 42
00 014 2 09 28 00 0 01 26
00 015 0 03 43 01 0 01 56
00 016 1 23 71 02 1 02 71
00 017 2 02 23 01 1 01 23
00 018 0 03 43 01 0 01 48
00 019 1 25 56 00 1 02 56
00 020 2 09 28 00 1 01 28
00 021 0 23 58 00 1 01 58
00 022 1 06 42 01 0 02 46
00 023 2 02 23 01 1 01 23
00 024 0 23 58 00 1 01 58
00 025 1 25 56 00 1 02 56
00 026 2 00 70 02 1 02 70
00 027 0 03 43 01 0 01 48
00 028 1 23 71 02 1 02 71
00 029 2 09 28 00 1 02 28
00 030 0 03 43 01 0 01 56
00 031 1 06 42 01 0 02 46
00 032 2 02 23 01 0 02 78
00 033 0 23 58 00 1 01 58
00 034 1 25 56 00 1 02 56
00 035 2 09 28 00 1 02 28
00 036 0 23 58 00 1 01 58
00 037 1 23 71 02 0 02 56
00 038 2 02 23 01 0 02 28
00 039 0 03 43 01 1 01 43
00 040 1 06 42 01 0 02 56
00 041 2 00 70 02 0 02 71
00 042 0 05 27 02 0 02 48
00 043 1 25 56 00 1 02 56
00 044 2 00 70 02 0 02 71
00 045 0 03 43 01 1 02 43
00 046 1 06 42 01 0 02 43
00 047 2 09 28 00 1 02 28
00 048 0 23 58 00 1 02 58
00 049 1 23 71 02 1 02 71
00 050 2 02 23 01 0 02 70
00 051 0 23 58 00 1 02 58
00 052 1 25 56 00 1 02 56
00 053 2 09 28 00 1 02 28
00 054 0 03 43 01 1 02 43
00 055 1 06 42 01 0 02 04
00 056 2 00 70 02 0 02 71
00 057 0 05 27 02 0 02 23
00 058 1 23 71 02 1 02 71
00 059 2 02 23 01 0 02 70
00 060 0 23 58 00 1 02 58
00 061 1 23 71 02 1 02 71
00 062 2 09 28 00 1 02 28
00 063 0 05 27 02 0 02 23
00 064 1 25 56 00 1 02 56
00 065 2 02 23 01 0 02 70
00 066 0 03 43 01 1 02 43
00 067 1 06 42 01 1 02 42
00 068 2 00 70 02 0 02 07
00 069 0 03 43 01 1 02 43
00 070 1 23 71 02 1 03 71
00 071 2 09 28 00 1 02 28
00 072 0 05 27 02 0 02 23
00 073 1 25 56 00 1 03 56
00 074 2 00 70 02 1 02 70
00 075 0 23 58 00 1 02 58
00 076 1 06 42 01 0 03 46
00 077 2 02 23 01 0 02 28
00 078 0 23 58 00 1 02 58
00 079 1 14 39 03 1 03 39
00 080 2 09 28 00 1 02 28
00 081 0 03 43 01 1 02 43
00 082 1 23 71 02 0 03 00
00 083 2 00 70 02 1 02 70
00 084 0 05 27 02 1 02 27
00 085 1 14 39 03 1 03 39
00 086 2 02 23 01 1 02 23
00 087 0 05 27 02 1 03 27
00 088 1 25 56 00 1 03 56
00 089 2 02 23 01 0 03 70
00 090 0 16 29 03 1 03 29
00 091 1 06 42 01 1 03 42
00 092 2 09 28 00 0 03 79
00 093 0 23 58 00 1 03 58
00 094 1 14 39 03 1 03 39
00 095 2 12 17 03 1 03 17
00 096 0 03 43 01 1 03 43
00 097 1 06 42 01 0 03 00
00 098 2 00 70 02 1 03 70
00 099 0 23 58 00 1 04 58
00 100 1 23 71 02 1 03 71
00 101 2 00 70 02 1 03 70
00 102 0 05 27 02 1 04 27
00 103 1 25 56 00 1 03 56
00 104 2 12 17 03 0 03 28
00 105 0 16 29 03 1 04 29
00 106 1 25 56 00 1 03 56
00 107 2 09 28 00 1 03 28
00 108 0 03 43 01 1 04 43
00 109 1 06 42 01 1 03 42
00 110 2 02 23 01 0 03 71
00 111 0 07 25 04 1 04 25
00 112 1 14 39 03 1 03 39
00 113 2 02 23 01 1 03 23
00 114 0 12 32 05 1 05 32
00 115 1 23 71 02 0 03 07
00 116 2 12 17 03 1 03 17
00 117 0 03 43 01 0 05 23
00 118 1 25 56 00 1 03 56
00 119 2 09 28 00 1 03 28
00 120 0 05 27 02 1 05 27
00 121 1 14 39 03 1 03 39
00 122 2 00 70 02 0 03 71
00 123 0 16 29 03 1 05 29
00 124 1 23 71 02 1 03 71
00 125 2 12 17 03 1 03 17
00 126 0 23 58 00 1 05 58
00 127 1 06 42 01 1 03 42
00 128 2 09 28 00 1 03 28
00 129 0 07 25 04 1 05 25
00 130 1 14 39 03 1 04 39
00 131 2 00 70 02 0 03 71
00 132 0 07 25 04 1 05 25
00 133 1 23 71 02 1 04 71
00 134 2 02 23 01 1 03 23
00 135 0 05 27 02 1 05 27
00 136 1 10 73 04 1 04 73
00 137 2 12 17 03 1 03 17
00 138 0 23 58 00 1 05 58
00 139 1 06 42 01 1 04 42
00 140 2 09 28 00 1 03 28
00 141 0 03 43 01 0 05 23
00 142 1 25 56 00 1 04 56
00 143 2 00 70 02 1 03 70
00 144 0 12 32 05 1 05 32
00 145 1 23 71 02 1 05 71
00 146 2 02 23 01 0 03 70
00 147 0 16 29 03 1 05 29
00 148 1 25 56 00 1 05 56
00 149 2 02 23 01 1 03 23
00 150 0 23 58 00 1 05 58
00 151 1 17 47 05 1 05 47
00 152 2 12 17 03 1 03 17
00 153 0 07 25 04 1 05 25
00 154 1 14 39 03 1 05 39
00 155 2 09 28 00 1 03 28
00 156 0 12 32 05 1 05 32
00 157 1 10 73 04 1 05 73
00 158 2 00 70 02 1 03 70
00 159 0 16 29 03 1 05 29
00 160 1 06 42 01 1 05 42
00 161 2 00 70 02 1 04 70
00 162 0 05 27 02 1 05 27
00 163 1 12 50 06 1 06 50
00 164 2 12 17 03 1 04 17
00 165 0 03 43 01 1 05 43
00 166 1 25 56 00 1 06 56
00 167 2 02 23 01 1 04 23
00 168 0 07 25 04 1 06 25
00 169 1 06 42 01 1 06 42
00 170 2 08 67 04 0 04 28
00 171 0 16 29 03 1 06 29
00 172 1 14 39 03 1 06 39
00 173 2 09 28 00 0 04 67
00 174 0 05 27 02 1 06 27
00 175 1 10 73 04 1 06 73
00 176 2 02 23 01 0 04 70
00 177 0 23 58 00 1 06 58
00 178 1 23 71 02 1 06 71
00 179 2 09 28 00 0 04 67
00 180 0 24 38 06 1 06 38
00 181 1 17 47 05 1 06 47
00 182 2 08 67 04 0 04 28
00 183 0 12 32 05 1 06 32
00 184 1 10 73 04 1 07 73
00 185 2 00 70 02 1 04 70
00 186 0 03 43 01 1 06 43
00 187 1 07 21 07 1 07 21
00 188 2 12 17 03 1 04 17
00 189 0 23 58 00 1 07 58
00 190 1 17 47 05 1 07 47
00 191 2 02 23 01 1 04 23
00 192 0 07 25 04 1 07 25
00 193 1 23 71 02 1 07 71
00 194 2 09 28 00 0 04 67
00 195 0 12 32 05 1 07 32
00 196 1 06 42 01 0 07 47
00 197 2 08 67 04 0 04 28
00 198 0 03 43 01 1 07 43
00 199 1 12 50 06 1 07 50
00 200 2 00 70 02 1 04 70
00 201 0 19 11 07 1 07 11
00 202 1 25 56 00 1 07 56
00 203 2 12 17 03 1 04 17
00 204 0 16 29 03 1 07 29
00 205 1 14 39 03 1 07 39
00 206 2 08 67 04 0 04 28
00 207 0 24 38 06 1 07 38
00 208 1 14 39 03 1 07 39
00 209 2 02 23 01 1 04 23
00 210 0 05 27 02 1 07 27
00 211 1 06 42 01 1 07 42
00 212 2 09 28 00 0 04 67
00 213 0 07 25 04 1 08 25
00 214 1 07 21 07 1 07 21
00 215 2 12 17 03 1 04 17
00 216 0 20 33 08 1 08 33
00 217 1 17 47 05 1 07 47
00 218 2 00 70 02 1 04 70
00 219 0 16 29 03 1 08 29
00 220 1 12 50 06 1 07 50
00 221 2 12 17 03 1 04 17
00 222 0 24 38 06 1 08 38
00 223 1 10 73 04 0 07 39
00 224 2 00 70 02 1 04 70
00 225 0 03 43 01 1 08 43
00 226 1 25 56 00 1 07 56
00 227 2 09 28 00 1 04 28
00 228 0 23 58 00 1 08 58
00 229 1 23 71 02 1 07 71
00 230 2 08 67 04 0 04 23
00 231 0 05 27 02 1 08 27
00 232 1 17 47 05 1 07 47
00 233 2 02 23 01 1 04 23
00 234 0 12 32 05 1 08 32
00 235 1 06 42 01 0 07 47
00 236 2 00 70 02 1 04 70
00 237 0 19 11 07 1 08 11
00 238 1 25 56 00 1 07 56
00 239 2 12 17 03 1 04 17
00 240 0 04 63 09 1 09 63
00 241 1 07 21 07 1 07 21
00 242 2 02 23 01 1 04 23
00 243 0 23 58 00 1 09 58
00 244 1 23 71 02 1 07 71
00 245 2 09 28 00 1 04 28
00 246 0 12 32 05 1 09 32
00 247 1 10 73 04 1 07 73
00 248 2 08 67 04 1 04 67
00 249 0 24 38 06 1 09 38
00 250 1 12 50 06 1 07 50
00 251 2 02 23 01 0 05 18
00 252 0 07 25 04 1 09 25
00 253 1 14 39 03 1 07 39
00 254 2 08 67 04 0 05 23
00 255 0 20 33 08 1 09 33
00 256 1 25 56 00 1 07 56
00 257 2 09 28 00 1 05 28
00 258 0 05 27 02 1 09 27
00 259 1 23 71 02 1 07 71
00 260 2 04 18 05 1 05 18
00 261 0 16 29 03 1 09 29
00 262 1 06 42 01 1 07 42
00 263 2 12 17 03 1 05 17
00 264 0 03 43 01 1 09 43
00 265 1 17 47 05 1 07 47
00 266 2 00 70 02 1 05 70
00 267 0 19 11 07 1 09 11
00 268 1 12 50 06 1 07 50
00 269 2 09 28 00 0 05 67
00 270 0 05 27 02 1 10 27
00 271 1 10 73 04 1 07 73
00 272 2 12 17 03 1 05 17
00 273 0 07 25 04 1 10 25
00 274 1 14 39 03 1 07 39
00 275 2 02 23 01 1 05 23
00 276 0 24 38 06 1 10 38
00 277 1 07 21 07 1 07 21
00 278 2 08 67 04 0 05 18
00 279 0 12 32 05 1 10 32
00 280 1 23 71 02 1 08 71
00 281 2 00 70 02 1 05 70
00 282 0 04 63 09 1 10 63
00 283 1 11 46 08 1 08 46
00 284 2 04 18 05 1 05 18
00 285 0 11 72 10 0 10 32
00 286 1 25 56 00 1 08 56
00 287 2 02 23 01 1 05 23
00 288 0 23 58 00 1 10 58
00 289 1 17 47 05 1 08 47
00 290 2 00 70 02 1 05 70
00 291 0 20 33 08 1 10 33
00 292 1 06 42 01 1 08 42
00 293 2 04 18 05 1 05 18
00 294 0 03 43 01 1 10 43
00 295 1 14 39 03 1 08 39
00 296 2 09 28 00 0 05 67
00 297 0 19 11 07 1 10 11
00 298 1 07 21 07 1 08 21
00 299 2 08 67 04 0 05 18
