08 000 0 23 58 00 0 00 05
08 001 1 25 56 00 0 00 00
08 002 2 09 28 00 0 00 00
08 003 0 23 58 00 1 00 58
08 004 1 25 56 00 1 00 56
08 005 2 09 28 00 0 00 46
08 006 0 23 58 00 1 01 58
08 007 1 06 42 01 0 01 56
08 008 2 09 28 00 1 00 28
08 009 0 03 43 01 0 01 23
08 010 1 25 56 00 0 01 46
08 011 2 02 23 01 1 01 23
08 012 0 23 58 00 1 01 58
08 013 1 06 42 01 0 01 56
08 014 2 09 28 00 0 01 23
08 015 0 03 43 01 0 01 28
08 016 1 25 56 00 1 01 56
08 017 2 09 28 00 0 01 23
08 018 0 23 58 00 1 01 58
08 019 1 06 42 01 0 01 53
08 020 2 02 23 01 1 01 23
08 021 0 03 43 01 1 01 43
08 022 1 25 56 00 1 01 56
08 023 2 09 28 00 1 01 28
08 024 0 03 43 01 0 02 23
08 025 1 06 42 01 0 01 56
08 026 2 02 23 01 1 01 23
08 027 0 23 58 00 0 02 00
08 028 1 25 56 00 1 01 56
08 029 2 02 23 01 1 02 23
08 030 0 05 27 02 0 02 22
08 031 1 06 42 01 1 01 42
08 032 2 00 70 02 0 02 78
08 033 0 03 43 01 0 02 48
08 034 1 25 56 00 1 01 56
08 035 2 09 28 00 0 02 23
08 036 0 23 58 00 1 02 58
08 037 1 23 71 02 0 02 23
08 038 2 02 23 01 1 02 23
08 039 0 05 27 02 0 02 70
08 040 1 25 56 00 0 02 23
08 041 2 09 28 00 0 02 23
08 042 0 03 43 01 0 02 46
08 043 1 06 42 01 0 02 56
08 044 2 00 70 02 0 02 23
08 045 0 23 58 00 1 02 58
08 046 1 06 42 01 0 02 56
08 047 2 02 23 01 1 02 23
08 048 0 05 27 02 0 02 70
08 049 1 23 71 02 0 02 46
08 050 2 00 70 02 1 02 70
08 051 0 05 27 02 0 02 28
08 052 1 25 56 00 1 02 56
08 053 2 09 28 00 1 02 28
08 054 0 23 58 00 1 02 58
08 055 1 25 56 00 1 02 56
08 056 2 02 23 01 1 03 23
08 057 0 03 43 01 0 02 70
08 058 1 23 71 02 0 02 56
08 059 2 00 70 02 1 03 70
08 060 0 03 43 01 0 02 27
08 061 1 06 42 01 1 02 42
08 062 2 12 17 03 1 03 17
08 063 0 05 27 02 0 02 70
08 064 1 25 56 00 1 02 56
08 065 2 09 28 00 0 03 17
08 066 0 23 58 00 0 02 56
08 067 1 06 42 01 1 02 42
08 068 2 12 17 03 1 03 17
08 069 0 03 43 01 0 02 56
08 070 1 23 71 02 0 02 56
08 071 2 02 23 01 0 03 00
08 072 0 05 27 02 1 02 27
08 073 1 25 56 00 1 02 56
08 074 2 00 70 02 0 03 23
08 075 0 23 58 00 0 02 56
08 076 1 23 71 02 0 02 56
08 077 2 09 28 00 1 03 28
08 078 0 23 58 00 0 02 57
08 079 1 06 42 01 1 02 42
08 080 2 12 17 03 1 03 17
08 081 0 03 43 01 0 02 56
08 082 1 06 42 01 1 02 42
08 083 2 02 23 01 0 03 28
08 084 0 05 27 02 0 02 71
08 085 1 25 56 00 1 02 56
08 086 2 09 28 00 0 03 17
08 087 0 05 27 02 0 02 71
08 088 1 23 71 02 0 02 23
08 089 2 00 70 02 0 03 23
08 090 0 23 58 00 1 02 58
08 091 1 23 71 02 0 02 70
08 092 2 09 28 00 0 03 17
08 093 0 03 43 01 0 02 46
08 094 1 06 42 01 1 02 42
08 095 2 02 23 01 1 03 23
08 096 0 03 43 01 1 02 43
08 097 1 25 56 00 0 02 45
08 098 2 12 17 03 0 03 28
08 099 0 23 58 00 0 02 05
08 100 1 06 42 01 0 02 00
08 101 2 00 70 02 0 03 23
08 102 0 05 27 02 0 02 71
08 103 1 23 71 02 0 02 56
08 104 2 12 17 03 0 03 28
08 105 0 03 43 01 0 02 56
08 106 1 25 56 00 0 02 05
08 107 2 00 70 02 0 03 28
08 108 0 05 27 02 1 02 27
08 109 1 23 71 02 1 02 71
08 110 2 02 23 01 1 03 23
08 111 0 23 58 00 1 02 58
08 112 1 25 56 00 1 02 56
08 113 2 09 28 00 1 03 28
08 114 0 03 43 01 0 02 56
08 115 1 06 42 01 1 02 42
08 116 2 09 28 00 1 03 28
08 117 0 05 27 02 0 02 71
08 118 1 14 39 03 0 03 02
08 119 2 02 23 01 1 03 23
08 120 0 23 58 00 0 02 56
08 121 1 25 56 00 1 03 56
08 122 2 00 70 02 0 03 28
08 123 0 23 58 00 1 02 58
08 124 1 06 42 01 1 03 42
08 125 2 12 17 03 0 03 18
08 126 0 03 43 01 0 02 56
08 127 1 23 71 02 0 03 29
08 128 2 02 23 01 0 03 28
08 129 0 05 27 02 1 02 27
08 130 1 25 56 00 1 03 56
08 131 2 12 17 03 1 03 17
08 132 0 05 27 02 1 02 27
08 133 1 23 71 02 0 03 00
08 134 2 09 28 00 0 03 17
08 135 0 03 43 01 0 02 56
08 136 1 06 42 01 1 03 42
08 137 2 00 70 02 0 03 71
08 138 0 23 58 00 1 02 58
08 139 1 14 39 03 1 03 39
08 140 2 09 28 00 1 03 28
08 141 0 05 27 02 1 02 27
08 142 1 23 71 02 0 03 17
08 143 2 00 70 02 0 03 71
08 144 0 03 43 01 0 02 56
08 145 1 14 39 03 1 03 39
08 146 2 02 23 01 1 03 23
08 147 0 23 58 00 0 02 56
08 148 1 25 56 00 1 03 56
08 149 2 12 17 03 0 03 28
08 150 0 23 58 00 1 02 58
08 151 1 06 42 01 0 03 00
08 152 2 12 17 03 0 03 28
08 153 0 05 27 02 1 02 27
08 154 1 14 39 03 1 03 39
08 155 2 09 28 00 1 03 28
08 156 0 03 43 01 1 02 43
08 157 1 06 42 01 1 03 42
08 158 2 00 70 02 0 03 28
08 159 0 05 27 02 1 03 27
08 160 1 23 71 02 0 03 17
08 161 2 02 23 01 1 03 23
08 162 0 16 29 03 1 03 29
08 163 1 25 56 00 0 03 39
08 164 2 00 70 02 0 03 00
08 165 0 03 43 01 0 03 00
08 166 1 23 71 02 0 03 70
08 167 2 02 23 01 1 03 23
08 168 0 23 58 00 0 03 05
08 169 1 06 42 01 1 03 42
08 170 2 09 28 00 0 03 17
08 171 0 23 58 00 1 03 58
08 172 1 14 39 03 1 03 39
08 173 2 12 17 03 1 03 17
08 174 0 16 29 03 1 03 29
08 175 1 25 56 00 1 03 56
08 176 2 00 70 02 0 03 71
08 177 0 03 43 01 1 03 43
08 178 1 14 39 03 1 03 39
08 179 2 12 17 03 1 03 17
08 180 0 05 27 02 1 03 27
08 181 1 25 56 00 0 03 00
08 182 2 02 23 01 0 03 00
08 183 0 03 43 01 0 04 00
08 184 1 06 42 01 0 03 00
08 185 2 09 28 00 0 03 00
08 186 0 05 27 02 0 04 00
08 187 1 23 71 02 0 03 00
08 188 2 02 23 01 0 03 00
08 189 0 07 25 04 0 04 00
08 190 1 25 56 00 0 03 00
08 191 2 00 70 02 0 03 71
08 192 0 23 58 00 1 04 58
08 193 1 14 39 03 1 03 39
08 194 2 09 28 00 0 03 71
08 195 0 16 29 03 1 04 29
08 196 1 23 71 02 0 03 17
08 197 2 12 17 03 1 03 17
08 198 0 16 29 03 1 04 29
08 199 1 06 42 01 1 03 42
08 200 2 02 23 01 1 03 23
08 201 0 07 25 04 1 04 25
08 202 1 23 71 02 1 03 71
08 203 2 00 70 02 0 03 28
08 204 0 03 43 01 1 04 43
08 205 1 25 56 00 0 03 39
08 206 2 09 28 00 1 03 28
08 207 0 23 58 00 0 04 56
08 208 1 14 39 03 0 03 17
08 209 2 12 17 03 1 03 17
08 210 0 05 27 02 1 04 27
08 211 1 06 42 01 1 03 42
08 212 2 09 28 00 1 03 28
08 213 0 07 25 04 1 04 25
08 214 1 23 71 02 0 03 70
08 215 2 12 17 03 1 03 17
08 216 0 03 43 01 0 04 04
08 217 1 06 42 01 1 03 42
08 218 2 02 23 01 1 03 23
08 219 0 05 27 02 1 04 27
08 220 1 14 39 03 1 03 39
08 221 2 00 70 02 1 03 70
08 222 0 23 58 00 1 04 58
08 223 1 25 56 00 1 03 56
08 224 2 02 23 01 1 04 23
08 225 0 16 29 03 1 04 29
08 226 1 14 39 03 1 03 39
08 227 2 08 67 04 0 04 65
08 228 0 23 58 00 1 04 58
08 229 1 25 56 00 1 03 56
08 230 2 00 70 02 0 04 71
08 231 0 05 27 02 1 04 27
08 232 1 23 71 02 1 03 71
08 233 2 12 17 03 1 04 17
08 234 0 03 43 01 1 04 43
08 235 1 06 42 01 1 03 42
08 236 2 09 28 00 0 04 67
08 237 0 16 29 03 1 04 29
08 238 1 10 73 04 0 04 37
08 239 2 02 23 01 1 04 23
08 240 0 07 25 04 1 04 25
08 241 1 25 56 00 1 04 56
08 242 2 12 17 03 1 04 17
08 243 0 16 29 03 1 05 29
08 244 1 14 39 03 1 04 39
08 245 2 09 28 00 1 04 28
08 246 0 07 25 04 1 05 25
08 247 1 23 71 02 1 04 71
08 248 2 08 67 04 0 04 28
08 249 0 03 43 01 1 05 43
08 250 1 06 42 01 1 04 42
08 251 2 00 70 02 1 04 70
08 252 0 12 32 05 0 05 27
08 253 1 10 73 04 0 04 63
08 254 2 09 28 00 1 04 28
08 255 0 05 27 02 1 05 27
08 256 1 23 71 02 1 04 71
08 257 2 00 70 02 1 04 70
08 258 0 23 58 00 1 05 58
08 259 1 06 42 01 1 04 42
08 260 2 02 23 01 1 04 23
08 261 0 12 32 05 1 05 32
08 262 1 25 56 00 1 04 56
08 263 2 12 17 03 1 04 17
08 264 0 16 29 03 1 05 29
08 265 1 14 39 03 1 04 39
08 266 2 08 67 04 0 04 28
08 267 0 07 25 04 1 05 25
08 268 1 23 71 02 1 04 71
08 269 2 08 67 04 1 04 67
08 270 0 05 27 02 1 05 27
08 271 1 06 42 01 1 04 42
08 272 2 09 28 00 0 04 63
08 273 0 03 43 01 1 05 43
08 274 1 14 39 03 1 04 39
08 275 2 12 17 03 1 04 17
08 276 0 23 58 00 1 05 58
08 277 1 25 56 00 0 04 39
08 278 2 02 23 01 1 04 23
08 279 0 12 32 05 1 06 32
08 280 1 10 73 04 0 04 56
08 281 2 00 70 02 0 04 00
08 282 0 07 25 04 0 06 00
08 283 1 23 71 02 1 04 71
08 284 2 00 70 02 1 04 70
08 285 0 24 38 06 1 06 38
08 286 1 06 42 01 1 04 42
08 287 2 12 17 03 1 04 17
08 288 0 05 27 02 1 06 27
08 289 1 10 73 04 1 04 73
08 290 2 02 23 01 1 04 23
08 291 0 16 29 03 1 06 29
08 292 1 14 39 03 0 04 52
08 293 2 08 67 04 0 04 00
08 294 0 23 58 00 1 06 58
08 295 1 25 56 00 1 04 56
08 296 2 09 28 00 1 04 28
08 297 0 03 43 01 1 06 43
08 298 1 10 73 04 1 04 73
08 299 2 08 67 04 0 04 28
