05 000 0 23 58 00 1 00 58
05 001 1 25 56 00 1 00 56
05 002 2 09 28 00 1 00 28
05 003 0 23 58 00 1 01 58
05 004 1 06 42 01 0 01 28
05 005 2 02 23 01 0 01 28
05 006 0 03 43 01 0 01 28
05 007 1 25 56 00 1 01 56
05 008 2 09 28 00 1 01 28
05 009 0 03 43 01 0 01 28
05 010 1 25 56 00 1 01 56
05 011 2 02 23 01 0 01 24
05 012 0 23 58 00 1 01 58
05 013 1 06 42 01 0 01 28
05 014 2 09 28 00 0 01 23
05 015 0 03 43 01 0 01 28
05 016 1 06 42 01 1 01 42
05 017 2 02 23 01 1 01 23
05 018 0 23 58 00 1 01 58
05 019 1 25 56 00 1 01 56
05 020 2 09 28 00 0 01 43
05 021 0 03 43 01 1 01 43
05 022 1 25 56 00 1 02 56
05 023 2 02 23 01 1 01 23
05 024 0 23 58 00 1 01 58
05 025 1 23 71 02 0 02 43
05 026 2 09 28 00 0 01 43
05 027 0 03 43 01 1 02 43
05 028 1 06 42 01 0 02 23
05 029 2 09 28 00 0 01 43
05 030 0 05 27 02 0 02 43
05 031 1 25 56 00 1 02 56
05 032 2 02 23 01 1 01 23
05 033 0 23 58 00 1 02 58
05 034 1 23 71 02 1 02 71
05 035 2 09 28 00 0 01 43
05 036 0 23 58 00 1 02 58
05 037 1 06 42 01 0 02 28
05 038 2 02 23 01 1 01 23
05 039 0 05 27 02 0 02 42
05 040 1 25 56 00 1 02 56
05 041 2 09 28 00 1 01 28
05 042 0 03 43 01 1 02 43
05 043 1 06 42 01 0 02 58
05 044 2 02 23 01 1 01 23
05 045 0 05 27 02 0 02 43
05 046 1 23 71 02 1 02 71
05 047 2 00 70 02 1 02 70
05 048 0 03 43 01 1 02 43
05 049 1 25 56 00 1 02 56
05 050 2 02 23 01 1 02 23
05 051 0 23 58 00 1 02 58
05 052 1 23 71 02 1 02 71
05 053 2 09 28 00 0 02 43
05 054 0 03 43 01 0 02 47
05 055 1 06 42 01 0 02 43
05 056 2 00 70 02 1 02 70
05 057 0 23 58 00 1 02 58
05 058 1 06 42 01 0 02 56
05 059 2 02 23 01 1 02 23
05 060 0 05 27 02 0 02 42
05 061 1 25 56 00 1 02 56
05 062 2 09 28 00 0 02 23
05 063 0 05 27 02 0 02 43
05 064 1 23 71 02 1 02 71
05 065 2 09 28 00 0 02 43
05 066 0 23 58 00 1 02 58
05 067 1 25 56 00 1 02 56
05 068 2 02 23 01 1 02 23
05 069 0 03 43 01 0 02 27
05 070 1 06 42 01 0 02 23
05 071 2 00 70 02 1 02 70
05 072 0 05 27 02 1 02 27
05 073 1 23 71 02 1 02 71
05 074 2 09 28 00 0 02 47
05 075 0 23 58 00 1 02 58
05 076 1 23 71 02 1 02 71
05 077 2 00 70 02 1 02 70
05 078 0 03 43 01 0 02 42
05 079 1 25 56 00 0 02 43
05 080 2 02 23 01 0 02 32
05 081 0 05 27 02 0 02 47
05 082 1 06 42 01 0 02 04
05 083 2 09 28 00 0 02 42
05 084 0 23 58 00 1 02 58
05 085 1 06 42 01 0 02 43
05 086 2 02 23 01 1 02 23
05 087 0 03 43 01 1 02 43
05 088 1 23 71 02 1 02 71
05 089 2 00 70 02 0 02 03
05 090 0 05 27 02 0 02 47
05 091 1 25 56 00 1 02 56
05 092 2 02 23 01 1 02 23
05 093 0 03 43 01 0 02 42
05 094 1 23 71 02 1 02 71
05 095 2 00 70 02 1 02 70
05 096 0 23 58 00 1 02 58
05 097 1 25 56 00 1 02 56
05 098 2 09 28 00 0 02 27
05 099 0 03 43 01 0 02 27
05 100 1 06 42 01 0 02 43
05 101 2 02 23 01 1 02 23
05 102 0 23 58 00 1 02 58
05 103 1 06 42 01 1 02 42
05 104 2 00 70 02 1 02 70
05 105 0 05 27 02 0 02 47
05 106 1 23 71 02 1 02 71
05 107 2 09 28 00 0 02 43
05 108 0 03 43 01 1 02 43
05 109 1 25 56 00 1 02 56
05 110 2 00 70 02 1 02 70
05 111 0 05 27 02 1 02 27
05 112 1 06 42 01 0 03 43
05 113 2 09 28 00 0 02 43
05 114 0 23 58 00 0 02 56
05 115 1 25 56 00 1 03 56
05 116 2 02 23 01 1 02 23
05 117 0 05 27 02 0 02 42
05 118 1 14 39 03 1 03 39
05 119 2 02 23 01 1 02 23
05 120 0 03 43 01 1 02 43
05 121 1 23 71 02 1 03 71
05 122 2 09 28 00 0 02 27
05 123 0 23 58 00 1 02 58
05 124 1 14 39 03 1 03 39
05 125 2 00 70 02 1 02 70
05 126 0 03 43 01 1 02 43
05 127 1 23 71 02 1 03 71
05 128 2 02 23 01 1 02 23
05 129 0 23 58 00 1 02 58
05 130 1 25 56 00 0 03 43
05 131 2 09 28 00 1 02 28
05 132 0 05 27 02 0 02 42
05 133 1 06 42 01 0 03 43
05 134 2 00 70 02 1 02 70
05 135 0 23 58 00 1 02 58
05 136 1 23 71 02 1 03 71
05 137 2 02 23 01 1 03 23
05 138 0 03 43 01 1 02 43
05 139 1 25 56 00 1 03 56
05 140 2 09 28 00 1 03 28
05 141 0 05 27 02 0 02 43
05 142 1 06 42 01 0 03 43
05 143 2 00 70 02 1 03 70
05 144 0 23 58 00 1 02 58
05 145 1 14 39 03 0 03 37
05 146 2 12 17 03 0 03 37
05 147 0 03 43 01 1 02 43
05 148 1 14 39 03 0 03 37
05 149 2 12 17 03 1 03 17
05 150 0 05 27 02 0 02 43
05 151 1 06 42 01 0 03 59
05 152 2 02 23 01 1 03 23
05 153 0 03 43 01 1 02 43
05 154 1 23 71 02 1 03 71
05 155 2 09 28 00 0 03 27
05 156 0 23 58 00 1 02 58
05 157 1 25 56 00 1 03 56
05 158 2 00 70 02 1 03 70
05 159 0 05 27 02 1 02 27
05 160 1 25 56 00 1 03 56
05 161 2 12 17 03 1 03 17
05 162 0 16 29 03 1 03 29
05 163 1 23 71 02 1 03 71
05 164 2 09 28 00 1 03 28
05 165 0 23 58 00 1 03 58
05 166 1 06 42 01 1 03 42
05 167 2 00 70 02 1 03 70
05 168 0 03 43 01 1 03 43
05 169 1 14 39 03 1 03 39
05 170 2 02 23 01 1 03 23
05 171 0 05 27 02 1 03 27
05 172 1 25 56 00 0 04 00
05 173 2 00 70 02 1 04 70
05 174 0 03 43 01 0 04 42
05 175 1 14 39 03 1 04 39
05 176 2 09 28 00 1 04 28
05 177 0 07 25 04 0 04 34
05 178 1 10 73 04 0 04 37
05 179 2 08 67 04 0 04 28
05 180 0 05 27 02 0 04 28
05 181 1 23 71 02 1 04 71
05 182 2 12 17 03 1 04 17
05 183 0 16 29 03 1 04 29
05 184 1 06 42 01 1 04 42
05 185 2 02 23 01 1 04 23
05 186 0 23 58 00 1 04 58
05 187 1 10 73 04 1 04 73
05 188 2 08 67 04 0 04 28
05 189 0 05 27 02 0 04 43
05 190 1 06 42 01 1 04 42
05 191 2 12 17 03 1 04 17
05 192 0 16 29 03 1 04 29
05 193 1 14 39 03 1 04 39
05 194 2 02 23 01 1 04 23
05 195 0 23 58 00 1 04 58
05 196 1 25 56 00 1 04 56
05 197 2 09 28 00 1 04 28
05 198 0 07 25 04 1 04 25
05 199 1 23 71 02 1 04 71
05 200 2 00 70 02 1 04 70
05 201 0 03 43 01 1 04 43
05 202 1 14 39 03 1 05 39
05 203 2 02 23 01 1 04 23
05 204 0 03 43 01 1 04 43
05 205 1 06 42 01 1 05 42
05 206 2 08 67 04 0 04 28
05 207 0 23 58 00 1 04 58
05 208 1 10 73 04 1 05 73
05 209 2 12 17 03 1 04 17
05 210 0 07 25 04 1 04 25
05 211 1 25 56 00 1 05 56
05 212 2 00 70 02 1 04 70
05 213 0 16 29 03 0 04 79
05 214 1 23 71 02 1 05 71
05 215 2 09 28 00 1 04 28
05 216 0 05 27 02 0 04 28
05 217 1 17 47 05 1 05 47
05 218 2 00 70 02 1 04 70
05 219 0 07 25 04 1 04 25
05 220 1 23 71 02 1 06 71
05 221 2 12 17 03 1 04 17
05 222 0 16 29 03 1 04 29
05 223 1 14 39 03 1 06 39
05 224 2 02 23 01 1 04 23
05 225 0 23 58 00 1 04 58
05 226 1 17 47 05 1 06 47
05 227 2 08 67 04 0 04 28
05 228 0 05 27 02 0 04 28
05 229 1 12 50 06 0 06 53
05 230 2 09 28 00 1 04 28
05 231 0 03 43 01 0 04 42
05 232 1 06 42 01 1 06 42
05 233 2 12 17 03 1 04 17
05 234 0 07 25 04 1 04 25
05 235 1 10 73 04 0 06 39
05 236 2 00 70 02 1 04 70
05 237 0 03 43 01 0 04 42
05 238 1 25 56 00 1 06 56
05 239 2 09 28 00 1 04 28
05 240 0 16 29 03 0 04 53
05 241 1 10 73 04 0 06 39
05 242 2 02 23 01 1 04 23
05 243 0 05 27 02 0 04 28
05 244 1 25 56 00 1 06 56
05 245 2 08 67 04 1 04 67
05 246 0 23 58 00 1 04 58
05 247 1 17 47 05 1 06 47
05 248 2 04 18 05 1 05 18
05 249 0 03 43 01 0 04 42
05 250 1 14 39 03 1 06 39
05 251 2 00 70 02 1 05 70
05 252 0 05 27 02 1 04 27
05 253 1 23 71 02 1 06 71
05 254 2 09 28 00 0 05 57
05 255 0 07 25 04 1 04 25
05 256 1 12 50 06 1 06 50
05 257 2 02 23 01 0 05 30
05 258 0 23 58 00 1 04 58
05 259 1 06 42 01 0 06 43
05 260 2 12 17 03 1 05 17
05 261 0 16 29 03 0 04 23
05 262 1 06 42 01 1 06 42
05 263 2 08 67 04 0 05 28
05 264 0 16 29 03 1 04 29
05 265 1 17 47 05 1 06 47
05 266 2 02 23 01 1 05 23
05 267 0 05 27 02 0 04 28
05 268 1 23 71 02 1 06 71
05 269 2 08 67 04 0 05 28
05 270 0 23 58 00 1 04 58
05 271 1 25 56 00 1 06 56
05 272 2 00 70 02 1 05 70
05 273 0 03 43 01 0 04 42
05 274 1 14 39 03 1 06 39
05 275 2 12 17 03 1 05 17
05 276 0 07 25 04 1 04 25
05 277 1 10 73 04 0 06 39
05 278 2 04 18 05 0 05 73
05 279 0 16 29 03 1 04 29
05 280 1 12 50 06 1 06 50
05 281 2 09 28 00 0 05 17
05 282 0 23 58 00 1 04 58
05 283 1 17 47 05 1 06 47
05 284 2 09 28 00 0 05 17
05 285 0 07 25 04 1 04 25
05 286 1 06 42 01 1 06 42
05 287 2 12 17 03 1 05 17
05 288 0 03 43 01 1 04 43
05 289 1 23 71 02 1 06 71
05 290 2 08 67 04 0 05 28
05 291 0 05 27 02 1 04 27
05 292 1 25 56 00 1 06 56
05 293 2 02 23 01 1 05 23
05 294 0 05 27 02 0 05 28
05 295 1 12 50 06 1 06 50
05 296 2 00 70 02 1 05 70
05 297 0 16 29 03 1 05 29
05 298 1 14 39 03 1 06 39
05 299 2 04 18 05 1 05 18
