07 000 0 23 58 00 1 00 58
07 001 1 25 56 00 1 00 56
07 002 2 09 28 00 1 00 28
07 003 0 23 58 00 1 01 58
07 004 1 06 42 01 1 01 42
07 005 2 02 23 01 1 01 23
07 006 0 03 43 01 0 01 42
07 007 1 25 56 00 1 01 56
07 008 2 09 28 00 1 01 28
07 009 0 03 43 01 1 01 43
07 010 1 25 56 00 1 02 56
07 011 2 00 70 02 1 02 70
07 012 0 23 58 00 1 01 58
07 013 1 06 42 01 1 02 42
07 014 2 09 28 00 1 02 28
07 015 0 05 27 02 1 02 27
07 016 1 23 71 02 1 02 71
07 017 2 02 23 01 1 02 23
07 018 0 03 43 01 1 02 43
07 019 1 14 39 03 1 03 39
07 020 2 02 23 01 1 03 23
07 021 0 23 58 00 1 02 58
07 022 1 06 42 01 1 03 42
07 023 2 00 70 02 1 03 70
07 024 0 05 27 02 1 03 27
07 025 1 23 71 02 1 03 71
07 026 2 09 28 00 0 03 17
07 027 0 16 29 03 1 03 29
07 028 1 25 56 00 1 03 56
07 029 2 12 17 03 1 03 17
07 030 0 03 43 01 1 03 43
07 031 1 25 56 00 1 04 56
07 032 2 09 28 00 1 03 28
07 033 0 23 58 00 1 03 58
07 034 1 23 71 02 1 04 71
07 035 2 12 17 03 1 03 17
07 036 0 16 29 03 1 04 29
07 037 1 06 42 01 1 04 42
07 038 2 02 23 01 1 03 23
07 039 0 23 58 00 1 04 58
07 040 1 14 39 03 1 04 39
07 041 2 00 70 02 1 03 70
07 042 0 05 27 02 0 04 28
07 043 1 10 73 04 0 04 47
07 044 2 00 70 02 1 04 70
07 045 0 03 43 01 1 04 43
07 046 1 10 73 04 1 04 73
07 047 2 09 28 00 0 04 67
07 048 0 07 25 04 0 04 24
07 049 1 23 71 02 1 04 71
07 050 2 08 67 04 0 04 28
07 051 0 07 25 04 1 04 25
07 052 1 25 56 00 1 04 56
07 053 2 02 23 01 1 04 23
07 054 0 05 27 02 1 04 27
07 055 1 14 39 03 1 04 39
07 056 2 12 17 03 1 04 17
07 057 0 23 58 00 1 04 58
07 058 1 06 42 01 0 04 56
07 059 2 12 17 03 1 04 17
07 060 0 03 43 01 1 04 43
07 061 1 23 71 02 1 04 71
07 062 2 00 70 02 1 04 70
07 063 0 16 29 03 0 04 24
07 064 1 06 42 01 1 04 42
07 065 2 09 28 00 0 04 67
07 066 0 07 25 04 1 04 25
07 067 1 14 39 03 1 04 39
07 068 2 08 67 04 1 04 67
07 069 0 05 27 02 1 04 27
07 070 1 10 73 04 1 04 73
07 071 2 02 23 01 1 04 23
07 072 0 23 58 00 1 04 58
07 073 1 25 56 00 1 04 56
07 074 2 12 17 03 1 04 17
07 075 0 03 43 01 1 04 43
07 076 1 25 56 00 1 05 56
07 077 2 02 23 01 1 04 23
07 078 0 16 29 03 1 04 29
07 079 1 06 42 01 1 05 42
07 080 2 09 28 00 0 04 67
07 081 0 16 29 03 1 05 29
07 082 1 14 39 03 1 05 39
07 083 2 00 70 02 1 04 70
07 084 0 07 25 04 1 05 25
07 085 1 23 71 02 1 05 71
07 086 2 08 67 04 0 04 28
07 087 0 05 27 02 1 05 27
07 088 1 10 73 04 1 05 73
07 089 2 00 70 02 1 04 70
07 090 0 12 32 05 1 05 32
07 091 1 17 47 05 1 05 47
07 092 2 12 17 03 1 04 17
07 093 0 23 58 00 1 05 58
07 094 1 12 50 06 1 06 50
07 095 2 02 23 01 1 04 23
07 096 0 03 43 01 1 05 43
07 097 1 25 56 00 1 06 56
07 098 2 09 28 00 0 04 67
07 099 0 23 58 00 1 06 58
07 100 1 10 73 04 1 06 73
07 101 2 08 67 04 1 04 67
07 102 0 24 38 06 1 06 38
07 103 1 17 47 05 1 06 47
07 104 2 02 23 01 1 04 23
07 105 0 16 29 03 1 06 29
07 106 1 23 71 02 1 06 71
07 107 2 08 67 04 0 04 28
07 108 0 12 32 05 1 06 32
07 109 1 14 39 03 1 06 39
07 110 2 12 17 03 1 04 17
07 111 0 05 27 02 1 06 27
07 112 1 06 42 01 1 06 42
07 113 2 09 28 00 1 04 28
07 114 0 07 25 04 1 06 25
07 115 1 14 39 03 1 07 39
07 116 2 00 70 02 1 04 70
07 117 0 03 43 01 1 06 43
07 118 1 07 21 07 0 07 39
07 119 2 12 17 03 1 04 17
07 120 0 19 11 07 1 07 11
07 121 1 12 50 06 1 07 50
07 122 2 00 70 02 1 04 70
07 123 0 23 58 00 1 07 58
07 124 1 23 71 02 1 07 71
07 125 2 09 28 00 0 04 67
07 126 0 12 32 05 1 07 32
07 127 1 17 47 05 1 07 47
07 128 2 02 23 01 1 04 23
07 129 0 05 27 02 1 07 27
07 130 1 25 56 00 1 07 56
07 131 2 08 67 04 1 04 67
07 132 0 24 38 06 1 07 38
07 133 1 06 42 01 1 07 42
07 134 2 00 70 02 1 04 70
07 135 0 03 43 01 1 07 43
07 136 1 10 73 04 1 07 73
07 137 2 02 23 01 1 04 23
07 138 0 07 25 04 1 07 25
07 139 1 07 21 07 1 07 21
07 140 2 12 17 03 1 04 17
07 141 0 16 29 03 1 07 29
07 142 1 14 39 03 1 07 39
07 143 2 08 67 04 0 04 28
07 144 0 07 25 04 1 08 25
07 145 1 23 71 02 1 07 71
07 146 2 09 28 00 1 04 28
07 147 0 19 11 07 1 08 11
07 148 1 12 50 06 1 07 50
07 149 2 09 28 00 0 04 67
07 150 0 16 29 03 1 08 29
07 151 1 25 56 00 1 07 56
07 152 2 12 17 03 1 04 17
07 153 0 12 32 05 1 08 32
07 154 1 10 73 04 1 07 73
07 155 2 08 67 04 1 04 67
07 156 0 05 27 02 1 08 27
07 157 1 17 47 05 1 07 47
07 158 2 00 70 02 1 04 70
07 159 0 20 33 08 1 08 33
07 160 1 06 42 01 1 07 42
07 161 2 02 23 01 1 04 23
07 162 0 24 38 06 1 08 38
07 163 1 10 73 04 1 08 73
07 164 2 02 23 01 1 04 23
07 165 0 23 58 00 1 08 58
07 166 1 17 47 05 1 08 47
07 167 2 08 67 04 1 04 67
07 168 0 03 43 01 1 08 43
07 169 1 11 46 08 1 08 46
07 170 2 00 70 02 1 04 70
07 171 0 24 38 06 1 09 38
07 172 1 23 71 02 1 08 71
07 173 2 12 17 03 1 04 17
07 174 0 07 25 04 1 09 25
07 175 1 25 56 00 1 08 56
07 176 2 09 28 00 1 04 28
07 177 0 23 58 00 1 09 58
07 178 1 06 42 01 1 08 42
07 179 2 09 28 00 1 05 28
07 180 0 19 11 07 1 09 11
07 181 1 14 39 03 1 08 39
07 182 2 12 17 03 1 05 17
07 183 0 04 63 09 1 09 63
07 184 1 07 21 07 1 08 21
07 185 2 02 23 01 1 05 23
07 186 0 16 29 03 1 09 29
07 187 1 12 50 06 1 08 50
07 188 2 00 70 02 1 05 70
07 189 0 12 32 05 1 09 32
07 190 1 25 56 00 1 09 56
07 191 2 04 18 05 1 05 18
07 192 0 03 43 01 1 09 43
07 193 1 23 71 02 1 09 71
07 194 2 08 67 04 1 05 67
07 195 0 05 27 02 1 09 27
07 196 1 14 39 03 1 09 39
07 197 2 12 17 03 1 06 17
07 198 0 20 33 08 1 09 33
07 199 1 07 21 07 1 09 21
07 200 2 00 70 02 1 06 70
07 201 0 12 32 05 1 10 32
07 202 1 12 50 06 1 09 50
07 203 2 03 22 06 1 06 22
07 204 0 11 72 10 1 10 72
07 205 1 17 47 05 1 09 47
07 206 2 08 67 04 1 06 67
07 207 0 24 38 06 0 10 39
07 208 1 10 73 04 0 09 39
07 209 2 09 28 00 1 06 28
07 210 0 23 58 00 1 10 58
07 211 1 11 46 08 1 09 46
07 212 2 04 18 05 0 06 22
07 213 0 16 29 03 1 10 29
07 214 1 06 42 01 1 09 42
07 215 2 02 23 01 1 06 23
07 216 0 03 43 01 1 10 43
07 217 1 20 35 09 0 09 71
07 218 2 08 67 04 1 06 67
07 219 0 20 33 08 1 10 33
07 220 1 10 73 04 1 09 73
07 221 2 09 28 00 1 06 28
07 222 0 05 27 02 1 10 27
07 223 1 20 35 09 1 09 35
07 224 2 00 70 02 1 06 70
07 225 0 19 11 07 1 10 11
07 226 1 07 21 07 1 09 21
07 227 2 02 23 01 1 06 23
07 228 0 04 63 09 1 10 63
07 229 1 12 50 06 1 09 50
07 230 2 04 18 05 1 06 18
07 231 0 07 25 04 1 10 25
07 232 1 06 42 01 1 09 42
07 233 2 12 17 03 1 06 17
07 234 0 24 38 06 1 10 38
07 235 1 25 56 00 1 09 56
07 236 2 03 22 06 1 06 22
07 237 0 04 63 09 1 10 63
07 238 1 17 47 05 1 09 47
07 239 2 08 67 04 1 07 67
07 240 0 11 72 10 0 10 71
07 241 1 23 71 02 1 09 71
07 242 2 05 65 07 0 07 18
07 243 0 03 43 01 1 10 43
07 244 1 11 46 08 1 09 46
07 245 2 00 70 02 1 07 70
07 246 0 23 58 00 1 10 58
07 247 1 14 39 03 1 09 39
07 248 2 02 23 01 1 07 23
07 249 0 12 32 05 1 10 32
07 250 1 11 46 08 1 10 46
07 251 2 04 18 05 1 07 18
07 252 0 07 25 04 1 10 25
07 253 1 25 56 00 1 10 56
07 254 2 09 28 00 1 07 28
07 255 0 05 27 02 1 10 27
07 256 1 26 37 10 1 10 37
07 257 2 12 17 03 1 07 17
07 258 0 20 33 08 1 10 33
07 259 1 12 50 06 1 10 50
07 260 2 03 22 06 1 07 22
07 261 0 19 11 07 1 10 11
07 262 1 07 21 07 1 10 21
07 263 2 03 22 06 0 07 23
07 264 0 16 29 03 1 10 29
07 265 1 17 47 05 1 10 47
07 266 2 00 70 02 1 07 70
07 267 0 07 25 04 1 10 25
07 268 1 10 73 04 1 10 73
07 269 2 04 18 05 0 07 22
07 270 0 23 58 00 1 10 58
07 271 1 20 35 09 1 10 35
07 272 2 12 17 03 1 07 17
07 273 0 03 43 01 1 10 43
07 274 1 23 71 02 1 10 71
07 275 2 05 65 07 1 07 65
07 276 0 11 72 10 1 10 72
07 277 1 06 42 01 1 10 42
07 278 2 02 23 01 1 07 23
07 279 0 24 38 06 1 10 38
07 280 1 14 39 03 0 10 73
07 281 2 08 67 04 1 07 67
07 282 0 16 29 03 1 10 29
07 283 1 25 56 00 1 10 56
07 284 2 09 28 00 1 07 28
07 285 0 04 63 09 1 10 63
07 286 1 06 42 01 1 10 42
07 287 2 08 67 04 1 07 67
07 288 0 12 32 05 1 10 32
07 289 1 14 39 03 1 10 39
07 290 2 03 22 06 1 07 22
07 291 0 20 33 08 1 10 33
07 292 1 12 50 06 1 10 50
07 293 2 00 70 02 1 07 70
07 294 0 19 11 07 1 10 11
07 295 1 11 46 08 1 10 46
07 296 2 04 18 05 1 07 18
07 297 0 05 27 02 1 10 27
07 298 1 20 35 09 1 10 35
07 299 2 02 23 01 1 07 23
