02 000 0 23 58 00 1 00 58
02 001 1 25 56 00 1 00 56
02 002 2 09 28 00 1 00 28
02 003 0 23 58 00 1 01 58
02 004 1 06 42 01 1 01 42
02 005 2 02 23 01 0 01 36
02 006 0 03 43 01 0 01 34
02 007 1 25 56 00 1 01 56
02 008 2 09 28 00 1 01 28
02 009 0 03 43 01 1 01 43
02 010 1 25 56 00 1 02 56
02 011 2 09 28 00 1 01 28
02 012 0 23 58 00 1 01 58
02 013 1 06 42 01 0 02 27
02 014 2 02 23 01 0 01 34
02 015 0 23 58 00 1 02 58
02 016 1 23 71 02 1 02 71
02 017 2 09 28 00 1 01 28
02 018 0 05 27 02 1 02 27
02 019 1 25 56 00 1 02 56
02 020 2 02 23 01 1 01 23
02 021 0 03 43 01 1 02 43
02 022 1 06 42 01 0 02 23
02 023 2 02 23 01 1 02 23
02 024 0 23 58 00 1 03 58
02 025 1 23 71 02 0 02 72
02 026 2 09 28 00 1 02 28
02 027 0 05 27 02 1 03 27
02 028 1 06 42 01 1 02 42
02 029 2 00 70 02 1 02 70
02 030 0 16 29 03 1 03 29
02 031 1 23 71 02 1 02 71
02 032 2 02 23 01 1 03 23
02 033 0 03 43 01 1 03 43
02 034 1 25 56 00 1 02 56
02 035 2 09 28 00 1 03 28
02 036 0 07 25 04 1 04 25
02 037 1 23 71 02 1 03 71
02 038 2 00 70 02 1 03 70
02 039 0 16 29 03 1 04 29
02 040 1 06 42 01 1 03 42
02 041 2 12 17 03 1 03 17
02 042 0 03 43 01 1 04 43
02 043 1 25 56 00 1 03 56
02 044 2 12 17 03 1 04 17
02 045 0 05 27 02 0 04 72
02 046 1 14 39 03 1 03 39
02 047 2 02 23 01 1 04 23
02 048 0 23 58 00 1 04 58
02 049 1 06 42 01 0 04 43
02 050 2 08 67 04 1 04 67
02 051 0 03 43 01 1 04 43
02 052 1 10 73 04 1 04 73
02 053 2 09 28 00 0 04 67
02 054 0 16 29 03 1 04 29
02 055 1 25 56 00 1 04 56
02 056 2 00 70 02 1 04 70
02 057 0 07 25 04 1 04 25
02 058 1 14 39 03 1 04 39
02 059 2 00 70 02 1 04 70
02 060 0 05 27 02 0 04 72
02 061 1 23 71 02 1 04 71
02 062 2 12 17 03 0 04 67
02 063 0 23 58 00 1 04 58
02 064 1 23 71 02 1 04 71
02 065 2 02 23 01 1 04 23
02 066 0 03 43 01 1 04 43
02 067 1 25 56 00 1 04 56
02 068 2 09 28 00 1 04 28
02 069 0 16 29 03 1 04 29
02 070 1 06 42 01 1 04 42
02 071 2 08 67 04 0 04 28
02 072 0 07 25 04 1 04 25
02 073 1 14 39 03 1 04 39
02 074 2 08 67 04 0 04 28
02 075 0 23 58 00 1 04 58
02 076 1 10 73 04 1 04 73
02 077 2 12 17 03 0 04 28
02 078 0 05 27 02 0 04 72
02 079 1 23 71 02 1 05 71
02 080 2 00 70 02 1 04 70
02 081 0 23 58 00 1 04 58
02 082 1 25 56 00 1 05 56
02 083 2 02 23 01 1 04 23
02 084 0 03 43 01 1 04 43
02 085 1 10 73 04 1 05 73
02 086 2 09 28 00 1 04 28
02 087 0 05 27 02 1 04 27
02 088 1 14 39 03 1 05 39
02 089 2 02 23 01 1 04 23
02 090 0 16 29 03 1 04 29
02 091 1 17 47 05 1 05 47
02 092 2 08 67 04 1 04 67
02 093 0 07 25 04 1 04 25
02 094 1 06 42 01 1 05 42
02 095 2 12 17 03 0 04 27
02 096 0 12 32 05 1 05 32
02 097 1 14 39 03 1 06 39
02 098 2 00 70 02 1 04 70
02 099 0 23 58 00 1 05 58
02 100 1 17 47 05 1 06 47
02 101 2 09 28 00 0 04 67
02 102 0 16 29 03 1 05 29
02 103 1 12 50 06 1 06 50
02 104 2 08 67 04 0 04 28
02 105 0 07 25 04 1 05 25
02 106 1 06 42 01 0 06 43
02 107 2 00 70 02 1 04 70
02 108 0 05 27 02 1 05 27
02 109 1 25 56 00 1 06 56
02 110 2 09 28 00 0 04 67
02 111 0 03 43 01 0 05 42
02 112 1 23 71 02 1 06 71
02 113 2 12 17 03 1 04 17
02 114 0 16 29 03 1 05 29
02 115 1 10 73 04 0 06 76
02 116 2 02 23 01 1 04 23
02 117 0 05 27 02 1 05 27
02 118 1 10 73 04 1 06 73
02 119 2 09 28 00 0 04 67
02 120 0 03 43 01 1 05 43
02 121 1 12 50 06 1 06 50
02 122 2 02 23 01 1 04 23
02 123 0 23 58 00 1 05 58
02 124 1 17 47 05 1 06 47
02 125 2 00 70 02 1 04 70
02 126 0 07 25 04 1 05 25
02 127 1 23 71 02 1 06 71
02 128 2 12 17 03 1 04 17
02 129 0 12 32 05 1 05 32
02 130 1 14 39 03 1 06 39
02 131 2 08 67 04 0 04 28
02 132 0 12 32 05 1 06 32
02 133 1 25 56 00 1 06 56
02 134 2 08 67 04 0 04 28
02 135 0 23 58 00 1 06 58
02 136 1 06 42 01 1 06 42
02 137 2 02 23 01 1 04 23
02 138 0 05 27 02 1 06 27
02 139 1 10 73 04 1 07 73
02 140 2 00 70 02 1 04 70
02 141 0 24 38 06 1 06 38
02 142 1 23 71 02 1 07 71
02 143 2 12 17 03 1 04 17
02 144 0 16 29 03 1 06 29
02 145 1 06 42 01 1 07 42
02 146 2 09 28 00 0 04 67
02 147 0 03 43 01 1 06 43
02 148 1 07 21 07 1 07 21
02 149 2 09 28 00 1 04 28
02 150 0 07 25 04 1 06 25
02 151 1 25 56 00 1 07 56
02 152 2 08 67 04 1 04 67
02 153 0 03 43 01 1 07 43
02 154 1 12 50 06 1 07 50
02 155 2 02 23 01 1 04 23
02 156 0 19 11 07 1 07 11
02 157 1 14 39 03 1 07 39
02 158 2 12 17 03 1 04 17
02 159 0 16 29 03 1 07 29
02 160 1 17 47 05 1 07 47
02 161 2 00 70 02 1 04 70
02 162 0 12 32 05 1 07 32
02 163 1 11 46 08 1 08 46
02 164 2 02 23 01 1 05 23
02 165 0 07 25 04 1 07 25
02 166 1 10 73 04 1 08 73
02 167 2 12 17 03 1 05 17
02 168 0 24 38 06 0 07 11
02 169 1 06 42 01 1 08 42
02 170 2 09 28 00 1 05 28
02 171 0 23 58 00 1 07 58
02 172 1 17 47 05 1 08 47
02 173 2 04 18 05 1 05 18
02 174 0 05 27 02 1 07 27
02 175 1 25 56 00 1 08 56
02 176 2 08 67 04 1 05 67
02 177 0 07 25 04 0 07 23
02 178 1 12 50 06 1 08 50
02 179 2 00 70 02 1 05 70
02 180 0 23 58 00 1 07 58
02 181 1 07 21 07 0 08 56
02 182 2 04 18 05 0 06 22
02 183 0 24 38 06 1 07 38
02 184 1 23 71 02 1 08 71
02 185 2 00 70 02 1 06 70
02 186 0 12 32 05 1 07 32
02 187 1 14 39 03 1 08 39
02 188 2 08 67 04 1 06 67
02 189 0 16 29 03 1 07 29
02 190 1 25 56 00 1 08 56
02 191 2 12 17 03 1 06 17
02 192 0 19 11 07 1 07 11
02 193 1 07 21 07 1 08 21
02 194 2 03 22 06 0 06 23
02 195 0 05 27 02 1 07 27
02 196 1 23 71 02 1 08 71
02 197 2 02 23 01 1 06 23
02 198 0 03 43 01 1 07 43
02 199 1 12 50 06 1 08 50
02 200 2 09 28 00 1 06 28
02 201 0 12 32 05 1 07 32
02 202 1 06 42 01 1 08 42
02 203 2 12 17 03 1 06 17
02 204 0 05 27 02 1 07 27
02 205 1 10 73 04 1 08 73
02 206 2 04 18 05 0 06 22
02 207 0 19 11 07 1 07 11
02 208 1 17 47 05 1 08 47
02 209 2 00 70 02 1 06 70
02 210 0 24 38 06 1 07 38
02 211 1 11 46 08 1 08 46
02 212 2 03 22 06 0 06 23
02 213 0 07 25 04 1 07 25
02 214 1 14 39 03 1 08 39
02 215 2 09 28 00 1 06 28
02 216 0 23 58 00 1 07 58
02 217 1 07 21 07 1 09 21
02 218 2 02 23 01 1 06 23
02 219 0 03 43 01 1 07 43
02 220 1 20 35 09 1 09 35
02 221 2 08 67 04 1 06 67
02 222 0 16 29 03 1 07 29
02 223 1 10 73 04 1 09 73
02 224 2 08 67 04 1 06 67
02 225 0 23 58 00 1 08 58
02 226 1 11 46 08 1 09 46
02 227 2 00 70 02 1 06 70
02 228 0 16 29 03 1 08 29
02 229 1 17 47 05 1 09 47
02 230 2 03 22 06 1 06 22
02 231 0 24 38 06 1 08 38
02 232 1 14 39 03 1 09 39
02 233 2 02 23 01 1 06 23
02 234 0 20 33 08 1 08 33
02 235 1 12 50 06 1 09 50
02 236 2 04 18 05 1 06 18
02 237 0 19 11 07 1 08 11
02 238 1 23 71 02 1 09 71
02 239 2 09 28 00 1 06 28
02 240 0 03 43 01 1 08 43
02 241 1 25 56 00 1 09 56
02 242 2 12 17 03 1 06 17
02 243 0 12 32 05 1 08 32
02 244 1 06 42 01 1 09 42
02 245 2 08 67 04 1 07 67
02 246 0 07 25 04 1 08 25
02 247 1 20 35 09 1 10 35
02 248 2 05 65 07 1 07 65
02 249 0 05 27 02 1 08 27
02 250 1 25 56 00 1 10 56
02 251 2 09 28 00 1 07 28
02 252 0 19 11 07 1 09 11
02 253 1 07 21 07 1 10 21
02 254 2 12 17 03 1 07 17
02 255 0 20 33 08 1 09 33
02 256 1 14 39 03 1 10 39
02 257 2 04 18 05 1 07 18
02 258 0 12 32 05 1 09 32
02 259 1 06 42 01 1 10 42
02 260 2 00 70 02 1 07 70
02 261 0 23 58 00 1 09 58
02 262 1 23 71 02 1 10 71
02 263 2 02 23 01 1 07 23
02 264 0 04 63 09 0 09 36
02 265 1 26 37 10 1 10 37
02 266 2 03 22 06 1 07 22
02 267 0 24 38 06 1 09 38
02 268 1 11 46 08 1 10 46
02 269 2 07 13 08 0 08 67
02 270 0 07 25 04 1 09 25
02 271 1 12 50 06 1 10 50
02 272 2 08 67 04 1 08 67
02 273 0 16 29 03 1 09 29
02 274 1 17 47 05 1 10 47
02 275 2 02 23 01 1 08 23
02 276 0 05 27 02 1 09 27
02 277 1 10 73 04 1 10 73
02 278 2 00 70 02 1 08 70
02 279 0 03 43 01 1 09 43
02 280 1 08 14 11 1 11 14
02 281 2 04 18 05 1 08 18
02 282 0 03 43 01 1 09 43
02 283 1 14 39 03 1 11 39
02 284 2 12 17 03 1 08 17
02 285 0 24 38 06 1 09 38
02 286 1 25 56 00 1 11 56
02 287 2 09 28 00 1 08 28
02 288 0 16 29 03 1 09 29
02 289 1 07 21 07 1 11 21
02 290 2 05 65 07 0 08 13
02 291 0 05 27 02 1 09 27
02 292 1 23 71 02 1 11 71
02 293 2 03 22 06 1 08 22
02 294 0 19 11 07 1 09 11
02 295 1 20 35 09 1 11 35
02 296 2 02 23 01 1 08 23
02 297 0 23 58 00 1 09 58
02 298 1 06 42 01 1 11 42
02 299 2 04 18 05 0 08 22
