17 000 0 23 28 00 1 00 28
17 001 1 25 58 00 1 00 58
17 002 2 09 56 00 1 00 56
17 003 0 23 28 00 1 01 28
17 004 1 06 43 01 0 01 42
17 005 2 02 42 01 0 01 47
17 006 0 03 23 01 0 01 58
17 007 1 25 58 00 1 01 58
17 008 2 09 56 00 1 01 56
17 009 0 03 23 01 1 01 23
17 010 1 25 58 00 1 01 58
17 011 2 02 42 01 0 01 56
17 012 0 23 28 00 1 01 28
17 013 1 06 43 01 0 01 24
17 014 2 09 56 00 0 01 23
17 015 0 03 23 01 1 02 23
17 016 1 06 43 01 1 01 43
17 017 2 09 56 00 1 01 56
17 018 0 23 28 00 1 02 28
17 019 1 25 58 00 1 01 58
17 020 2 02 42 01 0 01 48
17 021 0 05 70 02 1 02 70
17 022 1 06 43 01 0 02 56
17 023 2 09 56 00 0 01 42
17 024 0 03 23 01 0 03 48
17 025 1 25 58 00 0 02 56
17 026 2 02 42 01 1 01 42
17 027 0 23 28 00 1 03 28
17 028 1 23 27 02 1 02 27
17 029 2 02 42 01 0 01 45
17 030 0 16 17 03 0 03 27
17 031 1 06 43 01 0 02 56
17 032 2 09 56 00 1 01 56
17 033 0 05 70 02 1 03 70
17 034 1 25 58 00 1 02 58
17 035 2 02 42 01 0 01 43
17 036 0 05 70 02 1 03 70
17 037 1 23 27 02 1 02 27
17 038 2 09 56 00 1 01 56
17 039 0 16 17 03 1 03 17
17 040 1 23 27 02 1 02 27
17 041 2 02 42 01 1 01 42
17 042 0 03 23 01 0 03 43
17 043 1 25 58 00 1 02 58
17 044 2 09 56 00 1 01 56
17 045 0 23 28 00 1 03 28
17 046 1 06 43 01 0 02 42
17 047 2 00 71 02 1 02 71
17 048 0 16 17 03 1 03 17
17 049 1 23 27 02 1 02 27
17 050 2 02 42 01 1 02 42
17 051 0 23 28 00 1 03 28
17 052 1 25 58 00 1 02 58
17 053 2 09 56 00 1 02 56
17 054 0 03 23 01 0 03 43
17 055 1 06 43 01 1 02 43
17 056 2 02 42 01 1 03 42
17 057 0 05 70 02 1 03 70
17 058 1 14 29 03 0 03 39
17 059 2 00 71 02 0 03 27
17 060 0 23 28 00 1 03 28
17 061 1 23 27 02 0 03 29
17 062 2 09 56 00 0 03 29
17 063 0 16 17 03 0 03 70
17 064 1 25 58 00 1 03 58
17 065 2 12 39 03 0 03 29
17 066 0 05 70 02 1 03 70
17 067 1 06 43 01 1 03 43
17 068 2 09 56 00 1 03 56
17 069 0 03 23 01 1 03 23
17 070 1 14 29 03 1 03 29
17 071 2 02 42 01 0 03 27
17 072 0 03 23 01 0 03 71
17 073 1 23 27 02 0 03 29
17 074 2 00 71 02 1 03 71
17 075 0 16 17 03 1 03 17
17 076 1 06 43 01 1 03 43
17 077 2 12 39 03 0 03 56
17 078 0 23 28 00 1 03 28
17 079 1 25 58 00 1 03 58
17 080 2 00 71 02 0 03 39
17 081 0 05 70 02 1 03 70
17 082 1 14 29 03 1 03 29
17 083 2 02 42 01 0 03 27
17 084 0 23 28 00 1 03 28
17 085 1 25 58 00 1 03 58
17 086 2 09 56 00 0 03 42
17 087 0 05 70 02 0 03 71
17 088 1 23 27 02 1 03 27
17 089 2 12 39 03 1 03 39
17 090 0 03 23 01 1 03 23
17 091 1 06 43 01 1 03 43
17 092 2 09 56 00 0 03 42
17 093 0 16 17 03 1 03 17
17 094 1 25 58 00 1 04 58
17 095 2 00 71 02 1 03 71
17 096 0 05 70 02 1 03 70
17 097 1 10 25 04 1 04 25
17 098 2 12 39 03 1 03 39
17 099 0 23 28 00 1 03 28
17 100 1 14 29 03 1 04 29
17 101 2 02 42 01 0 03 43
17 102 0 03 23 01 0 03 71
17 103 1 06 43 01 1 04 43
17 104 2 02 42 01 1 03 42
17 105 0 16 17 03 1 03 17
17 106 1 23 27 02 1 04 27
17 107 2 12 39 03 1 03 39
17 108 0 16 17 03 1 03 17
17 109 1 17 32 05 1 05 32
17 110 2 00 71 02 1 03 71
17 111 0 23 28 00 1 03 28
17 112 1 10 25 04 1 05 25
17 113 2 09 56 00 0 03 42
17 114 0 05 70 02 1 03 70
17 115 1 06 43 01 1 05 43
17 116 2 12 39 03 1 03 39
17 117 0 03 23 01 1 03 23
17 118 1 25 58 00 0 05 48
17 119 2 02 42 01 0 03 71
17 120 0 16 17 03 1 04 17
17 121 1 14 29 03 1 05 29
17 122 2 09 56 00 1 03 56
17 123 0 03 23 01 1 04 23
17 124 1 23 27 02 1 05 27
17 125 2 00 71 02 1 03 71
17 126 0 07 67 04 0 04 56
17 127 1 06 43 01 1 05 43
17 128 2 02 42 01 0 03 29
17 129 0 05 70 02 1 04 70
17 130 1 23 27 02 1 05 27
17 131 2 09 56 00 0 03 39
17 132 0 23 28 00 1 04 28
17 133 1 10 25 04 1 05 25
17 134 2 00 71 02 0 03 70
17 135 0 07 67 04 1 04 67
17 136 1 25 58 00 1 05 58
17 137 2 12 39 03 1 03 39
17 138 0 05 70 02 1 04 70
17 139 1 14 29 03 0 05 38
17 140 2 02 42 01 1 03 42
17 141 0 23 28 00 1 04 28
17 142 1 17 32 05 1 05 32
17 143 2 09 56 00 1 03 56
17 144 0 03 23 01 1 04 23
17 145 1 14 29 03 0 05 43
17 146 2 00 71 02 1 03 71
17 147 0 16 17 03 1 04 17
17 148 1 17 32 05 1 05 32
17 149 2 12 39 03 1 03 39
17 150 0 16 17 03 1 05 17
17 151 1 25 58 00 1 05 58
17 152 2 08 73 04 1 04 73
17 153 0 07 67 04 1 05 67
17 154 1 23 27 02 1 05 27
17 155 2 00 71 02 1 04 71
17 156 0 12 18 05 1 05 18
17 157 1 10 25 04 1 05 25
17 158 2 12 39 03 1 04 39
17 159 0 05 70 02 1 05 70
17 160 1 06 43 01 1 05 43
17 161 2 02 42 01 1 04 42
17 162 0 03 23 01 1 05 23
17 163 1 23 27 02 1 05 27
17 164 2 09 56 00 0 04 45
17 165 0 23 28 00 1 05 28
17 166 1 10 25 04 1 05 25
17 167 2 08 73 04 0 04 56
17 168 0 12 18 05 1 06 18
17 169 1 06 43 01 1 05 43
17 170 2 00 71 02 1 04 71
17 171 0 05 70 02 1 06 70
17 172 1 25 58 00 1 05 58
17 173 2 02 42 01 1 04 42
17 174 0 16 17 03 1 06 17
17 175 1 17 32 05 1 05 32
17 176 2 09 56 00 1 04 56
17 177 0 23 28 00 1 06 28
17 178 1 14 29 03 1 05 29
17 179 2 12 39 03 1 04 39
17 180 0 07 67 04 1 06 67
17 181 1 14 29 03 1 06 29
17 182 2 02 42 01 1 04 42
17 183 0 24 22 06 1 06 22
17 184 1 17 32 05 1 06 32
17 185 2 09 56 00 1 04 56
17 186 0 03 23 01 1 06 23
17 187 1 06 43 01 1 06 43
17 188 2 00 71 02 0 04 70
17 189 0 23 28 00 1 07 28
17 190 1 10 25 04 1 06 25
17 191 2 12 39 03 1 04 39
17 192 0 12 18 05 1 07 18
17 193 1 23 27 02 1 06 27
17 194 2 08 73 04 0 04 71
17 195 0 24 22 06 1 07 22
17 196 1 12 38 06 0 06 35
17 197 2 02 42 01 1 04 42
17 198 0 03 23 01 1 07 23
17 199 1 25 58 00 1 06 58
17 200 2 09 56 00 1 04 56
17 201 0 19 65 07 0 07 38
17 202 1 23 27 02 1 06 27
17 203 2 00 71 02 1 04 71
17 204 0 05 70 02 1 07 70
17 205 1 10 25 04 1 06 25
17 206 2 12 39 03 1 04 39
17 207 0 07 67 04 1 07 67
17 208 1 17 32 05 1 06 32
17 209 2 08 73 04 0 04 56
17 210 0 16 17 03 1 07 17
17 211 1 12 38 06 1 06 38
17 212 2 00 71 02 1 04 71
17 213 0 19 65 07 0 07 68
17 214 1 06 43 01 1 06 43
17 215 2 02 42 01 0 04 02
17 216 0 24 22 06 1 07 22
17 217 1 25 58 00 1 06 58
17 218 2 12 39 03 1 04 39
17 219 0 16 17 03 1 07 17
17 220 1 14 29 03 1 06 29
17 221 2 08 73 04 0 04 56
17 222 0 05 70 02 1 07 70
17 223 1 06 43 01 1 07 43
17 224 2 09 56 00 1 04 56
17 225 0 07 67 04 1 07 67
17 226 1 23 27 02 1 07 27
17 227 2 00 71 02 1 04 71
17 228 0 23 28 00 1 07 28
17 229 1 14 29 03 1 07 29
17 230 2 09 56 00 1 04 56
17 231 0 12 18 05 1 07 18
17 232 1 07 11 07 1 07 11
17 233 2 08 73 04 0 04 71
17 234 0 03 23 01 1 07 23
17 235 1 10 25 04 1 07 25
17 236 2 02 42 01 1 04 42
17 237 0 03 23 01 1 07 23
17 238 1 25 58 00 1 07 58
17 239 2 12 39 03 1 04 39
17 240 0 12 18 05 1 07 18
17 241 1 12 38 06 0 07 73
17 242 2 08 73 04 1 04 73
17 243 0 07 67 04 1 07 67
17 244 1 17 32 05 1 07 32
17 245 2 02 42 01 1 04 42
17 246 0 05 70 02 1 07 70
17 247 1 06 43 01 1 07 43
17 248 2 00 71 02 1 04 71
17 249 0 24 22 06 1 07 22
17 250 1 23 27 02 1 07 27
17 251 2 12 39 03 1 04 39
17 252 0 19 65 07 0 07 73
17 253 1 12 38 06 0 07 73
17 254 2 09 56 00 0 04 73
17 255 0 16 17 03 1 07 17
17 256 1 14 29 03 1 07 29
17 257 2 08 73 04 0 04 56
17 258 0 23 28 00 1 07 28
17 259 1 25 58 00 1 07 58
17 260 2 09 56 00 1 04 56
17 261 0 07 67 04 1 07 67
17 262 1 17 32 05 1 07 32
17 263 2 00 71 02 1 04 71
17 264 0 24 22 06 1 07 22
17 265 1 07 11 07 1 07 11
17 266 2 02 42 01 1 04 42
17 267 0 05 70 02 1 07 70
17 268 1 10 25 04 0 07 55
17 269 2 12 39 03 1 04 39
17 270 0 23 28 00 1 07 28
17 271 1 25 58 00 1 07 58
17 272 2 12 39 03 1 04 39
17 273 0 12 18 05 1 07 18
17 274 1 10 25 04 1 07 25
17 275 2 09 56 00 0 04 73
17 276 0 16 17 03 1 07 17
17 277 1 23 27 02 1 07 27
17 278 2 08 73 04 0 04 56
17 279 0 03 23 01 1 07 23
17 280 1 07 11 07 1 07 11
17 281 2 02 42 01 1 04 42
17 282 0 19 65 07 0 07 35
17 283 1 17 32 05 1 07 32
17 284 2 00 71 02 0 04 42
17 285 0 07 67 04 1 07 67
17 286 1 06 43 01 1 07 43
17 287 2 02 42 01 1 04 42
17 288 0 24 22 06 1 07 22
17 289 1 14 29 03 1 07 29
17 290 2 00 71 02 1 04 71
17 291 0 19 65 07 0 07 38
17 292 1 12 38 06 1 07 38
17 293 2 12 39 03 1 04 39
17 294 0 05 70 02 1 07 70
17 295 1 12 38 06 0 08 65
17 296 2 09 56 00 0 04 73
17 297 0 12 18 05 1 07 18
17 298 1 14 29 03 1 08 29
17 299 2 08 73 04 1 04 73
