14 000 0 23 28 00 1 00 28
14 001 1 25 58 00 1 00 58
14 002 2 09 56 00 0 00 00
14 003 0 23 28 00 0 01 00
14 004 1 06 43 01 0 01 48
14 005 2 09 56 00 0 00 00
14 006 0 03 23 01 0 01 00
14 007 1 25 58 00 0 01 00
14 008 2 09 56 00 0 00 00
14 009 0 03 23 01 0 01 00
14 010 1 25 58 00 0 01 00
14 011 2 09 56 00 0 00 00
14 012 0 23 28 00 0 01 00
14 013 1 06 43 01 0 01 00
14 014 2 09 56 00 0 00 00
14 015 0 03 23 01 0 01 00
14 016 1 06 43 01 0 01 00
14 017 2 09 56 00 0 00 00
14 018 0 23 28 00 0 01 00
14 019 1 25 58 00 0 01 00
14 020 2 09 56 00 0 00 00
14 021 0 03 23 01 0 01 00
14 022 1 06 43 01 0 01 00
14 023 2 09 56 00 0 00 00
14 024 0 23 28 00 0 01 00
14 025 1 25 58 00 0 01 00
14 026 2 09 56 00 0 00 00
14 027 0 03 23 01 0 01 00
14 028 1 25 58 00 0 01 00
14 029 2 09 56 00 0 00 00
14 030 0 23 28 00 0 01 00
14 031 1 06 43 01 0 01 00
14 032 2 09 56 00 0 00 00
14 033 0 03 23 01 0 01 00
14 034 1 25 58 00 0 01 00
14 035 2 09 56 00 0 00 00
14 036 0 23 28 00 0 01 00
14 037 1 06 43 01 0 01 00
14 038 2 09 56 00 0 00 00
14 039 0 03 23 01 0 01 00
14 040 1 25 58 00 0 01 00
14 041 2 09 56 00 0 00 00
14 042 0 23 28 00 0 01 00
14 043 1 06 43 01 0 01 00
14 044 2 09 56 00 0 00 00
14 045 0 03 23 01 0 01 00
14 046 1 06 43 01 0 01 00
14 047 2 09 56 00 0 00 00
14 048 0 23 28 00 0 01 00
14 049 1 25 58 00 0 01 00
14 050 2 09 56 00 0 00 00
14 051 0 23 28 00 0 01 00
14 052 1 25 58 00 0 01 00
14 053 2 09 56 00 0 00 00
14 054 0 03 23 01 0 01 00
14 055 1 06 43 01 0 01 00
14 056 2 09 56 00 0 00 00
14 057 0 23 28 00 0 01 00
14 058 1 25 58 00 0 01 04
14 059 2 09 56 00 0 00 43
14 060 0 03 23 01 0 01 43
14 061 1 06 43 01 0 01 56
14 062 2 09 56 00 0 00 58
14 063 0 03 23 01 1 01 23
14 064 1 25 58 00 0 01 26
14 065 2 09 56 00 0 00 00
14 066 0 23 28 00 1 01 28
14 067 1 06 43 01 1 01 43
14 068 2 09 56 00 1 00 56
14 069 0 05 70 02 1 02 70
14 070 1 25 58 00 0 01 55
14 071 2 09 56 00 1 01 56
14 072 0 23 28 00 1 02 28
14 073 1 06 43 01 1 01 43
14 074 2 02 42 01 1 01 42
14 075 0 03 23 01 1 02 23
14 076 1 25 58 00 0 01 00
14 077 2 09 56 00 1 02 56
14 078 0 03 23 01 1 03 23
14 079 1 06 43 01 0 01 56
14 080 2 00 71 02 1 02 71
14 081 0 23 28 00 0 03 26
14 082 1 25 58 00 1 01 58
14 083 2 02 42 01 0 02 70
14 084 0 05 70 02 1 03 70
14 085 1 06 43 01 1 01 43
14 086 2 02 42 01 0 02 00
14 087 0 16 17 03 0 03 00
14 088 1 23 27 02 0 02 23
14 089 2 09 56 00 1 02 56
14 090 0 05 70 02 0 03 71
14 091 1 06 43 01 1 02 43
14 092 2 00 71 02 0 02 70
14 093 0 03 23 01 1 03 23
14 094 1 25 58 00 0 02 53
14 095 2 09 56 00 0 02 53
14 096 0 16 17 03 1 03 17
14 097 1 06 43 01 1 02 43
14 098 2 00 71 02 1 02 71
14 099 0 23 28 00 1 03 28
14 100 1 25 58 00 1 02 58
14 101 2 02 42 01 0 02 70
14 102 0 05 70 02 0 03 18
14 103 1 23 27 02 0 02 17
14 104 2 00 71 02 1 02 71
14 105 0 16 17 03 1 03 17
14 106 1 23 27 02 1 02 27
14 107 2 09 56 00 1 02 56
14 108 0 23 28 00 1 03 28
14 109 1 25 58 00 0 02 53
14 110 2 02 42 01 0 02 46
14 111 0 03 23 01 0 03 46
14 112 1 06 43 01 0 02 46
14 113 2 02 42 01 0 02 46
14 114 0 16 17 03 1 03 17
14 115 1 25 58 00 0 02 46
14 116 2 00 71 02 1 02 71
14 117 0 03 23 01 0 03 28
14 118 1 23 27 02 0 02 17
14 119 2 09 56 00 1 02 56
14 120 0 05 70 02 0 03 17
14 121 1 06 43 01 0 02 46
14 122 2 02 42 01 0 02 17
14 123 0 23 28 00 1 03 28
14 124 1 06 43 01 0 02 42
14 125 2 00 71 02 0 02 70
14 126 0 03 23 01 0 03 17
14 127 1 25 58 00 0 02 56
14 128 2 09 56 00 1 02 56
14 129 0 23 28 00 1 03 28
14 130 1 23 27 02 0 02 43
14 131 2 02 42 01 0 02 43
14 132 0 16 17 03 1 03 17
14 133 1 25 58 00 0 02 56
14 134 2 09 56 00 1 02 56
14 135 0 05 70 02 0 03 27
14 136 1 23 27 02 1 02 27
14 137 2 00 71 02 1 02 71
14 138 0 16 17 03 1 03 17
14 139 1 06 43 01 0 02 58
14 140 2 02 42 01 0 02 43
14 141 0 03 23 01 0 03 43
14 142 1 25 58 00 1 02 58
14 143 2 09 56 00 1 02 56
14 144 0 05 70 02 0 03 27
14 145 1 23 27 02 1 02 27
14 146 2 00 71 02 1 02 71
14 147 0 23 28 00 1 03 28
14 148 1 06 43 01 0 02 42
14 149 2 00 71 02 1 02 71
14 150 0 05 70 02 0 03 27
14 151 1 06 43 01 1 02 43
14 152 2 09 56 00 1 02 56
14 153 0 23 28 00 1 03 28
14 154 1 23 27 02 1 02 27
14 155 2 02 42 01 1 02 42
14 156 0 03 23 01 0 03 70
14 157 1 25 58 00 0 02 46
14 158 2 02 42 01 0 03 46
14 159 0 16 17 03 0 03 23
14 160 1 25 58 00 1 02 58
14 161 2 12 39 03 0 03 56
14 162 0 03 23 01 0 03 27
14 163 1 23 27 02 1 02 27
14 164 2 00 71 02 1 03 71
14 165 0 16 17 03 1 03 17
14 166 1 06 43 01 0 02 46
14 167 2 09 56 00 0 03 30
14 168 0 23 28 00 1 03 28
14 169 1 06 43 01 0 02 46
14 170 2 00 71 02 1 03 71
14 171 0 05 70 02 1 03 70
14 172 1 23 27 02 0 02 46
14 173 2 09 56 00 1 03 56
14 174 0 16 17 03 1 03 17
14 175 1 25 58 00 0 02 46
14 176 2 02 42 01 0 03 46
14 177 0 03 23 01 0 03 28
14 178 1 25 58 00 1 02 58
14 179 2 12 39 03 0 03 32
14 180 0 05 70 02 1 03 70
14 181 1 06 43 01 0 02 42
14 182 2 02 42 01 1 03 42
14 183 0 23 28 00 1 03 28
14 184 1 23 27 02 0 02 56
14 185 2 09 56 00 1 03 56
14 186 0 23 28 00 0 03 22
14 187 1 06 43 01 0 02 56
14 188 2 00 71 02 1 03 71
14 189 0 16 17 03 1 03 17
14 190 1 23 27 02 1 02 27
14 191 2 12 39 03 1 03 39
14 192 0 03 23 01 0 03 70
14 193 1 25 58 00 0 02 45
14 194 2 00 71 02 1 04 71
14 195 0 05 70 02 1 03 70
14 196 1 23 27 02 0 02 23
14 197 2 02 42 01 1 04 42
14 198 0 23 28 00 1 03 28
14 199 1 25 58 00 1 02 58
14 200 2 12 39 03 1 04 39
14 201 0 16 17 03 1 03 17
14 202 1 06 43 01 0 02 48
14 203 2 08 73 04 0 04 56
14 204 0 03 23 01 0 03 27
14 205 1 06 43 01 0 02 27
14 206 2 09 56 00 0 04 73
14 207 0 05 70 02 1 03 70
14 208 1 23 27 02 1 02 27
14 209 2 02 42 01 1 04 42
14 210 0 16 17 03 1 03 17
14 211 1 25 58 00 0 02 47
14 212 2 08 73 04 0 04 56
14 213 0 23 28 00 1 03 28
14 214 1 23 27 02 1 02 27
14 215 2 00 71 02 1 04 71
14 216 0 03 23 01 0 03 28
14 217 1 25 58 00 0 02 27
14 218 2 09 56 00 0 04 79
14 219 0 05 70 02 1 03 70
14 220 1 06 43 01 0 02 42
14 221 2 12 39 03 0 04 30
14 222 0 05 70 02 1 03 70
14 223 1 06 43 01 0 02 58
14 224 2 00 71 02 1 04 71
14 225 0 03 23 01 0 03 27
14 226 1 25 58 00 0 02 27
14 227 2 09 56 00 0 04 39
14 228 0 16 17 03 1 03 17
14 229 1 23 27 02 0 02 23
14 230 2 12 39 03 1 04 39
14 231 0 23 28 00 1 03 28
14 232 1 23 27 02 1 02 27
14 233 2 08 73 04 0 04 56
14 234 0 23 28 00 1 03 28
14 235 1 25 58 00 0 02 56
14 236 2 02 42 01 0 04 46
14 237 0 16 17 03 0 03 70
14 238 1 06 43 01 0 02 56
14 239 2 02 42 01 1 04 42
14 240 0 05 70 02 1 03 70
14 241 1 06 43 01 1 02 43
14 242 2 00 71 02 1 04 71
14 243 0 03 23 01 0 03 28
14 244 1 25 58 00 0 02 56
14 245 2 08 73 04 0 04 56
14 246 0 05 70 02 1 03 70
14 247 1 23 27 02 0 02 56
14 248 2 12 39 03 0 04 46
14 249 0 03 23 01 0 03 28
14 250 1 06 43 01 0 02 46
14 251 2 09 56 00 1 04 56
14 252 0 23 28 00 1 03 28
14 253 1 25 58 00 0 02 52
14 254 2 12 39 03 0 04 56
14 255 0 16 17 03 1 03 17
14 256 1 23 27 02 0 02 28
14 257 2 09 56 00 1 04 56
14 258 0 16 17 03 1 03 17
14 259 1 25 58 00 0 02 27
14 260 2 02 42 01 1 04 42
14 261 0 03 23 01 0 03 27
14 262 1 06 43 01 0 02 28
14 263 2 00 71 02 1 04 71
14 264 0 05 70 02 0 03 17
14 265 1 23 27 02 0 02 48
14 266 2 08 73 04 0 04 56
14 267 0 23 28 00 1 03 28
14 268 1 06 43 01 0 02 47
14 269 2 09 56 00 0 04 71
14 270 0 23 28 00 1 03 28
14 271 1 25 58 00 0 02 42
14 272 2 02 42 01 0 04 46
14 273 0 16 17 03 1 03 17
14 274 1 23 27 02 0 02 46
14 275 2 08 73 04 0 04 56
14 276 0 03 23 01 0 03 28
14 277 1 06 43 01 0 02 27
14 278 2 00 71 02 1 04 71
14 279 0 05 70 02 1 03 70
14 280 1 25 58 00 0 02 27
14 281 2 12 39 03 1 04 39
14 282 0 05 70 02 1 03 70
14 283 1 23 27 02 1 02 27
14 284 2 09 56 00 0 04 73
14 285 0 16 17 03 1 03 17
14 286 1 06 43 01 0 02 42
14 287 2 02 42 01 1 04 42
14 288 0 23 28 00 1 03 28
14 289 1 23 27 02 1 02 27
14 290 2 08 73 04 0 04 56
14 291 0 03 23 01 0 03 28
14 292 1 25 58 00 0 02 47
14 293 2 12 39 03 1 04 39
14 294 0 16 17 03 1 03 17
14 295 1 25 58 00 0 02 56
14 296 2 00 71 02 1 04 71
14 297 0 03 23 01 1 03 23
14 298 1 06 43 01 1 02 43
14 299 2 12 39 03 1 04 39
