15 000 0 23 28 00 0 00 02
15 001 1 25 58 00 1 00 58
15 002 2 09 56 00 1 00 56
15 003 0 23 28 00 1 00 28
15 004 1 25 58 00 1 01 58
15 005 2 09 56 00 1 01 56
15 006 0 03 23 01 0 01 26
15 007 1 06 43 01 1 01 43
15 008 2 02 42 01 0 01 43
15 009 0 23 28 00 1 01 28
15 010 1 25 58 00 1 02 58
15 011 2 09 56 00 1 01 56
15 012 0 03 23 01 1 01 23
15 013 1 23 27 02 0 02 26
15 014 2 02 42 01 0 01 43
15 015 0 23 28 00 1 01 28
15 016 1 06 43 01 1 02 43
15 017 2 02 42 01 0 01 56
15 018 0 03 23 01 1 02 23
15 019 1 25 58 00 1 02 58
15 020 2 09 56 00 1 01 56
15 021 0 05 70 02 1 02 70
15 022 1 23 27 02 0 02 28
15 023 2 02 42 01 1 01 42
15 024 0 23 28 00 1 02 28
15 025 1 06 43 01 1 02 43
15 026 2 09 56 00 1 01 56
15 027 0 03 23 01 1 03 23
15 028 1 23 27 02 0 02 23
15 029 2 02 42 01 1 02 42
15 030 0 05 70 02 1 03 70
15 031 1 06 43 01 0 02 23
15 032 2 09 56 00 1 02 56
15 033 0 16 17 03 1 03 17
15 034 1 25 58 00 1 02 58
15 035 2 00 71 02 0 02 00
15 036 0 23 28 00 1 03 28
15 037 1 06 43 01 1 02 43
15 038 2 09 56 00 1 02 56
15 039 0 05 70 02 1 04 70
15 040 1 25 58 00 0 02 27
15 041 2 02 42 01 0 02 43
15 042 0 16 17 03 1 04 17
15 043 1 23 27 02 1 02 27
15 044 2 00 71 02 1 02 71
15 045 0 03 23 01 0 04 57
15 046 1 23 27 02 0 02 43
15 047 2 00 71 02 1 02 71
15 048 0 07 67 04 1 04 67
15 049 1 06 43 01 1 02 43
15 050 2 02 42 01 1 02 42
15 051 0 23 28 00 1 04 28
15 052 1 25 58 00 1 02 58
15 053 2 09 56 00 1 02 56
15 054 0 16 17 03 1 04 17
15 055 1 23 27 02 0 02 43
15 056 2 12 39 03 1 03 39
15 057 0 03 23 01 0 04 42
15 058 1 06 43 01 0 02 42
15 059 2 00 71 02 1 03 71
15 060 0 23 28 00 1 04 28
15 061 1 25 58 00 0 02 43
15 062 2 02 42 01 0 03 43
15 063 0 07 67 04 1 04 67
15 064 1 23 27 02 0 02 42
15 065 2 09 56 00 1 03 56
15 066 0 05 70 02 1 04 70
15 067 1 25 58 00 1 02 58
15 068 2 02 42 01 1 03 42
15 069 0 16 17 03 1 04 17
15 070 1 06 43 01 0 02 42
15 071 2 12 39 03 0 03 03
15 072 0 03 23 01 1 04 23
15 073 1 23 27 02 1 02 27
15 074 2 00 71 02 0 03 39
15 075 0 05 70 02 1 04 70
15 076 1 06 43 01 1 02 43
15 077 2 09 56 00 1 03 56
15 078 0 07 67 04 1 04 67
15 079 1 25 58 00 1 02 58
15 080 2 00 71 02 1 03 71
15 081 0 23 28 00 1 04 28
15 082 1 23 27 02 1 03 27
15 083 2 12 39 03 1 03 39
15 084 0 23 28 00 1 05 28
15 085 1 14 29 03 1 03 29
15 086 2 02 42 01 0 03 26
15 087 0 12 18 05 0 05 00
15 088 1 06 43 01 1 03 43
15 089 2 09 56 00 1 03 56
15 090 0 05 70 02 1 05 70
15 091 1 25 58 00 1 03 58
15 092 2 02 42 01 1 03 42
15 093 0 03 23 01 1 05 23
15 094 1 10 25 04 1 04 25
15 095 2 12 39 03 1 03 39
15 096 0 07 67 04 1 05 67
15 097 1 06 43 01 0 04 42
15 098 2 00 71 02 1 03 71
15 099 0 16 17 03 1 05 17
15 100 1 25 58 00 1 04 58
15 101 2 09 56 00 1 03 56
15 102 0 05 70 02 1 05 70
15 103 1 14 29 03 1 04 29
15 104 2 08 73 04 0 04 71
15 105 0 07 67 04 1 05 67
15 106 1 23 27 02 1 04 27
15 107 2 00 71 02 1 04 71
15 108 0 16 17 03 1 05 17
15 109 1 10 25 04 1 04 25
15 110 2 09 56 00 0 04 53
15 111 0 12 18 05 1 05 18
15 112 1 25 58 00 0 04 00
15 113 2 02 42 01 0 04 04
15 114 0 03 23 01 1 05 23
15 115 1 23 27 02 1 04 27
15 116 2 12 39 03 1 04 39
15 117 0 23 28 00 1 05 28
15 118 1 06 43 01 1 04 43
15 119 2 00 71 02 1 04 71
15 120 0 12 18 05 1 06 18
15 121 1 14 29 03 1 04 29
15 122 2 08 73 04 0 04 56
15 123 0 24 22 06 1 06 22
15 124 1 25 58 00 1 04 58
15 125 2 12 39 03 1 04 39
15 126 0 23 28 00 1 06 28
15 127 1 23 27 02 0 04 29
15 128 2 02 42 01 1 04 42
15 129 0 03 23 01 1 06 23
15 130 1 14 29 03 1 04 29
15 131 2 09 56 00 0 04 71
15 132 0 16 17 03 1 06 17
15 133 1 06 43 01 1 04 43
15 134 2 09 56 00 1 04 56
15 135 0 07 67 04 1 06 67
15 136 1 10 25 04 1 04 25
15 137 2 12 39 03 0 04 71
15 138 0 05 70 02 1 06 70
15 139 1 25 58 00 1 04 58
15 140 2 02 42 01 1 04 42
15 141 0 23 28 00 1 07 28
15 142 1 23 27 02 1 04 27
15 143 2 00 71 02 1 04 71
15 144 0 05 70 02 1 07 70
15 145 1 14 29 03 0 04 25
15 146 2 08 73 04 0 04 56
15 147 0 19 65 07 1 07 65
15 148 1 06 43 01 1 04 43
15 149 2 00 71 02 1 04 71
15 150 0 07 67 04 1 07 67
15 151 1 10 25 04 1 04 25
15 152 2 08 73 04 0 04 56
15 153 0 12 18 05 1 07 18
15 154 1 10 25 04 1 04 25
15 155 2 09 56 00 1 04 56
15 156 0 16 17 03 1 07 17
15 157 1 14 29 03 1 04 29
15 158 2 02 42 01 1 04 42
15 159 0 03 23 01 1 07 23
15 160 1 06 43 01 1 04 43
15 161 2 12 39 03 1 04 39
15 162 0 24 22 06 1 07 22
15 163 1 25 58 00 1 04 58
15 164 2 09 56 00 1 04 56
15 165 0 03 23 01 1 08 23
15 166 1 23 27 02 1 04 27
15 167 2 02 42 01 1 04 42
15 168 0 05 70 02 1 08 70
15 169 1 23 27 02 1 05 27
15 170 2 12 39 03 1 04 39
15 171 0 07 67 04 1 08 67
15 172 1 10 25 04 1 05 25
15 173 2 00 71 02 0 04 39
15 174 0 23 28 00 1 08 28
15 175 1 14 29 03 1 05 29
15 176 2 08 73 04 0 04 56
15 177 0 20 13 08 1 08 13
15 178 1 06 43 01 1 05 43
15 179 2 09 56 00 1 04 56
15 180 0 19 65 07 1 08 65
15 181 1 17 32 05 1 05 32
15 182 2 12 39 03 1 04 39
15 183 0 24 22 06 1 08 22
15 184 1 25 58 00 1 05 58
15 185 2 00 71 02 1 04 71
15 186 0 16 17 03 1 08 17
15 187 1 06 43 01 1 06 43
15 188 2 08 73 04 0 04 00
15 189 0 12 18 05 0 08 00
15 190 1 25 58 00 0 06 00
15 191 2 02 42 01 1 04 42
15 192 0 20 13 08 1 08 13
15 193 1 17 32 05 1 06 32
15 194 2 12 39 03 1 04 39
15 195 0 24 22 06 1 08 22
15 196 1 10 25 04 1 06 25
15 197 2 02 42 01 1 04 42
15 198 0 16 17 03 1 08 17
15 199 1 12 38 06 1 06 38
15 200 2 08 73 04 0 04 56
15 201 0 19 65 07 1 08 65
15 202 1 23 27 02 1 06 27
15 203 2 00 71 02 1 04 71
15 204 0 07 67 04 1 08 67
15 205 1 14 29 03 1 06 29
15 206 2 09 56 00 1 04 56
15 207 0 05 70 02 1 08 70
15 208 1 10 25 04 1 06 25
15 209 2 00 71 02 1 04 71
15 210 0 23 28 00 1 08 28
15 211 1 12 38 06 1 06 38
15 212 2 08 73 04 1 04 73
15 213 0 03 23 01 1 08 23
15 214 1 14 29 03 1 06 29
15 215 2 12 39 03 1 04 39
15 216 0 12 18 05 1 08 18
15 217 1 25 58 00 1 06 58
15 218 2 02 42 01 1 04 42
15 219 0 07 67 04 0 09 07
15 220 1 23 27 02 1 06 27
15 221 2 09 56 00 1 04 56
15 222 0 23 28 00 1 09 28
15 223 1 06 43 01 1 06 43
15 224 2 08 73 04 1 05 73
15 225 0 05 70 02 1 09 70
15 226 1 17 32 05 1 06 32
15 227 2 09 56 00 1 05 56
15 228 0 12 18 05 1 09 18
15 229 1 17 32 05 1 07 32
15 230 2 02 42 01 1 05 42
15 231 0 24 22 06 1 09 22
15 232 1 14 29 03 1 07 29
15 233 2 12 39 03 1 05 39
15 234 0 03 23 01 1 09 23
15 235 1 07 11 07 1 07 11
15 236 2 04 47 05 1 05 47
15 237 0 19 65 07 1 09 65
15 238 1 12 38 06 1 07 38
15 239 2 00 71 02 1 05 71
15 240 0 04 59 09 1 09 59
15 241 1 06 43 01 1 07 43
15 242 2 08 73 04 0 06 56
15 243 0 16 17 03 1 09 17
15 244 1 23 27 02 1 07 27
15 245 2 03 50 06 0 06 47
15 246 0 20 13 08 1 09 13
15 247 1 25 58 00 1 07 58
15 248 2 04 47 05 1 06 47
15 249 0 23 28 00 1 09 28
15 250 1 10 25 04 1 07 25
15 251 2 00 71 02 1 06 71
15 252 0 05 70 02 1 09 70
15 253 1 07 11 07 1 08 11
15 254 2 02 42 01 1 06 42
15 255 0 04 59 09 1 09 59
15 256 1 23 27 02 1 08 27
15 257 2 09 56 00 1 06 56
15 258 0 16 17 03 1 09 17
15 259 1 14 29 03 1 08 29
15 260 2 12 39 03 1 06 39
15 261 0 19 65 07 1 09 65
15 262 1 06 43 01 1 08 43
15 263 2 09 56 00 0 06 73
15 264 0 12 18 05 1 09 18
15 265 1 25 58 00 1 08 58
15 266 2 04 47 05 0 06 50
15 267 0 07 67 04 1 09 67
15 268 1 17 32 05 1 08 32
15 269 2 02 42 01 1 06 42
15 270 0 20 13 08 1 09 13
15 271 1 11 33 08 1 08 33
15 272 2 12 39 03 1 06 39
15 273 0 03 23 01 1 09 23
15 274 1 10 25 04 1 08 25
15 275 2 00 71 02 1 06 71
15 276 0 24 22 06 1 09 22
15 277 1 12 38 06 1 08 38
15 278 2 03 50 06 0 06 00
15 279 0 05 70 02 1 10 70
15 280 1 20 63 09 1 09 63
15 281 2 08 73 04 1 06 73
15 282 0 23 28 00 1 10 28
15 283 1 23 27 02 1 09 27
15 284 2 03 50 06 1 06 50
15 285 0 19 65 07 1 10 65
15 286 1 12 38 06 0 09 00
15 287 2 09 56 00 1 06 56
15 288 0 11 26 10 1 10 26
15 289 1 17 32 05 1 09 32
15 290 2 04 47 05 1 06 47
15 291 0 04 59 09 1 10 59
15 292 1 11 33 08 1 09 33
15 293 2 00 71 02 1 06 71
15 294 0 16 17 03 1 10 17
15 295 1 14 29 03 0 09 00
15 296 2 12 39 03 1 06 39
15 297 0 20 13 08 1 10 13
15 298 1 07 11 07 1 09 11
15 299 2 08 73 04 0 06 56
