12 000 0 23 28 00 0 00 02
12 001 1 25 58 00 1 00 58
12 002 2 09 56 00 1 00 56
12 003 0 23 28 00 1 00 28
12 004 1 25 58 00 1 01 58
12 005 2 09 56 00 1 01 56
12 006 0 03 23 01 1 01 23
12 007 1 06 43 01 1 01 43
12 008 2 02 42 01 1 01 42
12 009 0 23 28 00 1 01 28
12 010 1 25 58 00 1 02 58
12 011 2 02 42 01 1 02 42
12 012 0 23 28 00 1 02 28
12 013 1 23 27 02 0 02 02
12 014 2 00 71 02 0 02 42
12 015 0 05 70 02 1 02 70
12 016 1 06 43 01 1 02 43
12 017 2 09 56 00 1 02 56
12 018 0 03 23 01 1 02 23
12 019 1 25 58 00 1 02 58
12 020 2 02 42 01 1 02 42
12 021 0 05 70 02 1 03 70
12 022 1 06 43 01 0 02 42
12 023 2 00 71 02 1 02 71
12 024 0 03 23 01 1 03 23
12 025 1 23 27 02 0 02 70
12 026 2 09 56 00 1 02 56
12 027 0 23 28 00 1 03 28
12 028 1 23 27 02 1 02 27
12 029 2 12 39 03 0 03 56
12 030 0 16 17 03 0 03 27
12 031 1 25 58 00 1 02 58
12 032 2 00 71 02 1 03 71
12 033 0 03 23 01 1 03 23
12 034 1 06 43 01 1 02 43
12 035 2 09 56 00 1 03 56
12 036 0 23 28 00 1 03 28
12 037 1 06 43 01 1 03 43
12 038 2 02 42 01 1 03 42
12 039 0 16 17 03 1 03 17
12 040 1 25 58 00 0 03 43
12 041 2 00 71 02 0 03 42
12 042 0 05 70 02 1 03 70
12 043 1 14 29 03 0 03 00
12 044 2 12 39 03 1 03 39
12 045 0 05 70 02 1 04 70
12 046 1 23 27 02 0 03 29
12 047 2 02 42 01 1 03 42
12 048 0 07 67 04 1 04 67
12 049 1 23 27 02 0 03 29
12 050 2 09 56 00 0 03 42
12 051 0 16 17 03 1 04 17
12 052 1 25 58 00 1 03 58
12 053 2 12 39 03 1 03 39
12 054 0 23 28 00 1 04 28
12 055 1 14 29 03 0 03 27
12 056 2 00 71 02 1 03 71
12 057 0 03 23 01 1 04 23
12 058 1 06 43 01 0 03 58
12 059 2 02 42 01 1 03 42
12 060 0 12 18 05 1 05 18
12 061 1 06 43 01 1 03 43
12 062 2 09 56 00 1 03 56
12 063 0 05 70 02 1 05 70
12 064 1 14 29 03 1 03 29
12 065 2 12 39 03 0 04 56
12 066 0 07 67 04 1 05 67
12 067 1 23 27 02 1 03 27
12 068 2 00 71 02 1 04 71
12 069 0 16 17 03 1 05 17
12 070 1 25 58 00 1 03 58
12 071 2 02 42 01 1 04 42
12 072 0 03 23 01 0 05 27
12 073 1 06 43 01 1 04 43
12 074 2 09 56 00 1 04 56
12 075 0 23 28 00 1 05 28
12 076 1 10 25 04 1 04 25
12 077 2 08 73 04 0 04 56
12 078 0 03 23 01 1 05 23
12 079 1 23 27 02 0 04 17
12 080 2 09 56 00 1 04 56
12 081 0 05 70 02 0 05 27
12 082 1 14 29 03 0 04 71
12 083 2 12 39 03 1 04 39
12 084 0 07 67 04 1 05 67
12 085 1 25 58 00 1 04 58
12 086 2 08 73 04 0 04 56
12 087 0 12 18 05 1 05 18
12 088 1 14 29 03 0 04 27
12 089 2 02 42 01 0 04 71
12 090 0 16 17 03 1 05 17
12 091 1 06 43 01 0 04 42
12 092 2 00 71 02 1 04 71
12 093 0 23 28 00 1 05 28
12 094 1 10 25 04 1 04 25
12 095 2 12 39 03 1 04 39
12 096 0 07 67 04 0 05 17
12 097 1 25 58 00 1 04 58
12 098 2 00 71 02 1 04 71
12 099 0 05 70 02 1 05 70
12 100 1 23 27 02 1 04 27
12 101 2 09 56 00 1 04 56
12 102 0 12 18 05 1 05 18
12 103 1 14 29 03 0 04 25
12 104 2 02 42 01 1 04 42
12 105 0 16 17 03 1 05 17
12 106 1 06 43 01 0 04 42
12 107 2 08 73 04 0 04 56
12 108 0 23 28 00 1 05 28
12 109 1 23 27 02 1 04 27
12 110 2 08 73 04 0 04 56
12 111 0 03 23 01 1 05 23
12 112 1 25 58 00 1 04 58
12 113 2 12 39 03 1 04 39
12 114 0 03 23 01 1 05 23
12 115 1 10 25 04 1 04 25
12 116 2 09 56 00 1 04 56
12 117 0 16 17 03 1 05 17
12 118 1 14 29 03 0 04 27
12 119 2 02 42 01 1 04 42
12 120 0 05 70 02 0 05 71
12 121 1 25 58 00 1 04 58
12 122 2 00 71 02 1 04 71
12 123 0 12 18 05 1 05 18
12 124 1 10 25 04 1 04 25
12 125 2 09 56 00 0 04 73
12 126 0 07 67 04 1 05 67
12 127 1 23 27 02 1 04 27
12 128 2 00 71 02 1 04 71
12 129 0 23 28 00 0 05 23
12 130 1 06 43 01 1 04 43
12 131 2 12 39 03 1 04 39
12 132 0 07 67 04 1 05 67
12 133 1 10 25 04 1 04 25
12 134 2 02 42 01 1 04 42
12 135 0 05 70 02 1 05 70
12 136 1 06 43 01 1 04 43
12 137 2 08 73 04 1 04 73
12 138 0 12 18 05 0 05 17
12 139 1 14 29 03 0 04 27
12 140 2 00 71 02 1 04 71
12 141 0 23 28 00 1 05 28
12 142 1 23 27 02 0 04 42
12 143 2 09 56 00 1 04 56
12 144 0 03 23 01 1 05 23
12 145 1 25 58 00 1 04 58
12 146 2 12 39 03 1 04 39
12 147 0 16 17 03 1 05 17
12 148 1 14 29 03 0 04 27
12 149 2 08 73 04 1 04 73
12 150 0 03 23 01 1 05 23
12 151 1 25 58 00 1 04 58
12 152 2 02 42 01 1 04 42
12 153 0 07 67 04 1 05 67
12 154 1 06 43 01 0 04 29
12 155 2 12 39 03 1 05 39
12 156 0 23 28 00 1 05 28
12 157 1 10 25 04 1 04 25
12 158 2 08 73 04 0 05 56
12 159 0 05 70 02 1 05 70
12 160 1 23 27 02 1 04 27
12 161 2 02 42 01 1 05 42
12 162 0 16 17 03 1 05 17
12 163 1 23 27 02 0 04 42
12 164 2 09 56 00 0 05 73
12 165 0 12 18 05 1 05 18
12 166 1 14 29 03 0 04 27
12 167 2 04 47 05 1 05 47
12 168 0 07 67 04 1 06 67
12 169 1 06 43 01 0 04 42
12 170 2 00 71 02 1 05 71
12 171 0 16 17 03 1 06 17
12 172 1 25 58 00 1 04 58
12 173 2 04 47 05 1 05 47
12 174 0 24 22 06 1 06 22
12 175 1 10 25 04 1 04 25
12 176 2 12 39 03 1 05 39
12 177 0 03 23 01 1 06 23
12 178 1 23 27 02 1 04 27
12 179 2 08 73 04 0 05 56
12 180 0 12 18 05 0 06 17
12 181 1 06 43 01 1 04 43
12 182 2 02 42 01 1 05 42
12 183 0 05 70 02 0 06 18
12 184 1 25 58 00 1 04 58
12 185 2 00 71 02 1 05 71
12 186 0 23 28 00 1 06 28
12 187 1 10 25 04 1 04 25
12 188 2 09 56 00 1 05 56
12 189 0 03 23 01 1 06 23
12 190 1 14 29 03 1 04 29
12 191 2 02 42 01 1 05 42
12 192 0 05 70 02 1 06 70
12 193 1 23 27 02 1 05 27
12 194 2 00 71 02 1 05 71
12 195 0 12 18 05 1 06 18
12 196 1 06 43 01 0 05 29
12 197 2 09 56 00 1 05 56
12 198 0 16 17 03 1 06 17
12 199 1 25 58 00 1 05 58
12 200 2 12 39 03 1 05 39
12 201 0 23 28 00 1 06 28
12 202 1 14 29 03 1 05 29
12 203 2 08 73 04 1 05 73
12 204 0 07 67 04 0 06 17
12 205 1 17 32 05 1 05 32
12 206 2 04 47 05 0 05 42
12 207 0 24 22 06 1 06 22
12 208 1 10 25 04 1 05 25
12 209 2 09 56 00 1 05 56
12 210 0 12 18 05 1 06 18
12 211 1 10 25 04 1 05 25
12 212 2 02 42 01 1 05 42
12 213 0 03 23 01 1 06 23
12 214 1 14 29 03 1 05 29
12 215 2 08 73 04 1 05 73
12 216 0 23 28 00 1 06 28
12 217 1 17 32 05 1 05 32
12 218 2 00 71 02 1 05 71
12 219 0 24 22 06 1 06 22
12 220 1 25 58 00 1 05 58
12 221 2 04 47 05 1 05 47
12 222 0 07 67 04 1 06 67
12 223 1 23 27 02 0 05 29
12 224 2 12 39 03 1 05 39
12 225 0 16 17 03 1 06 17
12 226 1 06 43 01 0 05 27
12 227 2 04 47 05 0 06 50
12 228 0 05 70 02 1 06 70
12 229 1 17 32 05 1 05 32
12 230 2 09 56 00 1 06 56
12 231 0 19 65 07 1 07 65
12 232 1 14 29 03 1 05 29
12 233 2 12 39 03 1 06 39
12 234 0 05 70 02 1 07 70
12 235 1 06 43 01 1 05 43
12 236 2 03 50 06 1 06 50
12 237 0 07 67 04 1 07 67
12 238 1 23 27 02 0 05 43
12 239 2 02 42 01 0 06 50
12 240 0 24 22 06 1 07 22
12 241 1 10 25 04 1 05 25
12 242 2 08 73 04 0 06 56
12 243 0 03 23 01 1 07 23
12 244 1 25 58 00 1 05 58
12 245 2 00 71 02 1 06 71
12 246 0 12 18 05 1 07 18
12 247 1 23 27 02 0 05 29
12 248 2 04 47 05 1 06 47
12 249 0 23 28 00 1 07 28
12 250 1 10 25 04 1 05 25
12 251 2 08 73 04 0 06 05
12 252 0 16 17 03 1 07 17
12 253 1 06 43 01 0 05 27
12 254 2 09 56 00 1 06 56
12 255 0 19 65 07 1 08 65
12 256 1 25 58 00 1 05 58
12 257 2 02 42 01 1 06 42
12 258 0 20 13 08 0 08 32
12 259 1 14 29 03 0 05 42
12 260 2 00 71 02 1 06 71
12 261 0 24 22 06 1 08 22
12 262 1 17 32 05 1 05 32
12 263 2 12 39 03 1 06 39
12 264 0 23 28 00 1 08 28
12 265 1 10 25 04 1 05 25
12 266 2 03 50 06 0 06 47
12 267 0 07 67 04 1 08 67
12 268 1 25 58 00 1 05 58
12 269 2 03 50 06 1 06 50
12 270 0 03 23 01 1 08 23
12 271 1 14 29 03 0 05 27
12 272 2 00 71 02 1 06 71
12 273 0 16 17 03 1 08 17
12 274 1 23 27 02 1 05 27
12 275 2 02 42 01 0 06 47
12 276 0 12 18 05 1 08 18
12 277 1 17 32 05 1 05 32
12 278 2 09 56 00 0 06 50
12 279 0 05 70 02 1 08 70
12 280 1 06 43 01 0 05 42
12 281 2 08 73 04 0 06 47
12 282 0 19 65 07 1 08 65
12 283 1 06 43 01 0 05 42
12 284 2 12 39 03 1 06 39
12 285 0 05 70 02 1 08 70
12 286 1 23 27 02 1 05 27
12 287 2 04 47 05 1 06 47
12 288 0 23 28 00 1 08 28
12 289 1 25 58 00 1 05 58
12 290 2 12 39 03 1 06 39
12 291 0 24 22 06 1 08 22
12 292 1 10 25 04 1 05 25
12 293 2 03 50 06 0 06 42
12 294 0 07 67 04 1 08 67
12 295 1 14 29 03 1 05 29
12 296 2 04 47 05 1 06 47
12 297 0 03 23 01 1 08 23
12 298 1 17 32 05 1 05 32
12 299 2 00 71 02 1 06 71
