16 000 0 23 56 00 1 00 56
16 001 1 25 28 00 0 00 58
16 002 2 09 58 00 0 00 00
16 003 0 23 56 00 0 01 00
16 004 1 25 28 00 0 00 00
16 005 2 09 58 00 0 00 00
16 006 0 03 42 01 0 01 00
16 007 1 25 28 00 0 00 00
16 008 2 09 58 00 0 00 00
16 009 0 03 42 01 0 01 00
16 010 1 25 28 00 0 00 00
16 011 2 09 58 00 0 00 00
16 012 0 23 56 00 0 01 00
16 013 1 25 28 00 1 00 28
16 014 2 09 58 00 1 00 58
16 015 0 03 42 01 0 01 43
16 016 1 06 23 01 0 01 43
16 017 2 09 58 00 1 01 58
16 018 0 23 56 00 0 01 04
16 019 1 25 28 00 1 01 28
16 020 2 02 43 01 1 01 43
16 021 0 03 42 01 1 01 42
16 022 1 06 23 01 0 01 43
16 023 2 02 43 01 0 02 23
16 024 0 23 56 00 1 01 56
16 025 1 25 28 00 1 01 28
16 026 2 09 58 00 1 02 58
16 027 0 03 42 01 1 02 42
16 028 1 25 28 00 1 01 28
16 029 2 00 27 02 0 02 23
16 030 0 05 71 02 1 02 71
16 031 1 06 23 01 1 01 23
16 032 2 02 43 01 0 02 28
16 033 0 23 56 00 0 02 00
16 034 1 06 23 01 0 02 00
16 035 2 09 58 00 0 02 00
16 036 0 05 71 02 0 02 00
16 037 1 23 70 02 0 02 00
16 038 2 00 27 02 0 02 00
16 039 0 23 56 00 0 02 00
16 040 1 25 28 00 0 02 00
16 041 2 00 27 02 0 02 00
16 042 0 03 42 01 0 02 00
16 043 1 06 23 01 0 02 00
16 044 2 09 58 00 0 02 00
16 045 0 03 42 01 0 02 00
16 046 1 25 28 00 0 02 00
16 047 2 02 43 01 0 02 00
16 048 0 05 71 02 0 02 00
16 049 1 23 70 02 0 02 00
16 050 2 02 43 01 0 02 00
16 051 0 23 56 00 0 02 00
16 052 1 06 23 01 0 02 00
16 053 2 09 58 00 0 02 00
16 054 0 05 71 02 0 02 00
16 055 1 25 28 00 0 02 00
16 056 2 00 27 02 0 02 00
16 057 0 03 42 01 0 02 00
16 058 1 23 70 02 0 02 00
16 059 2 02 43 01 0 02 00
16 060 0 23 56 00 0 02 00
16 061 1 23 70 02 1 02 70
16 062 2 00 27 02 1 02 27
16 063 0 05 71 02 1 02 71
16 064 1 06 23 01 1 02 23
16 065 2 09 58 00 1 02 58
16 066 0 23 56 00 1 02 56
16 067 1 25 28 00 1 02 28
16 068 2 09 58 00 1 02 58
16 069 0 03 42 01 1 02 42
16 070 1 23 70 02 1 03 70
16 071 2 00 27 02 1 02 27
16 072 0 05 71 02 1 03 71
16 073 1 06 23 01 1 03 23
16 074 2 02 43 01 0 02 27
16 075 0 16 39 03 1 03 39
16 076 1 25 28 00 0 03 23
16 077 2 02 43 01 0 02 28
16 078 0 03 42 01 1 03 42
16 079 1 14 17 03 1 03 17
16 080 2 09 58 00 1 02 58
16 081 0 23 56 00 1 03 56
16 082 1 23 70 02 0 03 71
16 083 2 00 27 02 1 02 27
16 084 0 23 56 00 1 04 56
16 085 1 25 28 00 1 03 28
16 086 2 00 27 02 1 02 27
16 087 0 05 71 02 1 04 71
16 088 1 06 23 01 1 03 23
16 089 2 02 43 01 0 02 24
16 090 0 07 73 04 1 04 73
16 091 1 14 17 03 1 03 17
16 092 2 09 58 00 1 02 58
16 093 0 03 42 01 1 04 42
16 094 1 06 23 01 1 03 23
16 095 2 09 58 00 1 02 58
16 096 0 16 39 03 1 04 39
16 097 1 25 28 00 1 03 28
16 098 2 02 43 01 1 02 43
16 099 0 07 73 04 0 05 79
16 100 1 23 70 02 1 03 70
16 101 2 00 27 02 1 02 27
16 102 0 05 71 02 1 05 71
16 103 1 14 17 03 1 03 17
16 104 2 09 58 00 0 03 27
16 105 0 03 42 01 0 05 00
16 106 1 23 70 02 1 04 70
16 107 2 02 43 01 0 03 27
16 108 0 16 39 03 1 05 39
16 109 1 10 67 04 0 04 63
16 110 2 12 29 03 0 03 58
16 111 0 12 47 05 0 05 79
16 112 1 25 28 00 1 04 28
16 113 2 00 27 02 1 03 27
16 114 0 23 56 00 1 05 56
16 115 1 14 17 03 1 04 17
16 116 2 12 29 03 0 03 27
16 117 0 05 71 02 1 05 71
16 118 1 06 23 01 1 04 23
16 119 2 00 27 02 1 03 27
16 120 0 23 56 00 1 05 56
16 121 1 14 17 03 1 04 17
16 122 2 02 43 01 0 03 27
16 123 0 03 42 01 1 05 42
16 124 1 25 28 00 1 04 28
16 125 2 09 58 00 0 03 29
16 126 0 16 39 03 1 05 39
16 127 1 23 70 02 0 04 71
16 128 2 12 29 03 0 03 58
16 129 0 07 73 04 1 05 73
16 130 1 06 23 01 1 04 23
16 131 2 00 27 02 1 03 27
16 132 0 12 47 05 0 05 73
16 133 1 10 67 04 0 04 63
16 134 2 09 58 00 0 03 29
16 135 0 03 42 01 0 05 00
16 136 1 14 17 03 1 04 17
16 137 2 02 43 01 1 03 43
16 138 0 12 47 05 1 05 47
16 139 1 25 28 00 1 04 28
16 140 2 00 27 02 1 03 27
16 141 0 16 39 03 1 05 39
16 142 1 23 70 02 1 04 70
16 143 2 02 43 01 1 03 43
16 144 0 07 73 04 0 05 67
16 145 1 06 23 01 1 04 23
16 146 2 12 29 03 0 03 58
16 147 0 23 56 00 1 05 56
16 148 1 10 67 04 1 04 67
16 149 2 09 58 00 0 03 43
16 150 0 05 71 02 1 05 71
16 151 1 10 67 04 0 05 00
16 152 2 02 43 01 0 03 00
16 153 0 16 39 03 0 05 00
16 154 1 14 17 03 1 05 17
16 155 2 12 29 03 1 03 29
16 156 0 07 73 04 1 05 73
16 157 1 17 18 05 1 05 18
16 158 2 09 58 00 1 03 58
16 159 0 23 56 00 1 05 56
16 160 1 23 70 02 1 05 70
16 161 2 00 27 02 1 03 27
16 162 0 12 47 05 0 05 67
16 163 1 06 23 01 1 05 23
16 164 2 00 27 02 1 03 27
16 165 0 05 71 02 1 05 71
16 166 1 25 28 00 1 05 28
16 167 2 02 43 01 1 03 43
16 168 0 03 42 01 1 05 42
16 169 1 10 67 04 1 05 67
16 170 2 09 58 00 1 03 58
16 171 0 23 56 00 1 05 56
16 172 1 14 17 03 1 05 17
16 173 2 12 29 03 1 03 29
16 174 0 07 73 04 1 05 73
16 175 1 06 23 01 1 05 23
16 176 2 08 25 04 1 04 25
16 177 0 05 71 02 1 05 71
16 178 1 25 28 00 1 05 28
16 179 2 12 29 03 1 04 29
16 180 0 16 39 03 1 05 39
16 181 1 17 18 05 1 05 18
16 182 2 09 58 00 1 04 58
16 183 0 03 42 01 1 05 42
16 184 1 23 70 02 0 05 00
16 185 2 02 43 01 0 04 00
16 186 0 12 47 05 0 05 67
16 187 1 23 70 02 0 05 17
16 188 2 00 27 02 1 04 27
16 189 0 03 42 01 1 05 42
16 190 1 17 18 05 1 05 18
16 191 2 09 58 00 1 04 58
16 192 0 16 39 03 1 05 39
16 193 1 14 17 03 1 05 17
16 194 2 02 43 01 1 04 43
16 195 0 07 73 04 1 05 73
16 196 1 10 67 04 0 05 63
16 197 2 12 29 03 1 04 29
16 198 0 23 56 00 1 05 56
16 199 1 25 28 00 1 05 28
16 200 2 08 25 04 1 04 25
16 201 0 12 47 05 1 05 47
16 202 1 06 23 01 1 05 23
16 203 2 00 27 02 1 04 27
16 204 0 05 71 02 1 05 71
16 205 1 17 18 05 1 05 18
16 206 2 08 25 04 0 05 58
16 207 0 07 73 04 1 06 73
16 208 1 14 17 03 1 05 17
16 209 2 00 27 02 1 05 27
16 210 0 05 71 02 1 06 71
16 211 1 06 23 01 1 05 23
16 212 2 04 32 05 1 05 32
16 213 0 12 47 05 1 06 47
16 214 1 25 28 00 1 05 28
16 215 2 02 43 01 1 05 43
16 216 0 16 39 03 1 06 39
16 217 1 10 67 04 0 05 63
16 218 2 09 58 00 1 05 58
16 219 0 03 42 01 1 06 42
16 220 1 23 70 02 1 05 70
16 221 2 12 29 03 1 05 29
16 222 0 24 50 06 1 06 50
16 223 1 25 28 00 1 05 28
16 224 2 09 58 00 1 05 58
16 225 0 23 56 00 1 06 56
16 226 1 17 18 05 1 05 18
16 227 2 12 29 03 0 05 58
16 228 0 07 73 04 1 07 73
16 229 1 23 70 02 0 05 01
16 230 2 04 32 05 1 05 32
16 231 0 23 56 00 1 07 56
16 232 1 10 67 04 0 05 63
16 233 2 02 43 01 1 05 43
16 234 0 24 50 06 1 07 50
16 235 1 06 23 01 1 05 23
16 236 2 00 27 02 1 05 27
16 237 0 19 21 07 1 07 21
16 238 1 14 17 03 1 05 17
16 239 2 08 25 04 0 05 58
16 240 0 03 42 01 1 07 42
16 241 1 25 28 00 1 05 28
16 242 2 00 27 02 1 05 27
16 243 0 16 39 03 1 07 39
16 244 1 06 23 01 1 05 23
16 245 2 12 29 03 1 05 29
16 246 0 12 47 05 1 07 47
16 247 1 14 17 03 1 05 17
16 248 2 08 25 04 1 05 25
16 249 0 05 71 02 1 07 71
16 250 1 10 67 04 0 05 63
16 251 2 02 43 01 0 05 32
16 252 0 12 47 05 1 08 47
16 253 1 23 70 02 1 05 70
16 254 2 09 58 00 1 05 58
16 255 0 05 71 02 1 08 71
16 256 1 17 18 05 1 05 18
16 257 2 04 32 05 1 05 32
16 258 0 03 42 01 1 08 42
16 259 1 10 67 04 0 05 63
16 260 2 12 29 03 1 05 29
16 261 0 23 56 00 1 08 56
16 262 1 25 28 00 1 05 28
16 263 2 02 43 01 1 05 43
16 264 0 07 73 04 1 08 73
16 265 1 06 23 01 1 05 23
16 266 2 09 58 00 1 05 58
16 267 0 20 46 08 1 08 46
16 268 1 23 70 02 1 05 70
16 269 2 00 27 02 1 05 27
16 270 0 24 50 06 1 08 50
16 271 1 14 17 03 1 05 17
16 272 2 04 32 05 1 05 32
16 273 0 16 39 03 1 08 39
16 274 1 17 18 05 1 05 18
16 275 2 08 25 04 1 05 25
16 276 0 19 21 07 1 08 21
16 277 1 17 18 05 1 05 18
16 278 2 03 38 06 0 06 32
16 279 0 19 21 07 1 09 21
16 280 1 14 17 03 1 05 17
16 281 2 02 43 01 0 06 32
16 282 0 04 35 09 1 09 35
16 283 1 23 70 02 1 05 70
16 284 2 12 29 03 1 06 29
16 285 0 03 42 01 1 09 42
16 286 1 06 23 01 1 05 23
16 287 2 04 32 05 1 06 32
16 288 0 12 47 05 1 09 47
16 289 1 25 28 00 1 05 28
16 290 2 00 27 02 1 06 27
16 291 0 24 50 06 1 09 50
16 292 1 10 67 04 0 05 63
16 293 2 08 25 04 1 06 25
16 294 0 16 39 03 1 09 39
16 295 1 25 28 00 1 05 28
16 296 2 09 58 00 1 06 58
16 297 0 23 56 00 1 09 56
16 298 1 10 67 04 0 05 63
16 299 2 09 58 00 1 06 58
