10 000 0 23 56 00 0 00 28
10 001 1 25 28 00 1 00 28
10 002 2 09 58 00 1 00 58
10 003 0 23 56 00 1 00 56
10 004 1 25 28 00 0 01 23
10 005 2 09 58 00 1 01 58
10 006 0 03 42 01 0 01 56
10 007 1 06 23 01 0 01 56
10 008 2 02 43 01 0 01 28
10 009 0 23 56 00 1 01 56
10 010 1 25 28 00 1 01 28
10 011 2 09 58 00 0 01 43
10 012 0 23 56 00 1 01 56
10 013 1 06 23 01 1 01 23
10 014 2 02 43 01 1 01 43
10 015 0 03 42 01 0 01 48
10 016 1 06 23 01 0 02 28
10 017 2 09 58 00 1 01 58
10 018 0 23 56 00 1 01 56
10 019 1 23 70 02 1 02 70
10 020 2 02 43 01 1 01 43
10 021 0 03 42 01 1 01 42
10 022 1 25 28 00 1 02 28
10 023 2 02 43 01 0 02 04
10 024 0 03 42 01 1 02 42
10 025 1 25 28 00 1 02 28
10 026 2 00 27 02 1 02 27
10 027 0 23 56 00 1 02 56
10 028 1 06 23 01 1 02 23
10 029 2 09 58 00 1 02 58
10 030 0 05 71 02 1 02 71
10 031 1 23 70 02 1 02 70
10 032 2 09 58 00 1 02 58
10 033 0 03 42 01 1 03 42
10 034 1 06 23 01 1 03 23
10 035 2 00 27 02 1 02 27
10 036 0 05 71 02 1 03 71
10 037 1 23 70 02 1 03 70
10 038 2 02 43 01 1 02 43
10 039 0 16 39 03 0 03 37
10 040 1 25 28 00 1 03 28
10 041 2 00 27 02 1 03 27
10 042 0 23 56 00 1 03 56
10 043 1 14 17 03 1 03 17
10 044 2 09 58 00 0 03 29
10 045 0 16 39 03 1 03 39
10 046 1 10 67 04 1 04 67
10 047 2 02 43 01 1 03 43
10 048 0 23 56 00 1 03 56
10 049 1 23 70 02 1 04 70
10 050 2 12 29 03 1 03 29
10 051 0 05 71 02 1 03 71
10 052 1 06 23 01 1 04 23
10 053 2 12 29 03 1 03 29
10 054 0 03 42 01 1 03 42
10 055 1 14 17 03 1 04 17
10 056 2 02 43 01 1 03 43
10 057 0 23 56 00 1 04 56
10 058 1 25 28 00 1 04 28
10 059 2 09 58 00 1 03 58
10 060 0 07 73 04 1 04 73
10 061 1 23 70 02 1 05 70
10 062 2 00 27 02 1 03 27
10 063 0 16 39 03 1 04 39
10 064 1 06 23 01 1 05 23
10 065 2 12 29 03 1 04 29
10 066 0 05 71 02 1 04 71
10 067 1 17 18 05 1 05 18
10 068 2 02 43 01 1 04 43
10 069 0 03 42 01 1 04 42
10 070 1 25 28 00 1 05 28
10 071 2 09 58 00 0 04 25
10 072 0 23 56 00 1 05 56
10 073 1 10 67 04 1 05 67
10 074 2 00 27 02 1 04 27
10 075 0 12 47 05 1 05 47
10 076 1 14 17 03 1 05 17
10 077 2 08 25 04 1 04 25
10 078 0 16 39 03 1 05 39
10 079 1 23 70 02 1 06 70
10 080 2 00 27 02 1 04 27
10 081 0 07 73 04 1 05 73
10 082 1 06 23 01 1 06 23
10 083 2 08 25 04 0 04 58
10 084 0 05 71 02 1 05 71
10 085 1 14 17 03 1 06 17
10 086 2 09 58 00 0 04 25
10 087 0 03 42 01 1 05 42
10 088 1 25 28 00 1 06 28
10 089 2 02 43 01 1 04 43
10 090 0 05 71 02 1 06 71
10 091 1 12 22 06 1 06 22
10 092 2 12 29 03 1 04 29
10 093 0 23 56 00 1 06 56
10 094 1 10 67 04 1 06 67
10 095 2 09 58 00 1 04 58
10 096 0 07 73 04 1 06 73
10 097 1 17 18 05 1 06 18
10 098 2 00 27 02 1 04 27
10 099 0 12 47 05 1 06 47
10 100 1 17 18 05 1 07 18
10 101 2 08 25 04 0 04 58
10 102 0 24 50 06 1 06 50
10 103 1 12 22 06 1 07 22
10 104 2 02 43 01 1 04 43
10 105 0 16 39 03 1 06 39
10 106 1 14 17 03 0 07 70
10 107 2 12 29 03 1 04 29
10 108 0 03 42 01 1 06 42
10 109 1 25 28 00 1 07 28
10 110 2 12 29 03 1 04 29
10 111 0 24 50 06 1 07 50
10 112 1 07 65 07 1 07 65
10 113 2 00 27 02 1 04 27
10 114 0 12 47 05 1 07 47
10 115 1 10 67 04 1 07 67
10 116 2 02 43 01 1 04 43
10 117 0 23 56 00 1 07 56
10 118 1 06 23 01 1 07 23
10 119 2 09 58 00 1 04 58
10 120 0 19 21 07 1 07 21
10 121 1 23 70 02 1 07 70
10 122 2 08 25 04 1 04 25
10 123 0 05 71 02 1 07 71
10 124 1 07 65 07 0 07 28
10 125 2 02 43 01 1 05 43
10 126 0 16 39 03 1 07 39
10 127 1 25 28 00 1 07 28
10 128 2 12 29 03 1 05 29
10 129 0 07 73 04 1 07 73
10 130 1 17 18 05 0 07 19
10 131 2 04 32 05 1 05 32
10 132 0 03 42 01 1 07 42
10 133 1 23 70 02 1 07 70
10 134 2 08 25 04 0 05 58
10 135 0 20 46 08 1 08 46
10 136 1 12 22 06 1 07 22
10 137 2 00 27 02 1 05 27
10 138 0 12 47 05 1 08 47
10 139 1 10 67 04 1 07 67
10 140 2 09 58 00 0 05 29
10 141 0 19 21 07 1 08 21
10 142 1 06 23 01 1 07 23
10 143 2 04 32 05 1 05 32
10 144 0 23 56 00 1 08 56
10 145 1 14 17 03 0 07 70
10 146 2 00 27 02 1 05 27
10 147 0 16 39 03 1 08 39
10 148 1 06 23 01 1 07 23
10 149 2 12 29 03 1 05 29
10 150 0 05 71 02 1 08 71
10 151 1 23 70 02 1 07 70
10 152 2 09 58 00 0 05 25
10 153 0 07 73 04 1 08 73
10 154 1 12 22 06 1 07 22
10 155 2 08 25 04 1 05 25
10 156 0 24 50 06 1 08 50
10 157 1 07 65 07 0 07 28
10 158 2 02 43 01 1 05 43
10 159 0 03 42 01 1 08 42
10 160 1 14 17 03 1 07 17
10 161 2 00 27 02 1 05 27
10 162 0 24 50 06 0 09 05
10 163 1 25 28 00 1 07 28
10 164 2 09 58 00 1 05 58
10 165 0 12 47 05 1 09 47
10 166 1 10 67 04 1 07 67
10 167 2 08 25 04 1 05 25
10 168 0 23 56 00 0 09 35
10 169 1 17 18 05 1 07 18
10 170 2 02 43 01 1 05 43
10 171 0 20 46 08 1 09 46
10 172 1 14 17 03 1 07 17
10 173 2 04 32 05 0 05 43
10 174 0 04 35 09 1 09 35
10 175 1 25 28 00 1 07 28
10 176 2 12 29 03 1 05 29
10 177 0 07 73 04 1 09 73
10 178 1 23 70 02 1 07 70
10 179 2 12 29 03 1 05 29
10 180 0 19 21 07 0 09 22
10 181 1 17 18 05 1 07 18
10 182 2 04 32 05 0 05 43
10 183 0 03 42 01 1 09 42
10 184 1 10 67 04 1 07 67
10 185 2 09 58 00 1 05 58
10 186 0 05 71 02 1 09 71
10 187 1 12 22 06 0 07 00
10 188 2 00 27 02 1 05 27
10 189 0 16 39 03 1 09 39
10 190 1 06 23 01 1 07 23
10 191 2 02 43 01 1 05 43
10 192 0 05 71 02 1 09 71
10 193 1 07 65 07 0 07 28
10 194 2 08 25 04 1 05 25
10 195 0 04 35 09 1 09 35
10 196 1 14 17 03 1 07 17
10 197 2 00 27 02 1 05 27
10 198 0 12 47 05 1 09 47
10 199 1 23 70 02 1 07 70
10 200 2 08 25 04 1 05 25
10 201 0 19 21 07 0 09 22
10 202 1 10 67 04 1 07 67
10 203 2 12 29 03 1 05 29
10 204 0 03 42 01 1 09 42
10 205 1 07 65 07 0 07 28
10 206 2 02 43 01 1 05 43
10 207 0 16 39 03 1 09 39
10 208 1 06 23 01 1 07 23
10 209 2 09 58 00 0 05 25
10 210 0 23 56 00 1 09 56
10 211 1 25 28 00 1 07 28
10 212 2 04 32 05 1 05 32
10 213 0 07 73 04 1 09 73
10 214 1 12 22 06 1 07 22
10 215 2 09 58 00 1 05 58
10 216 0 24 50 06 1 09 50
10 217 1 17 18 05 1 07 18
10 218 2 02 43 01 1 05 43
10 219 0 20 46 08 1 09 46
10 220 1 06 23 01 1 07 23
10 221 2 00 27 02 1 05 27
10 222 0 12 47 05 1 09 47
10 223 1 07 65 07 0 07 28
10 224 2 08 25 04 0 05 58
10 225 0 19 21 07 1 09 21
10 226 1 12 22 06 1 07 22
10 227 2 04 32 05 1 05 32
10 228 0 07 73 04 1 09 73
10 229 1 14 17 03 0 07 18
10 230 2 12 29 03 1 05 29
10 231 0 16 39 03 1 09 39
10 232 1 10 67 04 1 07 67
10 233 2 04 32 05 1 05 32
10 234 0 03 42 01 1 09 42
10 235 1 23 70 02 1 07 70
10 236 2 00 27 02 1 05 27
10 237 0 20 46 08 1 09 46
10 238 1 17 18 05 1 07 18
10 239 2 02 43 01 1 05 43
10 240 0 24 50 06 1 09 50
10 241 1 25 28 00 1 07 28
10 242 2 12 29 03 1 05 29
10 243 0 04 35 09 1 09 35
10 244 1 25 28 00 0 07 65
10 245 2 08 25 04 0 05 58
10 246 0 23 56 00 1 09 56
10 247 1 10 67 04 1 07 67
10 248 2 09 58 00 1 05 58
10 249 0 05 71 02 1 09 71
10 250 1 17 18 05 1 07 18
10 251 2 08 25 04 0 05 58
10 252 0 12 47 05 1 10 47
10 253 1 14 17 03 0 07 70
10 254 2 04 32 05 1 05 32
10 255 0 11 37 10 1 10 37
10 256 1 06 23 01 1 07 23
10 257 2 12 29 03 1 05 29
10 258 0 03 42 01 1 10 42
10 259 1 23 70 02 1 07 70
10 260 2 09 58 00 1 05 58
10 261 0 04 35 09 1 10 35
10 262 1 12 22 06 1 07 22
10 263 2 00 27 02 1 05 27
10 264 0 16 39 03 1 10 39
10 265 1 07 65 07 0 07 28
10 266 2 02 43 01 1 05 43
10 267 0 24 50 06 1 10 50
10 268 1 23 70 02 1 07 70
10 269 2 08 25 04 1 05 25
10 270 0 23 56 00 1 10 56
10 271 1 17 18 05 1 07 18
10 272 2 12 29 03 1 05 29
10 273 0 07 73 04 1 10 73
10 274 1 25 28 00 1 07 28
10 275 2 02 43 01 1 05 43
10 276 0 19 21 07 0 10 22
10 277 1 07 65 07 0 07 28
10 278 2 09 58 00 1 05 58
10 279 0 05 71 02 1 10 71
10 280 1 14 17 03 1 07 17
10 281 2 04 32 05 1 05 32
10 282 0 20 46 08 1 10 46
10 283 1 12 22 06 1 07 22
10 284 2 00 27 02 1 05 27
10 285 0 11 37 10 1 10 37
10 286 1 10 67 04 1 07 67
10 287 2 09 58 00 1 06 58
10 288 0 12 47 05 1 10 47
10 289 1 06 23 01 1 07 23
10 290 2 00 27 02 1 06 27
10 291 0 04 35 09 1 10 35
10 292 1 25 28 00 0 07 65
10 293 2 12 29 03 1 06 29
10 294 0 20 46 08 1 10 46
10 295 1 06 23 01 1 07 23
10 296 2 03 38 06 0 06 32
10 297 0 03 42 01 1 10 42
10 298 1 07 65 07 1 07 65
10 299 2 08 25 04 0 06 58
