06 000 0 23 56 00 1 00 56
06 001 1 25 28 00 1 00 28
06 002 2 09 58 00 1 00 58
06 003 0 23 56 00 1 01 56
06 004 1 06 23 01 1 01 23
06 005 2 02 43 01 0 01 46
06 006 0 03 42 01 1 01 42
06 007 1 25 28 00 0 01 23
06 008 2 09 58 00 0 01 23
06 009 0 05 71 02 0 02 23
06 010 1 06 23 01 1 01 23
06 011 2 09 58 00 0 01 56
06 012 0 03 42 01 1 02 42
06 013 1 25 28 00 0 01 58
06 014 2 02 43 01 0 01 58
06 015 0 23 56 00 1 02 56
06 016 1 06 23 01 1 01 23
06 017 2 02 43 01 0 01 46
06 018 0 23 56 00 1 02 56
06 019 1 25 28 00 0 01 23
06 020 2 09 58 00 0 01 46
06 021 0 03 42 01 1 02 42
06 022 1 06 23 01 1 01 23
06 023 2 02 43 01 0 01 58
06 024 0 05 71 02 0 02 46
06 025 1 25 28 00 0 01 52
06 026 2 09 58 00 0 01 52
06 027 0 23 56 00 1 02 56
06 028 1 25 28 00 0 01 23
06 029 2 09 58 00 0 01 42
06 030 0 03 42 01 1 02 42
06 031 1 06 23 01 1 01 23
06 032 2 02 43 01 0 01 58
06 033 0 05 71 02 0 02 42
06 034 1 25 28 00 0 01 58
06 035 2 09 58 00 1 01 58
06 036 0 05 71 02 1 02 71
06 037 1 06 23 01 1 01 23
06 038 2 02 43 01 0 01 58
06 039 0 03 42 01 1 02 42
06 040 1 25 28 00 0 01 58
06 041 2 09 58 00 1 01 58
06 042 0 23 56 00 1 02 56
06 043 1 06 23 01 1 01 23
06 044 2 02 43 01 0 01 58
06 045 0 05 71 02 1 03 71
06 046 1 06 23 01 1 01 23
06 047 2 02 43 01 0 01 28
06 048 0 23 56 00 1 03 56
06 049 1 25 28 00 0 01 42
06 050 2 09 58 00 1 01 58
06 051 0 16 39 03 1 03 39
06 052 1 25 28 00 1 01 28
06 053 2 02 43 01 1 01 43
06 054 0 03 42 01 1 03 42
06 055 1 06 23 01 1 01 23
06 056 2 09 58 00 1 01 58
06 057 0 16 39 03 1 04 39
06 058 1 23 70 02 0 02 49
06 059 2 02 43 01 1 02 43
06 060 0 23 56 00 1 04 56
06 061 1 25 28 00 1 02 28
06 062 2 09 58 00 1 02 58
06 063 0 05 71 02 0 04 28
06 064 1 06 23 01 1 02 23
06 065 2 00 27 02 0 02 34
06 066 0 03 42 01 1 04 42
06 067 1 25 28 00 1 02 28
06 068 2 02 43 01 0 02 58
06 069 0 07 73 04 0 04 79
06 070 1 06 23 01 1 02 23
06 071 2 09 58 00 1 02 58
06 072 0 23 56 00 1 04 56
06 073 1 23 70 02 1 02 70
06 074 2 00 27 02 0 02 46
06 075 0 07 73 04 1 04 73
06 076 1 14 17 03 1 03 17
06 077 2 02 43 01 1 02 43
06 078 0 05 71 02 1 04 71
06 079 1 25 28 00 1 03 28
06 080 2 00 27 02 0 02 35
06 081 0 16 39 03 1 04 39
06 082 1 06 23 01 1 03 23
06 083 2 09 58 00 0 02 59
06 084 0 03 42 01 1 04 42
06 085 1 23 70 02 0 03 17
06 086 2 09 58 00 1 02 58
06 087 0 03 42 01 1 05 42
06 088 1 06 23 01 1 03 23
06 089 2 02 43 01 1 02 43
06 090 0 12 47 05 0 05 39
06 091 1 25 28 00 1 03 28
06 092 2 00 27 02 1 02 27
06 093 0 05 71 02 1 05 71
06 094 1 14 17 03 1 03 17
06 095 2 12 29 03 0 03 39
06 096 0 07 73 04 0 05 39
06 097 1 23 70 02 0 03 17
06 098 2 00 27 02 1 03 27
06 099 0 16 39 03 1 05 39
06 100 1 06 23 01 1 03 23
06 101 2 09 58 00 1 03 58
06 102 0 23 56 00 1 05 56
06 103 1 14 17 03 1 03 17
06 104 2 02 43 01 0 03 28
06 105 0 07 73 04 1 05 73
06 106 1 23 70 02 0 03 29
06 107 2 02 43 01 0 03 28
06 108 0 12 47 05 0 05 56
06 109 1 25 28 00 0 03 43
06 110 2 12 29 03 0 03 73
06 111 0 05 71 02 1 05 71
06 112 1 23 70 02 0 03 21
06 113 2 09 58 00 1 03 58
06 114 0 23 56 00 1 05 56
06 115 1 25 28 00 1 03 28
06 116 2 00 27 02 0 03 43
06 117 0 16 39 03 1 05 39
06 118 1 14 17 03 1 03 17
06 119 2 02 43 01 1 03 43
06 120 0 03 42 01 1 05 42
06 121 1 06 23 01 1 03 23
06 122 2 00 27 02 0 03 28
06 123 0 23 56 00 1 05 56
06 124 1 06 23 01 1 03 23
06 125 2 09 58 00 1 03 58
06 126 0 03 42 01 1 05 42
06 127 1 25 28 00 1 03 28
06 128 2 12 29 03 0 03 58
06 129 0 16 39 03 1 05 39
06 130 1 14 17 03 1 03 17
06 131 2 00 27 02 0 03 43
06 132 0 07 73 04 1 05 73
06 133 1 23 70 02 0 03 28
06 134 2 09 58 00 1 03 58
06 135 0 05 71 02 0 05 73
06 136 1 14 17 03 1 03 17
06 137 2 12 29 03 1 03 29
06 138 0 12 47 05 0 05 56
06 139 1 06 23 01 1 03 23
06 140 2 02 43 01 1 03 43
06 141 0 03 42 01 1 05 42
06 142 1 23 70 02 1 03 70
06 143 2 02 43 01 1 03 43
06 144 0 23 56 00 1 05 56
06 145 1 25 28 00 1 03 28
06 146 2 12 29 03 0 03 27
06 147 0 07 73 04 1 05 73
06 148 1 25 28 00 1 04 28
06 149 2 00 27 02 0 03 29
06 150 0 16 39 03 1 05 39
06 151 1 10 67 04 0 04 37
06 152 2 09 58 00 1 03 58
06 153 0 05 71 02 0 05 42
06 154 1 06 23 01 1 04 23
06 155 2 12 29 03 0 03 58
06 156 0 12 47 05 0 05 39
06 157 1 23 70 02 0 04 27
06 158 2 09 58 00 1 03 58
06 159 0 07 73 04 0 05 70
06 160 1 14 17 03 1 04 17
06 161 2 02 43 01 1 03 43
06 162 0 05 71 02 0 05 70
06 163 1 14 17 03 0 04 39
06 164 2 00 27 02 1 03 27
06 165 0 03 42 01 1 05 42
06 166 1 10 67 04 1 04 67
06 167 2 02 43 01 1 03 43
06 168 0 23 56 00 1 05 56
06 169 1 25 28 00 1 04 28
06 170 2 00 27 02 1 03 27
06 171 0 12 47 05 0 05 71
06 172 1 23 70 02 0 04 71
06 173 2 12 29 03 0 03 39
06 174 0 16 39 03 1 05 39
06 175 1 06 23 01 1 04 23
06 176 2 09 58 00 1 03 58
06 177 0 03 42 01 1 05 42
06 178 1 06 23 01 1 04 23
06 179 2 09 58 00 1 03 58
06 180 0 05 71 02 1 05 71
06 181 1 23 70 02 0 04 27
06 182 2 02 43 01 1 03 43
06 183 0 12 47 05 0 05 39
06 184 1 25 28 00 1 04 28
06 185 2 00 27 02 1 03 27
06 186 0 07 73 04 0 05 39
06 187 1 10 67 04 0 04 37
06 188 2 12 29 03 1 03 29
06 189 0 16 39 03 1 05 39
06 190 1 14 17 03 1 04 17
06 191 2 00 27 02 0 04 29
06 192 0 23 56 00 1 05 56
06 193 1 25 28 00 1 04 28
06 194 2 12 29 03 0 04 58
06 195 0 12 47 05 0 05 73
06 196 1 10 67 04 1 04 67
06 197 2 08 25 04 1 04 25
06 198 0 05 71 02 1 05 71
06 199 1 14 17 03 1 04 17
06 200 2 02 43 01 1 04 43
06 201 0 03 42 01 1 05 42
06 202 1 23 70 02 0 04 47
06 203 2 09 58 00 1 04 58
06 204 0 07 73 04 1 05 73
06 205 1 06 23 01 1 04 23
06 206 2 08 25 04 1 04 25
06 207 0 16 39 03 1 05 39
06 208 1 06 23 01 1 04 23
06 209 2 00 27 02 1 04 27
06 210 0 23 56 00 1 05 56
06 211 1 14 17 03 1 04 17
06 212 2 12 29 03 0 04 58
06 213 0 16 39 03 1 05 39
06 214 1 23 70 02 1 04 70
06 215 2 09 58 00 1 04 58
06 216 0 07 73 04 1 05 73
06 217 1 10 67 04 1 04 67
06 218 2 02 43 01 1 04 43
06 219 0 12 47 05 0 05 73
06 220 1 25 28 00 1 04 28
06 221 2 12 29 03 1 04 29
06 222 0 05 71 02 1 05 71
06 223 1 10 67 04 1 05 67
06 224 2 08 25 04 1 04 25
06 225 0 23 56 00 1 05 56
06 226 1 25 28 00 1 05 28
06 227 2 02 43 01 1 04 43
06 228 0 03 42 01 1 05 42
06 229 1 17 18 05 1 05 18
06 230 2 09 58 00 0 04 25
06 231 0 12 47 05 1 05 47
06 232 1 06 23 01 1 05 23
06 233 2 00 27 02 1 04 27
06 234 0 07 73 04 1 05 73
06 235 1 14 17 03 0 05 73
06 236 2 00 27 02 1 04 27
06 237 0 03 42 01 1 05 42
06 238 1 23 70 02 0 05 28
06 239 2 12 29 03 0 04 58
06 240 0 23 56 00 1 05 56
06 241 1 23 70 02 1 05 70
06 242 2 09 58 00 1 04 58
06 243 0 16 39 03 1 05 39
06 244 1 25 28 00 1 05 28
06 245 2 02 43 01 1 04 43
06 246 0 05 71 02 1 05 71
06 247 1 10 67 04 1 05 67
06 248 2 08 25 04 1 04 25
06 249 0 24 50 06 1 06 50
06 250 1 14 17 03 1 05 17
06 251 2 02 43 01 1 04 43
06 252 0 07 73 04 0 06 39
06 253 1 17 18 05 0 05 67
06 254 2 09 58 00 1 04 58
06 255 0 03 42 01 1 06 42
06 256 1 06 23 01 1 05 23
06 257 2 08 25 04 1 04 25
06 258 0 23 56 00 1 06 56
06 259 1 25 28 00 1 05 28
06 260 2 00 27 02 1 04 27
06 261 0 12 47 05 0 06 73
06 262 1 14 17 03 1 05 17
06 263 2 12 29 03 0 04 58
06 264 0 16 39 03 1 06 39
06 265 1 23 70 02 1 05 70
06 266 2 12 29 03 1 04 29
06 267 0 05 71 02 0 06 70
06 268 1 10 67 04 1 05 67
06 269 2 09 58 00 1 04 58
06 270 0 12 47 05 1 06 47
06 271 1 06 23 01 1 05 23
06 272 2 00 27 02 0 04 28
06 273 0 05 71 02 1 06 71
06 274 1 17 18 05 1 05 18
06 275 2 02 43 01 1 04 43
06 276 0 07 73 04 1 06 73
06 277 1 23 70 02 1 06 70
06 278 2 08 25 04 1 04 25
06 279 0 16 39 03 1 06 39
06 280 1 12 22 06 1 06 22
06 281 2 12 29 03 0 04 58
06 282 0 23 56 00 1 06 56
06 283 1 25 28 00 1 06 28
06 284 2 08 25 04 1 04 25
06 285 0 24 50 06 1 06 50
06 286 1 14 17 03 1 06 17
06 287 2 09 58 00 1 04 58
06 288 0 03 42 01 1 06 42
06 289 1 06 23 01 1 06 23
06 290 2 02 43 01 1 04 43
06 291 0 16 39 03 1 07 39
06 292 1 17 18 05 1 06 18
06 293 2 00 27 02 1 04 27
06 294 0 12 47 05 1 07 47
06 295 1 10 67 04 1 06 67
06 296 2 02 43 01 1 04 43
06 297 0 03 42 01 1 07 42
06 298 1 25 28 00 0 07 67
06 299 2 12 29 03 1 04 29
