11 000 0 23 56 00 1 00 56
11 001 1 25 28 00 0 00 58
11 002 2 09 58 00 0 00 05
11 003 0 23 56 00 1 01 56
11 004 1 25 28 00 1 00 28
11 005 2 09 58 00 1 00 58
11 006 0 03 42 01 1 01 42
11 007 1 06 23 01 0 01 62
11 008 2 02 43 01 0 01 72
11 009 0 03 42 01 1 02 42
11 010 1 25 28 00 0 01 23
11 011 2 09 58 00 1 01 58
11 012 0 23 56 00 0 02 52
11 013 1 25 28 00 1 01 28
11 014 2 02 43 01 0 01 23
11 015 0 05 71 02 0 02 62
11 016 1 06 23 01 0 01 28
11 017 2 09 58 00 0 01 28
11 018 0 05 71 02 0 02 58
11 019 1 25 28 00 1 01 28
11 020 2 02 43 01 0 01 02
11 021 0 23 56 00 1 02 56
11 022 1 06 23 01 0 01 28
11 023 2 09 58 00 1 01 58
11 024 0 03 42 01 1 02 42
11 025 1 25 28 00 0 01 23
11 026 2 02 43 01 0 01 23
11 027 0 03 42 01 1 02 42
11 028 1 06 23 01 1 01 23
11 029 2 09 58 00 1 01 58
11 030 0 05 71 02 1 02 71
11 031 1 06 23 01 0 01 43
11 032 2 02 43 01 1 01 43
11 033 0 23 56 00 1 02 56
11 034 1 25 28 00 1 01 28
11 035 2 09 58 00 1 01 58
11 036 0 05 71 02 1 03 71
11 037 1 25 28 00 1 01 28
11 038 2 00 27 02 0 02 37
11 039 0 23 56 00 1 03 56
11 040 1 06 23 01 1 01 23
11 041 2 09 58 00 1 02 58
11 042 0 16 39 03 1 03 39
11 043 1 25 28 00 0 02 58
11 044 2 02 43 01 0 02 58
11 045 0 03 42 01 1 03 42
11 046 1 23 70 02 0 02 28
11 047 2 02 43 01 1 02 43
11 048 0 07 73 04 0 04 36
11 049 1 06 23 01 0 02 28
11 050 2 00 27 02 0 02 53
11 051 0 23 56 00 1 04 56
11 052 1 06 23 01 0 02 47
11 053 2 09 58 00 1 02 58
11 054 0 05 71 02 1 04 71
11 055 1 23 70 02 0 02 73
11 056 2 02 43 01 1 02 43
11 057 0 03 42 01 1 04 42
11 058 1 25 28 00 1 02 28
11 059 2 00 27 02 0 02 43
11 060 0 16 39 03 1 04 39
11 061 1 25 28 00 0 02 43
11 062 2 09 58 00 1 02 58
11 063 0 23 56 00 0 04 35
11 064 1 06 23 01 1 02 23
11 065 2 00 27 02 1 02 27
11 066 0 07 73 04 0 04 32
11 067 1 23 70 02 1 02 70
11 068 2 02 43 01 0 02 53
11 069 0 16 39 03 1 04 39
11 070 1 25 28 00 0 02 43
11 071 2 09 58 00 1 02 58
11 072 0 03 42 01 1 04 42
11 073 1 06 23 01 1 02 23
11 074 2 00 27 02 0 02 43
11 075 0 05 71 02 1 04 71
11 076 1 23 70 02 1 02 70
11 077 2 09 58 00 1 02 58
11 078 0 03 42 01 1 04 42
11 079 1 06 23 01 1 02 23
11 080 2 02 43 01 1 02 43
11 081 0 23 56 00 1 04 56
11 082 1 25 28 00 1 02 28
11 083 2 02 43 01 0 02 02
11 084 0 05 71 02 0 04 00
11 085 1 23 70 02 0 02 00
11 086 2 00 27 02 0 02 00
11 087 0 07 73 04 0 04 39
11 088 1 23 70 02 1 02 70
11 089 2 09 58 00 1 02 58
11 090 0 16 39 03 1 04 39
11 091 1 25 28 00 1 02 28
11 092 2 09 58 00 1 02 58
11 093 0 23 56 00 1 04 56
11 094 1 06 23 01 1 02 23
11 095 2 02 43 01 0 02 23
11 096 0 05 71 02 1 04 71
11 097 1 06 23 01 1 03 23
11 098 2 00 27 02 0 02 73
11 099 0 16 39 03 1 04 39
11 100 1 23 70 02 1 03 70
11 101 2 02 43 01 0 02 28
11 102 0 03 42 01 1 04 42
11 103 1 25 28 00 1 03 28
11 104 2 00 27 02 0 02 43
11 105 0 07 73 04 0 04 17
11 106 1 14 17 03 0 03 28
11 107 2 09 58 00 1 02 58
11 108 0 23 56 00 1 04 56
11 109 1 14 17 03 1 03 17
11 110 2 09 58 00 1 02 58
11 111 0 05 71 02 1 04 71
11 112 1 06 23 01 1 03 23
11 113 2 02 43 01 1 02 43
11 114 0 07 73 04 1 04 73
11 115 1 25 28 00 1 03 28
11 116 2 00 27 02 1 02 27
11 117 0 03 42 01 0 04 52
11 118 1 23 70 02 1 03 70
11 119 2 02 43 01 0 03 28
11 120 0 16 39 03 1 04 39
11 121 1 14 17 03 1 04 17
11 122 2 09 58 00 1 03 58
11 123 0 07 73 04 1 04 73
11 124 1 23 70 02 0 04 71
11 125 2 12 29 03 0 03 52
11 126 0 16 39 03 1 04 39
11 127 1 10 67 04 1 04 67
11 128 2 00 27 02 0 03 73
11 129 0 05 71 02 1 04 71
11 130 1 25 28 00 1 04 28
11 131 2 00 27 02 0 03 73
11 132 0 03 42 01 1 04 42
11 133 1 06 23 01 1 04 23
11 134 2 12 29 03 1 03 29
11 135 0 23 56 00 1 04 56
11 136 1 23 70 02 1 04 70
11 137 2 09 58 00 1 03 58
11 138 0 16 39 03 1 05 39
11 139 1 25 28 00 1 04 28
11 140 2 02 43 01 0 03 28
11 141 0 07 73 04 0 05 37
11 142 1 14 17 03 1 04 17
11 143 2 02 43 01 0 03 27
11 144 0 03 42 01 1 05 42
11 145 1 06 23 01 1 04 23
11 146 2 09 58 00 0 03 29
11 147 0 05 71 02 1 05 71
11 148 1 10 67 04 1 04 67
11 149 2 00 27 02 0 03 37
11 150 0 23 56 00 1 05 56
11 151 1 10 67 04 1 05 67
11 152 2 12 29 03 1 03 29
11 153 0 12 47 05 1 05 47
11 154 1 17 18 05 1 05 18
11 155 2 00 27 02 1 03 27
11 156 0 23 56 00 1 05 56
11 157 1 25 28 00 1 05 28
11 158 2 12 29 03 1 03 29
11 159 0 03 42 01 1 05 42
11 160 1 14 17 03 1 05 17
11 161 2 02 43 01 1 03 43
11 162 0 16 39 03 0 05 37
11 163 1 23 70 02 1 05 70
11 164 2 09 58 00 1 03 58
11 165 0 07 73 04 0 05 23
11 166 1 06 23 01 1 05 23
11 167 2 00 27 02 0 04 43
11 168 0 12 47 05 1 05 47
11 169 1 06 23 01 1 06 23
11 170 2 09 58 00 0 04 29
11 171 0 05 71 02 1 05 71
11 172 1 25 28 00 1 06 28
11 173 2 02 43 01 1 04 43
11 174 0 12 47 05 1 05 47
11 175 1 14 17 03 1 06 17
11 176 2 12 29 03 1 04 29
11 177 0 07 73 04 1 05 73
11 178 1 23 70 02 1 06 70
11 179 2 08 25 04 1 04 25
11 180 0 05 71 02 1 05 71
11 181 1 17 18 05 1 06 18
11 182 2 02 43 01 1 04 43
11 183 0 23 56 00 1 05 56
11 184 1 12 22 06 0 06 66
11 185 2 08 25 04 0 04 58
11 186 0 03 42 01 1 05 42
11 187 1 10 67 04 1 06 67
11 188 2 09 58 00 1 04 58
11 189 0 16 39 03 1 05 39
11 190 1 23 70 02 1 06 70
11 191 2 00 27 02 1 04 27
11 192 0 16 39 03 1 06 39
11 193 1 17 18 05 1 06 18
11 194 2 12 29 03 1 04 29
11 195 0 23 56 00 1 06 56
11 196 1 10 67 04 1 06 67
11 197 2 08 25 04 1 04 25
11 198 0 12 47 05 1 06 47
11 199 1 25 28 00 1 06 28
11 200 2 12 29 03 1 04 29
11 201 0 03 42 01 1 06 42
11 202 1 06 23 01 1 06 23
11 203 2 00 27 02 0 04 28
11 204 0 07 73 04 0 06 37
11 205 1 14 17 03 1 06 17
11 206 2 09 58 00 0 04 25
11 207 0 05 71 02 1 06 71
11 208 1 12 22 06 1 06 22
11 209 2 02 43 01 1 04 43
11 210 0 24 50 06 1 06 50
11 211 1 06 23 01 1 07 23
11 212 2 00 27 02 1 04 27
11 213 0 07 73 04 1 06 73
11 214 1 14 17 03 1 07 17
11 215 2 09 58 00 1 04 58
11 216 0 03 42 01 1 06 42
11 217 1 07 65 07 0 07 70
11 218 2 08 25 04 0 04 58
11 219 0 05 71 02 1 06 71
11 220 1 17 18 05 1 07 18
11 221 2 02 43 01 1 04 43
11 222 0 16 39 03 1 06 39
11 223 1 25 28 00 1 07 28
11 224 2 12 29 03 1 04 29
11 225 0 12 47 05 0 06 67
11 226 1 23 70 02 1 07 70
11 227 2 12 29 03 1 04 29
11 228 0 24 50 06 1 06 50
11 229 1 12 22 06 1 07 22
11 230 2 09 58 00 1 04 58
11 231 0 23 56 00 1 06 56
11 232 1 10 67 04 1 07 67
11 233 2 08 25 04 1 04 25
11 234 0 07 73 04 1 06 73
11 235 1 07 65 07 0 07 28
11 236 2 00 27 02 1 04 27
11 237 0 24 50 06 1 06 50
11 238 1 06 23 01 1 07 23
11 239 2 02 43 01 1 04 43
11 240 0 03 42 01 1 06 42
11 241 1 12 22 06 1 07 22
11 242 2 12 29 03 1 05 29
11 243 0 23 56 00 1 06 56
11 244 1 10 67 04 1 07 67
11 245 2 04 32 05 1 05 32
11 246 0 12 47 05 1 06 47
11 247 1 25 28 00 1 07 28
11 248 2 08 25 04 0 05 58
11 249 0 16 39 03 1 06 39
11 250 1 17 18 05 1 07 18
11 251 2 00 27 02 1 05 27
11 252 0 05 71 02 1 06 71
11 253 1 23 70 02 1 07 70
11 254 2 02 43 01 1 05 43
11 255 0 05 71 02 1 07 71
11 256 1 14 17 03 0 07 18
11 257 2 09 58 00 1 05 58
11 258 0 23 56 00 1 07 56
11 259 1 25 28 00 1 07 28
11 260 2 02 43 01 1 05 43
11 261 0 07 73 04 1 07 73
11 262 1 07 65 07 1 07 65
11 263 2 08 25 04 0 05 58
11 264 0 16 39 03 1 07 39
11 265 1 10 67 04 1 07 67
11 266 2 12 29 03 1 05 29
11 267 0 19 21 07 1 07 21
11 268 1 17 18 05 1 07 18
11 269 2 09 58 00 1 05 58
11 270 0 24 50 06 1 07 50
11 271 1 06 23 01 1 07 23
11 272 2 00 27 02 1 05 27
11 273 0 12 47 05 1 07 47
11 274 1 14 17 03 1 07 17
11 275 2 04 32 05 1 05 32
11 276 0 03 42 01 1 07 42
11 277 1 23 70 02 1 07 70
11 278 2 12 29 03 1 05 29
11 279 0 20 46 08 1 08 46
11 280 1 12 22 06 1 07 22
11 281 2 08 25 04 1 05 25
11 282 0 16 39 03 1 08 39
11 283 1 17 18 05 1 08 18
11 284 2 02 43 01 1 05 43
11 285 0 07 73 04 1 08 73
11 286 1 06 23 01 1 08 23
11 287 2 09 58 00 1 05 58
11 288 0 23 56 00 1 08 56
11 289 1 23 70 02 1 08 70
11 290 2 04 32 05 1 05 32
11 291 0 19 21 07 1 08 21
11 292 1 11 13 08 1 08 13
11 293 2 00 27 02 1 05 27
11 294 0 05 71 02 1 08 71
11 295 1 10 67 04 1 08 67
11 296 2 00 27 02 1 06 27
11 297 0 24 50 06 1 08 50
11 298 1 12 22 06 1 08 22
11 299 2 09 58 00 1 06 58
