05 000 0 23 56 00 1 00 56
05 001 1 25 28 00 1 00 28
05 002 2 09 58 00 1 00 58
05 003 0 23 56 00 1 01 56
05 004 1 06 23 01 1 01 23
05 005 2 02 43 01 0 01 56
05 006 0 03 42 01 0 01 23
05 007 1 25 28 00 1 01 28
05 008 2 09 58 00 1 01 58
05 009 0 03 42 01 0 01 56
05 010 1 25 28 00 1 02 28
05 011 2 09 58 00 0 01 56
05 012 0 23 56 00 1 01 56
05 013 1 06 23 01 0 02 70
05 014 2 02 43 01 0 01 48
05 015 0 03 42 01 0 01 23
05 016 1 23 70 02 1 02 70
05 017 2 02 43 01 0 01 48
05 018 0 23 56 00 1 01 56
05 019 1 23 70 02 1 02 70
05 020 2 09 58 00 0 01 28
05 021 0 03 42 01 0 01 43
05 022 1 06 23 01 0 02 22
05 023 2 02 43 01 1 01 43
05 024 0 23 56 00 1 01 56
05 025 1 25 28 00 1 02 28
05 026 2 09 58 00 1 01 58
05 027 0 03 42 01 1 01 42
05 028 1 25 28 00 1 02 28
05 029 2 00 27 02 1 02 27
05 030 0 23 56 00 1 01 56
05 031 1 23 70 02 1 02 70
05 032 2 09 58 00 1 02 58
05 033 0 03 42 01 0 02 43
05 034 1 06 23 01 1 02 23
05 035 2 02 43 01 1 02 43
05 036 0 23 56 00 1 02 56
05 037 1 14 17 03 1 03 17
05 038 2 02 43 01 0 03 23
05 039 0 05 71 02 1 02 71
05 040 1 06 23 01 1 03 23
05 041 2 00 27 02 0 03 17
05 042 0 23 56 00 1 02 56
05 043 1 25 28 00 1 03 28
05 044 2 09 58 00 1 03 58
05 045 0 05 71 02 1 02 71
05 046 1 23 70 02 0 03 34
05 047 2 12 29 03 0 03 17
05 048 0 03 42 01 0 02 43
05 049 1 23 70 02 0 03 43
05 050 2 12 29 03 0 03 17
05 051 0 05 71 02 1 02 71
05 052 1 06 23 01 1 03 23
05 053 2 00 27 02 1 03 27
05 054 0 23 56 00 1 02 56
05 055 1 14 17 03 0 03 71
05 056 2 09 58 00 1 03 58
05 057 0 03 42 01 1 02 42
05 058 1 25 28 00 1 03 28
05 059 2 02 43 01 0 03 27
05 060 0 05 71 02 1 03 71
05 061 1 14 17 03 0 03 27
05 062 2 00 27 02 0 03 23
05 063 0 16 39 03 1 03 39
05 064 1 06 23 01 1 03 23
05 065 2 02 43 01 0 03 27
05 066 0 23 56 00 1 03 56
05 067 1 23 70 02 1 03 70
05 068 2 09 58 00 0 03 17
05 069 0 03 42 01 0 03 43
05 070 1 25 28 00 1 03 28
05 071 2 12 29 03 0 03 71
05 072 0 05 71 02 1 03 71
05 073 1 14 17 03 1 03 17
05 074 2 09 58 00 0 03 28
05 075 0 16 39 03 1 03 39
05 076 1 25 28 00 1 03 28
05 077 2 12 29 03 1 03 29
05 078 0 23 56 00 1 03 56
05 079 1 23 70 02 0 03 34
05 080 2 00 27 02 0 03 17
05 081 0 03 42 01 0 03 43
05 082 1 06 23 01 0 03 00
05 083 2 02 43 01 0 03 27
05 084 0 23 56 00 1 03 56
05 085 1 23 70 02 0 03 27
05 086 2 00 27 02 1 03 27
05 087 0 16 39 03 1 03 39
05 088 1 06 23 01 1 03 23
05 089 2 02 43 01 0 03 29
05 090 0 03 42 01 1 03 42
05 091 1 25 28 00 1 03 28
05 092 2 12 29 03 1 03 29
05 093 0 05 71 02 1 03 71
05 094 1 14 17 03 1 03 17
05 095 2 09 58 00 1 03 58
05 096 0 16 39 03 1 04 39
05 097 1 25 28 00 1 03 28
05 098 2 12 29 03 1 03 29
05 099 0 03 42 01 1 04 42
05 100 1 23 70 02 1 03 70
05 101 2 09 58 00 1 03 58
05 102 0 07 73 04 0 04 45
05 103 1 06 23 01 1 03 23
05 104 2 02 43 01 1 03 43
05 105 0 23 56 00 1 04 56
05 106 1 14 17 03 0 03 42
05 107 2 00 27 02 0 03 43
05 108 0 05 71 02 0 04 70
05 109 1 25 28 00 1 03 28
05 110 2 00 27 02 0 03 23
05 111 0 23 56 00 1 04 56
05 112 1 14 17 03 0 03 70
05 113 2 12 29 03 0 03 48
05 114 0 05 71 02 1 04 71
05 115 1 06 23 01 1 03 23
05 116 2 02 43 01 0 03 42
05 117 0 16 39 03 1 04 39
05 118 1 23 70 02 0 03 17
05 119 2 09 58 00 1 03 58
05 120 0 07 73 04 1 04 73
05 121 1 23 70 02 0 03 17
05 122 2 09 58 00 1 03 58
05 123 0 03 42 01 0 04 17
05 124 1 14 17 03 0 03 71
05 125 2 02 43 01 1 03 43
05 126 0 03 42 01 0 04 70
05 127 1 06 23 01 1 03 23
05 128 2 12 29 03 0 03 38
05 129 0 23 56 00 1 04 56
05 130 1 25 28 00 1 03 28
05 131 2 00 27 02 0 03 23
05 132 0 16 39 03 1 04 39
05 133 1 14 17 03 0 03 71
05 134 2 12 29 03 0 03 71
05 135 0 07 73 04 1 04 73
05 136 1 06 23 01 1 03 23
05 137 2 09 58 00 1 03 58
05 138 0 05 71 02 0 04 70
05 139 1 25 28 00 1 03 28
05 140 2 00 27 02 0 03 43
05 141 0 23 56 00 1 04 56
05 142 1 23 70 02 0 03 71
05 143 2 02 43 01 0 03 27
05 144 0 03 42 01 0 04 34
05 145 1 23 70 02 0 03 17
05 146 2 00 27 02 0 03 71
05 147 0 16 39 03 1 04 39
05 148 1 14 17 03 0 03 71
05 149 2 02 43 01 0 03 27
05 150 0 07 73 04 1 04 73
05 151 1 25 28 00 0 03 00
05 152 2 09 58 00 1 03 58
05 153 0 05 71 02 0 04 70
05 154 1 06 23 01 1 03 23
05 155 2 12 29 03 0 03 39
05 156 0 07 73 04 1 04 73
05 157 1 14 17 03 0 03 71
05 158 2 09 58 00 1 03 58
05 159 0 16 39 03 0 04 73
05 160 1 25 28 00 1 03 28
05 161 2 00 27 02 0 03 38
05 162 0 23 56 00 1 04 56
05 163 1 06 23 01 1 03 23
05 164 2 12 29 03 0 03 28
05 165 0 05 71 02 0 04 70
05 166 1 23 70 02 1 03 70
05 167 2 02 43 01 0 03 23
05 168 0 03 42 01 0 04 48
05 169 1 14 17 03 0 03 71
05 170 2 12 29 03 0 03 71
05 171 0 23 56 00 1 04 56
05 172 1 23 70 02 0 03 71
05 173 2 02 43 01 0 03 39
05 174 0 16 39 03 0 04 73
05 175 1 06 23 01 1 03 23
05 176 2 09 58 00 0 03 43
05 177 0 03 42 01 0 04 43
05 178 1 25 28 00 0 03 02
05 179 2 00 27 02 0 03 17
05 180 0 07 73 04 1 04 73
05 181 1 06 23 01 1 03 23
05 182 2 02 43 01 1 03 43
05 183 0 05 71 02 1 04 71
05 184 1 25 28 00 0 03 23
05 185 2 09 58 00 0 03 38
05 186 0 03 42 01 0 04 43
05 187 1 23 70 02 0 03 27
05 188 2 00 27 02 0 03 00
05 189 0 07 73 04 1 04 73
05 190 1 14 17 03 0 03 71
05 191 2 12 29 03 0 03 49
05 192 0 16 39 03 0 04 73
05 193 1 25 28 00 1 03 28
05 194 2 12 29 03 0 03 43
05 195 0 05 71 02 0 04 70
05 196 1 06 23 01 1 03 23
05 197 2 00 27 02 1 03 27
05 198 0 23 56 00 1 04 56
05 199 1 14 17 03 0 03 71
05 200 2 02 43 01 0 03 28
05 201 0 03 42 01 0 04 28
05 202 1 23 70 02 0 03 43
05 203 2 09 58 00 1 03 58
05 204 0 07 73 04 0 04 39
05 205 1 14 17 03 0 03 71
05 206 2 02 43 01 0 03 23
05 207 0 16 39 03 1 04 39
05 208 1 25 28 00 1 03 28
05 209 2 09 58 00 0 03 28
05 210 0 05 71 02 0 04 70
05 211 1 06 23 01 1 03 23
05 212 2 12 29 03 0 03 48
05 213 0 23 56 00 1 04 56
05 214 1 23 70 02 0 03 29
05 215 2 00 27 02 0 03 17
05 216 0 07 73 04 1 04 73
05 217 1 14 17 03 0 03 70
05 218 2 09 58 00 1 03 58
05 219 0 16 39 03 1 04 39
05 220 1 23 70 02 0 03 48
05 221 2 00 27 02 0 03 38
05 222 0 23 56 00 1 04 56
05 223 1 06 23 01 1 03 23
05 224 2 12 29 03 0 03 49
05 225 0 05 71 02 1 04 71
05 226 1 25 28 00 0 03 58
05 227 2 02 43 01 0 03 23
05 228 0 03 42 01 0 04 43
05 229 1 06 23 01 1 03 23
05 230 2 09 58 00 1 03 58
05 231 0 03 42 01 1 04 42
05 232 1 25 28 00 1 03 28
05 233 2 02 43 01 1 03 43
05 234 0 05 71 02 1 04 71
05 235 1 23 70 02 1 03 70
05 236 2 12 29 03 1 03 29
05 237 0 07 73 04 1 04 73
05 238 1 14 17 03 1 03 17
05 239 2 00 27 02 0 03 42
05 240 0 16 39 03 1 04 39
05 241 1 10 67 04 1 04 67
05 242 2 09 58 00 1 03 58
05 243 0 23 56 00 1 04 56
05 244 1 23 70 02 1 04 70
05 245 2 00 27 02 0 03 42
05 246 0 03 42 01 0 05 48
05 247 1 25 28 00 1 04 28
05 248 2 02 43 01 0 03 27
05 249 0 12 47 05 1 05 47
05 250 1 06 23 01 1 04 23
05 251 2 12 29 03 0 03 38
05 252 0 07 73 04 0 05 93
05 253 1 14 17 03 0 04 71
05 254 2 12 29 03 0 03 34
05 255 0 16 39 03 0 05 93
05 256 1 14 17 03 1 04 17
05 257 2 02 43 01 0 03 34
05 258 0 23 56 00 1 05 56
05 259 1 23 70 02 0 04 71
05 260 2 09 58 00 1 03 58
05 261 0 05 71 02 0 05 70
05 262 1 10 67 04 1 04 67
05 263 2 00 27 02 1 03 27
05 264 0 07 73 04 1 05 73
05 265 1 06 23 01 0 04 00
05 266 2 02 43 01 0 03 42
05 267 0 03 42 01 0 05 27
05 268 1 25 28 00 0 04 58
05 269 2 00 27 02 1 03 27
05 270 0 23 56 00 1 05 56
05 271 1 25 28 00 1 04 28
05 272 2 09 58 00 1 03 58
05 273 0 16 39 03 0 05 73
05 274 1 14 17 03 0 04 71
05 275 2 12 29 03 0 03 02
05 276 0 05 71 02 1 05 71
05 277 1 06 23 01 1 04 23
05 278 2 02 43 01 0 03 42
05 279 0 12 47 05 0 05 67
05 280 1 10 67 04 1 04 67
05 281 2 00 27 02 0 03 43
05 282 0 12 47 05 1 05 47
05 283 1 23 70 02 0 04 71
05 284 2 12 29 03 0 03 48
05 285 0 23 56 00 1 05 56
05 286 1 23 70 02 0 04 34
05 287 2 09 58 00 1 03 58
05 288 0 03 42 01 1 05 42
05 289 1 14 17 03 0 04 71
05 290 2 12 29 03 1 03 29
05 291 0 16 39 03 0 05 47
05 292 1 25 28 00 1 04 28
05 293 2 09 58 00 1 03 58
05 294 0 05 71 02 0 05 70
05 295 1 10 67 04 1 04 67
05 296 2 02 43 01 0 03 42
05 297 0 07 73 04 1 05 73
05 298 1 06 23 01 1 04 23
05 299 2 00 27 02 1 03 27
