14 000 0 23 56 00 1 00 56
14 001 1 25 28 00 0 00 26
14 002 2 09 58 00 1 00 58
14 003 0 23 56 00 1 01 56
14 004 1 25 28 00 1 00 28
14 005 2 09 58 00 1 01 58
14 006 0 03 42 01 0 01 48
14 007 1 06 23 01 0 01 48
14 008 2 02 43 01 0 01 58
14 009 0 23 56 00 1 01 56
14 010 1 25 28 00 0 01 26
14 011 2 09 58 00 1 01 58
14 012 0 03 42 01 1 01 42
14 013 1 25 28 00 1 01 28
14 014 2 02 43 01 0 01 48
14 015 0 03 42 01 1 02 42
14 016 1 06 23 01 0 01 48
14 017 2 09 58 00 1 01 58
14 018 0 05 71 02 1 02 71
14 019 1 25 28 00 0 01 23
14 020 2 02 43 01 0 01 23
14 021 0 23 56 00 1 02 56
14 022 1 06 23 01 0 01 43
14 023 2 09 58 00 0 01 28
14 024 0 05 71 02 1 03 71
14 025 1 06 23 01 0 01 43
14 026 2 02 43 01 1 01 43
14 027 0 23 56 00 1 03 56
14 028 1 25 28 00 0 01 43
14 029 2 02 43 01 1 01 43
14 030 0 03 42 01 1 03 42
14 031 1 06 23 01 0 01 28
14 032 2 09 58 00 1 01 58
14 033 0 16 39 03 1 03 39
14 034 1 25 28 00 1 01 28
14 035 2 02 43 01 1 02 43
14 036 0 07 73 04 1 04 73
14 037 1 06 23 01 1 01 23
14 038 2 09 58 00 1 02 58
14 039 0 03 42 01 1 04 42
14 040 1 25 28 00 0 01 58
14 041 2 00 27 02 0 02 52
14 042 0 16 39 03 1 04 39
14 043 1 06 23 01 1 01 23
14 044 2 00 27 02 1 02 27
14 045 0 23 56 00 1 04 56
14 046 1 25 28 00 1 01 28
14 047 2 02 43 01 1 02 43
14 048 0 05 71 02 1 04 71
14 049 1 06 23 01 1 02 23
14 050 2 09 58 00 1 02 58
14 051 0 05 71 02 1 05 71
14 052 1 23 70 02 1 02 70
14 053 2 00 27 02 1 03 27
14 054 0 16 39 03 1 05 39
14 055 1 25 28 00 1 02 28
14 056 2 02 43 01 0 03 23
14 057 0 23 56 00 1 05 56
14 058 1 14 17 03 1 03 17
14 059 2 12 29 03 1 03 29
14 060 0 12 47 05 1 05 47
14 061 1 06 23 01 1 03 23
14 062 2 09 58 00 1 03 58
14 063 0 07 73 04 0 05 71
14 064 1 25 28 00 1 03 28
14 065 2 09 58 00 1 03 58
14 066 0 03 42 01 0 05 39
14 067 1 23 70 02 1 03 70
14 068 2 12 29 03 1 03 29
14 069 0 16 39 03 1 05 39
14 070 1 10 67 04 0 04 57
14 071 2 00 27 02 0 03 23
14 072 0 05 71 02 1 05 71
14 073 1 06 23 01 1 04 23
14 074 2 02 43 01 1 03 43
14 075 0 23 56 00 1 05 56
14 076 1 14 17 03 1 04 17
14 077 2 09 58 00 1 03 58
14 078 0 12 47 05 0 05 67
14 079 1 25 28 00 1 04 28
14 080 2 12 29 03 1 03 29
14 081 0 03 42 01 0 05 67
14 082 1 23 70 02 1 04 70
14 083 2 02 43 01 1 03 43
14 084 0 07 73 04 0 05 67
14 085 1 23 70 02 1 04 70
14 086 2 00 27 02 1 03 27
14 087 0 16 39 03 1 05 39
14 088 1 25 28 00 1 04 28
14 089 2 12 29 03 1 04 29
14 090 0 03 42 01 1 05 42
14 091 1 10 67 04 1 04 67
14 092 2 08 25 04 1 04 25
14 093 0 05 71 02 1 05 71
14 094 1 14 17 03 1 04 17
14 095 2 09 58 00 0 04 25
14 096 0 23 56 00 1 05 56
14 097 1 06 23 01 1 04 23
14 098 2 00 27 02 0 04 23
14 099 0 07 73 04 0 05 47
14 100 1 10 67 04 1 05 67
14 101 2 02 43 01 1 04 43
14 102 0 12 47 05 1 05 47
14 103 1 25 28 00 1 05 28
14 104 2 12 29 03 1 04 29
14 105 0 12 47 05 1 05 47
14 106 1 14 17 03 1 05 17
14 107 2 08 25 04 1 04 25
14 108 0 16 39 03 1 05 39
14 109 1 06 23 01 1 05 23
14 110 2 02 43 01 1 04 43
14 111 0 05 71 02 1 05 71
14 112 1 17 18 05 1 05 18
14 113 2 00 27 02 1 04 27
14 114 0 07 73 04 1 05 73
14 115 1 23 70 02 1 05 70
14 116 2 09 58 00 0 04 56
14 117 0 03 42 01 1 05 42
14 118 1 06 23 01 1 06 23
14 119 2 09 58 00 0 04 25
14 120 0 23 56 00 1 05 56
14 121 1 10 67 04 1 06 67
14 122 2 00 27 02 1 04 27
14 123 0 24 50 06 1 06 50
14 124 1 25 28 00 1 06 28
14 125 2 02 43 01 1 04 43
14 126 0 05 71 02 1 06 71
14 127 1 12 22 06 1 06 22
14 128 2 08 25 04 1 04 25
14 129 0 07 73 04 1 06 73
14 130 1 17 18 05 1 06 18
14 131 2 12 29 03 1 04 29
14 132 0 12 47 05 0 06 37
14 133 1 23 70 02 1 06 70
14 134 2 00 27 02 1 04 27
14 135 0 23 56 00 1 06 56
14 136 1 14 17 03 1 06 17
14 137 2 08 25 04 1 04 25
14 138 0 03 42 01 1 06 42
14 139 1 10 67 04 1 07 67
14 140 2 09 58 00 1 04 58
14 141 0 16 39 03 1 06 39
14 142 1 06 23 01 1 07 23
14 143 2 12 29 03 1 04 29
14 144 0 03 42 01 1 06 42
14 145 1 12 22 06 1 07 22
14 146 2 02 43 01 1 04 43
14 147 0 24 50 06 1 06 50
14 148 1 25 28 00 1 07 28
14 149 2 09 58 00 1 05 58
14 150 0 05 71 02 1 06 71
14 151 1 23 70 02 1 07 70
14 152 2 02 43 01 1 05 43
14 153 0 16 39 03 1 06 39
14 154 1 07 65 07 0 07 32
14 155 2 04 32 05 0 05 37
14 156 0 12 47 05 0 06 67
14 157 1 17 18 05 1 07 18
14 158 2 08 25 04 1 05 25
14 159 0 23 56 00 1 06 56
14 160 1 14 17 03 1 07 17
14 161 2 12 29 03 1 05 29
14 162 0 07 73 04 0 06 67
14 163 1 06 23 01 1 07 23
14 164 2 00 27 02 0 05 43
14 165 0 24 50 06 1 06 50
14 166 1 07 65 07 0 07 32
14 167 2 12 29 03 1 05 29
14 168 0 12 47 05 1 06 47
14 169 1 10 67 04 1 07 67
14 170 2 09 58 00 1 05 58
14 171 0 07 73 04 0 06 63
14 172 1 14 17 03 1 07 17
14 173 2 02 43 01 1 05 43
14 174 0 03 42 01 1 06 42
14 175 1 25 28 00 1 07 28
14 176 2 04 32 05 1 05 32
14 177 0 23 56 00 1 06 56
14 178 1 12 22 06 1 07 22
14 179 2 00 27 02 1 05 27
14 180 0 16 39 03 1 06 39
14 181 1 23 70 02 1 07 70
14 182 2 08 25 04 0 05 58
14 183 0 05 71 02 1 06 71
14 184 1 17 18 05 1 07 18
14 185 2 12 29 03 1 05 29
14 186 0 16 39 03 1 06 39
14 187 1 12 22 06 1 07 22
14 188 2 04 32 05 1 05 32
14 189 0 23 56 00 1 06 56
14 190 1 23 70 02 1 07 70
14 191 2 00 27 02 1 05 27
14 192 0 24 50 06 1 06 50
14 193 1 25 28 00 1 07 28
14 194 2 08 25 04 1 05 25
14 195 0 05 71 02 1 06 71
14 196 1 07 65 07 1 07 65
14 197 2 09 58 00 1 05 58
14 198 0 07 73 04 1 06 73
14 199 1 06 23 01 1 07 23
14 200 2 02 43 01 1 05 43
14 201 0 12 47 05 1 06 47
14 202 1 10 67 04 0 07 65
14 203 2 00 27 02 0 06 43
14 204 0 03 42 01 1 06 42
14 205 1 14 17 03 1 07 17
14 206 2 03 38 06 1 06 38
14 207 0 19 21 07 1 07 21
14 208 1 17 18 05 1 07 18
14 209 2 09 58 00 1 06 58
14 210 0 07 73 04 1 07 73
14 211 1 23 70 02 1 07 70
14 212 2 12 29 03 1 06 29
14 213 0 23 56 00 1 07 56
14 214 1 17 18 05 1 07 18
14 215 2 08 25 04 1 06 25
14 216 0 24 50 06 1 07 50
14 217 1 06 23 01 1 07 23
14 218 2 04 32 05 0 06 38
14 219 0 12 47 05 1 07 47
14 220 1 10 67 04 1 07 67
14 221 2 02 43 01 0 06 38
14 222 0 16 39 03 1 07 39
14 223 1 07 65 07 1 07 65
14 224 2 12 29 03 1 06 29
14 225 0 03 42 01 1 07 42
14 226 1 12 22 06 1 07 22
14 227 2 04 32 05 1 06 32
14 228 0 05 71 02 1 07 71
14 229 1 14 17 03 1 07 17
14 230 2 02 43 01 1 06 43
14 231 0 19 21 07 1 08 21
14 232 1 25 28 00 1 07 28
14 233 2 00 27 02 1 06 27
14 234 0 05 71 02 1 08 71
14 235 1 14 17 03 1 08 17
14 236 2 08 25 04 1 06 25
14 237 0 03 42 01 1 08 42
14 238 1 11 13 08 0 08 17
14 239 2 09 58 00 1 06 58
14 240 0 07 73 04 1 08 73
14 241 1 06 23 01 1 08 23
14 242 2 03 38 06 0 06 43
14 243 0 12 47 05 1 08 47
14 244 1 17 18 05 1 08 18
14 245 2 12 29 03 1 06 29
14 246 0 20 46 08 1 08 46
14 247 1 23 70 02 1 08 70
14 248 2 04 32 05 0 06 43
14 249 0 16 39 03 1 08 39
14 250 1 25 28 00 1 08 28
14 251 2 09 58 00 0 06 25
14 252 0 24 50 06 1 08 50
14 253 1 07 65 07 1 08 65
14 254 2 03 38 06 0 06 43
14 255 0 23 56 00 1 08 56
14 256 1 10 67 04 1 08 67
14 257 2 02 43 01 1 06 43
14 258 0 04 35 09 1 09 35
14 259 1 12 22 06 1 08 22
14 260 2 00 27 02 0 06 32
14 261 0 05 71 02 1 09 71
14 262 1 06 23 01 1 08 23
14 263 2 08 25 04 1 06 25
14 264 0 19 21 07 1 09 21
14 265 1 23 70 02 1 08 70
14 266 2 04 32 05 1 06 32
14 267 0 12 47 05 1 09 47
14 268 1 10 67 04 1 08 67
14 269 2 12 29 03 1 06 29
14 270 0 24 50 06 1 09 50
14 271 1 11 13 08 1 08 13
14 272 2 03 38 06 1 06 38
14 273 0 07 73 04 1 09 73
14 274 1 07 65 07 1 08 65
14 275 2 08 25 04 0 06 58
14 276 0 20 46 08 1 09 46
14 277 1 12 22 06 1 08 22
14 278 2 02 43 01 1 06 43
14 279 0 23 56 00 1 09 56
14 280 1 25 28 00 1 08 28
14 281 2 09 58 00 1 06 58
14 282 0 16 39 03 1 09 39
14 283 1 17 18 05 1 08 18
14 284 2 00 27 02 1 06 27
14 285 0 03 42 01 1 09 42
14 286 1 14 17 03 1 08 17
14 287 2 04 32 05 1 06 32
14 288 0 24 50 06 1 10 50
14 289 1 10 67 04 1 09 67
14 290 2 12 29 03 1 06 29
14 291 0 07 73 04 1 10 73
14 292 1 14 17 03 1 09 17
14 293 2 03 38 06 1 06 38
14 294 0 16 39 03 1 10 39
14 295 1 07 65 07 1 09 65
14 296 2 00 27 02 0 06 32
14 297 0 11 37 10 1 10 37
14 298 1 25 28 00 1 09 28
14 299 2 08 25 04 1 06 25
