18 000 0 23 56 00 1 00 56
18 001 1 25 28 00 1 00 28
18 002 2 09 58 00 1 00 58
18 003 0 23 56 00 1 01 56
18 004 1 06 23 01 1 01 23
18 005 2 02 43 01 1 01 43
18 006 0 03 42 01 1 01 42
18 007 1 25 28 00 1 01 28
18 008 2 09 58 00 1 01 58
18 009 0 05 71 02 1 02 71
18 010 1 25 28 00 1 02 28
18 011 2 02 43 01 0 02 27
18 012 0 03 42 01 1 02 42
18 013 1 06 23 01 1 02 23
18 014 2 09 58 00 1 02 58
18 015 0 23 56 00 1 02 56
18 016 1 23 70 02 1 02 70
18 017 2 00 27 02 1 02 27
18 018 0 16 39 03 1 03 39
18 019 1 25 28 00 1 03 28
18 020 2 09 58 00 1 02 58
18 021 0 03 42 01 1 03 42
18 022 1 23 70 02 0 03 17
18 023 2 02 43 01 1 02 43
18 024 0 05 71 02 1 03 71
18 025 1 14 17 03 0 03 43
18 026 2 00 27 02 1 02 27
18 027 0 23 56 00 1 03 56
18 028 1 06 23 01 1 03 23
18 029 2 12 29 03 1 03 29
18 030 0 03 42 01 1 04 42
18 031 1 06 23 01 1 03 23
18 032 2 00 27 02 0 03 29
18 033 0 16 39 03 1 04 39
18 034 1 14 17 03 1 03 17
18 035 2 09 58 00 1 03 58
18 036 0 05 71 02 1 04 71
18 037 1 25 28 00 1 03 28
18 038 2 02 43 01 0 03 27
18 039 0 23 56 00 1 04 56
18 040 1 23 70 02 1 03 70
18 041 2 09 58 00 0 03 27
18 042 0 07 73 04 0 04 49
18 043 1 23 70 02 1 04 70
18 044 2 12 29 03 0 03 27
18 045 0 07 73 04 0 04 63
18 046 1 06 23 01 0 04 67
18 047 2 00 27 02 0 03 29
18 048 0 16 39 03 1 04 39
18 049 1 10 67 04 1 04 67
18 050 2 02 43 01 0 03 47
18 051 0 03 42 01 1 04 42
18 052 1 25 28 00 1 04 28
18 053 2 02 43 01 1 03 43
18 054 0 23 56 00 1 04 56
18 055 1 14 17 03 1 04 17
18 056 2 00 27 02 1 03 27
18 057 0 05 71 02 1 04 71
18 058 1 06 23 01 0 04 43
18 059 2 12 29 03 1 03 29
18 060 0 16 39 03 1 04 39
18 061 1 14 17 03 1 04 17
18 062 2 09 58 00 1 03 58
18 063 0 07 73 04 1 04 73
18 064 1 23 70 02 1 04 70
18 065 2 12 29 03 1 04 29
18 066 0 05 71 02 1 04 71
18 067 1 10 67 04 1 04 67
18 068 2 00 27 02 1 04 27
18 069 0 23 56 00 1 04 56
18 070 1 25 28 00 1 04 28
18 071 2 02 43 01 1 04 43
18 072 0 03 42 01 1 04 42
18 073 1 25 28 00 1 04 28
18 074 2 09 58 00 0 04 29
18 075 0 03 42 01 1 05 42
18 076 1 14 17 03 1 04 17
18 077 2 08 25 04 0 04 58
18 078 0 16 39 03 1 05 39
18 079 1 06 23 01 0 04 43
18 080 2 08 25 04 0 04 58
18 081 0 05 71 02 1 05 71
18 082 1 10 67 04 1 04 67
18 083 2 09 58 00 0 04 29
18 084 0 23 56 00 1 05 56
18 085 1 23 70 02 1 04 70
18 086 2 12 29 03 1 04 29
18 087 0 12 47 05 1 05 47
18 088 1 25 28 00 1 04 28
18 089 2 02 43 01 1 04 43
18 090 0 07 73 04 1 05 73
18 091 1 10 67 04 1 04 67
18 092 2 00 27 02 1 04 27
18 093 0 16 39 03 1 06 39
18 094 1 23 70 02 1 04 70
18 095 2 08 25 04 1 04 25
18 096 0 23 56 00 0 06 03
18 097 1 06 23 01 0 04 43
18 098 2 12 29 03 1 04 29
18 099 0 24 50 06 1 06 50
18 100 1 14 17 03 1 04 17
18 101 2 02 43 01 1 04 43
18 102 0 05 71 02 1 06 71
18 103 1 25 28 00 1 04 28
18 104 2 00 27 02 1 04 27
18 105 0 07 73 04 1 06 73
18 106 1 10 67 04 1 04 67
18 107 2 09 58 00 1 04 58
18 108 0 03 42 01 1 06 42
18 109 1 14 17 03 1 04 17
18 110 2 04 32 05 1 05 32
18 111 0 12 47 05 1 06 47
18 112 1 06 23 01 1 04 23
18 113 2 08 25 04 0 05 58
18 114 0 05 71 02 1 06 71
18 115 1 23 70 02 1 04 70
18 116 2 02 43 01 1 05 43
18 117 0 16 39 03 1 06 39
18 118 1 17 18 05 1 05 18
18 119 2 09 58 00 0 05 25
18 120 0 23 56 00 1 06 56
18 121 1 23 70 02 1 05 70
18 122 2 12 29 03 1 05 29
18 123 0 12 47 05 1 06 47
18 124 1 06 23 01 1 05 23
18 125 2 00 27 02 1 05 27
18 126 0 07 73 04 1 06 73
18 127 1 10 67 04 1 05 67
18 128 2 08 25 04 1 05 25
18 129 0 03 42 01 1 06 42
18 130 1 25 28 00 1 05 28
18 131 2 02 43 01 1 05 43
18 132 0 24 50 06 1 06 50
18 133 1 14 17 03 1 05 17
18 134 2 00 27 02 1 05 27
18 135 0 23 56 00 1 07 56
18 136 1 17 18 05 1 06 18
18 137 2 12 29 03 1 05 29
18 138 0 07 73 04 1 07 73
18 139 1 06 23 01 1 06 23
18 140 2 09 58 00 1 05 58
18 141 0 03 42 01 1 07 42
18 142 1 14 17 03 1 06 17
18 143 2 04 32 05 1 05 32
18 144 0 19 21 07 1 07 21
18 145 1 12 22 06 1 06 22
18 146 2 04 32 05 1 06 32
18 147 0 16 39 03 1 07 39
18 148 1 23 70 02 1 06 70
18 149 2 08 25 04 1 06 25
18 150 0 05 71 02 1 07 71
18 151 1 10 67 04 1 06 67
18 152 2 02 43 01 1 06 43
18 153 0 24 50 06 1 07 50
18 154 1 25 28 00 1 06 28
18 155 2 03 38 06 0 06 43
18 156 0 12 47 05 1 07 47
18 157 1 07 65 07 1 07 65
18 158 2 00 27 02 1 06 27
18 159 0 20 46 08 1 08 46
18 160 1 12 22 06 1 07 22
18 161 2 09 58 00 1 06 58
18 162 0 07 73 04 1 08 73
18 163 1 23 70 02 1 07 70
18 164 2 12 29 03 0 06 25
18 165 0 12 47 05 1 08 47
18 166 1 25 28 00 1 07 28
18 167 2 03 38 06 0 06 43
18 168 0 19 21 07 1 08 21
18 169 1 14 17 03 1 07 17
18 170 2 08 25 04 0 06 58
18 171 0 16 39 03 1 08 39
18 172 1 06 23 01 1 07 23
18 173 2 09 58 00 0 06 25
18 174 0 03 42 01 1 08 42
18 175 1 17 18 05 1 07 18
18 176 2 02 43 01 1 06 43
18 177 0 23 56 00 1 08 56
18 178 1 10 67 04 1 07 67
18 179 2 12 29 03 0 06 27
18 180 0 05 71 02 1 08 71
18 181 1 06 23 01 1 08 23
18 182 2 00 27 02 1 06 27
18 183 0 24 50 06 1 08 50
18 184 1 12 22 06 1 08 22
18 185 2 04 32 05 0 06 43
18 186 0 23 56 00 1 09 56
18 187 1 14 17 03 1 08 17
18 188 2 03 38 06 0 06 43
18 189 0 24 50 06 1 09 50
18 190 1 17 18 05 1 08 18
18 191 2 08 25 04 0 06 58
18 192 0 03 42 01 1 09 42
18 193 1 11 13 08 1 08 13
18 194 2 02 43 01 1 06 43
18 195 0 12 47 05 1 09 47
18 196 1 10 67 04 1 08 67
18 197 2 12 29 03 1 06 29
18 198 0 05 71 02 1 09 71
18 199 1 07 65 07 1 08 65
18 200 2 04 32 05 0 06 35
18 201 0 07 73 04 1 09 73
18 202 1 23 70 02 1 08 70
18 203 2 09 58 00 1 06 58
18 204 0 04 35 09 1 09 35
18 205 1 25 28 00 1 08 28
18 206 2 00 27 02 1 06 27
18 207 0 19 21 07 1 09 21
18 208 1 14 17 03 1 09 17
18 209 2 12 29 03 1 06 29
18 210 0 20 46 08 1 09 46
18 211 1 07 65 07 1 09 65
18 212 2 08 25 04 1 06 25
18 213 0 16 39 03 1 09 39
18 214 1 23 70 02 1 09 70
18 215 2 00 27 02 1 06 27
18 216 0 12 47 05 1 10 47
18 217 1 20 59 09 1 09 59
18 218 2 04 32 05 1 06 32
18 219 0 04 35 09 1 10 35
18 220 1 12 22 06 1 09 22
18 221 2 09 58 00 1 06 58
18 222 0 24 50 06 1 10 50
18 223 1 06 23 01 1 09 23
18 224 2 03 38 06 0 06 32
18 225 0 20 46 08 1 10 46
18 226 1 10 67 04 1 09 67
18 227 2 02 43 01 0 06 32
18 228 0 11 37 10 1 10 37
18 229 1 25 28 00 1 09 28
18 230 2 09 58 00 1 06 58
18 231 0 03 42 01 1 10 42
18 232 1 17 18 05 1 09 18
18 233 2 03 38 06 0 06 35
18 234 0 19 21 07 1 10 21
18 235 1 11 13 08 1 09 13
18 236 2 00 27 02 1 06 27
18 237 0 16 39 03 1 10 39
18 238 1 25 28 00 1 10 28
18 239 2 02 43 01 1 06 43
18 240 0 07 73 04 1 10 73
18 241 1 11 13 08 1 10 13
18 242 2 04 32 05 0 06 43
18 243 0 23 56 00 1 10 56
18 244 1 23 70 02 1 10 70
18 245 2 08 25 04 1 06 25
18 246 0 05 71 02 1 10 71
18 247 1 26 26 10 1 10 26
18 248 2 12 29 03 1 06 29
18 249 0 07 73 04 1 11 73
18 250 1 14 17 03 1 10 17
18 251 2 02 43 01 0 06 32
18 252 0 23 56 00 1 11 56
18 253 1 07 65 07 0 10 67
18 254 2 00 27 02 1 06 27
18 255 0 03 42 01 1 11 42
18 256 1 10 67 04 1 10 67
18 257 2 12 29 03 1 06 29
18 258 0 04 35 09 1 11 35
18 259 1 20 59 09 0 10 37
18 260 2 09 58 00 1 06 58
18 261 0 16 39 03 1 11 39
18 262 1 17 18 05 1 10 18
18 263 2 08 25 04 1 06 25
18 264 0 18 14 11 1 11 14
18 265 1 06 23 01 1 10 23
18 266 2 03 38 06 0 06 43
18 267 0 19 21 07 1 11 21
18 268 1 12 22 06 1 10 22
18 269 2 04 32 05 0 06 38
18 270 0 24 50 06 1 11 50
18 271 1 10 67 04 1 10 67
18 272 2 00 27 02 1 06 27
18 273 0 20 46 08 1 11 46
18 274 1 06 23 01 1 10 23
18 275 2 02 43 01 0 06 32
18 276 0 05 71 02 1 11 71
18 277 1 11 13 08 1 10 13
18 278 2 12 29 03 1 06 29
18 279 0 12 47 05 1 11 47
18 280 1 20 59 09 0 10 57
18 281 2 09 58 00 0 06 25
18 282 0 11 37 10 1 11 37
18 283 1 25 28 00 1 10 28
18 284 2 04 32 05 0 06 43
18 285 0 11 37 10 1 12 37
18 286 1 07 65 07 1 10 65
18 287 2 08 25 04 1 06 25
18 288 0 19 21 07 1 12 21
18 289 1 14 17 03 1 10 17
18 290 2 03 38 06 0 06 32
18 291 0 23 56 00 0 12 54
18 292 1 17 18 05 1 10 18
18 293 2 03 38 06 0 06 32
18 294 0 12 47 05 1 12 47
18 295 1 12 22 06 1 10 22
18 296 2 12 29 03 1 06 29
18 297 0 13 51 12 1 12 51
18 298 1 23 70 02 1 10 70
18 299 2 04 32 05 0 06 38
