21 000 0 23 56 00 0 00 26
21 001 1 25 28 00 0 00 26
21 002 2 09 58 00 0 00 48
21 003 0 23 56 00 1 00 56
21 004 1 25 28 00 1 00 28
21 005 2 09 58 00 0 00 56
21 006 0 23 56 00 0 01 24
21 007 1 06 23 01 0 01 28
21 008 2 09 58 00 0 00 28
21 009 0 03 42 01 0 01 29
21 010 1 25 28 00 1 01 28
21 011 2 09 58 00 0 00 55
21 012 0 23 56 00 1 01 56
21 013 1 25 28 00 1 01 28
21 014 2 09 58 00 0 00 56
21 015 0 03 42 01 0 01 46
21 016 1 06 23 01 0 01 24
21 017 2 09 58 00 0 00 28
21 018 0 03 42 01 0 01 45
21 019 1 06 23 01 0 01 56
21 020 2 09 58 00 0 00 56
21 021 0 23 56 00 0 01 24
21 022 1 25 28 00 0 01 24
21 023 2 09 58 00 1 00 58
21 024 0 23 56 00 1 01 56
21 025 1 06 23 01 0 01 28
21 026 2 09 58 00 0 01 56
21 027 0 03 42 01 0 01 48
21 028 1 25 28 00 1 01 28
21 029 2 02 43 01 1 01 43
21 030 0 03 42 01 0 01 58
21 031 1 25 28 00 0 01 56
21 032 2 09 58 00 0 01 56
21 033 0 23 56 00 0 01 24
21 034 1 06 23 01 0 01 24
21 035 2 02 43 01 1 01 43
21 036 0 03 42 01 1 01 42
21 037 1 06 23 01 1 01 23
21 038 2 02 43 01 0 01 42
21 039 0 23 56 00 0 01 52
21 040 1 25 28 00 1 01 28
21 041 2 09 58 00 1 01 58
21 042 0 23 56 00 0 01 42
21 043 1 06 23 01 1 02 23
21 044 2 09 58 00 0 01 24
21 045 0 03 42 01 0 01 48
21 046 1 25 28 00 0 02 43
21 047 2 02 43 01 0 01 42
21 048 0 03 42 01 0 01 28
21 049 1 23 70 02 1 02 70
21 050 2 02 43 01 0 01 28
21 051 0 23 56 00 1 01 56
21 052 1 23 70 02 1 02 70
21 053 2 09 58 00 1 01 58
21 054 0 23 56 00 1 01 56
21 055 1 25 28 00 1 02 28
21 056 2 02 43 01 1 01 43
21 057 0 03 42 01 0 01 26
21 058 1 06 23 01 0 02 28
21 059 2 09 58 00 0 01 42
21 060 0 23 56 00 1 01 56
21 061 1 06 23 01 0 02 42
21 062 2 02 43 01 0 01 42
21 063 0 03 42 01 0 01 56
21 064 1 23 70 02 1 02 70
21 065 2 09 58 00 0 01 56
21 066 0 03 42 01 0 01 56
21 067 1 25 28 00 0 02 23
21 068 2 09 58 00 0 01 42
21 069 0 23 56 00 1 01 56
21 070 1 06 23 01 0 02 28
21 071 2 02 43 01 0 01 42
21 072 0 03 42 01 0 01 56
21 073 1 23 70 02 1 02 70
21 074 2 09 58 00 1 01 58
21 075 0 23 56 00 0 01 42
21 076 1 25 28 00 0 02 23
21 077 2 02 43 01 0 01 23
21 078 0 03 42 01 1 01 42
21 079 1 25 28 00 1 02 28
21 080 2 09 58 00 0 01 43
21 081 0 23 56 00 1 01 56
21 082 1 06 23 01 1 02 23
21 083 2 02 43 01 1 01 43
21 084 0 03 42 01 1 02 42
21 085 1 23 70 02 1 02 70
21 086 2 02 43 01 1 01 43
21 087 0 05 71 02 1 02 71
21 088 1 14 17 03 1 03 17
21 089 2 09 58 00 1 01 58
21 090 0 23 56 00 1 02 56
21 091 1 06 23 01 0 03 28
21 092 2 09 58 00 0 02 48
21 093 0 05 71 02 1 03 71
21 094 1 25 28 00 1 03 28
21 095 2 00 27 02 0 02 17
21 096 0 16 39 03 0 03 23
21 097 1 23 70 02 1 03 70
21 098 2 02 43 01 1 02 43
21 099 0 03 42 01 1 03 42
21 100 1 25 28 00 1 03 28
21 101 2 00 27 02 0 02 17
21 102 0 23 56 00 0 03 54
21 103 1 14 17 03 0 03 71
21 104 2 02 43 01 1 02 43
21 105 0 05 71 02 1 03 71
21 106 1 06 23 01 0 03 28
21 107 2 09 58 00 0 02 48
21 108 0 16 39 03 1 03 39
21 109 1 23 70 02 1 03 70
21 110 2 02 43 01 1 02 43
21 111 0 23 56 00 1 03 56
21 112 1 25 28 00 1 03 28
21 113 2 09 58 00 0 02 48
21 114 0 03 42 01 0 03 43
21 115 1 06 23 01 1 03 23
21 116 2 00 27 02 1 02 27
21 117 0 23 56 00 1 03 56
21 118 1 23 70 02 1 03 70
21 119 2 02 43 01 1 02 43
21 120 0 05 71 02 1 03 71
21 121 1 14 17 03 1 03 17
21 122 2 09 58 00 1 02 58
21 123 0 16 39 03 1 03 39
21 124 1 10 67 04 1 04 67
21 125 2 00 27 02 1 02 27
21 126 0 03 42 01 0 03 43
21 127 1 14 17 03 0 04 70
21 128 2 12 29 03 0 03 27
21 129 0 05 71 02 1 03 71
21 130 1 23 70 02 1 04 70
21 131 2 09 58 00 1 03 58
21 132 0 16 39 03 1 03 39
21 133 1 06 23 01 1 04 23
21 134 2 00 27 02 1 03 27
21 135 0 03 42 01 0 03 56
21 136 1 25 28 00 1 04 28
21 137 2 02 43 01 0 03 42
21 138 0 23 56 00 1 03 56
21 139 1 23 70 02 1 04 70
21 140 2 12 29 03 1 03 29
21 141 0 23 56 00 1 03 56
21 142 1 06 23 01 1 04 23
21 143 2 09 58 00 1 03 58
21 144 0 05 71 02 1 03 71
21 145 1 25 28 00 1 04 28
21 146 2 00 27 02 1 03 27
21 147 0 03 42 01 0 03 43
21 148 1 14 17 03 1 04 17
21 149 2 02 43 01 1 03 43
21 150 0 16 39 03 1 03 39
21 151 1 10 67 04 1 04 67
21 152 2 02 43 01 1 04 43
21 153 0 05 71 02 1 03 71
21 154 1 25 28 00 1 05 28
21 155 2 08 25 04 1 04 25
21 156 0 03 42 01 0 03 43
21 157 1 14 17 03 1 05 17
21 158 2 09 58 00 1 04 58
21 159 0 16 39 03 1 03 39
21 160 1 10 67 04 1 05 67
21 161 2 00 27 02 0 04 17
21 162 0 23 56 00 1 03 56
21 163 1 06 23 01 1 05 23
21 164 2 12 29 03 1 04 29
21 165 0 23 56 00 1 03 56
21 166 1 17 18 05 1 05 18
21 167 2 02 43 01 1 04 43
21 168 0 05 71 02 1 03 71
21 169 1 23 70 02 1 05 70
21 170 2 08 25 04 1 04 25
21 171 0 16 39 03 1 03 39
21 172 1 10 67 04 1 06 67
21 173 2 00 27 02 1 04 27
21 174 0 03 42 01 0 03 43
21 175 1 06 23 01 1 06 23
21 176 2 12 29 03 1 04 29
21 177 0 03 42 01 1 03 42
21 178 1 25 28 00 1 06 28
21 179 2 09 58 00 1 04 58
21 180 0 16 39 03 1 03 39
21 181 1 23 70 02 1 06 70
21 182 2 12 29 03 1 05 29
21 183 0 05 71 02 1 03 71
21 184 1 14 17 03 1 06 17
21 185 2 04 32 05 1 05 32
21 186 0 23 56 00 1 03 56
21 187 1 12 22 06 1 06 22
21 188 2 09 58 00 0 05 25
21 189 0 23 56 00 1 04 56
21 190 1 17 18 05 1 06 18
21 191 2 00 27 02 1 05 27
21 192 0 07 73 04 0 04 32
21 193 1 12 22 06 1 07 22
21 194 2 08 25 04 1 05 25
21 195 0 03 42 01 0 04 43
21 196 1 17 18 05 1 07 18
21 197 2 02 43 01 0 05 32
21 198 0 05 71 02 1 04 71
21 199 1 14 17 03 0 07 27
21 200 2 09 58 00 0 05 25
21 201 0 16 39 03 1 04 39
21 202 1 06 23 01 1 07 23
21 203 2 02 43 01 1 05 43
21 204 0 05 71 02 1 04 71
21 205 1 10 67 04 1 07 67
21 206 2 08 25 04 1 05 25
21 207 0 16 39 03 1 04 39
21 208 1 25 28 00 1 07 28
21 209 2 12 29 03 0 05 27
21 210 0 23 56 00 1 04 56
21 211 1 23 70 02 1 07 70
21 212 2 00 27 02 0 05 28
21 213 0 03 42 01 1 04 42
21 214 1 07 65 07 1 07 65
21 215 2 04 32 05 1 05 32
21 216 0 07 73 04 1 04 73
21 217 1 06 23 01 1 07 23
21 218 2 08 25 04 0 05 43
21 219 0 12 47 05 1 05 47
21 220 1 23 70 02 1 07 70
21 221 2 00 27 02 1 05 27
21 222 0 23 56 00 1 05 56
21 223 1 10 67 04 1 07 67
21 224 2 12 29 03 0 05 49
21 225 0 16 39 03 1 05 39
21 226 1 25 28 00 1 07 28
21 227 2 02 43 01 0 05 32
21 228 0 05 71 02 1 05 71
21 229 1 14 17 03 1 07 17
21 230 2 04 32 05 0 05 43
21 231 0 07 73 04 0 05 37
21 232 1 07 65 07 0 07 67
21 233 2 09 58 00 0 05 43
21 234 0 03 42 01 0 05 43
21 235 1 17 18 05 1 07 18
21 236 2 04 32 05 0 05 43
21 237 0 16 39 03 1 05 39
21 238 1 12 22 06 1 07 22
21 239 2 08 25 04 0 05 43
21 240 0 23 56 00 1 05 56
21 241 1 14 17 03 1 07 17
21 242 2 09 58 00 0 05 25
21 243 0 07 73 04 0 05 32
21 244 1 07 65 07 1 07 65
21 245 2 02 43 01 1 05 43
21 246 0 03 42 01 1 05 42
21 247 1 10 67 04 1 07 67
21 248 2 12 29 03 0 05 43
21 249 0 12 47 05 0 05 57
21 250 1 12 22 06 1 07 22
21 251 2 00 27 02 0 05 37
21 252 0 05 71 02 1 05 71
21 253 1 06 23 01 1 07 23
21 254 2 12 29 03 0 05 43
21 255 0 05 71 02 1 05 71
21 256 1 23 70 02 1 07 70
21 257 2 09 58 00 1 05 58
21 258 0 07 73 04 1 05 73
21 259 1 17 18 05 1 07 18
21 260 2 04 32 05 0 05 25
21 261 0 12 47 05 0 05 37
21 262 1 25 28 00 1 07 28
21 263 2 08 25 04 0 05 58
21 264 0 23 56 00 1 05 56
21 265 1 07 65 07 1 08 65
21 266 2 00 27 02 1 05 27
21 267 0 03 42 01 0 05 47
21 268 1 11 13 08 1 08 13
21 269 2 02 43 01 0 05 27
21 270 0 16 39 03 1 05 39
21 271 1 12 22 06 1 08 22
21 272 2 08 25 04 0 05 58
21 273 0 05 71 02 1 05 71
21 274 1 23 70 02 0 08 69
21 275 2 04 32 05 0 05 25
21 276 0 16 39 03 1 05 39
21 277 1 25 28 00 1 08 28
21 278 2 09 58 00 1 05 58
21 279 0 23 56 00 1 05 56
21 280 1 10 67 04 1 08 67
21 281 2 12 29 03 0 05 43
21 282 0 12 47 05 0 05 73
21 283 1 06 23 01 1 08 23
21 284 2 00 27 02 1 05 27
21 285 0 03 42 01 1 05 42
21 286 1 14 17 03 1 08 17
21 287 2 02 43 01 0 05 25
21 288 0 07 73 04 0 05 47
21 289 1 17 18 05 1 08 18
21 290 2 02 43 01 1 05 43
21 291 0 03 42 01 1 05 42
21 292 1 06 23 01 1 08 23
21 293 2 08 25 04 1 05 25
21 294 0 07 73 04 1 05 73
21 295 1 07 65 07 1 08 65
21 296 2 09 58 00 1 05 58
21 297 0 12 47 05 1 05 47
21 298 1 10 67 04 1 08 67
21 299 2 04 32 05 0 05 25
