23 000 0 23 56 00 0 00 58
23 001 1 25 28 00 1 00 28
23 002 2 09 58 00 1 00 58
23 003 0 23 56 00 1 00 56
23 004 1 25 28 00 0 01 58
23 005 2 09 58 00 0 01 56
23 006 0 03 42 01 1 01 42
23 007 1 06 23 01 1 01 23
23 008 2 02 43 01 1 01 43
23 009 0 23 56 00 1 01 56
23 010 1 25 28 00 1 01 28
23 011 2 09 58 00 1 01 58
23 012 0 05 71 02 1 02 71
23 013 1 06 23 01 1 01 23
23 014 2 02 43 01 0 01 42
23 015 0 23 56 00 1 02 56
23 016 1 23 70 02 1 02 70
23 017 2 02 43 01 1 01 43
23 018 0 03 42 01 1 02 42
23 019 1 25 28 00 1 02 28
23 020 2 09 58 00 1 01 58
23 021 0 05 71 02 1 03 71
23 022 1 06 23 01 1 02 23
23 023 2 09 58 00 1 02 58
23 024 0 03 42 01 0 03 43
23 025 1 14 17 03 1 03 17
23 026 2 02 43 01 1 02 43
23 027 0 16 39 03 1 03 39
23 028 1 06 23 01 1 03 23
23 029 2 00 27 02 1 02 27
23 030 0 23 56 00 0 03 58
23 031 1 23 70 02 1 03 70
23 032 2 02 43 01 0 03 42
23 033 0 16 39 03 1 03 39
23 034 1 25 28 00 1 03 28
23 035 2 09 58 00 1 03 58
23 036 0 23 56 00 1 03 56
23 037 1 06 23 01 1 04 23
23 038 2 00 27 02 1 03 27
23 039 0 05 71 02 1 03 71
23 040 1 25 28 00 1 04 28
23 041 2 12 29 03 0 03 47
23 042 0 03 42 01 0 03 23
23 043 1 14 17 03 1 04 17
23 044 2 00 27 02 1 03 27
23 045 0 23 56 00 1 03 56
23 046 1 23 70 02 0 04 71
23 047 2 12 29 03 1 03 29
23 048 0 03 42 01 0 03 29
23 049 1 10 67 04 0 04 47
23 050 2 09 58 00 1 03 58
23 051 0 05 71 02 1 03 71
23 052 1 25 28 00 1 04 28
23 053 2 02 43 01 1 03 43
23 054 0 16 39 03 0 03 29
23 055 1 14 17 03 1 04 17
23 056 2 12 29 03 1 04 29
23 057 0 05 71 02 1 03 71
23 058 1 10 67 04 1 04 67
23 059 2 00 27 02 1 04 27
23 060 0 03 42 01 0 03 39
23 061 1 23 70 02 1 04 70
23 062 2 08 25 04 0 04 58
23 063 0 23 56 00 1 03 56
23 064 1 06 23 01 0 04 27
23 065 2 09 58 00 1 04 58
23 066 0 16 39 03 1 03 39
23 067 1 10 67 04 1 04 67
23 068 2 02 43 01 0 04 27
23 069 0 05 71 02 1 03 71
23 070 1 23 70 02 1 04 70
23 071 2 02 43 01 1 04 43
23 072 0 03 42 01 1 03 42
23 073 1 14 17 03 1 04 17
23 074 2 00 27 02 1 04 27
23 075 0 16 39 03 1 03 39
23 076 1 25 28 00 1 04 28
23 077 2 12 29 03 1 04 29
23 078 0 23 56 00 1 03 56
23 079 1 06 23 01 0 04 29
23 080 2 08 25 04 1 04 25
23 081 0 05 71 02 1 04 71
23 082 1 25 28 00 1 04 28
23 083 2 09 58 00 0 04 25
23 084 0 03 42 01 1 04 42
23 085 1 10 67 04 1 04 67
23 086 2 08 25 04 1 04 25
23 087 0 23 56 00 1 04 56
23 088 1 06 23 01 1 04 23
23 089 2 02 43 01 1 04 43
23 090 0 16 39 03 1 04 39
23 091 1 14 17 03 1 04 17
23 092 2 00 27 02 1 04 27
23 093 0 07 73 04 1 04 73
23 094 1 23 70 02 1 04 70
23 095 2 09 58 00 1 04 58
23 096 0 23 56 00 1 05 56
23 097 1 10 67 04 1 05 67
23 098 2 12 29 03 1 04 29
23 099 0 12 47 05 1 05 47
23 100 1 14 17 03 1 05 17
23 101 2 08 25 04 1 05 25
23 102 0 03 42 01 1 05 42
23 103 1 23 70 02 1 05 70
23 104 2 04 32 05 1 05 32
23 105 0 07 73 04 1 05 73
23 106 1 17 18 05 0 05 01
23 107 2 09 58 00 1 05 58
23 108 0 05 71 02 1 05 71
23 109 1 25 28 00 1 05 28
23 110 2 12 29 03 0 05 58
23 111 0 16 39 03 1 05 39
23 112 1 06 23 01 1 05 23
23 113 2 02 43 01 0 05 29
23 114 0 23 56 00 1 06 56
23 115 1 06 23 01 1 05 23
23 116 2 00 27 02 1 05 27
23 117 0 07 73 04 1 06 73
23 118 1 14 17 03 1 05 17
23 119 2 04 32 05 0 05 29
23 120 0 16 39 03 1 06 39
23 121 1 23 70 02 1 05 70
23 122 2 12 29 03 1 05 29
23 123 0 24 50 06 1 06 50
23 124 1 25 28 00 1 05 28
23 125 2 00 27 02 1 05 27
23 126 0 03 42 01 1 06 42
23 127 1 10 67 04 1 05 67
23 128 2 09 58 00 1 05 58
23 129 0 05 71 02 1 06 71
23 130 1 17 18 05 1 05 18
23 131 2 02 43 01 0 05 32
23 132 0 12 47 05 1 06 47
23 133 1 17 18 05 1 06 18
23 134 2 08 25 04 1 05 25
23 135 0 19 21 07 1 07 21
23 136 1 25 28 00 1 06 28
23 137 2 08 25 04 1 05 25
23 138 0 07 73 04 1 07 73
23 139 1 14 17 03 1 06 17
23 140 2 09 58 00 1 05 58
23 141 0 24 50 06 1 07 50
23 142 1 12 22 06 1 06 22
23 143 2 04 32 05 1 05 32
23 144 0 16 39 03 1 07 39
23 145 1 06 23 01 1 06 23
23 146 2 00 27 02 1 05 27
23 147 0 05 71 02 1 07 71
23 148 1 23 70 02 1 06 70
23 149 2 12 29 03 1 05 29
23 150 0 03 42 01 1 07 42
23 151 1 10 67 04 1 06 67
23 152 2 02 43 01 0 05 32
23 153 0 12 47 05 1 07 47
23 154 1 10 67 04 1 07 67
23 155 2 12 29 03 1 05 29
23 156 0 23 56 00 1 07 56
23 157 1 17 18 05 1 07 18
23 158 2 04 32 05 1 05 32
23 159 0 19 21 07 1 08 21
23 160 1 06 23 01 1 07 23
23 161 2 08 25 04 0 05 58
23 162 0 12 47 05 1 08 47
23 163 1 14 17 03 1 07 17
23 164 2 09 58 00 1 05 58
23 165 0 24 50 06 1 08 50
23 166 1 25 28 00 1 07 28
23 167 2 02 43 01 1 05 43
23 168 0 16 39 03 1 08 39
23 169 1 07 65 07 1 07 65
23 170 2 00 27 02 1 05 27
23 171 0 23 56 00 1 08 56
23 172 1 12 22 06 1 07 22
23 173 2 12 29 03 1 05 29
23 174 0 20 46 08 1 08 46
23 175 1 23 70 02 1 07 70
23 176 2 02 43 01 1 05 43
23 177 0 07 73 04 1 08 73
23 178 1 07 65 07 1 08 65
23 179 2 04 32 05 1 05 32
23 180 0 05 71 02 1 08 71
23 181 1 17 18 05 1 08 18
23 182 2 00 27 02 1 05 27
23 183 0 03 42 01 1 08 42
23 184 1 25 28 00 1 08 28
23 185 2 09 58 00 1 05 58
23 186 0 07 73 04 1 09 73
23 187 1 12 22 06 1 08 22
23 188 2 08 25 04 1 05 25
23 189 0 03 42 01 1 09 42
23 190 1 11 13 08 1 08 13
23 191 2 12 29 03 1 06 29
23 192 0 20 46 08 1 09 46
23 193 1 23 70 02 1 08 70
23 194 2 02 43 01 0 06 32
23 195 0 24 50 06 1 09 50
23 196 1 10 67 04 1 08 67
23 197 2 00 27 02 1 06 27
23 198 0 05 71 02 1 09 71
23 199 1 06 23 01 1 08 23
23 200 2 09 58 00 0 06 25
23 201 0 12 47 05 1 09 47
23 202 1 14 17 03 1 08 17
23 203 2 03 38 06 0 06 43
23 204 0 04 35 09 1 09 35
23 205 1 25 28 00 1 09 28
23 206 2 04 32 05 1 06 32
23 207 0 16 39 03 1 09 39
23 208 1 10 67 04 1 09 67
23 209 2 08 25 04 1 06 25
23 210 0 19 21 07 1 09 21
23 211 1 06 23 01 1 09 23
23 212 2 09 58 00 1 06 58
23 213 0 23 56 00 1 09 56
23 214 1 20 59 09 0 09 39
23 215 2 02 43 01 0 06 38
23 216 0 24 50 06 1 10 50
23 217 1 17 18 05 0 09 17
23 218 2 08 25 04 1 06 25
23 219 0 04 35 09 1 10 35
23 220 1 07 65 07 0 09 67
23 221 2 03 38 06 0 06 32
23 222 0 03 42 01 1 10 42
23 223 1 23 70 02 1 09 70
23 224 2 04 32 05 1 06 32
23 225 0 19 21 07 1 10 21
23 226 1 14 17 03 0 09 22
23 227 2 12 29 03 1 06 29
23 228 0 11 37 10 1 10 37
23 229 1 12 22 06 1 09 22
23 230 2 00 27 02 1 06 27
23 231 0 20 46 08 1 10 46
23 232 1 11 13 08 1 09 13
23 233 2 04 32 05 0 06 38
23 234 0 16 39 03 1 10 39
23 235 1 14 17 03 1 09 17
23 236 2 12 29 03 1 06 29
23 237 0 23 56 00 1 10 56
23 238 1 12 22 06 1 09 22
23 239 2 08 25 04 1 06 25
23 240 0 12 47 05 1 10 47
23 241 1 06 23 01 1 09 23
23 242 2 00 27 02 1 06 27
23 243 0 07 73 04 1 10 73
23 244 1 11 13 08 1 09 13
23 245 2 03 38 06 0 06 43
23 246 0 05 71 02 1 10 71
23 247 1 25 28 00 1 09 28
23 248 2 02 43 01 0 06 32
23 249 0 04 35 09 1 11 35
23 250 1 10 67 04 0 09 65
23 251 2 09 58 00 1 06 58
23 252 0 12 47 05 1 11 47
23 253 1 23 70 02 1 09 70
23 254 2 08 25 04 0 06 58
23 255 0 07 73 04 1 11 73
23 256 1 20 59 09 0 09 47
23 257 2 03 38 06 1 06 38
23 258 0 16 39 03 1 11 39
23 259 1 07 65 07 1 09 65
23 260 2 00 27 02 1 06 27
23 261 0 03 42 01 1 11 42
23 262 1 17 18 05 0 09 13
23 263 2 09 58 00 1 06 58
23 264 0 24 50 06 1 11 50
23 265 1 06 23 01 1 09 23
23 266 2 12 29 03 1 06 29
23 267 0 18 14 11 1 11 14
23 268 1 23 70 02 1 09 70
23 269 2 02 43 01 1 06 43
23 270 0 23 56 00 1 11 56
23 271 1 17 18 05 1 09 18
23 272 2 04 32 05 1 06 32
23 273 0 19 21 07 1 11 21
23 274 1 14 17 03 1 09 17
23 275 2 08 25 04 1 06 25
23 276 0 11 37 10 0 11 46
23 277 1 20 59 09 1 09 59
23 278 2 04 32 05 0 06 38
23 279 0 20 46 08 1 11 46
23 280 1 12 22 06 1 09 22
23 281 2 09 58 00 0 06 25
23 282 0 05 71 02 1 11 71
23 283 1 10 67 04 1 09 67
23 284 2 00 27 02 1 06 27
23 285 0 05 71 02 1 11 71
23 286 1 25 28 00 1 09 28
23 287 2 12 29 03 1 06 29
23 288 0 12 47 05 1 11 47
23 289 1 07 65 07 1 09 65
23 290 2 02 43 01 1 06 43
23 291 0 20 46 08 1 11 46
23 292 1 11 13 08 1 09 13
23 293 2 03 38 06 0 06 32
23 294 0 18 14 11 1 11 14
23 295 1 07 65 07 1 10 65
23 296 2 09 58 00 1 06 58
23 297 0 23 56 00 1 11 56
23 298 1 12 22 06 1 10 22
23 299 2 02 43 01 1 06 43
