22 000 0 23 56 00 1 00 56
22 001 1 25 28 00 0 00 26
22 002 2 09 58 00 1 00 58
22 003 0 23 56 00 1 01 56
22 004 1 25 28 00 1 00 28
22 005 2 09 58 00 0 01 27
22 006 0 03 42 01 0 01 43
22 007 1 06 23 01 1 01 23
22 008 2 02 43 01 1 01 43
22 009 0 23 56 00 1 01 56
22 010 1 25 28 00 1 01 28
22 011 2 09 58 00 1 01 58
22 012 0 03 42 01 0 01 43
22 013 1 23 70 02 1 02 70
22 014 2 02 43 01 0 01 58
22 015 0 03 42 01 0 01 56
22 016 1 25 28 00 1 02 28
22 017 2 09 58 00 0 01 42
22 018 0 23 56 00 1 01 56
22 019 1 06 23 01 1 02 23
22 020 2 02 43 01 0 01 23
22 021 0 03 42 01 0 01 56
22 022 1 25 28 00 0 03 43
22 023 2 09 58 00 0 01 43
22 024 0 23 56 00 1 01 56
22 025 1 06 23 01 0 03 43
22 026 2 02 43 01 1 01 43
22 027 0 23 56 00 1 01 56
22 028 1 23 70 02 1 03 70
22 029 2 02 43 01 0 01 58
22 030 0 03 42 01 0 01 56
22 031 1 14 17 03 0 03 70
22 032 2 09 58 00 0 01 56
22 033 0 23 56 00 1 01 56
22 034 1 25 28 00 0 03 17
22 035 2 02 43 01 0 01 42
22 036 0 03 42 01 0 01 28
22 037 1 23 70 02 1 03 70
22 038 2 09 58 00 0 01 56
22 039 0 23 56 00 1 01 56
22 040 1 14 17 03 1 03 17
22 041 2 02 43 01 0 01 17
22 042 0 03 42 01 0 01 58
22 043 1 06 23 01 0 03 17
22 044 2 09 58 00 0 01 43
22 045 0 23 56 00 1 01 56
22 046 1 14 17 03 0 03 70
22 047 2 09 58 00 1 01 58
22 048 0 03 42 01 0 01 43
22 049 1 06 23 01 1 03 23
22 050 2 02 43 01 1 01 43
22 051 0 03 42 01 0 01 56
22 052 1 23 70 02 1 03 70
22 053 2 02 43 01 0 02 58
22 054 0 23 56 00 1 01 56
22 055 1 25 28 00 0 03 17
22 056 2 00 27 02 0 02 28
22 057 0 03 42 01 0 01 56
22 058 1 14 17 03 1 03 17
22 059 2 09 58 00 1 02 58
22 060 0 23 56 00 1 01 56
22 061 1 25 28 00 0 03 17
22 062 2 09 58 00 0 02 56
22 063 0 23 56 00 1 01 56
22 064 1 06 23 01 0 03 27
22 065 2 00 27 02 1 02 27
22 066 0 03 42 01 0 01 43
22 067 1 23 70 02 0 03 17
22 068 2 02 43 01 0 02 56
22 069 0 03 42 01 0 01 56
22 070 1 14 17 03 1 03 17
22 071 2 02 43 01 0 02 42
22 072 0 23 56 00 0 01 05
22 073 1 25 28 00 0 03 27
22 074 2 00 27 02 0 02 17
22 075 0 03 42 01 1 01 42
22 076 1 06 23 01 0 03 27
22 077 2 09 58 00 1 02 58
22 078 0 23 56 00 1 01 56
22 079 1 23 70 02 1 03 70
22 080 2 09 58 00 1 02 58
22 081 0 03 42 01 1 02 42
22 082 1 23 70 02 1 03 70
22 083 2 02 43 01 0 02 28
22 084 0 05 71 02 1 02 71
22 085 1 14 17 03 1 03 17
22 086 2 00 27 02 0 02 47
22 087 0 23 56 00 1 02 56
22 088 1 25 28 00 0 03 27
22 089 2 00 27 02 0 02 28
22 090 0 23 56 00 0 03 42
22 091 1 06 23 01 0 03 28
22 092 2 02 43 01 1 02 43
22 093 0 03 42 01 0 03 56
22 094 1 14 17 03 1 03 17
22 095 2 09 58 00 1 02 58
22 096 0 16 39 03 1 03 39
22 097 1 06 23 01 0 03 27
22 098 2 02 43 01 0 02 28
22 099 0 05 71 02 0 03 39
22 100 1 23 70 02 1 03 70
22 101 2 00 27 02 1 02 27
22 102 0 03 42 01 1 03 42
22 103 1 25 28 00 0 03 58
22 104 2 09 58 00 1 02 58
22 105 0 16 39 03 1 03 39
22 106 1 14 17 03 1 03 17
22 107 2 00 27 02 1 02 27
22 108 0 05 71 02 1 03 71
22 109 1 06 23 01 1 03 23
22 110 2 09 58 00 1 02 58
22 111 0 23 56 00 1 03 56
22 112 1 25 28 00 0 03 43
22 113 2 02 43 01 1 02 43
22 114 0 03 42 01 1 04 42
22 115 1 23 70 02 1 03 70
22 116 2 09 58 00 1 03 58
22 117 0 05 71 02 1 04 71
22 118 1 14 17 03 1 03 17
22 119 2 00 27 02 1 03 27
22 120 0 07 73 04 1 04 73
22 121 1 25 28 00 1 03 28
22 122 2 12 29 03 1 03 29
22 123 0 16 39 03 1 04 39
22 124 1 23 70 02 0 03 01
22 125 2 02 43 01 0 03 28
22 126 0 23 56 00 1 04 56
22 127 1 06 23 01 0 03 28
22 128 2 00 27 02 1 03 27
22 129 0 05 71 02 1 05 71
22 130 1 25 28 00 1 03 28
22 131 2 12 29 03 1 03 29
22 132 0 07 73 04 0 05 71
22 133 1 23 70 02 1 03 70
22 134 2 02 43 01 0 03 27
22 135 0 12 47 05 1 05 47
22 136 1 06 23 01 1 03 23
22 137 2 09 58 00 1 03 58
22 138 0 23 56 00 1 05 56
22 139 1 14 17 03 1 03 17
22 140 2 00 27 02 1 03 27
22 141 0 16 39 03 1 05 39
22 142 1 25 28 00 0 04 23
22 143 2 12 29 03 1 03 29
22 144 0 03 42 01 0 05 58
22 145 1 06 23 01 1 04 23
22 146 2 02 43 01 0 03 28
22 147 0 16 39 03 1 05 39
22 148 1 10 67 04 1 04 67
22 149 2 09 58 00 0 03 56
22 150 0 05 71 02 0 05 23
22 151 1 23 70 02 1 04 70
22 152 2 12 29 03 1 03 29
22 153 0 03 42 01 0 05 48
22 154 1 14 17 03 1 04 17
22 155 2 02 43 01 0 03 23
22 156 0 12 47 05 1 05 47
22 157 1 10 67 04 1 04 67
22 158 2 09 58 00 0 03 56
22 159 0 23 56 00 1 05 56
22 160 1 25 28 00 0 04 23
22 161 2 00 27 02 1 03 27
22 162 0 07 73 04 1 05 73
22 163 1 14 17 03 1 04 17
22 164 2 09 58 00 1 03 58
22 165 0 23 56 00 1 05 56
22 166 1 23 70 02 0 04 17
22 167 2 00 27 02 1 03 27
22 168 0 05 71 02 1 05 71
22 169 1 06 23 01 0 04 28
22 170 2 02 43 01 0 03 28
22 171 0 03 42 01 0 05 28
22 172 1 25 28 00 0 04 27
22 173 2 12 29 03 1 03 29
22 174 0 16 39 03 1 05 39
22 175 1 14 17 03 1 04 17
22 176 2 02 43 01 0 03 28
22 177 0 07 73 04 1 05 73
22 178 1 10 67 04 0 04 00
22 179 2 09 58 00 1 03 58
22 180 0 12 47 05 1 05 47
22 181 1 06 23 01 0 04 27
22 182 2 12 29 03 1 03 29
22 183 0 23 56 00 1 05 56
22 184 1 23 70 02 1 04 70
22 185 2 00 27 02 1 03 27
22 186 0 16 39 03 1 05 39
22 187 1 06 23 01 1 04 23
22 188 2 09 58 00 1 03 58
22 189 0 07 73 04 1 05 73
22 190 1 25 28 00 0 04 27
22 191 2 12 29 03 1 03 29
22 192 0 12 47 05 0 05 74
22 193 1 14 17 03 1 04 17
22 194 2 00 27 02 1 03 27
22 195 0 05 71 02 1 05 71
22 196 1 23 70 02 1 04 70
22 197 2 02 43 01 0 03 27
22 198 0 03 42 01 0 05 73
22 199 1 10 67 04 1 04 67
22 200 2 12 29 03 1 03 29
22 201 0 23 56 00 1 05 56
22 202 1 25 28 00 0 04 43
22 203 2 02 43 01 1 03 43
22 204 0 07 73 04 0 05 39
22 205 1 23 70 02 1 04 70
22 206 2 00 27 02 1 03 27
22 207 0 12 47 05 1 05 47
22 208 1 06 23 01 0 04 67
22 209 2 09 58 00 0 03 56
22 210 0 03 42 01 1 05 42
22 211 1 10 67 04 1 04 67
22 212 2 02 43 01 0 03 27
22 213 0 16 39 03 1 05 39
22 214 1 14 17 03 1 04 17
22 215 2 12 29 03 0 03 39
22 216 0 05 71 02 1 05 71
22 217 1 06 23 01 0 04 27
22 218 2 00 27 02 1 03 27
22 219 0 03 42 01 0 05 43
22 220 1 10 67 04 1 04 67
22 221 2 09 58 00 1 03 58
22 222 0 23 56 00 1 05 56
22 223 1 25 28 00 0 04 67
22 224 2 00 27 02 1 03 27
22 225 0 05 71 02 1 05 71
22 226 1 14 17 03 1 04 17
22 227 2 09 58 00 0 03 28
22 228 0 16 39 03 0 05 03
22 229 1 23 70 02 1 04 70
22 230 2 02 43 01 0 03 27
22 231 0 12 47 05 1 05 47
22 232 1 14 17 03 1 04 17
22 233 2 12 29 03 1 03 29
22 234 0 07 73 04 1 05 73
22 235 1 25 28 00 0 04 27
22 236 2 12 29 03 1 03 29
22 237 0 05 71 02 1 05 71
22 238 1 10 67 04 1 04 67
22 239 2 09 58 00 1 03 58
22 240 0 23 56 00 1 05 56
22 241 1 23 70 02 1 04 70
22 242 2 00 27 02 1 03 27
22 243 0 12 47 05 1 05 47
22 244 1 06 23 01 0 04 27
22 245 2 02 43 01 0 03 27
22 246 0 07 73 04 1 05 73
22 247 1 10 67 04 1 04 67
22 248 2 12 29 03 1 03 29
22 249 0 03 42 01 0 05 43
22 250 1 23 70 02 1 04 70
22 251 2 09 58 00 1 03 58
22 252 0 16 39 03 1 05 39
22 253 1 14 17 03 1 04 17
22 254 2 02 43 01 0 03 27
22 255 0 12 47 05 1 05 47
22 256 1 06 23 01 0 04 27
22 257 2 00 27 02 0 03 00
22 258 0 03 42 01 0 05 43
22 259 1 25 28 00 0 04 27
22 260 2 09 58 00 0 03 29
22 261 0 07 73 04 1 05 73
22 262 1 14 17 03 1 04 17
22 263 2 02 43 01 0 03 27
22 264 0 16 39 03 1 05 39
22 265 1 23 70 02 1 04 70
22 266 2 12 29 03 1 03 29
22 267 0 23 56 00 1 05 56
22 268 1 25 28 00 0 04 27
22 269 2 00 27 02 1 03 27
22 270 0 05 71 02 1 05 71
22 271 1 06 23 01 0 04 27
22 272 2 12 29 03 1 03 29
22 273 0 05 71 02 0 05 48
22 274 1 10 67 04 1 04 67
22 275 2 02 43 01 0 03 23
22 276 0 23 56 00 1 05 56
22 277 1 10 67 04 1 04 67
22 278 2 00 27 02 1 03 27
22 279 0 16 39 03 1 05 39
22 280 1 23 70 02 1 04 70
22 281 2 09 58 00 0 03 29
22 282 0 07 73 04 1 05 73
22 283 1 14 17 03 1 04 17
22 284 2 12 29 03 1 03 29
22 285 0 03 42 01 0 05 48
22 286 1 06 23 01 1 04 23
22 287 2 02 43 01 0 03 47
22 288 0 12 47 05 0 05 74
22 289 1 25 28 00 0 04 27
22 290 2 09 58 00 1 03 58
22 291 0 05 71 02 1 05 71
22 292 1 14 17 03 1 04 17
22 293 2 00 27 02 1 03 27
22 294 0 12 47 05 1 05 47
22 295 1 06 23 01 0 04 67
22 296 2 09 58 00 1 03 58
22 297 0 07 73 04 1 05 73
22 298 1 25 28 00 0 04 47
22 299 2 12 29 03 1 03 29
