00 000 0 23 56 00 1 00 56
00 001 1 25 28 00 1 00 28
00 002 2 09 58 00 1 00 58
00 003 0 23 56 00 1 01 56
00 004 1 06 23 01 1 01 23
00 005 2 02 43 01 1 01 43
00 006 0 03 42 01 0 01 04
00 007 1 25 28 00 0 01 23
00 008 2 09 58 00 1 01 58
00 009 0 03 42 01 1 01 42
00 010 1 25 28 00 0 01 23
00 011 2 09 58 00 1 02 58
00 012 0 23 56 00 1 01 56
00 013 1 06 23 01 1 01 23
00 014 2 00 27 02 1 02 27
00 015 0 23 56 00 1 02 56
00 016 1 25 28 00 1 01 28
00 017 2 02 43 01 1 02 43
00 018 0 05 71 02 1 02 71
00 019 1 06 23 01 1 01 23
00 020 2 09 58 00 0 03 29
00 021 0 03 42 01 0 02 28
00 022 1 06 23 01 1 02 23
00 023 2 00 27 02 1 03 27
00 024 0 23 56 00 1 02 56
00 025 1 25 28 00 1 02 28
00 026 2 02 43 01 1 03 43
00 027 0 03 42 01 1 02 42
00 028 1 23 70 02 1 02 70
00 029 2 12 29 03 0 03 00
00 030 0 05 71 02 0 02 00
00 031 1 23 70 02 1 03 70
00 032 2 09 58 00 0 03 29
00 033 0 03 42 01 1 02 42
00 034 1 14 17 03 1 03 17
00 035 2 02 43 01 0 03 27
00 036 0 05 71 02 1 02 71
00 037 1 06 23 01 1 03 23
00 038 2 12 29 03 1 03 29
00 039 0 23 56 00 1 02 56
00 040 1 25 28 00 1 03 28
00 041 2 00 27 02 1 03 27
00 042 0 23 56 00 1 03 56
00 043 1 25 28 00 1 04 28
00 044 2 00 27 02 1 03 27
00 045 0 03 42 01 1 03 42
00 046 1 23 70 02 1 04 70
00 047 2 02 43 01 1 03 43
00 048 0 05 71 02 1 03 71
00 049 1 10 67 04 1 04 67
00 050 2 09 58 00 0 03 29
00 051 0 16 39 03 0 03 26
00 052 1 06 23 01 1 04 23
00 053 2 12 29 03 1 03 29
00 054 0 03 42 01 1 03 42
00 055 1 14 17 03 1 04 17
00 056 2 00 27 02 1 03 27
00 057 0 16 39 03 1 03 39
00 058 1 17 18 05 0 05 67
00 059 2 02 43 01 1 03 43
00 060 0 05 71 02 1 03 71
00 061 1 14 17 03 1 05 17
00 062 2 12 29 03 0 03 28
00 063 0 23 56 00 1 03 56
00 064 1 06 23 01 1 05 23
00 065 2 09 58 00 0 03 29
00 066 0 23 56 00 1 04 56
00 067 1 10 67 04 1 05 67
00 068 2 00 27 02 1 03 27
00 069 0 05 71 02 1 04 71
00 070 1 25 28 00 1 05 28
00 071 2 09 58 00 1 03 58
00 072 0 16 39 03 1 04 39
00 073 1 23 70 02 1 05 70
00 074 2 12 29 03 1 03 29
00 075 0 03 42 01 1 04 42
00 076 1 17 18 05 1 05 18
00 077 2 02 43 01 1 03 43
00 078 0 07 73 04 0 04 71
00 079 1 25 28 00 1 05 28
00 080 2 02 43 01 1 04 43
00 081 0 03 42 01 1 04 42
00 082 1 14 17 03 1 05 17
00 083 2 09 58 00 1 04 58
00 084 0 07 73 04 1 04 73
00 085 1 23 70 02 0 05 17
00 086 2 08 25 04 0 04 58
00 087 0 16 39 03 1 04 39
00 088 1 06 23 01 1 05 23
00 089 2 12 29 03 1 04 29
00 090 0 05 71 02 1 04 71
00 091 1 10 67 04 1 05 67
00 092 2 00 27 02 1 04 27
00 093 0 23 56 00 1 04 56
00 094 1 23 70 02 1 05 70
00 095 2 08 25 04 0 04 58
00 096 0 05 71 02 1 05 71
00 097 1 17 18 05 1 05 18
00 098 2 12 29 03 1 04 29
00 099 0 12 47 05 1 05 47
00 100 1 14 17 03 1 05 17
00 101 2 09 58 00 0 04 25
00 102 0 23 56 00 1 05 56
00 103 1 06 23 01 1 05 23
00 104 2 02 43 01 1 04 43
00 105 0 03 42 01 1 05 42
00 106 1 10 67 04 1 05 67
00 107 2 00 27 02 1 04 27
00 108 0 16 39 03 1 05 39
00 109 1 25 28 00 1 05 28
00 110 2 12 29 03 1 04 29
00 111 0 07 73 04 1 05 73
00 112 1 14 17 03 1 06 17
00 113 2 02 43 01 1 04 43
00 114 0 12 47 05 1 06 47
00 115 1 25 28 00 1 06 28
00 116 2 00 27 02 1 04 27
00 117 0 05 71 02 1 06 71
00 118 1 12 22 06 1 06 22
00 119 2 09 58 00 0 04 25
00 120 0 16 39 03 1 06 39
00 121 1 17 18 05 1 06 18
00 122 2 08 25 04 1 04 25
00 123 0 24 50 06 1 06 50
00 124 1 06 23 01 1 06 23
00 125 2 08 25 04 1 04 25
00 126 0 07 73 04 1 06 73
00 127 1 10 67 04 1 06 67
00 128 2 12 29 03 1 04 29
00 129 0 23 56 00 1 06 56
00 130 1 23 70 02 1 06 70
00 131 2 00 27 02 1 04 27
00 132 0 03 42 01 1 06 42
00 133 1 12 22 06 1 07 22
00 134 2 09 58 00 1 04 58
00 135 0 05 71 02 1 07 71
00 136 1 17 18 05 1 07 18
00 137 2 02 43 01 1 04 43
00 138 0 12 47 05 1 07 47
00 139 1 07 65 07 0 07 67
00 140 2 02 43 01 1 05 43
00 141 0 24 50 06 1 07 50
00 142 1 06 23 01 1 07 23
00 143 2 08 25 04 0 05 58
00 144 0 16 39 03 1 07 39
00 145 1 23 70 02 1 07 70
00 146 2 04 32 05 0 05 43
00 147 0 23 56 00 1 07 56
00 148 1 25 28 00 0 07 58
00 149 2 00 27 02 0 05 57
00 150 0 19 21 07 0 07 23
00 151 1 14 17 03 1 07 17
00 152 2 09 58 00 1 05 58
00 153 0 07 73 04 1 07 73
00 154 1 10 67 04 1 07 67
00 155 2 12 29 03 0 05 05
00 156 0 03 42 01 0 07 73
00 157 1 07 65 07 0 07 67
00 158 2 00 27 02 1 05 27
00 159 0 05 71 02 1 07 71
00 160 1 06 23 01 1 07 23
00 161 2 09 58 00 1 05 58
00 162 0 24 50 06 1 07 50
00 163 1 14 17 03 1 07 17
00 164 2 12 29 03 1 05 29
00 165 0 19 21 07 1 07 21
00 166 1 10 67 04 1 07 67
00 167 2 04 32 05 1 05 32
00 168 0 03 42 01 1 07 42
00 169 1 25 28 00 1 07 28
00 170 2 08 25 04 0 05 58
00 171 0 12 47 05 1 07 47
00 172 1 12 22 06 1 07 22
00 173 2 02 43 01 1 05 43
00 174 0 07 73 04 1 07 73
00 175 1 17 18 05 0 07 28
00 176 2 08 25 04 0 05 32
00 177 0 23 56 00 1 07 56
00 178 1 23 70 02 1 07 70
00 179 2 00 27 02 1 05 27
00 180 0 16 39 03 1 07 39
00 181 1 07 65 07 1 07 65
00 182 2 09 58 00 1 05 58
00 183 0 07 73 04 1 08 73
00 184 1 10 67 04 1 07 67
00 185 2 12 29 03 1 05 29
00 186 0 16 39 03 1 08 39
00 187 1 12 22 06 1 07 22
00 188 2 02 43 01 1 05 43
00 189 0 05 71 02 1 08 71
00 190 1 23 70 02 0 07 17
00 191 2 04 32 05 0 05 43
00 192 0 12 47 05 1 08 47
00 193 1 17 18 05 1 07 18
00 194 2 09 58 00 1 05 58
00 195 0 23 56 00 1 08 56
00 196 1 25 28 00 1 07 28
00 197 2 00 27 02 1 05 27
00 198 0 24 50 06 1 08 50
00 199 1 06 23 01 1 07 23
00 200 2 08 25 04 0 05 32
00 201 0 20 46 08 1 08 46
00 202 1 14 17 03 1 07 17
00 203 2 12 29 03 1 05 29
00 204 0 19 21 07 1 08 21
00 205 1 17 18 05 0 07 23
00 206 2 02 43 01 1 05 43
00 207 0 03 42 01 1 08 42
00 208 1 07 65 07 1 07 65
00 209 2 04 32 05 1 05 32
00 210 0 05 71 02 1 09 71
00 211 1 23 70 02 1 07 70
00 212 2 02 43 01 1 05 43
00 213 0 23 56 00 1 09 56
00 214 1 25 28 00 1 07 28
00 215 2 08 25 04 1 05 25
00 216 0 03 42 01 1 09 42
00 217 1 06 23 01 1 07 23
00 218 2 09 58 00 1 05 58
00 219 0 20 46 08 1 09 46
00 220 1 14 17 03 1 07 17
00 221 2 00 27 02 0 05 17
00 222 0 19 21 07 1 09 21
00 223 1 10 67 04 1 07 67
00 224 2 04 32 05 1 05 32
00 225 0 24 50 06 1 09 50
00 226 1 12 22 06 0 07 02
00 227 2 12 29 03 1 05 29
00 228 0 04 35 09 1 09 35
00 229 1 07 65 07 1 07 65
00 230 2 08 25 04 1 05 25
00 231 0 07 73 04 1 09 73
00 232 1 23 70 02 1 07 70
00 233 2 12 29 03 1 05 29
00 234 0 12 47 05 1 09 47
00 235 1 10 67 04 1 07 67
00 236 2 02 43 01 1 05 43
00 237 0 16 39 03 1 09 39
00 238 1 06 23 01 1 07 23
00 239 2 04 32 05 0 05 43
00 240 0 16 39 03 1 10 39
00 241 1 25 28 00 1 07 28
00 242 2 00 27 02 1 05 27
00 243 0 23 56 00 1 10 56
00 244 1 12 22 06 1 07 22
00 245 2 09 58 00 0 05 29
00 246 0 11 37 10 1 10 37
00 247 1 14 17 03 1 07 17
00 248 2 00 27 02 1 05 27
00 249 0 07 73 04 1 10 73
00 250 1 17 18 05 1 07 18
00 251 2 02 43 01 1 05 43
00 252 0 12 47 05 1 10 47
00 253 1 11 13 08 1 08 13
00 254 2 08 25 04 0 05 58
00 255 0 24 50 06 1 10 50
00 256 1 06 23 01 1 08 23
00 257 2 12 29 03 1 05 29
00 258 0 03 42 01 1 10 42
00 259 1 12 22 06 1 08 22
00 260 2 09 58 00 0 05 25
00 261 0 20 46 08 1 10 46
00 262 1 10 67 04 1 08 67
00 263 2 04 32 05 0 05 43
00 264 0 19 21 07 1 10 21
00 265 1 23 70 02 1 08 70
00 266 2 08 25 04 0 05 32
00 267 0 05 71 02 1 10 71
00 268 1 17 18 05 1 08 18
00 269 2 09 58 00 0 05 25
00 270 0 04 35 09 1 10 35
00 271 1 14 17 03 1 08 17
00 272 2 00 27 02 1 05 27
00 273 0 20 46 08 1 11 46
00 274 1 07 65 07 1 08 65
00 275 2 02 43 01 1 05 43
00 276 0 24 50 06 1 11 50
00 277 1 25 28 00 1 08 28
00 278 2 04 32 05 1 05 32
00 279 0 07 73 04 1 11 73
00 280 1 25 28 00 1 09 28
00 281 2 12 29 03 1 05 29
00 282 0 11 37 10 1 11 37
00 283 1 20 59 09 1 09 59
00 284 2 04 32 05 1 05 32
00 285 0 03 42 01 1 11 42
00 286 1 12 22 06 1 09 22
00 287 2 12 29 03 1 05 29
00 288 0 18 14 11 1 11 14
00 289 1 11 13 08 0 09 37
00 290 2 08 25 04 1 05 25
00 291 0 12 47 05 1 11 47
00 292 1 14 17 03 1 09 17
00 293 2 09 58 00 1 05 58
00 294 0 23 56 00 1 11 56
00 295 1 07 65 07 1 09 65
00 296 2 00 27 02 1 05 27
00 297 0 05 71 02 1 11 71
00 298 1 10 67 04 1 09 67
00 299 2 02 43 01 1 05 43
