07 000 0 23 56 00 1 00 56
07 001 1 25 28 00 0 00 05
07 002 2 09 58 00 0 00 56
07 003 0 23 56 00 0 01 28
07 004 1 25 28 00 1 00 28
07 005 2 09 58 00 0 00 28
07 006 0 03 42 01 0 01 56
07 007 1 06 23 01 1 01 23
07 008 2 09 58 00 0 00 28
07 009 0 23 56 00 1 01 56
07 010 1 25 28 00 1 01 28
07 011 2 09 58 00 0 00 56
07 012 0 03 42 01 1 01 42
07 013 1 25 28 00 0 02 23
07 014 2 09 58 00 1 00 58
07 015 0 05 71 02 1 02 71
07 016 1 23 70 02 0 02 23
07 017 2 02 43 01 0 01 48
07 018 0 23 56 00 1 02 56
07 019 1 06 23 01 1 02 23
07 020 2 09 58 00 1 01 58
07 021 0 03 42 01 1 02 42
07 022 1 25 28 00 0 02 56
07 023 2 02 43 01 0 01 42
07 024 0 05 71 02 1 03 71
07 025 1 23 70 02 0 02 71
07 026 2 09 58 00 1 01 58
07 027 0 23 56 00 1 03 56
07 028 1 06 23 01 1 02 23
07 029 2 09 58 00 1 01 58
07 030 0 16 39 03 1 03 39
07 031 1 25 28 00 1 02 28
07 032 2 02 43 01 0 01 42
07 033 0 03 42 01 1 03 42
07 034 1 23 70 02 0 02 43
07 035 2 09 58 00 1 01 58
07 036 0 07 73 04 1 04 73
07 037 1 06 23 01 1 02 23
07 038 2 02 43 01 1 01 43
07 039 0 16 39 03 1 04 39
07 040 1 23 70 02 0 02 43
07 041 2 02 43 01 1 02 43
07 042 0 03 42 01 0 04 73
07 043 1 25 28 00 0 02 23
07 044 2 00 27 02 1 02 27
07 045 0 23 56 00 1 04 56
07 046 1 06 23 01 1 02 23
07 047 2 09 58 00 1 02 58
07 048 0 05 71 02 0 04 70
07 049 1 06 23 01 1 02 23
07 050 2 02 43 01 0 03 27
07 051 0 05 71 02 0 04 73
07 052 1 25 28 00 1 02 28
07 053 2 12 29 03 0 03 58
07 054 0 03 42 01 0 04 43
07 055 1 23 70 02 0 02 43
07 056 2 09 58 00 0 03 56
07 057 0 16 39 03 1 04 39
07 058 1 23 70 02 1 02 70
07 059 2 00 27 02 0 03 29
07 060 0 23 56 00 1 04 56
07 061 1 06 23 01 1 02 23
07 062 2 09 58 00 1 03 58
07 063 0 07 73 04 1 04 73
07 064 1 25 28 00 1 02 28
07 065 2 12 29 03 0 03 58
07 066 0 16 39 03 1 04 39
07 067 1 23 70 02 1 03 70
07 068 2 02 43 01 0 03 29
07 069 0 23 56 00 1 04 56
07 070 1 06 23 01 1 03 23
07 071 2 00 27 02 0 03 29
07 072 0 03 42 01 0 04 83
07 073 1 14 17 03 0 03 27
07 074 2 00 27 02 1 03 27
07 075 0 05 71 02 0 04 73
07 076 1 25 28 00 1 03 28
07 077 2 12 29 03 0 03 58
07 078 0 07 73 04 1 04 73
07 079 1 14 17 03 1 03 17
07 080 2 09 58 00 1 03 58
07 081 0 23 56 00 1 04 56
07 082 1 06 23 01 1 03 23
07 083 2 02 43 01 0 03 27
07 084 0 07 73 04 1 04 73
07 085 1 23 70 02 0 03 27
07 086 2 02 43 01 0 03 27
07 087 0 16 39 03 1 04 39
07 088 1 25 28 00 1 03 28
07 089 2 12 29 03 1 03 29
07 090 0 03 42 01 1 04 42
07 091 1 23 70 02 1 03 70
07 092 2 00 27 02 1 03 27
07 093 0 05 71 02 1 04 71
07 094 1 14 17 03 1 03 17
07 095 2 09 58 00 1 03 58
07 096 0 12 47 05 1 05 47
07 097 1 06 23 01 1 03 23
07 098 2 12 29 03 1 03 29
07 099 0 23 56 00 1 05 56
07 100 1 25 28 00 1 03 28
07 101 2 00 27 02 1 03 27
07 102 0 03 42 01 1 05 42
07 103 1 23 70 02 0 04 17
07 104 2 09 58 00 1 03 58
07 105 0 05 71 02 0 05 70
07 106 1 14 17 03 1 04 17
07 107 2 02 43 01 0 03 27
07 108 0 16 39 03 1 05 39
07 109 1 10 67 04 1 04 67
07 110 2 02 43 01 0 03 29
07 111 0 07 73 04 1 05 73
07 112 1 25 28 00 1 04 28
07 113 2 12 29 03 1 03 29
07 114 0 16 39 03 1 05 39
07 115 1 06 23 01 1 04 23
07 116 2 09 58 00 1 03 58
07 117 0 07 73 04 1 05 73
07 118 1 23 70 02 0 04 17
07 119 2 00 27 02 0 03 29
07 120 0 12 47 05 0 05 67
07 121 1 14 17 03 0 04 70
07 122 2 12 29 03 1 03 29
07 123 0 03 42 01 0 05 43
07 124 1 25 28 00 1 04 28
07 125 2 09 58 00 1 03 58
07 126 0 05 71 02 1 05 71
07 127 1 06 23 01 1 04 23
07 128 2 00 27 02 1 03 27
07 129 0 23 56 00 1 05 56
07 130 1 10 67 04 1 04 67
07 131 2 02 43 01 0 03 27
07 132 0 07 73 04 1 05 73
07 133 1 14 17 03 1 04 17
07 134 2 12 29 03 1 03 29
07 135 0 12 47 05 1 05 47
07 136 1 06 23 01 1 04 23
07 137 2 09 58 00 1 03 58
07 138 0 23 56 00 1 05 56
07 139 1 23 70 02 1 04 70
07 140 2 00 27 02 1 03 27
07 141 0 05 71 02 1 05 71
07 142 1 10 67 04 1 04 67
07 143 2 02 43 01 1 03 43
07 144 0 03 42 01 1 05 42
07 145 1 25 28 00 1 04 28
07 146 2 09 58 00 0 04 25
07 147 0 16 39 03 1 05 39
07 148 1 25 28 00 1 05 28
07 149 2 08 25 04 1 04 25
07 150 0 23 56 00 1 06 56
07 151 1 14 17 03 1 05 17
07 152 2 12 29 03 1 04 29
07 153 0 16 39 03 1 06 39
07 154 1 17 18 05 1 05 18
07 155 2 02 43 01 1 04 43
07 156 0 24 50 06 1 06 50
07 157 1 23 70 02 1 05 70
07 158 2 00 27 02 1 04 27
07 159 0 03 42 01 0 06 43
07 160 1 10 67 04 1 05 67
07 161 2 12 29 03 1 04 29
07 162 0 12 47 05 1 06 47
07 163 1 06 23 01 1 05 23
07 164 2 02 43 01 0 04 27
07 165 0 07 73 04 1 06 73
07 166 1 06 23 01 1 06 23
07 167 2 00 27 02 1 04 27
07 168 0 05 71 02 1 06 71
07 169 1 14 17 03 1 06 17
07 170 2 09 58 00 0 04 25
07 171 0 03 42 01 1 06 42
07 172 1 17 18 05 1 06 18
07 173 2 08 25 04 0 04 58
07 174 0 16 39 03 1 06 39
07 175 1 25 28 00 1 06 28
07 176 2 00 27 02 1 04 27
07 177 0 07 73 04 1 06 73
07 178 1 12 22 06 1 06 22
07 179 2 02 43 01 1 04 43
07 180 0 24 50 06 1 06 50
07 181 1 23 70 02 1 06 70
07 182 2 09 58 00 1 04 58
07 183 0 05 71 02 1 06 71
07 184 1 10 67 04 1 06 67
07 185 2 08 25 04 0 04 52
07 186 0 12 47 05 1 06 47
07 187 1 23 70 02 1 07 70
07 188 2 12 29 03 1 04 29
07 189 0 23 56 00 1 06 56
07 190 1 12 22 06 1 07 22
07 191 2 09 58 00 1 04 58
07 192 0 24 50 06 1 07 50
07 193 1 10 67 04 1 07 67
07 194 2 08 25 04 1 04 25
07 195 0 16 39 03 0 07 38
07 196 1 06 23 01 1 07 23
07 197 2 12 29 03 1 04 29
07 198 0 07 73 04 1 07 73
07 199 1 17 18 05 1 07 18
07 200 2 02 43 01 1 04 43
07 201 0 05 71 02 1 07 71
07 202 1 07 65 07 0 07 67
07 203 2 00 27 02 0 04 29
07 204 0 12 47 05 1 07 47
07 205 1 14 17 03 1 07 17
07 206 2 08 25 04 1 04 25
07 207 0 19 21 07 1 07 21
07 208 1 25 28 00 1 07 28
07 209 2 02 43 01 0 04 27
07 210 0 03 42 01 1 07 42
07 211 1 06 23 01 1 07 23
07 212 2 09 58 00 1 04 58
07 213 0 23 56 00 1 07 56
07 214 1 10 67 04 1 07 67
07 215 2 00 27 02 1 04 27
07 216 0 05 71 02 1 07 71
07 217 1 17 18 05 1 07 18
07 218 2 12 29 03 1 04 29
07 219 0 19 21 07 1 07 21
07 220 1 14 17 03 1 07 17
07 221 2 12 29 03 0 04 58
07 222 0 12 47 05 1 07 47
07 223 1 07 65 07 1 07 65
07 224 2 02 43 01 1 04 43
07 225 0 03 42 01 1 07 42
07 226 1 23 70 02 1 07 70
07 227 2 09 58 00 0 04 25
07 228 0 16 39 03 0 07 38
07 229 1 12 22 06 1 07 22
07 230 2 08 25 04 1 04 25
07 231 0 24 50 06 1 07 50
07 232 1 25 28 00 1 07 28
07 233 2 00 27 02 1 04 27
07 234 0 23 56 00 1 07 56
07 235 1 06 23 01 1 08 23
07 236 2 08 25 04 1 04 25
07 237 0 07 73 04 1 07 73
07 238 1 25 28 00 1 08 28
07 239 2 00 27 02 1 04 27
07 240 0 24 50 06 1 07 50
07 241 1 12 22 06 1 08 22
07 242 2 09 58 00 1 04 58
07 243 0 19 21 07 1 07 21
07 244 1 10 67 04 0 08 65
07 245 2 02 43 01 1 04 43
07 246 0 07 73 04 1 07 73
07 247 1 07 65 07 1 08 65
07 248 2 12 29 03 1 04 29
07 249 0 03 42 01 1 07 42
07 250 1 11 13 08 1 08 13
07 251 2 09 58 00 0 05 25
07 252 0 16 39 03 1 07 39
07 253 1 23 70 02 1 08 70
07 254 2 12 29 03 0 05 58
07 255 0 05 71 02 1 07 71
07 256 1 14 17 03 1 08 17
07 257 2 02 43 01 1 05 43
07 258 0 12 47 05 1 07 47
07 259 1 17 18 05 1 08 18
07 260 2 04 32 05 1 05 32
07 261 0 23 56 00 1 07 56
07 262 1 12 22 06 1 08 22
07 263 2 00 27 02 1 05 27
07 264 0 12 47 05 1 08 47
07 265 1 11 13 08 1 08 13
07 266 2 08 25 04 1 05 25
07 267 0 07 73 04 1 08 73
07 268 1 25 28 00 1 08 28
07 269 2 12 29 03 1 05 29
07 270 0 24 50 06 1 08 50
07 271 1 07 65 07 0 08 67
07 272 2 08 25 04 1 05 25
07 273 0 20 46 08 1 08 46
07 274 1 23 70 02 1 08 70
07 275 2 02 43 01 1 05 43
07 276 0 03 42 01 1 08 42
07 277 1 06 23 01 1 08 23
07 278 2 09 58 00 1 05 58
07 279 0 23 56 00 1 08 56
07 280 1 17 18 05 1 08 18
07 281 2 00 27 02 1 05 27
07 282 0 05 71 02 1 08 71
07 283 1 14 17 03 1 08 17
07 284 2 04 32 05 0 05 43
07 285 0 19 21 07 1 08 21
07 286 1 10 67 04 1 08 67
07 287 2 12 29 03 1 05 29
07 288 0 16 39 03 1 08 39
07 289 1 07 65 07 0 08 67
07 290 2 08 25 04 1 05 25
07 291 0 19 21 07 1 09 21
07 292 1 23 70 02 1 08 70
07 293 2 04 32 05 0 05 43
07 294 0 23 56 00 1 09 56
07 295 1 17 18 05 0 08 13
07 296 2 02 43 01 0 05 32
07 297 0 03 42 01 1 09 42
07 298 1 10 67 04 1 08 67
07 299 2 00 27 02 1 05 27
