02 000 0 23 56 00 1 00 56
02 001 1 25 28 00 1 00 28
02 002 2 09 58 00 1 00 58
02 003 0 23 56 00 1 01 56
02 004 1 06 23 01 1 01 23
02 005 2 02 43 01 1 01 43
02 006 0 03 42 01 1 01 42
02 007 1 25 28 00 1 01 28
02 008 2 09 58 00 1 01 58
02 009 0 05 71 02 1 02 71
02 010 1 25 28 00 1 02 28
02 011 2 02 43 01 0 02 56
02 012 0 03 42 01 1 02 42
02 013 1 06 23 01 1 02 23
02 014 2 09 58 00 1 02 58
02 015 0 23 56 00 1 02 56
02 016 1 23 70 02 1 02 70
02 017 2 00 27 02 0 02 23
02 018 0 16 39 03 1 03 39
02 019 1 25 28 00 1 03 28
02 020 2 09 58 00 1 02 58
02 021 0 03 42 01 1 03 42
02 022 1 23 70 02 1 03 70
02 023 2 02 43 01 0 02 48
02 024 0 05 71 02 1 03 71
02 025 1 14 17 03 1 03 17
02 026 2 00 27 02 0 02 23
02 027 0 23 56 00 1 03 56
02 028 1 06 23 01 1 03 23
02 029 2 00 27 02 1 02 27
02 030 0 23 56 00 1 04 56
02 031 1 14 17 03 1 04 17
02 032 2 09 58 00 1 02 58
02 033 0 05 71 02 1 04 71
02 034 1 10 67 04 0 04 39
02 035 2 02 43 01 1 02 43
02 036 0 03 42 01 1 04 42
02 037 1 06 23 01 1 04 23
02 038 2 02 43 01 1 03 43
02 039 0 16 39 03 1 04 39
02 040 1 23 70 02 0 04 17
02 041 2 00 27 02 1 03 27
02 042 0 07 73 04 1 04 73
02 043 1 25 28 00 0 04 78
02 044 2 09 58 00 0 03 29
02 045 0 16 39 03 1 05 39
02 046 1 10 67 04 1 04 67
02 047 2 12 29 03 1 03 29
02 048 0 07 73 04 1 05 73
02 049 1 25 28 00 1 04 28
02 050 2 00 27 02 1 03 27
02 051 0 05 71 02 1 05 71
02 052 1 06 23 01 1 04 23
02 053 2 02 43 01 1 03 43
02 054 0 12 47 05 1 05 47
02 055 1 23 70 02 1 04 70
02 056 2 09 58 00 0 03 29
02 057 0 03 42 01 1 05 42
02 058 1 14 17 03 1 04 17
02 059 2 12 29 03 1 03 29
02 060 0 23 56 00 1 05 56
02 061 1 17 18 05 1 05 18
02 062 2 12 29 03 1 03 29
02 063 0 07 73 04 0 06 39
02 064 1 10 67 04 1 05 67
02 065 2 09 58 00 1 03 58
02 066 0 16 39 03 1 06 39
02 067 1 25 28 00 0 05 67
02 068 2 00 27 02 1 03 27
02 069 0 05 71 02 1 06 71
02 070 1 06 23 01 1 05 23
02 071 2 02 43 01 1 03 43
02 072 0 12 47 05 1 06 47
02 073 1 14 17 03 0 05 70
02 074 2 12 29 03 1 04 29
02 075 0 24 50 06 1 06 50
02 076 1 23 70 02 1 05 70
02 077 2 08 25 04 1 04 25
02 078 0 23 56 00 1 06 56
02 079 1 17 18 05 1 05 18
02 080 2 09 58 00 1 04 58
02 081 0 03 42 01 1 06 42
02 082 1 14 17 03 1 05 17
02 083 2 00 27 02 1 04 27
02 084 0 24 50 06 1 06 50
02 085 1 25 28 00 1 05 28
02 086 2 02 43 01 1 04 43
02 087 0 03 42 01 1 06 42
02 088 1 23 70 02 1 05 70
02 089 2 08 25 04 0 05 58
02 090 0 05 71 02 0 06 70
02 091 1 06 23 01 1 05 23
02 092 2 09 58 00 1 05 58
02 093 0 23 56 00 1 06 56
02 094 1 10 67 04 1 05 67
02 095 2 04 32 05 1 05 32
02 096 0 16 39 03 1 06 39
02 097 1 23 70 02 1 06 70
02 098 2 12 29 03 1 05 29
02 099 0 07 73 04 1 06 73
02 100 1 25 28 00 1 06 28
02 101 2 02 43 01 1 05 43
02 102 0 12 47 05 1 06 47
02 103 1 06 23 01 1 06 23
02 104 2 00 27 02 1 05 27
02 105 0 24 50 06 1 06 50
02 106 1 10 67 04 1 06 67
02 107 2 04 32 05 1 05 32
02 108 0 12 47 05 1 06 47
02 109 1 12 22 06 1 06 22
02 110 2 02 43 01 0 05 23
02 111 0 23 56 00 1 06 56
02 112 1 14 17 03 0 06 01
02 113 2 00 27 02 1 05 27
02 114 0 07 73 04 1 06 73
02 115 1 17 18 05 1 06 18
02 116 2 09 58 00 1 05 58
02 117 0 03 42 01 1 06 42
02 118 1 17 18 05 1 06 18
02 119 2 12 29 03 0 05 58
02 120 0 16 39 03 1 06 39
02 121 1 06 23 01 1 06 23
02 122 2 08 25 04 0 05 23
02 123 0 05 71 02 1 06 71
02 124 1 25 28 00 0 06 67
02 125 2 00 27 02 1 05 27
02 126 0 23 56 00 1 07 56
02 127 1 14 17 03 1 06 17
02 128 2 08 25 04 0 05 32
02 129 0 07 73 04 1 07 73
02 130 1 23 70 02 1 06 70
02 131 2 02 43 01 1 05 43
02 132 0 19 21 07 1 07 21
02 133 1 12 22 06 1 06 22
02 134 2 09 58 00 1 05 58
02 135 0 03 42 01 1 07 42
02 136 1 10 67 04 1 06 67
02 137 2 12 29 03 1 05 29
02 138 0 05 71 02 1 07 71
02 139 1 06 23 01 1 06 23
02 140 2 04 32 05 1 05 32
02 141 0 12 47 05 1 07 47
02 142 1 17 18 05 1 06 18
02 143 2 02 43 01 1 05 43
02 144 0 24 50 06 1 07 50
02 145 1 14 17 03 1 06 17
02 146 2 12 29 03 1 05 29
02 147 0 16 39 03 1 07 39
02 148 1 25 28 00 1 06 28
02 149 2 08 25 04 1 05 25
02 150 0 16 39 03 1 08 39
02 151 1 23 70 02 1 06 70
02 152 2 04 32 05 1 05 32
02 153 0 03 42 01 1 08 42
02 154 1 10 67 04 1 06 67
02 155 2 09 58 00 1 05 58
02 156 0 05 71 02 1 08 71
02 157 1 12 22 06 1 06 22
02 158 2 00 27 02 1 05 27
02 159 0 23 56 00 1 08 56
02 160 1 23 70 02 1 07 70
02 161 2 09 58 00 1 06 58
02 162 0 20 46 08 0 08 06
02 163 1 10 67 04 1 07 67
02 164 2 03 38 06 0 06 32
02 165 0 24 50 06 1 08 50
02 166 1 07 65 07 1 07 65
02 167 2 04 32 05 0 06 38
02 168 0 07 73 04 1 08 73
02 169 1 14 17 03 1 07 17
02 170 2 02 43 01 1 06 43
02 171 0 19 21 07 1 08 21
02 172 1 06 23 01 1 07 23
02 173 2 00 27 02 1 06 27
02 174 0 12 47 05 1 08 47
02 175 1 25 28 00 1 07 28
02 176 2 08 25 04 0 06 58
02 177 0 24 50 06 1 08 50
02 178 1 12 22 06 0 07 17
02 179 2 12 29 03 1 06 29
02 180 0 07 73 04 0 08 07
02 181 1 17 18 05 1 07 18
02 182 2 00 27 02 1 06 27
02 183 0 16 39 03 1 08 39
02 184 1 07 65 07 1 07 65
02 185 2 09 58 00 1 06 58
02 186 0 12 47 05 1 08 47
02 187 1 06 23 01 1 07 23
02 188 2 08 25 04 1 06 25
02 189 0 03 42 01 1 08 42
02 190 1 25 28 00 1 07 28
02 191 2 04 32 05 0 06 38
02 192 0 05 71 02 1 08 71
02 193 1 17 18 05 1 07 18
02 194 2 02 43 01 0 06 27
02 195 0 19 21 07 1 08 21
02 196 1 23 70 02 1 07 70
02 197 2 12 29 03 1 06 29
02 198 0 23 56 00 1 08 56
02 199 1 14 17 03 1 07 17
02 200 2 03 38 06 0 06 25
02 201 0 20 46 08 1 08 46
02 202 1 12 22 06 0 07 32
02 203 2 00 27 02 1 06 27
02 204 0 05 71 02 0 08 04
02 205 1 10 67 04 1 07 67
02 206 2 08 25 04 1 06 25
02 207 0 19 21 07 1 08 21
02 208 1 23 70 02 1 07 70
02 209 2 04 32 05 0 06 25
02 210 0 20 46 08 1 08 46
02 211 1 25 28 00 0 07 58
02 212 2 03 38 06 1 06 38
02 213 0 24 50 06 1 08 50
02 214 1 10 67 04 0 07 56
02 215 2 12 29 03 1 06 29
02 216 0 07 73 04 0 08 39
02 217 1 14 17 03 1 07 17
02 218 2 02 43 01 1 06 43
02 219 0 03 42 01 1 08 42
02 220 1 12 22 06 1 07 22
02 221 2 09 58 00 1 06 58
02 222 0 23 56 00 1 08 56
02 223 1 07 65 07 1 07 65
02 224 2 12 29 03 1 06 29
02 225 0 16 39 03 1 08 39
02 226 1 06 23 01 1 07 23
02 227 2 00 27 02 1 06 27
02 228 0 12 47 05 1 08 47
02 229 1 17 18 05 1 07 18
02 230 2 02 43 01 1 06 43
02 231 0 24 50 06 1 08 50
02 232 1 25 28 00 1 07 28
02 233 2 09 58 00 0 06 25
02 234 0 19 21 07 1 08 21
02 235 1 06 23 01 1 07 23
02 236 2 08 25 04 1 06 25
02 237 0 16 39 03 1 08 39
02 238 1 17 18 05 1 07 18
02 239 2 04 32 05 1 06 32
02 240 0 23 56 00 1 08 56
02 241 1 14 17 03 1 07 17
02 242 2 03 38 06 1 06 38
02 243 0 12 47 05 0 08 39
02 244 1 10 67 04 1 07 67
02 245 2 03 38 06 1 06 38
02 246 0 03 42 01 1 08 42
02 247 1 23 70 02 1 07 70
02 248 2 00 27 02 1 06 27
02 249 0 07 73 04 1 08 73
02 250 1 12 22 06 1 07 22
02 251 2 02 43 01 1 06 43
02 252 0 05 71 02 1 08 71
02 253 1 07 65 07 1 07 65
02 254 2 09 58 00 0 06 00
02 255 0 20 46 08 1 08 46
02 256 1 12 22 06 1 08 22
02 257 2 12 29 03 1 06 29
02 258 0 12 47 05 1 08 47
02 259 1 10 67 04 1 08 67
02 260 2 08 25 04 0 06 32
02 261 0 16 39 03 1 08 39
02 262 1 11 13 08 1 08 13
02 263 2 04 32 05 0 06 38
02 264 0 20 46 08 1 08 46
02 265 1 14 17 03 1 08 17
02 266 2 04 32 05 0 06 38
02 267 0 24 50 06 1 08 50
02 268 1 17 18 05 1 08 18
02 269 2 12 29 03 1 06 29
02 270 0 07 73 04 1 08 73
02 271 1 25 28 00 1 08 28
02 272 2 09 58 00 0 06 32
02 273 0 05 71 02 1 08 71
02 274 1 07 65 07 1 08 65
02 275 2 02 43 01 1 06 43
02 276 0 23 56 00 1 08 56
02 277 1 23 70 02 0 08 71
02 278 2 00 27 02 1 06 27
02 279 0 19 21 07 1 08 21
02 280 1 06 23 01 1 08 23
02 281 2 08 25 04 0 06 58
02 282 0 03 42 01 1 08 42
02 283 1 12 22 06 1 08 22
02 284 2 03 38 06 1 06 38
02 285 0 03 42 01 1 09 42
02 286 1 06 23 01 1 08 23
02 287 2 08 25 04 0 06 58
02 288 0 07 73 04 1 09 73
02 289 1 14 17 03 1 08 17
02 290 2 02 43 01 0 06 38
02 291 0 05 71 02 1 09 71
02 292 1 11 13 08 1 08 13
02 293 2 12 29 03 1 06 29
02 294 0 19 21 07 1 09 21
02 295 1 17 18 05 1 08 18
02 296 2 03 38 06 0 06 32
02 297 0 04 35 09 1 09 35
02 298 1 25 28 00 1 08 28
02 299 2 00 27 02 1 06 27
