03 000 0 23 56 00 0 00 00
03 001 1 25 28 00 1 00 28
03 002 2 09 58 00 1 00 58
03 003 0 23 56 00 1 00 56
03 004 1 25 28 00 1 01 28
03 005 2 09 58 00 1 01 58
03 006 0 03 42 01 0 01 28
03 007 1 06 23 01 0 01 53
03 008 2 02 43 01 0 01 46
03 009 0 23 56 00 1 01 56
03 010 1 25 28 00 1 01 28
03 011 2 09 58 00 1 01 58
03 012 0 23 56 00 1 01 56
03 013 1 06 23 01 1 01 23
03 014 2 02 43 01 1 01 43
03 015 0 03 42 01 0 01 48
03 016 1 06 23 01 1 02 23
03 017 2 09 58 00 0 02 28
03 018 0 23 56 00 1 01 56
03 019 1 23 70 02 1 02 70
03 020 2 00 27 02 0 02 26
03 021 0 03 42 01 1 01 42
03 022 1 25 28 00 1 02 28
03 023 2 02 43 01 1 02 43
03 024 0 03 42 01 1 02 42
03 025 1 06 23 01 1 03 23
03 026 2 00 27 02 0 02 70
03 027 0 23 56 00 1 02 56
03 028 1 23 70 02 1 03 70
03 029 2 02 43 01 0 02 58
03 030 0 05 71 02 1 02 71
03 031 1 14 17 03 1 03 17
03 032 2 09 58 00 1 02 58
03 033 0 03 42 01 0 03 27
03 034 1 25 28 00 1 03 28
03 035 2 09 58 00 1 02 58
03 036 0 23 56 00 1 03 56
03 037 1 23 70 02 0 04 23
03 038 2 02 43 01 0 02 23
03 039 0 05 71 02 1 03 71
03 040 1 25 28 00 1 04 28
03 041 2 00 27 02 0 02 23
03 042 0 16 39 03 0 03 62
03 043 1 06 23 01 1 04 23
03 044 2 02 43 01 0 02 42
03 045 0 16 39 03 1 03 39
03 046 1 14 17 03 0 04 42
03 047 2 00 27 02 0 02 62
03 048 0 23 56 00 1 03 56
03 049 1 10 67 04 1 04 67
03 050 2 09 58 00 1 02 58
03 051 0 03 42 01 1 03 42
03 052 1 10 67 04 1 04 67
03 053 2 02 43 01 1 02 43
03 054 0 05 71 02 1 03 71
03 055 1 06 23 01 1 04 23
03 056 2 00 27 02 1 02 27
03 057 0 07 73 04 0 04 39
03 058 1 14 17 03 1 04 17
03 059 2 09 58 00 1 02 58
03 060 0 16 39 03 1 04 39
03 061 1 23 70 02 0 04 23
03 062 2 02 43 01 1 03 43
03 063 0 23 56 00 1 04 56
03 064 1 25 28 00 1 04 28
03 065 2 12 29 03 1 03 29
03 066 0 03 42 01 1 04 42
03 067 1 14 17 03 0 04 15
03 068 2 09 58 00 0 03 02
03 069 0 05 71 02 1 04 71
03 070 1 06 23 01 0 04 47
03 071 2 00 27 02 1 03 27
03 072 0 05 71 02 1 04 71
03 073 1 10 67 04 1 04 67
03 074 2 09 58 00 1 03 58
03 075 0 16 39 03 1 04 39
03 076 1 23 70 02 1 04 70
03 077 2 00 27 02 1 03 27
03 078 0 07 73 04 1 04 73
03 079 1 25 28 00 1 04 28
03 080 2 02 43 01 1 03 43
03 081 0 03 42 01 1 04 42
03 082 1 23 70 02 0 04 17
03 083 2 12 29 03 1 03 29
03 084 0 23 56 00 1 04 56
03 085 1 06 23 01 1 04 23
03 086 2 12 29 03 1 04 29
03 087 0 03 42 01 1 05 42
03 088 1 25 28 00 1 04 28
03 089 2 08 25 04 1 04 25
03 090 0 05 71 02 1 05 71
03 091 1 10 67 04 1 04 67
03 092 2 02 43 01 0 04 42
03 093 0 07 73 04 1 05 73
03 094 1 14 17 03 1 04 17
03 095 2 00 27 02 1 04 27
03 096 0 23 56 00 1 05 56
03 097 1 25 28 00 1 04 28
03 098 2 09 58 00 1 04 58
03 099 0 12 47 05 0 05 25
03 100 1 10 67 04 1 04 67
03 101 2 00 27 02 1 04 27
03 102 0 16 39 03 1 05 39
03 103 1 06 23 01 1 04 23
03 104 2 09 58 00 1 04 58
03 105 0 16 39 03 1 05 39
03 106 1 23 70 02 1 04 70
03 107 2 12 29 03 1 04 29
03 108 0 07 73 04 1 05 73
03 109 1 14 17 03 1 04 17
03 110 2 02 43 01 0 04 42
03 111 0 12 47 05 1 05 47
03 112 1 06 23 01 1 05 23
03 113 2 08 25 04 1 04 25
03 114 0 03 42 01 1 05 42
03 115 1 14 17 03 1 05 17
03 116 2 08 25 04 1 04 25
03 117 0 23 56 00 1 05 56
03 118 1 17 18 05 1 05 18
03 119 2 09 58 00 1 04 58
03 120 0 05 71 02 1 05 71
03 121 1 10 67 04 1 05 67
03 122 2 12 29 03 1 04 29
03 123 0 23 56 00 1 06 56
03 124 1 23 70 02 1 05 70
03 125 2 00 27 02 1 04 27
03 126 0 12 47 05 1 06 47
03 127 1 25 28 00 1 05 28
03 128 2 02 43 01 1 04 43
03 129 0 16 39 03 1 06 39
03 130 1 25 28 00 0 06 06
03 131 2 04 32 05 0 05 25
03 132 0 24 50 06 1 06 50
03 133 1 10 67 04 1 06 67
03 134 2 09 58 00 1 05 58
03 135 0 03 42 01 1 06 42
03 136 1 14 17 03 1 06 17
03 137 2 12 29 03 1 05 29
03 138 0 05 71 02 1 06 71
03 139 1 12 22 06 1 06 22
03 140 2 00 27 02 1 05 27
03 141 0 07 73 04 1 06 73
03 142 1 06 23 01 1 06 23
03 143 2 02 43 01 0 05 35
03 144 0 16 39 03 1 07 39
03 145 1 17 18 05 1 06 18
03 146 2 08 25 04 0 05 58
03 147 0 07 73 04 1 07 73
03 148 1 23 70 02 1 06 70
03 149 2 02 43 01 0 05 35
03 150 0 19 21 07 1 07 21
03 151 1 14 17 03 1 06 17
03 152 2 04 32 05 0 05 35
03 153 0 05 71 02 1 07 71
03 154 1 12 22 06 1 06 22
03 155 2 00 27 02 1 05 27
03 156 0 23 56 00 1 07 56
03 157 1 17 18 05 1 06 18
03 158 2 09 58 00 1 05 58
03 159 0 03 42 01 1 07 42
03 160 1 10 67 04 0 06 23
03 161 2 08 25 04 0 05 58
03 162 0 24 50 06 0 07 51
03 163 1 25 28 00 1 06 28
03 164 2 12 29 03 1 05 29
03 165 0 12 47 05 1 07 47
03 166 1 23 70 02 1 06 70
03 167 2 12 29 03 1 05 29
03 168 0 24 50 06 1 07 50
03 169 1 06 23 01 1 06 23
03 170 2 04 32 05 0 05 43
03 171 0 19 21 07 0 07 22
03 172 1 10 67 04 1 06 67
03 173 2 08 25 04 1 05 25
03 174 0 23 56 00 1 07 56
03 175 1 06 23 01 1 06 23
03 176 2 09 58 00 0 05 25
03 177 0 03 42 01 1 07 42
03 178 1 25 28 00 1 06 28
03 179 2 00 27 02 1 05 27
03 180 0 07 73 04 1 07 73
03 181 1 14 17 03 1 06 17
03 182 2 02 43 01 0 05 32
03 183 0 12 47 05 1 07 47
03 184 1 23 70 02 1 06 70
03 185 2 00 27 02 1 05 27
03 186 0 05 71 02 1 07 71
03 187 1 12 22 06 1 06 22
03 188 2 09 58 00 1 05 58
03 189 0 16 39 03 1 07 39
03 190 1 17 18 05 1 06 18
03 191 2 12 29 03 1 05 29
03 192 0 03 42 01 1 07 42
03 193 1 10 67 04 1 07 67
03 194 2 08 25 04 0 05 58
03 195 0 24 50 06 1 07 50
03 196 1 06 23 01 1 07 23
03 197 2 02 43 01 1 05 43
03 198 0 12 47 05 1 07 47
03 199 1 14 17 03 1 07 17
03 200 2 04 32 05 1 05 32
03 201 0 05 71 02 1 07 71
03 202 1 23 70 02 1 07 70
03 203 2 08 25 04 0 05 58
03 204 0 16 39 03 1 07 39
03 205 1 07 65 07 1 07 65
03 206 2 02 43 01 1 05 43
03 207 0 19 21 07 1 07 21
03 208 1 17 18 05 1 07 18
03 209 2 04 32 05 1 05 32
03 210 0 07 73 04 1 07 73
03 211 1 12 22 06 1 07 22
03 212 2 09 58 00 0 05 25
03 213 0 23 56 00 1 07 56
03 214 1 25 28 00 1 07 28
03 215 2 00 27 02 1 05 27
03 216 0 05 71 02 1 08 71
03 217 1 25 28 00 1 08 28
03 218 2 12 29 03 1 05 29
03 219 0 23 56 00 1 08 56
03 220 1 23 70 02 1 08 70
03 221 2 04 32 05 1 05 32
03 222 0 19 21 07 1 08 21
03 223 1 12 22 06 1 08 22
03 224 2 02 43 01 1 05 43
03 225 0 07 73 04 1 08 73
03 226 1 14 17 03 1 08 17
03 227 2 12 29 03 0 05 58
03 228 0 16 39 03 1 08 39
03 229 1 10 67 04 1 08 67
03 230 2 00 27 02 1 05 27
03 231 0 20 46 08 1 08 46
03 232 1 11 13 08 1 08 13
03 233 2 08 25 04 1 05 25
03 234 0 24 50 06 1 08 50
03 235 1 06 23 01 1 08 23
03 236 2 09 58 00 0 05 25
03 237 0 12 47 05 1 08 47
03 238 1 07 65 07 1 08 65
03 239 2 09 58 00 1 05 58
03 240 0 03 42 01 1 08 42
03 241 1 17 18 05 1 08 18
03 242 2 04 32 05 1 05 32
03 243 0 05 71 02 1 09 71
03 244 1 07 65 07 1 09 65
03 245 2 00 27 02 1 05 27
03 246 0 04 35 09 0 09 53
03 247 1 10 67 04 1 09 67
03 248 2 12 29 03 1 05 29
03 249 0 24 50 06 1 09 50
03 250 1 25 28 00 1 09 28
03 251 2 02 43 01 1 05 43
03 252 0 12 47 05 1 09 47
03 253 1 06 23 01 1 09 23
03 254 2 08 25 04 1 05 25
03 255 0 16 39 03 1 09 39
03 256 1 20 59 09 1 09 59
03 257 2 00 27 02 1 06 27
03 258 0 23 56 00 1 09 56
03 259 1 11 13 08 1 09 13
03 260 2 02 43 01 1 06 43
03 261 0 19 21 07 1 09 21
03 262 1 23 70 02 1 09 70
03 263 2 12 29 03 1 06 29
03 264 0 07 73 04 1 09 73
03 265 1 12 22 06 1 09 22
03 266 2 03 38 06 0 06 32
03 267 0 03 42 01 1 09 42
03 268 1 14 17 03 1 09 17
03 269 2 04 32 05 1 06 32
03 270 0 20 46 08 1 09 46
03 271 1 17 18 05 1 09 18
03 272 2 08 25 04 0 06 58
03 273 0 24 50 06 1 09 50
03 274 1 10 67 04 1 10 67
03 275 2 09 58 00 1 06 58
03 276 0 19 21 07 1 09 21
03 277 1 26 26 10 1 10 26
03 278 2 12 29 03 1 06 29
03 279 0 20 46 08 1 09 46
03 280 1 20 59 09 1 10 59
03 281 2 08 25 04 1 06 25
03 282 0 05 71 02 1 09 71
03 283 1 06 23 01 1 10 23
03 284 2 09 58 00 1 06 58
03 285 0 07 73 04 1 09 73
03 286 1 25 28 00 1 10 28
03 287 2 04 32 05 0 06 35
03 288 0 04 35 09 0 09 53
03 289 1 11 13 08 1 10 13
03 290 2 00 27 02 1 06 27
03 291 0 23 56 00 1 09 56
03 292 1 07 65 07 1 10 65
03 293 2 03 38 06 0 06 32
03 294 0 16 39 03 1 09 39
03 295 1 23 70 02 1 10 70
03 296 2 02 43 01 0 06 32
03 297 0 03 42 01 1 09 42
03 298 1 14 17 03 1 10 17
03 299 2 00 27 02 1 06 27
