09 000 0 23 56 00 1 00 56
09 001 1 25 28 00 1 00 28
09 002 2 09 58 00 1 00 58
09 003 0 23 56 00 1 01 56
09 004 1 06 23 01 0 01 28
09 005 2 02 43 01 0 01 46
09 006 0 03 42 01 0 01 26
09 007 1 25 28 00 0 01 46
09 008 2 09 58 00 1 01 58
09 009 0 03 42 01 1 01 42
09 010 1 25 28 00 1 01 28
09 011 2 02 43 01 0 01 23
09 012 0 23 56 00 1 01 56
09 013 1 06 23 01 0 01 28
09 014 2 09 58 00 0 01 46
09 015 0 03 42 01 0 02 46
09 016 1 06 23 01 1 01 23
09 017 2 09 58 00 1 01 58
09 018 0 23 56 00 1 02 56
09 019 1 25 28 00 1 01 28
09 020 2 02 43 01 0 01 23
09 021 0 05 71 02 0 02 42
09 022 1 06 23 01 1 02 23
09 023 2 09 58 00 0 01 56
09 024 0 03 42 01 1 02 42
09 025 1 25 28 00 0 02 23
09 026 2 02 43 01 1 01 43
09 027 0 23 56 00 1 02 56
09 028 1 23 70 02 0 02 71
09 029 2 02 43 01 1 01 43
09 030 0 05 71 02 1 02 71
09 031 1 23 70 02 0 02 28
09 032 2 09 58 00 1 01 58
09 033 0 03 42 01 1 03 42
09 034 1 25 28 00 0 02 23
09 035 2 09 58 00 1 02 58
09 036 0 05 71 02 1 03 71
09 037 1 06 23 01 0 02 28
09 038 2 00 27 02 1 02 27
09 039 0 16 39 03 0 03 41
09 040 1 06 23 01 1 02 23
09 041 2 02 43 01 1 02 43
09 042 0 23 56 00 0 03 58
09 043 1 25 28 00 1 02 28
09 044 2 09 58 00 0 03 56
09 045 0 23 56 00 1 03 56
09 046 1 23 70 02 0 02 28
09 047 2 02 43 01 0 03 27
09 048 0 05 71 02 0 03 70
09 049 1 23 70 02 1 02 70
09 050 2 12 29 03 0 03 46
09 051 0 03 42 01 0 03 41
09 052 1 25 28 00 1 02 28
09 053 2 00 27 02 1 03 27
09 054 0 16 39 03 0 03 42
09 055 1 06 23 01 1 02 23
09 056 2 00 27 02 1 03 27
09 057 0 23 56 00 1 03 56
09 058 1 06 23 01 0 03 28
09 059 2 12 29 03 0 03 56
09 060 0 16 39 03 0 03 70
09 061 1 25 28 00 0 03 70
09 062 2 02 43 01 0 03 27
09 063 0 05 71 02 1 03 71
09 064 1 23 70 02 0 03 23
09 065 2 09 58 00 0 03 46
09 066 0 03 42 01 0 03 46
09 067 1 14 17 03 1 03 17
09 068 2 12 29 03 0 03 58
09 069 0 23 56 00 1 03 56
09 070 1 06 23 01 1 03 23
09 071 2 09 58 00 1 03 58
09 072 0 16 39 03 0 03 42
09 073 1 14 17 03 1 03 17
09 074 2 02 43 01 0 03 27
09 075 0 05 71 02 1 03 71
09 076 1 23 70 02 0 03 26
09 077 2 00 27 02 1 03 27
09 078 0 03 42 01 1 03 42
09 079 1 25 28 00 1 03 28
09 080 2 02 43 01 0 03 27
09 081 0 05 71 02 1 03 71
09 082 1 23 70 02 1 03 70
09 083 2 00 27 02 1 03 27
09 084 0 16 39 03 1 03 39
09 085 1 25 28 00 1 03 28
09 086 2 12 29 03 0 03 46
09 087 0 03 42 01 1 03 42
09 088 1 14 17 03 1 03 17
09 089 2 09 58 00 0 03 46
09 090 0 23 56 00 1 03 56
09 091 1 06 23 01 1 03 23
09 092 2 12 29 03 0 03 58
09 093 0 16 39 03 0 04 73
09 094 1 14 17 03 0 04 71
09 095 2 09 58 00 1 03 58
09 096 0 03 42 01 1 04 42
09 097 1 23 70 02 0 04 71
09 098 2 00 27 02 0 03 43
09 099 0 07 73 04 0 04 72
09 100 1 25 28 00 1 04 28
09 101 2 02 43 01 0 03 27
09 102 0 05 71 02 1 04 71
09 103 1 06 23 01 0 04 28
09 104 2 02 43 01 0 03 27
09 105 0 23 56 00 1 04 56
09 106 1 10 67 04 0 04 43
09 107 2 00 27 02 1 03 27
09 108 0 23 56 00 1 04 56
09 109 1 14 17 03 1 04 17
09 110 2 09 58 00 1 03 58
09 111 0 07 73 04 1 04 73
09 112 1 25 28 00 1 04 28
09 113 2 12 29 03 0 03 39
09 114 0 05 71 02 1 04 71
09 115 1 10 67 04 1 04 67
09 116 2 00 27 02 1 03 27
09 117 0 16 39 03 0 04 43
09 118 1 23 70 02 1 04 70
09 119 2 02 43 01 1 03 43
09 120 0 03 42 01 1 04 42
09 121 1 06 23 01 0 04 02
09 122 2 12 29 03 0 03 49
09 123 0 23 56 00 0 04 46
09 124 1 10 67 04 1 04 67
09 125 2 09 58 00 0 03 49
09 126 0 16 39 03 0 04 73
09 127 1 06 23 01 1 04 23
09 128 2 09 58 00 1 03 58
09 129 0 03 42 01 1 04 42
09 130 1 25 28 00 0 04 70
09 131 2 12 29 03 1 03 29
09 132 0 05 71 02 0 04 70
09 133 1 23 70 02 1 04 70
09 134 2 02 43 01 1 03 43
09 135 0 07 73 04 0 04 43
09 136 1 14 17 03 1 04 17
09 137 2 00 27 02 1 03 27
09 138 0 16 39 03 0 04 43
09 139 1 06 23 01 1 04 23
09 140 2 00 27 02 1 04 27
09 141 0 05 71 02 1 04 71
09 142 1 10 67 04 1 04 67
09 143 2 08 25 04 0 04 58
09 144 0 23 56 00 1 04 56
09 145 1 25 28 00 0 04 77
09 146 2 09 58 00 0 04 25
09 147 0 07 73 04 1 04 73
09 148 1 23 70 02 0 04 71
09 149 2 12 29 03 0 04 58
09 150 0 03 42 01 1 04 42
09 151 1 14 17 03 1 04 17
09 152 2 02 43 01 1 04 43
09 153 0 07 73 04 0 04 42
09 154 1 10 67 04 1 04 67
09 155 2 12 29 03 1 04 29
09 156 0 03 42 01 1 04 42
09 157 1 23 70 02 0 04 71
09 158 2 08 25 04 0 04 58
09 159 0 05 71 02 1 04 71
09 160 1 14 17 03 1 04 17
09 161 2 00 27 02 1 04 27
09 162 0 23 56 00 1 04 56
09 163 1 06 23 01 1 04 23
09 164 2 02 43 01 1 04 43
09 165 0 16 39 03 1 04 39
09 166 1 25 28 00 1 04 28
09 167 2 09 58 00 1 04 58
09 168 0 16 39 03 1 04 39
09 169 1 06 23 01 1 04 23
09 170 2 12 29 03 1 04 29
09 171 0 03 42 01 1 04 42
09 172 1 25 28 00 1 04 28
09 173 2 02 43 01 1 04 43
09 174 0 07 73 04 1 04 73
09 175 1 14 17 03 1 04 17
09 176 2 08 25 04 1 04 25
09 177 0 23 56 00 1 04 56
09 178 1 10 67 04 1 04 67
09 179 2 09 58 00 1 04 58
09 180 0 05 71 02 1 04 71
09 181 1 23 70 02 1 04 70
09 182 2 00 27 02 1 04 27
09 183 0 12 47 05 1 05 47
09 184 1 23 70 02 1 05 70
09 185 2 08 25 04 1 05 25
09 186 0 23 56 00 1 05 56
09 187 1 10 67 04 1 05 67
09 188 2 12 29 03 1 05 29
09 189 0 07 73 04 1 05 73
09 190 1 06 23 01 1 05 23
09 191 2 00 27 02 1 05 27
09 192 0 05 71 02 1 05 71
09 193 1 14 17 03 1 05 17
09 194 2 02 43 01 1 05 43
09 195 0 16 39 03 1 05 39
09 196 1 17 18 05 1 05 18
09 197 2 04 32 05 1 05 32
09 198 0 03 42 01 1 05 42
09 199 1 25 28 00 1 05 28
09 200 2 09 58 00 0 05 32
09 201 0 16 39 03 1 06 39
09 202 1 17 18 05 1 06 18
09 203 2 00 27 02 1 05 27
09 204 0 05 71 02 1 06 71
09 205 1 14 17 03 1 06 17
09 206 2 08 25 04 1 05 25
09 207 0 07 73 04 1 06 73
09 208 1 10 67 04 1 06 67
09 209 2 02 43 01 1 05 43
09 210 0 23 56 00 1 06 56
09 211 1 25 28 00 1 06 28
09 212 2 09 58 00 1 05 58
09 213 0 12 47 05 1 06 47
09 214 1 06 23 01 1 06 23
09 215 2 04 32 05 0 05 25
09 216 0 03 42 01 1 06 42
09 217 1 12 22 06 1 06 22
09 218 2 12 29 03 0 05 58
09 219 0 24 50 06 1 06 50
09 220 1 23 70 02 1 06 70
09 221 2 00 27 02 1 05 27
09 222 0 07 73 04 1 07 73
09 223 1 25 28 00 1 07 28
09 224 2 12 29 03 1 05 29
09 225 0 03 42 01 1 07 42
09 226 1 14 17 03 1 07 17
09 227 2 09 58 00 0 05 25
09 228 0 05 71 02 1 07 71
09 229 1 23 70 02 1 07 70
09 230 2 04 32 05 1 05 32
09 231 0 24 50 06 1 07 50
09 232 1 10 67 04 1 07 67
09 233 2 02 43 01 1 05 43
09 234 0 19 21 07 1 07 21
09 235 1 07 65 07 0 07 58
09 236 2 08 25 04 0 05 58
09 237 0 16 39 03 1 07 39
09 238 1 12 22 06 1 07 22
09 239 2 09 58 00 1 05 58
09 240 0 23 56 00 1 07 56
09 241 1 06 23 01 1 07 23
09 242 2 12 29 03 1 05 29
09 243 0 12 47 05 1 07 47
09 244 1 17 18 05 1 07 18
09 245 2 02 43 01 1 05 43
09 246 0 19 21 07 1 08 21
09 247 1 23 70 02 1 07 70
09 248 2 08 25 04 0 05 58
09 249 0 23 56 00 1 08 56
09 250 1 06 23 01 1 07 23
09 251 2 00 27 02 1 05 27
09 252 0 05 71 02 1 08 71
09 253 1 07 65 07 1 07 65
09 254 2 04 32 05 1 05 32
09 255 0 20 46 08 1 08 46
09 256 1 17 18 05 1 07 18
09 257 2 02 43 01 0 05 32
09 258 0 07 73 04 1 08 73
09 259 1 25 28 00 0 07 67
09 260 2 09 58 00 1 05 58
09 261 0 16 39 03 1 08 39
09 262 1 10 67 04 1 07 67
09 263 2 00 27 02 1 05 27
09 264 0 03 42 01 1 08 42
09 265 1 14 17 03 1 07 17
09 266 2 08 25 04 1 05 25
09 267 0 24 50 06 1 08 50
09 268 1 12 22 06 1 07 22
09 269 2 04 32 05 1 05 32
09 270 0 12 47 05 1 08 47
09 271 1 17 18 05 1 07 18
09 272 2 12 29 03 1 05 29
09 273 0 23 56 00 1 09 56
09 274 1 14 17 03 1 07 17
09 275 2 12 29 03 1 05 29
09 276 0 19 21 07 1 09 21
09 277 1 23 70 02 1 07 70
09 278 2 02 43 01 1 05 43
09 279 0 07 73 04 1 09 73
09 280 1 10 67 04 1 07 67
09 281 2 00 27 02 1 05 27
09 282 0 04 35 09 1 09 35
09 283 1 12 22 06 1 07 22
09 284 2 09 58 00 1 05 58
09 285 0 05 71 02 1 09 71
09 286 1 25 28 00 1 07 28
09 287 2 04 32 05 1 05 32
09 288 0 20 46 08 1 09 46
09 289 1 07 65 07 0 07 28
09 290 2 08 25 04 1 05 25
09 291 0 24 50 06 1 09 50
09 292 1 06 23 01 1 07 23
09 293 2 04 32 05 1 06 32
09 294 0 03 42 01 1 09 42
09 295 1 25 28 00 1 07 28
09 296 2 03 38 06 1 06 38
09 297 0 12 47 05 1 09 47
09 298 1 12 22 06 1 07 22
09 299 2 12 29 03 1 06 29
