17 000 0 23 56 00 1 00 56
17 001 1 25 28 00 1 00 28
17 002 2 09 58 00 1 00 58
17 003 0 23 56 00 1 01 56
17 004 1 06 23 01 1 01 23
17 005 2 02 43 01 1 01 43
17 006 0 03 42 01 1 01 42
17 007 1 25 28 00 0 01 38
17 008 2 09 58 00 1 01 58
17 009 0 05 71 02 1 02 71
17 010 1 06 23 01 1 01 23
17 011 2 00 27 02 1 02 27
17 012 0 03 42 01 1 02 42
17 013 1 25 28 00 0 01 38
17 014 2 09 58 00 1 02 58
17 015 0 23 56 00 1 02 56
17 016 1 25 28 00 1 01 28
17 017 2 02 43 01 1 02 43
17 018 0 05 71 02 1 03 71
17 019 1 06 23 01 0 01 38
17 020 2 09 58 00 1 03 58
17 021 0 16 39 03 0 03 29
17 022 1 25 28 00 1 01 28
17 023 2 02 43 01 1 03 43
17 024 0 23 56 00 1 03 56
17 025 1 06 23 01 1 01 23
17 026 2 00 27 02 1 03 27
17 027 0 03 42 01 1 03 42
17 028 1 23 70 02 1 02 70
17 029 2 12 29 03 1 03 29
17 030 0 03 42 01 1 03 42
17 031 1 25 28 00 1 02 28
17 032 2 02 43 01 1 04 43
17 033 0 16 39 03 0 03 23
17 034 1 06 23 01 1 02 23
17 035 2 12 29 03 1 04 29
17 036 0 23 56 00 1 03 56
17 037 1 23 70 02 1 03 70
17 038 2 08 25 04 1 04 25
17 039 0 05 71 02 1 03 71
17 040 1 14 17 03 1 03 17
17 041 2 09 58 00 0 04 25
17 042 0 03 42 01 1 03 42
17 043 1 06 23 01 1 03 23
17 044 2 00 27 02 0 04 23
17 045 0 23 56 00 1 03 56
17 046 1 25 28 00 1 03 28
17 047 2 09 58 00 1 04 58
17 048 0 05 71 02 1 03 71
17 049 1 14 17 03 1 04 17
17 050 2 08 25 04 1 04 25
17 051 0 16 39 03 1 03 39
17 052 1 06 23 01 1 04 23
17 053 2 00 27 02 1 04 27
17 054 0 23 56 00 1 04 56
17 055 1 10 67 04 1 04 67
17 056 2 02 43 01 0 04 27
17 057 0 03 42 01 1 04 42
17 058 1 25 28 00 1 04 28
17 059 2 12 29 03 0 04 58
17 060 0 07 73 04 0 04 43
17 061 1 23 70 02 0 04 01
17 062 2 02 43 01 1 04 43
17 063 0 05 71 02 1 04 71
17 064 1 25 28 00 1 04 28
17 065 2 00 27 02 1 04 27
17 066 0 16 39 03 1 04 39
17 067 1 10 67 04 1 04 67
17 068 2 08 25 04 1 04 25
17 069 0 03 42 01 1 04 42
17 070 1 06 23 01 1 04 23
17 071 2 12 29 03 0 04 58
17 072 0 16 39 03 1 04 39
17 073 1 14 17 03 1 04 17
17 074 2 09 58 00 0 04 25
17 075 0 07 73 04 1 04 73
17 076 1 23 70 02 0 04 17
17 077 2 12 29 03 1 04 29
17 078 0 23 56 00 1 04 56
17 079 1 14 17 03 1 04 17
17 080 2 02 43 01 1 04 43
17 081 0 05 71 02 1 04 71
17 082 1 10 67 04 1 04 67
17 083 2 09 58 00 0 04 25
17 084 0 05 71 02 1 05 71
17 085 1 23 70 02 1 04 70
17 086 2 00 27 02 1 04 27
17 087 0 12 47 05 1 05 47
17 088 1 06 23 01 1 04 23
17 089 2 08 25 04 0 04 58
17 090 0 07 73 04 1 05 73
17 091 1 25 28 00 1 04 28
17 092 2 09 58 00 1 04 58
17 093 0 16 39 03 0 05 73
17 094 1 23 70 02 1 05 70
17 095 2 02 43 01 1 04 43
17 096 0 23 56 00 1 05 56
17 097 1 06 23 01 1 05 23
17 098 2 00 27 02 1 04 27
17 099 0 03 42 01 1 05 42
17 100 1 10 67 04 1 05 67
17 101 2 08 25 04 0 04 58
17 102 0 03 42 01 1 05 42
17 103 1 14 17 03 0 05 67
17 104 2 12 29 03 0 04 58
17 105 0 16 39 03 0 05 73
17 106 1 25 28 00 1 05 28
17 107 2 00 27 02 1 04 27
17 108 0 07 73 04 1 05 73
17 109 1 17 18 05 1 05 18
17 110 2 12 29 03 1 04 29
17 111 0 12 47 05 1 05 47
17 112 1 25 28 00 1 05 28
17 113 2 02 43 01 1 04 43
17 114 0 05 71 02 1 05 71
17 115 1 17 18 05 1 05 18
17 116 2 08 25 04 0 04 05
17 117 0 23 56 00 1 05 56
17 118 1 23 70 02 1 05 70
17 119 2 09 58 00 0 04 25
17 120 0 16 39 03 1 05 39
17 121 1 10 67 04 1 05 67
17 122 2 02 43 01 1 04 43
17 123 0 03 42 01 1 05 42
17 124 1 14 17 03 1 05 17
17 125 2 09 58 00 1 04 58
17 126 0 05 71 02 1 05 71
17 127 1 06 23 01 1 05 23
17 128 2 12 29 03 0 04 58
17 129 0 23 56 00 1 05 56
17 130 1 06 23 01 1 06 23
17 131 2 08 25 04 1 04 25
17 132 0 12 47 05 1 05 47
17 133 1 10 67 04 1 06 67
17 134 2 00 27 02 1 04 27
17 135 0 07 73 04 1 05 73
17 136 1 17 18 05 1 06 18
17 137 2 00 27 02 1 04 27
17 138 0 16 39 03 1 06 39
17 139 1 12 22 06 1 06 22
17 140 2 09 58 00 1 04 58
17 141 0 05 71 02 1 06 71
17 142 1 25 28 00 1 06 28
17 143 2 12 29 03 0 04 39
17 144 0 07 73 04 0 06 39
17 145 1 23 70 02 1 06 70
17 146 2 08 25 04 1 04 25
17 147 0 24 50 06 1 06 50
17 148 1 14 17 03 1 06 17
17 149 2 02 43 01 0 04 00
17 150 0 03 42 01 0 06 00
17 151 1 14 17 03 0 07 00
17 152 2 12 29 03 0 04 00
17 153 0 23 56 00 0 06 00
17 154 1 06 23 01 0 07 00
17 155 2 00 27 02 0 04 00
17 156 0 12 47 05 0 06 00
17 157 1 10 67 04 0 07 00
17 158 2 02 43 01 0 04 00
17 159 0 03 42 01 0 06 00
17 160 1 17 18 05 0 07 00
17 161 2 08 25 04 0 04 00
17 162 0 12 47 05 0 06 00
17 163 1 23 70 02 0 07 00
17 164 2 09 58 00 0 04 00
17 165 0 05 71 02 0 06 00
17 166 1 12 22 06 0 07 00
17 167 2 08 25 04 0 04 00
17 168 0 24 50 06 0 06 00
17 169 1 07 65 07 0 07 00
17 170 2 09 58 00 0 04 00
17 171 0 07 73 04 0 06 00
17 172 1 25 28 00 0 07 00
17 173 2 02 43 01 0 04 00
17 174 0 23 56 00 0 06 00
17 175 1 14 17 03 0 07 00
17 176 2 12 29 03 0 04 00
17 177 0 16 39 03 0 06 00
17 178 1 12 22 06 0 07 00
17 179 2 00 27 02 0 04 00
17 180 0 05 71 02 0 06 00
17 181 1 06 23 01 0 07 00
17 182 2 12 29 03 0 04 00
17 183 0 07 73 04 0 06 00
17 184 1 07 65 07 0 07 00
17 185 2 00 27 02 0 04 00
17 186 0 16 39 03 0 06 00
17 187 1 17 18 05 0 07 00
17 188 2 08 25 04 0 04 00
17 189 0 23 56 00 0 06 00
17 190 1 25 28 00 0 07 00
17 191 2 02 43 01 0 04 00
17 192 0 24 50 06 0 06 00
17 193 1 10 67 04 0 07 00
17 194 2 09 58 00 0 04 00
17 195 0 03 42 01 0 06 00
17 196 1 23 70 02 0 07 00
17 197 2 02 43 01 0 04 00
17 198 0 12 47 05 0 06 00
17 199 1 14 17 03 0 07 00
17 200 2 09 58 00 0 04 00
17 201 0 23 56 00 0 06 00
17 202 1 12 22 06 0 07 00
17 203 2 12 29 03 0 04 00
17 204 0 24 50 06 0 06 00
17 205 1 07 65 07 0 07 00
17 206 2 00 27 02 0 04 00
17 207 0 12 47 05 0 06 00
17 208 1 17 18 05 0 07 00
17 209 2 08 25 04 0 04 00
17 210 0 07 73 04 0 06 00
17 211 1 23 70 02 0 07 00
17 212 2 00 27 02 0 04 00
17 213 0 03 42 01 0 06 00
17 214 1 10 67 04 0 07 00
17 215 2 12 29 03 0 04 00
17 216 0 05 71 02 0 06 00
17 217 1 25 28 00 0 07 00
17 218 2 02 43 01 0 04 00
17 219 0 16 39 03 0 06 00
17 220 1 06 23 01 0 07 00
17 221 2 09 58 00 0 04 00
17 222 0 07 73 04 0 06 00
17 223 1 10 67 04 0 07 00
17 224 2 08 25 04 0 04 00
17 225 0 03 42 01 0 06 00
17 226 1 06 23 01 0 07 00
17 227 2 09 58 00 0 04 00
17 228 0 24 50 06 0 06 00
17 229 1 17 18 05 0 07 00
17 230 2 08 25 04 0 04 00
17 231 0 16 39 03 0 06 00
17 232 1 23 70 02 0 07 00
17 233 2 02 43 01 0 04 00
17 234 0 05 71 02 0 06 00
17 235 1 25 28 00 0 07 00
17 236 2 12 29 03 0 04 00
17 237 0 23 56 00 0 06 00
17 238 1 07 65 07 0 07 00
17 239 2 00 27 02 0 04 00
17 240 0 12 47 05 0 06 00
17 241 1 14 17 03 0 07 00
17 242 2 08 25 04 0 04 00
17 243 0 12 47 05 0 06 00
17 244 1 12 22 06 0 07 00
17 245 2 09 58 00 0 04 00
17 246 0 05 71 02 0 06 00
17 247 1 10 67 04 0 07 00
17 248 2 00 27 02 0 04 00
17 249 0 23 56 00 0 06 00
17 250 1 14 17 03 0 07 00
17 251 2 02 43 01 0 04 00
17 252 0 16 39 03 0 06 00
17 253 1 06 23 01 0 07 00
17 254 2 12 29 03 0 04 00
17 255 0 07 73 04 0 06 00
17 256 1 25 28 00 0 07 00
17 257 2 12 29 03 0 04 00
17 258 0 24 50 06 0 06 00
17 259 1 17 18 05 0 07 00
17 260 2 00 27 02 0 04 00
17 261 0 03 42 01 0 06 00
17 262 1 23 70 02 0 07 00
17 263 2 02 43 01 0 04 00
17 264 0 16 39 03 0 06 00
17 265 1 12 22 06 0 07 00
17 266 2 09 58 00 0 04 00
17 267 0 23 56 00 0 06 00
17 268 1 07 65 07 0 07 00
17 269 2 08 25 04 0 04 00
17 270 0 03 42 01 0 06 00
17 271 1 17 18 05 0 07 00
17 272 2 08 25 04 0 04 00
17 273 0 12 47 05 0 06 00
17 274 1 07 65 07 0 07 00
17 275 2 00 27 02 0 04 00
17 276 0 24 50 06 0 06 00
17 277 1 14 17 03 0 07 00
17 278 2 12 29 03 0 04 00
17 279 0 05 71 02 0 06 00
17 280 1 12 22 06 0 07 00
17 281 2 09 58 00 0 04 00
17 282 0 07 73 04 0 06 00
17 283 1 23 70 02 0 07 00
17 284 2 02 43 01 0 04 00
17 285 0 16 39 03 0 06 00
17 286 1 10 67 04 0 07 00
17 287 2 12 29 03 0 04 00
17 288 0 23 56 00 0 06 00
17 289 1 25 28 00 0 07 00
17 290 2 09 58 00 0 04 00
17 291 0 07 73 04 0 06 00
17 292 1 06 23 01 0 07 00
17 293 2 02 43 01 0 04 00
17 294 0 03 42 01 0 06 00
17 295 1 25 28 00 0 07 00
17 296 2 00 27 02 0 04 00
17 297 0 24 50 06 0 06 00
17 298 1 17 18 05 0 07 00
17 299 2 08 25 04 0 04 00
