01 000 0 23 56 00 0 00 65
01 001 1 25 28 00 0 00 06
01 002 2 09 58 00 1 00 58
01 003 0 23 56 00 0 00 07
01 004 1 25 28 00 1 00 28
01 005 2 02 43 01 0 01 56
01 006 0 23 56 00 0 00 23
01 007 1 06 23 01 1 01 23
01 008 2 09 58 00 1 01 58
01 009 0 23 56 00 1 00 56
01 010 1 25 28 00 0 01 23
01 011 2 09 58 00 0 01 56
01 012 0 23 56 00 0 01 28
01 013 1 06 23 01 0 01 28
01 014 2 02 43 01 0 01 56
01 015 0 03 42 01 0 01 56
01 016 1 25 28 00 0 01 56
01 017 2 02 43 01 0 01 56
01 018 0 23 56 00 0 01 23
01 019 1 06 23 01 0 01 28
01 020 2 09 58 00 0 01 56
01 021 0 03 42 01 0 01 05
01 022 1 25 28 00 1 01 28
01 023 2 02 43 01 1 01 43
01 024 0 23 56 00 0 01 46
01 025 1 06 23 01 0 01 28
01 026 2 09 58 00 0 01 56
01 027 0 03 42 01 1 01 42
01 028 1 25 28 00 1 01 28
01 029 2 09 58 00 1 01 58
01 030 0 03 42 01 1 01 42
01 031 1 06 23 01 0 01 28
01 032 2 02 43 01 0 01 56
01 033 0 23 56 00 0 01 42
01 034 1 25 28 00 0 01 00
01 035 2 09 58 00 1 01 58
01 036 0 23 56 00 0 01 05
01 037 1 06 23 01 1 01 23
01 038 2 02 43 01 0 01 56
01 039 0 03 42 01 0 01 56
01 040 1 25 28 00 0 01 23
01 041 2 09 58 00 0 01 56
01 042 0 23 56 00 0 01 42
01 043 1 06 23 01 1 01 23
01 044 2 02 43 01 0 01 56
01 045 0 03 42 01 0 01 04
01 046 1 25 28 00 0 01 23
01 047 2 02 43 01 0 01 46
01 048 0 03 42 01 1 01 42
01 049 1 25 28 00 0 01 23
01 050 2 09 58 00 1 01 58
01 051 0 23 56 00 1 01 56
01 052 1 06 23 01 1 01 23
01 053 2 09 58 00 1 01 58
01 054 0 23 56 00 1 02 56
01 055 1 25 28 00 0 01 23
01 056 2 02 43 01 0 01 46
01 057 0 05 71 02 1 02 71
01 058 1 06 23 01 1 01 23
01 059 2 09 58 00 1 01 58
01 060 0 03 42 01 0 02 56
01 061 1 06 23 01 1 01 23
01 062 2 02 43 01 0 01 28
01 063 0 03 42 01 0 02 56
01 064 1 25 28 00 0 01 23
01 065 2 02 43 01 0 01 28
01 066 0 05 71 02 1 02 71
01 067 1 25 28 00 0 01 23
01 068 2 09 58 00 1 01 58
01 069 0 23 56 00 0 02 42
01 070 1 06 23 01 0 01 43
01 071 2 02 43 01 1 01 43
01 072 0 03 42 01 1 02 42
01 073 1 25 28 00 0 01 23
01 074 2 09 58 00 1 01 58
01 075 0 05 71 02 1 02 71
01 076 1 06 23 01 0 01 28
01 077 2 02 43 01 1 02 43
01 078 0 23 56 00 0 02 42
01 079 1 06 23 01 0 01 28
01 080 2 00 27 02 1 02 27
01 081 0 03 42 01 1 02 42
01 082 1 25 28 00 1 01 28
01 083 2 09 58 00 1 02 58
01 084 0 23 56 00 1 02 56
01 085 1 25 28 00 1 01 28
01 086 2 09 58 00 1 03 58
01 087 0 05 71 02 1 02 71
01 088 1 06 23 01 0 01 28
01 089 2 12 29 03 1 03 29
01 090 0 05 71 02 1 03 71
01 091 1 25 28 00 0 01 02
01 092 2 00 27 02 0 03 39
01 093 0 16 39 03 1 03 39
01 094 1 06 23 01 0 01 28
01 095 2 02 43 01 0 03 23
01 096 0 23 56 00 1 03 56
01 097 1 06 23 01 1 01 23
01 098 2 12 29 03 1 03 29
01 099 0 03 42 01 1 03 42
01 100 1 25 28 00 1 01 28
01 101 2 00 27 02 1 03 27
01 102 0 23 56 00 1 04 56
01 103 1 06 23 01 0 02 28
01 104 2 09 58 00 1 03 58
01 105 0 03 42 01 1 04 42
01 106 1 23 70 02 1 02 70
01 107 2 02 43 01 0 03 28
01 108 0 07 73 04 1 04 73
01 109 1 25 28 00 0 02 23
01 110 2 09 58 00 1 03 58
01 111 0 05 71 02 1 04 71
01 112 1 23 70 02 1 02 70
01 113 2 02 43 01 1 03 43
01 114 0 16 39 03 0 04 29
01 115 1 25 28 00 1 02 28
01 116 2 00 27 02 0 03 29
01 117 0 07 73 04 1 04 73
01 118 1 06 23 01 0 02 28
01 119 2 12 29 03 1 03 29
01 120 0 23 56 00 1 04 56
01 121 1 23 70 02 1 02 70
01 122 2 00 27 02 1 03 27
01 123 0 03 42 01 1 04 42
01 124 1 06 23 01 1 02 23
01 125 2 02 43 01 1 03 43
01 126 0 16 39 03 0 04 29
01 127 1 25 28 00 1 02 28
01 128 2 09 58 00 1 03 58
01 129 0 05 71 02 1 04 71
01 130 1 14 17 03 1 03 17
01 131 2 12 29 03 1 03 29
01 132 0 23 56 00 1 04 56
01 133 1 06 23 01 0 03 28
01 134 2 09 58 00 1 04 58
01 135 0 03 42 01 1 04 42
01 136 1 25 28 00 1 03 28
01 137 2 08 25 04 1 04 25
01 138 0 05 71 02 1 04 71
01 139 1 23 70 02 0 03 17
01 140 2 00 27 02 0 04 17
01 141 0 16 39 03 0 04 29
01 142 1 06 23 01 1 03 23
01 143 2 12 29 03 1 04 29
01 144 0 07 73 04 1 04 73
01 145 1 14 17 03 1 03 17
01 146 2 02 43 01 1 04 43
01 147 0 07 73 04 1 04 73
01 148 1 25 28 00 1 03 28
01 149 2 02 43 01 1 04 43
01 150 0 05 71 02 1 04 71
01 151 1 23 70 02 0 03 17
01 152 2 09 58 00 0 04 29
01 153 0 23 56 00 1 04 56
01 154 1 25 28 00 1 03 28
01 155 2 08 25 04 0 04 29
01 156 0 03 42 01 1 04 42
01 157 1 23 70 02 0 03 17
01 158 2 12 29 03 1 04 29
01 159 0 16 39 03 0 04 70
01 160 1 06 23 01 1 03 23
01 161 2 00 27 02 0 04 17
01 162 0 03 42 01 1 04 42
01 163 1 14 17 03 1 03 17
01 164 2 00 27 02 0 04 29
01 165 0 05 71 02 1 04 71
01 166 1 06 23 01 1 03 23
01 167 2 09 58 00 1 04 58
01 168 0 07 73 04 1 04 73
01 169 1 14 17 03 1 03 17
01 170 2 02 43 01 1 04 43
01 171 0 16 39 03 1 04 39
01 172 1 25 28 00 1 03 28
01 173 2 12 29 03 0 04 17
01 174 0 23 56 00 1 04 56
01 175 1 23 70 02 0 03 17
01 176 2 08 25 04 1 04 25
01 177 0 07 73 04 1 05 73
01 178 1 23 70 02 1 03 70
01 179 2 02 43 01 0 04 29
01 180 0 05 71 02 1 05 71
01 181 1 25 28 00 1 03 28
01 182 2 08 25 04 1 04 25
01 183 0 23 56 00 1 05 56
01 184 1 14 17 03 1 03 17
01 185 2 09 58 00 0 04 25
01 186 0 03 42 01 1 05 42
01 187 1 06 23 01 1 03 23
01 188 2 00 27 02 0 04 29
01 189 0 12 47 05 1 05 47
01 190 1 14 17 03 1 04 17
01 191 2 12 29 03 1 04 29
01 192 0 16 39 03 1 05 39
01 193 1 06 23 01 0 04 28
01 194 2 09 58 00 1 04 58
01 195 0 23 56 00 1 06 56
01 196 1 10 67 04 0 04 17
01 197 2 00 27 02 1 04 27
01 198 0 05 71 02 1 06 71
01 199 1 25 28 00 0 04 23
01 200 2 12 29 03 1 04 29
01 201 0 07 73 04 1 06 73
01 202 1 23 70 02 0 04 17
01 203 2 08 25 04 1 04 25
01 204 0 03 42 01 1 06 42
01 205 1 10 67 04 1 04 67
01 206 2 02 43 01 0 04 29
01 207 0 16 39 03 1 06 39
01 208 1 14 17 03 1 04 17
01 209 2 12 29 03 1 04 29
01 210 0 24 50 06 0 06 67
01 211 1 25 28 00 1 04 28
01 212 2 09 58 00 0 04 25
01 213 0 12 47 05 1 06 47
01 214 1 23 70 02 0 04 17
01 215 2 00 27 02 0 04 17
01 216 0 03 42 01 1 06 42
01 217 1 06 23 01 1 04 23
01 218 2 08 25 04 1 04 25
01 219 0 16 39 03 1 06 39
01 220 1 23 70 02 0 04 17
01 221 2 02 43 01 1 04 43
01 222 0 07 73 04 1 06 73
01 223 1 25 28 00 0 04 23
01 224 2 02 43 01 1 04 43
01 225 0 12 47 05 1 06 47
01 226 1 10 67 04 0 04 17
01 227 2 09 58 00 1 04 58
01 228 0 24 50 06 0 06 07
01 229 1 06 23 01 1 04 23
01 230 2 00 27 02 1 04 27
01 231 0 23 56 00 1 06 56
01 232 1 14 17 03 1 04 17
01 233 2 12 29 03 1 04 29
01 234 0 05 71 02 1 06 71
01 235 1 23 70 02 1 04 70
01 236 2 08 25 04 1 04 25
01 237 0 05 71 02 1 06 71
01 238 1 14 17 03 1 04 17
01 239 2 04 32 05 1 05 32
01 240 0 23 56 00 1 06 56
01 241 1 06 23 01 1 04 23
01 242 2 12 29 03 1 05 29
01 243 0 12 47 05 1 06 47
01 244 1 25 28 00 1 04 28
01 245 2 08 25 04 0 05 58
01 246 0 07 73 04 1 06 73
01 247 1 10 67 04 0 04 17
01 248 2 09 58 00 1 05 58
01 249 0 03 42 01 1 06 42
01 250 1 23 70 02 1 04 70
01 251 2 02 43 01 1 05 43
01 252 0 24 50 06 0 06 67
01 253 1 14 17 03 1 04 17
01 254 2 00 27 02 1 05 27
01 255 0 16 39 03 1 06 39
01 256 1 10 67 04 1 04 67
01 257 2 02 43 01 1 05 43
01 258 0 07 73 04 1 06 73
01 259 1 06 23 01 1 04 23
01 260 2 09 58 00 1 05 58
01 261 0 05 71 02 1 06 71
01 262 1 25 28 00 0 04 23
01 263 2 00 27 02 1 05 27
01 264 0 23 56 00 1 06 56
01 265 1 10 67 04 1 04 67
01 266 2 12 29 03 1 05 29
01 267 0 24 50 06 1 06 50
01 268 1 06 23 01 1 04 23
01 269 2 08 25 04 1 05 25
01 270 0 03 42 01 1 06 42
01 271 1 23 70 02 1 04 70
01 272 2 04 32 05 0 05 43
01 273 0 16 39 03 0 06 67
01 274 1 25 28 00 1 04 28
01 275 2 04 32 05 0 05 43
01 276 0 12 47 05 1 06 47
01 277 1 14 17 03 0 04 70
01 278 2 08 25 04 1 05 25
01 279 0 12 47 05 1 06 47
01 280 1 14 17 03 1 04 17
01 281 2 12 29 03 1 05 29
01 282 0 05 71 02 1 06 71
01 283 1 10 67 04 0 04 17
01 284 2 00 27 02 1 05 27
01 285 0 07 73 04 1 06 73
01 286 1 23 70 02 1 04 70
01 287 2 09 58 00 1 05 58
01 288 0 03 42 01 1 06 42
01 289 1 06 23 01 1 04 23
01 290 2 02 43 01 1 05 43
01 291 0 24 50 06 0 06 70
01 292 1 25 28 00 1 04 28
01 293 2 12 29 03 1 05 29
01 294 0 16 39 03 1 06 39
01 295 1 25 28 00 1 04 28
01 296 2 09 58 00 1 05 58
01 297 0 23 56 00 1 06 56
01 298 1 06 23 01 1 04 23
01 299 2 02 43 01 1 05 43
