13 000 0 23 28 00 0 00 02
13 001 1 25 58 00 1 00 58
13 002 2 09 56 00 1 00 56
13 003 0 23 28 00 1 00 28
13 004 1 25 58 00 1 01 58
13 005 2 09 56 00 1 01 56
13 006 0 03 23 01 0 01 28
13 007 1 06 43 01 0 01 28
13 008 2 02 42 01 1 01 42
13 009 0 23 28 00 1 01 28
13 010 1 25 58 00 1 01 58
13 011 2 02 42 01 1 02 42
13 012 0 03 23 01 1 01 23
13 013 1 06 43 01 0 01 42
13 014 2 09 56 00 0 02 12
13 015 0 23 28 00 1 01 28
13 016 1 06 43 01 1 01 43
13 017 2 00 71 02 0 02 42
13 018 0 03 23 01 1 02 23
13 019 1 25 58 00 1 01 58
13 020 2 02 42 01 0 02 56
13 021 0 05 70 02 1 02 70
13 022 1 25 58 00 1 02 58
13 023 2 09 56 00 0 02 42
13 024 0 23 28 00 1 02 28
13 025 1 06 43 01 1 02 43
13 026 2 00 71 02 1 02 71
13 027 0 03 23 01 1 03 23
13 028 1 23 27 02 0 02 72
13 029 2 00 71 02 1 02 71
13 030 0 16 17 03 1 03 17
13 031 1 25 58 00 1 02 58
13 032 2 09 56 00 1 02 56
13 033 0 05 70 02 1 03 70
13 034 1 06 43 01 1 02 43
13 035 2 02 42 01 0 02 56
13 036 0 23 28 00 0 03 05
13 037 1 23 27 02 1 02 27
13 038 2 02 42 01 0 02 56
13 039 0 03 23 01 1 03 23
13 040 1 25 58 00 1 03 58
13 041 2 09 56 00 1 02 56
13 042 0 23 28 00 1 03 28
13 043 1 23 27 02 0 03 29
13 044 2 00 71 02 1 02 71
13 045 0 05 70 02 1 03 70
13 046 1 14 29 03 1 03 29
13 047 2 00 71 02 1 02 71
13 048 0 16 17 03 0 03 23
13 049 1 06 43 01 1 03 43
13 050 2 09 56 00 1 02 56
13 051 0 03 23 01 1 03 23
13 052 1 06 43 01 1 03 43
13 053 2 02 42 01 0 02 56
13 054 0 16 17 03 1 03 17
13 055 1 14 29 03 1 03 29
13 056 2 00 71 02 1 02 71
13 057 0 05 70 02 1 03 70
13 058 1 23 27 02 1 03 27
13 059 2 02 42 01 1 02 42
13 060 0 23 28 00 1 03 28
13 061 1 25 58 00 1 03 58
13 062 2 09 56 00 1 02 56
13 063 0 07 67 04 1 04 67
13 064 1 23 27 02 1 04 27
13 065 2 00 71 02 1 03 71
13 066 0 23 28 00 1 04 28
13 067 1 25 58 00 1 04 58
13 068 2 02 42 01 0 03 43
13 069 0 05 70 02 1 04 70
13 070 1 14 29 03 1 04 29
13 071 2 12 39 03 0 03 67
13 072 0 16 17 03 0 04 23
13 073 1 06 43 01 0 04 42
13 074 2 09 56 00 0 03 39
13 075 0 03 23 01 1 04 23
13 076 1 10 25 04 1 04 25
13 077 2 09 56 00 1 03 56
13 078 0 16 17 03 0 04 23
13 079 1 10 25 04 1 04 25
13 080 2 02 42 01 0 03 67
13 081 0 23 28 00 1 04 28
13 082 1 06 43 01 0 04 58
13 083 2 00 71 02 1 03 71
13 084 0 05 70 02 1 04 70
13 085 1 23 27 02 1 04 27
13 086 2 12 39 03 0 03 67
13 087 0 03 23 01 1 04 23
13 088 1 14 29 03 1 04 29
13 089 2 09 56 00 1 03 56
13 090 0 07 67 04 1 04 67
13 091 1 25 58 00 1 04 58
13 092 2 12 39 03 1 03 39
13 093 0 05 70 02 1 04 70
13 094 1 23 27 02 1 04 27
13 095 2 02 42 01 0 03 56
13 096 0 23 28 00 1 04 28
13 097 1 14 29 03 1 04 29
13 098 2 00 71 02 1 03 71
13 099 0 03 23 01 1 04 23
13 100 1 06 43 01 0 04 42
13 101 2 02 42 01 1 03 42
13 102 0 07 67 04 1 04 67
13 103 1 10 25 04 1 04 25
13 104 2 00 71 02 1 03 71
13 105 0 16 17 03 1 04 17
13 106 1 25 58 00 1 04 58
13 107 2 12 39 03 1 03 39
13 108 0 05 70 02 1 05 70
13 109 1 23 27 02 1 04 27
13 110 2 09 56 00 0 03 42
13 111 0 12 18 05 1 05 18
13 112 1 06 43 01 1 04 43
13 113 2 00 71 02 1 03 71
13 114 0 07 67 04 1 05 67
13 115 1 25 58 00 1 04 58
13 116 2 02 42 01 1 03 42
13 117 0 16 17 03 1 05 17
13 118 1 14 29 03 1 04 29
13 119 2 09 56 00 1 03 56
13 120 0 23 28 00 1 05 28
13 121 1 10 25 04 1 04 25
13 122 2 12 39 03 1 03 39
13 123 0 03 23 01 1 05 23
13 124 1 23 27 02 1 05 27
13 125 2 08 73 04 0 04 76
13 126 0 07 67 04 1 06 67
13 127 1 14 29 03 1 05 29
13 128 2 00 71 02 1 04 71
13 129 0 16 17 03 1 06 17
13 130 1 17 32 05 0 05 36
13 131 2 09 56 00 1 04 56
13 132 0 24 22 06 0 06 33
13 133 1 10 25 04 1 05 25
13 134 2 12 39 03 1 04 39
13 135 0 23 28 00 1 06 28
13 136 1 06 43 01 1 05 43
13 137 2 02 42 01 0 04 56
13 138 0 03 23 01 1 06 23
13 139 1 25 58 00 1 05 58
13 140 2 08 73 04 0 04 42
13 141 0 05 70 02 1 06 70
13 142 1 14 29 03 1 05 29
13 143 2 00 71 02 1 04 71
13 144 0 12 18 05 1 06 18
13 145 1 06 43 01 1 05 43
13 146 2 09 56 00 0 04 73
13 147 0 05 70 02 1 06 70
13 148 1 25 58 00 1 05 58
13 149 2 12 39 03 1 04 39
13 150 0 07 67 04 1 06 67
13 151 1 23 27 02 1 05 27
13 152 2 02 42 01 1 04 42
13 153 0 16 17 03 1 06 17
13 154 1 17 32 05 1 05 32
13 155 2 02 42 01 0 04 56
13 156 0 12 18 05 1 06 18
13 157 1 10 25 04 1 05 25
13 158 2 09 56 00 1 04 56
13 159 0 24 22 06 1 06 22
13 160 1 17 32 05 1 06 32
13 161 2 12 39 03 1 04 39
13 162 0 03 23 01 1 06 23
13 163 1 14 29 03 0 06 25
13 164 2 08 73 04 0 04 42
13 165 0 23 28 00 1 06 28
13 166 1 12 38 06 1 06 38
13 167 2 00 71 02 1 04 71
13 168 0 07 67 04 1 07 67
13 169 1 25 58 00 1 06 58
13 170 2 08 73 04 0 04 56
13 171 0 03 23 01 1 07 23
13 172 1 06 43 01 1 06 43
13 173 2 02 42 01 0 04 56
13 174 0 19 65 07 0 07 56
13 175 1 23 27 02 1 06 27
13 176 2 09 56 00 1 04 56
13 177 0 24 22 06 1 07 22
13 178 1 10 25 04 1 06 25
13 179 2 00 71 02 1 04 71
13 180 0 05 70 02 1 07 70
13 181 1 17 32 05 1 06 32
13 182 2 12 39 03 1 04 39
13 183 0 23 28 00 1 07 28
13 184 1 25 58 00 1 06 58
13 185 2 09 56 00 1 04 56
13 186 0 12 18 05 1 07 18
13 187 1 06 43 01 0 06 32
13 188 2 00 71 02 1 04 71
13 189 0 16 17 03 0 07 18
13 190 1 10 25 04 1 06 25
13 191 2 12 39 03 1 04 39
13 192 0 05 70 02 1 07 70
13 193 1 14 29 03 1 06 29
13 194 2 02 42 01 0 04 73
13 195 0 23 28 00 1 07 28
13 196 1 12 38 06 0 06 37
13 197 2 08 73 04 0 04 56
13 198 0 12 18 05 1 07 18
13 199 1 23 27 02 1 06 27
13 200 2 00 71 02 1 04 71
13 201 0 03 23 01 1 07 23
13 202 1 06 43 01 1 06 43
13 203 2 12 39 03 1 04 39
13 204 0 19 65 07 0 07 28
13 205 1 14 29 03 1 06 29
13 206 2 08 73 04 0 04 42
13 207 0 07 67 04 1 07 67
13 208 1 12 38 06 0 06 28
13 209 2 09 56 00 0 04 73
13 210 0 24 22 06 1 07 22
13 211 1 23 27 02 1 06 27
13 212 2 02 42 01 0 04 56
13 213 0 16 17 03 1 07 17
13 214 1 17 32 05 1 06 32
13 215 2 08 73 04 0 04 56
13 216 0 16 17 03 1 07 17
13 217 1 25 58 00 1 06 58
13 218 2 02 42 01 1 04 42
13 219 0 19 65 07 0 07 38
13 220 1 10 25 04 1 06 25
13 221 2 09 56 00 1 04 56
13 222 0 07 67 04 1 07 67
13 223 1 17 32 05 1 06 32
13 224 2 12 39 03 1 04 39
13 225 0 12 18 05 1 07 18
13 226 1 10 25 04 1 06 25
13 227 2 00 71 02 1 04 71
13 228 0 05 70 02 1 07 70
13 229 1 23 27 02 1 06 27
13 230 2 00 71 02 1 04 71
13 231 0 24 22 06 1 07 22
13 232 1 12 38 06 0 06 65
13 233 2 12 39 03 1 04 39
13 234 0 23 28 00 0 07 12
13 235 1 14 29 03 1 06 29
13 236 2 08 73 04 0 04 42
13 237 0 03 23 01 1 07 23
13 238 1 25 58 00 1 06 58
13 239 2 02 42 01 1 04 42
13 240 0 23 28 00 1 07 28
13 241 1 06 43 01 1 06 43
13 242 2 09 56 00 0 04 73
13 243 0 12 18 05 1 07 18
13 244 1 14 29 03 1 06 29
13 245 2 02 42 01 1 04 42
13 246 0 07 67 04 1 07 67
13 247 1 10 25 04 1 06 25
13 248 2 08 73 04 1 04 73
13 249 0 16 17 03 1 07 17
13 250 1 06 43 01 1 06 43
13 251 2 09 56 00 0 04 73
13 252 0 03 23 01 1 07 23
13 253 1 12 38 06 0 06 65
13 254 2 00 71 02 1 04 71
13 255 0 24 22 06 1 07 22
13 256 1 17 32 05 1 06 32
13 257 2 12 39 03 1 04 39
13 258 0 05 70 02 1 07 70
13 259 1 25 58 00 1 06 58
13 260 2 02 42 01 1 04 42
13 261 0 19 65 07 1 07 65
13 262 1 23 27 02 1 06 27
13 263 2 12 39 03 1 04 39
13 264 0 07 67 04 1 08 67
13 265 1 23 27 02 1 06 27
13 266 2 09 56 00 0 04 73
13 267 0 24 22 06 1 08 22
13 268 1 14 29 03 1 06 29
13 269 2 08 73 04 1 04 73
13 270 0 16 17 03 1 08 17
13 271 1 25 58 00 1 06 58
13 272 2 00 71 02 1 04 71
13 273 0 20 13 08 1 08 13
13 274 1 17 32 05 1 06 32
13 275 2 00 71 02 1 04 71
13 276 0 12 18 05 1 08 18
13 277 1 12 38 06 1 06 38
13 278 2 12 39 03 1 04 39
13 279 0 05 70 02 1 08 70
13 280 1 06 43 01 1 06 43
13 281 2 02 42 01 1 04 42
13 282 0 23 28 00 1 08 28
13 283 1 10 25 04 1 06 25
13 284 2 08 73 04 0 04 56
13 285 0 19 65 07 0 08 56
13 286 1 23 27 02 1 07 27
13 287 2 09 56 00 0 04 73
13 288 0 03 23 01 1 08 23
13 289 1 14 29 03 0 07 12
13 290 2 08 73 04 1 04 73
13 291 0 19 65 07 1 08 65
13 292 1 07 11 07 1 07 11
13 293 2 09 56 00 1 04 56
13 294 0 23 28 00 1 08 28
13 295 1 25 58 00 1 07 58
13 296 2 00 71 02 1 04 71
13 297 0 07 67 04 1 08 67
13 298 1 12 38 06 1 07 38
13 299 2 12 39 03 1 04 39
