06 000 0 12 67 00 0 00 68
06 001 1 05 74 00 1 00 74
06 002 2 17 36 00 1 00 36
06 003 0 12 67 00 1 00 67
06 004 1 05 74 00 1 01 74
06 005 2 11 49 01 1 01 49
06 006 0 00 73 01 1 01 73
06 007 1 15 59 01 1 01 59
06 008 2 17 36 00 1 01 36
06 009 0 12 67 00 1 01 67
06 010 1 03 68 02 1 02 68
06 011 2 17 36 00 1 02 36
06 012 0 12 67 00 1 02 67
06 013 1 05 74 00 1 02 74
06 014 2 11 49 01 1 02 49
06 015 0 08 75 02 0 02 79
06 016 1 15 59 01 1 02 59
06 017 2 14 30 02 1 02 30
06 018 0 00 73 01 1 02 73
06 019 1 00 18 03 1 03 18
06 020 2 17 36 00 1 03 36
06 021 0 12 67 00 1 02 67
06 022 1 05 74 00 1 03 74
06 023 2 11 49 01 0 03 31
06 024 0 00 73 01 1 02 73
06 025 1 03 68 02 1 03 68
06 026 2 00 11 03 1 03 11
06 027 0 08 75 02 0 02 76
06 028 1 15 59 01 1 03 59
06 029 2 14 30 02 0 03 49
06 030 0 12 67 00 1 02 67
06 031 1 17 54 04 1 04 54
06 032 2 11 49 01 1 03 49
06 033 0 08 75 02 0 02 73
06 034 1 03 68 02 1 04 68
06 035 2 14 30 02 0 03 36
06 036 0 00 73 01 1 02 73
06 037 1 05 74 00 1 04 74
06 038 2 00 11 03 1 03 11
06 039 0 12 67 00 0 02 68
06 040 1 15 59 01 1 04 59
06 041 2 17 36 00 1 03 36
06 042 0 00 73 01 1 02 73
06 043 1 00 18 03 1 04 18
06 044 2 00 11 03 1 03 11
06 045 0 08 75 02 1 02 75
06 046 1 03 68 02 1 05 68
06 047 2 14 30 02 1 03 30
06 048 0 00 73 01 1 02 73
06 049 1 05 74 00 1 05 74
06 050 2 17 36 00 1 03 36
06 051 0 08 75 02 1 02 75
06 052 1 00 18 03 1 05 18
06 053 2 11 49 01 1 03 49
06 054 0 12 67 00 1 02 67
06 055 1 17 54 04 1 05 54
06 056 2 14 30 02 1 04 30
06 057 0 03 42 03 1 03 42
06 058 1 15 59 01 0 05 74
06 059 2 12 64 04 0 04 49
06 060 0 00 73 01 1 03 73
06 061 1 08 65 05 0 05 64
06 062 2 00 11 03 1 04 11
06 063 0 08 75 02 1 03 75
06 064 1 03 68 02 1 05 68
06 065 2 11 49 01 1 04 49
06 066 0 12 67 00 1 03 67
06 067 1 00 18 03 1 05 18
06 068 2 17 36 00 1 04 36
06 069 0 08 75 02 1 04 75
06 070 1 08 65 05 1 05 65
06 071 2 14 30 02 0 04 64
06 072 0 00 73 01 1 04 73
06 073 1 15 59 01 1 05 59
06 074 2 12 64 04 0 04 49
06 075 0 03 42 03 0 04 65
06 076 1 17 54 04 1 05 54
06 077 2 17 36 00 1 04 36
06 078 0 12 67 00 1 04 67
06 079 1 05 74 00 0 05 59
06 080 2 00 11 03 1 04 11
06 081 0 01 69 04 1 04 69
06 082 1 03 68 02 1 05 68
06 083 2 11 49 01 0 04 30
06 084 0 08 75 02 1 04 75
06 085 1 05 74 00 1 05 74
06 086 2 00 11 03 1 04 11
06 087 0 00 73 01 1 04 73
06 088 1 17 54 04 1 05 54
06 089 2 14 30 02 0 04 64
06 090 0 03 42 03 1 04 42
06 091 1 08 65 05 0 05 05
06 092 2 17 36 00 1 04 36
06 093 0 12 67 00 1 04 67
06 094 1 00 18 03 1 05 18
06 095 2 11 49 01 0 04 30
06 096 0 01 69 04 1 04 69
06 097 1 15 59 01 1 05 59
06 098 2 12 64 04 0 04 49
06 099 0 03 42 03 1 05 42
06 100 1 08 65 05 1 05 65
06 101 2 00 11 03 1 04 11
06 102 0 16 46 05 1 05 46
06 103 1 05 74 00 1 05 74
06 104 2 12 64 04 0 04 49
06 105 0 01 69 04 1 05 69
06 106 1 17 54 04 1 05 54
06 107 2 14 30 02 1 04 30
06 108 0 12 67 00 1 05 67
06 109 1 15 59 01 1 05 59
06 110 2 11 49 01 1 04 49
06 111 0 08 75 02 0 05 68
06 112 1 00 18 03 1 05 18
06 113 2 17 36 00 1 04 36
06 114 0 00 73 01 1 05 73
06 115 1 03 68 02 1 05 68
06 116 2 11 49 01 1 04 49
06 117 0 12 67 00 1 05 67
06 118 1 03 68 02 1 06 68
06 119 2 14 30 02 0 04 64
06 120 0 16 46 05 1 05 46
06 121 1 05 74 00 1 06 74
06 122 2 17 36 00 1 04 36
06 123 0 01 69 04 1 05 69
06 124 1 00 18 03 1 06 18
06 125 2 00 11 03 1 04 11
06 126 0 03 42 03 1 05 42
06 127 1 08 65 05 1 06 65
06 128 2 12 64 04 0 04 49
06 129 0 00 73 01 1 05 73
06 130 1 15 59 01 1 06 59
06 131 2 12 64 04 0 04 30
06 132 0 08 75 02 1 05 75
06 133 1 17 54 04 1 06 54
06 134 2 14 30 02 0 04 64
06 135 0 03 42 03 0 06 46
06 136 1 09 63 06 1 06 63
06 137 2 11 49 01 1 04 49
06 138 0 00 73 01 1 06 73
06 139 1 09 63 06 1 07 63
06 140 2 00 11 03 1 04 11
06 141 0 01 69 04 1 06 69
06 142 1 07 21 07 1 07 21
06 143 2 17 36 00 1 04 36
06 144 0 14 53 06 0 06 63
06 145 1 00 18 03 1 07 18
06 146 2 12 64 04 1 04 64
06 147 0 08 75 02 1 06 75
06 148 1 05 74 00 1 07 74
06 149 2 17 36 00 1 04 36
06 150 0 12 67 00 1 06 67
06 151 1 03 68 02 1 07 68
06 152 2 11 49 01 1 04 49
06 153 0 16 46 05 0 06 63
06 154 1 08 65 05 0 07 54
06 155 2 00 11 03 1 04 11
06 156 0 14 53 06 1 06 53
06 157 1 15 59 01 1 07 59
06 158 2 14 30 02 0 04 64
06 159 0 16 46 05 1 06 46
06 160 1 17 54 04 1 07 54
06 161 2 11 49 01 1 04 49
06 162 0 03 42 03 1 06 42
06 163 1 07 21 07 1 07 21
06 164 2 00 11 03 1 04 11
06 165 0 00 73 01 1 06 73
06 166 1 08 65 05 1 07 65
06 167 2 12 64 04 1 04 64
06 168 0 01 69 04 1 06 69
06 169 1 15 59 01 1 07 59
06 170 2 17 36 00 1 04 36
06 171 0 08 75 02 0 06 06
06 172 1 03 68 02 1 07 68
06 173 2 14 30 02 1 04 30
06 174 0 12 67 00 1 06 67
06 175 1 17 54 04 1 07 54
06 176 2 00 11 03 1 05 11
06 177 0 01 69 04 1 06 69
06 178 1 00 18 03 1 07 18
06 179 2 14 30 02 1 05 30
06 180 0 00 73 01 1 06 73
06 181 1 09 63 06 1 07 63
06 182 2 12 64 04 0 05 30
06 183 0 16 46 05 1 06 46
06 184 1 05 74 00 1 07 74
06 185 2 03 71 05 1 05 71
06 186 0 14 53 06 1 06 53
06 187 1 03 68 02 1 08 68
06 188 2 17 36 00 1 05 36
06 189 0 08 75 02 1 06 75
06 190 1 07 21 07 1 08 21
06 191 2 11 49 01 0 05 64
06 192 0 03 42 03 1 06 42
06 193 1 17 54 04 1 08 54
06 194 2 03 71 05 1 05 71
06 195 0 12 67 00 1 06 67
06 196 1 08 65 05 1 08 65
06 197 2 12 64 04 1 05 64
06 198 0 00 73 01 1 07 73
06 199 1 15 59 01 0 08 55
06 200 2 14 30 02 0 05 64
06 201 0 08 75 02 1 07 75
06 202 1 09 63 06 1 08 63
06 203 2 11 49 01 1 05 49
06 204 0 03 42 03 1 07 42
06 205 1 00 18 03 1 08 18
06 206 2 17 36 00 1 05 36
06 207 0 01 69 04 1 07 69
06 208 1 05 74 00 1 08 74
06 209 2 00 11 03 1 05 11
06 210 0 14 53 06 1 07 53
06 211 1 16 19 08 1 08 19
06 212 2 14 30 02 0 05 49
06 213 0 12 67 00 1 07 67
06 214 1 05 74 00 1 08 74
06 215 2 03 71 05 1 05 71
06 216 0 02 27 07 1 07 27
06 217 1 00 18 03 1 08 18
06 218 2 17 36 00 1 05 36
06 219 0 16 46 05 1 07 46
06 220 1 07 21 07 1 08 21
06 221 2 12 64 04 1 05 64
06 222 0 09 28 08 1 08 28
06 223 1 03 68 02 1 08 68
06 224 2 00 11 03 1 05 11
06 225 0 02 27 07 1 08 27
06 226 1 08 65 05 1 08 65
06 227 2 11 49 01 1 05 49
06 228 0 12 67 00 1 08 67
06 229 1 17 54 04 1 08 54
06 230 2 14 30 02 0 05 64
06 231 0 00 73 01 1 08 73
06 232 1 16 19 08 1 08 19
06 233 2 17 36 00 1 05 36
06 234 0 01 69 04 1 08 69
06 235 1 15 59 01 1 08 59
06 236 2 00 11 03 1 05 11
06 237 0 16 46 05 1 08 46
06 238 1 09 63 06 1 08 63
06 239 2 03 71 05 1 05 71
06 240 0 14 53 06 1 08 53
06 241 1 07 21 07 1 09 21
06 242 2 12 64 04 0 05 30
06 243 0 03 42 03 1 08 42
06 244 1 15 59 01 1 09 59
06 245 2 11 49 01 0 05 30
06 246 0 08 75 02 1 08 75
06 247 1 08 65 05 1 09 65
06 248 2 11 49 01 1 05 49
06 249 0 02 27 07 1 09 27
06 250 1 09 63 06 1 09 63
06 251 2 12 64 04 0 05 30
06 252 0 05 41 09 1 09 41
06 253 1 00 18 03 1 09 18
06 254 2 17 36 00 1 05 36
06 255 0 03 42 03 1 09 42
06 256 1 16 19 08 1 09 19
06 257 2 03 71 05 1 05 71
06 258 0 09 28 08 0 09 25
06 259 1 05 74 00 1 09 74
06 260 2 14 30 02 0 05 64
06 261 0 16 46 05 0 09 63
06 262 1 03 68 02 1 09 68
06 263 2 00 11 03 1 05 11
06 264 0 14 53 06 1 09 53
06 265 1 06 32 09 1 09 32
06 266 2 14 30 02 0 05 64
06 267 0 08 75 02 1 09 75
06 268 1 17 54 04 1 09 54
06 269 2 17 36 00 1 05 36
06 270 0 01 69 04 1 09 69
06 271 1 05 74 00 1 10 74
06 272 2 11 49 01 1 05 49
06 273 0 00 73 01 1 09 73
06 274 1 16 19 08 1 10 19
06 275 2 03 71 05 1 05 71
06 276 0 12 67 00 1 09 67
06 277 1 10 78 10 1 10 78
06 278 2 12 64 04 1 05 64
06 279 0 03 42 03 1 09 42
06 280 1 17 54 04 1 10 54
06 281 2 00 11 03 1 05 11
06 282 0 02 27 07 1 09 27
06 283 1 00 18 03 1 10 18
06 284 2 17 36 00 1 05 36
06 285 0 00 73 01 1 09 73
06 286 1 07 21 07 0 10 53
06 287 2 12 64 04 0 05 49
06 288 0 14 53 06 1 09 53
06 289 1 15 59 01 1 10 59
06 290 2 00 11 03 1 05 11
06 291 0 12 67 00 1 09 67
06 292 1 06 32 09 1 10 32
06 293 2 03 71 05 1 05 71
06 294 0 01 69 04 1 09 69
06 295 1 08 65 05 1 10 65
06 296 2 14 30 02 1 05 30
06 297 0 16 46 05 1 09 46
06 298 1 09 63 06 1 10 63
06 299 2 11 49 01 1 05 49
