03 000 0 16 23 00 1 00 23
03 001 1 05 68 00 0 00 52
03 002 2 02 26 00 0 00 03
03 003 0 07 19 01 1 01 19
03 004 1 05 68 00 0 00 26
03 005 2 02 26 00 0 00 19
03 006 0 16 23 00 1 01 23
03 007 1 05 68 00 1 00 68
03 008 2 02 26 00 0 00 19
03 009 0 16 23 00 1 02 23
03 010 1 16 16 01 0 01 13
03 011 2 02 26 00 1 00 26
03 012 0 15 42 02 0 02 46
03 013 1 05 68 00 1 01 68
03 014 2 01 22 01 0 01 13
03 015 0 07 19 01 0 02 23
03 016 1 16 16 01 0 01 26
03 017 2 02 26 00 0 01 23
03 018 0 15 42 02 1 02 42
03 019 1 05 68 00 0 01 46
03 020 2 01 22 01 0 01 19
03 021 0 07 19 01 0 02 16
03 022 1 16 16 01 0 01 46
03 023 2 02 26 00 0 01 23
03 024 0 16 23 00 1 02 23
03 025 1 05 68 00 0 01 19
03 026 2 01 22 01 0 01 19
03 027 0 15 42 02 0 02 23
03 028 1 05 68 00 1 01 68
03 029 2 02 26 00 0 01 23
03 030 0 16 23 00 0 02 16
03 031 1 16 16 01 1 01 16
03 032 2 01 22 01 1 01 22
03 033 0 07 19 01 0 02 26
03 034 1 03 17 02 1 02 17
03 035 2 02 26 00 0 01 23
03 036 0 07 19 01 0 02 26
03 037 1 05 68 00 1 02 68
03 038 2 01 22 01 0 01 19
03 039 0 16 23 00 1 02 23
03 040 1 16 16 01 0 02 02
03 041 2 02 26 00 0 01 23
03 042 0 15 42 02 0 02 46
03 043 1 03 17 02 1 02 17
03 044 2 01 22 01 0 01 19
03 045 0 07 19 01 0 02 42
03 046 1 16 16 01 1 02 16
03 047 2 02 26 00 0 01 19
03 048 0 15 42 02 1 02 42
03 049 1 05 68 00 1 02 68
03 050 2 02 26 00 1 01 26
03 051 0 16 23 00 1 02 23
03 052 1 05 68 00 1 03 68
03 053 2 01 22 01 0 01 19
03 054 0 07 19 01 1 02 19
03 055 1 16 16 01 1 03 16
03 056 2 01 22 01 1 01 22
03 057 0 15 42 02 0 02 23
03 058 1 10 55 03 1 03 55
03 059 2 02 26 00 0 01 23
03 060 0 16 23 00 1 02 23
03 061 1 03 17 02 1 03 17
03 062 2 01 22 01 0 01 19
03 063 0 15 42 02 0 02 19
03 064 1 02 32 04 1 04 32
03 065 2 02 26 00 0 01 22
03 066 0 16 23 00 1 02 23
03 067 1 05 68 00 1 04 68
03 068 2 01 22 01 0 01 19
03 069 0 07 19 01 1 02 19
03 070 1 10 55 03 1 04 55
03 071 2 02 26 00 0 01 22
03 072 0 07 19 01 1 02 19
03 073 1 16 16 01 0 04 42
03 074 2 02 26 00 1 01 26
03 075 0 15 42 02 1 02 42
03 076 1 03 17 02 1 04 17
03 077 2 01 22 01 0 01 19
03 078 0 16 23 00 1 02 23
03 079 1 10 55 03 1 04 55
03 080 2 02 26 00 0 01 19
03 081 0 08 38 03 1 03 38
03 082 1 03 17 02 1 04 17
03 083 2 01 22 01 0 01 16
03 084 0 16 23 00 1 03 23
03 085 1 02 32 04 1 04 32
03 086 2 01 22 01 1 01 22
03 087 0 07 19 01 1 03 19
03 088 1 05 68 00 1 04 68
03 089 2 02 26 00 0 01 16
03 090 0 15 42 02 1 03 42
03 091 1 16 16 01 1 04 16
03 092 2 01 22 01 1 01 22
03 093 0 07 19 01 1 04 19
03 094 1 02 32 04 1 05 32
03 095 2 02 26 00 0 01 22
03 096 0 09 43 04 0 04 38
03 097 1 15 58 05 1 05 58
03 098 2 02 26 00 1 01 26
03 099 0 08 38 03 1 04 38
03 100 1 03 17 02 1 05 17
03 101 2 01 22 01 1 01 22
03 102 0 16 23 00 1 04 23
03 103 1 10 55 03 1 05 55
03 104 2 17 28 02 1 02 28
03 105 0 15 42 02 0 04 19
03 106 1 16 16 01 1 05 16
03 107 2 02 26 00 1 02 26
03 108 0 07 19 01 1 04 19
03 109 1 05 68 00 1 05 68
03 110 2 01 22 01 1 02 22
03 111 0 15 42 02 0 04 19
03 112 1 10 55 03 1 06 55
03 113 2 17 28 02 1 03 28
03 114 0 16 23 00 1 04 23
03 115 1 11 35 06 1 06 35
03 116 2 02 26 00 1 03 26
03 117 0 09 43 04 0 04 38
03 118 1 02 32 04 1 06 32
03 119 2 03 45 03 1 03 45
03 120 0 08 38 03 1 04 38
03 121 1 05 68 00 1 06 68
03 122 2 01 22 01 1 03 22
03 123 0 09 43 04 1 04 43
03 124 1 16 16 01 1 06 16
03 125 2 17 28 02 1 04 28
03 126 0 16 23 00 1 04 23
03 127 1 03 17 02 1 06 17
03 128 2 11 64 04 1 04 64
03 129 0 07 19 01 1 04 19
03 130 1 15 58 05 1 06 58
03 131 2 02 26 00 1 04 26
03 132 0 15 42 02 1 04 42
03 133 1 15 58 05 0 07 25
03 134 2 01 22 01 1 04 22
03 135 0 08 38 03 1 04 38
03 136 1 16 16 01 1 07 16
03 137 2 03 45 03 0 04 26
03 138 0 08 38 03 1 05 38
03 139 1 05 68 00 1 07 68
03 140 2 03 45 03 1 04 45
03 141 0 15 42 02 0 05 19
03 142 1 10 55 03 1 07 55
03 143 2 17 28 02 1 04 28
03 144 0 02 59 05 0 05 58
03 145 1 01 30 07 1 07 30
03 146 2 01 22 01 1 04 22
03 147 0 07 19 01 1 05 19
03 148 1 11 35 06 1 07 35
03 149 2 11 64 04 1 04 64
03 150 0 09 43 04 1 05 43
03 151 1 03 17 02 1 07 17
03 152 2 02 26 00 1 04 26
03 153 0 16 23 00 1 05 23
03 154 1 02 32 04 1 07 32
03 155 2 03 45 03 1 05 45
03 156 0 07 19 01 1 05 19
03 157 1 16 16 01 1 07 16
03 158 2 02 26 00 0 05 45
03 159 0 09 43 04 1 05 43
03 160 1 03 17 02 1 07 17
03 161 2 01 22 01 1 05 22
03 162 0 15 42 02 1 05 42
03 163 1 10 55 03 1 07 55
03 164 2 17 28 02 1 05 28
03 165 0 16 23 00 1 05 23
03 166 1 01 30 07 1 07 30
03 167 2 05 77 05 1 05 77
03 168 0 08 38 03 1 05 38
03 169 1 05 68 00 1 07 68
03 170 2 11 64 04 1 05 64
03 171 0 02 59 05 0 05 58
03 172 1 15 58 05 1 07 58
03 173 2 11 64 04 1 05 64
03 174 0 08 38 03 1 05 38
03 175 1 02 32 04 1 07 32
03 176 2 03 45 03 0 05 26
03 177 0 09 43 04 1 05 43
03 178 1 11 35 06 1 07 35
03 179 2 01 22 01 1 05 22
03 180 0 02 59 05 0 05 58
03 181 1 11 35 06 1 08 35
03 182 2 05 77 05 0 05 64
03 183 0 15 42 02 1 05 42
03 184 1 15 58 05 1 08 58
03 185 2 17 28 02 0 05 58
03 186 0 16 23 00 1 05 23
03 187 1 10 55 03 0 08 58
03 188 2 02 26 00 1 05 26
03 189 0 07 19 01 1 05 19
03 190 1 05 68 00 1 08 68
03 191 2 02 26 00 0 05 45
03 192 0 08 38 03 1 05 38
03 193 1 02 32 04 1 08 32
03 194 2 11 64 04 0 05 77
03 195 0 16 23 00 1 05 23
03 196 1 03 17 02 1 08 17
03 197 2 01 22 01 1 05 22
03 198 0 07 19 01 1 05 19
03 199 1 01 30 07 1 08 30
03 200 2 17 28 02 1 05 28
03 201 0 02 59 05 1 05 59
03 202 1 16 16 01 1 08 16
03 203 2 03 45 03 1 05 45
03 204 0 09 43 04 1 05 43
03 205 1 13 62 08 1 08 62
03 206 2 05 77 05 1 05 77
03 207 0 15 42 02 1 05 42
03 208 1 13 62 08 1 08 62
03 209 2 01 22 01 1 05 22
03 210 0 07 19 01 1 06 19
03 211 1 01 30 07 1 08 30
03 212 2 17 28 02 1 05 28
03 213 0 02 59 05 1 06 59
03 214 1 16 16 01 1 08 16
03 215 2 11 64 04 0 05 77
03 216 0 11 71 06 1 06 71
03 217 1 11 35 06 1 08 35
03 218 2 05 77 05 1 05 77
03 219 0 08 38 03 1 06 38
03 220 1 15 58 05 1 08 58
03 221 2 03 45 03 1 05 45
03 222 0 15 42 02 1 06 42
03 223 1 05 68 00 1 08 68
03 224 2 02 26 00 1 05 26
03 225 0 09 43 04 1 06 43
03 226 1 10 55 03 1 08 55
03 227 2 01 22 01 1 05 22
03 228 0 16 23 00 1 06 23
03 229 1 03 17 02 1 08 17
03 230 2 02 26 00 0 05 45
03 231 0 16 23 00 1 07 23
03 232 1 02 32 04 1 08 32
03 233 2 11 64 04 1 05 64
03 234 0 07 19 01 1 07 19
03 235 1 01 30 07 1 09 30
03 236 2 05 77 05 0 05 45
03 237 0 11 71 06 0 07 61
03 238 1 16 16 01 1 09 16
03 239 2 17 28 02 1 05 28
03 240 0 10 21 07 0 07 62
03 241 1 04 65 09 0 09 62
03 242 2 03 45 03 1 05 45
03 243 0 02 59 05 1 07 59
03 244 1 10 55 03 1 09 55
03 245 2 01 22 01 1 05 22
03 246 0 08 38 03 1 07 38
03 247 1 13 62 08 1 09 62
03 248 2 05 77 05 1 05 77
03 249 0 15 42 02 1 07 42
03 250 1 11 35 06 1 09 35
03 251 2 11 64 04 1 05 64
03 252 0 09 43 04 1 07 43
03 253 1 03 17 02 1 09 17
03 254 2 17 28 02 1 05 28
03 255 0 09 43 04 1 07 43
03 256 1 02 32 04 1 09 32
03 257 2 02 26 00 1 05 26
03 258 0 16 23 00 1 07 23
03 259 1 15 58 05 1 09 58
03 260 2 03 45 03 1 05 45
03 261 0 07 19 01 1 07 19
03 262 1 05 68 00 1 09 68
03 263 2 08 15 06 1 06 15
03 264 0 02 59 05 1 07 59
03 265 1 16 16 01 1 09 16
03 266 2 03 45 03 1 06 45
03 267 0 08 38 03 1 07 38
03 268 1 10 55 03 1 09 55
03 269 2 17 28 02 1 06 28
03 270 0 15 42 02 1 07 42
03 271 1 01 30 07 1 09 30
03 272 2 01 22 01 1 06 22
03 273 0 10 21 07 1 07 21
03 274 1 11 35 06 1 09 35
03 275 2 05 77 05 0 06 64
03 276 0 11 71 06 1 07 71
03 277 1 04 65 09 0 09 32
03 278 2 11 64 04 1 06 64
03 279 0 07 19 01 1 08 19
03 280 1 03 17 02 1 09 17
03 281 2 02 26 00 1 06 26
03 282 0 08 38 03 1 08 38
03 283 1 05 68 00 1 09 68
03 284 2 02 26 00 1 06 26
03 285 0 09 43 04 1 08 43
03 286 1 02 32 04 1 09 32
03 287 2 03 45 03 1 06 45
03 288 0 13 13 08 1 08 13
03 289 1 15 58 05 1 09 58
03 290 2 01 22 01 1 06 22
03 291 0 15 42 02 1 08 42
03 292 1 13 62 08 1 09 62
03 293 2 05 77 05 1 06 77
03 294 0 02 59 05 1 08 59
03 295 1 01 30 07 1 09 30
03 296 2 17 28 02 1 06 28
03 297 0 16 23 00 1 08 23
03 298 1 13 62 08 1 09 62
03 299 2 11 64 04 1 06 64
