23 000 0 04 43 00 1 00 43
23 001 1 08 53 00 1 00 53
23 002 2 10 56 00 1 00 56
23 003 0 11 73 01 0 01 57
23 004 1 09 62 01 0 01 73
23 005 2 06 67 01 0 01 73
23 006 0 04 43 00 1 01 43
23 007 1 08 53 00 1 01 53
23 008 2 10 56 00 0 01 67
23 009 0 04 43 00 1 01 43
23 010 1 08 53 00 1 01 53
23 011 2 10 56 00 0 01 63
23 012 0 11 73 01 0 01 67
23 013 1 09 62 01 0 01 56
23 014 2 06 67 01 0 01 56
23 015 0 04 43 00 1 01 43
23 016 1 08 53 00 1 01 53
23 017 2 10 56 00 0 01 67
23 018 0 11 73 01 1 01 73
23 019 1 09 62 01 0 01 63
23 020 2 06 67 01 1 01 67
23 021 0 04 43 00 1 02 43
23 022 1 08 53 00 1 01 53
23 023 2 10 56 00 1 01 56
23 024 0 05 59 02 1 02 59
23 025 1 09 62 01 1 01 62
23 026 2 06 67 01 1 01 67
23 027 0 11 73 01 0 02 62
23 028 1 08 53 00 1 02 53
23 029 2 10 56 00 1 02 56
23 030 0 05 59 02 0 02 05
23 031 1 11 48 02 1 02 48
23 032 2 16 45 02 0 02 00
23 033 0 04 43 00 1 02 43
23 034 1 09 62 01 1 02 62
23 035 2 06 67 01 1 02 67
23 036 0 11 73 01 0 02 62
23 037 1 09 62 01 1 03 62
23 038 2 06 67 01 1 02 67
23 039 0 11 73 01 0 02 63
23 040 1 11 48 02 1 03 48
23 041 2 16 45 02 1 02 45
23 042 0 04 43 00 1 02 43
23 043 1 17 60 03 1 03 60
23 044 2 10 56 00 1 02 56
23 045 0 05 59 02 0 02 04
23 046 1 08 53 00 1 03 53
23 047 2 11 34 03 0 03 43
23 048 0 04 43 00 1 02 43
23 049 1 02 21 04 1 04 21
23 050 2 06 67 01 0 03 56
23 051 0 11 73 01 1 02 73
23 052 1 08 53 00 1 04 53
23 053 2 16 45 02 1 03 45
23 054 0 05 59 02 0 02 73
23 055 1 09 62 01 1 04 62
23 056 2 10 56 00 1 03 56
23 057 0 11 73 01 1 02 73
23 058 1 17 60 03 1 04 60
23 059 2 16 45 02 0 03 21
23 060 0 04 43 00 0 02 73
23 061 1 11 48 02 1 04 48
23 062 2 06 67 01 0 03 56
23 063 0 05 59 02 0 02 43
23 064 1 11 48 02 1 05 48
23 065 2 11 34 03 0 03 67
23 066 0 05 59 02 0 02 65
23 067 1 08 53 00 1 05 53
23 068 2 10 56 00 1 03 56
23 069 0 11 73 01 0 02 62
23 070 1 17 60 03 1 05 60
23 071 2 10 56 00 1 03 56
23 072 0 04 43 00 1 02 43
23 073 1 09 62 01 0 05 56
23 074 2 06 67 01 0 03 21
23 075 0 11 73 01 0 02 62
23 076 1 02 21 04 1 05 21
23 077 2 11 34 03 0 03 67
23 078 0 05 59 02 1 02 59
23 079 1 00 46 05 1 05 46
23 080 2 16 45 02 0 03 67
23 081 0 04 43 00 1 02 43
23 082 1 09 62 01 0 05 73
23 083 2 10 56 00 1 03 56
23 084 0 04 43 00 1 02 43
23 085 1 02 21 04 1 05 21
23 086 2 16 45 02 1 03 45
23 087 0 05 59 02 1 02 59
23 088 1 11 48 02 1 05 48
23 089 2 06 67 01 0 03 56
23 090 0 11 73 01 0 02 62
23 091 1 00 46 05 1 05 46
23 092 2 11 34 03 0 03 56
23 093 0 05 59 02 0 02 43
23 094 1 17 60 03 1 05 60
23 095 2 16 45 02 1 03 45
23 096 0 04 43 00 1 02 43
23 097 1 08 53 00 1 05 53
23 098 2 11 34 03 0 03 56
23 099 0 11 73 01 0 02 62
23 100 1 11 48 02 1 05 48
23 101 2 06 67 01 0 03 56
23 102 0 04 43 00 1 02 43
23 103 1 08 53 00 0 05 05
23 104 2 10 56 00 1 03 56
23 105 0 05 59 02 1 02 59
23 106 1 09 62 01 1 05 62
23 107 2 11 34 03 0 03 67
23 108 0 11 73 01 1 02 73
23 109 1 17 60 03 1 05 60
23 110 2 10 56 00 0 03 45
23 111 0 11 73 01 1 03 73
23 112 1 02 21 04 1 05 21
23 113 2 16 45 02 1 03 45
23 114 0 04 43 00 1 03 43
23 115 1 00 46 05 1 05 46
23 116 2 06 67 01 0 03 34
23 117 0 03 38 03 1 03 38
23 118 1 08 53 00 1 05 53
23 119 2 10 56 00 1 03 56
23 120 0 05 59 02 1 03 59
23 121 1 11 48 02 1 05 48
23 122 2 06 67 01 1 03 67
23 123 0 15 51 04 1 04 51
23 124 1 09 62 01 1 05 62
23 125 2 16 45 02 1 03 45
23 126 0 03 38 03 1 04 38
23 127 1 17 60 03 1 05 60
23 128 2 11 34 03 0 03 56
23 129 0 11 73 01 0 04 62
23 130 1 00 46 05 1 05 46
23 131 2 16 45 02 1 03 45
23 132 0 04 43 00 1 04 43
23 133 1 02 21 04 1 05 21
23 134 2 10 56 00 0 03 67
23 135 0 05 59 02 1 04 59
23 136 1 07 28 06 1 06 28
23 137 2 11 34 03 0 03 56
23 138 0 05 59 02 0 04 45
23 139 1 08 53 00 1 06 53
23 140 2 06 67 01 1 03 67
23 141 0 03 38 03 1 04 38
23 142 1 00 46 05 1 06 46
23 143 2 16 45 02 1 03 45
23 144 0 11 73 01 1 04 73
23 145 1 09 62 01 1 06 62
23 146 2 11 34 03 0 03 56
23 147 0 04 43 00 1 04 43
23 148 1 17 60 03 1 06 60
23 149 2 10 56 00 1 03 56
23 150 0 15 51 04 1 04 51
23 151 1 02 21 04 1 06 21
23 152 2 06 67 01 1 03 67
23 153 0 11 73 01 1 04 73
23 154 1 11 48 02 1 06 48
23 155 2 06 67 01 0 03 34
23 156 0 04 43 00 1 04 43
23 157 1 11 48 02 1 07 48
23 158 2 10 56 00 1 03 56
23 159 0 03 38 03 1 04 38
23 160 1 17 60 03 1 07 60
23 161 2 11 34 03 0 03 56
23 162 0 15 51 04 1 04 51
23 163 1 15 66 07 1 07 66
23 164 2 16 45 02 1 03 45
23 165 0 05 59 02 1 04 59
23 166 1 02 21 04 1 07 21
23 167 2 10 56 00 1 03 56
23 168 0 11 73 01 1 05 73
23 169 1 08 53 00 1 07 53
23 170 2 16 45 02 1 03 45
23 171 0 04 43 00 1 05 43
23 172 1 09 62 01 1 07 62
23 173 2 06 67 01 1 03 67
23 174 0 03 38 03 1 05 38
23 175 1 00 46 05 1 07 46
23 176 2 11 34 03 0 03 56
23 177 0 14 41 05 1 05 41
23 178 1 07 28 06 1 07 28
23 179 2 10 56 00 1 03 56
23 180 0 15 51 04 1 05 51
23 181 1 15 66 07 1 08 66
23 182 2 06 67 01 1 03 67
23 183 0 05 59 02 1 05 59
23 184 1 02 21 04 1 08 21
23 185 2 16 45 02 1 03 45
23 186 0 14 41 05 1 06 41
23 187 1 00 46 05 1 08 46
23 188 2 11 34 03 1 03 34
23 189 0 15 51 04 1 06 51
23 190 1 11 48 02 1 08 48
23 191 2 10 56 00 1 04 56
23 192 0 12 79 06 0 06 51
23 193 1 09 62 01 1 08 62
23 194 2 16 45 02 1 04 45
23 195 0 05 59 02 1 06 59
23 196 1 08 53 00 1 08 53
23 197 2 06 67 01 0 04 56
23 198 0 04 43 00 1 06 43
23 199 1 04 30 08 0 08 05
23 200 2 11 34 03 0 04 16
23 201 0 11 73 01 0 06 62
23 202 1 07 28 06 1 08 28
23 203 2 13 16 04 1 04 16
23 204 0 03 38 03 1 06 38
23 205 1 17 60 03 1 08 60
23 206 2 10 56 00 1 04 56
23 207 0 11 73 01 0 06 62
23 208 1 00 46 05 1 08 46
23 209 2 11 34 03 0 04 56
23 210 0 04 43 00 1 06 43
23 211 1 07 28 06 1 08 28
23 212 2 13 16 04 0 04 45
23 213 0 05 59 02 1 06 59
23 214 1 02 21 04 1 08 21
23 215 2 06 67 01 1 04 67
23 216 0 12 79 06 1 06 79
23 217 1 04 30 08 0 08 21
23 218 2 16 45 02 1 04 45
23 219 0 03 38 03 1 06 38
23 220 1 15 66 07 1 08 66
23 221 2 16 45 02 1 04 45
23 222 0 14 41 05 0 06 28
23 223 1 17 60 03 1 08 60
23 224 2 10 56 00 0 04 34
23 225 0 15 51 04 1 06 51
23 226 1 09 62 01 1 08 62
23 227 2 11 34 03 0 04 56
23 228 0 14 41 05 0 06 28
23 229 1 11 48 02 1 08 48
23 230 2 06 67 01 1 04 67
23 231 0 11 73 01 0 06 06
23 232 1 08 53 00 1 08 53
23 233 2 13 16 04 1 04 16
23 234 0 04 43 00 1 06 43
23 235 1 07 28 06 1 08 28
23 236 2 10 56 00 0 04 34
23 237 0 03 38 03 0 06 28
23 238 1 11 48 02 0 08 46
23 239 2 13 16 04 0 04 01
23 240 0 12 79 06 1 06 79
23 241 1 04 30 08 1 08 30
23 242 2 11 34 03 0 04 56
23 243 0 05 59 02 1 06 59
23 244 1 08 53 00 1 08 53
23 245 2 06 67 01 1 04 67
23 246 0 15 51 04 1 06 51
23 247 1 09 62 01 0 08 73
23 248 2 16 45 02 1 04 45
23 249 0 04 43 00 1 06 43
23 250 1 00 46 05 1 08 46
23 251 2 16 45 02 0 04 16
23 252 0 14 41 05 1 06 41
23 253 1 02 21 04 1 08 21
23 254 2 10 56 00 1 04 56
23 255 0 11 73 01 1 06 73
23 256 1 17 60 03 1 08 60
23 257 2 13 16 04 0 04 34
23 258 0 03 38 03 1 06 38
23 259 1 15 66 07 1 08 66
23 260 2 06 67 01 1 04 67
23 261 0 15 51 04 1 06 51
23 262 1 15 66 07 1 08 66
23 263 2 11 34 03 0 04 56
23 264 0 05 59 02 1 06 59
23 265 1 02 21 04 1 08 21
23 266 2 16 45 02 1 04 45
23 267 0 12 79 06 1 06 79
23 268 1 17 60 03 1 08 60
23 269 2 06 67 01 1 04 67
23 270 0 03 38 03 1 07 38
23 271 1 11 48 02 0 08 46
23 272 2 10 56 00 1 04 56
23 273 0 15 51 04 1 07 51
23 274 1 09 62 01 1 08 62
23 275 2 11 34 03 1 04 34
23 276 0 05 59 02 1 07 59
23 277 1 04 30 08 1 08 30
23 278 2 13 16 04 1 04 16
23 279 0 12 79 06 1 07 79
23 280 1 07 28 06 1 08 28
23 281 2 13 16 04 0 05 56
23 282 0 11 73 01 1 07 73
23 283 1 00 46 05 1 08 46
23 284 2 10 56 00 0 05 34
23 285 0 04 43 00 1 07 43
23 286 1 08 53 00 1 08 53
23 287 2 06 67 01 1 05 67
23 288 0 14 41 05 1 07 41
23 289 1 11 48 02 1 08 48
23 290 2 11 34 03 0 05 56
23 291 0 00 58 07 1 07 58
23 292 1 07 28 06 0 08 41
23 293 2 00 31 05 0 05 03
23 294 0 13 24 08 0 08 28
23 295 1 15 66 07 1 08 66
23 296 2 16 45 02 1 05 45
23 297 0 15 51 04 1 08 51
23 298 1 09 62 01 1 08 62
23 299 2 00 31 05 1 05 31
