20 000 0 03 33 00 0 00 00
20 001 1 03 65 00 0 00 00
20 002 2 13 34 00 0 00 00
20 003 0 03 33 00 0 00 00
20 004 1 03 65 00 0 00 00
20 005 2 13 34 00 0 00 00
20 006 0 03 33 00 1 00 33
20 007 1 03 65 00 1 00 65
20 008 2 13 34 00 1 00 34
20 009 0 03 33 00 1 01 33
20 010 1 17 45 01 1 01 45
20 011 2 13 34 00 1 01 34
20 012 0 04 12 01 0 01 42
20 013 1 03 65 00 1 01 65
20 014 2 05 42 01 1 01 42
20 015 0 04 12 01 1 01 12
20 016 1 08 16 02 0 02 15
20 017 2 00 32 02 1 02 32
20 018 0 03 33 00 1 01 33
20 019 1 03 65 00 1 02 65
20 020 2 05 42 01 0 02 34
20 021 0 10 13 02 0 02 24
20 022 1 17 45 01 0 02 42
20 023 2 13 34 00 0 02 33
20 024 0 03 33 00 1 02 33
20 025 1 03 65 00 1 02 65
20 026 2 00 32 02 1 02 32
20 027 0 04 12 01 1 02 12
20 028 1 08 16 02 1 02 16
20 029 2 13 34 00 1 02 34
20 030 0 04 12 01 1 02 12
20 031 1 17 45 01 1 02 45
20 032 2 05 42 01 1 02 42
20 033 0 10 13 02 1 02 13
20 034 1 08 16 02 1 03 16
20 035 2 02 37 03 0 03 32
20 036 0 03 33 00 1 02 33
20 037 1 03 65 00 1 03 65
20 038 2 13 34 00 1 03 34
20 039 0 13 66 03 1 03 66
20 040 1 09 30 03 0 03 04
20 041 2 05 42 01 0 03 32
20 042 0 03 33 00 1 03 33
20 043 1 17 45 01 1 03 45
20 044 2 00 32 02 0 03 42
20 045 0 10 13 02 1 03 13
20 046 1 08 16 02 1 03 16
20 047 2 02 37 03 0 03 32
20 048 0 04 12 01 0 03 00
20 049 1 17 45 01 1 03 45
20 050 2 05 42 01 0 03 32
20 051 0 03 33 00 1 03 33
20 052 1 03 65 00 1 03 65
20 053 2 13 34 00 1 03 34
20 054 0 04 12 01 0 03 30
20 055 1 09 30 03 1 03 30
20 056 2 00 32 02 0 03 37
20 057 0 10 13 02 0 03 30
20 058 1 08 16 02 1 04 16
20 059 2 00 32 02 1 03 32
20 060 0 13 66 03 1 03 66
20 061 1 09 30 03 1 04 30
20 062 2 02 37 03 0 03 32
20 063 0 03 33 00 1 03 33
20 064 1 03 65 00 1 04 65
20 065 2 05 42 01 1 03 42
20 066 0 10 13 02 0 03 21
20 067 1 10 43 04 1 04 43
20 068 2 13 34 00 1 03 34
20 069 0 13 66 03 1 03 66
20 070 1 17 45 01 1 04 45
20 071 2 00 32 02 0 03 37
20 072 0 04 12 01 1 03 12
20 073 1 09 30 03 1 05 30
20 074 2 02 37 03 1 03 37
20 075 0 10 13 02 1 03 13
20 076 1 17 45 01 1 05 45
20 077 2 13 34 00 1 03 34
20 078 0 04 12 01 1 03 12
20 079 1 08 16 02 1 05 16
20 080 2 05 42 01 1 03 42
20 081 0 03 33 00 1 03 33
20 082 1 03 65 00 1 05 65
20 083 2 02 37 03 1 03 37
20 084 0 13 66 03 1 03 66
20 085 1 10 43 04 0 05 50
20 086 2 05 42 01 1 03 42
20 087 0 04 12 01 1 04 12
20 088 1 11 50 05 1 05 50
20 089 2 13 34 00 1 03 34
20 090 0 13 66 03 1 04 66
20 091 1 09 30 03 1 05 30
20 092 2 00 32 02 1 03 32
20 093 0 03 33 00 1 04 33
20 094 1 03 65 00 1 05 65
20 095 2 05 42 01 1 04 42
20 096 0 10 13 02 1 04 13
20 097 1 08 16 02 1 05 16
20 098 2 00 32 02 1 04 32
20 099 0 00 35 04 1 04 35
20 100 1 17 45 01 1 05 45
20 101 2 02 37 03 1 04 37
20 102 0 03 33 00 1 05 33
20 103 1 10 43 04 1 05 43
20 104 2 17 57 04 0 04 47
20 105 0 13 66 03 1 05 66
20 106 1 11 50 05 1 05 50
20 107 2 13 34 00 1 04 34
20 108 0 05 17 05 1 05 17
20 109 1 17 45 01 1 06 45
20 110 2 00 32 02 1 04 32
20 111 0 04 12 01 1 05 12
20 112 1 01 27 06 1 06 27
20 113 2 13 34 00 0 04 57
20 114 0 00 35 04 1 05 35
20 115 1 08 16 02 1 06 16
20 116 2 02 37 03 1 04 37
20 117 0 10 13 02 1 05 13
20 118 1 11 50 05 1 06 50
20 119 2 17 57 04 1 04 57
20 120 0 13 66 03 1 06 66
20 121 1 10 43 04 1 06 43
20 122 2 05 42 01 1 04 42
20 123 0 05 17 05 1 06 17
20 124 1 09 30 03 1 06 30
20 125 2 02 37 03 1 04 37
20 126 0 04 12 01 1 06 12
20 127 1 03 65 00 1 06 65
20 128 2 05 42 01 1 04 42
20 129 0 10 13 02 1 06 13
20 130 1 08 16 02 1 07 16
20 131 2 13 34 00 1 04 34
20 132 0 03 33 00 1 06 33
20 133 1 01 27 06 1 07 27
20 134 2 17 57 04 1 04 57
20 135 0 00 35 04 1 06 35
20 136 1 11 50 05 1 07 50
20 137 2 00 32 02 1 04 32
20 138 0 06 23 06 1 06 23
20 139 1 13 46 07 1 07 46
20 140 2 02 37 03 1 05 37
20 141 0 03 33 00 1 07 33
20 142 1 17 45 01 1 07 45
20 143 2 15 47 05 1 05 47
20 144 0 00 35 04 1 07 35
20 145 1 09 30 03 1 07 30
20 146 2 00 32 02 1 05 32
20 147 0 13 66 03 1 07 66
20 148 1 03 65 00 1 07 65
20 149 2 17 57 04 1 05 57
20 150 0 05 17 05 1 07 17
20 151 1 10 43 04 1 07 43
20 152 2 13 34 00 1 05 34
20 153 0 09 25 07 1 07 25
20 154 1 08 16 02 1 08 16
20 155 2 05 42 01 1 05 42
20 156 0 10 13 02 1 07 13
20 157 1 09 30 03 1 08 30
20 158 2 00 32 02 1 06 32
20 159 0 06 23 06 1 07 23
20 160 1 10 43 04 1 08 43
20 161 2 11 44 06 0 06 34
20 162 0 04 12 01 1 07 12
20 163 1 13 46 07 1 08 46
20 164 2 17 57 04 1 06 57
20 165 0 03 33 00 1 08 33
20 166 1 12 53 08 0 08 56
20 167 2 02 37 03 1 06 37
20 168 0 04 12 01 1 08 12
20 169 1 03 65 00 1 08 65
20 170 2 05 42 01 1 06 42
20 171 0 06 23 06 1 08 23
20 172 1 17 45 01 1 08 45
20 173 2 13 34 00 0 06 44
20 174 0 17 51 08 0 08 55
20 175 1 11 50 05 0 08 43
20 176 2 15 47 05 0 06 57
20 177 0 00 35 04 1 08 35
20 178 1 01 27 06 1 08 27
20 179 2 13 34 00 0 06 44
20 180 0 10 13 02 1 08 13
20 181 1 17 45 01 1 08 45
20 182 2 15 47 05 1 06 47
20 183 0 13 66 03 1 08 66
20 184 1 12 53 08 1 08 53
20 185 2 02 37 03 1 06 37
20 186 0 09 25 07 1 08 25
20 187 1 13 46 07 1 08 46
20 188 2 00 32 02 1 06 32
20 189 0 05 17 05 1 08 17
20 190 1 11 50 05 1 08 50
20 191 2 17 57 04 1 06 57
20 192 0 09 25 07 1 08 25
20 193 1 08 16 02 1 08 16
20 194 2 11 44 06 1 06 44
20 195 0 17 51 08 1 08 51
20 196 1 03 65 00 1 08 65
20 197 2 05 42 01 1 06 42
20 198 0 00 35 04 1 08 35
20 199 1 09 30 03 1 08 30
20 200 2 00 32 02 1 06 32
20 201 0 10 13 02 1 08 13
20 202 1 10 43 04 1 08 43
20 203 2 17 57 04 1 06 57
20 204 0 06 23 06 1 08 23
20 205 1 01 27 06 1 08 27
20 206 2 11 44 06 1 06 44
20 207 0 03 33 00 1 08 33
20 208 1 10 43 04 1 09 43
20 209 2 13 34 00 0 06 47
20 210 0 05 17 05 1 08 17
20 211 1 08 16 02 1 09 16
20 212 2 05 42 01 1 06 42
20 213 0 13 66 03 1 08 66
20 214 1 09 30 03 1 09 30
20 215 2 15 47 05 0 06 57
20 216 0 04 12 01 1 08 12
20 217 1 17 45 01 1 09 45
20 218 2 02 37 03 1 06 37
20 219 0 06 23 06 1 09 23
20 220 1 13 46 07 1 09 46
20 221 2 13 34 00 1 06 34
20 222 0 10 13 02 1 09 13
20 223 1 12 53 08 1 09 53
20 224 2 17 57 04 1 06 57
20 225 0 00 35 04 1 09 35
20 226 1 01 27 06 1 09 27
20 227 2 00 32 02 1 06 32
20 228 0 09 25 07 1 09 25
20 229 1 07 68 09 1 09 68
20 230 2 02 37 03 1 06 37
20 231 0 13 66 03 1 09 66
20 232 1 03 65 00 1 09 65
20 233 2 05 42 01 1 06 42
20 234 0 04 12 01 1 09 12
20 235 1 11 50 05 1 09 50
20 236 2 15 47 05 0 06 57
20 237 0 05 17 05 1 09 17
20 238 1 01 27 06 1 10 27
20 239 2 11 44 06 1 06 44
20 240 0 03 33 00 1 09 33
20 241 1 03 65 00 1 10 65
20 242 2 17 57 04 1 06 57
20 243 0 11 41 09 0 09 43
20 244 1 02 73 10 1 10 73
20 245 2 02 37 03 1 06 37
20 246 0 17 51 08 1 09 51
20 247 1 11 50 05 1 10 50
20 248 2 13 34 00 1 06 34
20 249 0 04 12 01 1 09 12
20 250 1 13 46 07 1 10 46
20 251 2 00 32 02 1 06 32
20 252 0 03 33 00 1 09 33
20 253 1 17 45 01 1 10 45
20 254 2 05 42 01 1 06 42
20 255 0 17 51 08 1 09 51
20 256 1 09 30 03 1 10 30
20 257 2 15 47 05 1 06 47
20 258 0 13 66 03 1 09 66
20 259 1 07 68 09 1 10 68
20 260 2 11 44 06 0 06 34
20 261 0 06 23 06 1 09 23
20 262 1 12 53 08 1 10 53
20 263 2 11 44 06 0 06 34
20 264 0 09 25 07 1 09 25
20 265 1 10 43 04 1 10 43
20 266 2 13 34 00 1 06 34
20 267 0 10 13 02 0 09 17
20 268 1 08 16 02 1 10 16
20 269 2 17 57 04 1 06 57
20 270 0 00 35 04 1 09 35
20 271 1 11 50 05 1 11 50
20 272 2 05 42 01 1 06 42
20 273 0 05 17 05 1 09 17
20 274 1 09 30 03 1 11 30
20 275 2 00 32 02 1 06 32
20 276 0 11 41 09 1 09 41
20 277 1 07 68 09 1 11 68
20 278 2 15 47 05 1 06 47
20 279 0 04 12 01 1 09 12
20 280 1 03 65 00 1 11 65
20 281 2 02 37 03 1 06 37
20 282 0 10 13 02 1 09 13
20 283 1 12 53 08 1 11 53
20 284 2 11 44 06 1 06 44
20 285 0 00 35 04 1 09 35
20 286 1 02 73 10 1 11 73
20 287 2 13 34 00 1 06 34
20 288 0 09 25 07 1 09 25
20 289 1 01 27 06 1 11 27
20 290 2 00 32 02 1 06 32
20 291 0 03 33 00 1 09 33
20 292 1 10 43 04 1 11 43
20 293 2 05 42 01 1 06 42
20 294 0 05 17 05 1 09 17
20 295 1 17 45 01 1 11 45
20 296 2 15 47 05 1 06 47
20 297 0 17 51 08 1 09 51
20 298 1 08 16 02 1 11 16
20 299 2 17 57 04 1 06 57
