02 000 0 00 43 00 0 00 48
02 001 1 06 48 00 1 00 48
02 002 2 13 60 00 1 00 60
02 003 0 00 43 00 1 00 43
02 004 1 06 48 00 1 01 48
02 005 2 13 60 00 0 01 33
02 006 0 06 17 01 0 01 68
02 007 1 03 40 01 0 01 48
02 008 2 07 33 01 1 01 33
02 009 0 00 43 00 1 01 43
02 010 1 03 40 01 1 01 40
02 011 2 13 60 00 0 01 33
02 012 0 06 17 01 0 01 33
02 013 1 06 48 00 1 01 48
02 014 2 07 33 01 0 01 60
02 015 0 00 43 00 1 01 43
02 016 1 10 50 02 0 02 17
02 017 2 13 60 00 1 01 60
02 018 0 06 17 01 1 01 17
02 019 1 06 48 00 1 02 48
02 020 2 07 33 01 1 01 33
02 021 0 00 43 00 1 01 43
02 022 1 03 40 01 0 02 17
02 023 2 00 52 02 0 02 42
02 024 0 00 43 00 1 02 43
02 025 1 10 50 02 1 02 50
02 026 2 13 60 00 1 02 60
02 027 0 17 14 02 0 02 68
02 028 1 06 48 00 1 02 48
02 029 2 07 33 01 1 02 33
02 030 0 06 17 01 0 02 58
02 031 1 03 40 01 0 02 55
02 032 2 00 52 02 0 02 33
02 033 0 17 14 02 1 02 14
02 034 1 03 40 01 0 02 50
02 035 2 13 60 00 1 02 60
02 036 0 00 43 00 1 02 43
02 037 1 10 50 02 1 02 50
02 038 2 07 33 01 0 02 60
02 039 0 06 17 01 1 02 17
02 040 1 06 48 00 1 02 48
02 041 2 13 60 00 1 02 60
02 042 0 17 14 02 1 03 14
02 043 1 06 48 00 0 02 14
02 044 2 00 52 02 0 02 33
02 045 0 00 43 00 1 03 43
02 046 1 03 40 01 0 02 50
02 047 2 07 33 01 1 02 33
02 048 0 03 29 03 1 03 29
02 049 1 10 50 02 1 02 50
02 050 2 07 33 01 1 02 33
02 051 0 06 17 01 1 03 17
02 052 1 03 40 01 1 02 40
02 053 2 13 60 00 1 02 60
02 054 0 06 17 01 1 04 17
02 055 1 06 48 00 1 02 48
02 056 2 00 52 02 1 02 52
02 057 0 00 43 00 0 04 48
02 058 1 10 50 02 1 02 50
02 059 2 09 71 03 0 03 33
02 060 0 13 45 04 1 04 45
02 061 1 10 50 02 1 03 50
02 062 2 13 60 00 1 03 60
02 063 0 17 14 02 1 04 14
02 064 1 03 40 01 0 03 50
02 065 2 07 33 01 1 03 33
02 066 0 03 29 03 1 04 29
02 067 1 06 48 00 1 03 48
02 068 2 00 52 02 1 03 52
02 069 0 06 17 01 1 04 17
02 070 1 08 54 03 0 03 58
02 071 2 00 52 02 1 03 52
02 072 0 00 43 00 1 04 43
02 073 1 08 54 03 1 03 54
02 074 2 13 60 00 0 03 72
02 075 0 17 14 02 1 04 14
02 076 1 06 48 00 1 03 48
02 077 2 07 33 01 1 03 33
02 078 0 13 45 04 1 04 45
02 079 1 10 50 02 1 03 50
02 080 2 09 71 03 0 03 72
02 081 0 03 29 03 1 04 29
02 082 1 03 40 01 1 03 40
02 083 2 07 33 01 0 03 71
02 084 0 00 43 00 1 05 43
02 085 1 08 54 03 1 04 54
02 086 2 13 60 00 1 03 60
02 087 0 15 23 05 1 05 23
02 088 1 01 65 04 0 04 84
02 089 2 09 71 03 0 03 33
02 090 0 03 29 03 1 05 29
02 091 1 10 50 02 1 04 50
02 092 2 00 52 02 1 03 52
02 093 0 06 17 01 1 05 17
02 094 1 06 48 00 1 04 48
02 095 2 00 52 02 1 03 52
02 096 0 13 45 04 1 05 45
02 097 1 03 40 01 1 04 40
02 098 2 07 33 01 1 03 33
02 099 0 17 14 02 1 05 14
02 100 1 06 48 00 1 04 48
02 101 2 09 71 03 1 03 71
02 102 0 06 17 01 1 06 17
02 103 1 01 65 04 1 04 65
02 104 2 13 60 00 1 03 60
02 105 0 03 29 03 1 06 29
02 106 1 08 54 03 1 04 54
02 107 2 11 42 04 0 04 71
02 108 0 05 15 06 1 06 15
02 109 1 03 40 01 1 04 40
02 110 2 09 71 03 0 04 33
02 111 0 00 43 00 0 06 48
02 112 1 10 50 02 1 04 50
02 113 2 07 33 01 0 04 48
02 114 0 13 45 04 1 06 45
02 115 1 10 50 02 1 05 50
02 116 2 13 60 00 1 04 60
02 117 0 17 14 02 1 06 14
02 118 1 08 54 03 1 05 54
02 119 2 00 52 02 1 04 52
02 120 0 15 23 05 1 06 23
02 121 1 06 48 00 1 05 48
02 122 2 09 71 03 0 04 33
02 123 0 03 29 03 1 06 29
02 124 1 01 65 04 1 05 65
02 125 2 00 52 02 1 04 52
02 126 0 05 15 06 1 06 15
02 127 1 13 31 05 1 05 31
02 128 2 11 42 04 0 04 71
02 129 0 00 43 00 1 06 43
02 130 1 03 40 01 1 05 40
02 131 2 07 33 01 1 04 33
02 132 0 15 23 05 1 06 23
02 133 1 03 40 01 1 06 40
02 134 2 13 60 00 1 04 60
02 135 0 17 14 02 0 06 23
02 136 1 01 65 04 1 06 65
02 137 2 09 71 03 0 04 48
02 138 0 13 45 04 1 06 45
02 139 1 17 46 06 0 06 24
02 140 2 11 42 04 0 04 71
02 141 0 06 17 01 1 06 17
02 142 1 08 54 03 1 06 54
02 143 2 07 33 01 1 04 33
02 144 0 00 43 00 1 06 43
02 145 1 13 31 05 1 06 31
02 146 2 13 60 00 0 04 07
02 147 0 03 29 03 1 06 29
02 148 1 06 48 00 1 06 48
02 149 2 00 52 02 1 04 52
02 150 0 15 23 05 1 06 23
02 151 1 10 50 02 1 06 50
02 152 2 00 52 02 1 04 52
02 153 0 13 45 04 1 06 45
02 154 1 10 50 02 1 06 50
02 155 2 07 33 01 1 04 33
02 156 0 06 17 01 1 06 17
02 157 1 13 31 05 1 06 31
02 158 2 13 60 00 1 04 60
02 159 0 17 14 02 1 06 14
02 160 1 08 54 03 1 06 54
02 161 2 11 42 04 0 04 71
02 162 0 05 15 06 1 06 15
02 163 1 17 46 06 0 06 48
02 164 2 09 71 03 0 04 33
02 165 0 00 43 00 1 07 43
02 166 1 06 48 00 1 06 48
02 167 2 11 42 04 0 04 33
02 168 0 03 29 03 1 07 29
02 169 1 01 65 04 1 06 65
02 170 2 00 52 02 1 04 52
02 171 0 13 45 04 1 07 45
02 172 1 03 40 01 0 06 54
02 173 2 13 60 00 1 04 60
02 174 0 15 23 05 1 07 23
02 175 1 10 50 02 1 06 50
02 176 2 09 71 03 0 04 42
02 177 0 06 17 01 1 07 17
02 178 1 17 46 06 1 06 46
02 179 2 07 33 01 1 04 33
02 180 0 05 15 06 1 07 15
02 181 1 08 54 03 1 06 54
02 182 2 09 71 03 0 04 42
02 183 0 07 34 07 0 07 48
02 184 1 03 40 01 0 06 50
02 185 2 11 42 04 0 04 60
02 186 0 17 14 02 1 07 14
02 187 1 13 31 05 1 06 31
02 188 2 07 33 01 1 04 33
02 189 0 05 15 06 1 07 15
02 190 1 01 65 04 1 06 65
02 191 2 13 60 00 1 04 60
02 192 0 00 43 00 1 07 43
02 193 1 06 48 00 1 06 48
02 194 2 00 52 02 1 04 52
02 195 0 07 34 07 1 07 34
02 196 1 06 48 00 1 06 48
02 197 2 11 42 04 0 04 71
02 198 0 17 14 02 1 07 14
02 199 1 01 65 04 1 06 65
02 200 2 00 52 02 1 04 52
02 201 0 13 45 04 1 07 45
02 202 1 03 40 01 1 06 40
02 203 2 07 33 01 1 04 33
02 204 0 03 29 03 1 07 29
02 205 1 13 31 05 1 06 31
02 206 2 13 60 00 0 04 71
02 207 0 06 17 01 1 07 17
02 208 1 08 54 03 1 06 54
02 209 2 09 71 03 0 04 33
02 210 0 15 23 05 1 07 23
02 211 1 10 50 02 0 06 55
02 212 2 13 60 00 1 04 60
02 213 0 05 15 06 1 08 15
02 214 1 17 46 06 0 06 41
02 215 2 00 52 02 1 04 52
02 216 0 17 14 02 0 08 23
02 217 1 17 46 06 1 06 46
02 218 2 11 42 04 0 04 60
02 219 0 00 43 00 1 08 43
02 220 1 03 40 01 1 06 40
02 221 2 09 71 03 0 04 33
02 222 0 15 23 05 1 08 23
02 223 1 08 54 03 1 06 54
02 224 2 07 33 01 1 04 33
02 225 0 06 17 01 1 08 17
02 226 1 06 48 00 1 06 48
02 227 2 11 42 04 0 04 60
02 228 0 10 57 08 0 08 35
02 229 1 10 50 02 1 06 50
02 230 2 09 71 03 0 04 33
02 231 0 07 34 07 0 08 49
02 232 1 13 31 05 0 06 34
02 233 2 13 60 00 1 04 60
02 234 0 13 45 04 1 08 45
02 235 1 01 65 04 1 06 65
02 236 2 00 52 02 1 04 52
02 237 0 03 29 03 1 08 29
02 238 1 03 40 01 1 06 40
02 239 2 07 33 01 1 04 33
02 240 0 17 14 02 1 08 14
02 241 1 08 54 03 1 06 54
02 242 2 07 33 01 1 04 33
02 243 0 03 29 03 1 08 29
02 244 1 10 50 02 1 06 50
02 245 2 11 42 04 0 04 71
02 246 0 05 15 06 1 08 15
02 247 1 01 65 04 1 06 65
02 248 2 13 60 00 1 04 60
02 249 0 10 57 08 1 08 57
02 250 1 17 46 06 1 06 46
02 251 2 00 52 02 1 04 52
02 252 0 06 17 01 1 08 17
02 253 1 13 31 05 1 06 31
02 254 2 09 71 03 1 04 71
02 255 0 13 45 04 1 08 45
02 256 1 06 48 00 1 06 48
02 257 2 11 42 04 1 04 42
02 258 0 15 23 05 1 08 23
02 259 1 08 54 03 1 07 54
02 260 2 07 33 01 1 04 33
02 261 0 00 43 00 1 08 43
02 262 1 03 40 01 1 07 40
02 263 2 13 60 00 1 04 60
02 264 0 07 34 07 0 08 57
02 265 1 17 46 06 0 07 31
02 266 2 09 71 03 0 04 33
02 267 0 00 43 00 1 08 43
02 268 1 01 65 04 1 07 65
02 269 2 00 52 02 1 04 52
02 270 0 07 34 07 0 08 57
02 271 1 06 48 00 1 07 48
02 272 2 09 71 03 1 04 71
02 273 0 15 23 05 1 08 23
02 274 1 11 49 07 1 07 49
02 275 2 07 33 01 1 04 33
02 276 0 17 14 02 1 08 14
02 277 1 10 50 02 1 07 50
02 278 2 00 52 02 1 04 52
02 279 0 05 15 06 1 08 15
02 280 1 13 31 05 1 07 31
02 281 2 13 60 00 1 04 60
02 282 0 10 57 08 0 08 67
02 283 1 03 40 01 0 07 50
02 284 2 11 42 04 1 04 42
02 285 0 13 45 04 1 08 45
02 286 1 06 48 00 1 07 48
02 287 2 11 42 04 0 05 60
02 288 0 03 29 03 1 08 29
02 289 1 10 50 02 1 07 50
02 290 2 13 60 00 1 05 60
02 291 0 06 17 01 1 08 17
02 292 1 17 46 06 0 07 31
02 293 2 05 67 05 0 05 33
02 294 0 15 23 05 1 08 23
02 295 1 01 65 04 1 07 65
02 296 2 09 71 03 1 05 71
02 297 0 13 45 04 1 08 45
02 298 1 11 49 07 1 07 49
02 299 2 00 52 02 1 05 52
