26 000 0 07 69 00 1 00 69
26 001 1 12 47 00 1 00 47
26 002 2 11 58 00 1 00 58
26 003 0 07 69 00 1 01 69
26 004 1 03 14 01 1 01 14
26 005 2 11 58 00 1 01 58
26 006 0 12 72 01 1 01 72
26 007 1 12 47 00 1 01 47
26 008 2 03 12 01 1 01 12
26 009 0 12 72 01 1 02 72
26 010 1 12 47 00 1 02 47
26 011 2 03 12 01 0 02 38
26 012 0 17 30 02 1 02 30
26 013 1 07 52 02 1 02 52
26 014 2 02 38 02 1 02 38
26 015 0 07 69 00 1 02 69
26 016 1 03 14 01 1 02 14
26 017 2 11 58 00 1 02 58
26 018 0 07 69 00 1 03 69
26 019 1 03 14 01 1 03 14
26 020 2 02 38 02 1 02 38
26 021 0 17 30 02 1 03 30
26 022 1 12 47 00 1 03 47
26 023 2 03 12 01 1 02 12
26 024 0 15 36 03 1 03 36
26 025 1 07 52 02 1 03 52
26 026 2 11 58 00 1 02 58
26 027 0 12 72 01 1 03 72
26 028 1 08 16 03 1 03 16
26 029 2 02 38 02 0 03 12
26 030 0 15 36 03 1 04 36
26 031 1 07 52 02 1 04 52
26 032 2 15 65 03 0 03 58
26 033 0 12 72 01 1 04 72
26 034 1 08 16 03 1 04 16
26 035 2 03 12 01 1 03 12
26 036 0 17 30 02 1 04 30
26 037 1 12 47 00 1 04 47
26 038 2 11 58 00 1 03 58
26 039 0 06 27 04 0 04 32
26 040 1 15 51 04 1 04 51
26 041 2 15 65 03 1 03 65
26 042 0 07 69 00 1 04 69
26 043 1 03 14 01 0 04 16
26 044 2 02 38 02 0 03 12
26 045 0 15 36 03 1 04 36
26 046 1 15 51 04 1 04 51
26 047 2 03 12 01 0 03 23
26 048 0 17 30 02 0 04 36
26 049 1 07 52 02 1 04 52
26 050 2 11 58 00 1 03 58
26 051 0 07 69 00 1 04 69
26 052 1 03 14 01 1 04 14
26 053 2 11 58 00 1 03 58
26 054 0 06 27 04 0 04 30
26 055 1 12 47 00 1 04 47
26 056 2 03 12 01 0 03 38
26 057 0 12 72 01 1 04 72
26 058 1 08 16 03 1 04 16
26 059 2 02 38 02 0 03 12
26 060 0 07 69 00 1 04 69
26 061 1 07 52 02 1 05 52
26 062 2 15 65 03 1 03 65
26 063 0 06 27 04 1 04 27
26 064 1 06 63 05 0 05 62
26 065 2 02 38 02 0 03 12
26 066 0 15 36 03 1 04 36
26 067 1 12 47 00 1 05 47
26 068 2 15 65 03 1 03 65
26 069 0 17 30 02 0 04 36
26 070 1 03 14 01 1 05 14
26 071 2 03 12 01 1 03 12
26 072 0 12 72 01 1 04 72
26 073 1 15 51 04 1 05 51
26 074 2 11 58 00 1 03 58
26 075 0 17 30 02 1 04 30
26 076 1 08 16 03 1 05 16
26 077 2 11 58 00 1 03 58
26 078 0 07 69 00 1 04 69
26 079 1 12 47 00 1 05 47
26 080 2 03 12 01 0 03 38
26 081 0 06 27 04 0 04 32
26 082 1 06 63 05 1 05 63
26 083 2 15 65 03 1 03 65
26 084 0 12 72 01 1 04 72
26 085 1 07 52 02 1 05 52
26 086 2 02 38 02 1 03 38
26 087 0 15 36 03 1 04 36
26 088 1 03 14 01 0 05 16
26 089 2 11 58 00 1 03 58
26 090 0 07 69 00 1 04 69
26 091 1 08 16 03 1 05 16
26 092 2 02 38 02 1 03 38
26 093 0 15 36 03 1 04 36
26 094 1 15 51 04 1 05 51
26 095 2 03 12 01 1 03 12
26 096 0 06 27 04 1 04 27
26 097 1 08 16 03 0 05 14
26 098 2 15 65 03 1 03 65
26 099 0 17 30 02 1 04 30
26 100 1 06 63 05 1 05 63
26 101 2 15 65 03 1 04 65
26 102 0 12 72 01 1 04 72
26 103 1 15 51 04 1 05 51
26 104 2 11 58 00 1 04 58
26 105 0 17 30 02 1 05 30
26 106 1 07 52 02 1 05 52
26 107 2 02 38 02 1 04 38
26 108 0 15 36 03 1 05 36
26 109 1 12 47 00 1 05 47
26 110 2 10 17 04 0 04 58
26 111 0 12 72 01 1 05 72
26 112 1 03 14 01 1 05 14
26 113 2 03 12 01 1 04 12
26 114 0 06 27 04 1 05 27
26 115 1 08 16 03 1 05 16
26 116 2 10 17 04 0 04 58
26 117 0 07 69 00 1 05 69
26 118 1 12 47 00 1 05 47
26 119 2 11 58 00 1 04 58
26 120 0 04 62 05 1 05 62
26 121 1 06 63 05 0 05 51
26 122 2 02 38 02 0 04 01
26 123 0 07 69 00 1 06 69
26 124 1 15 51 04 1 05 51
26 125 2 03 12 01 0 04 38
26 126 0 17 30 02 1 06 30
26 127 1 07 52 02 1 05 52
26 128 2 15 65 03 1 04 65
26 129 0 06 27 04 1 06 27
26 130 1 03 14 01 1 05 14
26 131 2 02 38 02 0 04 12
26 132 0 04 62 05 1 06 62
26 133 1 15 51 04 1 05 51
26 134 2 10 17 04 0 04 58
26 135 0 15 36 03 1 06 36
26 136 1 12 47 00 1 05 47
26 137 2 15 65 03 1 04 65
26 138 0 08 20 06 0 06 52
26 139 1 06 63 05 0 05 62
26 140 2 03 12 01 0 04 38
26 141 0 12 72 01 1 06 72
26 142 1 08 16 03 1 05 16
26 143 2 11 58 00 0 04 65
26 144 0 12 72 01 1 06 72
26 145 1 07 52 02 1 05 52
26 146 2 10 17 04 0 04 58
26 147 0 06 27 04 1 06 27
26 148 1 03 14 01 1 05 14
26 149 2 11 58 00 1 04 58
26 150 0 07 69 00 1 06 69
26 151 1 07 52 02 0 05 51
26 152 2 03 12 01 1 04 12
26 153 0 17 30 02 1 06 30
26 154 1 08 16 03 1 05 16
26 155 2 15 65 03 1 04 65
26 156 0 15 36 03 1 06 36
26 157 1 12 47 00 1 05 47
26 158 2 02 38 02 0 04 12
26 159 0 08 20 06 1 06 20
26 160 1 06 63 05 1 05 63
26 161 2 03 12 01 0 04 38
26 162 0 04 62 05 1 06 62
26 163 1 15 51 04 1 05 51
26 164 2 02 38 02 1 04 38
26 165 0 07 69 00 1 07 69
26 166 1 03 14 01 1 05 14
26 167 2 11 58 00 0 04 17
26 168 0 06 27 04 1 07 27
26 169 1 03 14 01 1 05 14
26 170 2 10 17 04 1 04 17
26 171 0 15 36 03 1 07 36
26 172 1 07 52 02 1 05 52
26 173 2 15 65 03 1 04 65
26 174 0 12 72 01 1 07 72
26 175 1 06 63 05 1 05 63
26 176 2 11 58 00 0 04 17
26 177 0 10 28 07 1 07 28
26 178 1 15 51 04 1 05 51
26 179 2 02 38 02 1 04 38
26 180 0 08 20 06 1 07 20
26 181 1 12 47 00 1 05 47
26 182 2 03 12 01 0 04 38
26 183 0 17 30 02 1 07 30
26 184 1 08 16 03 1 05 16
26 185 2 15 65 03 1 04 65
26 186 0 04 62 05 0 07 52
26 187 1 04 25 06 1 06 25
26 188 2 10 17 04 1 04 17
26 189 0 10 28 07 1 07 28
26 190 1 07 52 02 1 06 52
26 191 2 03 12 01 0 04 38
26 192 0 08 20 06 1 07 20
26 193 1 08 16 03 1 06 16
26 194 2 15 65 03 1 04 65
26 195 0 07 69 00 1 07 69
26 196 1 15 51 04 1 06 51
26 197 2 02 38 02 1 04 38
26 198 0 15 36 03 1 07 36
26 199 1 03 14 01 1 06 14
26 200 2 11 58 00 0 04 17
26 201 0 06 27 04 1 07 27
26 202 1 12 47 00 1 06 47
26 203 2 10 17 04 1 04 17
26 204 0 04 62 05 1 07 62
26 205 1 06 63 05 1 06 63
26 206 2 10 17 04 1 04 17
26 207 0 17 30 02 1 07 30
26 208 1 04 25 06 1 07 25
26 209 2 03 12 01 1 04 12
26 210 0 12 72 01 1 07 72
26 211 1 03 14 01 1 07 14
26 212 2 02 38 02 1 04 38
26 213 0 04 62 05 0 08 52
26 214 1 08 16 03 1 07 16
26 215 2 11 58 00 0 04 65
26 216 0 15 36 03 0 08 03
26 217 1 12 47 00 1 07 47
26 218 2 15 65 03 1 04 65
26 219 0 17 30 02 1 08 30
26 220 1 11 42 07 0 07 26
26 221 2 15 65 03 1 04 65
26 222 0 06 27 04 1 08 27
26 223 1 06 63 05 0 07 53
26 224 2 10 17 04 1 04 17
26 225 0 10 28 07 1 08 28
26 226 1 15 51 04 1 07 51
26 227 2 03 12 01 0 04 38
26 228 0 08 20 06 1 08 20
26 229 1 07 52 02 1 07 52
26 230 2 11 58 00 0 04 17
26 231 0 07 69 00 1 08 69
26 232 1 04 25 06 0 07 24
26 233 2 02 38 02 1 04 38
26 234 0 12 72 01 1 08 72
26 235 1 07 52 02 1 07 52
26 236 2 03 12 01 1 04 12
26 237 0 14 24 08 0 08 64
26 238 1 06 63 05 1 07 63
26 239 2 10 17 04 0 04 58
26 240 0 15 36 03 1 08 36
26 241 1 08 16 03 1 07 16
26 242 2 15 65 03 1 04 65
26 243 0 14 24 08 0 08 52
26 244 1 11 42 07 0 07 06
26 245 2 11 58 00 0 04 17
26 246 0 08 20 06 1 08 20
26 247 1 12 47 00 1 07 47
26 248 2 02 38 02 1 04 38
26 249 0 04 62 05 0 08 52
26 250 1 03 14 01 1 07 14
26 251 2 03 12 01 1 04 12
26 252 0 07 69 00 1 08 69
26 253 1 15 51 04 1 07 51
26 254 2 11 58 00 1 04 58
26 255 0 12 72 01 1 08 72
26 256 1 08 16 03 1 07 16
26 257 2 10 17 04 1 04 17
26 258 0 06 27 04 1 08 27
26 259 1 07 52 02 1 07 52
26 260 2 15 65 03 1 04 65
26 261 0 17 30 02 1 08 30
26 262 1 15 51 04 1 07 51
26 263 2 02 38 02 1 04 38
26 264 0 10 28 07 1 08 28
26 265 1 11 42 07 0 07 64
26 266 2 02 38 02 1 05 38
26 267 0 07 69 00 1 08 69
26 268 1 03 14 01 1 07 14
26 269 2 11 58 00 1 05 58
26 270 0 14 24 08 1 08 24
26 271 1 12 47 00 1 07 47
26 272 2 07 43 05 0 05 17
26 273 0 04 62 05 0 08 53
26 274 1 04 25 06 1 07 25
26 275 2 03 12 01 0 05 38
26 276 0 06 27 04 1 08 27
26 277 1 06 63 05 1 07 63
26 278 2 15 65 03 1 05 65
26 279 0 12 72 01 1 08 72
26 280 1 06 63 05 1 07 63
26 281 2 10 17 04 0 05 58
26 282 0 10 28 07 1 08 28
26 283 1 08 16 03 1 07 16
26 284 2 11 58 00 1 05 58
26 285 0 17 30 02 1 08 30
26 286 1 12 47 00 1 07 47
26 287 2 03 12 01 1 05 12
26 288 0 08 20 06 1 08 20
26 289 1 11 42 07 1 07 42
26 290 2 10 17 04 0 05 43
26 291 0 15 36 03 1 08 36
26 292 1 04 25 06 1 07 25
26 293 2 02 38 02 1 05 38
26 294 0 17 30 02 1 08 30
26 295 1 07 52 02 1 07 52
26 296 2 07 43 05 0 05 17
26 297 0 12 72 01 1 08 72
26 298 1 03 14 01 1 07 14
26 299 2 15 65 03 1 05 65
