14 000 0 00 56 00 0 00 05
14 001 1 12 77 00 1 00 77
14 002 2 09 71 00 1 00 71
14 003 0 00 56 00 1 00 56
14 004 1 12 77 00 0 01 46
14 005 2 09 71 00 0 01 61
14 006 0 00 56 00 1 01 56
14 007 1 05 46 01 0 01 56
14 008 2 15 63 01 0 01 06
14 009 0 03 30 01 1 01 30
14 010 1 12 77 00 1 01 77
14 011 2 15 63 01 0 01 71
14 012 0 03 30 01 1 02 30
14 013 1 05 46 01 1 01 46
14 014 2 09 71 00 0 01 77
14 015 0 00 56 00 1 02 56
14 016 1 12 77 00 1 02 77
14 017 2 15 63 01 1 01 63
14 018 0 10 70 02 0 02 26
14 019 1 03 23 02 1 02 23
14 020 2 09 71 00 1 01 71
14 021 0 03 30 01 1 02 30
14 022 1 05 46 01 1 02 46
14 023 2 09 71 00 1 02 71
14 024 0 00 56 00 1 02 56
14 025 1 03 23 02 1 03 23
14 026 2 08 67 02 0 02 63
14 027 0 10 70 02 0 02 76
14 028 1 05 46 01 1 03 46
14 029 2 15 63 01 1 02 63
14 030 0 03 30 01 1 02 30
14 031 1 12 77 00 1 03 77
14 032 2 09 71 00 1 02 71
14 033 0 00 56 00 1 02 56
14 034 1 02 14 03 1 03 14
14 035 2 15 63 01 1 02 63
14 036 0 10 70 02 0 02 30
14 037 1 04 53 04 1 04 53
14 038 2 08 67 02 0 02 63
14 039 0 03 30 01 1 02 30
14 040 1 05 46 01 1 04 46
14 041 2 15 63 01 1 02 63
14 042 0 00 56 00 1 02 56
14 043 1 03 23 02 1 04 23
14 044 2 08 67 02 1 02 67
14 045 0 10 70 02 1 02 70
14 046 1 02 14 03 1 04 14
14 047 2 09 71 00 1 02 71
14 048 0 06 68 03 1 03 68
14 049 1 12 77 00 1 04 77
14 050 2 15 63 01 1 03 63
14 051 0 10 70 02 1 03 70
14 052 1 12 77 00 1 05 77
14 053 2 08 67 02 1 03 67
14 054 0 03 30 01 1 03 30
14 055 1 03 23 02 1 05 23
14 056 2 09 71 00 1 03 71
14 057 0 00 56 00 1 03 56
14 058 1 05 46 01 0 05 44
14 059 2 02 59 03 0 03 57
14 060 0 05 37 04 1 04 37
14 061 1 02 14 03 0 05 44
14 062 2 15 63 01 1 03 63
14 063 0 10 70 02 1 04 70
14 064 1 14 41 05 1 05 41
14 065 2 08 67 02 0 03 71
14 066 0 03 30 01 1 04 30
14 067 1 04 53 04 0 05 46
14 068 2 09 71 00 1 03 71
14 069 0 00 56 00 1 04 56
14 070 1 12 77 00 1 05 77
14 071 2 02 59 03 1 03 59
14 072 0 06 68 03 0 04 37
14 073 1 02 14 03 1 05 14
14 074 2 15 63 01 1 03 63
14 075 0 10 70 02 1 04 70
14 076 1 03 23 02 1 05 23
14 077 2 08 67 02 0 03 68
14 078 0 03 30 01 1 04 30
14 079 1 14 41 05 1 05 41
14 080 2 09 71 00 1 03 71
14 081 0 06 68 03 1 04 68
14 082 1 05 46 01 0 05 14
14 083 2 02 59 03 1 03 59
14 084 0 05 37 04 0 04 58
14 085 1 04 53 04 0 05 58
14 086 2 02 59 03 1 03 59
14 087 0 00 56 00 1 04 56
14 088 1 03 23 02 1 05 23
14 089 2 09 71 00 1 03 71
14 090 0 06 68 03 0 04 58
14 091 1 14 41 05 1 05 41
14 092 2 15 63 01 1 03 63
14 093 0 03 30 01 1 04 30
14 094 1 12 77 00 1 05 77
14 095 2 08 67 02 0 03 71
14 096 0 05 37 04 1 04 37
14 097 1 02 14 03 1 05 14
14 098 2 02 59 03 1 03 59
14 099 0 10 70 02 1 04 70
14 100 1 05 46 01 0 05 14
14 101 2 08 67 02 0 03 71
14 102 0 00 56 00 1 04 56
14 103 1 04 53 04 1 05 53
14 104 2 15 63 01 1 03 63
14 105 0 05 37 04 1 04 37
14 106 1 04 53 04 1 05 53
14 107 2 09 71 00 0 03 67
14 108 0 00 56 00 1 04 56
14 109 1 05 46 01 1 05 46
14 110 2 02 59 03 1 03 59
14 111 0 06 68 03 1 04 68
14 112 1 03 23 02 1 05 23
14 113 2 08 67 02 1 03 67
14 114 0 10 70 02 1 04 70
14 115 1 14 41 05 1 05 41
14 116 2 15 63 01 1 03 63
14 117 0 03 30 01 1 04 30
14 118 1 02 14 03 1 05 14
14 119 2 09 71 00 1 03 71
14 120 0 03 30 01 1 05 30
14 121 1 12 77 00 1 05 77
14 122 2 02 59 03 1 04 59
14 123 0 06 68 03 1 05 68
14 124 1 14 41 05 1 06 41
14 125 2 08 67 02 1 04 67
14 126 0 05 37 04 1 05 37
14 127 1 04 53 04 0 06 56
14 128 2 13 24 04 1 04 24
14 129 0 15 12 05 1 05 12
14 130 1 16 15 06 1 06 15
14 131 2 15 63 01 1 04 63
14 132 0 10 70 02 1 05 70
14 133 1 05 46 01 1 06 46
14 134 2 09 71 00 0 04 67
14 135 0 00 56 00 1 05 56
14 136 1 12 77 00 1 06 77
14 137 2 09 71 00 1 04 71
14 138 0 03 30 01 1 06 30
14 139 1 02 14 03 1 06 14
14 140 2 13 24 04 1 04 24
14 141 0 15 12 05 1 06 12
14 142 1 03 23 02 1 06 23
14 143 2 08 67 02 0 04 71
14 144 0 05 37 04 1 06 37
14 145 1 16 15 06 1 06 15
14 146 2 15 63 01 1 04 63
14 147 0 12 29 06 1 06 29
14 148 1 05 46 01 1 06 46
14 149 2 02 59 03 1 04 59
14 150 0 10 70 02 1 06 70
14 151 1 03 23 02 1 06 23
14 152 2 02 59 03 1 04 59
14 153 0 06 68 03 1 06 68
14 154 1 12 77 00 1 06 77
14 155 2 15 63 01 1 04 63
14 156 0 00 56 00 1 06 56
14 157 1 02 14 03 0 06 46
14 158 2 13 24 04 1 04 24
14 159 0 03 30 01 1 07 30
14 160 1 14 41 05 1 06 41
14 161 2 09 71 00 0 04 67
14 162 0 00 56 00 1 07 56
14 163 1 04 53 04 1 06 53
14 164 2 08 67 02 1 04 67
14 165 0 12 29 06 1 07 29
14 166 1 16 15 06 1 06 15
14 167 2 13 24 04 0 04 63
14 168 0 10 70 02 1 07 70
14 169 1 04 53 04 1 06 53
14 170 2 09 71 00 1 04 71
14 171 0 05 37 04 0 07 31
14 172 1 12 77 00 1 06 77
14 173 2 08 67 02 1 04 67
14 174 0 06 68 03 1 07 68
14 175 1 14 41 05 1 06 41
14 176 2 02 59 03 1 04 59
14 177 0 04 18 07 1 07 18
14 178 1 03 23 02 1 06 23
14 179 2 15 63 01 1 04 63
14 180 0 15 12 05 1 07 12
14 181 1 05 46 01 1 06 46
14 182 2 15 63 01 0 04 24
14 183 0 04 18 07 1 07 18
14 184 1 02 14 03 1 06 14
14 185 2 02 59 03 1 04 59
14 186 0 03 30 01 1 07 30
14 187 1 03 23 02 1 07 23
14 188 2 08 67 02 0 04 71
14 189 0 10 70 02 1 07 70
14 190 1 12 77 00 1 07 77
14 191 2 13 24 04 1 04 24
14 192 0 00 56 00 1 07 56
14 193 1 13 11 07 1 07 11
14 194 2 09 71 00 0 04 67
14 195 0 06 68 03 1 07 68
14 196 1 02 14 03 1 07 14
14 197 2 08 67 02 1 04 67
14 198 0 15 12 05 1 07 12
14 199 1 04 53 04 1 07 53
14 200 2 02 59 03 1 04 59
14 201 0 12 29 06 1 07 29
14 202 1 05 46 01 1 07 46
14 203 2 15 63 01 1 04 63
14 204 0 05 37 04 1 07 37
14 205 1 14 41 05 1 07 41
14 206 2 13 24 04 1 04 24
14 207 0 05 37 04 1 08 37
14 208 1 16 15 06 1 07 15
14 209 2 09 71 00 0 04 67
14 210 0 06 68 03 1 08 68
14 211 1 16 15 06 1 08 15
14 212 2 15 63 01 0 04 24
14 213 0 15 12 05 1 08 12
14 214 1 03 23 02 1 08 23
14 215 2 13 24 04 1 04 24
14 216 0 14 25 08 0 08 29
14 217 1 04 53 04 1 08 53
14 218 2 02 59 03 1 04 59
14 219 0 10 70 02 1 08 70
14 220 1 12 77 00 1 08 77
14 221 2 09 71 00 0 04 67
14 222 0 04 18 07 1 08 18
14 223 1 02 14 03 1 08 14
14 224 2 08 67 02 1 04 67
14 225 0 03 30 01 1 08 30
14 226 1 05 46 01 1 08 46
14 227 2 15 63 01 1 04 63
14 228 0 00 56 00 1 08 56
14 229 1 13 11 07 1 08 11
14 230 2 13 24 04 1 04 24
14 231 0 12 29 06 0 08 39
14 232 1 06 79 08 0 08 75
14 233 2 09 71 00 0 04 67
14 234 0 12 29 06 0 08 39
14 235 1 14 41 05 1 08 41
14 236 2 08 67 02 0 04 71
14 237 0 00 56 00 1 08 56
14 238 1 16 15 06 1 08 15
14 239 2 02 59 03 1 04 59
14 240 0 15 12 05 1 08 12
14 241 1 04 53 04 1 08 53
14 242 2 02 59 03 1 04 59
14 243 0 03 30 01 1 08 30
14 244 1 13 11 07 1 08 11
14 245 2 15 63 01 1 04 63
14 246 0 04 18 07 1 08 18
14 247 1 05 46 01 1 08 46
14 248 2 08 67 02 1 04 67
14 249 0 05 37 04 0 08 17
14 250 1 12 77 00 1 08 77
14 251 2 13 24 04 1 04 24
14 252 0 10 70 02 1 08 70
14 253 1 03 23 02 1 08 23
14 254 2 09 71 00 1 04 71
14 255 0 06 68 03 1 08 68
14 256 1 02 14 03 1 08 14
14 257 2 02 59 03 1 05 59
14 258 0 14 25 08 1 08 25
14 259 1 06 79 08 1 08 79
14 260 2 08 67 02 1 05 67
14 261 0 05 37 04 1 08 37
14 262 1 14 41 05 1 08 41
14 263 2 16 61 05 0 05 63
14 264 0 03 30 01 1 08 30
14 265 1 06 79 08 1 09 79
14 266 2 15 63 01 0 05 61
14 267 0 15 12 05 1 08 12
14 268 1 07 34 09 1 09 34
14 269 2 09 71 00 0 05 67
14 270 0 04 18 07 1 08 18
14 271 1 05 46 01 1 09 46
14 272 2 13 24 04 1 05 24
14 273 0 14 25 08 1 08 25
14 274 1 14 41 05 1 09 41
14 275 2 13 24 04 1 05 24
14 276 0 00 56 00 1 08 56
14 277 1 04 53 04 1 09 53
14 278 2 02 59 03 1 05 59
14 279 0 06 68 03 1 08 68
14 280 1 03 23 02 1 09 23
14 281 2 16 61 05 0 05 63
14 282 0 10 70 02 1 08 70
14 283 1 16 15 06 1 09 15
14 284 2 09 71 00 0 05 67
14 285 0 12 29 06 1 08 29
14 286 1 12 77 00 1 09 77
14 287 2 15 63 01 1 05 63
14 288 0 07 74 09 1 09 74
14 289 1 02 14 03 1 09 14
14 290 2 08 67 02 0 05 71
14 291 0 05 37 04 1 09 37
14 292 1 13 11 07 1 09 11
14 293 2 08 67 02 0 05 71
14 294 0 04 18 07 1 09 18
14 295 1 06 79 08 1 10 79
14 296 2 13 24 04 1 05 24
14 297 0 06 68 03 1 09 68
14 298 1 15 19 10 1 10 19
14 299 2 15 63 01 0 05 61
