12 000 0 00 71 00 0 00 00
12 001 1 12 56 00 1 00 56
12 002 2 09 77 00 0 00 70
12 003 0 00 71 00 0 00 76
12 004 1 12 56 00 0 01 36
12 005 2 09 77 00 1 00 77
12 006 0 00 71 00 0 00 00
12 007 1 05 30 01 0 01 00
12 008 2 09 77 00 0 01 00
12 009 0 00 71 00 0 00 00
12 010 1 05 30 01 0 01 00
12 011 2 15 46 01 0 01 00
12 012 0 00 71 00 0 00 00
12 013 1 12 56 00 0 01 00
12 014 2 09 77 00 0 01 00
12 015 0 00 71 00 0 00 00
12 016 1 05 30 01 0 01 00
12 017 2 15 46 01 0 01 00
12 018 0 00 71 00 0 00 00
12 019 1 12 56 00 0 01 00
12 020 2 09 77 00 0 01 00
12 021 0 00 71 00 0 00 00
12 022 1 05 30 01 0 01 00
12 023 2 15 46 01 0 01 00
12 024 0 00 71 00 0 00 00
12 025 1 12 56 00 0 01 00
12 026 2 15 46 01 0 01 00
12 027 0 00 71 00 0 00 00
12 028 1 05 30 01 0 01 46
12 029 2 09 77 00 1 01 77
12 030 0 00 71 00 1 00 71
12 031 1 12 56 00 0 01 30
12 032 2 15 46 01 1 01 46
12 033 0 00 71 00 1 01 71
12 034 1 12 56 00 1 01 56
12 035 2 09 77 00 1 01 77
12 036 0 03 63 01 1 01 63
12 037 1 05 30 01 1 01 30
12 038 2 08 23 02 1 02 23
12 039 0 00 71 00 1 02 71
12 040 1 05 30 01 1 02 30
12 041 2 09 77 00 1 02 77
12 042 0 10 67 02 1 02 67
12 043 1 03 70 02 1 02 70
12 044 2 15 46 01 1 02 46
12 045 0 03 63 01 0 02 00
12 046 1 12 56 00 1 02 56
12 047 2 15 46 01 1 03 46
12 048 0 03 63 01 1 02 63
12 049 1 05 30 01 1 03 30
12 050 2 02 14 03 1 03 14
12 051 0 10 67 02 1 02 67
12 052 1 03 70 02 1 03 70
12 053 2 09 77 00 0 03 23
12 054 0 00 71 00 1 02 71
12 055 1 12 56 00 1 03 56
12 056 2 08 23 02 1 03 23
12 057 0 10 67 02 1 03 67
12 058 1 02 68 03 1 03 68
12 059 2 15 46 01 1 03 46
12 060 0 03 63 01 1 03 63
12 061 1 03 70 02 1 04 70
12 062 2 08 23 02 0 03 46
12 063 0 00 71 00 1 03 71
12 064 1 12 56 00 1 04 56
12 065 2 09 77 00 1 03 77
12 066 0 06 59 03 1 03 59
12 067 1 05 30 01 1 04 30
12 068 2 02 14 03 1 03 14
12 069 0 06 59 03 1 04 59
12 070 1 02 68 03 1 04 68
12 071 2 08 23 02 1 03 23
12 072 0 03 63 01 1 04 63
12 073 1 04 37 04 0 04 27
12 074 2 15 46 01 1 03 46
12 075 0 10 67 02 0 04 04
12 076 1 03 70 02 1 04 70
12 077 2 09 77 00 0 03 23
12 078 0 00 71 00 1 04 71
12 079 1 12 56 00 1 04 56
12 080 2 02 14 03 1 03 14
12 081 0 05 24 04 0 04 69
12 082 1 05 30 01 1 04 30
12 083 2 09 77 00 1 03 77
12 084 0 05 24 04 1 04 24
12 085 1 02 68 03 1 04 68
12 086 2 15 46 01 1 03 46
12 087 0 03 63 01 1 04 63
12 088 1 04 37 04 0 04 38
12 089 2 02 14 03 1 03 14
12 090 0 00 71 00 1 04 71
12 091 1 12 56 00 1 04 56
12 092 2 08 23 02 1 03 23
12 093 0 06 59 03 1 04 59
12 094 1 03 70 02 1 04 70
12 095 2 02 14 03 1 04 14
12 096 0 10 67 02 1 04 67
12 097 1 04 37 04 1 04 37
12 098 2 15 46 01 0 04 56
12 099 0 05 24 04 0 05 34
12 100 1 02 68 03 1 04 68
12 101 2 08 23 02 1 04 23
12 102 0 15 61 05 1 05 61
12 103 1 05 30 01 1 04 30
12 104 2 09 77 00 1 04 77
12 105 0 06 59 03 1 05 59
12 106 1 12 56 00 1 05 56
12 107 2 13 53 04 0 04 46
12 108 0 03 63 01 1 05 63
12 109 1 14 12 05 1 05 12
12 110 2 13 53 04 0 04 54
12 111 0 10 67 02 1 05 67
12 112 1 05 30 01 1 05 30
12 113 2 15 46 01 1 04 46
12 114 0 00 71 00 1 05 71
12 115 1 03 70 02 1 05 70
12 116 2 08 23 02 1 04 23
12 117 0 10 67 02 1 05 67
12 118 1 02 68 03 1 05 68
12 119 2 09 77 00 0 04 23
12 120 0 06 59 03 1 05 59
12 121 1 04 37 04 1 05 37
12 122 2 02 14 03 1 04 14
12 123 0 05 24 04 0 05 34
12 124 1 12 56 00 1 06 56
12 125 2 02 14 03 1 04 14
12 126 0 00 71 00 1 05 71
12 127 1 05 30 01 1 06 30
12 128 2 15 46 01 1 04 46
12 129 0 03 63 01 1 05 63
12 130 1 16 29 06 1 06 29
12 131 2 09 77 00 0 04 46
12 132 0 15 61 05 1 05 61
12 133 1 14 12 05 1 06 12
12 134 2 08 23 02 1 04 23
12 135 0 15 61 05 1 05 61
12 136 1 03 70 02 1 06 70
12 137 2 13 53 04 0 04 46
12 138 0 00 71 00 1 05 71
12 139 1 04 37 04 0 06 34
12 140 2 09 77 00 0 04 53
12 141 0 05 24 04 1 05 24
12 142 1 02 68 03 1 06 68
12 143 2 15 46 01 1 04 46
12 144 0 03 63 01 1 05 63
12 145 1 05 30 01 1 06 30
12 146 2 13 53 04 1 04 53
12 147 0 10 67 02 0 05 76
12 148 1 14 12 05 1 06 12
12 149 2 08 23 02 1 04 23
12 150 0 06 59 03 1 05 59
12 151 1 03 70 02 1 06 70
12 152 2 02 14 03 1 04 14
12 153 0 00 71 00 1 05 71
12 154 1 02 68 03 1 06 68
12 155 2 09 77 00 1 04 77
12 156 0 06 59 03 1 05 59
12 157 1 04 37 04 1 06 37
12 158 2 02 14 03 1 04 14
12 159 0 10 67 02 1 05 67
12 160 1 16 29 06 1 06 29
12 161 2 13 53 04 1 04 53
12 162 0 05 24 04 1 05 24
12 163 1 12 56 00 1 06 56
12 164 2 08 23 02 0 04 77
12 165 0 15 61 05 1 05 61
12 166 1 14 12 05 1 07 12
12 167 2 15 46 01 1 04 46
12 168 0 03 63 01 1 05 63
12 169 1 13 18 07 1 07 18
12 170 2 13 53 04 1 04 53
12 171 0 15 61 05 1 06 61
12 172 1 12 56 00 1 07 56
12 173 2 09 77 00 1 04 77
12 174 0 12 62 06 1 06 62
12 175 1 02 68 03 1 07 68
12 176 2 08 23 02 1 04 23
12 177 0 06 59 03 1 06 59
12 178 1 05 30 01 1 07 30
12 179 2 15 46 01 1 04 46
12 180 0 03 63 01 1 06 63
12 181 1 03 70 02 1 07 70
12 182 2 02 14 03 1 04 14
12 183 0 00 71 00 1 06 71
12 184 1 04 37 04 1 07 37
12 185 2 02 14 03 1 05 14
12 186 0 10 67 02 1 06 67
12 187 1 16 29 06 1 07 29
12 188 2 16 41 05 0 05 46
12 189 0 05 24 04 1 06 24
12 190 1 12 56 00 1 08 56
12 191 2 08 23 02 0 05 77
12 192 0 03 63 01 1 07 63
12 193 1 06 25 08 1 08 25
12 194 2 09 77 00 1 05 77
12 195 0 00 71 00 1 07 71
12 196 1 04 37 04 1 08 37
12 197 2 13 53 04 1 05 53
12 198 0 06 59 03 1 07 59
12 199 1 05 30 01 1 08 30
12 200 2 15 46 01 0 05 41
12 201 0 15 61 05 1 07 61
12 202 1 13 18 07 1 08 18
12 203 2 09 77 00 1 05 77
12 204 0 10 67 02 1 07 67
12 205 1 16 29 06 1 08 29
12 206 2 15 46 01 0 05 41
12 207 0 04 78 07 1 07 78
12 208 1 02 68 03 1 08 68
12 209 2 08 23 02 1 05 23
12 210 0 12 62 06 0 07 29
12 211 1 03 70 02 1 08 70
12 212 2 16 41 05 0 05 46
12 213 0 05 24 04 1 07 24
12 214 1 14 12 05 1 08 12
12 215 2 13 53 04 1 05 53
12 216 0 05 24 04 1 07 24
12 217 1 02 68 03 1 09 68
12 218 2 02 14 03 1 05 14
12 219 0 12 62 06 1 07 62
12 220 1 07 74 09 1 09 74
12 221 2 13 53 04 1 05 53
12 222 0 00 71 00 1 07 71
12 223 1 16 29 06 1 09 29
12 224 2 16 41 05 0 05 44
12 225 0 10 67 02 1 07 67
12 226 1 03 70 02 1 09 70
12 227 2 02 14 03 1 05 14
12 228 0 03 63 01 1 07 63
12 229 1 12 56 00 1 09 56
12 230 2 08 23 02 1 05 23
12 231 0 15 61 05 1 07 61
12 232 1 06 25 08 1 09 25
12 233 2 09 77 00 1 05 77
12 234 0 06 59 03 1 07 59
12 235 1 14 12 05 1 09 12
12 236 2 15 46 01 0 05 41
12 237 0 04 78 07 0 07 07
12 238 1 05 30 01 1 09 30
12 239 2 16 41 05 1 05 41
12 240 0 12 62 06 1 07 62
12 241 1 13 18 07 1 09 18
12 242 2 15 46 01 1 05 46
12 243 0 15 61 05 1 07 61
12 244 1 04 37 04 0 09 06
12 245 2 09 77 00 1 05 77
12 246 0 03 63 01 1 07 63
12 247 1 13 18 07 1 09 18
12 248 2 08 23 02 1 05 23
12 249 0 00 71 00 1 07 71
12 250 1 02 68 03 1 09 68
12 251 2 02 14 03 1 05 14
12 252 0 05 24 04 1 07 24
12 253 1 14 12 05 1 09 12
12 254 2 13 53 04 1 05 53
12 255 0 10 67 02 1 07 67
12 256 1 07 74 09 1 09 74
12 257 2 02 14 03 1 06 14
12 258 0 06 59 03 1 07 59
12 259 1 05 30 01 1 09 30
12 260 2 16 41 05 1 06 41
12 261 0 04 78 07 1 07 78
12 262 1 06 25 08 1 09 25
12 263 2 08 23 02 1 06 23
12 264 0 05 24 04 1 08 24
12 265 1 12 56 00 1 09 56
12 266 2 09 77 00 1 06 77
12 267 0 00 71 00 1 08 71
12 268 1 04 37 04 0 09 38
12 269 2 15 46 01 1 06 46
12 270 0 15 61 05 1 08 61
12 271 1 16 29 06 0 09 62
12 272 2 06 15 06 1 06 15
12 273 0 04 78 07 1 08 78
12 274 1 03 70 02 1 09 70
12 275 2 13 53 04 1 06 53
12 276 0 14 72 08 1 08 72
12 277 1 07 74 09 1 09 74
12 278 2 14 11 07 0 07 53
12 279 0 10 67 02 1 08 67
12 280 1 04 37 04 1 09 37
12 281 2 02 14 03 1 07 14
12 282 0 12 62 06 1 08 62
12 283 1 16 29 06 1 09 29
12 284 2 09 77 00 1 07 77
12 285 0 06 59 03 1 08 59
12 286 1 12 56 00 1 09 56
12 287 2 06 15 06 1 07 15
12 288 0 03 63 01 1 08 63
12 289 1 03 70 02 1 09 70
12 290 2 15 46 01 1 07 46
12 291 0 10 67 02 1 09 67
12 292 1 05 30 01 1 09 30
12 293 2 08 23 02 0 07 77
12 294 0 05 24 04 1 09 24
12 295 1 13 18 07 1 09 18
12 296 2 13 53 04 1 07 53
12 297 0 07 38 09 1 09 38
12 298 1 14 12 05 1 09 12
12 299 2 16 41 05 1 07 41
