09 000 0 14 36 00 1 00 36
09 001 1 12 39 00 1 00 39
09 002 2 08 44 00 1 00 44
09 003 0 14 36 00 1 01 36
09 004 1 07 58 01 1 01 58
09 005 2 08 44 00 1 01 44
09 006 0 15 13 01 1 01 13
09 007 1 12 39 00 1 01 39
09 008 2 15 72 01 1 01 72
09 009 0 14 36 00 1 02 36
09 010 1 12 39 00 1 02 39
09 011 2 15 72 01 1 02 72
09 012 0 08 69 02 0 02 68
09 013 1 07 58 01 1 02 58
09 014 2 08 44 00 0 02 20
09 015 0 15 13 01 1 02 13
09 016 1 01 31 02 1 02 31
09 017 2 09 20 02 1 02 20
09 018 0 15 13 01 1 02 13
09 019 1 07 58 01 1 03 58
09 020 2 15 72 01 1 02 72
09 021 0 08 69 02 1 02 69
09 022 1 04 22 03 1 03 22
09 023 2 08 44 00 1 02 44
09 024 0 14 36 00 1 02 36
09 025 1 12 39 00 1 03 39
09 026 2 09 20 02 1 02 20
09 027 0 15 13 01 1 03 13
09 028 1 01 31 02 1 03 31
09 029 2 07 32 03 0 03 20
09 030 0 14 36 00 1 03 36
09 031 1 12 39 00 1 04 39
09 032 2 09 20 02 0 03 40
09 033 0 09 50 03 1 03 50
09 034 1 03 66 04 1 04 66
09 035 2 15 72 01 1 03 72
09 036 0 08 69 02 1 03 69
09 037 1 04 22 03 1 04 22
09 038 2 08 44 00 0 03 20
09 039 0 14 36 00 1 04 36
09 040 1 01 31 02 1 04 31
09 041 2 09 20 02 1 03 20
09 042 0 08 69 02 1 04 69
09 043 1 07 58 01 1 04 58
09 044 2 07 32 03 1 03 32
09 045 0 15 13 01 1 04 13
09 046 1 01 31 02 0 05 03
09 047 2 08 44 00 1 03 44
09 048 0 07 77 04 1 04 77
09 049 1 12 39 00 1 05 39
09 050 2 15 72 01 1 03 72
09 051 0 09 50 03 0 04 52
09 052 1 08 57 05 1 05 57
09 053 2 08 44 00 0 04 32
09 054 0 15 13 01 1 04 13
09 055 1 03 66 04 1 05 66
09 056 2 09 20 02 1 04 20
09 057 0 07 77 04 0 04 50
09 058 1 04 22 03 1 05 22
09 059 2 07 32 03 1 04 32
09 060 0 08 69 02 1 04 69
09 061 1 07 58 01 1 05 58
09 062 2 12 71 04 0 04 44
09 063 0 14 36 00 1 04 36
09 064 1 04 22 03 1 05 22
09 065 2 15 72 01 1 04 72
09 066 0 09 50 03 1 04 50
09 067 1 01 31 02 1 05 31
09 068 2 09 20 02 0 04 32
09 069 0 09 50 03 1 04 50
09 070 1 12 39 00 1 05 39
09 071 2 07 32 03 1 04 32
09 072 0 08 69 02 1 04 69
09 073 1 03 66 04 1 05 66
09 074 2 08 44 00 0 04 20
09 075 0 14 36 00 1 04 36
09 076 1 07 58 01 1 05 58
09 077 2 12 71 04 1 04 71
09 078 0 15 13 01 1 04 13
09 079 1 08 57 05 1 05 57
09 080 2 15 72 01 1 04 72
09 081 0 07 77 04 1 04 77
09 082 1 04 22 03 1 06 22
09 083 2 12 71 04 0 04 44
09 084 0 08 69 02 1 05 69
09 085 1 07 58 01 1 06 58
09 086 2 08 44 00 0 04 32
09 087 0 09 50 03 1 05 50
09 088 1 03 66 04 1 06 66
09 089 2 09 20 02 0 04 32
09 090 0 15 13 01 1 05 13
09 091 1 01 31 02 1 06 31
09 092 2 15 72 01 0 04 71
09 093 0 14 36 00 1 05 36
09 094 1 13 17 06 1 06 17
09 095 2 07 32 03 1 04 32
09 096 0 07 77 04 1 05 77
09 097 1 12 39 00 1 06 39
09 098 2 09 20 02 1 04 20
09 099 0 00 19 05 1 05 19
09 100 1 08 57 05 1 06 57
09 101 2 07 32 03 0 04 20
09 102 0 08 69 02 1 06 69
09 103 1 13 17 06 1 07 17
09 104 2 12 71 04 0 04 44
09 105 0 00 19 05 1 06 19
09 106 1 04 22 03 1 07 22
09 107 2 15 72 01 1 04 72
09 108 0 15 13 01 1 06 13
09 109 1 01 31 02 1 07 31
09 110 2 08 44 00 0 04 32
09 111 0 09 50 03 1 06 50
09 112 1 08 57 05 1 07 57
09 113 2 09 20 02 0 04 32
09 114 0 13 43 06 1 06 43
09 115 1 03 66 04 1 07 66
09 116 2 15 72 01 0 04 71
09 117 0 07 77 04 1 06 77
09 118 1 12 39 00 1 07 39
09 119 2 12 71 04 0 04 44
09 120 0 14 36 00 1 06 36
09 121 1 16 76 07 1 07 76
09 122 2 08 44 00 0 04 20
09 123 0 15 13 01 1 07 13
09 124 1 07 58 01 1 07 58
09 125 2 07 32 03 1 04 32
09 126 0 14 36 00 1 07 36
09 127 1 13 17 06 1 08 17
09 128 2 15 72 01 1 04 72
09 129 0 08 69 02 1 07 69
09 130 1 07 58 01 1 08 58
09 131 2 09 20 02 0 04 44
09 132 0 00 19 05 1 07 19
09 133 1 01 31 02 1 08 31
09 134 2 08 44 00 0 04 32
09 135 0 09 50 03 1 07 50
09 136 1 16 76 07 1 08 76
09 137 2 07 32 03 0 04 20
09 138 0 05 18 07 1 07 18
09 139 1 08 57 05 1 08 57
09 140 2 12 71 04 1 04 71
09 141 0 07 77 04 1 07 77
09 142 1 12 39 00 1 08 39
09 143 2 15 72 01 1 04 72
09 144 0 13 43 06 1 07 43
09 145 1 03 66 04 1 08 66
09 146 2 08 44 00 0 04 32
09 147 0 15 13 01 1 08 13
09 148 1 15 34 08 1 08 34
09 149 2 07 32 03 1 04 32
09 150 0 08 69 02 1 08 69
09 151 1 04 22 03 1 08 22
09 152 2 12 71 04 1 04 71
09 153 0 13 43 06 1 08 43
09 154 1 00 45 09 1 09 45
09 155 2 09 20 02 0 04 32
09 156 0 09 50 03 1 08 50
09 157 1 16 76 07 1 09 76
09 158 2 07 32 03 1 04 32
09 159 0 14 36 00 1 08 36
09 160 1 07 58 01 1 09 58
09 161 2 12 71 04 1 04 71
09 162 0 07 77 04 1 08 77
09 163 1 12 39 00 1 09 39
09 164 2 09 20 02 0 04 44
09 165 0 00 19 05 1 08 19
09 166 1 08 57 05 1 09 57
09 167 2 15 72 01 1 04 72
09 168 0 05 18 07 1 08 18
09 169 1 15 34 08 1 09 34
09 170 2 08 44 00 0 04 20
09 171 0 03 14 08 1 08 14
09 172 1 04 22 03 1 09 22
09 173 2 08 44 00 0 04 32
09 174 0 09 50 03 1 09 50
09 175 1 01 31 02 1 09 31
09 176 2 15 72 01 1 04 72
09 177 0 02 47 09 1 09 47
09 178 1 03 66 04 1 09 66
09 179 2 07 32 03 0 04 20
09 180 0 08 69 02 1 09 69
09 181 1 13 17 06 1 09 17
09 182 2 09 20 02 0 04 44
09 183 0 03 14 08 1 09 14
09 184 1 12 39 00 1 10 39
09 185 2 12 71 04 0 04 44
09 186 0 13 43 06 1 09 43
09 187 1 15 34 08 1 10 34
09 188 2 07 32 03 0 04 20
09 189 0 14 36 00 1 09 36
09 190 1 08 57 05 1 10 57
09 191 2 12 71 04 1 04 71
09 192 0 00 19 05 1 09 19
09 193 1 00 45 09 0 10 57
09 194 2 15 72 01 0 04 71
09 195 0 15 13 01 1 09 13
09 196 1 04 22 03 1 10 22
09 197 2 09 20 02 0 04 44
09 198 0 05 18 07 1 09 18
09 199 1 16 76 07 1 10 76
09 200 2 08 44 00 1 04 44
09 201 0 07 77 04 1 09 77
09 202 1 03 66 04 1 10 66
09 203 2 15 72 01 1 04 72
09 204 0 16 61 10 1 10 61
09 205 1 13 17 06 1 10 17
09 206 2 09 20 02 1 04 20
09 207 0 15 13 01 1 10 13
09 208 1 06 62 10 1 10 62
09 209 2 12 71 04 1 04 71
09 210 0 02 47 09 0 10 42
09 211 1 07 58 01 1 10 58
09 212 2 08 44 00 0 04 20
09 213 0 14 36 00 1 10 36
09 214 1 01 31 02 1 10 31
09 215 2 07 32 03 1 04 32
09 216 0 00 19 05 1 10 19
09 217 1 16 76 07 1 10 76
09 218 2 09 20 02 1 04 20
09 219 0 07 77 04 1 10 77
09 220 1 06 62 10 1 10 62
09 221 2 12 71 04 1 04 71
09 222 0 08 69 02 1 10 69
09 223 1 12 39 00 1 10 39
09 224 2 08 44 00 0 04 32
09 225 0 05 18 07 1 10 18
09 226 1 07 58 01 1 10 58
09 227 2 07 32 03 0 04 20
09 228 0 09 50 03 1 10 50
09 229 1 04 22 03 1 10 22
09 230 2 15 72 01 1 04 72
09 231 0 13 43 06 1 10 43
09 232 1 13 17 06 1 10 17
09 233 2 12 71 04 1 04 71
09 234 0 03 14 08 1 10 14
09 235 1 08 57 05 1 10 57
09 236 2 07 32 03 0 04 44
09 237 0 05 18 07 1 10 18
09 238 1 15 34 08 1 10 34
09 239 2 15 72 01 1 04 72
09 240 0 16 61 10 1 10 61
09 241 1 03 66 04 1 10 66
09 242 2 09 20 02 1 04 20
09 243 0 13 43 06 1 10 43
09 244 1 00 45 09 0 10 57
09 245 2 08 44 00 1 04 44
09 246 0 02 47 09 1 10 47
09 247 1 01 31 02 1 10 31
09 248 2 15 72 01 1 04 72
09 249 0 14 36 00 1 10 36
09 250 1 06 62 10 1 10 62
09 251 2 09 20 02 1 04 20
09 252 0 09 50 03 1 10 50
09 253 1 03 66 04 1 10 66
09 254 2 08 44 00 0 04 32
09 255 0 07 77 04 1 10 77
09 256 1 07 58 01 1 10 58
09 257 2 12 71 04 1 04 71
09 258 0 15 13 01 1 10 13
09 259 1 01 31 02 1 10 31
09 260 2 07 32 03 0 04 44
09 261 0 03 14 08 1 10 14
09 262 1 00 45 09 1 10 45
09 263 2 15 72 01 1 04 72
09 264 0 00 19 05 1 10 19
09 265 1 08 57 05 1 10 57
09 266 2 07 32 03 1 04 32
09 267 0 08 69 02 1 10 69
09 268 1 15 34 08 1 10 34
09 269 2 09 20 02 1 04 20
09 270 0 02 47 09 1 11 47
09 271 1 12 39 00 1 10 39
09 272 2 08 44 00 0 04 32
09 273 0 13 43 06 1 11 43
09 274 1 04 22 03 1 10 22
09 275 2 12 71 04 1 04 71
09 276 0 04 23 11 1 11 23
09 277 1 16 76 07 1 10 76
09 278 2 12 71 04 1 04 71
09 279 0 15 13 01 1 11 13
09 280 1 13 17 06 1 10 17
09 281 2 08 44 00 0 04 20
09 282 0 03 14 08 1 11 14
09 283 1 05 26 11 1 11 26
09 284 2 15 72 01 1 04 72
09 285 0 07 77 04 1 11 77
09 286 1 13 17 06 1 11 17
09 287 2 07 32 03 1 04 32
09 288 0 00 19 05 1 11 19
09 289 1 12 39 00 1 11 39
09 290 2 09 20 02 1 04 20
09 291 0 16 61 10 1 11 61
09 292 1 16 76 07 1 11 76
09 293 2 12 71 04 1 04 71
09 294 0 09 50 03 1 11 50
09 295 1 06 62 10 0 11 56
09 296 2 08 44 00 1 04 44
09 297 0 08 69 02 1 11 69
09 298 1 04 22 03 1 11 22
09 299 2 15 72 01 1 04 72
