19 000 0 03 65 00 1 00 65
19 001 1 03 34 00 1 00 34
19 002 2 13 33 00 1 00 33
19 003 0 04 45 01 0 01 42
19 004 1 03 34 00 1 01 34
19 005 2 05 12 01 1 01 12
19 006 0 03 65 00 0 01 45
19 007 1 17 42 01 1 01 42
19 008 2 13 33 00 1 01 33
19 009 0 04 45 01 0 01 35
19 010 1 08 32 02 1 02 32
19 011 2 00 13 02 1 02 13
19 012 0 03 65 00 1 01 65
19 013 1 17 42 01 1 02 42
19 014 2 05 12 01 1 02 12
19 015 0 03 65 00 1 01 65
19 016 1 03 34 00 1 02 34
19 017 2 13 33 00 1 02 33
19 018 0 04 45 01 1 01 45
19 019 1 03 34 00 1 03 34
19 020 2 02 66 03 1 03 66
19 021 0 03 65 00 1 02 65
19 022 1 09 37 03 1 03 37
19 023 2 05 12 01 0 03 13
19 024 0 10 16 02 1 02 16
19 025 1 08 32 02 0 03 35
19 026 2 00 13 02 0 03 66
19 027 0 04 45 01 0 02 35
19 028 1 17 42 01 1 03 42
19 029 2 13 33 00 1 03 33
19 030 0 04 45 01 0 02 65
19 031 1 17 42 01 1 03 42
19 032 2 13 33 00 1 03 33
19 033 0 03 65 00 1 02 65
19 034 1 09 37 03 1 03 37
19 035 2 02 66 03 0 03 13
19 036 0 10 16 02 1 02 16
19 037 1 08 32 02 1 03 32
19 038 2 05 12 01 0 03 13
19 039 0 03 65 00 1 02 65
19 040 1 03 34 00 1 03 34
19 041 2 00 13 02 0 03 66
19 042 0 10 16 02 1 02 16
19 043 1 08 32 02 1 04 32
19 044 2 05 12 01 1 03 12
19 045 0 04 45 01 1 02 45
19 046 1 09 37 03 1 04 37
19 047 2 02 66 03 0 03 13
19 048 0 03 65 00 1 03 65
19 049 1 17 42 01 0 04 34
19 050 2 13 33 00 1 03 33
19 051 0 10 16 02 1 03 16
19 052 1 03 34 00 1 04 34
19 053 2 00 13 02 1 03 13
19 054 0 04 45 01 1 03 45
19 055 1 10 57 04 1 04 57
19 056 2 05 12 01 0 03 13
19 057 0 13 30 03 0 03 62
19 058 1 08 32 02 1 04 32
19 059 2 02 66 03 0 03 13
19 060 0 04 45 01 1 03 45
19 061 1 10 57 04 1 04 57
19 062 2 13 33 00 1 03 33
19 063 0 13 30 03 1 03 30
19 064 1 03 34 00 1 04 34
19 065 2 00 13 02 1 03 13
19 066 0 03 65 00 1 03 65
19 067 1 09 37 03 1 04 37
19 068 2 13 33 00 1 03 33
19 069 0 10 16 02 1 03 16
19 070 1 17 42 01 1 04 42
19 071 2 02 66 03 1 03 66
19 072 0 00 43 04 1 04 43
19 073 1 09 37 03 1 05 37
19 074 2 05 12 01 1 03 12
19 075 0 13 30 03 1 04 30
19 076 1 03 34 00 1 05 34
19 077 2 00 13 02 0 03 66
19 078 0 03 65 00 1 04 65
19 079 1 10 57 04 1 05 57
19 080 2 02 66 03 1 03 66
19 081 0 04 45 01 1 04 45
19 082 1 08 32 02 0 05 35
19 083 2 05 12 01 1 03 12
19 084 0 10 16 02 1 04 16
19 085 1 11 47 05 1 05 47
19 086 2 00 13 02 1 03 13
19 087 0 00 43 04 1 05 43
19 088 1 17 42 01 1 05 42
19 089 2 13 33 00 1 03 33
19 090 0 03 65 00 1 05 65
19 091 1 09 37 03 1 05 37
19 092 2 05 12 01 0 04 66
19 093 0 10 16 02 1 05 16
19 094 1 08 32 02 1 05 32
19 095 2 13 33 00 1 04 33
19 096 0 04 45 01 1 05 45
19 097 1 10 57 04 1 05 57
19 098 2 02 66 03 1 04 66
19 099 0 13 30 03 1 05 30
19 100 1 03 34 00 1 05 34
19 101 2 17 35 04 1 04 35
19 102 0 05 50 05 1 05 50
19 103 1 11 47 05 1 05 47
19 104 2 00 13 02 1 04 13
19 105 0 10 16 02 1 06 16
19 106 1 17 42 01 1 05 42
19 107 2 00 13 02 1 04 13
19 108 0 03 65 00 1 06 65
19 109 1 08 32 02 1 06 32
19 110 2 13 33 00 1 04 33
19 111 0 06 27 06 1 06 27
19 112 1 10 57 04 1 06 57
19 113 2 17 35 04 1 04 35
19 114 0 05 50 05 1 06 50
19 115 1 17 42 01 1 06 42
19 116 2 02 66 03 0 04 13
19 117 0 13 30 03 1 06 30
19 118 1 03 34 00 1 06 34
19 119 2 05 12 01 0 04 66
19 120 0 00 43 04 1 06 43
19 121 1 11 47 05 1 06 47
19 122 2 13 33 00 1 04 33
19 123 0 04 45 01 1 06 45
19 124 1 09 37 03 1 06 37
19 125 2 17 35 04 1 04 35
19 126 0 06 27 06 1 07 27
19 127 1 01 44 06 1 06 44
19 128 2 02 66 03 1 04 66
19 129 0 00 43 04 1 07 43
19 130 1 10 57 04 1 07 57
19 131 2 05 12 01 1 04 12
19 132 0 09 46 07 1 07 46
19 133 1 01 44 06 1 07 44
19 134 2 00 13 02 1 04 13
19 135 0 10 16 02 1 07 16
19 136 1 13 56 07 1 07 56
19 137 2 05 12 01 1 05 12
19 138 0 13 30 03 1 07 30
19 139 1 03 34 00 1 07 34
19 140 2 02 66 03 1 05 66
19 141 0 05 50 05 0 07 45
19 142 1 11 47 05 1 07 47
19 143 2 17 35 04 1 05 35
19 144 0 04 45 01 1 07 45
19 145 1 09 37 03 1 07 37
19 146 2 00 13 02 1 05 13
19 147 0 03 65 00 1 07 65
19 148 1 08 32 02 1 07 32
19 149 2 15 17 05 0 05 15
19 150 0 10 16 02 1 07 16
19 151 1 17 42 01 1 07 42
19 152 2 13 33 00 1 05 33
19 153 0 05 50 05 1 07 50
19 154 1 08 32 02 1 08 32
19 155 2 17 35 04 1 05 35
19 156 0 04 45 01 0 07 30
19 157 1 01 44 06 1 08 44
19 158 2 02 66 03 1 05 66
19 159 0 06 27 06 0 07 50
19 160 1 12 70 08 1 08 70
19 161 2 00 13 02 1 05 13
19 162 0 13 30 03 1 07 30
19 163 1 11 47 05 1 08 47
19 164 2 05 12 01 1 05 12
19 165 0 03 65 00 1 07 65
19 166 1 17 42 01 1 08 42
19 167 2 15 17 05 0 05 35
19 168 0 09 46 07 1 07 46
19 169 1 10 57 04 1 08 57
19 170 2 13 33 00 1 05 33
19 171 0 00 43 04 0 07 34
19 172 1 09 37 03 1 08 37
19 173 2 15 17 05 0 05 35
19 174 0 06 27 06 1 07 27
19 175 1 03 34 00 1 08 34
19 176 2 17 35 04 0 05 17
19 177 0 03 65 00 1 07 65
19 178 1 13 56 07 0 08 46
19 179 2 13 33 00 1 05 33
19 180 0 09 46 07 1 07 46
19 181 1 12 70 08 1 08 70
19 182 2 00 13 02 1 05 13
19 183 0 00 43 04 1 07 43
19 184 1 09 37 03 1 08 37
19 185 2 02 66 03 1 05 66
19 186 0 13 30 03 1 07 30
19 187 1 17 42 01 1 08 42
19 188 2 05 12 01 1 05 12
19 189 0 10 16 02 1 07 16
19 190 1 08 32 02 1 08 32
19 191 2 05 12 01 1 05 12
19 192 0 05 50 05 0 07 45
19 193 1 03 34 00 1 08 34
19 194 2 15 17 05 1 05 17
19 195 0 04 45 01 1 07 45
19 196 1 01 44 06 1 08 44
19 197 2 00 13 02 1 05 13
19 198 0 13 30 03 1 07 30
19 199 1 10 57 04 1 08 57
19 200 2 02 66 03 1 05 66
19 201 0 10 16 02 1 07 16
19 202 1 11 47 05 1 08 47
19 203 2 13 33 00 0 05 35
19 204 0 03 65 00 1 07 65
19 205 1 13 56 07 1 08 56
19 206 2 17 35 04 0 05 17
19 207 0 06 27 06 0 07 50
19 208 1 13 56 07 1 09 56
19 209 2 13 33 00 1 05 33
19 210 0 05 50 05 1 07 50
19 211 1 10 57 04 1 09 57
19 212 2 00 13 02 1 05 13
19 213 0 00 43 04 1 07 43
19 214 1 08 32 02 1 09 32
19 215 2 17 35 04 0 05 17
19 216 0 04 45 01 0 07 50
19 217 1 12 70 08 1 09 70
19 218 2 05 12 01 1 05 12
19 219 0 09 46 07 0 07 27
19 220 1 09 37 03 1 09 37
19 221 2 02 66 03 1 05 66
19 222 0 10 16 02 1 07 16
19 223 1 17 42 01 1 09 42
19 224 2 15 17 05 1 05 17
19 225 0 00 43 04 1 07 43
19 226 1 01 44 06 1 09 44
19 227 2 13 33 00 1 05 33
19 228 0 04 45 01 1 07 45
19 229 1 03 34 00 1 09 34
19 230 2 17 35 04 0 05 17
19 231 0 05 50 05 1 07 50
19 232 1 11 47 05 1 09 47
19 233 2 15 17 05 0 05 33
19 234 0 03 65 00 1 07 65
19 235 1 07 59 09 1 09 59
19 236 2 05 12 01 1 05 12
19 237 0 09 46 07 0 07 27
19 238 1 01 44 06 1 10 44
19 239 2 02 66 03 0 05 12
19 240 0 06 27 06 0 07 50
19 241 1 11 47 05 1 10 47
19 242 2 00 13 02 1 05 13
19 243 0 13 30 03 1 07 30
19 244 1 02 61 10 1 10 61
19 245 2 17 35 04 1 05 35
19 246 0 06 27 06 1 07 27
19 247 1 07 59 09 1 10 59
19 248 2 05 12 01 1 05 12
19 249 0 03 65 00 1 07 65
19 250 1 09 37 03 1 10 37
19 251 2 13 33 00 0 05 17
19 252 0 10 16 02 1 07 16
19 253 1 12 70 08 1 10 70
19 254 2 15 17 05 1 05 17
19 255 0 13 30 03 1 07 30
19 256 1 08 32 02 1 10 32
19 257 2 02 66 03 1 05 66
19 258 0 00 43 04 1 07 43
19 259 1 03 34 00 1 10 34
19 260 2 00 13 02 1 05 13
19 261 0 09 46 07 1 07 46
19 262 1 17 42 01 1 10 42
19 263 2 00 13 02 1 05 13
19 264 0 04 45 01 1 07 45
19 265 1 13 56 07 1 10 56
19 266 2 02 66 03 1 05 66
19 267 0 05 50 05 0 07 16
19 268 1 10 57 04 1 10 57
19 269 2 13 33 00 1 05 33
19 270 0 10 16 02 1 07 16
19 271 1 03 34 00 1 11 34
19 272 2 17 35 04 1 05 35
19 273 0 03 65 00 1 07 65
19 274 1 09 37 03 1 11 37
19 275 2 05 12 01 1 05 12
19 276 0 00 43 04 1 07 43
19 277 1 02 61 10 1 11 61
19 278 2 15 17 05 0 05 35
19 279 0 04 45 01 1 07 45
19 280 1 08 32 02 1 11 32
19 281 2 13 33 00 1 05 33
19 282 0 09 46 07 1 07 46
19 283 1 07 59 09 1 11 59
19 284 2 05 12 01 1 05 12
19 285 0 13 30 03 1 07 30
19 286 1 17 42 01 1 11 42
19 287 2 17 35 04 1 05 35
19 288 0 05 50 05 1 07 50
19 289 1 01 44 06 1 11 44
19 290 2 00 13 02 1 05 13
19 291 0 06 27 06 1 07 27
19 292 1 13 56 07 1 11 56
19 293 2 15 17 05 0 05 33
19 294 0 10 16 02 1 08 16
19 295 1 12 70 08 1 11 70
19 296 2 02 66 03 1 05 66
19 297 0 03 65 00 1 08 65
19 298 1 10 57 04 1 11 57
19 299 2 17 35 04 1 05 35
