04 000 0 16 26 00 1 00 26
04 001 1 05 23 00 1 00 23
04 002 2 02 68 00 1 00 68
04 003 0 07 22 01 1 01 22
04 004 1 05 23 00 1 01 23
04 005 2 02 68 00 1 01 68
04 006 0 16 26 00 1 01 26
04 007 1 16 19 01 0 01 45
04 008 2 01 16 01 0 01 18
04 009 0 16 26 00 1 02 26
04 010 1 16 19 01 0 01 68
04 011 2 02 68 00 1 01 68
04 012 0 15 28 02 0 02 32
04 013 1 05 23 00 1 01 23
04 014 2 01 16 01 0 01 19
04 015 0 07 22 01 1 02 22
04 016 1 05 23 00 1 01 23
04 017 2 01 16 01 1 01 16
04 018 0 07 22 01 1 02 22
04 019 1 16 19 01 0 01 28
04 020 2 02 68 00 1 01 68
04 021 0 16 26 00 1 02 26
04 022 1 16 19 01 1 01 19
04 023 2 02 68 00 1 02 68
04 024 0 15 28 02 1 02 28
04 025 1 05 23 00 1 01 23
04 026 2 01 16 01 1 02 16
04 027 0 07 22 01 1 03 22
04 028 1 05 23 00 1 02 23
04 029 2 17 17 02 1 02 17
04 030 0 15 28 02 1 03 28
04 031 1 16 19 01 0 02 01
04 032 2 17 17 02 1 03 17
04 033 0 08 45 03 1 03 45
04 034 1 03 42 02 0 02 48
04 035 2 03 55 03 0 03 68
04 036 0 16 26 00 1 03 26
04 037 1 05 23 00 0 02 26
04 038 2 02 68 00 1 03 68
04 039 0 16 26 00 1 04 26
04 040 1 16 19 01 1 02 19
04 041 2 01 16 01 1 03 16
04 042 0 15 28 02 0 04 19
04 043 1 03 42 02 0 02 45
04 044 2 17 17 02 0 03 48
04 045 0 09 64 04 1 04 64
04 046 1 03 42 02 0 02 48
04 047 2 03 55 03 0 03 17
04 048 0 07 22 01 1 04 22
04 049 1 16 19 01 1 02 19
04 050 2 01 16 01 0 03 68
04 051 0 08 45 03 0 04 22
04 052 1 05 23 00 1 02 23
04 053 2 02 68 00 0 03 17
04 054 0 15 28 02 0 04 22
04 055 1 03 42 02 0 02 45
04 056 2 17 17 02 1 03 17
04 057 0 07 22 01 1 04 22
04 058 1 05 23 00 1 02 23
04 059 2 03 55 03 1 03 55
04 060 0 16 26 00 0 04 23
04 061 1 16 19 01 1 02 19
04 062 2 02 68 00 1 03 68
04 063 0 09 64 04 1 04 64
04 064 1 03 42 02 1 02 42
04 065 2 01 16 01 0 03 68
04 066 0 08 45 03 0 04 23
04 067 1 16 19 01 1 02 19
04 068 2 17 17 02 1 03 17
04 069 0 08 45 03 1 04 45
04 070 1 05 23 00 1 02 23
04 071 2 02 68 00 1 03 68
04 072 0 15 28 02 0 04 16
04 073 1 10 38 03 0 03 45
04 074 2 01 16 01 0 03 17
04 075 0 09 64 04 1 04 64
04 076 1 05 23 00 1 03 23
04 077 2 03 55 03 0 03 68
04 078 0 16 26 00 1 04 26
04 079 1 03 42 02 1 03 42
04 080 2 01 16 01 0 03 68
04 081 0 07 22 01 1 04 22
04 082 1 16 19 01 1 03 19
04 083 2 02 68 00 1 03 68
04 084 0 07 22 01 0 04 32
04 085 1 03 42 02 1 03 42
04 086 2 17 17 02 1 03 17
04 087 0 16 26 00 1 04 26
04 088 1 10 38 03 0 03 48
04 089 2 03 55 03 0 03 56
04 090 0 08 45 03 0 04 34
04 091 1 16 19 01 1 03 19
04 092 2 03 55 03 0 03 68
04 093 0 15 28 02 0 04 44
04 094 1 05 23 00 0 03 26
04 095 2 02 68 00 1 03 68
04 096 0 09 64 04 1 04 64
04 097 1 10 38 03 1 03 38
04 098 2 01 16 01 0 03 55
04 099 0 16 26 00 1 04 26
04 100 1 05 23 00 1 03 23
04 101 2 17 17 02 1 03 17
04 102 0 07 22 01 0 04 02
04 103 1 03 42 02 0 03 48
04 104 2 01 16 01 1 03 16
04 105 0 09 64 04 1 04 64
04 106 1 16 19 01 1 03 19
04 107 2 02 68 00 1 03 68
04 108 0 15 28 02 1 04 28
04 109 1 05 23 00 0 03 26
04 110 2 03 55 03 0 03 68
04 111 0 08 45 03 0 04 22
04 112 1 16 19 01 1 03 19
04 113 2 17 17 02 1 03 17
04 114 0 08 45 03 1 04 45
04 115 1 03 42 02 1 03 42
04 116 2 03 55 03 1 03 55
04 117 0 09 64 04 1 04 64
04 118 1 10 38 03 1 03 38
04 119 2 02 68 00 1 03 68
04 120 0 16 26 00 1 04 26
04 121 1 16 19 01 1 03 19
04 122 2 01 16 01 1 03 16
04 123 0 15 28 02 1 04 28
04 124 1 10 38 03 1 03 38
04 125 2 17 17 02 1 03 17
04 126 0 07 22 01 1 04 22
04 127 1 03 42 02 1 03 42
04 128 2 02 68 00 1 04 68
04 129 0 09 64 04 1 05 64
04 130 1 05 23 00 1 03 23
04 131 2 01 16 01 1 04 16
04 132 0 16 26 00 1 05 26
04 133 1 05 23 00 1 04 23
04 134 2 03 55 03 1 04 55
04 135 0 02 77 05 0 05 36
04 136 1 02 43 04 0 04 49
04 137 2 11 32 04 0 04 56
04 138 0 07 22 01 1 05 22
04 139 1 16 19 01 1 04 19
04 140 2 17 17 02 1 04 17
04 141 0 15 28 02 1 05 28
04 142 1 10 38 03 1 04 38
04 143 2 03 55 03 0 04 68
04 144 0 08 45 03 0 05 32
04 145 1 03 42 02 1 04 42
04 146 2 17 17 02 1 04 17
04 147 0 08 45 03 1 05 45
04 148 1 10 38 03 0 04 42
04 149 2 01 16 01 1 04 16
04 150 0 15 28 02 1 05 28
04 151 1 02 43 04 1 04 43
04 152 2 11 32 04 0 04 55
04 153 0 16 26 00 1 05 26
04 154 1 05 23 00 1 04 23
04 155 2 02 68 00 1 04 68
04 156 0 02 77 05 1 05 77
04 157 1 03 42 02 1 04 42
04 158 2 01 16 01 1 04 16
04 159 0 07 22 01 1 05 22
04 160 1 16 19 01 1 04 19
04 161 2 11 32 04 0 04 55
04 162 0 09 64 04 1 05 64
04 163 1 02 43 04 0 04 32
04 164 2 17 17 02 1 04 17
04 165 0 15 28 02 1 06 28
04 166 1 10 38 03 1 04 38
04 167 2 02 68 00 1 04 68
04 168 0 07 22 01 1 06 22
04 169 1 16 19 01 1 04 19
04 170 2 03 55 03 1 04 55
04 171 0 09 64 04 1 06 64
04 172 1 03 42 02 1 04 42
04 173 2 17 17 02 1 04 17
04 174 0 02 77 05 1 06 77
04 175 1 05 23 00 1 04 23
04 176 2 11 32 04 0 04 43
04 177 0 11 15 06 0 06 23
04 178 1 03 42 02 1 04 42
04 179 2 01 16 01 1 04 16
04 180 0 08 45 03 0 06 03
04 181 1 05 23 00 1 04 23
04 182 2 03 55 03 1 04 55
04 183 0 16 26 00 1 06 26
04 184 1 10 38 03 1 04 38
04 185 2 02 68 00 1 04 68
04 186 0 02 77 05 1 06 77
04 187 1 16 19 01 1 04 19
04 188 2 01 16 01 1 04 16
04 189 0 07 22 01 1 06 22
04 190 1 02 43 04 1 04 43
04 191 2 02 68 00 1 04 68
04 192 0 15 28 02 1 06 28
04 193 1 16 19 01 1 05 19
04 194 2 11 32 04 0 04 55
04 195 0 11 15 06 1 06 15
04 196 1 15 59 05 0 05 29
04 197 2 03 55 03 1 04 55
04 198 0 09 64 04 1 06 64
04 199 1 10 38 03 1 05 38
04 200 2 17 17 02 1 04 17
04 201 0 08 45 03 1 06 45
04 202 1 02 43 04 0 05 34
04 203 2 01 16 01 1 04 16
04 204 0 16 26 00 1 06 26
04 205 1 05 23 00 1 05 23
04 206 2 03 55 03 1 04 55
04 207 0 16 26 00 1 07 26
04 208 1 03 42 02 1 05 42
04 209 2 17 17 02 1 04 17
04 210 0 11 15 06 1 07 15
04 211 1 10 38 03 1 05 38
04 212 2 11 32 04 0 04 55
04 213 0 10 74 07 0 07 35
04 214 1 03 42 02 1 05 42
04 215 2 02 68 00 1 04 68
04 216 0 08 45 03 1 07 45
04 217 1 16 19 01 1 05 19
04 218 2 02 68 00 1 04 68
04 219 0 02 77 05 1 07 77
04 220 1 02 43 04 1 05 43
04 221 2 01 16 01 1 04 16
04 222 0 15 28 02 0 07 22
04 223 1 05 23 00 1 05 23
04 224 2 11 32 04 1 04 32
04 225 0 09 64 04 1 07 64
04 226 1 15 59 05 0 05 63
04 227 2 17 17 02 1 04 17
04 228 0 07 22 01 1 07 22
04 229 1 10 38 03 1 05 38
04 230 2 03 55 03 0 04 45
04 231 0 09 64 04 1 07 64
04 232 1 15 59 05 1 05 59
04 233 2 02 68 00 1 04 68
04 234 0 16 26 00 1 07 26
04 235 1 16 19 01 1 05 19
04 236 2 01 16 01 1 04 16
04 237 0 10 74 07 0 07 49
04 238 1 02 43 04 0 05 59
04 239 2 03 55 03 0 04 32
04 240 0 07 22 01 1 07 22
04 241 1 03 42 02 1 05 42
04 242 2 17 17 02 1 04 17
04 243 0 11 15 06 1 07 15
04 244 1 05 23 00 1 05 23
04 245 2 11 32 04 0 04 55
04 246 0 08 45 03 1 07 45
04 247 1 15 59 05 0 05 07
04 248 2 03 55 03 0 04 94
04 249 0 02 77 05 0 07 33
04 250 1 02 43 04 0 05 03
04 251 2 01 16 01 0 04 03
04 252 0 15 28 02 0 07 66
04 253 1 03 42 02 0 05 04
04 254 2 17 17 02 0 04 03
04 255 0 15 28 02 0 07 04
04 256 1 05 23 00 1 05 23
04 257 2 02 68 00 0 04 55
04 258 0 09 64 04 1 07 64
04 259 1 16 19 01 1 05 19
04 260 2 11 32 04 1 04 32
04 261 0 16 26 00 1 07 26
04 262 1 10 38 03 1 05 38
04 263 2 11 32 04 1 04 32
04 264 0 11 15 06 0 07 00
04 265 1 10 38 03 1 05 38
04 266 2 02 68 00 1 04 68
04 267 0 08 45 03 1 07 45
04 268 1 05 23 00 1 05 23
04 269 2 17 17 02 1 04 17
04 270 0 02 77 05 0 07 74
04 271 1 03 42 02 1 05 42
04 272 2 03 55 03 1 04 55
04 273 0 07 22 01 1 07 22
04 274 1 02 43 04 0 05 59
04 275 2 01 16 01 1 04 16
04 276 0 10 74 07 0 07 43
04 277 1 16 19 01 1 05 19
04 278 2 02 68 00 1 05 68
04 279 0 16 26 00 1 07 26
04 280 1 15 59 05 1 05 59
04 281 2 17 17 02 1 05 17
04 282 0 08 45 03 1 07 45
04 283 1 16 19 01 1 05 19
04 284 2 05 58 05 0 05 55
04 285 0 15 28 02 1 07 28
04 286 1 15 59 05 1 05 59
04 287 2 03 55 03 1 05 55
04 288 0 10 74 07 1 07 74
04 289 1 03 42 02 1 05 42
04 290 2 01 16 01 1 05 16
04 291 0 02 77 05 0 07 43
04 292 1 10 38 03 1 05 38
04 293 2 11 32 04 0 05 45
04 294 0 11 15 06 0 07 00
04 295 1 02 43 04 1 05 43
04 296 2 17 17 02 1 05 17
04 297 0 09 64 04 1 07 64
04 298 1 05 23 00 1 05 23
04 299 2 01 16 01 1 05 16
