00 000 0 00 60 00 0 00 63
00 001 1 06 43 00 1 00 43
00 002 2 13 48 00 1 00 48
00 003 0 00 60 00 1 00 60
00 004 1 06 43 00 1 01 43
00 005 2 13 48 00 0 01 00
00 006 0 06 33 01 1 01 33
00 007 1 03 17 01 1 01 17
00 008 2 07 40 01 1 01 40
00 009 0 00 60 00 1 01 60
00 010 1 10 14 02 1 02 14
00 011 2 07 40 01 1 01 40
00 012 0 00 60 00 1 02 60
00 013 1 06 43 00 1 02 43
00 014 2 13 48 00 1 01 48
00 015 0 17 52 02 0 02 53
00 016 1 03 17 01 1 02 17
00 017 2 00 50 02 1 02 50
00 018 0 06 33 01 1 02 33
00 019 1 10 14 02 0 03 11
00 020 2 13 48 00 1 02 48
00 021 0 00 60 00 1 02 60
00 022 1 03 17 01 1 03 17
00 023 2 07 40 01 0 02 48
00 024 0 06 33 01 1 02 33
00 025 1 08 29 03 1 03 29
00 026 2 13 48 00 0 02 50
00 027 0 17 52 02 0 02 14
00 028 1 06 43 00 1 03 43
00 029 2 00 50 02 1 02 50
00 030 0 00 60 00 1 02 60
00 031 1 10 14 02 0 03 33
00 032 2 07 40 01 0 02 48
00 033 0 06 33 01 1 02 33
00 034 1 08 29 03 1 03 29
00 035 2 07 40 01 0 02 43
00 036 0 17 52 02 0 02 17
00 037 1 03 17 01 1 03 17
00 038 2 13 48 00 0 02 43
00 039 0 06 33 01 0 02 52
00 040 1 06 43 00 0 03 17
00 041 2 00 50 02 1 02 50
00 042 0 00 60 00 1 02 60
00 043 1 10 14 02 0 03 33
00 044 2 00 50 02 1 02 50
00 045 0 17 52 02 1 02 52
00 046 1 08 29 03 1 03 29
00 047 2 07 40 01 0 02 43
00 048 0 17 52 02 0 02 48
00 049 1 06 43 00 0 03 48
00 050 2 13 48 00 0 02 40
00 051 0 06 33 01 0 02 17
00 052 1 03 17 01 0 03 14
00 053 2 07 40 01 0 02 43
00 054 0 00 60 00 1 02 60
00 055 1 06 43 00 0 03 48
00 056 2 00 50 02 1 02 50
00 057 0 06 33 01 1 02 33
00 058 1 08 29 03 1 03 29
00 059 2 13 48 00 1 02 48
00 060 0 00 60 00 1 02 60
00 061 1 03 17 01 0 03 43
00 062 2 13 48 00 1 02 48
00 063 0 17 52 02 1 02 52
00 064 1 10 14 02 0 03 33
00 065 2 07 40 01 0 02 43
00 066 0 17 52 02 1 03 52
00 067 1 06 43 00 0 03 14
00 068 2 00 50 02 1 02 50
00 069 0 00 60 00 1 03 60
00 070 1 03 17 01 1 03 17
00 071 2 00 50 02 1 02 50
00 072 0 03 71 03 1 03 71
00 073 1 08 29 03 1 03 29
00 074 2 07 40 01 0 02 43
00 075 0 06 33 01 1 03 33
00 076 1 10 14 02 1 03 14
00 077 2 13 48 00 0 02 40
00 078 0 13 42 04 1 04 42
00 079 1 08 29 03 1 03 29
00 080 2 00 50 02 1 02 50
00 081 0 17 52 02 1 04 52
00 082 1 03 17 01 0 03 43
00 083 2 13 48 00 0 02 40
00 084 0 06 33 01 1 04 33
00 085 1 10 14 02 0 03 17
00 086 2 07 40 01 0 02 48
00 087 0 00 60 00 1 04 60
00 088 1 06 43 00 0 03 17
00 089 2 07 40 01 1 02 40
00 090 0 03 71 03 1 04 71
00 091 1 08 29 03 1 03 29
00 092 2 00 50 02 1 02 50
00 093 0 17 52 02 0 05 60
00 094 1 06 43 00 0 03 17
00 095 2 13 48 00 1 02 48
00 096 0 03 71 03 1 05 71
00 097 1 10 14 02 1 03 14
00 098 2 07 40 01 0 03 51
00 099 0 15 67 05 0 05 62
00 100 1 03 17 01 0 03 14
00 101 2 13 48 00 0 03 40
00 102 0 00 60 00 1 05 60
00 103 1 06 43 00 0 03 14
00 104 2 09 54 03 0 03 40
00 105 0 06 33 01 1 05 33
00 106 1 08 29 03 1 03 29
00 107 2 00 50 02 1 03 50
00 108 0 13 42 04 0 05 52
00 109 1 03 17 01 0 03 43
00 110 2 13 48 00 0 03 40
00 111 0 15 67 05 0 05 61
00 112 1 10 14 02 0 03 43
00 113 2 07 40 01 1 03 40
00 114 0 03 71 03 1 05 71
00 115 1 03 17 01 0 03 43
00 116 2 00 50 02 1 03 50
00 117 0 17 52 02 1 05 52
00 118 1 06 43 00 0 03 14
00 119 2 09 54 03 0 03 40
00 120 0 00 60 00 1 05 60
00 121 1 10 14 02 0 03 17
00 122 2 07 40 01 0 03 53
00 123 0 13 42 04 0 05 52
00 124 1 08 29 03 1 03 29
00 125 2 09 54 03 0 03 40
00 126 0 06 33 01 1 05 33
00 127 1 06 43 00 1 03 43
00 128 2 13 48 00 0 03 40
00 129 0 13 42 04 0 05 62
00 130 1 03 17 01 1 03 17
00 131 2 00 50 02 1 03 50
00 132 0 17 52 02 1 05 52
00 133 1 10 14 02 0 03 43
00 134 2 00 50 02 1 03 50
00 135 0 03 71 03 1 05 71
00 136 1 08 29 03 1 03 29
00 137 2 09 54 03 0 03 53
00 138 0 06 33 01 1 05 33
00 139 1 06 43 00 1 03 43
00 140 2 13 48 00 1 03 48
00 141 0 00 60 00 1 05 60
00 142 1 03 17 01 0 03 43
00 143 2 07 40 01 0 03 52
00 144 0 15 67 05 0 05 61
00 145 1 10 14 02 0 03 48
00 146 2 13 48 00 1 03 48
00 147 0 17 52 02 0 05 62
00 148 1 08 29 03 1 03 29
00 149 2 09 54 03 0 03 40
00 150 0 00 60 00 1 05 60
00 151 1 03 17 01 0 03 14
00 152 2 00 50 02 1 03 50
00 153 0 15 67 05 1 05 67
00 154 1 10 14 02 0 03 43
00 155 2 07 40 01 0 03 04
00 156 0 03 71 03 1 05 71
00 157 1 06 43 00 0 03 17
00 158 2 07 40 01 0 03 52
00 159 0 13 42 04 0 05 63
00 160 1 08 29 03 1 03 29
00 161 2 00 50 02 1 03 50
00 162 0 06 33 01 1 05 33
00 163 1 06 43 00 0 03 42
00 164 2 09 54 03 0 03 48
00 165 0 17 52 02 0 05 61
00 166 1 10 14 02 0 03 43
00 167 2 13 48 00 1 03 48
00 168 0 15 67 05 0 05 52
00 169 1 03 17 01 0 03 48
00 170 2 07 40 01 1 03 40
00 171 0 00 60 00 1 05 60
00 172 1 08 29 03 1 03 29
00 173 2 13 48 00 1 03 48
00 174 0 03 71 03 1 05 71
00 175 1 08 29 03 1 03 29
00 176 2 00 50 02 1 03 50
00 177 0 06 33 01 1 05 33
00 178 1 10 14 02 0 03 17
00 179 2 09 54 03 0 03 52
00 180 0 13 42 04 0 05 62
00 181 1 03 17 01 0 03 14
00 182 2 07 40 01 1 03 40
00 183 0 17 52 02 1 05 52
00 184 1 06 43 00 1 03 43
00 185 2 09 54 03 0 03 52
00 186 0 06 33 01 1 05 33
00 187 1 03 17 01 1 03 17
00 188 2 13 48 00 1 03 48
00 189 0 15 67 05 1 05 67
00 190 1 08 29 03 1 03 29
00 191 2 00 50 02 1 03 50
00 192 0 13 42 04 0 05 52
00 193 1 06 43 00 0 03 17
00 194 2 13 48 00 1 03 48
00 195 0 03 71 03 1 05 71
00 196 1 10 14 02 0 03 43
00 197 2 09 54 03 0 03 52
00 198 0 00 60 00 1 05 60
00 199 1 10 14 02 1 03 14
00 200 2 07 40 01 1 03 40
00 201 0 06 33 01 1 05 33
00 202 1 03 17 01 1 03 17
00 203 2 00 50 02 1 03 50
00 204 0 00 60 00 1 05 60
00 205 1 06 43 00 0 03 42
00 206 2 13 48 00 1 03 48
00 207 0 03 71 03 1 05 71
00 208 1 08 29 03 1 03 29
00 209 2 00 50 02 1 03 50
00 210 0 13 42 04 0 05 52
00 211 1 03 17 01 1 03 17
00 212 2 09 54 03 0 03 53
00 213 0 17 52 02 0 05 61
00 214 1 06 43 00 0 03 14
00 215 2 07 40 01 1 03 40
00 216 0 15 67 05 1 05 67
00 217 1 08 29 03 1 03 29
00 218 2 00 50 02 1 03 50
00 219 0 15 67 05 1 05 67
00 220 1 10 14 02 0 03 43
00 221 2 13 48 00 1 03 48
00 222 0 17 52 02 0 05 54
00 223 1 08 29 03 1 03 29
00 224 2 07 40 01 0 03 54
00 225 0 03 71 03 1 05 71
00 226 1 10 14 02 0 03 54
00 227 2 09 54 03 1 03 54
00 228 0 00 60 00 1 05 60
00 229 1 03 17 01 1 03 17
00 230 2 09 54 03 0 03 40
00 231 0 06 33 01 1 05 33
00 232 1 06 43 00 0 03 17
00 233 2 07 40 01 1 03 40
00 234 0 13 42 04 0 05 63
00 235 1 08 29 03 1 03 29
00 236 2 00 50 02 1 03 50
00 237 0 03 71 03 1 05 71
00 238 1 10 14 02 0 03 31
00 239 2 13 48 00 1 03 48
00 240 0 13 42 04 0 05 63
00 241 1 03 17 01 0 03 14
00 242 2 13 48 00 1 03 48
00 243 0 15 67 05 1 05 67
00 244 1 06 43 00 1 03 43
00 245 2 09 54 03 1 03 54
00 246 0 06 33 01 1 05 33
00 247 1 03 17 01 1 03 17
00 248 2 00 50 02 1 03 50
00 249 0 00 60 00 1 05 60
00 250 1 08 29 03 1 03 29
00 251 2 07 40 01 1 03 40
00 252 0 17 52 02 0 05 67
00 253 1 06 43 00 0 03 17
00 254 2 11 65 04 0 04 63
00 255 0 15 67 05 1 05 67
00 256 1 10 14 02 0 03 43
00 257 2 13 48 00 0 04 64
00 258 0 13 42 04 0 05 63
00 259 1 03 17 01 1 03 17
00 260 2 00 50 02 1 04 50
00 261 0 03 71 03 1 05 71
00 262 1 06 43 00 1 03 43
00 263 2 07 40 01 1 04 40
00 264 0 17 52 02 1 05 52
00 265 1 08 29 03 1 03 29
00 266 2 09 54 03 1 04 54
00 267 0 06 33 01 1 05 33
00 268 1 10 14 02 1 03 14
00 269 2 07 40 01 0 04 54
00 270 0 00 60 00 1 05 60
00 271 1 10 14 02 0 04 43
00 272 2 13 48 00 0 04 64
00 273 0 06 33 01 1 05 33
00 274 1 01 45 04 0 04 42
00 275 2 09 54 03 1 04 54
00 276 0 00 60 00 1 05 60
00 277 1 03 17 01 0 04 14
00 278 2 00 50 02 1 04 50
00 279 0 15 67 05 1 05 67
00 280 1 06 43 00 1 04 43
00 281 2 11 65 04 0 04 48
00 282 0 17 52 02 1 05 52
00 283 1 08 29 03 1 04 29
00 284 2 11 65 04 0 04 48
00 285 0 13 42 04 0 05 63
00 286 1 06 43 00 1 04 43
00 287 2 13 48 00 0 04 64
00 288 0 03 71 03 1 05 71
00 289 1 01 45 04 0 04 04
00 290 2 00 50 02 1 04 50
00 291 0 17 52 02 1 05 52
00 292 1 03 17 01 0 04 43
00 293 2 07 40 01 1 04 40
00 294 0 03 71 03 1 05 71
00 295 1 08 29 03 1 04 29
00 296 2 09 54 03 1 04 54
00 297 0 13 42 04 0 05 52
00 298 1 10 14 02 0 04 43
00 299 2 07 40 01 1 04 40
