18 000 0 03 34 00 1 00 34
18 001 1 03 33 00 1 00 33
18 002 2 13 65 00 1 00 65
18 003 0 04 42 01 0 01 60
18 004 1 03 33 00 1 01 33
18 005 2 05 45 01 0 01 65
18 006 0 03 34 00 1 01 34
18 007 1 17 12 01 1 01 12
18 008 2 13 65 00 1 01 65
18 009 0 04 42 01 0 01 34
18 010 1 08 13 02 1 02 13
18 011 2 13 65 00 1 01 65
18 012 0 03 34 00 1 01 34
18 013 1 17 12 01 1 02 12
18 014 2 05 45 01 0 01 65
18 015 0 04 42 01 1 01 42
18 016 1 03 33 00 1 02 33
18 017 2 13 65 00 1 01 65
18 018 0 03 34 00 1 01 34
18 019 1 09 66 03 1 03 66
18 020 2 05 45 01 1 01 45
18 021 0 04 42 01 1 02 42
18 022 1 17 12 01 1 03 12
18 023 2 13 65 00 1 02 65
18 024 0 10 32 02 1 02 32
18 025 1 03 33 00 1 03 33
18 026 2 00 16 02 1 02 16
18 027 0 03 34 00 1 02 34
18 028 1 08 13 02 1 03 13
18 029 2 05 45 01 1 02 45
18 030 0 13 37 03 1 03 37
18 031 1 09 66 03 1 04 66
18 032 2 02 30 03 1 03 30
18 033 0 03 34 00 1 03 34
18 034 1 03 33 00 1 04 33
18 035 2 00 16 02 1 03 16
18 036 0 04 42 01 1 03 42
18 037 1 17 12 01 1 04 12
18 038 2 05 45 01 0 03 65
18 039 0 10 32 02 1 03 32
18 040 1 10 35 04 1 04 35
18 041 2 13 65 00 1 03 65
18 042 0 10 32 02 1 04 32
18 043 1 08 13 02 1 04 13
18 044 2 13 65 00 1 03 65
18 045 0 13 37 03 1 04 37
18 046 1 17 12 01 1 05 12
18 047 2 05 45 01 1 03 45
18 048 0 04 42 01 1 04 42
18 049 1 03 33 00 1 05 33
18 050 2 00 16 02 1 03 16
18 051 0 03 34 00 1 04 34
18 052 1 09 66 03 1 05 66
18 053 2 02 30 03 1 03 30
18 054 0 00 57 04 1 04 57
18 055 1 08 13 02 1 05 13
18 056 2 05 45 01 0 04 30
18 057 0 04 42 01 1 05 42
18 058 1 11 17 05 1 05 17
18 059 2 13 65 00 0 04 45
18 060 0 05 47 05 1 05 47
18 061 1 10 35 04 1 05 35
18 062 2 17 43 04 1 04 43
18 063 0 13 37 03 1 05 37
18 064 1 09 66 03 1 06 66
18 065 2 02 30 03 1 04 30
18 066 0 00 57 04 1 05 57
18 067 1 10 35 04 1 06 35
18 068 2 00 16 02 1 04 16
18 069 0 10 32 02 1 05 32
18 070 1 08 13 02 1 06 13
18 071 2 05 45 01 0 04 30
18 072 0 03 34 00 1 05 34
18 073 1 17 12 01 1 06 12
18 074 2 02 30 03 1 04 30
18 075 0 04 42 01 1 06 42
18 076 1 11 17 05 1 06 17
18 077 2 00 16 02 1 04 16
18 078 0 13 37 03 1 06 37
18 079 1 01 23 06 1 06 23
18 080 2 17 43 04 1 04 43
18 081 0 06 44 06 1 06 44
18 082 1 03 33 00 1 06 33
18 083 2 13 65 00 0 04 45
18 084 0 05 47 05 1 06 47
18 085 1 17 12 01 1 07 12
18 086 2 00 16 02 1 04 16
18 087 0 03 34 00 1 06 34
18 088 1 10 35 04 1 07 35
18 089 2 02 30 03 1 04 30
18 090 0 10 32 02 1 06 32
18 091 1 09 66 03 1 07 66
18 092 2 05 45 01 1 04 45
18 093 0 00 57 04 0 06 42
18 094 1 03 33 00 1 07 33
18 095 2 17 43 04 0 04 65
18 096 0 13 37 03 1 06 37
18 097 1 11 17 05 1 07 17
18 098 2 13 65 00 1 04 65
18 099 0 03 34 00 1 06 34
18 100 1 01 23 06 1 07 23
18 101 2 13 65 00 1 04 65
18 102 0 04 42 01 1 06 42
18 103 1 08 13 02 1 07 13
18 104 2 17 43 04 0 04 65
18 105 0 00 57 04 1 06 57
18 106 1 13 25 07 1 07 25
18 107 2 05 45 01 0 04 30
18 108 0 06 44 06 1 06 44
18 109 1 12 51 08 1 08 51
18 110 2 00 16 02 1 04 16
18 111 0 10 32 02 1 06 32
18 112 1 10 35 04 1 08 35
18 113 2 02 30 03 1 04 30
18 114 0 05 47 05 1 06 47
18 115 1 08 13 02 1 08 13
18 116 2 13 65 00 1 04 65
18 117 0 10 32 02 1 07 32
18 118 1 11 17 05 1 08 17
18 119 2 17 43 04 1 04 43
18 120 0 13 37 03 1 07 37
18 121 1 01 23 06 1 08 23
18 122 2 05 45 01 0 04 60
18 123 0 06 44 06 1 07 44
18 124 1 09 66 03 1 08 66
18 125 2 00 16 02 1 04 16
18 126 0 04 42 01 1 07 42
18 127 1 03 33 00 1 08 33
18 128 2 02 30 03 1 04 30
18 129 0 05 47 05 1 07 47
18 130 1 17 12 01 1 08 12
18 131 2 02 30 03 1 04 30
18 132 0 09 56 07 1 07 56
18 133 1 13 25 07 1 08 25
18 134 2 05 45 01 1 04 45
18 135 0 03 34 00 0 07 32
18 136 1 13 25 07 1 09 25
18 137 2 17 43 04 1 04 43
18 138 0 00 57 04 0 07 42
18 139 1 10 35 04 1 09 35
18 140 2 00 16 02 1 04 16
18 141 0 05 47 05 1 07 47
18 142 1 08 13 02 1 09 13
18 143 2 13 65 00 0 04 43
18 144 0 09 56 07 1 07 56
18 145 1 09 66 03 1 09 66
18 146 2 02 30 03 1 04 30
18 147 0 10 32 02 1 07 32
18 148 1 01 23 06 1 09 23
18 149 2 00 16 02 1 04 16
18 150 0 13 37 03 1 07 37
18 151 1 07 41 09 1 09 41
18 152 2 13 65 00 1 04 65
18 153 0 00 57 04 1 07 57
18 154 1 12 51 08 1 09 51
18 155 2 05 45 01 1 04 45
18 156 0 04 42 01 1 07 42
18 157 1 17 12 01 1 09 12
18 158 2 17 43 04 1 04 43
18 159 0 03 34 00 1 07 34
18 160 1 03 33 00 1 09 33
18 161 2 00 16 02 1 05 16
18 162 0 06 44 06 1 07 44
18 163 1 11 17 05 1 09 17
18 164 2 17 43 04 0 05 50
18 165 0 13 37 03 1 08 37
18 166 1 17 12 01 1 10 12
18 167 2 05 45 01 0 05 30
18 168 0 09 56 07 1 08 56
18 169 1 09 66 03 1 10 66
18 170 2 13 65 00 0 05 50
18 171 0 04 42 01 1 08 42
18 172 1 08 13 02 1 10 13
18 173 2 02 30 03 1 05 30
18 174 0 00 57 04 1 08 57
18 175 1 12 51 08 1 10 51
18 176 2 15 50 05 0 05 65
18 177 0 05 47 05 1 08 47
18 178 1 03 33 00 1 10 33
18 179 2 17 43 04 0 05 65
18 180 0 10 32 02 1 08 32
18 181 1 11 17 05 1 10 17
18 182 2 02 30 03 1 05 30
18 183 0 17 70 08 1 08 70
18 184 1 02 49 10 1 10 49
18 185 2 13 65 00 1 05 65
18 186 0 03 34 00 1 08 34
18 187 1 13 25 07 1 10 25
18 188 2 05 45 01 0 05 43
18 189 0 06 44 06 1 08 44
18 190 1 10 35 04 1 10 35
18 191 2 15 50 05 0 05 65
18 192 0 09 56 07 1 09 56
18 193 1 01 23 06 1 10 23
18 194 2 00 16 02 1 05 16
18 195 0 00 57 04 1 09 57
18 196 1 07 41 09 1 10 41
18 197 2 15 50 05 1 05 50
18 198 0 13 37 03 1 09 37
18 199 1 17 12 01 1 11 12
18 200 2 05 45 01 0 05 30
18 201 0 06 44 06 1 09 44
18 202 1 07 41 09 1 11 41
18 203 2 02 30 03 1 05 30
18 204 0 11 59 09 1 09 59
18 205 1 10 35 04 1 11 35
18 206 2 17 43 04 1 05 43
18 207 0 17 70 08 1 09 70
18 208 1 03 33 00 1 11 33
18 209 2 00 16 02 1 05 16
18 210 0 03 34 00 1 09 34
18 211 1 09 66 03 1 11 66
18 212 2 13 65 00 0 05 50
18 213 0 04 42 01 1 09 42
18 214 1 13 25 07 1 11 25
18 215 2 05 45 01 1 05 45
18 216 0 10 32 02 1 09 32
18 217 1 01 23 06 1 11 23
18 218 2 00 16 02 1 05 16
18 219 0 05 47 05 1 09 47
18 220 1 12 51 08 1 11 51
18 221 2 17 43 04 0 05 50
18 222 0 03 34 00 0 10 32
18 223 1 02 49 10 1 11 49
18 224 2 02 30 03 1 05 30
18 225 0 10 32 02 1 10 32
18 226 1 08 13 02 1 11 13
18 227 2 15 50 05 0 05 43
18 228 0 11 59 09 1 10 59
18 229 1 06 62 11 1 11 62
18 230 2 13 65 00 0 05 50
18 231 0 04 42 01 1 10 42
18 232 1 11 17 05 1 11 17
18 233 2 05 45 01 1 05 45
18 234 0 05 47 05 1 10 47
18 235 1 17 12 01 1 12 12
18 236 2 17 43 04 0 05 50
18 237 0 09 56 07 1 10 56
18 238 1 06 62 11 1 12 62
18 239 2 15 50 05 1 05 50
18 240 0 00 57 04 1 10 57
18 241 1 16 28 12 1 12 28
18 242 2 13 65 00 1 05 65
18 243 0 06 44 06 1 10 44
18 244 1 03 33 00 1 12 33
18 245 2 02 30 03 1 05 30
18 246 0 17 70 08 1 10 70
18 247 1 02 49 10 1 12 49
18 248 2 00 16 02 1 05 16
18 249 0 16 61 10 1 10 61
18 250 1 11 17 05 1 12 17
18 251 2 02 30 03 1 05 30
18 252 0 13 37 03 1 10 37
18 253 1 10 35 04 1 12 35
18 254 2 13 65 00 0 05 45
18 255 0 03 34 00 1 10 34
18 256 1 09 66 03 1 12 66
18 257 2 05 45 01 1 05 45
18 258 0 05 47 05 1 10 47
18 259 1 07 41 09 1 12 41
18 260 2 00 16 02 1 05 16
18 261 0 13 37 03 1 10 37
18 262 1 12 51 08 1 12 51
18 263 2 15 50 05 0 05 43
18 264 0 06 44 06 1 10 44
18 265 1 08 13 02 1 12 13
18 266 2 17 43 04 1 05 43
18 267 0 09 56 07 1 10 56
18 268 1 13 25 07 1 12 25
18 269 2 00 16 02 1 05 16
18 270 0 11 59 09 1 10 59
18 271 1 01 23 06 1 12 23
18 272 2 05 45 01 1 05 45
18 273 0 04 42 01 1 10 42
18 274 1 02 49 10 1 13 49
18 275 2 15 50 05 1 05 50
18 276 0 10 32 02 1 10 32
18 277 1 06 62 11 1 13 62
18 278 2 13 65 00 1 05 65
18 279 0 17 70 08 1 10 70
18 280 1 10 35 04 1 13 35
18 281 2 02 30 03 1 05 30
18 282 0 16 61 10 1 10 61
18 283 1 11 17 05 1 13 17
18 284 2 17 43 04 0 05 50
18 285 0 00 57 04 1 10 57
18 286 1 07 41 09 1 13 41
18 287 2 00 16 02 1 05 16
18 288 0 13 37 03 1 11 37
18 289 1 09 66 03 1 13 66
18 290 2 02 30 03 1 05 30
18 291 0 04 42 01 1 11 42
18 292 1 08 13 02 1 13 13
18 293 2 13 65 00 0 05 50
18 294 0 06 44 06 1 11 44
18 295 1 03 33 00 1 13 33
18 296 2 15 50 05 0 05 43
18 297 0 16 61 10 1 11 61
18 298 1 13 25 07 1 13 25
18 299 2 05 45 01 1 05 45
