21 000 0 04 56 00 1 00 56
21 001 1 08 43 00 1 00 43
21 002 2 10 53 00 1 00 53
21 003 0 11 67 01 0 01 63
21 004 1 09 73 01 0 01 63
21 005 2 06 62 01 0 01 63
21 006 0 04 56 00 1 01 56
21 007 1 08 43 00 1 01 43
21 008 2 10 53 00 0 01 52
21 009 0 04 56 00 1 01 56
21 010 1 08 43 00 0 01 63
21 011 2 10 53 00 1 01 53
21 012 0 11 67 01 0 01 43
21 013 1 09 73 01 1 01 73
21 014 2 06 62 01 1 01 62
21 015 0 04 56 00 1 01 56
21 016 1 08 43 00 0 01 06
21 017 2 10 53 00 1 02 53
21 018 0 11 67 01 0 01 57
21 019 1 09 73 01 1 01 73
21 020 2 16 48 02 1 02 48
21 021 0 11 67 01 1 01 67
21 022 1 08 43 00 0 01 48
21 023 2 06 62 01 1 02 62
21 024 0 04 56 00 1 01 56
21 025 1 09 73 01 1 01 73
21 026 2 16 48 02 0 03 60
21 027 0 04 56 00 1 02 56
21 028 1 09 73 01 1 01 73
21 029 2 10 53 00 0 03 60
21 030 0 11 67 01 1 02 67
21 031 1 08 43 00 1 01 43
21 032 2 06 62 01 1 03 62
21 033 0 05 45 02 0 02 56
21 034 1 08 43 00 1 02 43
21 035 2 11 60 03 0 03 53
21 036 0 04 56 00 1 02 56
21 037 1 09 73 01 1 02 73
21 038 2 11 60 03 0 03 53
21 039 0 05 45 02 1 02 45
21 040 1 11 59 02 1 02 59
21 041 2 10 53 00 1 03 53
21 042 0 11 67 01 0 02 56
21 043 1 08 43 00 1 03 43
21 044 2 06 62 01 1 03 62
21 045 0 05 45 02 0 02 56
21 046 1 11 59 02 1 03 59
21 047 2 16 48 02 1 03 48
21 048 0 11 67 01 1 02 67
21 049 1 17 38 03 1 03 38
21 050 2 11 60 03 0 03 53
21 051 0 04 56 00 1 02 56
21 052 1 09 73 01 1 03 73
21 053 2 16 48 02 1 03 48
21 054 0 04 56 00 1 02 56
21 055 1 11 59 02 1 04 59
21 056 2 10 53 00 0 03 62
21 057 0 05 45 02 0 02 56
21 058 1 08 43 00 0 04 67
21 059 2 06 62 01 1 03 62
21 060 0 11 67 01 0 02 43
21 061 1 02 51 04 1 04 51
21 062 2 16 48 02 1 03 48
21 063 0 05 45 02 0 02 56
21 064 1 17 38 03 1 04 38
21 065 2 10 53 00 1 03 53
21 066 0 04 56 00 1 02 56
21 067 1 09 73 01 1 04 73
21 068 2 06 62 01 1 03 62
21 069 0 11 67 01 1 02 67
21 070 1 17 38 03 1 04 38
21 071 2 11 60 03 1 03 60
21 072 0 05 45 02 0 02 56
21 073 1 09 73 01 1 04 73
21 074 2 06 62 01 1 04 62
21 075 0 04 56 00 1 02 56
21 076 1 08 43 00 1 04 43
21 077 2 16 48 02 1 04 48
21 078 0 11 67 01 1 02 67
21 079 1 02 51 04 1 04 51
21 080 2 13 21 04 0 04 53
21 081 0 04 56 00 1 02 56
21 082 1 11 59 02 1 04 59
21 083 2 10 53 00 0 04 52
21 084 0 11 67 01 1 02 67
21 085 1 11 59 02 1 05 59
21 086 2 11 60 03 0 04 53
21 087 0 05 45 02 1 02 45
21 088 1 09 73 01 1 05 73
21 089 2 06 62 01 1 04 62
21 090 0 11 67 01 1 03 67
21 091 1 17 38 03 1 05 38
21 092 2 13 21 04 0 04 60
21 093 0 03 34 03 0 03 38
21 094 1 00 41 05 1 05 41
21 095 2 10 53 00 1 04 53
21 096 0 05 45 02 0 03 56
21 097 1 02 51 04 1 05 51
21 098 2 16 48 02 1 04 48
21 099 0 04 56 00 1 03 56
21 100 1 08 43 00 1 05 43
21 101 2 11 60 03 0 04 53
21 102 0 03 34 03 1 03 34
21 103 1 00 41 05 1 06 41
21 104 2 16 48 02 1 04 48
21 105 0 04 56 00 1 03 56
21 106 1 17 38 03 1 06 38
21 107 2 11 60 03 0 04 53
21 108 0 05 45 02 1 03 45
21 109 1 02 51 04 1 06 51
21 110 2 06 62 01 1 04 62
21 111 0 11 67 01 0 03 43
21 112 1 09 73 01 1 06 73
21 113 2 10 53 00 1 04 53
21 114 0 11 67 01 1 03 67
21 115 1 11 59 02 1 06 59
21 116 2 13 21 04 1 04 21
21 117 0 04 56 00 1 03 56
21 118 1 08 43 00 1 06 43
21 119 2 16 48 02 1 04 48
21 120 0 05 45 02 1 03 45
21 121 1 07 79 06 1 06 79
21 122 2 10 53 00 1 04 53
21 123 0 03 34 03 1 03 34
21 124 1 09 73 01 1 07 73
21 125 2 06 62 01 1 04 62
21 126 0 05 45 02 1 04 45
21 127 1 00 41 05 1 07 41
21 128 2 11 60 03 0 04 21
21 129 0 15 16 04 1 04 16
21 130 1 15 58 07 0 07 34
21 131 2 13 21 04 0 04 60
21 132 0 04 56 00 1 04 56
21 133 1 11 59 02 1 07 59
21 134 2 06 62 01 1 04 62
21 135 0 11 67 01 1 04 67
21 136 1 02 51 04 0 07 41
21 137 2 16 48 02 1 04 48
21 138 0 03 34 03 1 04 34
21 139 1 07 79 06 1 07 79
21 140 2 10 53 00 1 04 53
21 141 0 14 31 05 1 05 31
21 142 1 08 43 00 1 07 43
21 143 2 11 60 03 0 04 21
21 144 0 15 16 04 1 05 16
21 145 1 17 38 03 1 07 38
21 146 2 13 21 04 1 04 21
21 147 0 04 56 00 1 05 56
21 148 1 11 59 02 1 07 59
21 149 2 13 21 04 0 04 53
21 150 0 11 67 01 1 05 67
21 151 1 00 41 05 1 07 41
21 152 2 11 60 03 0 04 53
21 153 0 05 45 02 1 05 45
21 154 1 09 73 01 1 07 73
21 155 2 16 48 02 1 04 48
21 156 0 03 34 03 1 05 34
21 157 1 07 79 06 1 07 79
21 158 2 10 53 00 1 04 53
21 159 0 11 67 01 1 06 67
21 160 1 08 43 00 1 07 43
21 161 2 06 62 01 1 04 62
21 162 0 12 47 06 0 06 57
21 163 1 02 51 04 1 07 51
21 164 2 16 48 02 1 04 48
21 165 0 05 45 02 1 06 45
21 166 1 17 38 03 1 07 38
21 167 2 06 62 01 1 04 62
21 168 0 14 31 05 0 06 38
21 169 1 15 58 07 1 07 58
21 170 2 10 53 00 0 04 60
21 171 0 04 56 00 1 06 56
21 172 1 11 59 02 1 08 59
21 173 2 13 21 04 1 04 21
21 174 0 15 16 04 1 06 16
21 175 1 00 41 05 1 08 41
21 176 2 11 60 03 1 04 60
21 177 0 03 34 03 1 06 34
21 178 1 04 24 08 0 08 29
21 179 2 06 62 01 1 04 62
21 180 0 11 67 01 1 06 67
21 181 1 17 38 03 1 08 38
21 182 2 10 53 00 1 04 53
21 183 0 15 16 04 1 06 16
21 184 1 02 51 04 0 08 41
21 185 2 13 21 04 1 04 21
21 186 0 14 31 05 0 06 38
21 187 1 08 43 00 0 08 67
21 188 2 11 60 03 0 04 53
21 189 0 05 45 02 1 06 45
21 190 1 15 58 07 1 08 58
21 191 2 16 48 02 1 04 48
21 192 0 12 47 06 0 06 37
21 193 1 07 79 06 1 08 79
21 194 2 11 60 03 0 04 53
21 195 0 03 34 03 1 06 34
21 196 1 09 73 01 1 08 73
21 197 2 10 53 00 1 04 53
21 198 0 04 56 00 1 06 56
21 199 1 17 38 03 1 08 38
21 200 2 13 21 04 1 04 21
21 201 0 03 34 03 1 06 34
21 202 1 04 24 08 1 08 24
21 203 2 16 48 02 1 04 48
21 204 0 12 47 06 0 06 37
21 205 1 00 41 05 1 08 41
21 206 2 06 62 01 1 04 62
21 207 0 05 45 02 1 06 45
21 208 1 08 43 00 0 08 67
21 209 2 10 53 00 0 04 60
21 210 0 14 31 05 1 06 31
21 211 1 02 51 04 1 08 51
21 212 2 06 62 01 1 04 62
21 213 0 04 56 00 1 06 56
21 214 1 07 79 06 1 08 79
21 215 2 11 60 03 0 04 53
21 216 0 11 67 01 0 06 43
21 217 1 09 73 01 1 08 73
21 218 2 13 21 04 0 04 60
21 219 0 15 16 04 1 06 16
21 220 1 15 58 07 1 08 58
21 221 2 16 48 02 1 04 48
21 222 0 15 16 04 1 06 16
21 223 1 11 59 02 1 08 59
21 224 2 10 53 00 1 04 53
21 225 0 04 56 00 1 06 56
21 226 1 08 43 00 1 08 43
21 227 2 16 48 02 1 04 48
21 228 0 05 45 02 1 06 45
21 229 1 04 24 08 1 08 24
21 230 2 06 62 01 1 04 62
21 231 0 03 34 03 1 06 34
21 232 1 00 41 05 1 08 41
21 233 2 11 60 03 0 04 53
21 234 0 14 31 05 0 06 00
21 235 1 02 51 04 1 08 51
21 236 2 13 21 04 1 04 21
21 237 0 12 47 06 1 06 47
21 238 1 17 38 03 1 08 38
21 239 2 11 60 03 0 04 53
21 240 0 11 67 01 1 06 67
21 241 1 11 59 02 1 08 59
21 242 2 13 21 04 1 04 21
21 243 0 12 47 06 1 06 47
21 244 1 09 73 01 1 08 73
21 245 2 06 62 01 1 04 62
21 246 0 04 56 00 1 06 56
21 247 1 07 79 06 1 08 79
21 248 2 10 53 00 1 04 53
21 249 0 03 34 03 1 06 34
21 250 1 15 58 07 1 08 58
21 251 2 16 48 02 1 04 48
21 252 0 11 67 01 1 06 67
21 253 1 08 43 00 1 09 43
21 254 2 10 53 00 0 04 60
21 255 0 14 31 05 0 06 38
21 256 1 06 68 09 0 09 79
21 257 2 16 48 02 1 04 48
21 258 0 15 16 04 1 06 16
21 259 1 17 38 03 1 09 38
21 260 2 11 60 03 1 04 60
21 261 0 05 45 02 1 06 45
21 262 1 02 51 04 1 09 51
21 263 2 06 62 01 1 04 62
21 264 0 14 31 05 1 06 31
21 265 1 04 24 08 1 09 24
21 266 2 13 21 04 1 04 21
21 267 0 04 56 00 1 06 56
21 268 1 00 41 05 1 09 41
21 269 2 10 53 00 1 04 53
21 270 0 05 45 02 1 06 45
21 271 1 11 59 02 0 09 58
21 272 2 11 60 03 1 04 60
21 273 0 11 67 01 1 06 67
21 274 1 07 79 06 1 09 79
21 275 2 06 62 01 1 04 62
21 276 0 15 16 04 1 06 16
21 277 1 09 73 01 1 09 73
21 278 2 13 21 04 1 04 21
21 279 0 12 47 06 0 06 57
21 280 1 15 58 07 1 09 58
21 281 2 16 48 02 1 04 48
21 282 0 03 34 03 1 06 34
21 283 1 17 38 03 1 09 38
21 284 2 06 62 01 1 05 62
21 285 0 15 16 04 1 06 16
21 286 1 00 41 05 1 09 41
21 287 2 16 48 02 1 05 48
21 288 0 12 47 06 1 06 47
21 289 1 06 68 09 0 09 63
21 290 2 10 53 00 1 05 53
21 291 0 04 56 00 1 06 56
21 292 1 15 58 07 1 09 58
21 293 2 13 21 04 1 05 21
21 294 0 03 34 03 0 06 02
21 295 1 09 73 01 1 09 73
21 296 2 11 60 03 1 05 60
21 297 0 14 31 05 1 06 31
21 298 1 11 59 02 1 09 59
21 299 2 00 46 05 1 05 46
