17 000 0 07 56 00 1 00 56
17 001 1 10 30 00 1 00 30
17 002 2 09 75 00 0 00 70
17 003 0 10 33 01 0 01 59
17 004 1 10 30 00 0 01 36
17 005 2 09 75 00 0 00 70
17 006 0 07 56 00 1 01 56
17 007 1 14 59 01 1 01 59
17 008 2 09 75 00 1 00 75
17 009 0 07 56 00 1 01 56
17 010 1 14 59 01 1 01 59
17 011 2 09 75 00 0 01 70
17 012 0 10 33 01 0 01 30
17 013 1 10 30 00 0 01 36
17 014 2 12 61 01 0 01 75
17 015 0 07 56 00 1 01 56
17 016 1 10 30 00 0 01 33
17 017 2 12 61 01 1 01 61
17 018 0 10 33 01 0 01 36
17 019 1 14 59 01 1 01 59
17 020 2 09 75 00 0 01 61
17 021 0 10 33 01 1 01 33
17 022 1 14 59 01 1 01 59
17 023 2 12 61 01 0 01 75
17 024 0 07 56 00 1 01 56
17 025 1 10 30 00 1 01 30
17 026 2 09 75 00 0 01 61
17 027 0 07 56 00 1 02 56
17 028 1 14 59 01 1 02 59
17 029 2 09 75 00 1 01 75
17 030 0 15 38 02 1 02 38
17 031 1 10 30 00 0 02 33
17 032 2 12 61 01 0 01 75
17 033 0 10 33 01 1 02 33
17 034 1 04 52 02 0 02 58
17 035 2 09 75 00 0 01 61
17 036 0 07 56 00 1 03 56
17 037 1 04 52 02 1 02 52
17 038 2 12 61 01 0 01 75
17 039 0 15 38 02 1 03 38
17 040 1 14 59 01 1 02 59
17 041 2 09 75 00 0 01 61
17 042 0 02 79 03 0 03 58
17 043 1 10 30 00 1 02 30
17 044 2 12 61 01 0 01 75
17 045 0 10 33 01 1 03 33
17 046 1 14 59 01 1 03 59
17 047 2 12 61 01 1 01 61
17 048 0 07 56 00 1 03 56
17 049 1 04 52 02 1 03 52
17 050 2 09 75 00 0 01 61
17 051 0 10 33 01 0 03 30
17 052 1 10 30 00 1 03 30
17 053 2 12 61 01 0 01 75
17 054 0 02 79 03 0 03 56
17 055 1 17 21 03 0 03 27
17 056 2 09 75 00 1 01 75
17 057 0 15 38 02 1 03 38
17 058 1 17 21 03 1 03 21
17 059 2 09 75 00 1 01 75
17 060 0 02 79 03 0 03 59
17 061 1 04 52 02 0 03 59
17 062 2 12 61 01 1 01 61
17 063 0 07 56 00 1 03 56
17 064 1 14 59 01 1 03 59
17 065 2 13 34 02 0 02 61
17 066 0 10 33 01 1 03 33
17 067 1 10 30 00 1 03 30
17 068 2 12 61 01 1 02 61
17 069 0 15 38 02 1 03 38
17 070 1 04 52 02 1 03 52
17 071 2 09 75 00 1 02 75
17 072 0 07 56 00 1 03 56
17 073 1 14 59 01 1 03 59
17 074 2 09 75 00 1 02 75
17 075 0 15 38 02 1 03 38
17 076 1 17 21 03 1 03 21
17 077 2 12 61 01 0 02 34
17 078 0 02 79 03 1 03 79
17 079 1 10 30 00 0 03 33
17 080 2 13 34 02 1 02 34
17 081 0 10 33 01 1 03 33
17 082 1 17 21 03 1 03 21
17 083 2 09 75 00 1 02 75
17 084 0 07 56 00 1 04 56
17 085 1 10 30 00 1 03 30
17 086 2 12 61 01 0 02 34
17 087 0 15 38 02 1 04 38
17 088 1 14 59 01 1 03 59
17 089 2 13 34 02 1 02 34
17 090 0 09 35 04 1 04 35
17 091 1 04 52 02 0 03 72
17 092 2 12 61 01 0 02 34
17 093 0 10 33 01 1 04 33
17 094 1 10 30 00 1 03 30
17 095 2 09 75 00 1 02 75
17 096 0 02 79 03 0 04 52
17 097 1 14 59 01 1 03 59
17 098 2 13 34 02 1 02 34
17 099 0 09 35 04 1 04 35
17 100 1 04 52 02 0 03 59
17 101 2 13 34 02 0 02 61
17 102 0 07 56 00 1 04 56
17 103 1 17 21 03 1 03 21
17 104 2 12 61 01 1 02 61
17 105 0 02 79 03 0 04 59
17 106 1 04 52 02 1 03 52
17 107 2 09 75 00 1 02 75
17 108 0 10 33 01 1 04 33
17 109 1 10 30 00 1 03 30
17 110 2 13 34 02 1 02 34
17 111 0 15 38 02 1 04 38
17 112 1 14 59 01 1 03 59
17 113 2 12 61 01 0 02 07
17 114 0 10 33 01 0 04 30
17 115 1 17 21 03 1 03 21
17 116 2 09 75 00 0 02 34
17 117 0 15 38 02 1 04 38
17 118 1 14 59 01 1 04 59
17 119 2 09 75 00 0 02 34
17 120 0 02 79 03 0 04 59
17 121 1 17 21 03 1 04 21
17 122 2 13 34 02 1 02 34
17 123 0 07 56 00 1 04 56
17 124 1 04 52 02 0 04 59
17 125 2 12 61 01 1 02 61
17 126 0 09 35 04 1 04 35
17 127 1 13 14 04 1 04 14
17 128 2 13 34 02 1 02 34
17 129 0 09 35 04 1 04 35
17 130 1 10 30 00 1 04 30
17 131 2 09 75 00 1 02 75
17 132 0 07 56 00 1 04 56
17 133 1 14 59 01 1 04 59
17 134 2 12 61 01 1 02 61
17 135 0 10 33 01 1 04 33
17 136 1 13 14 04 1 04 14
17 137 2 14 58 03 0 03 34
17 138 0 15 38 02 1 04 38
17 139 1 17 21 03 1 04 21
17 140 2 09 75 00 1 03 75
17 141 0 02 79 03 1 04 79
17 142 1 10 30 00 1 04 30
17 143 2 13 34 02 0 03 68
17 144 0 17 53 05 0 05 38
17 145 1 04 52 02 1 04 52
17 146 2 12 61 01 1 03 61
17 147 0 15 38 02 1 05 38
17 148 1 04 52 02 1 05 52
17 149 2 13 34 02 1 03 34
17 150 0 07 56 00 1 05 56
17 151 1 02 55 05 0 05 58
17 152 2 09 75 00 1 03 75
17 153 0 10 33 01 1 05 33
17 154 1 14 59 01 1 05 59
17 155 2 14 58 03 0 03 34
17 156 0 09 35 04 1 05 35
17 157 1 10 30 00 1 05 30
17 158 2 12 61 01 0 03 75
17 159 0 02 79 03 0 05 59
17 160 1 13 14 04 1 05 14
17 161 2 13 34 02 0 03 61
17 162 0 15 38 02 1 05 38
17 163 1 17 21 03 1 05 21
17 164 2 14 58 03 1 03 58
17 165 0 09 35 04 1 05 35
17 166 1 13 14 04 1 05 14
17 167 2 12 61 01 1 03 61
17 168 0 17 53 05 0 05 38
17 169 1 14 59 01 1 05 59
17 170 2 09 75 00 1 03 75
17 171 0 02 79 03 0 05 59
17 172 1 10 30 00 1 05 30
17 173 2 13 34 02 0 03 61
17 174 0 10 33 01 1 05 33
17 175 1 17 21 03 1 05 21
17 176 2 14 58 03 0 03 34
17 177 0 07 56 00 1 05 56
17 178 1 04 52 02 0 05 59
17 179 2 12 61 01 1 03 61
17 180 0 07 56 00 1 05 56
17 181 1 02 55 05 0 05 58
17 182 2 09 75 00 1 03 75
17 183 0 02 79 03 1 05 79
17 184 1 13 14 04 1 05 14
17 185 2 14 58 03 0 03 34
17 186 0 09 35 04 1 05 35
17 187 1 14 59 01 1 05 59
17 188 2 09 75 00 1 03 75
17 189 0 10 33 01 1 05 33
17 190 1 10 30 00 1 05 30
17 191 2 12 61 01 0 03 75
17 192 0 17 53 05 1 05 53
17 193 1 17 21 03 1 05 21
17 194 2 13 34 02 0 03 61
17 195 0 15 38 02 1 05 38
17 196 1 04 52 02 0 05 79
17 197 2 09 75 00 1 03 75
17 198 0 07 56 00 1 06 56
17 199 1 02 55 05 1 05 55
17 200 2 13 34 02 1 03 34
17 201 0 02 79 03 1 06 79
17 202 1 04 52 02 1 05 52
17 203 2 12 61 01 1 03 61
17 204 0 17 53 05 1 06 53
17 205 1 17 21 03 1 05 21
17 206 2 14 58 03 0 03 61
17 207 0 10 33 01 1 06 33
17 208 1 14 59 01 1 05 59
17 209 2 13 34 02 0 03 61
17 210 0 15 38 02 1 06 38
17 211 1 02 55 05 1 05 55
17 212 2 12 61 01 1 03 61
17 213 0 09 35 04 1 06 35
17 214 1 13 14 04 1 05 14
17 215 2 09 75 00 0 03 72
17 216 0 16 18 06 0 06 03
17 217 1 10 30 00 0 05 03
17 218 2 14 58 03 0 03 34
17 219 0 02 79 03 1 06 79
17 220 1 04 52 02 1 05 52
17 221 2 12 61 01 1 03 61
17 222 0 15 38 02 1 06 38
17 223 1 02 55 05 1 05 55
17 224 2 14 58 03 0 03 34
17 225 0 17 53 05 0 06 38
17 226 1 17 21 03 1 05 21
17 227 2 13 34 02 0 03 06
17 228 0 09 35 04 1 06 35
17 229 1 13 14 04 1 05 14
17 230 2 09 75 00 1 03 75
17 231 0 07 56 00 1 06 56
17 232 1 10 30 00 1 05 30
17 233 2 12 61 01 1 03 61
17 234 0 10 33 01 1 06 33
17 235 1 14 59 01 1 05 59
17 236 2 14 58 03 0 03 34
17 237 0 16 18 06 0 06 58
17 238 1 02 55 05 1 06 55
17 239 2 09 75 00 1 03 75
17 240 0 17 53 05 0 06 38
17 241 1 10 30 00 1 06 30
17 242 2 13 34 02 0 03 61
17 243 0 07 56 00 1 06 56
17 244 1 17 21 03 0 06 02
17 245 2 09 75 00 1 03 75
17 246 0 09 35 04 1 06 35
17 247 1 14 59 01 1 06 59
17 248 2 14 58 03 0 03 61
17 249 0 02 79 03 1 06 79
17 250 1 13 14 04 1 06 14
17 251 2 12 61 01 1 03 61
17 252 0 15 38 02 1 06 38
17 253 1 04 52 02 0 06 79
17 254 2 13 34 02 1 03 34
17 255 0 10 33 01 1 06 33
17 256 1 07 15 06 0 06 14
17 257 2 09 75 00 1 03 75
17 258 0 16 18 06 1 06 18
17 259 1 07 15 06 1 06 15
17 260 2 13 34 02 0 03 58
17 261 0 07 56 00 1 06 56
17 262 1 02 55 05 1 06 55
17 263 2 14 58 03 0 03 34
17 264 0 09 35 04 1 06 35
17 265 1 04 52 02 1 06 52
17 266 2 12 61 01 1 03 61
17 267 0 10 33 01 1 06 33
17 268 1 17 21 03 1 06 21
17 269 2 13 34 02 1 03 34
17 270 0 17 53 05 0 06 38
17 271 1 13 14 04 1 06 14
17 272 2 12 61 01 1 03 61
17 273 0 16 18 06 0 06 38
17 274 1 14 59 01 1 06 59
17 275 2 09 75 00 1 03 75
17 276 0 15 38 02 1 06 38
17 277 1 10 30 00 1 06 30
17 278 2 14 58 03 1 03 58
17 279 0 02 79 03 1 06 79
17 280 1 13 14 04 1 07 14
17 281 2 03 51 04 1 04 51
17 282 0 17 53 05 1 06 53
17 283 1 08 32 07 0 07 31
17 284 2 12 61 01 1 04 61
17 285 0 02 79 03 1 06 79
17 286 1 14 59 01 1 07 59
17 287 2 13 34 02 1 04 34
17 288 0 16 18 06 1 06 18
17 289 1 10 30 00 1 07 30
17 290 2 14 58 03 0 04 34
17 291 0 09 35 04 1 06 35
17 292 1 04 52 02 1 07 52
17 293 2 09 75 00 1 04 75
17 294 0 07 56 00 1 06 56
17 295 1 07 15 06 1 07 15
17 296 2 13 34 02 1 04 34
17 297 0 10 33 01 1 06 33
17 298 1 17 21 03 1 07 21
17 299 2 03 51 04 0 04 02
