08 000 0 12 74 00 1 00 74
08 001 1 05 36 00 1 00 36
08 002 2 17 67 00 1 00 67
08 003 0 00 59 01 0 01 53
08 004 1 15 49 01 1 01 49
08 005 2 17 67 00 0 01 79
08 006 0 12 74 00 1 01 74
08 007 1 05 36 00 1 01 36
08 008 2 11 73 01 0 01 74
08 009 0 12 74 00 1 01 74
08 010 1 05 36 00 0 02 67
08 011 2 17 67 00 1 01 67
08 012 0 00 59 01 1 01 59
08 013 1 15 49 01 1 02 49
08 014 2 11 73 01 0 01 74
08 015 0 00 59 01 1 02 59
08 016 1 03 30 02 1 02 30
08 017 2 11 73 01 0 01 67
08 018 0 08 68 02 1 02 68
08 019 1 15 49 01 1 02 49
08 020 2 17 67 00 1 01 67
08 021 0 12 74 00 1 02 74
08 022 1 03 30 02 1 02 30
08 023 2 11 73 01 1 01 73
08 024 0 08 68 02 1 03 68
08 025 1 05 36 00 0 02 71
08 026 2 17 67 00 0 01 07
08 027 0 00 59 01 1 03 59
08 028 1 15 49 01 0 02 64
08 029 2 17 67 00 1 01 67
08 030 0 03 18 03 1 03 18
08 031 1 05 36 00 0 02 74
08 032 2 11 73 01 0 01 36
08 033 0 12 74 00 0 03 59
08 034 1 03 30 02 1 02 30
08 035 2 17 67 00 1 01 67
08 036 0 12 74 00 1 03 74
08 037 1 05 36 00 0 02 73
08 038 2 11 73 01 0 01 67
08 039 0 03 18 03 1 03 18
08 040 1 15 49 01 0 02 39
08 041 2 11 73 01 1 01 73
08 042 0 08 68 02 1 03 68
08 043 1 03 30 02 1 02 30
08 044 2 17 67 00 0 01 73
08 045 0 00 59 01 1 03 59
08 046 1 05 36 00 1 02 36
08 047 2 11 73 01 1 01 73
08 048 0 00 59 01 1 04 59
08 049 1 03 30 02 0 02 40
08 050 2 17 67 00 1 01 67
08 051 0 08 68 02 1 04 68
08 052 1 15 49 01 1 02 49
08 053 2 14 75 02 1 02 75
08 054 0 12 74 00 0 04 49
08 055 1 15 49 01 1 02 49
08 056 2 17 67 00 1 02 67
08 057 0 03 18 03 1 04 18
08 058 1 05 36 00 0 02 74
08 059 2 11 73 01 1 02 73
08 060 0 01 54 04 1 04 54
08 061 1 03 30 02 0 02 40
08 062 2 11 73 01 0 03 75
08 063 0 03 18 03 1 04 18
08 064 1 05 36 00 1 02 36
08 065 2 00 42 03 1 03 42
08 066 0 08 68 02 1 04 68
08 067 1 15 49 01 1 02 49
08 068 2 17 67 00 0 03 73
08 069 0 00 59 01 0 04 74
08 070 1 03 30 02 1 02 30
08 071 2 14 75 02 1 03 75
08 072 0 01 54 04 1 04 54
08 073 1 05 36 00 1 03 36
08 074 2 11 73 01 0 03 75
08 075 0 12 74 00 1 04 74
08 076 1 15 49 01 1 03 49
08 077 2 00 42 03 1 03 42
08 078 0 00 59 01 1 04 59
08 079 1 03 30 02 1 03 30
08 080 2 14 75 02 0 03 73
08 081 0 08 68 02 0 04 18
08 082 1 00 11 03 1 03 11
08 083 2 17 67 00 1 03 67
08 084 0 12 74 00 1 04 74
08 085 1 17 64 04 1 04 64
08 086 2 11 73 01 0 03 75
08 087 0 03 18 03 1 04 18
08 088 1 03 30 02 1 04 30
08 089 2 00 42 03 1 03 42
08 090 0 01 54 04 1 04 54
08 091 1 15 49 01 1 04 49
08 092 2 17 67 00 1 03 67
08 093 0 00 59 01 1 04 59
08 094 1 00 11 03 1 04 11
08 095 2 14 75 02 0 03 73
08 096 0 03 18 03 1 04 18
08 097 1 05 36 00 0 04 74
08 098 2 17 67 00 1 03 67
08 099 0 08 68 02 0 04 18
08 100 1 15 49 01 1 04 49
08 101 2 00 42 03 1 03 42
08 102 0 12 74 00 1 04 74
08 103 1 03 30 02 1 04 30
08 104 2 11 73 01 1 03 73
08 105 0 01 54 04 1 04 54
08 106 1 17 64 04 1 04 64
08 107 2 14 75 02 1 03 75
08 108 0 01 54 04 1 04 54
08 109 1 05 36 00 1 04 36
08 110 2 17 67 00 1 04 67
08 111 0 03 18 03 1 04 18
08 112 1 00 11 03 1 04 11
08 113 2 12 69 04 1 04 69
08 114 0 00 59 01 1 04 59
08 115 1 05 36 00 1 05 36
08 116 2 14 75 02 1 04 75
08 117 0 08 68 02 1 04 68
08 118 1 00 11 03 1 05 11
08 119 2 00 42 03 1 04 42
08 120 0 12 74 00 1 04 74
08 121 1 17 64 04 1 05 64
08 122 2 11 73 01 0 04 69
08 123 0 00 59 01 1 05 59
08 124 1 15 49 01 1 05 49
08 125 2 17 67 00 1 04 67
08 126 0 12 74 00 1 05 74
08 127 1 03 30 02 1 05 30
08 128 2 14 75 02 1 04 75
08 129 0 01 54 04 1 05 54
08 130 1 08 71 05 1 05 71
08 131 2 11 73 01 0 04 75
08 132 0 03 18 03 1 05 18
08 133 1 17 64 04 1 06 64
08 134 2 00 42 03 1 04 42
08 135 0 16 65 05 0 05 13
08 136 1 15 49 01 1 06 49
08 137 2 12 69 04 1 04 69
08 138 0 08 68 02 1 05 68
08 139 1 03 30 02 1 06 30
08 140 2 11 73 01 1 04 73
08 141 0 16 65 05 1 05 65
08 142 1 08 71 05 1 06 71
08 143 2 17 67 00 1 04 67
08 144 0 00 59 01 1 05 59
08 145 1 05 36 00 1 06 36
08 146 2 12 69 04 1 04 69
08 147 0 08 68 02 1 05 68
08 148 1 09 13 06 1 06 13
08 149 2 14 75 02 1 04 75
08 150 0 12 74 00 1 05 74
08 151 1 00 11 03 1 06 11
08 152 2 00 42 03 1 04 42
08 153 0 01 54 04 1 05 54
08 154 1 07 35 07 1 07 35
08 155 2 00 42 03 1 05 42
08 156 0 03 18 03 1 05 18
08 157 1 15 49 01 1 07 49
08 158 2 11 73 01 1 05 73
08 159 0 16 65 05 1 06 65
08 160 1 08 71 05 1 07 71
08 161 2 17 67 00 1 05 67
08 162 0 14 63 06 1 06 63
08 163 1 03 30 02 1 07 30
08 164 2 12 69 04 1 05 69
08 165 0 08 68 02 1 06 68
08 166 1 09 13 06 1 07 13
08 167 2 03 46 05 1 05 46
08 168 0 03 18 03 1 06 18
08 169 1 17 64 04 1 07 64
08 170 2 14 75 02 1 05 75
08 171 0 00 59 01 1 06 59
08 172 1 00 11 03 1 07 11
08 173 2 12 69 04 1 06 69
08 174 0 12 74 00 1 06 74
08 175 1 05 36 00 1 07 36
08 176 2 11 73 01 1 06 73
08 177 0 01 54 04 1 06 54
08 178 1 00 11 03 1 08 11
08 179 2 08 53 06 1 06 53
08 180 0 03 18 03 1 07 18
08 181 1 05 36 00 1 08 36
08 182 2 00 42 03 1 06 42
08 183 0 08 68 02 1 07 68
08 184 1 07 35 07 1 08 35
08 185 2 17 67 00 1 06 67
08 186 0 00 59 01 1 07 59
08 187 1 17 64 04 1 08 64
08 188 2 14 75 02 1 06 75
08 189 0 16 65 05 1 07 65
08 190 1 03 30 02 1 08 30
08 191 2 03 46 05 1 06 46
08 192 0 14 63 06 0 07 36
08 193 1 08 71 05 1 08 71
08 194 2 00 42 03 1 07 42
08 195 0 01 54 04 1 07 54
08 196 1 15 49 01 1 08 49
08 197 2 17 67 00 1 07 67
08 198 0 12 74 00 1 07 74
08 199 1 09 13 06 0 08 36
08 200 2 11 73 01 1 07 73
08 201 0 02 21 07 1 07 21
08 202 1 16 40 08 1 08 40
08 203 2 08 53 06 1 07 53
08 204 0 16 65 05 0 07 63
08 205 1 17 64 04 1 08 64
08 206 2 03 46 05 0 07 53
08 207 0 01 54 04 1 07 54
08 208 1 08 71 05 1 08 71
08 209 2 14 75 02 0 07 67
08 210 0 14 63 06 1 07 63
08 211 1 05 36 00 0 08 63
08 212 2 12 69 04 1 07 69
08 213 0 03 18 03 1 07 18
08 214 1 15 49 01 1 08 49
08 215 2 01 27 07 0 07 42
08 216 0 08 68 02 1 07 68
08 217 1 07 35 07 0 08 63
08 218 2 14 75 02 1 07 75
08 219 0 12 74 00 1 07 74
08 220 1 16 40 08 1 08 40
08 221 2 08 53 06 1 07 53
08 222 0 00 59 01 1 07 59
08 223 1 03 30 02 1 08 30
08 224 2 12 69 04 1 07 69
08 225 0 02 21 07 0 07 40
08 226 1 00 11 03 1 08 11
08 227 2 17 67 00 1 07 67
08 228 0 02 21 07 1 07 21
08 229 1 09 13 06 1 08 13
08 230 2 11 73 01 1 07 73
08 231 0 16 65 05 0 07 35
08 232 1 03 30 02 1 08 30
08 233 2 01 27 07 1 07 27
08 234 0 12 74 00 1 07 74
08 235 1 16 40 08 1 08 40
08 236 2 00 42 03 1 07 42
08 237 0 00 59 01 1 07 59
08 238 1 08 71 05 1 08 71
08 239 2 03 46 05 0 07 27
08 240 0 14 63 06 0 07 35
08 241 1 00 11 03 1 08 11
08 242 2 12 69 04 1 07 69
08 243 0 01 54 04 1 07 54
08 244 1 05 36 00 1 08 36
08 245 2 17 67 00 1 07 67
08 246 0 03 18 03 1 07 18
08 247 1 15 49 01 1 08 49
08 248 2 01 27 07 1 07 27
08 249 0 08 68 02 1 07 68
08 250 1 07 35 07 1 08 35
08 251 2 00 42 03 1 07 42
08 252 0 02 21 07 1 07 21
08 253 1 09 13 06 1 08 13
08 254 2 14 75 02 1 07 75
08 255 0 03 18 03 1 07 18
08 256 1 17 64 04 0 08 11
08 257 2 03 46 05 0 07 53
08 258 0 01 54 04 1 07 54
08 259 1 00 11 03 1 08 11
08 260 2 11 73 01 1 07 73
08 261 0 00 59 01 1 07 59
08 262 1 15 49 01 1 08 49
08 263 2 08 53 06 1 07 53
08 264 0 08 68 02 1 07 68
08 265 1 07 35 07 1 08 35
08 266 2 01 27 07 0 07 46
08 267 0 14 63 06 1 07 63
08 268 1 08 71 05 1 08 71
08 269 2 12 69 04 1 07 69
08 270 0 12 74 00 1 07 74
08 271 1 03 30 02 1 08 30
08 272 2 03 46 05 1 07 46
08 273 0 16 65 05 1 07 65
08 274 1 09 13 06 1 08 13
08 275 2 17 67 00 1 07 67
08 276 0 03 18 03 1 08 18
08 277 1 16 40 08 0 08 41
08 278 2 08 53 06 1 07 53
08 279 0 00 59 01 1 08 59
08 280 1 17 64 04 1 08 64
08 281 2 14 75 02 1 07 75
08 282 0 16 65 05 1 08 65
08 283 1 05 36 00 0 08 69
08 284 2 11 73 01 1 07 73
08 285 0 02 21 07 1 08 21
08 286 1 05 36 00 1 08 36
08 287 2 00 42 03 1 07 42
08 288 0 09 19 08 1 08 19
08 289 1 03 30 02 1 08 30
08 290 2 12 69 04 1 07 69
08 291 0 12 74 00 1 08 74
08 292 1 00 11 03 1 08 11
08 293 2 03 46 05 0 07 27
08 294 0 14 63 06 1 08 63
08 295 1 08 71 05 1 08 71
08 296 2 01 27 07 1 07 27
08 297 0 08 68 02 1 08 68
08 298 1 15 49 01 1 08 49
08 299 2 17 67 00 1 07 67
