01 000 0 00 48 00 1 00 48
01 001 1 06 60 00 0 00 00
01 002 2 13 43 00 0 00 00
01 003 0 00 48 00 0 01 00
01 004 1 06 60 00 0 00 00
01 005 2 13 43 00 0 00 00
01 006 0 06 40 01 0 01 00
01 007 1 06 60 00 0 00 00
01 008 2 13 43 00 0 00 00
01 009 0 06 40 01 0 01 00
01 010 1 06 60 00 0 00 00
01 011 2 13 43 00 0 00 00
01 012 0 00 48 00 0 01 00
01 013 1 06 60 00 0 00 00
01 014 2 13 43 00 0 00 00
01 015 0 00 48 00 0 01 00
01 016 1 06 60 00 0 00 00
01 017 2 13 43 00 0 00 00
01 018 0 06 40 01 0 01 00
01 019 1 06 60 00 0 00 00
01 020 2 13 43 00 0 00 00
01 021 0 00 48 00 0 01 00
01 022 1 06 60 00 0 00 00
01 023 2 13 43 00 0 00 00
01 024 0 06 40 01 0 01 00
01 025 1 06 60 00 0 00 00
01 026 2 13 43 00 0 00 00
01 027 0 06 40 01 0 01 00
01 028 1 06 60 00 0 00 00
01 029 2 13 43 00 0 00 00
01 030 0 00 48 00 0 01 00
01 031 1 06 60 00 0 00 00
01 032 2 13 43 00 0 00 00
01 033 0 06 40 01 0 01 00
01 034 1 06 60 00 0 00 00
01 035 2 13 43 00 0 00 00
01 036 0 00 48 00 0 01 00
01 037 1 06 60 00 0 00 00
01 038 2 13 43 00 0 00 00
01 039 0 00 48 00 0 01 00
01 040 1 06 60 00 0 00 00
01 041 2 13 43 00 0 00 00
01 042 0 06 40 01 0 01 00
01 043 1 06 60 00 0 00 00
01 044 2 13 43 00 0 00 00
01 045 0 00 48 00 0 01 00
01 046 1 06 60 00 0 00 00
01 047 2 13 43 00 0 00 00
01 048 0 06 40 01 0 01 00
01 049 1 06 60 00 0 00 00
01 050 2 13 43 00 0 00 00
01 051 0 06 40 01 0 01 00
01 052 1 06 60 00 0 00 00
01 053 2 13 43 00 0 00 00
01 054 0 00 48 00 0 01 00
01 055 1 06 60 00 0 00 00
01 056 2 13 43 00 0 00 00
01 057 0 00 48 00 0 01 00
01 058 1 06 60 00 0 00 00
01 059 2 13 43 00 1 00 43
01 060 0 06 40 01 1 01 40
01 061 1 06 60 00 1 00 60
01 062 2 07 17 01 1 01 17
01 063 0 06 40 01 1 01 40
01 064 1 03 33 01 1 01 33
01 065 2 13 43 00 1 01 43
01 066 0 00 48 00 1 01 48
01 067 1 06 60 00 1 01 60
01 068 2 07 17 01 1 02 17
01 069 0 06 40 01 1 02 40
01 070 1 10 52 02 1 02 52
01 071 2 00 14 02 1 02 14
01 072 0 00 48 00 1 02 48
01 073 1 03 33 01 0 02 22
01 074 2 13 43 00 1 02 43
01 075 0 17 50 02 1 02 50
01 076 1 06 60 00 1 02 60
01 077 2 07 17 01 1 03 17
01 078 0 03 54 03 1 03 54
01 079 1 06 60 00 1 02 60
01 080 2 09 29 03 0 03 24
01 081 0 06 40 01 1 03 40
01 082 1 10 52 02 1 02 52
01 083 2 00 14 02 0 03 17
01 084 0 00 48 00 1 03 48
01 085 1 03 33 01 1 02 33
01 086 2 13 43 00 1 03 43
01 087 0 17 50 02 1 03 50
01 088 1 08 71 03 1 03 71
01 089 2 00 14 02 1 03 14
01 090 0 17 50 02 1 04 50
01 091 1 03 33 01 1 03 33
01 092 2 09 29 03 0 03 17
01 093 0 00 48 00 1 04 48
01 094 1 06 60 00 1 03 60
01 095 2 13 43 00 1 03 43
01 096 0 13 65 04 1 04 65
01 097 1 10 52 02 1 03 52
01 098 2 07 17 01 1 03 17
01 099 0 06 40 01 1 04 40
01 100 1 10 52 02 1 04 52
01 101 2 07 17 01 1 03 17
01 102 0 03 54 03 1 04 54
01 103 1 08 71 03 1 04 71
01 104 2 13 43 00 1 03 43
01 105 0 17 50 02 1 05 50
01 106 1 06 60 00 1 04 60
01 107 2 09 29 03 0 03 17
01 108 0 13 65 04 1 05 65
01 109 1 03 33 01 1 04 33
01 110 2 00 14 02 1 03 14
01 111 0 06 40 01 1 05 40
01 112 1 01 42 04 1 04 42
01 113 2 07 17 01 1 03 17
01 114 0 03 54 03 0 05 00
01 115 1 08 71 03 0 05 00
01 116 2 13 43 00 1 03 43
01 117 0 15 31 05 1 05 31
01 118 1 01 42 04 1 05 42
01 119 2 09 29 03 1 03 29
01 120 0 00 48 00 1 05 48
01 121 1 03 33 01 1 05 33
01 122 2 00 14 02 0 03 00
01 123 0 00 48 00 1 05 48
01 124 1 10 52 02 1 05 52
01 125 2 13 43 00 1 03 43
01 126 0 17 50 02 1 05 50
01 127 1 06 60 00 0 05 00
01 128 2 00 14 02 0 03 00
01 129 0 13 65 04 1 05 65
01 130 1 13 67 05 1 05 67
01 131 2 09 29 03 1 03 29
01 132 0 15 31 05 1 05 31
01 133 1 06 60 00 1 05 60
01 134 2 07 17 01 1 03 17
01 135 0 03 54 03 1 05 54
01 136 1 08 71 03 1 05 71
01 137 2 07 17 01 1 03 17
01 138 0 06 40 01 1 05 40
01 139 1 10 52 02 1 05 52
01 140 2 00 14 02 1 03 14
01 141 0 15 31 05 0 06 50
01 142 1 13 67 05 1 05 67
01 143 2 09 29 03 1 03 29
01 144 0 06 40 01 1 06 40
01 145 1 01 42 04 0 05 52
01 146 2 13 43 00 1 03 43
01 147 0 13 65 04 1 06 65
01 148 1 03 33 01 1 05 33
01 149 2 11 45 04 0 04 29
01 150 0 03 54 03 1 06 54
01 151 1 10 52 02 1 05 52
01 152 2 13 43 00 1 04 43
01 153 0 00 48 00 1 06 48
01 154 1 13 67 05 1 05 67
01 155 2 00 14 02 1 04 14
01 156 0 17 50 02 1 06 50
01 157 1 03 33 01 1 05 33
01 158 2 07 17 01 1 04 17
01 159 0 05 46 06 1 06 46
01 160 1 06 60 00 1 05 60
01 161 2 09 29 03 0 04 17
01 162 0 15 31 05 1 06 31
01 163 1 08 71 03 1 05 71
01 164 2 11 45 04 0 04 29
01 165 0 00 48 00 1 06 48
01 166 1 01 42 04 0 05 00
01 167 2 13 43 00 0 04 00
01 168 0 03 54 03 1 06 54
01 169 1 08 71 03 1 05 71
01 170 2 07 17 01 1 04 17
01 171 0 06 40 01 1 06 40
01 172 1 06 60 00 0 05 00
01 173 2 09 29 03 1 04 29
01 174 0 13 65 04 1 06 65
01 175 1 03 33 01 1 05 33
01 176 2 00 14 02 1 04 14
01 177 0 17 50 02 1 06 50
01 178 1 01 42 04 1 05 42
01 179 2 13 43 00 1 04 43
01 180 0 05 46 06 1 06 46
01 181 1 10 52 02 1 05 52
01 182 2 11 45 04 1 04 45
01 183 0 15 31 05 1 07 31
01 184 1 13 67 05 1 05 67
01 185 2 00 14 02 1 04 14
01 186 0 17 50 02 1 07 50
01 187 1 10 52 02 1 05 52
01 188 2 07 17 01 1 04 17
01 189 0 05 46 06 0 07 04
01 190 1 13 67 05 1 05 67
01 191 2 09 29 03 1 04 29
01 192 0 07 49 07 1 07 49
01 193 1 08 71 03 1 05 71
01 194 2 05 23 05 1 05 23
01 195 0 03 54 03 1 07 54
01 196 1 01 42 04 1 05 42
01 197 2 09 29 03 0 05 00
01 198 0 00 48 00 1 07 48
01 199 1 03 33 01 1 05 33
01 200 2 07 17 01 1 05 17
01 201 0 06 40 01 1 07 40
01 202 1 06 60 00 1 05 60
01 203 2 11 45 04 1 05 45
01 204 0 13 65 04 1 07 65
01 205 1 01 42 04 1 06 42
01 206 2 00 14 02 1 05 14
01 207 0 15 31 05 1 07 31
01 208 1 08 71 03 1 06 71
01 209 2 13 43 00 1 05 43
01 210 0 03 54 03 0 07 05
01 211 1 17 77 06 1 06 77
01 212 2 07 17 01 0 05 23
01 213 0 00 48 00 1 07 48
01 214 1 10 52 02 1 06 52
01 215 2 13 43 00 0 05 00
01 216 0 06 40 01 1 07 40
01 217 1 03 33 01 1 06 33
01 218 2 00 14 02 1 05 14
01 219 0 17 50 02 1 07 50
01 220 1 13 67 05 1 06 67
01 221 2 11 45 04 0 05 43
01 222 0 05 46 06 1 07 46
01 223 1 06 60 00 1 06 60
01 224 2 05 23 05 0 05 17
01 225 0 07 49 07 1 07 49
01 226 1 08 71 03 1 07 71
01 227 2 09 29 03 1 05 29
01 228 0 13 65 04 1 07 65
01 229 1 03 33 01 1 07 33
01 230 2 13 43 00 1 05 43
01 231 0 13 65 04 1 07 65
01 232 1 06 60 00 1 07 60
01 233 2 07 17 01 0 05 23
01 234 0 03 54 03 1 07 54
01 235 1 01 42 04 1 07 42
01 236 2 11 45 04 1 05 45
01 237 0 17 50 02 1 07 50
01 238 1 11 63 07 1 07 63
01 239 2 00 14 02 1 05 14
01 240 0 06 40 01 1 07 40
01 241 1 10 52 02 1 07 52
01 242 2 05 23 05 1 05 23
01 243 0 00 48 00 0 07 04
01 244 1 17 77 06 1 07 77
01 245 2 09 29 03 1 05 29
01 246 0 15 31 05 1 07 31
01 247 1 13 67 05 1 07 67
01 248 2 07 17 01 1 05 17
01 249 0 05 46 06 1 07 46
01 250 1 17 77 06 1 08 77
01 251 2 00 14 02 1 05 14
01 252 0 07 49 07 1 07 49
01 253 1 01 42 04 1 08 42
01 254 2 13 43 00 0 05 04
01 255 0 03 54 03 1 07 54
01 256 1 03 33 01 1 08 33
01 257 2 09 29 03 1 05 29
01 258 0 13 65 04 1 07 65
01 259 1 15 68 08 1 08 68
01 260 2 11 45 04 1 05 45
01 261 0 00 48 00 1 07 48
01 262 1 10 52 02 1 08 52
01 263 2 05 23 05 1 05 23
01 264 0 06 40 01 1 07 40
01 265 1 11 63 07 1 08 63
01 266 2 11 45 04 1 05 45
01 267 0 05 46 06 1 07 46
01 268 1 08 71 03 1 08 71
01 269 2 05 23 05 0 05 17
01 270 0 07 49 07 1 07 49
01 271 1 06 60 00 1 08 60
01 272 2 07 17 01 0 05 27
01 273 0 17 50 02 1 07 50
01 274 1 13 67 05 1 08 67
01 275 2 00 14 02 0 05 00
01 276 0 15 31 05 1 07 31
01 277 1 11 63 07 1 09 63
01 278 2 13 43 00 0 05 04
01 279 0 17 50 02 1 08 50
01 280 1 06 60 00 1 09 60
01 281 2 09 29 03 1 05 29
01 282 0 03 54 03 1 08 54
01 283 1 13 67 05 1 09 67
01 284 2 00 14 02 1 05 14
01 285 0 15 31 05 1 08 31
01 286 1 01 42 04 1 09 42
01 287 2 11 45 04 1 05 45
01 288 0 06 40 01 1 08 40
01 289 1 10 52 02 1 09 52
01 290 2 13 43 00 0 05 45
01 291 0 07 49 07 1 08 49
01 292 1 03 33 01 1 09 33
01 293 2 05 23 05 1 05 23
01 294 0 10 26 08 1 08 26
01 295 1 17 77 06 1 09 77
01 296 2 09 29 03 0 05 17
01 297 0 05 46 06 1 08 46
01 298 1 02 44 09 1 09 44
01 299 2 07 17 01 1 05 17
