37 000 0 17 52 00 1 00 52
37 001 1 06 40 00 1 00 40
37 002 2 10 15 00 1 00 15
37 003 0 17 52 00 0 01 56
37 004 1 06 40 00 1 01 40
37 005 2 07 75 01 1 01 75
37 006 0 04 26 01 1 01 26
37 007 1 13 25 01 1 01 25
37 008 2 10 15 00 0 01 75
37 009 0 17 52 00 1 01 52
37 010 1 13 25 01 1 02 25
37 011 2 10 15 00 1 01 15
37 012 0 04 26 01 1 01 26
37 013 1 06 40 00 1 02 40
37 014 2 07 75 01 0 01 15
37 015 0 17 52 00 1 02 52
37 016 1 09 77 02 0 02 17
37 017 2 10 15 00 1 01 15
37 018 0 00 57 02 0 02 52
37 019 1 06 40 00 1 02 40
37 020 2 07 75 01 1 01 75
37 021 0 04 26 01 1 02 26
37 022 1 13 25 01 1 02 25
37 023 2 11 29 02 0 02 75
37 024 0 00 57 02 0 02 52
37 025 1 09 77 02 1 02 77
37 026 2 07 75 01 0 02 15
37 027 0 17 52 00 1 02 52
37 028 1 09 77 02 1 03 77
37 029 2 10 15 00 0 02 29
37 030 0 04 26 01 0 02 52
37 031 1 10 64 03 0 03 36
37 032 2 11 29 02 1 02 29
37 033 0 04 26 01 1 02 26
37 034 1 06 40 00 1 03 40
37 035 2 10 15 00 1 02 15
37 036 0 00 57 02 0 02 36
37 037 1 13 25 01 0 03 26
37 038 2 07 75 01 0 02 15
37 039 0 17 52 00 1 02 52
37 040 1 10 64 03 0 03 25
37 041 2 07 75 01 1 02 75
37 042 0 00 57 02 0 02 63
37 043 1 06 40 00 1 03 40
37 044 2 10 15 00 0 02 29
37 045 0 04 26 01 1 02 26
37 046 1 13 25 01 1 03 25
37 047 2 11 29 02 0 02 15
37 048 0 17 52 00 1 02 52
37 049 1 09 77 02 1 03 77
37 050 2 11 29 02 1 02 29
37 051 0 17 52 00 1 02 52
37 052 1 06 40 00 1 03 40
37 053 2 07 75 01 1 02 75
37 054 0 04 26 01 1 02 26
37 055 1 10 64 03 0 03 25
37 056 2 10 15 00 0 02 29
37 057 0 00 57 02 0 02 54
37 058 1 13 25 01 1 03 25
37 059 2 07 75 01 1 02 75
37 060 0 00 57 02 1 02 57
37 061 1 09 77 02 1 03 77
37 062 2 11 29 02 0 02 15
37 063 0 04 26 01 1 02 26
37 064 1 13 25 01 1 03 25
37 065 2 10 15 00 0 02 29
37 066 0 17 52 00 1 02 52
37 067 1 09 77 02 1 03 77
37 068 2 10 15 00 1 02 15
37 069 0 17 52 00 1 03 52
37 070 1 10 64 03 0 03 63
37 071 2 07 75 01 1 02 75
37 072 0 00 57 02 1 03 57
37 073 1 06 40 00 1 03 40
37 074 2 11 29 02 1 02 29
37 075 0 04 26 01 0 03 52
37 076 1 06 40 00 1 03 40
37 077 2 11 29 02 0 03 16
37 078 0 05 14 03 0 03 16
37 079 1 10 64 03 0 03 25
37 080 2 14 16 03 0 03 29
37 081 0 05 14 03 0 03 16
37 082 1 13 25 01 1 03 25
37 083 2 10 15 00 1 03 15
37 084 0 00 57 02 1 03 57
37 085 1 09 77 02 1 03 77
37 086 2 07 75 01 1 03 75
37 087 0 17 52 00 1 03 52
37 088 1 09 77 02 1 03 77
37 089 2 11 29 02 1 03 29
37 090 0 04 26 01 1 03 26
37 091 1 13 25 01 1 03 25
37 092 2 14 16 03 1 03 16
37 093 0 17 52 00 1 03 52
37 094 1 06 40 00 0 03 77
37 095 2 10 15 00 1 03 15
37 096 0 05 14 03 1 03 14
37 097 1 10 64 03 1 03 64
37 098 2 07 75 01 1 03 75
37 099 0 00 57 02 0 03 64
37 100 1 13 25 01 1 03 25
37 101 2 11 29 02 0 04 15
37 102 0 04 26 01 0 03 52
37 103 1 10 64 03 0 03 54
37 104 2 14 16 03 0 04 19
37 105 0 00 57 02 1 03 57
37 106 1 06 40 00 0 03 77
37 107 2 08 71 04 0 04 75
37 108 0 17 52 00 1 03 52
37 109 1 09 77 02 1 03 77
37 110 2 10 15 00 0 04 29
37 111 0 05 14 03 1 03 14
37 112 1 09 77 02 1 03 77
37 113 2 07 75 01 1 04 75
37 114 0 04 26 01 1 03 26
37 115 1 13 25 01 1 03 25
37 116 2 10 15 00 1 04 15
37 117 0 04 26 01 1 04 26
37 118 1 06 40 00 1 03 40
37 119 2 08 71 04 1 04 71
37 120 0 15 47 04 1 04 47
37 121 1 10 64 03 1 03 64
37 122 2 11 29 02 0 04 19
37 123 0 17 52 00 1 04 52
37 124 1 13 25 01 1 04 25
37 125 2 14 16 03 0 04 29
37 126 0 00 57 02 1 04 57
37 127 1 09 77 02 1 04 77
37 128 2 07 75 01 1 04 75
37 129 0 05 14 03 1 04 14
37 130 1 11 23 04 0 04 67
37 131 2 14 16 03 1 04 16
37 132 0 05 14 03 1 05 14
37 133 1 06 40 00 1 04 40
37 134 2 07 75 01 1 04 75
37 135 0 00 57 02 1 05 57
37 136 1 10 64 03 1 04 64
37 137 2 10 15 00 0 04 71
37 138 0 09 44 05 1 05 44
37 139 1 06 40 00 1 04 40
37 140 2 11 29 02 0 04 71
37 141 0 17 52 00 1 05 52
37 142 1 13 25 01 1 04 25
37 143 2 08 71 04 0 04 75
37 144 0 15 47 04 1 05 47
37 145 1 09 77 02 1 04 77
37 146 2 14 16 03 1 04 16
37 147 0 04 26 01 1 05 26
37 148 1 11 23 04 0 04 47
37 149 2 07 75 01 1 04 75
37 150 0 15 47 04 1 06 47
37 151 1 10 64 03 0 04 18
37 152 2 11 29 02 1 04 29
37 153 0 04 26 01 1 06 26
37 154 1 09 77 02 1 04 77
37 155 2 10 15 00 0 04 29
37 156 0 00 57 02 1 06 57
37 157 1 10 64 03 1 04 64
37 158 2 08 71 04 0 04 15
37 159 0 01 28 06 0 06 23
37 160 1 13 25 01 1 04 25
37 161 2 07 75 01 0 04 71
37 162 0 09 44 05 1 06 44
37 163 1 11 23 04 0 04 28
37 164 2 10 15 00 0 04 02
37 165 0 05 14 03 1 06 14
37 166 1 06 40 00 1 04 40
37 167 2 14 16 03 1 04 16
37 168 0 17 52 00 1 06 52
37 169 1 06 40 00 1 04 40
37 170 2 11 29 02 0 04 71
37 171 0 00 57 02 1 06 57
37 172 1 10 64 03 1 04 64
37 173 2 08 71 04 1 04 71
37 174 0 05 14 03 1 06 14
37 175 1 13 25 01 1 04 25
37 176 2 10 15 00 0 04 29
37 177 0 15 47 04 0 06 64
37 178 1 11 23 04 1 04 23
37 179 2 11 29 02 0 04 75
37 180 0 04 26 01 0 06 52
37 181 1 09 77 02 1 04 77
37 182 2 07 75 01 1 04 75
37 183 0 17 52 00 1 06 52
37 184 1 11 23 04 0 05 66
37 185 2 08 71 04 0 04 75
37 186 0 09 44 05 1 06 44
37 187 1 10 64 03 1 05 64
37 188 2 14 16 03 1 04 16
37 189 0 01 28 06 0 06 23
37 190 1 13 25 01 1 05 25
37 191 2 10 15 00 0 04 75
37 192 0 15 47 04 1 06 47
37 193 1 09 77 02 1 05 77
37 194 2 07 75 01 1 04 75
37 195 0 00 57 02 1 06 57
37 196 1 17 66 05 1 05 66
37 197 2 14 16 03 1 04 16
37 198 0 01 28 06 1 06 28
37 199 1 06 40 00 1 05 40
37 200 2 08 71 04 1 04 71
37 201 0 04 26 01 1 06 26
37 202 1 10 64 03 1 05 64
37 203 2 11 29 02 0 04 75
37 204 0 17 52 00 1 06 52
37 205 1 17 66 05 1 05 66
37 206 2 11 29 02 1 04 29
37 207 0 09 44 05 1 06 44
37 208 1 06 40 00 1 05 40
37 209 2 14 16 03 1 04 16
37 210 0 05 14 03 1 06 14
37 211 1 09 77 02 1 05 77
37 212 2 07 75 01 1 04 75
37 213 0 00 57 02 1 07 57
37 214 1 13 25 01 1 05 25
37 215 2 08 71 04 1 04 71
37 216 0 04 26 01 1 07 26
37 217 1 11 23 04 0 05 66
37 218 2 10 15 00 0 04 29
37 219 0 17 52 00 1 07 52
37 220 1 10 64 03 1 05 64
37 221 2 07 75 01 1 04 75
37 222 0 09 44 05 1 07 44
37 223 1 17 66 05 1 05 66
37 224 2 14 16 03 1 04 16
37 225 0 12 24 07 1 07 24
37 226 1 13 25 01 1 05 25
37 227 2 10 15 00 1 04 15
37 228 0 05 14 03 1 07 14
37 229 1 11 23 04 1 05 23
37 230 2 08 71 04 0 04 75
37 231 0 15 47 04 1 07 47
37 232 1 09 77 02 1 05 77
37 233 2 11 29 02 1 04 29
37 234 0 01 28 06 1 07 28
37 235 1 06 40 00 1 05 40
37 236 2 07 75 01 1 04 75
37 237 0 15 47 04 1 08 47
37 238 1 08 48 06 1 06 48
37 239 2 14 16 03 1 04 16
37 240 0 05 14 03 1 08 14
37 241 1 06 40 00 1 06 40
37 242 2 08 71 04 0 04 75
37 243 0 10 18 08 1 08 18
37 244 1 09 77 02 1 06 77
37 245 2 11 29 02 1 04 29
37 246 0 17 52 00 1 08 52
37 247 1 13 25 01 1 06 25
37 248 2 10 15 00 0 04 71
37 249 0 00 57 02 1 08 57
37 250 1 17 66 05 0 06 46
37 251 2 07 75 01 1 04 75
37 252 0 12 24 07 1 08 24
37 253 1 10 64 03 0 06 36
37 254 2 11 29 02 1 04 29
37 255 0 09 44 05 1 08 44
37 256 1 11 23 04 1 06 23
37 257 2 08 71 04 0 04 15
37 258 0 04 26 01 1 08 26
37 259 1 17 66 05 1 06 66
37 260 2 14 16 03 1 04 16
37 261 0 01 28 06 1 08 28
37 262 1 10 64 03 1 06 64
37 263 2 10 15 00 0 04 29
37 264 0 04 26 01 1 09 26
37 265 1 06 40 00 1 06 40
37 266 2 10 15 00 1 04 15
37 267 0 17 52 00 1 09 52
37 268 1 11 23 04 1 06 23
37 269 2 08 71 04 0 04 75
37 270 0 01 28 06 1 09 28
37 271 1 13 25 01 1 06 25
37 272 2 11 29 02 1 04 29
37 273 0 00 57 02 1 09 57
37 274 1 08 48 06 0 06 40
37 275 2 07 75 01 1 04 75
37 276 0 12 24 07 1 09 24
37 277 1 09 77 02 1 06 77
37 278 2 14 16 03 0 04 21
37 279 0 03 20 09 1 09 20
37 280 1 11 23 04 1 06 23
37 281 2 10 15 00 1 04 15
37 282 0 05 14 03 1 09 14
37 283 1 13 25 01 1 06 25
37 284 2 08 71 04 1 04 71
37 285 0 10 18 08 1 09 18
37 286 1 10 64 03 1 06 64
37 287 2 07 75 01 1 04 75
37 288 0 09 44 05 1 09 44
37 289 1 09 77 02 1 06 77
37 290 2 11 29 02 0 04 75
37 291 0 15 47 04 1 09 47
37 292 1 17 66 05 1 06 66
37 293 2 14 16 03 1 04 16
37 294 0 01 28 06 1 10 28
37 295 1 06 40 00 1 06 40
37 296 2 08 71 04 0 04 75
37 297 0 15 47 04 0 10 54
37 298 1 08 48 06 1 06 48
37 299 2 10 15 00 0 04 29
