31 000 0 17 57 00 1 00 57
31 001 1 16 28 00 1 00 28
31 002 2 02 52 00 0 00 62
31 003 0 17 57 00 0 01 28
31 004 1 08 69 01 1 01 69
31 005 2 02 52 00 0 00 28
31 006 0 11 37 01 0 01 28
31 007 1 16 28 00 1 01 28
31 008 2 02 52 00 1 00 52
31 009 0 17 57 00 0 01 62
31 010 1 02 30 02 0 02 69
31 011 2 13 50 01 1 01 50
31 012 0 11 37 01 0 01 00
31 013 1 08 69 01 1 02 69
31 014 2 02 52 00 0 01 57
31 015 0 17 57 00 1 01 57
31 016 1 16 28 00 1 02 28
31 017 2 13 50 01 1 01 50
31 018 0 11 37 01 1 01 37
31 019 1 08 69 01 1 02 69
31 020 2 02 52 00 1 01 52
31 021 0 02 19 02 1 02 19
31 022 1 16 28 00 1 02 28
31 023 2 02 52 00 1 02 52
31 024 0 11 37 01 1 02 37
31 025 1 02 30 02 0 02 37
31 026 2 13 50 01 1 02 50
31 027 0 17 57 00 0 02 52
31 028 1 16 28 00 1 02 28
31 029 2 10 13 02 1 02 13
31 030 0 17 57 00 0 02 52
31 031 1 02 30 02 1 02 30
31 032 2 02 52 00 1 03 52
31 033 0 11 37 01 1 02 37
31 034 1 08 69 01 1 02 69
31 035 2 11 49 03 1 03 49
31 036 0 02 19 02 1 02 19
31 037 1 16 28 00 1 03 28
31 038 2 13 50 01 1 03 50
31 039 0 11 37 01 1 02 37
31 040 1 08 69 01 1 03 69
31 041 2 10 13 02 1 03 13
31 042 0 02 19 02 1 02 19
31 043 1 00 56 03 0 03 73
31 044 2 02 52 00 0 04 13
31 045 0 17 57 00 1 02 57
31 046 1 02 30 02 0 03 32
31 047 2 11 49 03 1 04 49
31 048 0 11 37 01 1 03 37
31 049 1 00 56 03 1 03 56
31 050 2 15 38 04 0 04 50
31 051 0 02 19 02 1 03 19
31 052 1 02 30 02 1 03 30
31 053 2 10 13 02 1 04 13
31 054 0 17 57 00 1 03 57
31 055 1 08 69 01 1 03 69
31 056 2 13 50 01 0 04 38
31 057 0 06 55 03 1 03 55
31 058 1 16 28 00 1 03 28
31 059 2 11 49 03 0 04 38
31 060 0 16 71 04 1 04 71
31 061 1 08 69 01 1 04 69
31 062 2 15 38 04 1 04 38
31 063 0 02 19 02 1 04 19
31 064 1 02 30 02 1 04 30
31 065 2 02 52 00 0 04 13
31 066 0 06 55 03 1 04 55
31 067 1 10 35 04 1 04 35
31 068 2 13 50 01 1 04 50
31 069 0 11 37 01 1 04 37
31 070 1 00 56 03 1 04 56
31 071 2 10 13 02 1 04 13
31 072 0 17 57 00 1 04 57
31 073 1 16 28 00 1 04 28
31 074 2 11 49 03 0 04 38
31 075 0 16 71 04 1 05 71
31 076 1 16 28 00 1 05 28
31 077 2 13 50 01 1 04 50
31 078 0 11 37 01 1 05 37
31 079 1 01 16 05 0 05 00
31 080 2 10 13 02 0 04 00
31 081 0 06 55 03 1 05 55
31 082 1 08 69 01 1 05 69
31 083 2 15 38 04 1 04 38
31 084 0 17 57 00 1 05 57
31 085 1 02 30 02 1 05 30
31 086 2 02 52 00 0 04 13
31 087 0 00 44 05 1 05 44
31 088 1 00 56 03 1 05 56
31 089 2 13 50 01 1 04 50
31 090 0 02 19 02 1 05 19
31 091 1 10 35 04 0 05 03
31 092 2 15 38 04 1 04 38
31 093 0 14 40 06 1 06 40
31 094 1 08 69 01 1 05 69
31 095 2 10 13 02 0 04 49
31 096 0 17 57 00 1 06 57
31 097 1 16 28 00 1 05 28
31 098 2 11 49 03 1 04 49
31 099 0 11 37 01 1 06 37
31 100 1 02 30 02 1 05 30
31 101 2 02 52 00 1 04 52
31 102 0 16 71 04 1 06 71
31 103 1 01 16 05 1 05 16
31 104 2 15 38 04 1 04 38
31 105 0 06 55 03 1 06 55
31 106 1 10 35 04 1 05 35
31 107 2 10 13 02 1 04 13
31 108 0 02 19 02 1 06 19
31 109 1 00 56 03 1 05 56
31 110 2 02 52 00 1 04 52
31 111 0 00 44 05 1 06 44
31 112 1 08 69 01 1 06 69
31 113 2 13 50 01 1 04 50
31 114 0 03 64 07 1 07 64
31 115 1 01 16 05 1 06 16
31 116 2 11 49 03 1 04 49
31 117 0 16 71 04 1 07 71
31 118 1 16 28 00 1 06 28
31 119 2 13 50 01 1 05 50
31 120 0 14 40 06 1 07 40
31 121 1 02 30 02 1 06 30
31 122 2 11 49 03 1 05 49
31 123 0 02 19 02 1 07 19
31 124 1 10 35 04 1 06 35
31 125 2 02 52 00 1 05 52
31 126 0 00 44 05 1 07 44
31 127 1 04 54 06 0 06 64
31 128 2 10 13 02 1 05 13
31 129 0 17 57 00 1 07 57
31 130 1 00 56 03 1 06 56
31 131 2 04 61 05 0 05 13
31 132 0 11 37 01 1 07 37
31 133 1 01 16 05 1 06 16
31 134 2 15 38 04 1 05 38
31 135 0 06 55 03 1 07 55
31 136 1 02 30 02 1 06 30
31 137 2 11 49 03 1 05 49
31 138 0 00 44 05 1 08 44
31 139 1 10 35 04 1 06 35
31 140 2 02 52 00 1 05 52
31 141 0 03 64 07 1 08 64
31 142 1 04 54 06 1 06 54
31 143 2 10 13 02 0 05 49
31 144 0 14 40 06 1 08 40
31 145 1 08 69 01 1 06 69
31 146 2 04 61 05 0 05 13
31 147 0 02 19 02 1 08 19
31 148 1 00 56 03 1 06 56
31 149 2 13 50 01 1 05 50
31 150 0 16 71 04 1 08 71
31 151 1 16 28 00 1 06 28
31 152 2 15 38 04 1 05 38
31 153 0 06 55 03 1 08 55
31 154 1 00 56 03 1 07 56
31 155 2 13 50 01 1 05 50
31 156 0 17 57 00 1 08 57
31 157 1 16 28 00 1 07 28
31 158 2 04 61 05 0 05 13
31 159 0 05 34 08 1 08 34
31 160 1 01 16 05 1 07 16
31 161 2 10 13 02 1 05 13
31 162 0 11 37 01 1 08 37
31 163 1 02 30 02 1 07 30
31 164 2 11 49 03 1 05 49
31 165 0 14 40 06 1 09 40
31 166 1 10 35 04 1 07 35
31 167 2 15 38 04 0 05 50
31 168 0 00 44 05 1 09 44
31 169 1 09 11 07 1 07 11
31 170 2 02 52 00 1 05 52
31 171 0 06 55 03 0 09 44
31 172 1 08 69 01 1 07 69
31 173 2 04 61 05 1 05 61
31 174 0 03 64 07 1 09 64
31 175 1 04 54 06 1 07 54
31 176 2 10 13 02 0 05 49
31 177 0 16 71 04 1 09 71
31 178 1 02 30 02 1 08 30
31 179 2 15 38 04 0 05 50
31 180 0 08 79 09 0 09 74
31 181 1 10 35 04 1 08 35
31 182 2 13 50 01 1 05 50
31 183 0 11 37 01 1 09 37
31 184 1 09 11 07 1 08 11
31 185 2 02 52 00 1 05 52
31 186 0 05 34 08 1 09 34
31 187 1 06 14 08 1 08 14
31 188 2 11 49 03 0 05 13
31 189 0 17 57 00 1 09 57
31 190 1 01 16 05 1 08 16
31 191 2 13 50 01 1 05 50
31 192 0 02 19 02 1 09 19
31 193 1 00 56 03 0 08 30
31 194 2 02 52 00 1 05 52
31 195 0 06 55 03 0 09 44
31 196 1 08 69 01 1 08 69
31 197 2 04 61 05 0 05 13
31 198 0 14 40 06 1 09 40
31 199 1 04 54 06 1 08 54
31 200 2 10 13 02 1 05 13
31 201 0 11 37 01 1 09 37
31 202 1 16 28 00 1 08 28
31 203 2 11 49 03 1 05 49
31 204 0 16 71 04 1 09 71
31 205 1 02 30 02 1 08 30
31 206 2 15 38 04 1 05 38
31 207 0 02 19 02 1 09 19
31 208 1 08 69 01 1 08 69
31 209 2 11 49 03 0 05 48
31 210 0 03 64 07 0 09 54
31 211 1 06 14 08 1 08 14
31 212 2 15 38 04 1 05 38
31 213 0 08 79 09 1 09 79
31 214 1 00 56 03 1 08 56
31 215 2 13 50 01 0 05 49
31 216 0 17 57 00 1 09 57
31 217 1 01 16 05 1 08 16
31 218 2 10 13 02 1 05 13
31 219 0 00 44 05 1 09 44
31 220 1 10 35 04 1 08 35
31 221 2 04 61 05 1 05 61
31 222 0 05 34 08 1 09 34
31 223 1 16 28 00 0 08 35
31 224 2 02 52 00 1 05 52
31 225 0 16 71 04 1 09 71
31 226 1 09 11 07 1 08 11
31 227 2 02 52 00 1 05 52
31 228 0 05 34 08 1 09 34
31 229 1 04 54 06 1 08 54
31 230 2 15 38 04 0 05 50
31 231 0 08 79 09 1 09 79
31 232 1 06 14 08 0 08 69
31 233 2 04 61 05 1 05 61
31 234 0 00 44 05 1 09 44
31 235 1 10 35 04 1 08 35
31 236 2 11 49 03 1 05 49
31 237 0 17 57 00 1 09 57
31 238 1 16 28 00 1 08 28
31 239 2 10 13 02 1 05 13
31 240 0 03 64 07 1 09 64
31 241 1 08 69 01 1 08 69
31 242 2 13 50 01 1 05 50
31 243 0 11 37 01 1 09 37
31 244 1 00 56 03 1 08 56
31 245 2 13 50 01 1 05 50
31 246 0 14 40 06 1 09 40
31 247 1 04 54 06 1 08 54
31 248 2 15 38 04 1 05 38
31 249 0 02 19 02 1 09 19
31 250 1 09 11 07 1 08 11
31 251 2 11 49 03 1 05 49
31 252 0 06 55 03 1 09 55
31 253 1 02 30 02 1 08 30
31 254 2 10 13 02 1 05 13
31 255 0 02 19 02 1 10 19
31 256 1 01 16 05 0 08 14
31 257 2 04 61 05 1 05 61
31 258 0 16 71 04 1 10 71
31 259 1 09 11 07 1 08 11
31 260 2 02 52 00 1 05 52
31 261 0 05 34 08 1 10 34
31 262 1 01 16 05 1 08 16
31 263 2 15 38 04 1 06 38
31 264 0 03 64 07 1 10 64
31 265 1 08 69 01 0 08 14
31 266 2 04 61 05 0 06 21
31 267 0 06 55 03 1 10 55
31 268 1 16 28 00 1 08 28
31 269 2 10 13 02 0 06 49
31 270 0 14 40 06 1 10 40
31 271 1 06 14 08 0 08 69
31 272 2 03 21 06 1 06 21
31 273 0 11 37 01 1 10 37
31 274 1 00 56 03 1 08 56
31 275 2 13 50 01 1 06 50
31 276 0 17 57 00 1 10 57
31 277 1 02 30 02 1 08 30
31 278 2 02 52 00 1 06 52
31 279 0 08 79 09 1 10 79
31 280 1 04 54 06 1 08 54
31 281 2 11 49 03 1 06 49
31 282 0 09 59 10 1 10 59
31 283 1 10 35 04 1 08 35
31 284 2 04 61 05 0 06 21
31 285 0 00 44 05 1 10 44
31 286 1 06 14 08 1 08 14
31 287 2 11 49 03 1 06 49
31 288 0 09 59 10 1 11 59
31 289 1 08 69 01 1 08 69
31 290 2 13 50 01 1 06 50
31 291 0 11 37 01 1 11 37
31 292 1 09 11 07 1 08 11
31 293 2 03 21 06 0 06 61
31 294 0 03 64 07 1 11 64
31 295 1 16 28 00 1 08 28
31 296 2 02 52 00 1 06 52
31 297 0 07 70 11 0 11 29
31 298 1 00 56 03 1 08 56
31 299 2 15 38 04 0 06 50
