44 000 0 03 48 00 0 00 04
44 001 1 04 64 00 1 00 64
44 002 2 03 26 00 0 00 00
44 003 0 03 48 00 1 00 48
44 004 1 04 64 00 1 01 64
44 005 2 03 26 00 0 00 46
44 006 0 14 13 01 1 01 13
44 007 1 11 25 01 1 01 25
44 008 2 03 26 00 1 00 26
44 009 0 03 48 00 1 01 48
44 010 1 04 64 00 1 02 64
44 011 2 08 50 01 1 01 50
44 012 0 03 48 00 1 02 48
44 013 1 11 25 01 0 02 48
44 014 2 03 26 00 0 01 16
44 015 0 14 13 01 1 02 13
44 016 1 10 16 02 0 02 64
44 017 2 08 50 01 1 01 50
44 018 0 00 71 02 0 02 27
44 019 1 11 25 01 0 02 16
44 020 2 03 26 00 0 01 16
44 021 0 14 13 01 1 02 13
44 022 1 04 64 00 1 02 64
44 023 2 03 26 00 1 01 26
44 024 0 03 48 00 1 02 48
44 025 1 10 16 02 1 02 16
44 026 2 08 50 01 1 01 50
44 027 0 00 71 02 0 02 27
44 028 1 11 25 01 0 02 26
44 029 2 08 50 01 1 02 50
44 030 0 03 48 00 1 02 48
44 031 1 10 16 02 1 02 16
44 032 2 03 26 00 0 02 15
44 033 0 14 13 01 1 02 13
44 034 1 04 64 00 1 02 64
44 035 2 12 75 02 1 02 75
44 036 0 00 71 02 0 02 27
44 037 1 10 16 02 0 02 64
44 038 2 12 75 02 0 02 50
44 039 0 03 48 00 1 02 48
44 040 1 04 64 00 0 02 26
44 041 2 08 50 01 1 02 50
44 042 0 00 71 02 0 02 27
44 043 1 11 25 01 0 02 26
44 044 2 03 26 00 0 02 11
44 045 0 14 13 01 1 02 13
44 046 1 10 16 02 1 02 16
44 047 2 03 26 00 0 02 24
44 048 0 00 71 02 0 02 72
44 049 1 11 25 01 1 02 25
44 050 2 08 50 01 1 02 50
44 051 0 14 13 01 1 02 13
44 052 1 04 64 00 1 02 64
44 053 2 12 75 02 1 02 75
44 054 0 03 48 00 1 02 48
44 055 1 04 64 00 1 03 64
44 056 2 03 26 00 0 02 15
44 057 0 03 48 00 1 02 48
44 058 1 03 17 03 0 03 41
44 059 2 12 75 02 1 02 75
44 060 0 00 71 02 0 02 27
44 061 1 11 25 01 1 03 25
44 062 2 08 50 01 0 02 25
44 063 0 14 13 01 1 02 13
44 064 1 10 16 02 0 03 64
44 065 2 08 50 01 0 02 25
44 066 0 14 13 01 1 02 13
44 067 1 10 16 02 1 03 16
44 068 2 12 75 02 0 02 50
44 069 0 03 48 00 1 02 48
44 070 1 11 25 01 1 03 25
44 071 2 03 26 00 0 02 15
44 072 0 00 71 02 0 02 72
44 073 1 04 64 00 1 03 64
44 074 2 08 50 01 1 02 50
44 075 0 03 48 00 1 02 48
44 076 1 03 17 03 1 03 17
44 077 2 12 75 02 0 02 74
44 078 0 00 71 02 1 02 71
44 079 1 01 22 04 1 04 22
44 080 2 03 26 00 0 02 16
44 081 0 14 13 01 1 02 13
44 082 1 03 17 03 1 04 17
44 083 2 08 50 01 1 02 50
44 084 0 14 13 01 1 03 13
44 085 1 04 64 00 1 04 64
44 086 2 03 26 00 1 02 26
44 087 0 00 71 02 1 03 71
44 088 1 10 16 02 0 04 17
44 089 2 12 75 02 1 02 75
44 090 0 03 48 00 0 03 04
44 091 1 11 25 01 1 04 25
44 092 2 03 26 00 1 03 26
44 093 0 06 67 03 1 03 67
44 094 1 10 16 02 0 04 17
44 095 2 12 75 02 1 03 75
44 096 0 03 48 00 1 03 48
44 097 1 11 25 01 1 04 25
44 098 2 10 62 03 0 03 50
44 099 0 06 67 03 1 03 67
44 100 1 01 22 04 1 04 22
44 101 2 08 50 01 0 03 25
44 102 0 14 13 01 1 03 13
44 103 1 04 64 00 1 04 64
44 104 2 12 75 02 1 03 75
44 105 0 00 71 02 1 03 71
44 106 1 03 17 03 1 04 17
44 107 2 08 50 01 0 03 25
44 108 0 14 13 01 1 04 13
44 109 1 03 17 03 1 04 17
44 110 2 03 26 00 1 03 26
44 111 0 06 67 03 1 04 67
44 112 1 04 64 00 1 04 64
44 113 2 10 62 03 0 03 50
44 114 0 03 48 00 1 04 48
44 115 1 10 16 02 0 04 64
44 116 2 08 50 01 0 03 59
44 117 0 09 40 04 1 04 40
44 118 1 01 22 04 1 04 22
44 119 2 03 26 00 1 03 26
44 120 0 00 71 02 1 04 71
44 121 1 11 25 01 1 04 25
44 122 2 10 62 03 0 03 50
44 123 0 06 67 03 1 05 67
44 124 1 03 17 03 1 04 17
44 125 2 12 75 02 0 03 50
44 126 0 14 13 01 1 05 13
44 127 1 04 64 00 1 04 64
44 128 2 10 62 03 0 03 50
44 129 0 05 58 05 1 05 58
44 130 1 11 25 01 1 04 25
44 131 2 12 75 02 0 03 50
44 132 0 00 71 02 1 05 71
44 133 1 01 22 04 1 04 22
44 134 2 08 50 01 0 03 25
44 135 0 09 40 04 1 05 40
44 136 1 10 16 02 1 04 16
44 137 2 03 26 00 1 03 26
44 138 0 03 48 00 1 05 48
44 139 1 04 64 00 1 05 64
44 140 2 12 75 02 0 03 50
44 141 0 11 28 06 1 06 28
44 142 1 07 30 05 1 05 30
44 143 2 10 62 03 0 03 26
44 144 0 06 67 03 1 06 67
44 145 1 10 16 02 0 05 26
44 146 2 08 50 01 0 03 25
44 147 0 14 13 01 1 06 13
44 148 1 11 25 01 1 05 25
44 149 2 03 26 00 1 03 26
44 150 0 00 71 02 0 06 72
44 151 1 03 17 03 1 05 17
44 152 2 10 62 03 0 03 50
44 153 0 09 40 04 1 06 40
44 154 1 01 22 04 1 05 22
44 155 2 12 75 02 1 03 75
44 156 0 03 48 00 1 06 48
44 157 1 03 17 03 0 05 16
44 158 2 03 26 00 1 03 26
44 159 0 05 58 05 1 06 58
44 160 1 01 22 04 1 05 22
44 161 2 08 50 01 0 03 26
44 162 0 05 58 05 1 06 58
44 163 1 04 64 00 1 05 64
44 164 2 03 26 00 1 03 26
44 165 0 00 71 02 1 06 71
44 166 1 10 16 02 1 05 16
44 167 2 10 62 03 0 03 50
44 168 0 14 13 01 1 06 13
44 169 1 07 30 05 1 05 30
44 170 2 08 50 01 0 03 25
44 171 0 03 48 00 1 06 48
44 172 1 11 25 01 1 05 25
44 173 2 12 75 02 0 03 50
44 174 0 11 28 06 0 06 38
44 175 1 11 25 01 1 05 25
44 176 2 08 50 01 0 03 62
44 177 0 06 67 03 1 06 67
44 178 1 01 22 04 0 05 30
44 179 2 12 75 02 1 03 75
44 180 0 09 40 04 1 06 40
44 181 1 10 16 02 1 05 16
44 182 2 03 26 00 1 03 26
44 183 0 03 48 00 1 06 48
44 184 1 03 17 03 1 05 17
44 185 2 10 62 03 1 03 62
44 186 0 09 40 04 1 06 40
44 187 1 04 64 00 1 05 64
44 188 2 12 75 02 0 03 50
44 189 0 05 58 05 1 06 58
44 190 1 07 30 05 1 05 30
44 191 2 08 50 01 0 03 62
44 192 0 00 71 02 1 06 71
44 193 1 01 22 04 1 05 22
44 194 2 10 62 03 1 03 62
44 195 0 14 13 01 1 06 13
44 196 1 04 64 00 1 05 64
44 197 2 03 26 00 1 03 26
44 198 0 06 67 03 1 06 67
44 199 1 03 17 03 1 05 17
44 200 2 03 26 00 1 03 26
44 201 0 11 28 06 1 06 28
44 202 1 11 25 01 1 05 25
44 203 2 08 50 01 1 03 50
44 204 0 09 40 04 1 07 40
44 205 1 10 16 02 1 05 16
44 206 2 12 75 02 1 03 75
44 207 0 03 48 00 1 07 48
44 208 1 07 30 05 1 05 30
44 209 2 10 62 03 0 03 50
44 210 0 11 28 06 1 07 28
44 211 1 03 17 03 1 06 17
44 212 2 10 62 03 0 03 50
44 213 0 06 67 03 0 07 28
44 214 1 10 16 02 0 06 17
44 215 2 12 75 02 0 03 62
44 216 0 14 13 01 1 07 13
44 217 1 12 33 06 1 06 33
44 218 2 03 26 00 1 03 26
44 219 0 02 66 07 1 07 66
44 220 1 04 64 00 1 06 64
44 221 2 08 50 01 0 03 62
44 222 0 05 58 05 1 07 58
44 223 1 11 25 01 1 06 25
44 224 2 12 75 02 1 03 75
44 225 0 00 71 02 1 07 71
44 226 1 07 30 05 1 06 30
44 227 2 03 26 00 1 03 26
44 228 0 00 71 02 1 07 71
44 229 1 01 22 04 1 06 22
44 230 2 10 62 03 1 03 62
44 231 0 02 66 07 1 07 66
44 232 1 07 30 05 1 06 30
44 233 2 08 50 01 1 03 50
44 234 0 03 48 00 1 07 48
44 235 1 12 33 06 1 06 33
44 236 2 12 75 02 0 04 62
44 237 0 11 28 06 1 07 28
44 238 1 11 25 01 1 06 25
44 239 2 04 29 04 0 04 26
44 240 0 05 58 05 1 07 58
44 241 1 01 22 04 1 06 22
44 242 2 10 62 03 0 04 50
44 243 0 06 67 03 1 07 67
44 244 1 10 16 02 1 06 16
44 245 2 03 26 00 1 04 26
44 246 0 09 40 04 1 07 40
44 247 1 04 64 00 1 06 64
44 248 2 08 50 01 1 04 50
44 249 0 14 13 01 1 07 13
44 250 1 03 17 03 1 06 17
44 251 2 10 62 03 1 04 62
44 252 0 10 74 08 1 08 74
44 253 1 04 64 00 1 07 64
44 254 2 08 50 01 1 04 50
44 255 0 11 28 06 1 08 28
44 256 1 01 22 04 1 07 22
44 257 2 03 26 00 1 04 26
44 258 0 06 67 03 1 08 67
44 259 1 05 14 07 1 07 14
44 260 2 12 75 02 1 04 75
44 261 0 05 58 05 1 08 58
44 262 1 12 33 06 1 07 33
44 263 2 04 29 04 0 04 19
44 264 0 02 66 07 1 08 66
44 265 1 07 30 05 1 07 30
44 266 2 12 75 02 1 04 75
44 267 0 03 48 00 1 08 48
44 268 1 11 25 01 1 07 25
44 269 2 10 62 03 0 04 25
44 270 0 14 13 01 1 08 13
44 271 1 03 17 03 1 07 17
44 272 2 08 50 01 0 04 62
44 273 0 09 40 04 1 08 40
44 274 1 10 16 02 1 07 16
44 275 2 03 26 00 1 04 26
44 276 0 00 71 02 1 08 71
44 277 1 04 64 00 1 08 64
44 278 2 04 29 04 0 04 26
44 279 0 05 58 05 1 09 58
44 280 1 11 25 01 1 08 25
44 281 2 03 26 00 1 04 26
44 282 0 06 67 03 1 09 67
44 283 1 10 16 02 1 08 16
44 284 2 08 50 01 1 04 50
44 285 0 09 40 04 1 09 40
44 286 1 01 22 04 1 08 22
44 287 2 04 29 04 0 04 26
44 288 0 16 11 09 1 09 11
44 289 1 12 33 06 1 08 33
44 290 2 10 62 03 0 04 50
44 291 0 02 66 07 1 09 66
44 292 1 03 17 03 1 08 17
44 293 2 12 75 02 0 04 50
44 294 0 14 13 01 1 09 13
44 295 1 09 19 08 1 08 19
44 296 2 04 29 04 0 04 26
44 297 0 11 28 06 1 09 28
44 298 1 05 14 07 1 08 14
44 299 2 03 26 00 0 04 29
