21 000 0 04 56 00 1 00 56
21 001 1 08 43 00 0 00 46
21 002 2 10 53 00 1 00 53
21 003 0 11 67 01 0 01 63
21 004 1 08 43 00 0 00 53
21 005 2 10 53 00 0 01 63
21 006 0 04 56 00 0 01 53
21 007 1 08 43 00 1 00 43
21 008 2 06 62 01 0 01 53
21 009 0 04 56 00 1 01 56
21 010 1 09 73 01 1 01 73
21 011 2 06 62 01 0 01 63
21 012 0 11 67 01 0 01 56
21 013 1 08 43 00 0 01 62
21 014 2 10 53 00 0 01 62
21 015 0 04 56 00 0 01 53
21 016 1 09 73 01 0 01 62
21 017 2 06 62 01 1 01 62
21 018 0 11 67 01 1 01 67
21 019 1 08 43 00 0 01 62
21 020 2 10 53 00 0 01 62
21 021 0 04 56 00 1 01 56
21 022 1 08 43 00 0 01 53
21 023 2 10 53 00 0 01 00
21 024 0 11 67 01 0 01 62
21 025 1 09 73 01 0 01 43
21 026 2 06 62 01 1 01 62
21 027 0 04 56 00 1 01 56
21 028 1 09 73 01 0 01 67
21 029 2 10 53 00 0 01 67
21 030 0 11 67 01 1 01 67
21 031 1 08 43 00 1 01 43
21 032 2 06 62 01 0 01 53
21 033 0 05 45 02 0 02 43
21 034 1 09 73 01 0 01 62
21 035 2 10 53 00 0 01 06
21 036 0 11 67 01 0 02 62
21 037 1 08 43 00 0 01 62
21 038 2 06 62 01 0 01 53
21 039 0 04 56 00 0 02 53
21 040 1 08 43 00 0 01 67
21 041 2 10 53 00 0 01 67
21 042 0 04 56 00 1 02 56
21 043 1 09 73 01 0 01 62
21 044 2 06 62 01 0 01 52
21 045 0 11 67 01 0 02 73
21 046 1 09 73 01 0 01 57
21 047 2 06 62 01 0 01 52
21 048 0 05 45 02 0 02 43
21 049 1 08 43 00 1 01 43
21 050 2 10 53 00 1 01 53
21 051 0 11 67 01 0 02 62
21 052 1 08 43 00 1 01 43
21 053 2 10 53 00 0 01 52
21 054 0 04 56 00 1 02 56
21 055 1 09 73 01 0 01 57
21 056 2 06 62 01 0 01 43
21 057 0 05 45 02 0 02 63
21 058 1 09 73 01 0 01 67
21 059 2 10 53 00 1 01 53
21 060 0 04 56 00 1 02 56
21 061 1 08 43 00 1 01 43
21 062 2 06 62 01 0 01 65
21 063 0 11 67 01 0 02 73
21 064 1 09 73 01 1 01 73
21 065 2 10 53 00 0 01 56
21 066 0 05 45 02 0 02 67
21 067 1 08 43 00 0 01 53
21 068 2 06 62 01 0 01 53
21 069 0 04 56 00 1 02 56
21 070 1 08 43 00 1 01 43
21 071 2 06 62 01 0 01 63
21 072 0 11 67 01 1 02 67
21 073 1 09 73 01 1 01 73
21 074 2 10 53 00 0 01 56
21 075 0 05 45 02 1 02 45
21 076 1 08 43 00 0 02 56
21 077 2 06 62 01 0 01 56
21 078 0 03 34 03 0 03 43
21 079 1 09 73 01 0 02 34
21 080 2 10 53 00 0 01 56
21 081 0 05 45 02 1 03 45
21 082 1 11 59 02 0 02 63
21 083 2 10 53 00 0 01 56
21 084 0 04 56 00 1 03 56
21 085 1 11 59 02 0 02 53
21 086 2 06 62 01 0 01 05
21 087 0 11 67 01 0 03 62
21 088 1 09 73 01 0 02 53
21 089 2 06 62 01 0 01 53
21 090 0 11 67 01 0 03 63
21 091 1 08 43 00 0 02 53
21 092 2 10 53 00 1 01 53
21 093 0 05 45 02 1 03 45
21 094 1 11 59 02 0 02 34
21 095 2 10 53 00 0 01 56
21 096 0 04 56 00 1 03 56
21 097 1 08 43 00 0 02 53
21 098 2 06 62 01 1 01 62
21 099 0 03 34 03 0 03 59
21 100 1 09 73 01 0 02 59
21 101 2 06 62 01 0 01 73
21 102 0 03 34 03 1 03 34
21 103 1 11 59 02 0 02 62
21 104 2 10 53 00 0 01 62
21 105 0 05 45 02 1 03 45
21 106 1 09 73 01 1 02 73
21 107 2 06 62 01 0 01 56
21 108 0 04 56 00 1 03 56
21 109 1 08 43 00 0 02 62
21 110 2 10 53 00 1 01 53
21 111 0 11 67 01 0 03 62
21 112 1 08 43 00 1 02 43
21 113 2 10 53 00 1 01 53
21 114 0 11 67 01 1 03 67
21 115 1 11 59 02 0 02 62
21 116 2 06 62 01 0 01 56
21 117 0 03 34 03 1 03 34
21 118 1 09 73 01 0 02 67
21 119 2 10 53 00 0 01 56
21 120 0 04 56 00 1 03 56
21 121 1 09 73 01 0 02 67
21 122 2 06 62 01 1 01 62
21 123 0 05 45 02 1 03 45
21 124 1 11 59 02 0 02 67
21 125 2 06 62 01 0 01 56
21 126 0 03 34 03 1 04 34
21 127 1 08 43 00 1 02 43
21 128 2 10 53 00 0 01 56
21 129 0 15 16 04 1 04 16
21 130 1 09 73 01 0 02 67
21 131 2 10 53 00 1 01 53
21 132 0 04 56 00 1 04 56
21 133 1 08 43 00 1 02 43
21 134 2 06 62 01 1 01 62
21 135 0 11 67 01 0 04 63
21 136 1 11 59 02 0 02 43
21 137 2 16 48 02 0 02 43
21 138 0 05 45 02 1 04 45
21 139 1 08 43 00 1 02 43
21 140 2 10 53 00 1 02 53
21 141 0 03 34 03 1 04 34
21 142 1 09 73 01 1 02 73
21 143 2 06 62 01 0 02 59
21 144 0 05 45 02 1 04 45
21 145 1 11 59 02 0 02 67
21 146 2 06 62 01 1 02 62
21 147 0 04 56 00 1 04 56
21 148 1 08 43 00 1 02 43
21 149 2 10 53 00 0 02 56
21 150 0 11 67 01 1 04 67
21 151 1 09 73 01 1 02 73
21 152 2 16 48 02 0 02 59
21 153 0 15 16 04 1 04 16
21 154 1 11 59 02 0 02 62
21 155 2 10 53 00 1 02 53
21 156 0 14 31 05 0 05 13
21 157 1 09 73 01 0 02 67
21 158 2 16 48 02 0 02 16
21 159 0 03 34 03 1 05 34
21 160 1 11 59 02 0 02 62
21 161 2 06 62 01 1 02 62
21 162 0 15 16 04 1 05 16
21 163 1 08 43 00 1 02 43
21 164 2 10 53 00 1 02 53
21 165 0 04 56 00 1 05 56
21 166 1 08 43 00 1 02 43
21 167 2 16 48 02 0 02 43
21 168 0 11 67 01 1 05 67
21 169 1 11 59 02 0 02 62
21 170 2 06 62 01 1 02 62
21 171 0 05 45 02 1 05 45
21 172 1 09 73 01 0 02 67
21 173 2 16 48 02 0 02 77
21 174 0 14 31 05 1 05 31
21 175 1 11 59 02 0 02 62
21 176 2 10 53 00 1 02 53
21 177 0 03 34 03 1 05 34
21 178 1 08 43 00 1 02 43
21 179 2 06 62 01 0 02 67
21 180 0 05 45 02 1 05 45
21 181 1 09 73 01 0 02 67
21 182 2 16 48 02 1 02 48
21 183 0 11 67 01 1 05 67
21 184 1 08 43 00 1 02 43
21 185 2 10 53 00 1 02 53
21 186 0 04 56 00 1 05 56
21 187 1 11 59 02 0 02 67
21 188 2 06 62 01 0 02 48
21 189 0 15 16 04 1 05 16
21 190 1 09 73 01 1 02 73
21 191 2 06 62 01 0 02 65
21 192 0 11 67 01 0 06 69
21 193 1 08 43 00 1 02 43
21 194 2 10 53 00 1 02 53
21 195 0 04 56 00 1 06 56
21 196 1 11 59 02 0 02 62
21 197 2 16 48 02 1 02 48
21 198 0 12 47 06 0 06 46
21 199 1 09 73 01 0 02 67
21 200 2 06 62 01 0 02 67
21 201 0 15 16 04 1 06 16
21 202 1 11 59 02 0 02 47
21 203 2 10 53 00 1 02 53
21 204 0 03 34 03 1 06 34
21 205 1 09 73 01 1 02 73
21 206 2 16 48 02 1 02 48
21 207 0 14 31 05 1 06 31
21 208 1 08 43 00 1 02 43
21 209 2 10 53 00 1 02 53
21 210 0 05 45 02 1 06 45
21 211 1 11 59 02 0 02 62
21 212 2 16 48 02 1 02 48
21 213 0 15 16 04 1 06 16
21 214 1 09 73 01 1 02 73
21 215 2 06 62 01 1 02 62
21 216 0 04 56 00 1 06 56
21 217 1 08 43 00 1 02 43
21 218 2 11 60 03 0 03 53
21 219 0 11 67 01 1 06 67
21 220 1 08 43 00 1 02 43
21 221 2 06 62 01 1 03 62
21 222 0 05 45 02 1 06 45
21 223 1 11 59 02 0 02 48
21 224 2 16 48 02 1 03 48
21 225 0 12 47 06 1 06 47
21 226 1 09 73 01 0 02 67
21 227 2 10 53 00 0 03 60
21 228 0 03 34 03 1 06 34
21 229 1 08 43 00 1 02 43
21 230 2 16 48 02 1 03 48
21 231 0 14 31 05 1 06 31
21 232 1 09 73 01 1 02 73
21 233 2 10 53 00 1 03 53
21 234 0 15 16 04 1 07 16
21 235 1 11 59 02 0 02 62
21 236 2 11 60 03 1 03 60
21 237 0 11 67 01 1 07 67
21 238 1 11 59 02 1 02 59
21 239 2 06 62 01 1 03 62
21 240 0 04 56 00 1 07 56
21 241 1 09 73 01 1 02 73
21 242 2 10 53 00 1 04 53
21 243 0 14 31 05 1 07 31
21 244 1 08 43 00 1 02 43
21 245 2 13 21 04 0 04 20
21 246 0 12 47 06 1 07 47
21 247 1 09 73 01 1 03 73
21 248 2 11 60 03 0 04 53
21 249 0 00 61 07 0 07 21
21 250 1 11 59 02 0 03 53
21 251 2 06 62 01 0 04 53
21 252 0 03 34 03 1 07 34
21 253 1 08 43 00 1 03 43
21 254 2 16 48 02 0 04 21
21 255 0 05 45 02 1 07 45
21 256 1 17 38 03 1 03 38
21 257 2 16 48 02 1 04 48
21 258 0 05 45 02 1 07 45
21 259 1 08 43 00 1 03 43
21 260 2 11 60 03 0 04 53
21 261 0 11 67 01 0 07 59
21 262 1 17 38 03 1 03 38
21 263 2 13 21 04 0 04 61
21 264 0 00 61 07 1 07 61
21 265 1 09 73 01 1 03 73
21 266 2 10 53 00 1 04 53
21 267 0 15 16 04 1 07 16
21 268 1 11 59 02 1 03 59
21 269 2 06 62 01 0 04 53
21 270 0 03 34 03 1 07 34
21 271 1 08 43 00 1 04 43
21 272 2 13 21 04 0 04 16
21 273 0 14 31 05 0 07 34
21 274 1 11 59 02 0 04 62
21 275 2 16 48 02 0 04 61
21 276 0 04 56 00 1 07 56
21 277 1 17 38 03 1 04 38
21 278 2 10 53 00 1 04 53
21 279 0 12 47 06 1 07 47
21 280 1 02 51 04 0 04 38
21 281 2 06 62 01 1 04 62
21 282 0 03 34 03 1 07 34
21 283 1 09 73 01 1 04 73
21 284 2 11 60 03 0 04 61
21 285 0 05 45 02 1 07 45
21 286 1 08 43 00 1 04 43
21 287 2 10 53 00 1 04 53
21 288 0 12 47 06 1 07 47
21 289 1 17 38 03 1 04 38
21 290 2 16 48 02 0 04 60
21 291 0 04 56 00 1 07 56
21 292 1 02 51 04 1 04 51
21 293 2 06 62 01 0 04 61
21 294 0 14 31 05 1 07 31
21 295 1 11 59 02 0 04 62
21 296 2 11 60 03 0 04 05
21 297 0 11 67 01 1 07 67
21 298 1 09 73 01 1 04 73
21 299 2 13 21 04 1 04 21
