22 000 0 04 53 00 1 00 53
22 001 1 08 56 00 1 00 56
22 002 2 10 43 00 1 00 43
22 003 0 11 62 01 0 01 57
22 004 1 09 67 01 0 01 57
22 005 2 06 73 01 0 01 62
22 006 0 04 53 00 0 01 62
22 007 1 08 56 00 0 01 62
22 008 2 10 43 00 0 01 73
22 009 0 04 53 00 0 01 07
22 010 1 08 56 00 0 01 73
22 011 2 10 43 00 0 01 73
22 012 0 11 62 01 0 01 53
22 013 1 09 67 01 0 01 73
22 014 2 06 73 01 1 01 73
22 015 0 04 53 00 1 01 53
22 016 1 08 56 00 0 01 43
22 017 2 10 43 00 1 01 43
22 018 0 11 62 01 0 01 63
22 019 1 09 67 01 0 01 62
22 020 2 06 73 01 0 01 53
22 021 0 04 53 00 0 01 62
22 022 1 09 67 01 0 01 73
22 023 2 06 73 01 1 01 73
22 024 0 11 62 01 1 01 62
22 025 1 08 56 00 0 01 73
22 026 2 10 43 00 0 01 62
22 027 0 04 53 00 1 01 53
22 028 1 08 56 00 1 01 56
22 029 2 06 73 01 0 01 43
22 030 0 11 62 01 1 01 62
22 031 1 09 67 01 0 01 73
22 032 2 10 43 00 1 01 43
22 033 0 05 48 02 1 02 48
22 034 1 08 56 00 0 01 43
22 035 2 06 73 01 0 01 62
22 036 0 11 62 01 1 02 62
22 037 1 09 67 01 0 01 57
22 038 2 10 43 00 0 01 73
22 039 0 04 53 00 1 02 53
22 040 1 09 67 01 1 01 67
22 041 2 06 73 01 0 01 43
22 042 0 04 53 00 1 03 53
22 043 1 08 56 00 0 01 43
22 044 2 10 43 00 1 01 43
22 045 0 11 62 01 0 03 56
22 046 1 08 56 00 1 01 56
22 047 2 10 43 00 0 01 73
22 048 0 05 48 02 1 03 48
22 049 1 09 67 01 1 01 67
22 050 2 06 73 01 0 01 43
22 051 0 03 60 03 1 03 60
22 052 1 08 56 00 1 02 56
22 053 2 06 73 01 1 01 73
22 054 0 05 48 02 1 03 48
22 055 1 11 45 02 1 02 45
22 056 2 10 43 00 0 01 73
22 057 0 04 53 00 1 03 53
22 058 1 09 67 01 0 02 56
22 059 2 10 43 00 1 01 43
22 060 0 11 62 01 1 03 62
22 061 1 08 56 00 1 02 56
22 062 2 06 73 01 0 01 43
22 063 0 03 60 03 1 03 60
22 064 1 11 45 02 1 02 45
22 065 2 06 73 01 1 01 73
22 066 0 11 62 01 1 04 62
22 067 1 09 67 01 1 02 67
22 068 2 10 43 00 1 01 43
22 069 0 04 53 00 1 04 53
22 070 1 17 34 03 1 03 34
22 071 2 10 43 00 1 02 43
22 072 0 05 48 02 1 04 48
22 073 1 08 56 00 1 03 56
22 074 2 06 73 01 1 02 73
22 075 0 15 21 04 1 04 21
22 076 1 11 45 02 1 03 45
22 077 2 16 59 02 1 02 59
22 078 0 03 60 03 1 04 60
22 079 1 09 67 01 1 03 67
22 080 2 06 73 01 1 03 73
22 081 0 05 48 02 1 05 48
22 082 1 09 67 01 0 04 56
22 083 2 11 38 03 1 03 38
22 084 0 14 46 05 1 05 46
22 085 1 02 16 04 0 04 36
22 086 2 10 43 00 0 03 38
22 087 0 04 53 00 1 05 53
22 088 1 08 56 00 1 04 56
22 089 2 16 59 02 1 03 59
22 090 0 11 62 01 1 05 62
22 091 1 17 34 03 1 04 34
22 092 2 11 38 03 1 03 38
22 093 0 03 60 03 1 05 60
22 094 1 11 45 02 0 04 16
22 095 2 06 73 01 1 03 73
22 096 0 15 21 04 1 05 21
22 097 1 11 45 02 1 04 45
22 098 2 16 59 02 1 03 59
22 099 0 05 48 02 1 06 48
22 100 1 02 16 04 1 04 16
22 101 2 10 43 00 1 03 43
22 102 0 11 62 01 1 06 62
22 103 1 09 67 01 1 04 67
22 104 2 06 73 01 1 04 73
22 105 0 03 60 03 1 06 60
22 106 1 17 34 03 1 04 34
22 107 2 13 51 04 0 04 59
22 108 0 14 46 05 1 06 46
22 109 1 08 56 00 1 04 56
22 110 2 11 38 03 1 04 38
22 111 0 15 21 04 1 06 21
22 112 1 09 67 01 0 05 31
22 113 2 16 59 02 0 04 51
22 114 0 04 53 00 1 06 53
22 115 1 00 31 05 0 05 67
22 116 2 10 43 00 0 04 51
22 117 0 12 28 06 1 06 28
22 118 1 02 16 04 1 05 16
22 119 2 06 73 01 0 04 43
22 120 0 14 46 05 1 07 46
22 121 1 17 34 03 1 05 34
22 122 2 16 59 02 0 04 51
22 123 0 05 48 02 1 07 48
22 124 1 08 56 00 0 05 51
22 125 2 11 38 03 0 04 51
22 126 0 00 66 07 1 07 66
22 127 1 11 45 02 1 05 45
22 128 2 13 51 04 0 04 55
22 129 0 15 21 04 1 07 21
22 130 1 17 34 03 1 05 34
22 131 2 10 43 00 0 04 38
22 132 0 03 60 03 1 07 60
22 133 1 11 45 02 1 05 45
22 134 2 11 38 03 0 04 59
22 135 0 12 28 06 1 07 28
22 136 1 00 31 05 1 05 31
22 137 2 16 59 02 1 04 59
22 138 0 04 53 00 1 07 53
22 139 1 02 16 04 1 05 16
22 140 2 06 73 01 0 04 38
22 141 0 11 62 01 1 07 62
22 142 1 09 67 01 0 05 31
22 143 2 13 51 04 0 04 59
22 144 0 14 46 05 1 08 46
22 145 1 08 56 00 1 05 56
22 146 2 10 43 00 0 04 51
22 147 0 05 48 02 1 08 48
22 148 1 02 16 04 0 05 56
22 149 2 16 59 02 1 04 59
22 150 0 15 21 04 1 08 21
22 151 1 09 67 01 1 05 67
22 152 2 06 73 01 1 04 73
22 153 0 11 62 01 1 08 62
22 154 1 11 45 02 1 05 45
22 155 2 10 43 00 1 04 43
22 156 0 03 60 03 1 08 60
22 157 1 08 56 00 1 05 56
22 158 2 13 51 04 1 04 51
22 159 0 04 53 00 1 08 53
22 160 1 17 34 03 1 05 34
22 161 2 11 38 03 0 04 43
22 162 0 12 28 06 1 08 28
22 163 1 00 31 05 1 05 31
22 164 2 10 43 00 1 04 43
22 165 0 00 66 07 1 08 66
22 166 1 11 45 02 1 05 45
22 167 2 06 73 01 1 04 73
22 168 0 13 30 08 1 08 30
22 169 1 00 31 05 1 05 31
22 170 2 16 59 02 1 04 59
22 171 0 14 46 05 1 09 46
22 172 1 17 34 03 1 05 34
22 173 2 11 38 03 0 04 51
22 174 0 10 12 09 1 09 12
22 175 1 02 16 04 1 05 16
22 176 2 13 51 04 1 04 51
22 177 0 00 66 07 1 09 66
22 178 1 08 56 00 1 05 56
22 179 2 11 38 03 0 04 51
22 180 0 03 60 03 1 09 60
22 181 1 09 67 01 1 05 67
22 182 2 10 43 00 0 04 38
22 183 0 11 62 01 1 09 62
22 184 1 00 31 05 1 06 31
22 185 2 16 59 02 1 04 59
22 186 0 13 30 08 1 09 30
22 187 1 11 45 02 1 06 45
22 188 2 06 73 01 1 04 73
22 189 0 15 21 04 1 09 21
22 190 1 08 56 00 1 06 56
22 191 2 13 51 04 1 04 51
22 192 0 05 48 02 1 09 48
22 193 1 09 67 01 1 06 67
22 194 2 11 38 03 1 04 38
22 195 0 04 53 00 1 09 53
22 196 1 07 47 06 1 06 47
22 197 2 13 51 04 1 04 51
22 198 0 12 28 06 1 09 28
22 199 1 17 34 03 1 06 34
22 200 2 16 59 02 1 04 59
22 201 0 10 12 09 1 10 12
22 202 1 02 16 04 0 06 56
22 203 2 06 73 01 1 04 73
22 204 0 13 30 08 1 10 30
22 205 1 02 16 04 1 06 16
22 206 2 10 43 00 0 04 38
22 207 0 00 66 07 1 10 66
22 208 1 09 67 01 0 06 31
22 209 2 06 73 01 1 04 73
22 210 0 04 53 00 1 10 53
22 211 1 08 56 00 1 06 56
22 212 2 10 43 00 0 04 38
22 213 0 01 78 10 1 10 78
22 214 1 07 47 06 1 06 47
22 215 2 11 38 03 1 04 38
22 216 0 12 28 06 1 10 28
22 217 1 00 31 05 1 06 31
22 218 2 16 59 02 1 04 59
22 219 0 05 48 02 1 10 48
22 220 1 11 45 02 1 06 45
22 221 2 13 51 04 1 04 51
22 222 0 11 62 01 1 10 62
22 223 1 17 34 03 1 06 34
22 224 2 13 51 04 1 04 51
22 225 0 14 46 05 1 10 46
22 226 1 11 45 02 1 06 45
22 227 2 06 73 01 1 04 73
22 228 0 03 60 03 1 10 60
22 229 1 02 16 04 1 06 16
22 230 2 10 43 00 0 04 38
22 231 0 15 21 04 1 10 21
22 232 1 09 67 01 1 06 67
22 233 2 16 59 02 1 04 59
22 234 0 13 30 08 1 11 30
22 235 1 00 31 05 1 06 31
22 236 2 11 38 03 0 04 51
22 237 0 03 60 03 0 11 46
22 238 1 07 47 06 1 06 47
22 239 2 06 73 01 1 04 73
22 240 0 01 78 10 1 11 78
22 241 1 08 56 00 1 06 56
22 242 2 11 38 03 0 04 43
22 243 0 06 52 11 1 11 52
22 244 1 17 34 03 1 06 34
22 245 2 10 43 00 1 04 43
22 246 0 14 46 05 1 11 46
22 247 1 11 45 02 1 07 45
22 248 2 16 59 02 1 04 59
22 249 0 10 12 09 1 11 12
22 250 1 15 61 07 1 07 61
22 251 2 13 51 04 1 04 51
22 252 0 04 53 00 1 11 53
22 253 1 00 31 05 1 07 31
22 254 2 10 43 00 0 04 38
22 255 0 11 62 01 1 11 62
22 256 1 09 67 01 0 07 68
22 257 2 13 51 04 1 04 51
22 258 0 00 66 07 1 11 66
22 259 1 02 16 04 1 07 16
22 260 2 16 59 02 1 04 59
22 261 0 12 28 06 1 11 28
22 262 1 07 47 06 1 07 47
22 263 2 11 38 03 0 04 43
22 264 0 05 48 02 1 11 48
22 265 1 08 56 00 1 07 56
22 266 2 06 73 01 1 04 73
22 267 0 15 21 04 1 11 21
22 268 1 17 34 03 0 07 56
22 269 2 10 43 00 1 04 43
22 270 0 03 60 03 1 11 60
22 271 1 17 34 03 1 07 34
22 272 2 11 38 03 0 04 43
22 273 0 11 62 01 1 11 62
22 274 1 07 47 06 0 07 14
22 275 2 06 73 01 1 04 73
22 276 0 04 53 00 1 11 53
22 277 1 09 67 01 1 07 67
22 278 2 13 51 04 0 04 43
22 279 0 12 28 06 1 11 28
22 280 1 00 31 05 1 07 31
22 281 2 16 59 02 1 04 59
22 282 0 10 12 09 1 11 12
22 283 1 02 16 04 1 07 16
22 284 2 13 51 04 1 04 51
22 285 0 00 66 07 1 11 66
22 286 1 08 56 00 1 07 56
22 287 2 11 38 03 1 04 38
22 288 0 14 46 05 1 11 46
22 289 1 15 61 07 1 07 61
22 290 2 06 73 01 1 04 73
22 291 0 06 52 11 1 11 52
22 292 1 11 45 02 1 07 45
22 293 2 10 43 00 1 04 43
22 294 0 05 48 02 1 11 48
22 295 1 08 56 00 1 07 56
22 296 2 16 59 02 1 04 59
22 297 0 13 30 08 1 11 30
22 298 1 15 61 07 1 07 61
22 299 2 16 59 02 1 05 59
