39 000 0 13 44 00 1 00 44
39 001 1 15 29 00 1 00 29
39 002 2 02 60 00 1 00 60
39 003 0 06 22 01 1 01 22
39 004 1 15 29 00 1 01 29
39 005 2 16 24 01 1 01 24
39 006 0 13 44 00 1 01 44
39 007 1 06 34 01 0 01 36
39 008 2 02 60 00 1 01 60
39 009 0 13 44 00 1 02 44
39 010 1 06 34 01 0 01 29
39 011 2 00 17 02 1 02 17
39 012 0 06 22 01 0 02 40
39 013 1 15 29 00 1 01 29
39 014 2 16 24 01 1 02 24
39 015 0 03 36 02 0 02 22
39 016 1 06 34 01 1 01 34
39 017 2 02 60 00 1 02 60
39 018 0 03 36 02 0 02 34
39 019 1 15 29 00 0 01 34
39 020 2 00 17 02 0 03 60
39 021 0 06 22 01 1 02 22
39 022 1 06 34 01 1 01 34
39 023 2 16 24 01 0 03 79
39 024 0 13 44 00 1 02 44
39 025 1 15 29 00 1 01 29
39 026 2 02 60 00 1 03 60
39 027 0 13 44 00 1 02 44
39 028 1 15 29 00 1 02 29
39 029 2 15 79 03 1 03 79
39 030 0 06 22 01 0 02 36
39 031 1 06 34 01 1 02 34
39 032 2 02 60 00 1 03 60
39 033 0 03 36 02 0 02 22
39 034 1 09 51 02 0 02 56
39 035 2 16 24 01 1 03 24
39 036 0 03 36 02 1 02 36
39 037 1 09 51 02 1 02 51
39 038 2 00 17 02 0 03 60
39 039 0 06 22 01 1 02 22
39 040 1 06 34 01 1 02 34
39 041 2 15 79 03 0 03 24
39 042 0 13 44 00 1 02 44
39 043 1 15 29 00 1 02 29
39 044 2 15 79 03 0 03 24
39 045 0 10 70 03 1 03 70
39 046 1 06 34 01 1 03 34
39 047 2 02 60 00 1 03 60
39 048 0 06 22 01 0 03 36
39 049 1 07 12 03 0 03 47
39 050 2 00 17 02 1 03 17
39 051 0 03 36 02 1 03 36
39 052 1 15 29 00 1 03 29
39 053 2 16 24 01 0 03 79
39 054 0 13 44 00 1 03 44
39 055 1 09 51 02 1 03 51
39 056 2 15 79 03 0 03 24
39 057 0 03 36 02 1 03 36
39 058 1 15 29 00 1 03 29
39 059 2 02 60 00 1 03 60
39 060 0 06 22 01 1 03 22
39 061 1 09 51 02 1 03 51
39 062 2 00 17 02 1 03 17
39 063 0 13 44 00 1 03 44
39 064 1 07 12 03 1 03 12
39 065 2 16 24 01 0 03 79
39 066 0 10 70 03 0 03 36
39 067 1 06 34 01 0 03 29
39 068 2 00 17 02 1 03 17
39 069 0 03 36 02 1 03 36
39 070 1 09 51 02 0 03 00
39 071 2 15 79 03 0 03 24
39 072 0 06 22 01 1 03 22
39 073 1 07 12 03 1 03 12
39 074 2 16 24 01 0 03 79
39 075 0 10 70 03 0 03 00
39 076 1 15 29 00 1 03 29
39 077 2 02 60 00 1 03 60
39 078 0 13 44 00 1 03 44
39 079 1 06 34 01 0 03 29
39 080 2 02 60 00 1 03 60
39 081 0 13 44 00 1 03 44
39 082 1 06 34 01 1 03 34
39 083 2 15 79 03 0 03 22
39 084 0 06 22 01 1 03 22
39 085 1 09 51 02 1 03 51
39 086 2 16 24 01 1 03 24
39 087 0 10 70 03 1 03 70
39 088 1 07 12 03 1 03 12
39 089 2 00 17 02 1 03 17
39 090 0 03 36 02 1 03 36
39 091 1 15 29 00 1 03 29
39 092 2 00 17 02 1 03 17
39 093 0 16 47 04 1 04 47
39 094 1 06 34 01 1 04 34
39 095 2 02 60 00 1 03 60
39 096 0 03 36 02 1 04 36
39 097 1 15 29 00 1 04 29
39 098 2 15 79 03 1 03 79
39 099 0 13 44 00 1 04 44
39 100 1 07 12 03 1 04 12
39 101 2 16 24 01 1 03 24
39 102 0 06 22 01 1 04 22
39 103 1 02 31 04 0 04 41
39 104 2 04 14 04 0 04 00
39 105 0 10 70 03 1 04 70
39 106 1 09 51 02 1 04 51
39 107 2 15 79 03 0 04 24
39 108 0 03 36 02 1 05 36
39 109 1 15 29 00 1 04 29
39 110 2 02 60 00 1 04 60
39 111 0 00 52 05 1 05 52
39 112 1 07 12 03 1 04 12
39 113 2 16 24 01 1 04 24
39 114 0 06 22 01 1 05 22
39 115 1 02 31 04 1 04 31
39 116 2 00 17 02 1 04 17
39 117 0 10 70 03 1 05 70
39 118 1 09 51 02 1 04 51
39 119 2 02 60 00 1 04 60
39 120 0 13 44 00 1 05 44
39 121 1 06 34 01 1 04 34
39 122 2 00 17 02 1 04 17
39 123 0 16 47 04 1 05 47
39 124 1 09 51 02 1 05 51
39 125 2 16 24 01 0 04 79
39 126 0 03 36 02 1 06 36
39 127 1 07 12 03 1 05 12
39 128 2 15 79 03 1 04 79
39 129 0 13 44 00 1 06 44
39 130 1 02 31 04 1 05 31
39 131 2 04 14 04 0 04 24
39 132 0 00 52 05 0 06 57
39 133 1 15 29 00 0 05 26
39 134 2 15 79 03 0 04 24
39 135 0 16 47 04 1 06 47
39 136 1 01 26 05 0 05 14
39 137 2 16 24 01 1 04 24
39 138 0 05 61 06 1 06 61
39 139 1 06 34 01 1 05 34
39 140 2 04 14 04 1 04 14
39 141 0 10 70 03 1 06 70
39 142 1 02 31 04 1 05 31
39 143 2 00 17 02 1 04 17
39 144 0 06 22 01 1 06 22
39 145 1 15 29 00 0 05 26
39 146 2 02 60 00 1 04 60
39 147 0 06 22 01 1 06 22
39 148 1 07 12 03 1 05 12
39 149 2 02 60 00 1 04 60
39 150 0 05 61 06 0 06 57
39 151 1 06 34 01 1 05 34
39 152 2 00 17 02 1 04 17
39 153 0 13 44 00 1 06 44
39 154 1 01 26 05 0 05 12
39 155 2 15 79 03 0 04 24
39 156 0 03 36 02 1 06 36
39 157 1 09 51 02 1 05 51
39 158 2 16 24 01 1 04 24
39 159 0 00 52 05 1 06 52
39 160 1 02 31 04 0 05 26
39 161 2 04 14 04 1 04 14
39 162 0 16 47 04 0 06 61
39 163 1 15 29 00 1 05 29
39 164 2 04 14 04 1 04 14
39 165 0 10 70 03 1 06 70
39 166 1 06 34 01 1 05 34
39 167 2 00 17 02 1 04 17
39 168 0 06 22 01 1 06 22
39 169 1 01 26 05 1 05 26
39 170 2 02 60 00 1 04 60
39 171 0 13 44 00 1 06 44
39 172 1 09 51 02 0 05 34
39 173 2 16 24 01 1 04 24
39 174 0 03 36 02 0 06 22
39 175 1 07 12 03 1 05 12
39 176 2 15 79 03 1 04 79
39 177 0 05 61 06 1 06 61
39 178 1 02 31 04 1 05 31
39 179 2 16 24 01 0 05 79
39 180 0 16 47 04 1 06 47
39 181 1 15 29 00 1 05 29
39 182 2 02 60 00 1 05 60
39 183 0 10 70 03 1 06 70
39 184 1 01 26 05 1 05 26
39 185 2 00 17 02 1 05 17
39 186 0 00 52 05 1 06 52
39 187 1 07 12 03 1 05 12
39 188 2 04 14 04 0 05 50
39 189 0 10 70 03 1 06 70
39 190 1 09 51 02 1 05 51
39 191 2 15 79 03 0 05 24
39 192 0 16 47 04 0 06 57
39 193 1 06 34 01 1 05 34
39 194 2 08 50 05 1 05 50
39 195 0 06 22 01 1 06 22
39 196 1 09 51 02 1 06 51
39 197 2 15 79 03 0 05 24
39 198 0 13 44 00 1 06 44
39 199 1 15 29 00 1 06 29
39 200 2 02 60 00 1 05 60
39 201 0 05 61 06 1 06 61
39 202 1 02 31 04 0 06 26
39 203 2 04 14 04 1 05 14
39 204 0 03 36 02 1 06 36
39 205 1 07 12 03 1 06 12
39 206 2 16 24 01 1 05 24
39 207 0 00 52 05 1 06 52
39 208 1 05 38 06 1 06 38
39 209 2 00 17 02 1 05 17
39 210 0 16 47 04 1 06 47
39 211 1 06 34 01 1 06 34
39 212 2 08 50 05 1 05 50
39 213 0 05 61 06 1 06 61
39 214 1 01 26 05 1 06 26
39 215 2 04 14 04 1 05 14
39 216 0 10 70 03 1 06 70
39 217 1 01 26 05 0 06 12
39 218 2 02 60 00 0 05 17
39 219 0 00 52 05 1 06 52
39 220 1 05 38 06 1 06 38
39 221 2 15 79 03 0 05 24
39 222 0 06 22 01 1 06 22
39 223 1 06 34 01 0 06 22
39 224 2 08 50 05 1 05 50
39 225 0 13 44 00 1 06 44
39 226 1 09 51 02 1 06 51
39 227 2 00 17 02 1 05 17
39 228 0 03 36 02 1 06 36
39 229 1 02 31 04 1 06 31
39 230 2 16 24 01 0 05 79
39 231 0 05 61 06 1 07 61
39 232 1 07 12 03 1 06 12
39 233 2 00 17 02 1 05 17
39 234 0 16 47 04 1 07 47
39 235 1 15 29 00 1 06 29
39 236 2 15 79 03 1 05 79
39 237 0 10 70 03 1 07 70
39 238 1 15 29 00 1 06 29
39 239 2 04 14 04 1 05 14
39 240 0 06 22 01 1 07 22
39 241 1 09 51 02 1 06 51
39 242 2 08 50 05 1 05 50
39 243 0 00 52 05 1 07 52
39 244 1 05 38 06 1 06 38
39 245 2 02 60 00 1 05 60
39 246 0 17 13 07 1 07 13
39 247 1 07 12 03 1 06 12
39 248 2 16 24 01 1 05 24
39 249 0 03 36 02 0 07 26
39 250 1 06 34 01 1 06 34
39 251 2 16 24 01 1 06 24
39 252 0 13 44 00 1 07 44
39 253 1 01 26 05 1 06 26
39 254 2 02 60 00 1 06 60
39 255 0 13 44 00 1 07 44
39 256 1 02 31 04 1 06 31
39 257 2 00 17 02 1 06 17
39 258 0 10 70 03 1 07 70
39 259 1 07 12 03 1 07 12
39 260 2 08 50 05 0 06 78
39 261 0 00 52 05 1 07 52
39 262 1 06 34 01 1 07 34
39 263 2 15 79 03 0 06 78
39 264 0 17 13 07 1 07 13
39 265 1 01 26 05 1 07 26
39 266 2 12 74 06 0 06 79
39 267 0 05 61 06 1 07 61
39 268 1 09 51 02 1 07 51
39 269 2 04 14 04 1 06 14
39 270 0 16 47 04 1 07 47
39 271 1 05 38 06 1 07 38
39 272 2 00 17 02 1 06 17
39 273 0 03 36 02 1 07 36
39 274 1 15 29 00 1 07 29
39 275 2 15 79 03 0 06 24
39 276 0 06 22 01 1 07 22
39 277 1 02 31 04 1 07 31
39 278 2 02 60 00 1 06 60
39 279 0 09 33 08 1 08 33
39 280 1 00 68 07 0 07 78
39 281 2 12 74 06 1 06 74
39 282 0 06 22 01 1 08 22
39 283 1 09 51 02 1 07 51
39 284 2 16 24 01 1 06 24
39 285 0 13 44 00 1 08 44
39 286 1 00 68 07 0 07 34
39 287 2 04 14 04 0 06 44
39 288 0 17 13 07 1 08 13
39 289 1 15 29 00 1 07 29
39 290 2 08 50 05 0 06 74
39 291 0 05 61 06 1 08 61
39 292 1 06 34 01 1 07 34
39 293 2 12 74 06 0 06 79
39 294 0 10 70 03 1 08 70
39 295 1 02 31 04 1 07 31
39 296 2 00 17 02 1 06 17
39 297 0 03 36 02 1 08 36
39 298 1 01 26 05 0 07 31
39 299 2 08 50 05 0 06 74
