38 000 0 17 15 00 0 00 00
38 001 1 06 52 00 0 00 00
38 002 2 10 40 00 0 00 04
38 003 0 17 15 00 1 00 15
38 004 1 06 52 00 0 00 40
38 005 2 10 40 00 0 00 00
38 006 0 17 15 00 1 01 15
38 007 1 06 52 00 1 00 52
38 008 2 10 40 00 1 00 40
38 009 0 04 75 01 0 01 15
38 010 1 13 26 01 1 01 26
38 011 2 10 40 00 0 01 25
38 012 0 04 75 01 1 01 75
38 013 1 06 52 00 1 01 52
38 014 2 07 25 01 0 01 40
38 015 0 17 15 00 0 01 00
38 016 1 13 26 01 1 02 26
38 017 2 10 40 00 0 01 25
38 018 0 17 15 00 0 01 75
38 019 1 09 57 02 0 02 26
38 020 2 07 25 01 0 01 26
38 021 0 04 75 01 0 01 15
38 022 1 06 52 00 1 02 52
38 023 2 07 25 01 1 01 25
38 024 0 17 15 00 1 01 15
38 025 1 09 57 02 1 02 57
38 026 2 10 40 00 0 01 75
38 027 0 04 75 01 1 01 75
38 028 1 13 26 01 1 02 26
38 029 2 10 40 00 1 01 40
38 030 0 17 15 00 0 02 75
38 031 1 06 52 00 0 02 25
38 032 2 07 25 01 1 01 25
38 033 0 00 29 02 0 02 14
38 034 1 13 26 01 1 02 26
38 035 2 11 77 02 0 02 52
38 036 0 04 75 01 1 02 75
38 037 1 09 57 02 0 02 26
38 038 2 07 25 01 0 02 15
38 039 0 00 29 02 1 02 29
38 040 1 06 52 00 0 02 15
38 041 2 10 40 00 0 02 15
38 042 0 04 75 01 1 02 75
38 043 1 06 52 00 1 02 52
38 044 2 07 25 01 0 02 15
38 045 0 17 15 00 0 02 75
38 046 1 09 57 02 0 02 26
38 047 2 11 77 02 0 02 40
38 048 0 17 15 00 0 02 75
38 049 1 13 26 01 1 02 26
38 050 2 10 40 00 0 02 25
38 051 0 00 29 02 1 02 29
38 052 1 13 26 01 1 02 26
38 053 2 11 77 02 0 02 40
38 054 0 04 75 01 1 02 75
38 055 1 09 57 02 0 02 26
38 056 2 07 25 01 0 02 01
38 057 0 04 75 01 1 02 75
38 058 1 06 52 00 1 02 52
38 059 2 10 40 00 1 02 40
38 060 0 17 15 00 1 02 15
38 061 1 06 52 00 0 02 25
38 062 2 07 25 01 1 02 25
38 063 0 00 29 02 1 02 29
38 064 1 13 26 01 1 02 26
38 065 2 10 40 00 1 02 40
38 066 0 00 29 02 1 03 29
38 067 1 09 57 02 0 02 52
38 068 2 11 77 02 0 02 40
38 069 0 04 75 01 1 03 75
38 070 1 09 57 02 1 02 57
38 071 2 10 40 00 1 02 40
38 072 0 05 16 03 1 03 16
38 073 1 06 52 00 1 02 52
38 074 2 07 25 01 1 02 25
38 075 0 17 15 00 1 03 15
38 076 1 13 26 01 1 02 26
38 077 2 11 77 02 0 02 40
38 078 0 05 16 03 0 04 00
38 079 1 09 57 02 0 03 52
38 080 2 11 77 02 1 02 77
38 081 0 17 15 00 1 04 15
38 082 1 06 52 00 1 03 52
38 083 2 07 25 01 1 02 25
38 084 0 15 71 04 1 04 71
38 085 1 10 14 03 0 03 16
38 086 2 10 40 00 1 02 40
38 087 0 00 29 02 0 04 16
38 088 1 13 26 01 0 03 16
38 089 2 07 25 01 1 03 25
38 090 0 04 75 01 1 04 75
38 091 1 09 57 02 0 03 52
38 092 2 10 40 00 1 03 40
38 093 0 00 29 02 0 04 26
38 094 1 06 52 00 1 03 52
38 095 2 14 64 03 1 03 64
38 096 0 15 71 04 0 04 16
38 097 1 13 26 01 1 03 26
38 098 2 11 77 02 0 03 40
38 099 0 17 15 00 1 04 15
38 100 1 10 14 03 0 03 41
38 101 2 10 40 00 1 03 40
38 102 0 05 16 03 1 04 16
38 103 1 10 14 03 1 03 14
38 104 2 07 25 01 1 03 25
38 105 0 04 75 01 1 04 75
38 106 1 09 57 02 0 03 14
38 107 2 14 64 03 1 03 64
38 108 0 17 15 00 1 04 15
38 109 1 13 26 01 1 03 26
38 110 2 11 77 02 0 03 40
38 111 0 00 29 02 1 04 29
38 112 1 06 52 00 1 03 52
38 113 2 10 40 00 1 03 40
38 114 0 15 71 04 1 04 71
38 115 1 13 26 01 1 03 26
38 116 2 14 64 03 1 03 64
38 117 0 04 75 01 1 04 75
38 118 1 09 57 02 0 03 52
38 119 2 11 77 02 0 03 40
38 120 0 05 16 03 0 04 00
38 121 1 06 52 00 1 03 52
38 122 2 07 25 01 1 03 25
38 123 0 05 16 03 1 04 16
38 124 1 10 14 03 1 03 14
38 125 2 10 40 00 1 03 40
38 126 0 17 15 00 1 04 15
38 127 1 06 52 00 1 03 52
38 128 2 07 25 01 1 03 25
38 129 0 15 71 04 1 04 71
38 130 1 10 14 03 1 03 14
38 131 2 14 64 03 1 03 64
38 132 0 04 75 01 1 04 75
38 133 1 13 26 01 1 03 26
38 134 2 11 77 02 1 03 77
38 135 0 00 29 02 0 04 62
38 136 1 09 57 02 0 03 40
38 137 2 10 40 00 0 04 26
38 138 0 04 75 01 1 04 75
38 139 1 06 52 00 1 03 52
38 140 2 08 23 04 0 04 25
38 141 0 15 71 04 1 04 71
38 142 1 13 26 01 1 03 26
38 143 2 11 77 02 0 04 40
38 144 0 05 16 03 1 04 16
38 145 1 10 14 03 1 03 14
38 146 2 07 25 01 1 04 25
38 147 0 00 29 02 1 04 29
38 148 1 09 57 02 0 03 23
38 149 2 14 64 03 1 04 64
38 150 0 17 15 00 1 04 15
38 151 1 10 14 03 1 03 14
38 152 2 07 25 01 1 04 25
38 153 0 17 15 00 1 05 15
38 154 1 06 52 00 1 03 52
38 155 2 10 40 00 1 04 40
38 156 0 00 29 02 1 05 29
38 157 1 13 26 01 1 03 26
38 158 2 14 64 03 0 04 77
38 159 0 09 54 05 0 05 16
38 160 1 09 57 02 0 03 14
38 161 2 11 77 02 0 04 40
38 162 0 05 16 03 1 05 16
38 163 1 06 52 00 1 03 52
38 164 2 08 23 04 0 04 25
38 165 0 04 75 01 1 05 75
38 166 1 13 26 01 1 03 26
38 167 2 14 64 03 0 04 77
38 168 0 15 71 04 1 05 71
38 169 1 09 57 02 0 03 14
38 170 2 08 23 04 1 04 23
38 171 0 04 75 01 1 05 75
38 172 1 10 14 03 0 03 23
38 173 2 07 25 01 1 04 25
38 174 0 05 16 03 1 05 16
38 175 1 09 57 02 0 03 14
38 176 2 11 77 02 1 04 77
38 177 0 17 15 00 1 05 15
38 178 1 06 52 00 0 03 00
38 179 2 10 40 00 1 04 40
38 180 0 00 29 02 1 05 29
38 181 1 13 26 01 1 03 26
38 182 2 07 25 01 1 04 25
38 183 0 15 71 04 1 05 71
38 184 1 10 14 03 1 03 14
38 185 2 10 40 00 1 04 40
38 186 0 09 54 05 1 05 54
38 187 1 09 57 02 1 03 57
38 188 2 11 77 02 1 04 77
38 189 0 04 75 01 1 06 75
38 190 1 13 26 01 1 03 26
38 191 2 08 23 04 0 04 25
38 192 0 00 29 02 1 06 29
38 193 1 10 14 03 1 03 14
38 194 2 14 64 03 1 04 64
38 195 0 01 12 06 0 06 16
38 196 1 06 52 00 1 03 52
38 197 2 14 64 03 1 04 64
38 198 0 15 71 04 1 06 71
38 199 1 13 26 01 1 04 26
38 200 2 10 40 00 1 04 40
38 201 0 05 16 03 1 06 16
38 202 1 06 52 00 1 04 52
38 203 2 11 77 02 0 04 40
38 204 0 09 54 05 1 06 54
38 205 1 11 47 04 1 04 47
38 206 2 08 23 04 0 04 25
38 207 0 17 15 00 1 06 15
38 208 1 09 57 02 1 04 57
38 209 2 07 25 01 1 04 25
38 210 0 15 71 04 1 06 71
38 211 1 10 14 03 1 04 14
38 212 2 11 77 02 0 04 40
38 213 0 09 54 05 1 06 54
38 214 1 13 26 01 1 05 26
38 215 2 14 64 03 1 04 64
38 216 0 04 75 01 0 06 15
38 217 1 06 52 00 1 05 52
38 218 2 08 23 04 0 04 25
38 219 0 05 16 03 1 06 16
38 220 1 11 47 04 1 05 47
38 221 2 07 25 01 1 04 25
38 222 0 01 12 06 1 06 12
38 223 1 09 57 02 1 05 57
38 224 2 10 40 00 0 04 77
38 225 0 17 15 00 0 06 71
38 226 1 17 44 05 0 05 47
38 227 2 07 25 01 1 04 25
38 228 0 00 29 02 0 06 26
38 229 1 10 14 03 1 05 14
38 230 2 08 23 04 1 04 23
38 231 0 09 54 05 1 06 54
38 232 1 17 44 05 1 05 44
38 233 2 11 77 02 0 04 40
38 234 0 05 16 03 1 06 16
38 235 1 09 57 02 1 05 57
38 236 2 14 64 03 1 04 64
38 237 0 04 75 01 1 06 75
38 238 1 10 14 03 1 05 14
38 239 2 10 40 00 1 04 40
38 240 0 15 71 04 1 06 71
38 241 1 11 47 04 1 05 47
38 242 2 14 64 03 1 04 64
38 243 0 17 15 00 1 06 15
38 244 1 06 52 00 1 05 52
38 245 2 07 25 01 1 04 25
38 246 0 00 29 02 1 06 29
38 247 1 13 26 01 1 05 26
38 248 2 08 23 04 1 04 23
38 249 0 01 12 06 1 06 12
38 250 1 11 47 04 1 06 47
38 251 2 10 40 00 1 04 40
38 252 0 09 54 05 1 07 54
38 253 1 10 14 03 1 06 14
38 254 2 11 77 02 0 04 40
38 255 0 04 75 01 1 07 75
38 256 1 06 52 00 1 06 52
38 257 2 10 40 00 1 04 40
38 258 0 01 12 06 1 07 12
38 259 1 08 28 06 0 06 77
38 260 2 11 77 02 0 04 40
38 261 0 05 16 03 1 07 16
38 262 1 13 26 01 1 06 26
38 263 2 07 25 01 1 04 25
38 264 0 15 71 04 1 07 71
38 265 1 09 57 02 0 06 52
38 266 2 14 64 03 1 04 64
38 267 0 12 79 07 0 07 76
38 268 1 17 44 05 0 06 43
38 269 2 08 23 04 1 04 23
38 270 0 00 29 02 1 07 29
38 271 1 10 14 03 1 06 14
38 272 2 08 23 04 0 04 25
38 273 0 17 15 00 1 07 15
38 274 1 06 52 00 1 06 52
38 275 2 07 25 01 1 04 25
38 276 0 05 16 03 1 07 16
38 277 1 17 44 05 0 06 43
38 278 2 11 77 02 0 04 64
38 279 0 12 79 07 0 07 77
38 280 1 11 47 04 1 06 47
38 281 2 10 40 00 0 04 23
38 282 0 15 71 04 1 07 71
38 283 1 09 57 02 1 06 57
38 284 2 14 64 03 1 04 64
38 285 0 17 15 00 1 07 15
38 286 1 08 28 06 0 06 34
38 287 2 08 23 04 0 04 25
38 288 0 09 54 05 1 07 54
38 289 1 13 26 01 1 06 26
38 290 2 11 77 02 0 04 40
38 291 0 01 12 06 1 07 12
38 292 1 13 26 01 1 06 26
38 293 2 07 25 01 1 04 25
38 294 0 04 75 01 0 07 57
38 295 1 08 28 06 0 06 24
38 296 2 10 40 00 1 04 40
38 297 0 00 29 02 1 07 29
38 298 1 11 47 04 1 06 47
38 299 2 14 64 03 1 04 64
