24 000 0 07 58 00 1 00 58
24 001 1 12 69 00 1 00 69
24 002 2 11 47 00 1 00 47
24 003 0 07 58 00 1 01 58
24 004 1 03 72 01 1 01 72
24 005 2 11 47 00 0 01 48
24 006 0 12 12 01 0 01 53
24 007 1 12 69 00 0 01 58
24 008 2 03 14 01 0 01 12
24 009 0 12 12 01 0 01 47
24 010 1 03 72 01 0 01 12
24 011 2 03 14 01 1 01 14
24 012 0 07 58 00 1 01 58
24 013 1 12 69 00 1 01 69
24 014 2 11 47 00 0 01 72
24 015 0 07 58 00 1 01 58
24 016 1 12 69 00 1 01 69
24 017 2 03 14 01 0 01 72
24 018 0 12 12 01 1 01 12
24 019 1 03 72 01 0 01 12
24 020 2 11 47 00 0 01 12
24 021 0 07 58 00 1 02 58
24 022 1 12 69 00 1 01 69
24 023 2 11 47 00 0 01 72
24 024 0 17 38 02 0 02 32
24 025 1 03 72 01 0 01 14
24 026 2 03 14 01 0 01 12
24 027 0 12 12 01 0 02 38
24 028 1 03 72 01 0 01 14
24 029 2 03 14 01 1 01 14
24 030 0 12 12 01 0 02 48
24 031 1 12 69 00 1 01 69
24 032 2 11 47 00 0 01 72
24 033 0 17 38 02 1 02 38
24 034 1 12 69 00 1 01 69
24 035 2 11 47 00 0 01 58
24 036 0 07 58 00 1 02 58
24 037 1 03 72 01 0 01 14
24 038 2 03 14 01 1 01 14
24 039 0 17 38 02 1 02 38
24 040 1 12 69 00 1 01 69
24 041 2 11 47 00 0 01 72
24 042 0 12 12 01 0 02 58
24 043 1 03 72 01 0 01 14
24 044 2 03 14 01 0 01 72
24 045 0 07 58 00 1 02 58
24 046 1 03 72 01 0 01 14
24 047 2 11 47 00 0 01 14
24 048 0 17 38 02 1 02 38
24 049 1 12 69 00 1 01 69
24 050 2 03 14 01 0 01 72
24 051 0 07 58 00 1 02 58
24 052 1 12 69 00 1 01 69
24 053 2 03 14 01 0 01 72
24 054 0 12 12 01 0 02 58
24 055 1 03 72 01 1 01 72
24 056 2 11 47 00 0 01 72
24 057 0 12 12 01 1 02 12
24 058 1 03 72 01 0 02 14
24 059 2 03 14 01 1 01 14
24 060 0 17 38 02 1 02 38
24 061 1 07 30 02 1 02 30
24 062 2 11 47 00 0 01 14
24 063 0 07 58 00 1 02 58
24 064 1 12 69 00 1 02 69
24 065 2 03 14 01 0 01 72
24 066 0 15 65 03 0 03 67
24 067 1 12 69 00 1 02 69
24 068 2 11 47 00 0 01 72
24 069 0 07 58 00 1 03 58
24 070 1 03 72 01 0 02 14
24 071 2 11 47 00 1 01 47
24 072 0 17 38 02 1 03 38
24 073 1 07 30 02 1 02 30
24 074 2 03 14 01 1 01 14
24 075 0 12 12 01 1 03 12
24 076 1 07 30 02 0 02 38
24 077 2 02 52 02 0 02 14
24 078 0 07 58 00 1 03 58
24 079 1 12 69 00 1 02 69
24 080 2 03 14 01 0 02 58
24 081 0 15 65 03 0 03 57
24 082 1 03 72 01 1 02 72
24 083 2 11 47 00 1 02 47
24 084 0 17 38 02 1 03 38
24 085 1 07 30 02 1 02 30
24 086 2 03 14 01 1 02 14
24 087 0 12 12 01 1 03 12
24 088 1 12 69 00 1 02 69
24 089 2 11 47 00 0 02 72
24 090 0 12 12 01 1 03 12
24 091 1 03 72 01 0 02 58
24 092 2 02 52 02 0 02 14
24 093 0 17 38 02 1 03 38
24 094 1 03 72 01 0 02 52
24 095 2 11 47 00 0 02 72
24 096 0 07 58 00 1 03 58
24 097 1 12 69 00 1 02 69
24 098 2 02 52 02 0 02 58
24 099 0 15 65 03 0 03 52
24 100 1 07 30 02 0 02 52
24 101 2 03 14 01 1 02 14
24 102 0 15 65 03 1 03 65
24 103 1 07 30 02 0 02 52
24 104 2 03 14 01 1 02 14
24 105 0 12 12 01 1 03 12
24 106 1 03 72 01 0 02 52
24 107 2 02 52 02 0 02 05
24 108 0 07 58 00 1 03 58
24 109 1 12 69 00 1 02 69
24 110 2 11 47 00 0 02 72
24 111 0 17 38 02 1 03 38
24 112 1 07 30 02 0 02 14
24 113 2 03 14 01 1 02 14
24 114 0 17 38 02 1 04 38
24 115 1 12 69 00 1 02 69
24 116 2 02 52 02 1 02 52
24 117 0 15 65 03 1 04 65
24 118 1 03 72 01 0 02 35
24 119 2 11 47 00 0 02 14
24 120 0 12 12 01 1 04 12
24 121 1 03 72 01 1 02 72
24 122 2 11 47 00 0 02 14
24 123 0 07 58 00 1 04 58
24 124 1 12 69 00 1 02 69
24 125 2 02 52 02 1 02 52
24 126 0 06 17 04 1 04 17
24 127 1 07 30 02 0 02 72
24 128 2 03 14 01 0 02 72
24 129 0 07 58 00 1 05 58
24 130 1 12 69 00 1 02 69
24 131 2 11 47 00 0 02 14
24 132 0 12 12 01 1 05 12
24 133 1 03 72 01 0 02 52
24 134 2 03 14 01 0 02 72
24 135 0 06 17 04 1 05 17
24 136 1 07 30 02 0 02 72
24 137 2 02 52 02 0 02 14
24 138 0 17 38 02 1 05 38
24 139 1 12 69 00 1 02 69
24 140 2 03 14 01 0 02 52
24 141 0 04 43 05 0 05 72
24 142 1 03 72 01 0 02 52
24 143 2 11 47 00 1 02 47
24 144 0 15 65 03 0 05 17
24 145 1 07 30 02 0 02 06
24 146 2 02 52 02 1 02 52
24 147 0 12 12 01 1 05 12
24 148 1 12 69 00 1 02 69
24 149 2 03 14 01 0 02 52
24 150 0 15 65 03 1 05 65
24 151 1 07 30 02 1 02 30
24 152 2 11 47 00 0 02 72
24 153 0 07 58 00 1 05 58
24 154 1 03 72 01 0 02 52
24 155 2 02 52 02 1 02 52
24 156 0 17 38 02 1 05 38
24 157 1 07 30 02 1 02 30
24 158 2 11 47 00 0 02 72
24 159 0 04 43 05 0 05 17
24 160 1 12 69 00 1 02 69
24 161 2 02 52 02 1 02 52
24 162 0 06 17 04 1 05 17
24 163 1 03 72 01 0 02 52
24 164 2 03 14 01 0 02 52
24 165 0 06 17 04 1 05 17
24 166 1 12 69 00 1 02 69
24 167 2 11 47 00 1 02 47
24 168 0 04 43 05 0 05 65
24 169 1 07 30 02 0 02 63
24 170 2 03 14 01 0 02 52
24 171 0 12 12 01 1 05 12
24 172 1 03 72 01 0 02 52
24 173 2 02 52 02 0 02 72
24 174 0 17 38 02 1 05 38
24 175 1 03 72 01 0 02 52
24 176 2 03 14 01 0 02 52
24 177 0 15 65 03 1 05 65
24 178 1 12 69 00 1 02 69
24 179 2 11 47 00 0 02 72
24 180 0 07 58 00 1 05 58
24 181 1 07 30 02 1 02 30
24 182 2 02 52 02 1 02 52
24 183 0 12 12 01 1 05 12
24 184 1 03 72 01 0 02 43
24 185 2 02 52 02 1 02 52
24 186 0 06 17 04 1 05 17
24 187 1 07 30 02 1 02 30
24 188 2 03 14 01 1 02 14
24 189 0 04 43 05 1 05 43
24 190 1 12 69 00 1 02 69
24 191 2 11 47 00 1 02 47
24 192 0 07 58 00 1 05 58
24 193 1 07 30 02 0 02 69
24 194 2 03 14 01 0 03 52
24 195 0 15 65 03 0 05 58
24 196 1 12 69 00 1 02 69
24 197 2 11 47 00 0 03 72
24 198 0 17 38 02 1 05 38
24 199 1 03 72 01 0 02 00
24 200 2 15 16 03 0 03 47
24 201 0 04 43 05 1 05 43
24 202 1 03 72 01 0 02 52
24 203 2 02 52 02 1 03 52
24 204 0 07 58 00 1 05 58
24 205 1 07 30 02 0 02 69
24 206 2 03 14 01 0 03 71
24 207 0 15 65 03 0 05 43
24 208 1 12 69 00 1 02 69
24 209 2 02 52 02 0 03 73
24 210 0 12 12 01 1 05 12
24 211 1 03 72 01 1 02 72
24 212 2 15 16 03 1 03 16
24 213 0 06 17 04 0 05 00
24 214 1 07 30 02 1 02 30
24 215 2 11 47 00 0 03 72
24 216 0 17 38 02 1 05 38
24 217 1 12 69 00 1 02 69
24 218 2 15 16 03 1 03 16
24 219 0 15 65 03 1 05 65
24 220 1 07 30 02 1 03 30
24 221 2 02 52 02 1 03 52
24 222 0 06 17 04 1 05 17
24 223 1 03 72 01 0 03 52
24 224 2 03 14 01 0 03 04
24 225 0 12 12 01 1 05 12
24 226 1 08 36 03 1 03 36
24 227 2 11 47 00 1 03 47
24 228 0 04 43 05 1 05 43
24 229 1 12 69 00 1 03 69
24 230 2 11 47 00 1 03 47
24 231 0 07 58 00 1 05 58
24 232 1 12 69 00 1 03 69
24 233 2 03 14 01 0 03 52
24 234 0 17 38 02 1 05 38
24 235 1 08 36 03 1 03 36
24 236 2 15 16 03 1 03 16
24 237 0 15 65 03 1 06 65
24 238 1 07 30 02 1 03 30
24 239 2 02 52 02 1 03 52
24 240 0 07 58 00 1 06 58
24 241 1 03 72 01 1 03 72
24 242 2 03 14 01 0 03 52
24 243 0 17 38 02 0 06 03
24 244 1 15 27 04 0 04 37
24 245 2 11 47 00 1 03 47
24 246 0 06 17 04 1 06 17
24 247 1 03 72 01 0 04 52
24 248 2 02 52 02 1 03 52
24 249 0 04 43 05 0 06 73
24 250 1 12 69 00 1 04 69
24 251 2 15 16 03 1 03 16
24 252 0 12 12 01 1 06 12
24 253 1 07 30 02 1 04 30
24 254 2 02 52 02 0 03 35
24 255 0 08 61 06 1 06 61
24 256 1 08 36 03 1 04 36
24 257 2 11 47 00 1 03 47
24 258 0 06 17 04 1 06 17
24 259 1 15 27 04 0 04 43
24 260 2 15 16 03 1 03 16
24 261 0 12 12 01 1 06 12
24 262 1 12 69 00 1 04 69
24 263 2 03 14 01 0 03 52
24 264 0 04 43 05 0 06 14
24 265 1 07 30 02 0 04 03
24 266 2 03 14 01 0 03 52
24 267 0 15 65 03 1 06 65
24 268 1 08 36 03 1 04 36
24 269 2 15 16 03 1 03 16
24 270 0 08 61 06 1 06 61
24 271 1 03 72 01 0 04 52
24 272 2 11 47 00 1 03 47
24 273 0 07 58 00 1 06 58
24 274 1 07 30 02 1 04 30
24 275 2 02 52 02 1 03 52
24 276 0 17 38 02 1 06 38
24 277 1 12 69 00 1 04 69
24 278 2 02 52 02 1 03 52
24 279 0 17 38 02 1 06 38
24 280 1 15 27 04 1 04 27
24 281 2 11 47 00 1 03 47
24 282 0 06 17 04 1 06 17
24 283 1 03 72 01 0 04 43
24 284 2 15 16 03 1 03 16
24 285 0 08 61 06 1 06 61
24 286 1 08 36 03 1 04 36
24 287 2 03 14 01 0 03 52
24 288 0 15 65 03 1 06 65
24 289 1 15 27 04 1 04 27
24 290 2 03 14 01 0 03 41
24 291 0 07 58 00 1 06 58
24 292 1 07 30 02 1 04 30
24 293 2 11 47 00 1 03 47
24 294 0 12 12 01 1 06 12
24 295 1 03 72 01 0 04 52
24 296 2 02 52 02 1 03 52
24 297 0 04 43 05 1 06 43
24 298 1 08 36 03 1 04 36
24 299 2 15 16 03 1 03 16
