33 000 0 08 58 00 0 00 28
33 001 1 07 27 00 0 00 67
33 002 2 04 67 00 1 00 67
33 003 0 08 58 00 1 00 58
33 004 1 07 27 00 1 00 27
33 005 2 12 39 01 1 01 39
33 006 0 10 20 01 0 01 00
33 007 1 16 63 01 1 01 63
33 008 2 04 67 00 1 01 67
33 009 0 08 58 00 1 01 58
33 010 1 07 27 00 1 01 27
33 011 2 13 18 02 1 02 18
33 012 0 08 58 00 0 01 55
33 013 1 16 63 01 0 02 67
33 014 2 12 39 01 0 02 18
33 015 0 10 20 01 1 01 20
33 016 1 15 47 02 0 02 40
33 017 2 04 67 00 1 02 67
33 018 0 10 20 01 1 01 20
33 019 1 07 27 00 0 02 67
33 020 2 12 39 01 1 02 39
33 021 0 08 58 00 1 01 58
33 022 1 16 63 01 0 02 67
33 023 2 13 18 02 1 02 18
33 024 0 08 58 00 1 02 58
33 025 1 15 47 02 1 02 47
33 026 2 04 67 00 1 02 67
33 027 0 03 42 02 1 02 42
33 028 1 07 27 00 1 02 27
33 029 2 04 67 00 0 03 39
33 030 0 10 20 01 1 02 20
33 031 1 16 63 01 1 02 63
33 032 2 12 39 01 1 03 39
33 033 0 03 42 02 1 03 42
33 034 1 15 47 02 1 02 47
33 035 2 00 68 03 1 03 68
33 036 0 10 20 01 1 03 20
33 037 1 07 27 00 0 02 67
33 038 2 13 18 02 1 03 18
33 039 0 12 13 03 1 03 13
33 040 1 15 47 02 1 02 47
33 041 2 00 68 03 1 03 68
33 042 0 08 58 00 1 03 58
33 043 1 16 63 01 1 02 63
33 044 2 04 67 00 0 03 39
33 045 0 12 13 03 1 04 13
33 046 1 07 27 00 0 02 47
33 047 2 13 18 02 0 03 39
33 048 0 10 20 01 1 04 20
33 049 1 16 63 01 1 02 63
33 050 2 12 39 01 0 03 18
33 051 0 03 42 02 1 04 42
33 052 1 15 47 02 1 02 47
33 053 2 04 67 00 1 03 67
33 054 0 08 58 00 1 04 58
33 055 1 07 27 00 0 02 47
33 056 2 00 68 03 1 03 68
33 057 0 04 45 04 1 04 45
33 058 1 07 27 00 1 02 27
33 059 2 13 18 02 0 03 39
33 060 0 08 58 00 1 05 58
33 061 1 15 47 02 1 02 47
33 062 2 12 39 01 1 03 39
33 063 0 10 20 01 1 05 20
33 064 1 16 63 01 1 02 63
33 065 2 00 68 03 1 03 68
33 066 0 05 23 05 0 05 45
33 067 1 07 27 00 0 03 47
33 068 2 13 18 02 1 03 18
33 069 0 04 45 04 1 05 45
33 070 1 16 63 01 1 03 63
33 071 2 04 67 00 1 03 67
33 072 0 03 42 02 1 05 42
33 073 1 15 47 02 1 03 47
33 074 2 12 39 01 1 03 39
33 075 0 12 13 03 1 05 13
33 076 1 03 26 03 0 03 27
33 077 2 12 39 01 0 04 18
33 078 0 08 58 00 1 05 58
33 079 1 15 47 02 1 03 47
33 080 2 04 67 00 0 04 69
33 081 0 12 13 03 1 05 13
33 082 1 16 63 01 1 03 63
33 083 2 03 69 04 1 04 69
33 084 0 04 45 04 1 05 45
33 085 1 03 26 03 1 03 26
33 086 2 13 18 02 0 04 39
33 087 0 03 42 02 0 05 20
33 088 1 07 27 00 0 03 47
33 089 2 00 68 03 1 04 68
33 090 0 05 23 05 1 05 23
33 091 1 15 47 02 1 03 47
33 092 2 13 18 02 1 04 18
33 093 0 10 20 01 1 05 20
33 094 1 16 63 01 0 03 47
33 095 2 00 68 03 1 04 68
33 096 0 08 58 00 1 05 58
33 097 1 07 27 00 0 03 47
33 098 2 12 39 01 1 04 39
33 099 0 10 20 01 1 05 20
33 100 1 03 26 03 1 03 26
33 101 2 03 69 04 1 04 69
33 102 0 12 13 03 1 05 13
33 103 1 03 26 03 1 03 26
33 104 2 04 67 00 0 04 69
33 105 0 05 23 05 0 05 45
33 106 1 16 63 01 0 03 47
33 107 2 03 69 04 1 04 69
33 108 0 04 45 04 1 05 45
33 109 1 15 47 02 1 03 47
33 110 2 12 39 01 0 04 18
33 111 0 03 42 02 1 05 42
33 112 1 07 27 00 1 03 27
33 113 2 00 68 03 1 04 68
33 114 0 03 42 02 1 05 42
33 115 1 16 63 01 1 03 63
33 116 2 04 67 00 1 04 67
33 117 0 12 13 03 1 05 13
33 118 1 07 27 00 1 03 27
33 119 2 13 18 02 1 04 18
33 120 0 05 23 05 1 05 23
33 121 1 15 47 02 1 03 47
33 122 2 04 67 00 1 04 67
33 123 0 10 20 01 1 05 20
33 124 1 03 26 03 1 03 26
33 125 2 12 39 01 0 04 18
33 126 0 04 45 04 1 05 45
33 127 1 10 48 04 1 04 48
33 128 2 03 69 04 0 04 67
33 129 0 08 58 00 1 05 58
33 130 1 15 47 02 1 04 47
33 131 2 13 18 02 0 04 39
33 132 0 10 20 01 1 06 20
33 133 1 07 27 00 1 04 27
33 134 2 00 68 03 1 04 68
33 135 0 04 45 04 1 06 45
33 136 1 03 26 03 1 04 26
33 137 2 00 68 03 1 04 68
33 138 0 14 51 06 1 06 51
33 139 1 16 63 01 0 04 47
33 140 2 04 67 00 1 04 67
33 141 0 05 23 05 1 06 23
33 142 1 15 47 02 1 04 47
33 143 2 12 39 01 1 04 39
33 144 0 08 58 00 1 06 58
33 145 1 16 63 01 1 04 63
33 146 2 03 69 04 1 04 69
33 147 0 03 42 02 1 06 42
33 148 1 07 27 00 1 04 27
33 149 2 13 18 02 1 04 18
33 150 0 12 13 03 1 06 13
33 151 1 10 48 04 1 04 48
33 152 2 12 39 01 0 05 18
33 153 0 12 13 03 1 07 13
33 154 1 03 26 03 1 04 26
33 155 2 00 68 03 1 05 68
33 156 0 05 23 05 1 07 23
33 157 1 16 63 01 0 05 62
33 158 2 04 67 00 1 05 67
33 159 0 04 45 04 1 07 45
33 160 1 03 26 03 0 05 62
33 161 2 03 69 04 0 05 44
33 162 0 10 20 01 1 07 20
33 163 1 15 47 02 1 05 47
33 164 2 02 44 05 0 05 69
33 165 0 14 51 06 1 07 51
33 166 1 10 48 04 1 05 48
33 167 2 13 18 02 1 05 18
33 168 0 08 58 00 1 07 58
33 169 1 07 27 00 1 05 27
33 170 2 13 18 02 0 05 39
33 171 0 03 42 02 1 07 42
33 172 1 09 77 05 1 05 77
33 173 2 03 69 04 0 05 67
33 174 0 09 59 07 0 07 45
33 175 1 07 27 00 1 05 27
33 176 2 04 67 00 1 05 67
33 177 0 12 13 03 1 07 13
33 178 1 09 77 05 1 05 77
33 179 2 00 68 03 1 05 68
33 180 0 10 20 01 1 07 20
33 181 1 10 48 04 1 05 48
33 182 2 12 39 01 1 05 39
33 183 0 04 45 04 1 07 45
33 184 1 15 47 02 1 05 47
33 185 2 02 44 05 0 05 69
33 186 0 14 51 06 1 07 51
33 187 1 03 26 03 1 05 26
33 188 2 12 39 01 1 05 39
33 189 0 05 23 05 1 07 23
33 190 1 16 63 01 0 05 47
33 191 2 00 68 03 1 05 68
33 192 0 08 58 00 1 07 58
33 193 1 15 47 02 1 05 47
33 194 2 03 69 04 1 05 69
33 195 0 03 42 02 1 07 42
33 196 1 09 77 05 1 05 77
33 197 2 02 44 05 1 05 44
33 198 0 09 59 07 1 07 59
33 199 1 16 63 01 1 05 63
33 200 2 13 18 02 1 05 18
33 201 0 02 66 08 1 08 66
33 202 1 07 27 00 1 05 27
33 203 2 04 67 00 1 05 67
33 204 0 10 20 01 1 08 20
33 205 1 03 26 03 1 05 26
33 206 2 12 39 01 0 06 18
33 207 0 12 13 03 1 08 13
33 208 1 10 48 04 1 05 48
33 209 2 00 68 03 1 06 68
33 210 0 14 51 06 1 08 51
33 211 1 10 48 04 1 06 48
33 212 2 02 44 05 1 06 44
33 213 0 09 59 07 1 08 59
33 214 1 07 27 00 1 06 27
33 215 2 04 67 00 1 06 67
33 216 0 03 42 02 1 08 42
33 217 1 16 63 01 1 06 63
33 218 2 16 32 06 0 06 35
33 219 0 08 58 00 1 08 58
33 220 1 15 47 02 1 06 47
33 221 2 03 69 04 1 06 69
33 222 0 04 45 04 1 08 45
33 223 1 03 26 03 1 06 26
33 224 2 13 18 02 0 06 39
33 225 0 05 23 05 1 08 23
33 226 1 17 40 06 0 06 41
33 227 2 13 18 02 0 06 39
33 228 0 12 13 03 1 09 13
33 229 1 09 77 05 1 06 77
33 230 2 16 32 06 1 06 32
33 231 0 10 20 01 1 09 20
33 232 1 16 63 01 1 06 63
33 233 2 02 44 05 1 06 44
33 234 0 13 79 09 1 09 79
33 235 1 03 26 03 1 06 26
33 236 2 04 67 00 1 06 67
33 237 0 05 23 05 1 09 23
33 238 1 09 77 05 1 06 77
33 239 2 00 68 03 1 06 68
33 240 0 09 59 07 1 09 59
33 241 1 17 40 06 1 06 40
33 242 2 03 69 04 1 06 69
33 243 0 04 45 04 1 09 45
33 244 1 07 27 00 1 06 27
33 245 2 12 39 01 0 06 08
33 246 0 03 42 02 1 09 42
33 247 1 15 47 02 1 06 47
33 248 2 12 39 01 1 06 39
33 249 0 02 66 08 1 09 66
33 250 1 10 48 04 1 06 48
33 251 2 00 68 03 1 06 68
33 252 0 14 51 06 1 09 51
33 253 1 17 40 06 1 07 40
33 254 2 04 67 00 1 06 67
33 255 0 08 58 00 1 09 58
33 256 1 03 26 03 1 07 26
33 257 2 13 18 02 1 06 18
33 258 0 12 13 03 1 10 13
33 259 1 15 47 02 1 07 47
33 260 2 03 69 04 1 06 69
33 261 0 10 20 01 1 10 20
33 262 1 10 48 04 1 07 48
33 263 2 16 32 06 1 06 32
33 264 0 13 79 09 1 10 79
33 265 1 16 63 01 0 07 47
33 266 2 02 44 05 1 06 44
33 267 0 08 58 00 1 10 58
33 268 1 09 77 05 1 07 77
33 269 2 17 52 07 1 07 52
33 270 0 09 59 07 1 10 59
33 271 1 11 41 07 0 07 40
33 272 2 12 39 01 1 07 39
33 273 0 03 42 02 1 10 42
33 274 1 07 27 00 1 07 27
33 275 2 00 68 03 1 07 68
33 276 0 04 45 04 1 10 45
33 277 1 11 41 07 1 07 41
33 278 2 03 69 04 1 07 69
33 279 0 01 57 10 0 10 52
33 280 1 07 27 00 1 07 27
33 281 2 04 67 00 1 07 67
33 282 0 05 23 05 1 10 23
33 283 1 17 40 06 1 07 40
33 284 2 02 44 05 1 07 44
33 285 0 02 66 08 1 10 66
33 286 1 15 47 02 1 07 47
33 287 2 16 32 06 0 07 52
33 288 0 14 51 06 1 10 51
33 289 1 03 26 03 1 07 26
33 290 2 13 18 02 1 07 18
33 291 0 12 13 03 1 10 13
33 292 1 10 48 04 1 07 48
33 293 2 00 68 03 1 07 68
33 294 0 04 45 04 1 10 45
33 295 1 09 77 05 1 07 77
33 296 2 03 69 04 1 07 69
33 297 0 08 58 00 1 10 58
33 298 1 16 63 01 1 07 63
33 299 2 12 39 01 0 07 18
