40 000 0 13 60 00 0 00 00
40 001 1 15 44 00 1 00 44
40 002 2 02 29 00 0 00 11
40 003 0 13 60 00 1 00 60
40 004 1 15 44 00 0 01 22
40 005 2 02 29 00 1 00 29
40 006 0 06 24 01 0 01 00
40 007 1 06 22 01 0 01 00
40 008 2 02 29 00 0 01 00
40 009 0 13 60 00 0 01 00
40 010 1 15 44 00 0 01 00
40 011 2 16 34 01 0 01 00
40 012 0 13 60 00 0 01 00
40 013 1 06 22 01 0 01 00
40 014 2 16 34 01 0 01 00
40 015 0 06 24 01 0 01 00
40 016 1 15 44 00 0 01 22
40 017 2 02 29 00 1 01 29
40 018 0 06 24 01 0 01 48
40 019 1 06 22 01 1 01 22
40 020 2 02 29 00 1 01 29
40 021 0 13 60 00 1 01 60
40 022 1 15 44 00 0 01 29
40 023 2 16 34 01 1 01 34
40 024 0 06 24 01 0 01 34
40 025 1 06 22 01 1 01 22
40 026 2 02 29 00 1 02 29
40 027 0 13 60 00 1 01 60
40 028 1 06 22 01 0 01 29
40 029 2 00 51 02 1 02 51
40 030 0 06 24 01 1 01 24
40 031 1 15 44 00 0 01 29
40 032 2 16 34 01 1 02 34
40 033 0 13 60 00 1 01 60
40 034 1 15 44 00 0 01 22
40 035 2 02 29 00 1 03 29
40 036 0 03 17 02 1 02 17
40 037 1 06 22 01 0 01 29
40 038 2 00 51 02 1 03 51
40 039 0 06 24 01 0 02 34
40 040 1 06 22 01 1 01 22
40 041 2 15 12 03 0 03 34
40 042 0 13 60 00 1 02 60
40 043 1 15 44 00 0 01 29
40 044 2 16 34 01 1 03 34
40 045 0 13 60 00 1 02 60
40 046 1 15 44 00 1 01 44
40 047 2 15 12 03 1 03 12
40 048 0 06 24 01 1 02 24
40 049 1 06 22 01 1 01 22
40 050 2 16 34 01 0 03 12
40 051 0 03 17 02 1 02 17
40 052 1 15 44 00 1 02 44
40 053 2 02 29 00 1 03 29
40 054 0 13 60 00 1 03 60
40 055 1 06 22 01 0 02 44
40 056 2 00 51 02 1 03 51
40 057 0 06 24 01 1 03 24
40 058 1 09 36 02 0 02 02
40 059 2 15 12 03 0 03 34
40 060 0 03 17 02 1 03 17
40 061 1 09 36 02 1 02 36
40 062 2 02 29 00 1 03 29
40 063 0 10 79 03 0 03 59
40 064 1 15 44 00 1 02 44
40 065 2 16 34 01 0 03 12
40 066 0 03 17 02 1 03 17
40 067 1 06 22 01 1 02 22
40 068 2 00 51 02 1 03 51
40 069 0 13 60 00 1 03 60
40 070 1 09 36 02 0 03 79
40 071 2 02 29 00 1 03 29
40 072 0 10 79 03 1 03 79
40 073 1 15 44 00 1 03 44
40 074 2 16 34 01 0 03 12
40 075 0 06 24 01 1 03 24
40 076 1 07 70 03 1 03 70
40 077 2 15 12 03 1 03 12
40 078 0 16 14 04 1 04 14
40 079 1 06 22 01 1 03 22
40 080 2 00 51 02 1 03 51
40 081 0 13 60 00 1 04 60
40 082 1 09 36 02 1 03 36
40 083 2 00 51 02 1 03 51
40 084 0 10 79 03 0 04 59
40 085 1 15 44 00 1 03 44
40 086 2 02 29 00 1 03 29
40 087 0 06 24 01 1 04 24
40 088 1 06 22 01 0 03 70
40 089 2 15 12 03 0 03 34
40 090 0 03 17 02 1 04 17
40 091 1 07 70 03 1 03 70
40 092 2 16 34 01 1 03 34
40 093 0 03 17 02 1 04 17
40 094 1 07 70 03 1 03 70
40 095 2 15 12 03 1 03 12
40 096 0 06 24 01 1 04 24
40 097 1 15 44 00 0 03 22
40 098 2 02 29 00 1 03 29
40 099 0 10 79 03 1 04 79
40 100 1 06 22 01 0 03 70
40 101 2 16 34 01 0 03 12
40 102 0 16 14 04 1 04 14
40 103 1 09 36 02 0 03 00
40 104 2 00 51 02 1 03 51
40 105 0 13 60 00 1 04 60
40 106 1 09 36 02 1 03 36
40 107 2 00 51 02 1 03 51
40 108 0 10 79 03 0 05 60
40 109 1 15 44 00 1 03 44
40 110 2 02 29 00 1 03 29
40 111 0 03 17 02 1 05 17
40 112 1 06 22 01 1 03 22
40 113 2 15 12 03 0 03 34
40 114 0 00 50 05 0 05 40
40 115 1 07 70 03 1 03 70
40 116 2 16 34 01 1 03 34
40 117 0 13 60 00 1 05 60
40 118 1 02 47 04 1 04 47
40 119 2 16 34 01 0 03 12
40 120 0 16 14 04 0 05 40
40 121 1 06 22 01 1 04 22
40 122 2 02 29 00 1 03 29
40 123 0 06 24 01 1 05 24
40 124 1 07 70 03 0 04 40
40 125 2 00 51 02 1 03 51
40 126 0 03 17 02 1 05 17
40 127 1 09 36 02 0 04 44
40 128 2 15 12 03 1 03 12
40 129 0 00 50 05 0 05 14
40 130 1 15 44 00 0 04 22
40 131 2 00 51 02 1 03 51
40 132 0 16 14 04 1 05 14
40 133 1 07 70 03 0 04 22
40 134 2 16 34 01 1 03 34
40 135 0 10 79 03 0 05 60
40 136 1 09 36 02 0 04 44
40 137 2 15 12 03 0 03 34
40 138 0 13 60 00 1 05 60
40 139 1 02 47 04 0 04 22
40 140 2 02 29 00 1 03 29
40 141 0 06 24 01 1 05 24
40 142 1 15 44 00 1 04 44
40 143 2 02 29 00 1 03 29
40 144 0 13 60 00 1 05 60
40 145 1 06 22 01 0 04 47
40 146 2 15 12 03 0 03 34
40 147 0 16 14 04 1 05 14
40 148 1 06 22 01 1 04 22
40 149 2 00 51 02 1 03 51
40 150 0 00 50 05 1 05 50
40 151 1 02 47 04 1 04 47
40 152 2 16 34 01 0 03 12
40 153 0 06 24 01 0 05 79
40 154 1 07 70 03 0 04 24
40 155 2 00 51 02 1 03 51
40 156 0 10 79 03 0 05 60
40 157 1 15 44 00 1 04 44
40 158 2 16 34 01 1 03 34
40 159 0 03 17 02 1 05 17
40 160 1 09 36 02 0 04 22
40 161 2 02 29 00 1 03 29
40 162 0 13 60 00 1 05 60
40 163 1 09 36 02 1 04 36
40 164 2 15 12 03 1 03 12
40 165 0 16 14 04 1 05 14
40 166 1 02 47 04 1 04 47
40 167 2 00 51 02 1 04 51
40 168 0 06 24 01 1 05 24
40 169 1 06 22 01 0 04 36
40 170 2 02 29 00 1 04 29
40 171 0 10 79 03 1 05 79
40 172 1 15 44 00 0 04 22
40 173 2 16 34 01 1 04 34
40 174 0 03 17 02 1 05 17
40 175 1 07 70 03 0 04 36
40 176 2 15 12 03 1 04 12
40 177 0 00 50 05 1 05 50
40 178 1 07 70 03 1 04 70
40 179 2 04 31 04 1 04 31
40 180 0 05 74 06 0 06 64
40 181 1 06 22 01 1 04 22
40 182 2 16 34 01 1 05 34
40 183 0 16 14 04 1 06 14
40 184 1 02 47 04 1 04 47
40 185 2 15 12 03 0 05 34
40 186 0 03 17 02 1 06 17
40 187 1 15 44 00 0 04 22
40 188 2 08 26 05 0 05 31
40 189 0 00 50 05 1 06 50
40 190 1 09 36 02 0 04 22
40 191 2 04 31 04 1 05 31
40 192 0 10 79 03 1 06 79
40 193 1 06 22 01 0 04 36
40 194 2 00 51 02 1 05 51
40 195 0 06 24 01 0 06 29
40 196 1 07 70 03 1 04 70
40 197 2 02 29 00 1 05 29
40 198 0 13 60 00 1 06 60
40 199 1 09 36 02 1 04 36
40 200 2 08 26 05 1 05 26
40 201 0 05 74 06 1 06 74
40 202 1 02 47 04 0 04 22
40 203 2 15 12 03 1 05 12
40 204 0 03 17 02 1 06 17
40 205 1 15 44 00 1 04 44
40 206 2 02 29 00 1 05 29
40 207 0 06 24 01 1 06 24
40 208 1 09 36 02 0 04 29
40 209 2 04 31 04 1 05 31
40 210 0 10 79 03 1 06 79
40 211 1 15 44 00 0 04 22
40 212 2 16 34 01 1 05 34
40 213 0 13 60 00 1 06 60
40 214 1 06 22 01 0 04 24
40 215 2 00 51 02 1 05 51
40 216 0 16 14 04 1 06 14
40 217 1 07 70 03 1 04 70
40 218 2 02 29 00 1 06 29
40 219 0 00 50 05 1 06 50
40 220 1 02 47 04 1 04 47
40 221 2 15 12 03 1 06 12
40 222 0 13 60 00 1 07 60
40 223 1 09 36 02 0 04 44
40 224 2 08 26 05 1 06 26
40 225 0 16 14 04 1 07 14
40 226 1 06 22 01 1 04 22
40 227 2 00 51 02 1 06 51
40 228 0 17 16 07 0 07 54
40 229 1 15 44 00 1 04 44
40 230 2 16 34 01 1 06 34
40 231 0 05 74 06 0 07 59
40 232 1 02 47 04 0 04 36
40 233 2 12 38 06 0 06 12
40 234 0 06 24 01 1 07 24
40 235 1 07 70 03 1 04 70
40 236 2 04 31 04 1 06 31
40 237 0 00 50 05 1 07 50
40 238 1 15 44 00 1 04 44
40 239 2 02 29 00 1 06 29
40 240 0 03 17 02 1 07 17
40 241 1 02 47 04 1 04 47
40 242 2 04 31 04 1 06 31
40 243 0 10 79 03 1 07 79
40 244 1 09 36 02 1 04 36
40 245 2 15 12 03 0 06 34
40 246 0 06 24 01 1 07 24
40 247 1 07 70 03 1 04 70
40 248 2 16 34 01 0 06 12
40 249 0 17 16 07 1 07 16
40 250 1 06 22 01 1 04 22
40 251 2 12 38 06 1 06 38
40 252 0 03 17 02 1 07 17
40 253 1 09 36 02 1 05 36
40 254 2 08 26 05 1 06 26
40 255 0 00 50 05 1 07 50
40 256 1 01 52 05 1 05 52
40 257 2 00 51 02 1 06 51
40 258 0 10 79 03 1 07 79
40 259 1 07 70 03 1 05 70
40 260 2 00 51 02 1 06 51
40 261 0 05 74 06 1 07 74
40 262 1 06 22 01 1 05 22
40 263 2 15 12 03 1 06 12
40 264 0 16 14 04 1 07 14
40 265 1 02 47 04 0 05 34
40 266 2 02 29 00 1 06 29
40 267 0 13 60 00 0 07 00
40 268 1 15 44 00 1 05 44
40 269 2 12 38 06 1 06 38
40 270 0 00 50 05 1 07 50
40 271 1 09 36 02 1 05 36
40 272 2 08 26 05 1 06 26
40 273 0 17 16 07 1 07 16
40 274 1 15 44 00 1 05 44
40 275 2 04 31 04 1 06 31
40 276 0 06 24 01 1 07 24
40 277 1 01 52 05 1 05 52
40 278 2 16 34 01 1 06 34
40 279 0 10 79 03 1 07 79
40 280 1 07 70 03 1 05 70
40 281 2 15 12 03 1 07 12
40 282 0 05 74 06 1 07 74
40 283 1 06 22 01 1 05 22
40 284 2 02 29 00 0 07 68
40 285 0 16 14 04 1 07 14
40 286 1 02 47 04 1 05 47
40 287 2 04 31 04 1 07 31
40 288 0 03 17 02 1 07 17
40 289 1 07 70 03 1 06 70
40 290 2 08 26 05 0 07 38
40 291 0 13 60 00 1 07 60
40 292 1 05 61 06 1 06 61
40 293 2 01 68 07 0 07 29
40 294 0 05 74 06 1 08 74
40 295 1 02 47 04 1 06 47
40 296 2 00 51 02 1 07 51
40 297 0 09 42 08 0 08 27
40 298 1 09 36 02 1 06 36
40 299 2 16 34 01 1 07 34
