34 000 0 08 67 00 1 00 67
34 001 1 07 58 00 1 00 58
34 002 2 04 27 00 1 00 27
34 003 0 10 39 01 1 01 39
34 004 1 16 20 01 0 01 27
34 005 2 12 63 01 1 01 63
34 006 0 08 67 00 1 01 67
34 007 1 07 58 00 1 01 58
34 008 2 04 27 00 1 01 27
34 009 0 08 67 00 1 02 67
34 010 1 07 58 00 1 01 58
34 011 2 04 27 00 1 02 27
34 012 0 03 18 02 1 02 18
34 013 1 16 20 01 1 01 20
34 014 2 12 63 01 0 02 43
34 015 0 10 39 01 1 02 39
34 016 1 16 20 01 1 02 20
34 017 2 13 47 02 1 02 47
34 018 0 12 68 03 1 03 68
34 019 1 07 58 00 1 02 58
34 020 2 04 27 00 1 02 27
34 021 0 10 39 01 1 03 39
34 022 1 15 42 02 1 02 42
34 023 2 12 63 01 0 02 47
34 024 0 03 18 02 1 03 18
34 025 1 15 42 02 1 03 42
34 026 2 13 47 02 0 02 63
34 027 0 08 67 00 1 03 67
34 028 1 03 13 03 0 03 18
34 029 2 12 63 01 1 02 63
34 030 0 10 39 01 1 04 39
34 031 1 16 20 01 1 03 20
34 032 2 13 47 02 1 02 47
34 033 0 12 68 03 0 04 63
34 034 1 07 58 00 1 03 58
34 035 2 04 27 00 1 02 27
34 036 0 04 69 04 1 04 69
34 037 1 07 58 00 0 03 68
34 038 2 04 27 00 1 03 27
34 039 0 08 67 00 1 04 67
34 040 1 15 42 02 1 03 42
34 041 2 12 63 01 1 03 63
34 042 0 03 18 02 1 04 18
34 043 1 03 13 03 1 03 13
34 044 2 00 26 03 0 03 23
34 045 0 10 39 01 1 04 39
34 046 1 16 20 01 1 03 20
34 047 2 13 47 02 0 03 63
34 048 0 08 67 00 1 04 67
34 049 1 03 13 03 1 03 13
34 050 2 12 63 01 0 03 47
34 051 0 04 69 04 0 04 68
34 052 1 07 58 00 1 03 58
34 053 2 04 27 00 1 03 27
34 054 0 12 68 03 1 04 68
34 055 1 15 42 02 1 03 42
34 056 2 00 26 03 1 03 26
34 057 0 03 18 02 1 04 18
34 058 1 16 20 01 1 03 20
34 059 2 13 47 02 0 03 63
34 060 0 12 68 03 1 04 68
34 061 1 16 20 01 1 04 20
34 062 2 04 27 00 1 03 27
34 063 0 04 69 04 1 04 69
34 064 1 15 42 02 1 04 42
34 065 2 12 63 01 0 03 47
34 066 0 08 67 00 1 04 67
34 067 1 10 45 04 0 04 43
34 068 2 00 26 03 1 03 26
34 069 0 03 18 02 1 04 18
34 070 1 07 58 00 0 04 20
34 071 2 13 47 02 1 03 47
34 072 0 10 39 01 1 04 39
34 073 1 03 13 03 1 04 13
34 074 2 12 63 01 1 03 63
34 075 0 04 69 04 1 05 69
34 076 1 15 42 02 1 04 42
34 077 2 04 27 00 1 03 27
34 078 0 05 44 05 1 05 44
34 079 1 10 45 04 1 04 45
34 080 2 13 47 02 0 03 63
34 081 0 10 39 01 1 05 39
34 082 1 07 58 00 1 04 58
34 083 2 00 26 03 1 03 26
34 084 0 03 18 02 1 05 18
34 085 1 03 13 03 1 04 13
34 086 2 12 63 01 1 03 63
34 087 0 08 67 00 1 05 67
34 088 1 16 20 01 0 04 13
34 089 2 13 47 02 1 03 47
34 090 0 12 68 03 1 05 68
34 091 1 10 45 04 1 04 45
34 092 2 00 26 03 1 03 26
34 093 0 03 18 02 1 06 18
34 094 1 03 13 03 1 04 13
34 095 2 04 27 00 1 03 27
34 096 0 10 39 01 1 06 39
34 097 1 16 20 01 1 04 20
34 098 2 04 27 00 0 04 42
34 099 0 04 69 04 1 06 69
34 100 1 07 58 00 1 04 58
34 101 2 00 26 03 1 04 26
34 102 0 05 44 05 1 06 44
34 103 1 15 42 02 1 04 42
34 104 2 03 48 04 0 04 27
34 105 0 14 32 06 1 06 32
34 106 1 09 23 05 0 05 42
34 107 2 12 63 01 1 04 63
34 108 0 08 67 00 1 06 67
34 109 1 15 42 02 1 05 42
34 110 2 13 47 02 1 04 47
34 111 0 12 68 03 1 06 68
34 112 1 07 58 00 1 05 58
34 113 2 13 47 02 0 04 63
34 114 0 03 18 02 1 07 18
34 115 1 16 20 01 1 05 20
34 116 2 00 26 03 1 04 26
34 117 0 04 69 04 1 07 69
34 118 1 10 45 04 0 05 20
34 119 2 12 63 01 1 04 63
34 120 0 09 52 07 0 07 42
34 121 1 03 13 03 1 05 13
34 122 2 03 48 04 0 04 27
34 123 0 05 44 05 1 07 44
34 124 1 16 20 01 1 05 20
34 125 2 04 27 00 0 04 48
34 126 0 08 67 00 1 07 67
34 127 1 03 13 03 1 05 13
34 128 2 00 26 03 1 04 26
34 129 0 10 39 01 1 07 39
34 130 1 15 42 02 1 05 42
34 131 2 12 63 01 1 04 63
34 132 0 12 68 03 1 07 68
34 133 1 10 45 04 1 05 45
34 134 2 03 48 04 0 04 27
34 135 0 14 32 06 1 07 32
34 136 1 09 23 05 1 05 23
34 137 2 04 27 00 0 04 48
34 138 0 05 44 05 1 07 44
34 139 1 07 58 00 0 05 20
34 140 2 13 47 02 1 04 47
34 141 0 10 39 01 1 07 39
34 142 1 03 13 03 1 05 13
34 143 2 12 63 01 1 04 63
34 144 0 09 52 07 0 07 58
34 145 1 07 58 00 1 05 58
34 146 2 00 26 03 1 04 26
34 147 0 14 32 06 1 07 32
34 148 1 10 45 04 1 05 45
34 149 2 03 48 04 0 04 27
34 150 0 03 18 02 1 07 18
34 151 1 09 23 05 1 05 23
34 152 2 13 47 02 0 04 63
34 153 0 08 67 00 1 07 67
34 154 1 15 42 02 1 05 42
34 155 2 04 27 00 1 04 27
34 156 0 04 69 04 1 07 69
34 157 1 16 20 01 1 05 20
34 158 2 04 27 00 0 04 48
34 159 0 12 68 03 1 07 68
34 160 1 10 45 04 1 06 45
34 161 2 03 48 04 0 04 27
34 162 0 10 39 01 1 07 39
34 163 1 07 58 00 0 06 02
34 164 2 00 26 03 1 04 26
34 165 0 03 18 02 1 07 18
34 166 1 16 20 01 1 06 20
34 167 2 12 63 01 1 04 63
34 168 0 12 68 03 1 07 68
34 169 1 15 42 02 1 06 42
34 170 2 13 47 02 1 04 47
34 171 0 08 67 00 1 07 67
34 172 1 17 51 06 1 06 51
34 173 2 12 63 01 1 04 63
34 174 0 05 44 05 1 07 44
34 175 1 09 23 05 1 06 23
34 176 2 13 47 02 1 04 47
34 177 0 14 32 06 1 07 32
34 178 1 03 13 03 1 06 13
34 179 2 04 27 00 0 04 13
34 180 0 09 52 07 0 07 58
34 181 1 16 20 01 1 06 20
34 182 2 00 26 03 1 04 26
34 183 0 04 69 04 1 07 69
34 184 1 07 58 00 1 06 58
34 185 2 03 48 04 1 04 48
34 186 0 03 18 02 0 07 39
34 187 1 15 42 02 1 06 42
34 188 2 04 27 00 0 04 48
34 189 0 09 52 07 0 07 18
34 190 1 10 45 04 1 06 45
34 191 2 13 47 02 0 04 63
34 192 0 10 39 01 1 07 39
34 193 1 17 51 06 1 06 51
34 194 2 03 48 04 0 04 27
34 195 0 14 32 06 1 07 32
34 196 1 09 23 05 1 06 23
34 197 2 00 26 03 0 04 23
34 198 0 08 67 00 1 07 67
34 199 1 03 13 03 1 06 13
34 200 2 12 63 01 0 04 47
34 201 0 04 69 04 1 07 69
34 202 1 09 23 05 1 07 23
34 203 2 12 63 01 1 04 63
34 204 0 12 68 03 1 07 68
34 205 1 11 59 07 1 07 59
34 206 2 04 27 00 0 04 48
34 207 0 05 44 05 1 07 44
34 208 1 15 42 02 1 07 42
34 209 2 03 48 04 1 04 48
34 210 0 08 67 00 1 07 67
34 211 1 07 58 00 1 07 58
34 212 2 00 26 03 1 04 26
34 213 0 05 44 05 1 07 44
34 214 1 17 51 06 1 07 51
34 215 2 13 47 02 0 04 63
34 216 0 10 39 01 1 07 39
34 217 1 10 45 04 1 07 45
34 218 2 12 63 01 0 04 47
34 219 0 09 52 07 1 07 52
34 220 1 03 13 03 1 07 13
34 221 2 00 26 03 1 04 26
34 222 0 14 32 06 1 07 32
34 223 1 16 20 01 1 07 20
34 224 2 03 48 04 0 04 28
34 225 0 12 68 03 1 07 68
34 226 1 11 59 07 1 08 59
34 227 2 13 47 02 0 04 63
34 228 0 04 69 04 1 07 69
34 229 1 15 42 02 1 08 42
34 230 2 04 27 00 1 04 27
34 231 0 03 18 02 1 07 18
34 232 1 09 23 05 1 08 23
34 233 2 12 63 01 1 04 63
34 234 0 02 38 08 1 08 38
34 235 1 07 58 00 0 08 28
34 236 2 03 48 04 0 04 27
34 237 0 14 32 06 1 08 32
34 238 1 10 45 04 1 08 45
34 239 2 13 47 02 1 04 47
34 240 0 04 69 04 1 08 69
34 241 1 03 13 03 1 08 13
34 242 2 04 27 00 0 04 48
34 243 0 08 67 00 1 08 67
34 244 1 17 51 06 1 08 51
34 245 2 00 26 03 1 04 26
34 246 0 03 18 02 1 08 18
34 247 1 08 66 08 1 08 66
34 248 2 04 27 00 1 04 27
34 249 0 10 39 01 1 08 39
34 250 1 16 20 01 1 08 20
34 251 2 13 47 02 1 04 47
34 252 0 12 68 03 1 08 68
34 253 1 15 42 02 0 08 67
34 254 2 00 26 03 1 04 26
34 255 0 05 44 05 1 08 44
34 256 1 10 45 04 1 08 45
34 257 2 12 63 01 1 04 63
34 258 0 09 52 07 1 08 52
34 259 1 09 23 05 1 08 23
34 260 2 03 48 04 1 04 48
34 261 0 02 38 08 1 09 38
34 262 1 17 51 06 1 08 51
34 263 2 12 63 01 1 05 63
34 264 0 14 32 06 1 09 32
34 265 1 08 66 08 1 08 66
34 266 2 02 77 05 1 05 77
34 267 0 04 69 04 1 09 69
34 268 1 11 59 07 1 08 59
34 269 2 13 47 02 1 05 47
34 270 0 09 52 07 1 09 52
34 271 1 07 58 00 1 08 58
34 272 2 00 26 03 1 05 26
34 273 0 03 18 02 1 09 18
34 274 1 16 20 01 1 08 20
34 275 2 03 48 04 1 05 48
34 276 0 12 68 03 1 09 68
34 277 1 03 13 03 1 08 13
34 278 2 04 27 00 0 05 48
34 279 0 10 39 01 1 09 39
34 280 1 08 66 08 1 08 66
34 281 2 12 63 01 0 05 47
34 282 0 13 70 09 1 09 70
34 283 1 09 23 05 1 08 23
34 284 2 00 26 03 1 05 26
34 285 0 05 44 05 1 09 44
34 286 1 17 51 06 1 08 51
34 287 2 13 47 02 0 05 63
34 288 0 08 67 00 1 09 67
34 289 1 16 20 01 1 08 20
34 290 2 03 48 04 0 05 77
34 291 0 08 67 00 1 10 67
34 292 1 03 13 03 1 08 13
34 293 2 02 77 05 1 05 77
34 294 0 10 39 01 1 10 39
34 295 1 10 45 04 1 08 45
34 296 2 04 27 00 0 05 48
34 297 0 12 68 03 1 10 68
34 298 1 15 42 02 0 08 23
34 299 2 13 47 02 0 05 63
