23 000 0 04 43 00 0 00 00
23 001 1 08 53 00 0 00 05
23 002 2 10 56 00 1 00 56
23 003 0 04 43 00 0 00 04
23 004 1 08 53 00 0 00 43
23 005 2 06 67 01 0 01 56
23 006 0 04 43 00 1 00 43
23 007 1 08 53 00 1 00 53
23 008 2 10 56 00 0 01 47
23 009 0 11 73 01 0 01 47
23 010 1 09 62 01 0 01 04
23 011 2 10 56 00 1 01 56
23 012 0 04 43 00 1 01 43
23 013 1 08 53 00 1 01 53
23 014 2 06 67 01 0 01 56
23 015 0 11 73 01 0 01 63
23 016 1 09 62 01 0 01 57
23 017 2 10 56 00 0 01 67
23 018 0 04 43 00 1 01 43
23 019 1 08 53 00 1 01 53
23 020 2 06 67 01 0 01 56
23 021 0 11 73 01 1 01 73
23 022 1 08 53 00 1 01 53
23 023 2 06 67 01 1 01 67
23 024 0 04 43 00 1 01 43
23 025 1 09 62 01 0 01 43
23 026 2 10 56 00 0 01 67
23 027 0 11 73 01 1 02 73
23 028 1 08 53 00 1 01 53
23 029 2 10 56 00 1 01 56
23 030 0 04 43 00 1 02 43
23 031 1 09 62 01 1 01 62
23 032 2 06 67 01 0 01 56
23 033 0 05 59 02 0 02 54
23 034 1 09 62 01 1 02 62
23 035 2 06 67 01 1 01 67
23 036 0 05 59 02 1 02 59
23 037 1 08 53 00 1 02 53
23 038 2 10 56 00 0 01 67
23 039 0 11 73 01 0 02 49
23 040 1 11 48 02 1 02 48
23 041 2 06 67 01 0 01 56
23 042 0 04 43 00 1 02 43
23 043 1 11 48 02 0 03 62
23 044 2 10 56 00 0 01 67
23 045 0 04 43 00 1 02 43
23 046 1 08 53 00 1 03 53
23 047 2 06 67 01 0 01 56
23 048 0 05 59 02 1 02 59
23 049 1 09 62 01 1 03 62
23 050 2 10 56 00 1 01 56
23 051 0 11 73 01 1 02 73
23 052 1 17 60 03 1 03 60
23 053 2 10 56 00 1 01 56
23 054 0 11 73 01 1 03 73
23 055 1 08 53 00 1 03 53
23 056 2 06 67 01 0 01 56
23 057 0 03 38 03 1 03 38
23 058 1 11 48 02 1 03 48
23 059 2 10 56 00 1 01 56
23 060 0 05 59 02 1 03 59
23 061 1 17 60 03 1 03 60
23 062 2 06 67 01 0 01 56
23 063 0 04 43 00 1 03 43
23 064 1 09 62 01 1 03 62
23 065 2 10 56 00 1 01 56
23 066 0 11 73 01 1 04 73
23 067 1 09 62 01 1 04 62
23 068 2 06 67 01 1 01 67
23 069 0 05 59 02 1 04 59
23 070 1 02 21 04 1 04 21
23 071 2 06 67 01 0 02 56
23 072 0 03 38 03 1 04 38
23 073 1 11 48 02 1 04 48
23 074 2 10 56 00 0 02 55
23 075 0 04 43 00 1 04 43
23 076 1 17 60 03 0 04 62
23 077 2 16 45 02 0 02 41
23 078 0 15 51 04 1 04 51
23 079 1 08 53 00 1 04 53
23 080 2 10 56 00 1 02 56
23 081 0 04 43 00 1 05 43
23 082 1 17 60 03 1 04 60
23 083 2 16 45 02 1 02 45
23 084 0 11 73 01 1 05 73
23 085 1 09 62 01 1 04 62
23 086 2 06 67 01 1 02 67
23 087 0 14 41 05 0 05 43
23 088 1 08 53 00 1 04 53
23 089 2 16 45 02 1 03 45
23 090 0 03 38 03 1 05 38
23 091 1 11 48 02 1 04 48
23 092 2 06 67 01 1 03 67
23 093 0 05 59 02 1 05 59
23 094 1 02 21 04 1 04 21
23 095 2 10 56 00 0 03 34
23 096 0 15 51 04 1 05 51
23 097 1 08 53 00 1 05 53
23 098 2 11 34 03 1 03 34
23 099 0 04 43 00 1 05 43
23 100 1 00 46 05 1 05 46
23 101 2 16 45 02 1 03 45
23 102 0 14 41 05 1 05 41
23 103 1 17 60 03 1 05 60
23 104 2 06 67 01 1 03 67
23 105 0 05 59 02 1 05 59
23 106 1 09 62 01 0 05 04
23 107 2 11 34 03 1 03 34
23 108 0 03 38 03 1 05 38
23 109 1 02 21 04 1 05 21
23 110 2 10 56 00 1 03 56
23 111 0 15 51 04 1 05 51
23 112 1 11 48 02 1 05 48
23 113 2 13 16 04 0 04 45
23 114 0 11 73 01 1 05 73
23 115 1 00 46 05 1 05 46
23 116 2 10 56 00 1 04 56
23 117 0 14 41 05 1 06 41
23 118 1 08 53 00 1 05 53
23 119 2 06 67 01 1 04 67
23 120 0 11 73 01 1 06 73
23 121 1 17 60 03 1 05 60
23 122 2 16 45 02 1 04 45
23 123 0 15 51 04 1 06 51
23 124 1 09 62 01 1 05 62
23 125 2 11 34 03 1 04 34
23 126 0 05 59 02 1 06 59
23 127 1 11 48 02 1 05 48
23 128 2 06 67 01 1 04 67
23 129 0 12 79 06 1 06 79
23 130 1 02 21 04 1 05 21
23 131 2 10 56 00 1 04 56
23 132 0 04 43 00 1 06 43
23 133 1 02 21 04 1 06 21
23 134 2 16 45 02 1 04 45
23 135 0 03 38 03 1 06 38
23 136 1 07 28 06 1 06 28
23 137 2 11 34 03 1 04 34
23 138 0 11 73 01 1 07 73
23 139 1 08 53 00 1 06 53
23 140 2 13 16 04 0 04 34
23 141 0 03 38 03 1 07 38
23 142 1 11 48 02 0 06 62
23 143 2 06 67 01 1 04 67
23 144 0 15 51 04 1 07 51
23 145 1 00 46 05 1 06 46
23 146 2 16 45 02 1 04 45
23 147 0 05 59 02 1 07 59
23 148 1 09 62 01 1 06 62
23 149 2 11 34 03 0 04 56
23 150 0 12 79 06 1 07 79
23 151 1 17 60 03 1 06 60
23 152 2 13 16 04 1 04 16
23 153 0 00 58 07 1 07 58
23 154 1 09 62 01 1 06 62
23 155 2 10 56 00 1 04 56
23 156 0 14 41 05 1 07 41
23 157 1 17 60 03 1 06 60
23 158 2 11 34 03 1 04 34
23 159 0 04 43 00 0 07 53
23 160 1 07 28 06 1 06 28
23 161 2 10 56 00 1 04 56
23 162 0 04 43 00 1 07 43
23 163 1 02 21 04 1 06 21
23 164 2 13 16 04 1 04 16
23 165 0 00 58 07 1 07 58
23 166 1 11 48 02 1 06 48
23 167 2 06 67 01 1 04 67
23 168 0 12 79 06 1 07 79
23 169 1 00 46 05 1 06 46
23 170 2 16 45 02 1 04 45
23 171 0 11 73 01 1 07 73
23 172 1 08 53 00 1 06 53
23 173 2 11 34 03 1 05 34
23 174 0 14 41 05 1 07 41
23 175 1 02 21 04 1 07 21
23 176 2 00 31 05 1 05 31
23 177 0 15 51 04 1 07 51
23 178 1 15 66 07 1 07 66
23 179 2 16 45 02 1 05 45
23 180 0 03 38 03 0 07 41
23 181 1 09 62 01 1 07 62
23 182 2 06 67 01 0 05 56
23 183 0 05 59 02 1 07 59
23 184 1 11 48 02 1 07 48
23 185 2 13 16 04 1 05 16
23 186 0 15 51 04 1 07 51
23 187 1 08 53 00 1 07 53
23 188 2 10 56 00 1 05 56
23 189 0 12 79 06 1 07 79
23 190 1 07 28 06 0 07 58
23 191 2 11 34 03 1 05 34
23 192 0 00 58 07 1 07 58
23 193 1 00 46 05 1 07 46
23 194 2 10 56 00 1 05 56
23 195 0 04 43 00 1 07 43
23 196 1 17 60 03 1 07 60
23 197 2 16 45 02 0 05 34
23 198 0 03 38 03 1 07 38
23 199 1 11 48 02 1 07 48
23 200 2 13 16 04 1 05 16
23 201 0 05 59 02 1 07 59
23 202 1 15 66 07 1 07 66
23 203 2 06 67 01 1 05 67
23 204 0 11 73 01 1 07 73
23 205 1 07 28 06 1 07 28
23 206 2 00 31 05 1 05 31
23 207 0 14 41 05 1 07 41
23 208 1 17 60 03 1 07 60
23 209 2 10 56 00 0 05 34
23 210 0 14 41 05 1 08 41
23 211 1 02 21 04 1 07 21
23 212 2 11 34 03 1 05 34
23 213 0 11 73 01 1 08 73
23 214 1 00 46 05 1 07 46
23 215 2 00 31 05 1 05 31
23 216 0 05 59 02 1 08 59
23 217 1 08 53 00 1 07 53
23 218 2 06 67 01 1 05 67
23 219 0 15 51 04 1 08 51
23 220 1 09 62 01 1 07 62
23 221 2 13 16 04 1 05 16
23 222 0 13 24 08 1 08 24
23 223 1 09 62 01 1 08 62
23 224 2 16 45 02 1 05 45
23 225 0 04 43 00 1 08 43
23 226 1 04 30 08 1 08 30
23 227 2 10 56 00 1 05 56
23 228 0 12 79 06 1 08 79
23 229 1 07 28 06 0 08 58
23 230 2 00 31 05 1 05 31
23 231 0 03 38 03 1 08 38
23 232 1 15 66 07 1 08 66
23 233 2 11 34 03 0 05 56
23 234 0 00 58 07 1 08 58
23 235 1 11 48 02 1 08 48
23 236 2 16 45 02 1 05 45
23 237 0 04 43 00 1 09 43
23 238 1 02 21 04 1 08 21
23 239 2 13 16 04 1 05 16
23 240 0 03 38 03 1 09 38
23 241 1 17 60 03 1 08 60
23 242 2 06 67 01 1 05 67
23 243 0 10 68 09 1 09 68
23 244 1 00 46 05 1 08 46
23 245 2 00 31 05 1 05 31
23 246 0 15 51 04 1 09 51
23 247 1 08 53 00 1 08 53
23 248 2 10 56 00 1 05 56
23 249 0 13 24 08 0 09 28
23 250 1 04 30 08 1 08 30
23 251 2 11 34 03 1 05 34
23 252 0 12 79 06 1 09 79
23 253 1 08 53 00 1 08 53
23 254 2 16 45 02 1 05 45
23 255 0 05 59 02 1 09 59
23 256 1 09 62 01 1 08 62
23 257 2 06 67 01 1 05 67
23 258 0 11 73 01 0 09 79
23 259 1 07 28 06 1 08 28
23 260 2 13 16 04 1 05 16
23 261 0 00 58 07 1 09 58
23 262 1 11 48 02 1 08 48
23 263 2 16 45 02 1 06 45
23 264 0 14 41 05 1 09 41
23 265 1 00 46 05 1 08 46
23 266 2 10 56 00 1 06 56
23 267 0 05 59 02 1 09 59
23 268 1 15 66 07 1 08 66
23 269 2 13 16 04 1 06 16
23 270 0 12 79 06 1 09 79
23 271 1 17 60 03 1 08 60
23 272 2 11 34 03 1 06 34
23 273 0 00 58 07 1 09 58
23 274 1 02 21 04 1 08 21
23 275 2 06 67 01 1 06 67
23 276 0 13 24 08 0 09 28
23 277 1 11 48 02 1 09 48
23 278 2 04 47 06 0 06 56
23 279 0 04 43 00 1 09 43
23 280 1 06 12 09 0 09 46
23 281 2 00 31 05 1 06 31
23 282 0 11 73 01 1 09 73
23 283 1 17 60 03 1 09 60
23 284 2 10 56 00 0 06 34
23 285 0 10 68 09 1 09 68
23 286 1 04 30 08 1 09 30
23 287 2 13 16 04 1 06 16
23 288 0 14 41 05 1 09 41
23 289 1 07 28 06 1 09 28
23 290 2 06 67 01 0 06 56
23 291 0 15 51 04 1 09 51
23 292 1 00 46 05 1 09 46
23 293 2 11 34 03 1 06 34
23 294 0 03 38 03 1 09 38
23 295 1 02 21 04 1 09 21
23 296 2 04 47 06 0 06 71
23 297 0 03 38 03 1 09 38
23 298 1 09 62 01 1 09 62
23 299 2 00 31 05 1 06 31
