46 000 0 12 67 00 1 00 67
46 001 1 08 22 00 1 00 22
46 002 2 06 77 00 1 00 77
46 003 0 12 67 00 1 01 67
46 004 1 08 22 00 1 01 22
46 005 2 06 77 00 1 01 77
46 006 0 00 27 01 0 01 22
46 007 1 14 23 01 1 01 23
46 008 2 14 47 01 0 01 77
46 009 0 00 27 01 1 01 27
46 010 1 11 32 02 1 02 32
46 011 2 06 77 00 1 01 77
46 012 0 12 67 00 1 01 67
46 013 1 14 23 01 0 02 22
46 014 2 14 47 01 1 01 47
46 015 0 11 19 02 1 02 19
46 016 1 08 22 00 1 02 22
46 017 2 14 47 01 1 02 47
46 018 0 12 67 00 1 02 67
46 019 1 11 32 02 1 02 32
46 020 2 11 64 02 0 02 13
46 021 0 00 27 01 1 02 27
46 022 1 14 23 01 0 02 32
46 023 2 06 77 00 0 02 67
46 024 0 00 27 01 0 03 23
46 025 1 08 22 00 1 02 22
46 026 2 06 77 00 1 02 77
46 027 0 11 19 02 1 03 19
46 028 1 14 23 01 1 02 23
46 029 2 11 64 02 0 02 67
46 030 0 12 67 00 1 03 67
46 031 1 08 22 00 1 02 22
46 032 2 14 47 01 0 02 67
46 033 0 03 54 03 1 03 54
46 034 1 11 32 02 1 02 32
46 035 2 14 47 01 1 02 47
46 036 0 00 27 01 1 03 27
46 037 1 14 23 01 1 03 23
46 038 2 11 64 02 1 02 64
46 039 0 11 19 02 1 03 19
46 040 1 11 32 02 1 03 32
46 041 2 06 77 00 0 02 47
46 042 0 12 67 00 1 03 67
46 043 1 08 22 00 0 03 32
46 044 2 14 47 01 0 02 67
46 045 0 03 54 03 1 03 54
46 046 1 05 29 03 1 03 29
46 047 2 06 77 00 1 02 77
46 048 0 11 19 02 1 04 19
46 049 1 11 32 02 1 03 32
46 050 2 11 64 02 0 02 47
46 051 0 03 54 03 1 04 54
46 052 1 08 22 00 1 03 22
46 053 2 11 64 02 1 02 64
46 054 0 12 67 00 1 04 67
46 055 1 05 29 03 1 03 29
46 056 2 14 47 01 1 02 47
46 057 0 10 20 04 1 04 20
46 058 1 14 23 01 0 03 29
46 059 2 06 77 00 1 02 77
46 060 0 00 27 01 0 04 29
46 061 1 08 22 00 1 03 22
46 062 2 17 66 03 1 03 66
46 063 0 12 67 00 1 04 67
46 064 1 11 32 02 1 03 32
46 065 2 06 77 00 1 03 77
46 066 0 00 27 01 1 04 27
46 067 1 14 23 01 1 03 23
46 068 2 11 64 02 0 03 47
46 069 0 10 20 04 1 04 20
46 070 1 05 29 03 1 03 29
46 071 2 14 47 01 0 03 66
46 072 0 03 54 03 1 04 54
46 073 1 11 32 02 1 04 32
46 074 2 06 77 00 1 03 77
46 075 0 11 19 02 1 04 19
46 076 1 08 22 00 1 04 22
46 077 2 11 64 02 1 03 64
46 078 0 03 54 03 1 05 54
46 079 1 05 29 03 1 04 29
46 080 2 14 47 01 0 03 64
46 081 0 11 19 02 1 05 19
46 082 1 14 23 01 1 04 23
46 083 2 17 66 03 1 03 66
46 084 0 12 67 00 1 05 67
46 085 1 01 18 04 1 04 18
46 086 2 17 66 03 1 03 66
46 087 0 10 20 04 1 05 20
46 088 1 11 32 02 1 05 32
46 089 2 06 77 00 0 03 66
46 090 0 09 48 05 1 05 48
46 091 1 08 22 00 1 05 22
46 092 2 14 47 01 0 03 64
46 093 0 00 27 01 0 05 29
46 094 1 05 29 03 1 05 29
46 095 2 11 64 02 1 03 64
46 096 0 03 54 03 1 05 54
46 097 1 12 70 05 1 05 70
46 098 2 06 77 00 1 03 77
46 099 0 12 67 00 1 05 67
46 100 1 14 23 01 1 05 23
46 101 2 14 47 01 0 03 66
46 102 0 10 20 04 1 05 20
46 103 1 01 18 04 1 05 18
46 104 2 11 64 02 0 03 47
46 105 0 09 48 05 0 05 70
46 106 1 14 23 01 1 06 23
46 107 2 17 66 03 1 03 66
46 108 0 11 19 02 1 05 19
46 109 1 13 24 06 1 06 24
46 110 2 14 47 01 1 03 47
46 111 0 00 27 01 1 05 27
46 112 1 11 32 02 1 06 32
46 113 2 17 66 03 1 03 66
46 114 0 10 20 04 1 05 20
46 115 1 01 18 04 1 06 18
46 116 2 11 64 02 0 03 47
46 117 0 00 27 01 1 05 27
46 118 1 08 22 00 0 06 32
46 119 2 06 77 00 1 03 77
46 120 0 11 19 02 1 05 19
46 121 1 05 29 03 1 06 29
46 122 2 06 77 00 1 03 77
46 123 0 03 54 03 0 05 48
46 124 1 12 70 05 1 06 70
46 125 2 14 47 01 1 03 47
46 126 0 09 48 05 1 05 48
46 127 1 08 22 00 1 06 22
46 128 2 11 64 02 0 03 47
46 129 0 12 67 00 1 05 67
46 130 1 05 29 03 1 06 29
46 131 2 17 66 03 1 03 66
46 132 0 03 54 03 1 05 54
46 133 1 13 24 06 1 06 24
46 134 2 06 77 00 1 03 77
46 135 0 10 20 04 1 05 20
46 136 1 11 32 02 1 06 32
46 137 2 17 66 03 1 03 66
46 138 0 09 48 05 1 05 48
46 139 1 14 23 01 1 06 23
46 140 2 14 47 01 0 03 64
46 141 0 00 27 01 1 05 27
46 142 1 12 70 05 1 06 70
46 143 2 11 64 02 1 03 64
46 144 0 12 67 00 1 05 67
46 145 1 01 18 04 1 06 18
46 146 2 11 64 02 0 03 47
46 147 0 11 19 02 1 05 19
46 148 1 01 18 04 1 07 18
46 149 2 17 66 03 1 03 66
46 150 0 03 54 03 1 06 54
46 151 1 09 33 07 1 07 33
46 152 2 06 77 00 1 03 77
46 153 0 05 21 06 1 06 21
46 154 1 08 22 00 1 07 22
46 155 2 14 47 01 0 03 64
46 156 0 00 27 01 1 06 27
46 157 1 14 23 01 1 07 23
46 158 2 17 66 03 1 03 66
46 159 0 10 20 04 1 06 20
46 160 1 13 24 06 1 07 24
46 161 2 11 64 02 0 03 47
46 162 0 12 67 00 1 06 67
46 163 1 05 29 03 1 07 29
46 164 2 14 47 01 1 03 47
46 165 0 09 48 05 1 06 48
46 166 1 12 70 05 1 07 70
46 167 2 06 77 00 1 03 77
46 168 0 11 19 02 1 06 19
46 169 1 11 32 02 1 07 32
46 170 2 17 66 03 1 03 66
46 171 0 10 20 04 1 07 20
46 172 1 12 70 05 1 08 70
46 173 2 14 47 01 1 03 47
46 174 0 12 67 00 1 07 67
46 175 1 15 65 08 1 08 65
46 176 2 11 64 02 0 03 47
46 177 0 00 27 01 1 07 27
46 178 1 01 18 04 1 08 18
46 179 2 06 77 00 1 03 77
46 180 0 11 19 02 1 07 19
46 181 1 13 24 06 1 08 24
46 182 2 14 47 01 1 03 47
46 183 0 03 54 03 0 07 48
46 184 1 14 23 01 1 08 23
46 185 2 06 77 00 1 03 77
46 186 0 08 46 07 1 07 46
46 187 1 09 33 07 1 08 33
46 188 2 17 66 03 1 03 66
46 189 0 05 21 06 1 07 21
46 190 1 08 22 00 1 08 22
46 191 2 11 64 02 1 03 64
46 192 0 09 48 05 1 07 48
46 193 1 11 32 02 1 08 32
46 194 2 17 66 03 1 04 66
46 195 0 03 54 03 1 07 54
46 196 1 05 29 03 1 08 29
46 197 2 11 64 02 1 04 64
46 198 0 08 46 07 1 07 46
46 199 1 01 18 04 1 09 18
46 200 2 13 25 04 1 04 25
46 201 0 00 27 01 1 07 27
46 202 1 12 70 05 1 09 70
46 203 2 06 77 00 1 04 77
46 204 0 09 48 05 1 07 48
46 205 1 15 65 08 1 09 65
46 206 2 14 47 01 1 04 47
46 207 0 11 19 02 1 07 19
46 208 1 05 29 03 1 09 29
46 209 2 06 77 00 1 05 77
46 210 0 10 20 04 1 07 20
46 211 1 09 33 07 1 09 33
46 212 2 11 64 02 1 05 64
46 213 0 05 21 06 1 07 21
46 214 1 17 28 09 0 09 22
46 215 2 17 66 03 1 05 66
46 216 0 12 67 00 1 07 67
46 217 1 08 22 00 1 09 22
46 218 2 13 25 04 1 05 25
46 219 0 00 27 01 1 08 27
46 220 1 13 24 06 1 09 24
46 221 2 14 47 01 0 05 64
46 222 0 12 67 00 1 08 67
46 223 1 11 32 02 1 09 32
46 224 2 00 40 05 1 05 40
46 225 0 10 20 04 1 08 20
46 226 1 14 23 01 1 09 23
46 227 2 00 40 05 1 05 40
46 228 0 05 21 06 1 08 21
46 229 1 09 33 07 1 09 33
46 230 2 13 25 04 1 05 25
46 231 0 11 19 02 1 08 19
46 232 1 12 70 05 1 09 70
46 233 2 06 77 00 1 05 77
46 234 0 01 56 08 1 08 56
46 235 1 15 65 08 1 09 65
46 236 2 11 64 02 1 05 64
46 237 0 03 54 03 1 08 54
46 238 1 13 24 06 1 09 24
46 239 2 17 66 03 1 05 66
46 240 0 08 46 07 1 08 46
46 241 1 14 23 01 1 09 23
46 242 2 14 47 01 1 05 47
46 243 0 09 48 05 1 08 48
46 244 1 17 28 09 1 09 28
46 245 2 13 25 04 1 06 25
46 246 0 08 46 07 1 09 46
46 247 1 11 32 02 1 09 32
46 248 2 00 40 05 1 06 40
46 249 0 03 54 03 1 09 54
46 250 1 08 22 00 1 09 22
46 251 2 11 64 02 1 06 64
46 252 0 09 48 05 1 09 48
46 253 1 01 18 04 1 09 18
46 254 2 14 47 01 1 06 47
46 255 0 00 27 01 1 09 27
46 256 1 05 29 03 1 09 29
46 257 2 17 66 03 1 06 66
46 258 0 12 67 00 1 09 67
46 259 1 01 18 04 1 10 18
46 260 2 02 60 06 1 06 60
46 261 0 01 56 08 1 09 56
46 262 1 14 23 01 1 10 23
46 263 2 06 77 00 1 06 77
46 264 0 11 19 02 1 09 19
46 265 1 15 65 08 1 10 65
46 266 2 15 44 07 0 07 47
46 267 0 05 21 06 1 09 21
46 268 1 13 24 06 1 10 24
46 269 2 00 40 05 1 07 40
46 270 0 10 20 04 1 09 20
46 271 1 06 78 10 1 10 78
46 272 2 13 25 04 0 07 47
46 273 0 17 37 09 1 09 37
46 274 1 09 33 07 1 10 33
46 275 2 11 64 02 1 07 64
46 276 0 15 43 10 1 10 43
46 277 1 05 29 03 1 10 29
46 278 2 14 47 01 1 07 47
46 279 0 03 54 03 1 10 54
46 280 1 08 22 00 1 10 22
46 281 2 02 60 06 1 07 60
46 282 0 08 46 07 1 10 46
46 283 1 12 70 05 1 10 70
46 284 2 06 77 00 1 07 77
46 285 0 05 21 06 1 10 21
46 286 1 17 28 09 0 10 65
46 287 2 17 66 03 1 07 66
46 288 0 17 37 09 1 10 37
46 289 1 11 32 02 1 10 32
46 290 2 00 40 05 1 07 40
46 291 0 11 19 02 1 10 19
46 292 1 17 28 09 0 10 65
46 293 2 14 47 01 1 07 47
46 294 0 12 67 00 1 10 67
46 295 1 11 32 02 1 10 32
46 296 2 13 25 04 1 07 25
46 297 0 10 20 04 1 10 20
46 298 1 08 22 00 1 10 22
46 299 2 17 66 03 1 07 66
