32 000 0 17 52 00 1 00 52
32 001 1 16 57 00 0 00 58
32 002 2 02 28 00 1 00 28
32 003 0 17 52 00 1 01 52
32 004 1 16 57 00 1 00 57
32 005 2 02 28 00 1 01 28
32 006 0 11 50 01 0 01 62
32 007 1 16 57 00 1 01 57
32 008 2 13 69 01 0 01 32
32 009 0 11 50 01 1 01 50
32 010 1 08 37 01 1 01 37
32 011 2 13 69 01 1 01 69
32 012 0 17 52 00 1 01 52
32 013 1 08 37 01 0 02 19
32 014 2 02 28 00 1 01 28
32 015 0 17 52 00 1 02 52
32 016 1 02 19 02 0 02 37
32 017 2 02 28 00 1 02 28
32 018 0 11 50 01 1 02 50
32 019 1 16 57 00 0 02 37
32 020 2 10 30 02 0 02 69
32 021 0 02 13 02 0 02 32
32 022 1 16 57 00 0 02 37
32 023 2 13 69 01 1 02 69
32 024 0 11 50 01 0 02 30
32 025 1 02 19 02 0 02 13
32 026 2 10 30 02 0 02 39
32 027 0 17 52 00 1 02 52
32 028 1 08 37 01 0 02 19
32 029 2 13 69 01 1 02 69
32 030 0 02 13 02 1 02 13
32 031 1 08 37 01 0 02 19
32 032 2 02 28 00 1 02 28
32 033 0 11 50 01 1 02 50
32 034 1 02 19 02 0 02 37
32 035 2 02 28 00 1 02 28
32 036 0 02 13 02 1 02 13
32 037 1 16 57 00 0 02 37
32 038 2 13 69 01 1 02 69
32 039 0 17 52 00 1 02 52
32 040 1 16 57 00 1 02 57
32 041 2 10 30 02 0 02 69
32 042 0 06 49 03 0 03 47
32 043 1 08 37 01 0 02 19
32 044 2 10 30 02 1 02 30
32 045 0 11 50 01 1 03 50
32 046 1 02 19 02 1 02 19
32 047 2 13 69 01 1 02 69
32 048 0 17 52 00 1 03 52
32 049 1 16 57 00 0 02 05
32 050 2 02 28 00 1 02 28
32 051 0 02 13 02 0 03 09
32 052 1 08 37 01 0 02 19
32 053 2 11 56 03 0 03 30
32 054 0 06 49 03 0 03 47
32 055 1 02 19 02 1 02 19
32 056 2 10 30 02 0 03 56
32 057 0 11 50 01 0 03 30
32 058 1 02 19 02 1 02 19
32 059 2 13 69 01 1 03 69
32 060 0 17 52 00 1 03 52
32 061 1 16 57 00 1 02 57
32 062 2 02 28 00 1 03 28
32 063 0 02 13 02 0 03 00
32 064 1 08 37 01 0 02 00
32 065 2 11 56 03 1 03 56
32 066 0 11 50 01 0 03 13
32 067 1 08 37 01 0 02 19
32 068 2 13 69 01 0 03 56
32 069 0 06 49 03 1 03 49
32 070 1 16 57 00 0 02 37
32 071 2 02 28 00 1 03 28
32 072 0 02 13 02 1 03 13
32 073 1 02 19 02 1 02 19
32 074 2 10 30 02 1 03 30
32 075 0 17 52 00 1 03 52
32 076 1 02 19 02 1 02 19
32 077 2 11 56 03 1 03 56
32 078 0 02 13 02 1 03 13
32 079 1 16 57 00 0 02 37
32 080 2 02 28 00 1 03 28
32 081 0 11 50 01 1 03 50
32 082 1 08 37 01 1 02 37
32 083 2 13 69 01 1 03 69
32 084 0 17 52 00 1 03 52
32 085 1 08 37 01 0 02 19
32 086 2 10 30 02 0 03 56
32 087 0 06 49 03 1 03 49
32 088 1 02 19 02 1 02 19
32 089 2 10 30 02 1 03 30
32 090 0 02 13 02 1 04 13
32 091 1 16 57 00 1 02 57
32 092 2 02 28 00 1 03 28
32 093 0 11 50 01 1 04 50
32 094 1 16 57 00 0 02 37
32 095 2 11 56 03 1 03 56
32 096 0 16 38 04 0 04 36
32 097 1 08 37 01 0 02 00
32 098 2 13 69 01 0 03 00
32 099 0 06 49 03 1 04 49
32 100 1 02 19 02 1 02 19
32 101 2 02 28 00 1 03 28
32 102 0 17 52 00 1 04 52
32 103 1 16 57 00 1 02 57
32 104 2 11 56 03 1 03 56
32 105 0 11 50 01 1 04 50
32 106 1 02 19 02 1 02 19
32 107 2 10 30 02 0 03 56
32 108 0 16 38 04 1 04 38
32 109 1 08 37 01 1 02 37
32 110 2 13 69 01 0 03 56
32 111 0 17 52 00 1 04 52
32 112 1 16 57 00 0 03 37
32 113 2 02 28 00 1 03 28
32 114 0 02 13 02 1 04 13
32 115 1 08 37 01 1 03 37
32 116 2 13 69 01 1 03 69
32 117 0 06 49 03 1 04 49
32 118 1 02 19 02 1 03 19
32 119 2 11 56 03 1 03 56
32 120 0 17 52 00 1 05 52
32 121 1 00 55 03 1 03 55
32 122 2 10 30 02 0 03 56
32 123 0 00 61 05 1 05 61
32 124 1 00 55 03 1 03 55
32 125 2 13 69 01 1 03 69
32 126 0 06 49 03 1 05 49
32 127 1 02 19 02 1 03 19
32 128 2 10 30 02 0 03 56
32 129 0 11 50 01 1 05 50
32 130 1 16 57 00 1 03 57
32 131 2 02 28 00 1 03 28
32 132 0 02 13 02 1 05 13
32 133 1 08 37 01 1 03 37
32 134 2 11 56 03 1 03 56
32 135 0 16 38 04 1 05 38
32 136 1 02 19 02 1 04 19
32 137 2 13 69 01 1 03 69
32 138 0 06 49 03 1 06 49
32 139 1 16 57 00 1 04 57
32 140 2 10 30 02 1 03 30
32 141 0 11 50 01 1 06 50
32 142 1 08 37 01 1 04 37
32 143 2 02 28 00 1 03 28
32 144 0 00 61 05 1 06 61
32 145 1 00 55 03 1 04 55
32 146 2 11 56 03 1 03 56
32 147 0 02 13 02 1 06 13
32 148 1 10 71 04 1 04 71
32 149 2 13 69 01 0 04 35
32 150 0 16 38 04 1 06 38
32 151 1 10 71 04 1 05 71
32 152 2 11 56 03 0 04 35
32 153 0 17 52 00 1 06 52
32 154 1 01 44 05 1 05 44
32 155 2 10 30 02 0 04 35
32 156 0 14 21 06 1 06 21
32 157 1 02 19 02 1 05 19
32 158 2 15 35 04 0 04 69
32 159 0 17 52 00 1 07 52
32 160 1 16 57 00 0 05 37
32 161 2 02 28 00 1 04 28
32 162 0 16 38 04 1 07 38
32 163 1 08 37 01 1 05 37
32 164 2 11 56 03 0 04 30
32 165 0 14 21 06 1 07 21
32 166 1 00 55 03 1 05 55
32 167 2 13 69 01 0 04 35
32 168 0 06 49 03 1 07 49
32 169 1 00 55 03 0 05 44
32 170 2 15 35 04 1 04 35
32 171 0 11 50 01 0 07 13
32 172 1 08 37 01 1 05 37
32 173 2 10 30 02 1 04 30
32 174 0 00 61 05 1 07 61
32 175 1 02 19 02 1 05 19
32 176 2 02 28 00 1 04 28
32 177 0 03 62 07 1 07 62
32 178 1 16 57 00 1 05 57
32 179 2 13 69 01 0 04 35
32 180 0 02 13 02 0 07 19
32 181 1 01 44 05 1 05 44
32 182 2 10 30 02 1 04 30
32 183 0 06 49 03 1 07 49
32 184 1 10 71 04 1 05 71
32 185 2 11 56 03 0 04 35
32 186 0 11 50 01 0 07 13
32 187 1 16 57 00 1 05 57
32 188 2 02 28 00 1 04 28
32 189 0 00 61 05 1 07 61
32 190 1 01 44 05 1 05 44
32 191 2 15 35 04 0 04 69
32 192 0 02 13 02 1 07 13
32 193 1 08 37 01 1 05 37
32 194 2 15 35 04 1 04 35
32 195 0 14 21 06 1 07 21
32 196 1 02 19 02 1 05 19
32 197 2 11 56 03 1 04 56
32 198 0 17 52 00 1 07 52
32 199 1 00 55 03 0 05 71
32 200 2 10 30 02 1 04 30
32 201 0 03 62 07 1 07 62
32 202 1 10 71 04 1 05 71
32 203 2 13 69 01 0 04 35
32 204 0 16 38 04 1 07 38
32 205 1 10 71 04 1 05 71
32 206 2 02 28 00 1 04 28
32 207 0 06 49 03 1 07 49
32 208 1 16 57 00 1 05 57
32 209 2 10 30 02 1 04 30
32 210 0 17 52 00 1 07 52
32 211 1 01 44 05 1 05 44
32 212 2 02 28 00 1 04 28
32 213 0 02 13 02 1 07 13
32 214 1 00 55 03 1 05 55
32 215 2 11 56 03 1 04 56
32 216 0 11 50 01 1 07 50
32 217 1 08 37 01 1 05 37
32 218 2 15 35 04 1 04 35
32 219 0 14 21 06 1 07 21
32 220 1 02 19 02 1 05 19
32 221 2 13 69 01 0 04 35
32 222 0 03 62 07 1 07 62
32 223 1 10 71 04 1 06 71
32 224 2 10 30 02 1 04 30
32 225 0 16 38 04 0 07 61
32 226 1 04 40 06 1 06 40
32 227 2 02 28 00 1 04 28
32 228 0 00 61 05 1 07 61
32 229 1 00 55 03 1 06 55
32 230 2 13 69 01 0 04 35
32 231 0 00 61 05 1 07 61
32 232 1 16 57 00 1 06 57
32 233 2 11 56 03 1 04 56
32 234 0 17 52 00 1 07 52
32 235 1 02 19 02 1 06 19
32 236 2 15 35 04 0 04 69
32 237 0 03 62 07 1 07 62
32 238 1 01 44 05 1 06 44
32 239 2 11 56 03 1 04 56
32 240 0 06 49 03 1 07 49
32 241 1 08 37 01 1 06 37
32 242 2 13 69 01 0 04 35
32 243 0 16 38 04 1 07 38
32 244 1 16 57 00 1 07 57
32 245 2 02 28 00 1 04 28
32 246 0 02 13 02 1 07 13
32 247 1 00 55 03 1 07 55
32 248 2 15 35 04 1 04 35
32 249 0 14 21 06 1 07 21
32 250 1 09 64 07 0 07 67
32 251 2 10 30 02 1 04 30
32 252 0 11 50 01 1 07 50
32 253 1 10 71 04 1 07 71
32 254 2 15 35 04 0 04 69
32 255 0 06 49 03 1 08 49
32 256 1 01 44 05 1 07 44
32 257 2 11 56 03 1 04 56
32 258 0 17 52 00 1 08 52
32 259 1 08 37 01 1 07 37
32 260 2 10 30 02 0 04 56
32 261 0 14 21 06 1 08 21
32 262 1 02 19 02 1 07 19
32 263 2 13 69 01 0 04 35
32 264 0 00 61 05 1 08 61
32 265 1 04 40 06 0 07 47
32 266 2 02 28 00 1 04 28
32 267 0 11 50 01 1 08 50
32 268 1 16 57 00 1 07 57
32 269 2 11 56 03 1 04 56
32 270 0 16 38 04 1 08 38
32 271 1 01 44 05 1 07 44
32 272 2 02 28 00 1 04 28
32 273 0 05 17 08 1 08 17
32 274 1 00 55 03 1 07 55
32 275 2 10 30 02 1 04 30
32 276 0 03 62 07 1 08 62
32 277 1 02 19 02 1 07 19
32 278 2 13 69 01 0 04 36
32 279 0 02 13 02 1 08 13
32 280 1 09 64 07 1 07 64
32 281 2 15 35 04 0 04 69
32 282 0 14 21 06 1 09 21
32 283 1 08 37 01 1 07 37
32 284 2 11 56 03 1 04 56
32 285 0 08 32 09 0 09 37
32 286 1 10 71 04 1 07 71
32 287 2 10 30 02 0 04 56
32 288 0 05 17 08 1 09 17
32 289 1 04 40 06 1 07 40
32 290 2 02 28 00 1 04 28
32 291 0 00 61 05 1 09 61
32 292 1 09 64 07 0 08 47
32 293 2 13 69 01 0 04 35
32 294 0 06 49 03 1 09 49
32 295 1 04 40 06 0 08 34
32 296 2 15 35 04 1 04 35
32 297 0 02 13 02 1 09 13
32 298 1 08 37 01 1 08 37
32 299 2 10 30 02 1 04 30
