006  00  000  4  1 03661 0
006  00  001  4  1 01010 0
006  00  002  0  0 00855 0
006  00  003  0  0 00572 0
006  00  004  5  1 00529 0
006  00  005  5  1 00528 0
006  00  006  2  0 00698 0
006  00  007  1  0 00610 0
006  00  008  0  0 00507 0
006  00  009  0  0 00541 0
006  00  010  0  0 00443 0
006  00  011  4  1 00696 0
006  00  012  0  0 00662 0
006  00  013  0  0 00545 0
006  00  014  1  0 00626 0
006  00  015  4  1 00595 0
006  00  016  0  0 00726 0
006  00  017  0  0 00506 0
006  00  018  1  0 00694 0
006  00  019  3  1 00794 0
006  00  020  2  0 00642 0
006  00  021  5  1 00496 0
006  00  022  5  1 00547 0
006  00  023  2  0 00539 0
006  00  024  1  0 00836 0
006  00  025  0  0 00605 0
006  00  026  1  0 01087 0
006  00  027  1  0 00782 0
006  00  028  3  1 00522 0
006  00  029  4  1 00682 0
006  00  030  5  1 00477 0
006  00  031  1  0 00535 0
006  00  032  4  1 00760 0
006  00  033  3  1 00705 0
006  00  034  1  0 00537 0
006  00  035  1  0 00933 0
006  00  036  4  1 00601 0
006  00  037  3  1 00732 0
006  00  038  5  1 01114 0
006  00  039  2  0 00515 0
006  00  040  0  0 00630 0
006  00  041  5  1 00511 0
006  00  042  4  1 00733 0
006  00  043  2  0 00548 0
006  00  044  2  0 00620 0
006  00  045  5  1 00555 0
006  00  046  4  1 00790 0
006  00  047  5  1 00529 0
006  00  048  3  1 00556 0
006  00  049  1  0 00566 0
006  00  050  4  1 00956 0
006  00  051  2  0 00707 0
006  00  052  2  0 01132 0
006  00  053  3  1 00661 0
006  00  054  0  0 00579 0
006  00  055  2  0 00986 0
006  00  056  4  1 00676 0
006  00  057  1  0 00678 0
006  00  058  3  1 00606 0
006  00  059  4  1 00567 0
006  01  000  0  0 02052 0
006  01  001  1  0 00431 0
006  01  002  3  1 00512 0
006  01  003  3  1 00492 0
006  01  004  2  0 00625 0
006  01  005  0  0 00622 0
006  01  006  3  1 00546 0
006  01  007  3  1 00555 0
006  01  008  0  0 00548 0
006  01  009  0  0 00520 0
006  01  010  0  0 00456 0
006  01  011  0  0 00594 0
006  01  012  3  1 00570 0
006  01  013  2  0 00986 0
006  01  014  1  0 00640 0
006  01  015  2  0 00485 0
006  01  016  0  0 00508 0
006  01  017  0  0 00460 0
006  01  018  1  0 00590 0
006  01  019  2  0 00637 0
006  01  020  1  0 00564 0
006  01  021  5  1 00718 0
006  01  022  1  0 00703 0
006  01  023  3  1 00643 0
006  01  024  3  1 00616 0
006  01  025  2  0 00586 0
006  01  026  4  1 00661 0
006  01  027  2  0 00563 0
006  01  028  5  1 00574 0
006  01  029  3  1 00783 0
006  01  030  5  1 00504 0
006  01  031  1  0 00502 0
006  01  032  0  0 00645 0
006  01  033  1  0 00652 0
006  01  034  5  1 00660 0
006  01  035  1  0 00552 0
006  01  036  4  1 00544 0
006  01  037  3  1 00697 0
006  01  038  0  0 00493 0
006  01  039  0  0 00489 0
006  01  040  2  0 01384 0
006  01  041  4  1 00480 0
006  01  042  3  1 00674 0
006  01  043  2  0 00612 0
006  01  044  4  1 00562 0
006  01  045  0  0 00618 0
006  01  046  2  0 00793 0
006  01  047  0  0 00587 0
006  01  048  0  0 00599 0
006  01  049  1  0 01123 0
006  01  050  0  0 00481 0
006  01  051  1  0 00457 0
006  01  052  2  0 00622 0
006  01  053  0  0 00475 0
006  01  054  4  1 00714 0
006  01  055  4  1 00582 0
006  01  056  3  1 00567 0
006  01  057  5  1 00515 0
006  01  058  4  1 00594 0
006  01  059  3  1 00526 0
006  02  000  4  1 01381 0
006  02  001  2  0 00639 0
006  02  002  5  1 00485 0
006  02  003  3  1 00483 0
006  02  004  2  0 00587 0
006  02  005  5  1 00538 0
006  02  006  2  0 00539 0
006  02  007  2  0 00621 0
006  02  008  2  0 00512 0
006  02  009  3  1 00545 0
006  02  010  1  0 00518 0
006  02  011  3  1 00526 0
006  02  012  1  0 00463 0
006  02  013  5  1 00700 0
006  02  014  3  0 00561 1
006  02  015  4  1 00661 0
006  02  016  0  0 00616 0
006  02  017  2  0 00621 0
006  02  018  2  0 00699 0
006  02  019  2  0 00432 0
006  02  020  1  0 00488 0
006  02  021  1  0 00529 0
006  02  022  4  1 00600 0
006  02  023  0  0 00560 0
006  02  024  1  0 00616 0
006  02  025  1  0 00586 0
006  02  026  4  1 00562 0
006  02  027  0  0 00762 0
006  02  028  4  1 00526 0
006  02  029  0  0 00661 0
006  02  030  5  1 00506 0
006  02  031  0  0 00676 0
006  02  032  2  0 00775 0
006  02  033  4  1 00513 0
006  02  034  1  0 00529 0
006  02  035  3  1 00573 0
006  02  036  4  1 00990 0
006  02  037  1  0 00591 0
006  02  038  2  0 00728 0
006  02  039  4  1 00571 0
006  02  040  3  1 00836 0
006  02  041  5  1 00560 0
006  02  042  0  0 01002 0
006  02  043  2  0 00691 0
006  02  044  5  1 00585 0
006  02  045  2  0 01112 0
006  02  046  0  0 00737 0
006  02  047  3  1 00508 0
006  02  048  4  1 00587 0
006  02  049  1  0 00707 0
006  02  050  3  1 00630 0
006  02  051  0  0 00494 0
006  02  052  5  1 00463 0
006  02  053  5  1 00719 0
006  02  054  4  1 00562 0
006  02  055  5  1 00529 0
006  02  056  2  0 00601 0
006  02  057  1  0 00480 0
006  02  058  3  1 00646 0
006  02  059  5  1 00511 0
006  03  000  1  0 00760 0
006  03  001  2  1 00766 1
006  03  002  3  1 00855 0
006  03  003  1  0 00535 0
006  03  004  0  0 00581 0
006  03  005  5  1 00586 0
006  03  006  2  0 00537 0
006  03  007  3  1 00483 0
006  03  008  4  1 00823 0
006  03  009  5  1 00600 0
006  03  010  3  1 00876 0
006  03  011  3  1 00575 0
006  03  012  1  0 00659 0
006  03  013  2  0 00631 0
006  03  014  4  1 00520 0
006  03  015  1  0 00628 0
006  03  016  2  0 00723 0
006  03  017  3  1 00773 0
006  03  018  4  1 00627 0
006  03  019  2  0 00579 0
006  03  020  5  1 00546 0
006  03  021  0  0 00519 0
006  03  022  1  0 00680 0
006  03  023  3  1 00517 0
006  03  024  4  1 00498 0
006  03  025  2  0 00566 0
006  03  026  1  0 00668 0
006  03  027  5  1 00604 0
006  03  028  2  0 00681 0
006  03  029  3  1 00537 0
006  03  030  4  1 01931 0
006  03  031  3  1 00679 0
006  03  032  0  0 00598 0
006  03  033  4  1 00493 0
006  03  034  0  0 00517 0
006  03  035  1  0 00659 0
006  03  036  4  1 00542 0
006  03  037  2  0 00506 0
006  03  038  3  1 00512 0
006  03  039  5  1 00627 0
006  03  040  2  0 00571 0
006  03  041  0  0 00581 0
006  03  042  0  0 00522 0
006  03  043  4  1 00555 0
006  03  044  0  0 00566 0
006  03  045  5  1 00515 0
006  03  046  5  1 00666 0
006  03  047  3  1 00567 0
006  03  048  1  0 00461 0
006  03  049  5  1 00644 0
006  03  050  1  0 01101 0
006  03  051  3  1 00737 0
006  03  052  5  1 00616 0
006  03  053  1  0 00639 0
006  03  054  4  1 00808 0
006  03  055  0  0 00593 0
006  03  056  1  0 00929 0
006  03  057  2  0 00848 0
006  03  058  4  1 00752 0
006  03  059  4  1 00741 0
006  04  000  2  0 00805 0
006  04  001  4  1 00518 0
006  04  002  5  1 00609 0
006  04  003  2  0 00651 0
006  04  004  4  1 00578 0
006  04  005  3  1 00671 0
006  04  006  2  0 00538 0
006  04  007  1  0 00565 0
006  04  008  1  0 00583 0
006  04  009  1  0 00471 0
006  04  010  5  1 00636 0
006  04  011  3  1 00580 0
006  04  012  4  1 00519 0
006  04  013  5  1 00528 0
006  04  014  4  1 00562 0
006  04  015  2  0 00681 0
006  04  016  5  1 00546 0
006  04  017  5  1 00556 0
006  04  018  1  0 00593 0
006  04  019  0  0 01109 0
006  04  020  2  0 00834 0
006  04  021  5  1 00539 0
006  04  022  0  0 00539 0
006  04  023  5  1 00465 0
006  04  024  3  1 00639 0
006  04  025  3  0 00620 1
006  04  026  3  1 00671 0
006  04  027  4  1 00610 0
006  04  028  3  1 00633 0
006  04  029  1  0 00487 0
006  04  030  3  1 00753 0
006  04  031  1  0 01101 0
006  04  032  2  0 00691 0
006  04  033  5  1 00477 0
006  04  034  5  1 00527 0
006  04  035  0  0 00517 0
006  04  036  4  1 00695 0
006  04  037  5  1 00724 0
006  04  038  1  0 00700 0
006  04  039  2  0 00836 0
006  04  040  5  1 00551 0
006  04  041  0  0 00570 0
006  04  042  4  1 00492 0
006  04  043  1  0 00443 0
006  04  044  1  0 00481 0
006  04  045  0  0 00558 0
006  04  046  4  1 00468 0
006  04  047  0  0 00490 0
006  04  048  0  0 00513 0
006  04  049  3  1 00547 0
006  04  050  0  0 00448 0
006  04  051  0  0 00504 0
006  04  052  4  1 00600 0
006  04  053  0  0 00551 0
006  04  054  4  1 00508 0
006  04  055  1  0 00506 0
006  04  056  3  1 00791 0
006  04  057  5  1 00718 0
006  04  058  3  1 00730 0
006  04  059  5  1 00482 0
006  05  000  1  0 02193 0
006  05  001  5  1 00465 0
006  05  002  4  1 00488 0
006  05  003  2  0 00439 0
006  05  004  4  1 00478 0
006  05  005  0  0 00536 0
006  05  006  5  1 00456 0
006  05  007  3  1 00495 0
006  05  008  1  0 00374 0
006  05  009  0  1 00552 1
006  05  010  5  1 00723 0
006  05  011  5  1 01087 0
006  05  012  2  0 00478 0
006  05  013  0  0 00545 0
006  05  014  4  1 00571 0
006  05  015  3  1 00538 0
006  05  016  5  1 00565 0
006  05  017  0  0 00691 0
006  05  018  4  1 00601 0
006  05  019  1  0 00686 0
006  05  020  4  1 00876 0
006  05  021  3  1 00623 0
006  05  022  3  1 00547 0
006  05  023  5  1 00538 0
006  05  024  4  1 00466 0
006  05  025  3  1 00568 0
006  05  026  2  0 00616 0
006  05  027  4  1 00855 0
006  05  028  4  1 00591 0
006  05  029  1  0 00712 0
006  05  030  5  1 00633 0
006  05  031  5  1 00541 0
006  05  032  2  0 00541 0
006  05  033  3  1 00775 0
006  05  034  5  1 00529 0
006  05  035  0  0 00672 0
006  05  036  5  1 00581 0
006  05  037  5  1 00539 0
006  05  038  1  0 00773 0
006  05  039  2  0 00690 0
006  05  040  5  1 00504 0
006  05  041  1  0 00635 0
006  05  042  3  1 00545 0
006  05  043  3  1 00526 0
006  05  044  0  0 00607 0
006  05  045  2  0 00711 0
006  05  046  1  0 00813 0
006  05  047  3  1 00643 0
006  05  048  4  1 00579 0
006  05  049  2  0 00787 0
006  05  050  2  0 00759 0
006  05  051  4  1 00557 0
006  05  052  2  0 00917 0
006  05  053  2  0 00611 0
006  05  054  1  0 00616 0
006  05  055  5  1 00586 0
006  05  056  2  0 00599 0
006  05  057  3  1 00647 0
006  05  058  5  1 00753 0
006  05  059  3  1 00533 0
