008  00  000  3  1 01285 0
008  00  001  1  0 00515 0
008  00  002  2  0 00472 0
008  00  003  5  1 00535 0
008  00  004  4  1 00694 0
008  00  005  0  0 00492 0
008  00  006  3  1 00607 0
008  00  007  1  0 00479 0
008  00  008  4  1 00484 0
008  00  009  1  0 00528 0
008  00  010  1  0 00440 0
008  00  011  5  1 00538 0
008  00  012  0  0 00471 0
008  00  013  4  1 00519 0
008  00  014  0  0 00373 0
008  00  015  0  0 00483 0
008  00  016  3  1 00513 0
008  00  017  1  0 00468 0
008  00  018  5  1 00808 0
008  00  019  3  1 00547 0
008  00  020  5  1 00424 0
008  00  021  0  0 00396 0
008  00  022  3  1 00467 0
008  00  023  3  1 00404 0
008  00  024  0  0 00524 0
008  00  025  0  0 00406 0
008  00  026  1  0 00443 0
008  00  027  1  0 00429 0
008  00  028  5  1 00473 0
008  00  029  0  0 00464 0
008  00  030  0  0 00445 0
008  00  031  1  0 00380 0
008  00  032  0  0 00436 0
008  00  033  0  0 00434 0
008  00  034  3  1 00418 0
008  00  035  2  0 00774 0
008  00  036  5  1 00525 0
008  00  037  1  0 00453 0
008  00  038  3  1 00390 0
008  00  039  0  0 00417 0
008  00  040  3  1 00411 0
008  00  041  2  0 00544 0
008  00  042  5  1 00478 0
008  00  043  5  1 00449 0
008  00  044  5  1 00405 0
008  00  045  5  1 00382 0
008  00  046  1  0 00519 0
008  00  047  4  1 00528 0
008  00  048  2  0 00789 0
008  00  049  3  1 00765 0
008  00  050  5  1 00502 0
008  00  051  3  1 00642 0
008  00  052  0  0 00449 0
008  00  053  2  1 00441 1
008  00  054  3  1 00864 0
008  00  055  5  1 00505 0
008  00  056  3  1 00530 0
008  00  057  2  1 00700 1
008  00  058  5  1 00529 0
008  00  059  1  0 00503 0
008  01  000  3  1 00656 0
008  01  001  5  1 00516 0
008  01  002  4  1 00523 0
008  01  003  2  0 00601 0
008  01  004  3  1 00516 0
008  01  005  2  0 00594 0
008  01  006  5  1 00594 0
008  01  007  1  0 00575 0
008  01  008  1  0 00446 0
008  01  009  2  0 00535 0
008  01  010  4  1 00514 0
008  01  011  4  1 00506 0
008  01  012  1  0 00715 0
008  01  013  5  1 00466 0
008  01  014  2  0 00488 0
008  01  015  3  1 00610 0
008  01  016  5  1 00661 0
008  01  017  0  0 00601 0
008  01  018  1  0 00587 0
008  01  019  3  1 00536 0
008  01  020  2  0 00540 0
008  01  021  4  1 00526 0
008  01  022  4  1 00693 0
008  01  023  2  0 00508 0
008  01  024  0  0 00467 0
008  01  025  1  0 00656 0
008  01  026  3  1 00573 0
008  01  027  5  1 00414 0
008  01  028  1  0 00536 0
008  01  029  2  0 00520 0
008  01  030  3  1 00549 0
008  01  031  5  1 00548 0
008  01  032  0  0 00529 0
008  01  033  2  0 00611 0
008  01  034  4  1 00518 0
008  01  035  4  1 00449 0
008  01  036  1  0 00617 0
008  01  037  2  0 00492 0
008  01  038  5  1 00519 0
008  01  039  0  0 00660 0
008  01  040  5  1 00453 0
008  01  041  5  1 00436 0
008  01  042  4  1 00442 0
008  01  043  2  0 00451 0
008  01  044  5  1 00414 0
008  01  045  2  0 00512 0
008  01  046  4  1 00389 0
008  01  047  1  0 00486 0
008  01  048  1  0 00523 0
008  01  049  3  1 00486 0
008  01  050  4  1 00466 0
008  01  051  3  1 00407 0
008  01  052  3  1 00401 0
008  01  053  0  0 00485 0
008  01  054  1  0 00494 0
008  01  055  5  1 00581 0
008  01  056  1  0 00602 0
008  01  057  4  1 00848 0
008  01  058  4  1 00540 0
008  01  059  4  1 00386 0
008  02  000  3  1 00583 0
008  02  001  2  0 00561 0
008  02  002  1  0 00565 0
008  02  003  2  0 00468 0
008  02  004  0  0 00546 0
008  02  005  3  1 00521 0
008  02  006  1  0 00452 0
008  02  007  2  0 00517 0
008  02  008  2  0 00414 0
008  02  009  0  0 00390 0
008  02  010  2  0 00415 0
008  02  011  4  1 00502 0
008  02  012  4  1 00437 0
008  02  013  2  0 00786 0
008  02  014  0  0 00466 0
008  02  015  2  0 00416 0
008  02  016  1  0 00722 0
008  02  017  4  1 00600 0
008  02  018  2  0 00741 0
008  02  019  5  1 00576 0
008  02  020  3  1 00667 0
008  02  021  0  0 00477 0
008  02  022  5  1 00436 0
008  02  023  2  0 00410 0
008  02  024  5  1 00503 0
008  02  025  2  0 00443 0
008  02  026  3  1 00481 0
008  02  027  1  0 00431 0
008  02  028  0  0 00559 0
008  02  029  3  1 00423 0
008  02  030  0  0 00468 0
008  02  031  5  1 00503 0
008  02  032  5  1 00387 0
008  02  033  1  0 00526 0
008  02  034  4  1 00410 0
008  02  035  5  1 00608 0
008  02  036  4  1 00431 0
008  02  037  0  0 00449 0
008  02  038  2  1 00628 1
008  02  039  3  1 00518 0
008  02  040  2  0 00594 0
008  02  041  0  0 00605 0
008  02  042  0  0 00468 0
008  02  043  5  1 00512 0
008  02  044  4  0 00494 1
008  02  045  1  0 00588 0
008  02  046  0  0 00485 0
008  02  047  2  0 00536 0
008  02  048  5  1 00470 0
008  02  049  1  0 00586 0
008  02  050  3  1 00615 0
008  02  051  0  0 00474 0
008  02  052  4  1 00475 0
008  02  053  5  1 00456 0
008  02  054  2  0 00510 0
008  02  055  1  0 00685 0
008  02  056  4  1 00564 0
008  02  057  5  1 00414 0
008  02  058  3  1 00610 0
008  02  059  5  1 00584 0
008  03  000  1  0 00568 0
008  03  001  0  0 00466 0
008  03  002  4  1 00439 0
008  03  003  2  0 00542 0
008  03  004  4  1 00426 0
008  03  005  0  0 00496 0
008  03  006  1  0 00579 0
008  03  007  0  0 00469 0
008  03  008  2  0 00467 0
008  03  009  5  1 00439 0
008  03  010  5  1 00419 0
008  03  011  2  0 00483 0
008  03  012  0  0 00474 0
008  03  013  1  0 00402 0
008  03  014  2  0 00534 0
008  03  015  3  1 00521 0
008  03  016  1  0 00837 0
008  03  017  2  0 00481 0
008  03  018  0  0 00468 0
008  03  019  0  0 00438 0
008  03  020  0  0 00369 0
008  03  021  5  1 00699 0
008  03  022  2  0 00514 0
008  03  023  2  0 00464 0
008  03  024  2  0 00360 0
008  03  025  4  1 00639 0
008  03  026  3  1 00709 0
008  03  027  0  0 00571 0
008  03  028  3  1 00467 0
008  03  029  1  0 00593 0
008  03  030  5  1 00515 0
008  03  031  2  0 00628 0
008  03  032  2  0 00908 0
008  03  033  5  1 00493 0
008  03  034  5  1 00486 0
008  03  035  1  0 00494 0
008  03  036  3  1 00518 0
008  03  037  0  0 00396 0
008  03  038  3  1 00601 0
008  03  039  2  0 00643 0
008  03  040  5  1 00588 0
008  03  041  1  0 00497 0
008  03  042  2  0 00742 0
008  03  043  3  1 00436 0
008  03  044  4  1 00425 0
008  03  045  3  1 00628 0
008  03  046  2  0 00479 0
008  03  047  0  1 00366 1
008  03  048  5  1 00531 0
008  03  049  1  0 00693 0
008  03  050  1  0 00472 0
008  03  051  1  0 00390 0
008  03  052  4  1 00532 0
008  03  053  2  0 00548 0
008  03  054  1  0 00714 0
008  03  055  4  1 00866 0
008  03  056  1  0 00460 0
008  03  057  2  0 00572 0
008  03  058  3  1 00522 0
008  03  059  3  1 00558 0
008  04  000  3  1 00526 0
008  04  001  3  1 00419 0
008  04  002  0  0 00554 0
008  04  003  3  1 00513 0
008  04  004  0  0 00458 0
008  04  005  5  1 00485 0
008  04  006  2  0 00430 0
008  04  007  3  1 00427 0
008  04  008  0  0 00591 0
008  04  009  5  1 00438 0
008  04  010  3  1 00697 0
008  04  011  0  0 00751 0
008  04  012  5  1 00476 0
008  04  013  5  1 00436 0
008  04  014  0  0 00485 0
008  04  015  3  1 00452 0
008  04  016  3  1 00459 0
008  04  017  4  1 00526 0
008  04  018  5  1 00427 0
008  04  019  4  1 00418 0
008  04  020  3  1 00410 0
008  04  021  1  0 00669 0
008  04  022  2  0 00456 0
008  04  023  0  0 00415 0
008  04  024  1  0 00426 0
008  04  025  4  1 00528 0
008  04  026  0  0 00461 0
008  04  027  4  0 00392 1
008  04  028  2  0 01223 0
008  04  029  5  1 00461 0
008  04  030  1  0 00443 0
008  04  031  0  0 00581 0
008  04  032  4  1 00633 0
008  04  033  2  0 00520 0
008  04  034  4  1 00481 0
008  04  035  4  1 00463 0
008  04  036  1  0 00534 0
008  04  037  4  1 00456 0
008  04  038  5  1 00479 0
008  04  039  3  1 00435 0
008  04  040  0  0 00497 0
008  04  041  4  1 00401 0
008  04  042  4  1 00554 0
008  04  043  4  1 00748 0
008  04  044  2  0 00583 0
008  04  045  2  0 01051 0
008  04  046  2  0 00441 0
008  04  047  4  1 00660 0
008  04  048  4  1 00463 0
008  04  049  3  1 00673 0
008  04  050  4  1 00470 0
008  04  051  3  1 00452 0
008  04  052  5  1 00470 0
008  04  053  1  0 00558 0
008  04  054  4  1 00666 0
008  04  055  0  0 00540 0
008  04  056  1  0 01072 0
008  04  057  5  1 00444 0
008  04  058  0  0 00819 0
008  04  059  1  0 00547 0
008  05  000  2  0 00825 0
008  05  001  4  1 00638 0
008  05  002  5  1 00499 0
008  05  003  0  0 00515 0
008  05  004  1  0 00516 0
008  05  005  5  1 00423 0
008  05  006  4  1 00468 0
008  05  007  4  1 00424 0
008  05  008  2  0 00550 0
008  05  009  2  0 00451 0
008  05  010  1  0 00555 0
008  05  011  1  0 00472 0
008  05  012  0  0 00538 0
008  05  013  3  1 00593 0
008  05  014  5  1 00567 0
008  05  015  3  1 00577 0
008  05  016  3  1 00438 0
008  05  017  4  1 00429 0
008  05  018  5  1 00476 0
008  05  019  0  0 00633 0
008  05  020  4  1 00487 0
008  05  021  5  1 00540 0
008  05  022  4  1 00573 0
008  05  023  0  0 00625 0
008  05  024  1  0 00593 0
008  05  025  4  1 00900 0
008  05  026  5  1 00459 0
008  05  027  2  0 00873 0
008  05  028  4  1 00554 0
008  05  029  1  0 00812 0
008  05  030  4  1 00780 0
008  05  031  2  0 00678 0
008  05  032  3  1 00621 0
008  05  033  4  1 00574 0
008  05  034  1  0 00464 0
008  05  035  3  1 00537 0
008  05  036  4  1 00417 0
008  05  037  3  1 00716 0
008  05  038  2  0 00593 0
008  05  039  1  0 00623 0
008  05  040  3  1 00622 0
008  05  041  0  0 00524 0
008  05  042  0  0 00688 0
008  05  043  4  0 00449 1
008  05  044  5  1 00674 0
008  05  045  1  0 00515 0
008  05  046  1  0 00496 0
008  05  047  4  1 01018 0
008  05  048  0  0 00470 0
008  05  049  1  1 00402 1
008  05  050  4  1 00746 0
008  05  051  3  1 00659 0
008  05  052  0  0 00512 0
008  05  053  3  1 00524 0
008  05  054  5  1 00700 0
008  05  055  2  0 00451 0
008  05  056  3  1 00571 0
008  05  057  1  0 00508 0
008  05  058  0  0 00503 0
008  05  059  0  0 00518 0
