000  00  000  4  1 04282 0
000  00  001  4  1 00542 0
000  00  002  5  1 00515 0
000  00  003  1  0 00476 0
000  00  004  3  1 00482 0
000  00  005  5  1 00432 0
000  00  006  5  1 00435 0
000  00  007  5  1 00428 0
000  00  008  0  0 00464 0
000  00  009  0  0 00406 0
000  00  010  2  0 00550 0
000  00  011  2  0 00416 0
000  00  012  0  0 00435 0
000  00  013  3  1 00420 0
000  00  014  5  1 00520 0
000  00  015  1  0 00556 0
000  00  016  5  1 00532 0
000  00  017  2  0 00669 0
000  00  018  1  0 00410 0
000  00  019  3  1 00634 0
000  00  020  5  1 00470 0
000  00  021  1  0 00476 0
000  00  022  3  1 00507 0
000  00  023  4  1 00603 0
000  00  024  1  0 00493 0
000  00  025  2  1 00563 1
000  00  026  5  1 00535 0
000  00  027  0  0 00463 0
000  00  028  4  1 00431 0
000  00  029  4  1 00569 0
000  00  030  0  0 00509 0
000  00  031  1  0 00759 0
000  00  032  5  1 00460 0
000  00  033  4  1 00482 0
000  00  034  3  1 00417 0
000  00  035  1  0 00473 0
000  00  036  3  1 00452 0
000  00  037  5  1 00475 0
000  00  038  4  1 00464 0
000  00  039  0  0 00567 0
000  00  040  3  1 00489 0
000  00  041  4  1 00632 0
000  00  042  1  0 00568 0
000  00  043  1  0 00481 0
000  00  044  2  0 00729 0
000  00  045  1  0 00491 0
000  00  046  1  0 00490 0
000  00  047  5  1 00523 0
000  00  048  1  0 00514 0
000  00  049  0  0 00469 0
000  00  050  0  0 00475 0
000  00  051  5  1 00483 0
000  00  052  3  1 00617 0
000  00  053  2  0 00506 0
000  00  054  4  1 00623 0
000  00  055  3  1 00531 0
000  00  056  4  1 00522 0
000  00  057  0  0 00524 0
000  00  058  0  0 00462 0
000  00  059  1  0 00549 0
000  01  000  3  1 00547 0
000  01  001  4  1 00467 0
000  01  002  1  0 00519 0
000  01  003  2  0 00616 0
000  01  004  2  0 00507 0
000  01  005  5  1 00543 0
000  01  006  3  1 00472 0
000  01  007  4  1 00513 0
000  01  008  2  0 00540 0
000  01  009  0  0 00479 0
000  01  010  5  1 00494 0
000  01  011  1  0 00565 0
000  01  012  5  1 00631 0
000  01  013  0  0 00504 0
000  01  014  2  0 00583 0
000  01  015  0  0 00455 0
000  01  016  1  0 00604 0
000  01  017  3  1 00566 0
000  01  018  5  1 00470 0
000  01  019  3  1 00511 0
000  01  020  0  0 00610 0
000  01  021  5  1 00580 0
000  01  022  0  0 00547 0
000  01  023  5  1 00441 0
000  01  024  2  0 00740 0
000  01  025  0  0 00441 0
000  01  026  0  0 00463 0
000  01  027  1  0 00504 0
000  01  028  4  1 00585 0
000  01  029  0  0 00490 0
000  01  030  4  1 00552 0
000  01  031  3  1 00491 0
000  01  032  1  0 00442 0
000  01  033  1  0 00761 0
000  01  034  0  0 00554 0
000  01  035  3  1 00593 0
000  01  036  4  1 00470 0
000  01  037  2  0 00467 0
000  01  038  2  0 00534 0
000  01  039  4  1 00607 0
000  01  040  3  1 00485 0
000  01  041  3  1 00472 0
000  01  042  4  1 00548 0
000  01  043  5  1 00449 0
000  01  044  0  0 00461 0
000  01  045  2  0 00591 0
000  01  046  0  0 00550 0
000  01  047  3  1 00516 0
000  01  048  4  1 00542 0
000  01  049  0  0 00498 0
000  01  050  4  1 00648 0
000  01  051  1  0 00476 0
000  01  052  2  1 00553 1
000  01  053  4  1 00582 0
000  01  054  1  0 00485 0
000  01  055  4  1 00538 0
000  01  056  2  0 00573 0
000  01  057  0  0 00434 0
000  01  058  3  1 00448 0
000  01  059  5  1 00442 0
000  02  000  1  0 00688 0
000  02  001  0  0 00440 0
000  02  002  2  0 00570 0
000  02  003  2  0 00457 0
000  02  004  2  0 00462 0
000  02  005  3  1 00503 0
000  02  006  3  1 00834 0
000  02  007  3  1 00449 0
000  02  008  0  0 00534 0
000  02  009  4  1 00553 0
000  02  010  5  1 00473 0
000  02  011  2  0 00597 0
000  02  012  2  0 00447 0
000  02  013  3  1 00469 0
000  02  014  1  0 00439 0
000  02  015  0  0 00692 0
000  02  016  5  1 00624 0
000  02  017  1  0 00477 0
000  02  018  1  0 00644 0
000  02  019  3  1 00489 0
000  02  020  5  1 00604 0
000  02  021  1  0 00510 0
000  02  022  1  0 00507 0
000  02  023  0  0 00417 0
000  02  024  2  0 00570 0
000  02  025  5  1 00483 0
000  02  026  5  1 00624 0
000  02  027  4  1 00972 0
000  02  028  0  0 00526 0
000  02  029  2  0 00436 0
000  02  030  1  0 00511 0
000  02  031  0  0 00454 0
000  02  032  5  1 00440 0
000  02  033  0  0 00441 0
000  02  034  4  0 00436 1
000  02  035  4  1 00472 0
000  02  036  5  1 00458 0
000  02  037  4  1 00634 0
000  02  038  2  0 00534 0
000  02  039  3  1 00481 0
000  02  040  5  1 00503 0
000  02  041  4  1 00547 0
000  02  042  4  1 00439 0
000  02  043  4  1 00450 0
000  02  044  5  1 00499 0
000  02  045  1  0 00508 0
000  02  046  0  0 00471 0
000  02  047  4  1 00566 0
000  02  048  3  1 00559 0
000  02  049  2  0 00589 0
000  02  050  1  0 00556 0
000  02  051  0  0 00458 0
000  02  052  3  1 00480 0
000  02  053  3  1 00440 0
000  02  054  4  1 00540 0
000  02  055  1  0 00468 0
000  02  056  5  1 00519 0
000  02  057  5  1 00445 0
000  02  058  1  0 00411 0
000  02  059  5  1 00556 0
000  03  000  4  1 00506 0
000  03  001  3  1 00404 0
000  03  002  5  1 00449 0
000  03  003  3  1 00488 0
000  03  004  1  1 00403 1
000  03  005  2  0 00510 0
000  03  006  4  1 00534 0
000  03  007  5  1 00525 0
000  03  008  2  0 00515 0
000  03  009  1  0 00550 0
000  03  010  0  0 00462 0
000  03  011  2  0 00502 0
000  03  012  3  1 00573 0
000  03  013  4  1 00512 0
000  03  014  2  0 00915 0
000  03  015  0  0 00428 0
000  03  016  2  0 00520 0
000  03  017  2  0 00475 0
000  03  018  2  0 00434 0
000  03  019  5  1 00590 0
000  03  020  5  1 00441 0
000  03  021  0  0 00506 0
000  03  022  0  0 00468 0
000  03  023  2  0 00510 0
000  03  024  1  0 00490 0
000  03  025  5  1 00470 0
000  03  026  5  1 00474 0
000  03  027  5  1 00522 0
000  03  028  4  1 00449 0
000  03  029  1  0 00488 0
000  03  030  3  1 00450 0
000  03  031  5  1 00498 0
000  03  032  1  0 00530 0
000  03  033  5  1 00503 0
000  03  034  3  1 00590 0
000  03  035  2  0 00503 0
000  03  036  4  1 00511 0
000  03  037  5  1 00508 0
000  03  038  0  0 00578 0
000  03  039  0  0 00545 0
000  03  040  0  0 00573 0
000  03  041  4  1 00586 0
000  03  042  2  0 00606 0
000  03  043  0  0 00458 0
000  03  044  0  0 00480 0
000  03  045  0  0 00440 0
000  03  046  4  1 00630 0
000  03  047  4  1 00430 0
000  03  048  5  1 00467 0
000  03  049  4  1 00453 0
000  03  050  0  0 00519 0
000  03  051  0  0 00483 0
000  03  052  2  1 00570 1
000  03  053  1  0 00564 0
000  03  054  5  1 00512 0
000  03  055  2  0 00589 0
000  03  056  4  1 00486 0
000  03  057  1  0 00581 0
000  03  058  2  0 00639 0
000  03  059  3  1 00575 0
000  04  000  1  0 00604 0
000  04  001  1  0 00492 0
000  04  002  5  1 00472 0
000  04  003  1  0 00504 0
000  04  004  2  0 00584 0
000  04  005  4  1 00561 0
000  04  006  1  0 00498 0
000  04  007  1  0 00471 0
000  04  008  1  0 00467 0
000  04  009  3  1 00545 0
000  04  010  4  1 00535 0
000  04  011  0  0 00499 0
000  04  012  0  0 00489 0
000  04  013  4  1 00541 0
000  04  014  2  0 00613 0
000  04  015  3  1 00517 0
000  04  016  3  1 00507 0
000  04  017  5  1 00540 0
000  04  018  3  1 00495 0
000  04  019  0  0 00581 0
000  04  020  0  0 00495 0
000  04  021  3  1 00608 0
000  04  022  3  1 00459 0
000  04  023  1  0 00472 0
000  04  024  3  1 00449 0
000  04  025  0  0 00434 0
000  04  026  1  0 00472 0
000  04  027  4  1 00466 0
000  04  028  3  1 00514 0
000  04  029  3  1 00475 0
000  04  030  3  1 00477 0
000  04  031  5  1 00482 0
000  04  032  3  1 00422 0
000  04  033  1  0 00450 0
000  04  034  5  1 00453 0
000  04  035  2  0 00437 0
000  04  036  2  0 00484 0
000  04  037  0  0 00444 0
000  04  038  4  1 00482 0
000  04  039  2  0 00513 0
000  04  040  2  0 00502 0
000  04  041  5  1 00526 0
000  04  042  2  0 00462 0
000  04  043  3  1 00780 0
000  04  044  3  1 00491 0
000  04  045  2  0 00514 0
000  04  046  3  1 00448 0
000  04  047  4  1 00469 0
000  04  048  4  1 00437 0
000  04  049  4  1 00421 0
000  04  050  3  1 00520 0
000  04  051  1  0 00508 0
000  04  052  3  1 00470 0
000  04  053  2  0 00600 0
000  04  054  0  0 00568 0
000  04  055  3  1 00509 0
000  04  056  4  1 00461 0
000  04  057  1  0 00554 0
000  04  058  0  0 00430 0
000  04  059  0  0 00502 0
000  05  000  3  1 00541 0
000  05  001  1  0 00513 0
000  05  002  4  1 00484 0
000  05  003  1  0 00370 0
000  05  004  4  1 00475 0
000  05  005  5  1 00524 0
000  05  006  2  0 00504 0
000  05  007  0  0 00483 0
000  05  008  1  0 00597 0
000  05  009  3  1 00492 0
000  05  010  0  0 00542 0
000  05  011  5  1 00479 0
000  05  012  0  0 00500 0
000  05  013  0  0 00551 0
000  05  014  3  1 00473 0
000  05  015  2  0 00485 0
000  05  016  5  1 00454 0
000  05  017  0  0 00421 0
000  05  018  2  0 00530 0
000  05  019  2  0 00502 0
000  05  020  5  1 00500 0
000  05  021  1  0 00435 0
000  05  022  2  0 00437 0
000  05  023  5  1 00424 0
000  05  024  1  0 00505 0
000  05  025  4  1 00530 0
000  05  026  5  1 00492 0
000  05  027  2  0 00515 0
000  05  028  2  0 00506 0
000  05  029  2  0 00461 0
000  05  030  4  0 00429 1
000  05  031  0  0 00556 0
000  05  032  2  0 00566 0
000  05  033  4  1 00648 0
000  05  034  4  1 00431 0
000  05  035  1  0 00530 0
000  05  036  0  0 00494 0
000  05  037  3  1 00509 0
000  05  038  5  1 00461 0
000  05  039  3  1 00491 0
000  05  040  5  1 00459 0
000  05  041  4  1 00471 0
000  05  042  1  0 00539 0
000  05  043  4  1 00737 0
000  05  044  2  0 00589 0
000  05  045  2  0 00548 0
000  05  046  5  1 00503 0
000  05  047  3  1 00573 0
000  05  048  4  1 00628 0
000  05  049  1  0 00542 0
000  05  050  5  1 00489 0
000  05  051  3  1 00476 0
000  05  052  4  1 00444 0
000  05  053  1  0 00499 0
000  05  054  2  0 00786 0
000  05  055  3  1 00524 0
000  05  056  3  1 00595 0
000  05  057  5  1 00445 0
000  05  058  1  0 00508 0
000  05  059  2  1 00471 1
