007  00  000  3  8 -0886 1
007  00  001  5  1 128486 0
007  00  002  1  0 01627 0
007  00  003  3  1 00821 0
007  00  004  3  1 00733 0
007  00  005  1  0 00774 0
007  00  006  2  0 00925 0
007  00  007  4  1 00709 0
007  00  008  0  0 00704 0
007  00  009  0  0 00716 0
007  00  010  1  0 00655 0
007  00  011  5  1 00709 0
007  00  012  5  1 00621 0
007  00  013  5  1 00664 0
007  00  014  2  0 00726 0
007  00  015  1  0 00901 0
007  00  016  1  0 00646 0
007  00  017  1  0 00690 0
007  00  018  5  1 00700 0
007  00  019  0  0 00676 0
007  00  020  1  0 00597 0
007  00  021  4  1 00646 0
007  00  022  4  1 00582 0
007  00  023  2  0 00621 0
007  00  024  1  0 00546 0
007  00  025  5  1 00619 0
007  00  026  5  1 00571 0
007  00  027  5  1 00547 0
007  00  028  3  1 00899 0
007  00  029  2  0 00691 0
007  00  030  1  0 00657 0
007  00  031  2  0 00944 0
007  00  032  3  1 00874 0
007  00  033  0  0 00734 0
007  00  034  4  1 00830 0
007  00  035  1  0 00670 0
007  00  036  3  1 00644 0
007  00  037  2  0 00597 0
007  00  038  4  1 00674 0
007  00  039  0  0 00477 0
007  00  040  4  1 00572 0
007  00  041  0  0 00548 0
007  00  042  3  1 00612 0
007  00  043  3  1 00609 0
007  00  044  2  0 00632 0
007  00  045  0  0 00505 0
007  00  046  4  1 00827 0
007  00  047  5  1 00686 0
007  00  048  3  1 00751 0
007  00  049  5  1 00704 0
007  00  050  5  1 00689 0
007  00  051  4  1 00780 0
007  00  052  0  0 00752 0
007  00  053  3  1 00714 0
007  00  054  0  0 00655 0
007  00  055  3  1 00818 0
007  00  056  2  0 00893 0
007  00  057  0  0 00676 0
007  00  058  1  0 00623 0
007  00  059  2  0 00729 0
007  01  000  3  1 00720 0
007  01  001  2  0 00626 0
007  01  002  2  0 00677 0
007  01  003  2  0 00499 0
007  01  004  0  0 00550 0
007  01  005  1  0 00606 0
007  01  006  2  0 00540 0
007  01  007  1  0 00496 0
007  01  008  2  0 00574 0
007  01  009  1  0 00568 0
007  01  010  3  1 00742 0
007  01  011  0  0 00649 0
007  01  012  2  0 00893 0
007  01  013  4  1 00613 0
007  01  014  2  0 00554 0
007  01  015  5  1 00602 0
007  01  016  1  0 00607 0
007  01  017  1  0 00515 0
007  01  018  0  0 00558 0
007  01  019  4  1 00875 0
007  01  020  4  1 00647 0
007  01  021  0  0 00591 0
007  01  022  3  1 00668 0
007  01  023  2  0 00741 0
007  01  024  2  0 00656 0
007  01  025  3  1 00718 0
007  01  026  5  1 00821 0
007  01  027  4  1 00654 0
007  01  028  5  1 00779 0
007  01  029  3  1 00751 0
007  01  030  1  0 00711 0
007  01  031  3  1 00867 0
007  01  032  3  1 00628 0
007  01  033  1  0 00707 0
007  01  034  0  0 00692 0
007  01  035  2  0 00981 0
007  01  036  4  1 00976 0
007  01  037  1  0 00602 0
007  01  038  3  1 00922 0
007  01  039  1  0 00734 0
007  01  040  0  0 00846 0
007  01  041  1  0 00769 0
007  01  042  3  1 00660 0
007  01  043  0  0 00542 0
007  01  044  4  1 00724 0
007  01  045  5  1 00727 0
007  01  046  0  0 00750 0
007  01  047  3  1 00775 0
007  01  048  4  1 00700 0
007  01  049  2  0 01036 0
007  01  050  4  1 00684 0
007  01  051  2  0 00651 0
007  01  052  0  0 00632 0
007  01  053  0  0 00567 0
007  01  054  5  1 00615 0
007  01  055  5  1 00629 0
007  01  056  5  1 00661 0
007  01  057  2  0 00760 0
007  01  058  0  0 00641 0
007  01  059  4  1 00621 0
007  02  000  1  0 00731 0
007  02  001  1  0 00636 0
007  02  002  2  0 00859 0
007  02  003  5  1 00766 0
007  02  004  5  1 00574 0
007  02  005  3  1 00685 0
007  02  006  5  1 00571 0
007  02  007  4  1 00699 0
007  02  008  0  0 00637 0
007  02  009  0  0 00546 0
007  02  010  4  1 00647 0
007  02  011  1  0 00691 0
007  02  012  0  0 00595 0
007  02  013  4  1 00699 0
007  02  014  5  1 00737 0
007  02  015  2  0 00887 0
007  02  016  0  0 00795 0
007  02  017  0  0 00579 0
007  02  018  2  0 00699 0
007  02  019  1  0 00844 0
007  02  020  4  1 00757 0
007  02  021  1  0 00800 0
007  02  022  3  1 00980 0
007  02  023  2  0 00741 0
007  02  024  2  0 00747 0
007  02  025  3  1 00682 0
007  02  026  1  0 00781 0
007  02  027  1  0 00745 0
007  02  028  2  0 00876 0
007  02  029  1  0 00773 0
007  02  030  3  1 00646 0
007  02  031  5  1 00634 0
007  02  032  3  1 00580 0
007  02  033  4  1 00519 0
007  02  034  4  1 00519 0
007  02  035  5  1 00680 0
007  02  036  2  0 00653 0
007  02  037  0  0 00570 0
007  02  038  1  0 00745 0
007  02  039  3  1 00704 0
007  02  040  2  0 00635 0
007  02  041  4  1 00777 0
007  02  042  3  1 00694 0
007  02  043  2  0 00632 0
007  02  044  2  0 00539 0
007  02  045  4  1 00621 0
007  02  046  1  0 00618 0
007  02  047  1  0 00633 0
007  02  048  4  1 00739 0
007  02  049  3  1 00762 0
007  02  050  2  0 00678 0
007  02  051  4  1 00563 0
007  02  052  4  1 00555 0
007  02  053  4  1 00485 0
007  02  054  3  1 00617 0
007  02  055  0  0 00605 0
007  02  056  4  1 00538 0
007  02  057  4  1 00510 0
007  02  058  0  0 00787 0
007  02  059  2  0 00668 0
007  03  000  2  0 00727 0
007  03  001  3  1 00723 0
007  03  002  3  1 00575 0
007  03  003  1  0 00568 0
007  03  004  0  0 00570 0
007  03  005  1  0 00520 0
007  03  006  1  0 00590 0
007  03  007  1  0 00557 0
007  03  008  1  0 00577 0
007  03  009  5  1 00661 0
007  03  010  0  0 00714 0
007  03  011  5  1 00682 0
007  03  012  5  1 00593 0
007  03  013  0  0 00561 0
007  03  014  2  0 00499 0
007  03  015  2  0 00534 0
007  03  016  3  1 00660 0
007  03  017  3  1 00588 0
007  03  018  5  1 00609 0
007  03  019  5  1 00586 0
007  03  020  3  1 00716 0
007  03  021  5  1 00774 0
007  03  022  2  0 00557 0
007  03  023  5  1 00594 0
007  03  024  3  1 00679 0
007  03  025  3  1 00590 0
007  03  026  4  1 00656 0
007  03  027  4  1 00513 0
007  03  028  0  0 00626 0
007  03  029  5  1 00723 0
007  03  030  0  0 00655 0
007  03  031  2  0 00682 0
007  03  032  1  0 00602 0
007  03  033  3  1 00652 0
007  03  034  3  1 00633 0
007  03  035  0  0 00569 0
007  03  036  1  0 00591 0
007  03  037  2  0 00936 0
007  03  038  5  1 00713 0
007  03  039  5  1 00572 0
007  03  040  0  0 00602 0
007  03  041  4  1 00698 0
007  03  042  0  0 00745 0
007  03  043  2  0 00833 0
007  03  044  5  1 01158 0
007  03  045  3  1 00780 0
007  03  046  1  0 00662 0
007  03  047  3  1 00627 0
007  03  048  2  0 00598 0
007  03  049  5  1 00547 0
007  03  050  4  1 00816 0
007  03  051  5  1 00664 0
007  03  052  3  1 00781 0
007  03  053  2  0 00788 0
007  03  054  3  1 00734 0
007  03  055  3  1 00658 0
007  03  056  5  1 00668 0
007  03  057  5  1 00623 0
007  03  058  1  0 00764 0
007  03  059  5  1 00959 0
007  04  000  4  1 01008 0
007  04  001  0  0 00690 0
007  04  002  2  0 00683 0
007  04  003  2  0 00621 0
007  04  004  0  0 00609 0
007  04  005  0  0 00642 0
007  04  006  1  0 00631 0
007  04  007  4  1 00602 0
007  04  008  4  1 00527 0
007  04  009  5  1 00598 0
007  04  010  4  1 00585 0
007  04  011  5  1 00607 0
007  04  012  0  0 00737 0
007  04  013  3  1 00626 0
007  04  014  2  1 00813 1
007  04  015  0  0 00993 0
007  04  016  5  1 00601 0
007  04  017  2  0 00623 0
007  04  018  4  1 00702 0
007  04  019  4  1 00678 0
007  04  020  0  0 00544 0
007  04  021  4  1 00670 0
007  04  022  5  1 00743 0
007  04  023  0  0 00586 0
007  04  024  4  1 00573 0
007  04  025  3  1 00672 0
007  04  026  0  0 00565 0
007  04  027  3  1 00674 0
007  04  028  2  0 00630 0
007  04  029  5  1 00636 0
007  04  030  0  0 00445 0
007  04  031  4  1 00664 0
007  04  032  2  0 00645 0
007  04  033  0  0 00599 0
007  04  034  5  1 00594 0
007  04  035  5  1 00562 0
007  04  036  0  0 00599 0
007  04  037  3  1 00594 0
007  04  038  4  1 00625 0
007  04  039  3  1 00585 0
007  04  040  3  1 00517 0
007  04  041  2  0 00661 0
007  04  042  0  0 00678 0
007  04  043  4  1 00616 0
007  04  044  1  0 00576 0
007  04  045  4  1 00634 0
007  04  046  1  0 00614 0
007  04  047  1  0 00601 0
007  04  048  0  0 00614 0
007  04  049  5  1 00620 0
007  04  050  1  0 00636 0
007  04  051  3  1 00734 0
007  04  052  4  1 00631 0
007  04  053  0  0 00548 0
007  04  054  2  0 00665 0
007  04  055  1  0 00594 0
007  04  056  5  1 00651 0
007  04  057  5  1 00563 0
007  04  058  2  0 00564 0
007  04  059  0  0 00674 0
007  05  000  0  0 00674 0
007  05  001  5  1 00611 0
007  05  002  5  1 00626 0
007  05  003  1  0 00606 0
007  05  004  3  1 00621 0
007  05  005  0  0 00663 0
007  05  006  2  0 00725 0
007  05  007  1  0 00541 0
007  05  008  1  0 00506 0
007  05  009  4  1 00586 0
007  05  010  5  1 00968 0
007  05  011  0  0 00602 0
007  05  012  1  0 00653 0
007  05  013  1  0 00536 0
007  05  014  5  1 00626 0
007  05  015  2  0 00686 0
007  05  016  4  1 00805 0
007  05  017  0  0 00581 0
007  05  018  4  1 00584 0
007  05  019  0  0 00687 0
007  05  020  0  0 00536 0
007  05  021  4  1 00608 0
007  05  022  1  0 00946 0
007  05  023  4  1 00632 0
007  05  024  1  0 00520 0
007  05  025  1  0 00483 0
007  05  026  2  0 00562 0
007  05  027  2  0 00536 0
007  05  028  3  1 00925 0
007  05  029  1  0 00493 0
007  05  030  3  1 00608 0
007  05  031  5  1 00605 0
007  05  032  5  1 00574 0
007  05  033  5  1 00551 0
007  05  034  2  0 00642 0
007  05  035  2  0 00596 0
007  05  036  1  0 00635 0
007  05  037  3  1 00662 0
007  05  038  4  1 00644 0
007  05  039  4  1 00615 0
007  05  040  4  1 00539 0
007  05  041  5  1 00584 0
007  05  042  2  1 00570 1
007  05  043  1  0 01098 0
007  05  044  4  1 00633 0
007  05  045  3  1 00838 0
007  05  046  3  1 00544 0
007  05  047  4  1 00607 0
007  05  048  5  1 00531 0
007  05  049  3  1 00656 0
007  05  050  0  0 00674 0
007  05  051  2  0 00711 0
007  05  052  3  1 00634 0
007  05  053  5  1 00705 0
007  05  054  4  1 00609 0
007  05  055  4  1 00595 0
007  05  056  1  0 00716 0
007  05  057  1  0 00639 0
007  05  058  0  0 00674 0
007  05  059  3  1 00559 0
