003  00  000  4  1 02628 0
003  00  001  0  0 01868 0
003  00  002  0  0 02639 0
003  00  003  1  0 00614 0
003  00  004  2  0 00465 0
003  00  005  2  0 00501 0
003  00  006  1  0 00924 0
003  00  007  1  0 00434 0
003  00  008  4  1 00499 0
003  00  009  2  0 00623 0
003  00  010  0  0 00478 0
003  00  011  3  0 00453 1
003  00  012  4  1 -0652 0
003  00  013  3  1 00719 0
003  00  014  3  1 00571 0
003  00  015  3  1 00559 0
003  00  016  5  1 00664 0
003  00  017  1  0 00601 0
003  00  018  0  0 00529 0
003  00  019  0  0 00445 0
003  00  020  0  0 00406 0
003  00  021  2  0 00718 0
003  00  022  4  1 00514 0
003  00  023  3  1 00709 0
003  00  024  5  1 00641 0
003  00  025  4  1 00573 0
003  00  026  0  0 00525 0
003  00  027  5  1 00610 0
003  00  028  0  0 00512 0
003  00  029  1  0 00827 0
003  00  030  1  0 00494 0
003  00  031  3  1 00536 0
003  00  032  1  0 00539 0
003  00  033  5  1 00670 0
003  00  034  1  0 00747 0
003  00  035  5  1 00670 0
003  00  036  5  1 00642 0
003  00  037  1  0 00534 0
003  00  038  0  0 00721 0
003  00  039  5  1 00622 0
003  00  040  1  0 00458 0
003  00  041  2  0 00576 0
003  00  042  4  1 00553 0
003  00  043  1  0 00744 0
003  00  044  0  0 00539 0
003  00  045  5  1 00551 0
003  00  046  1  0 00512 0
003  00  047  1  0 00595 0
003  00  048  3  1 00546 0
003  00  049  4  1 00532 0
003  00  050  5  0 00654 1
003  00  051  4  1 00940 0
003  00  052  4  1 00756 0
003  00  053  3  1 00638 0
003  00  054  1  0 00529 0
003  00  055  3  1 00478 0
003  00  056  3  1 00518 0
003  00  057  2  0 00434 0
003  00  058  5  1 00481 0
003  00  059  4  1 00589 0
003  01  000  4  1 00677 0
003  01  001  2  1 00469 1
003  01  002  5  1 00693 0
003  01  003  3  1 00724 0
003  01  004  5  1 00549 0
003  01  005  3  1 00455 0
003  01  006  2  0 00488 0
003  01  007  5  1 00472 0
003  01  008  5  1 00501 0
003  01  009  0  0 00456 0
003  01  010  4  1 00738 0
003  01  011  2  0 00747 0
003  01  012  0  0 00708 0
003  01  013  5  1 00471 0
003  01  014  5  1 00613 0
003  01  015  2  0 00674 0
003  01  016  4  1 00510 0
003  01  017  4  1 00390 0
003  01  018  0  0 00490 0
003  01  019  1  0 00619 0
003  01  020  3  1 00593 0
003  01  021  0  0 00550 0
003  01  022  2  0 00577 0
003  01  023  3  1 00624 0
003  01  024  0  0 00529 0
003  01  025  0  0 00796 0
003  01  026  1  0 00656 0
003  01  027  0  0 00496 0
003  01  028  4  1 00531 0
003  01  029  4  1 00447 0
003  01  030  2  0 00598 0
003  01  031  4  1 00528 0
003  01  032  3  1 00646 0
003  01  033  4  1 00397 0
003  01  034  0  0 00368 0
003  01  035  1  0 00476 0
003  01  036  2  1 00391 1
003  01  037  0  0 01175 0
003  01  038  4  1 00530 0
003  01  039  2  0 00533 0
003  01  040  5  1 00550 0
003  01  041  2  0 00535 0
003  01  042  1  0 00968 0
003  01  043  1  0 00490 0
003  01  044  1  0 00460 0
003  01  045  4  1 00443 0
003  01  046  0  0 00527 0
003  01  047  4  1 00477 0
003  01  048  5  1 00482 0
003  01  049  4  0 00358 1
003  01  050  4  1 00603 0
003  01  051  3  1 00672 0
003  01  052  0  0 00427 0
003  01  053  0  0 00399 0
003  01  054  1  0 00508 0
003  01  055  1  0 00411 0
003  01  056  5  1 00456 0
003  01  057  4  1 00655 0
003  01  058  5  1 00508 0
003  01  059  0  0 00439 0
003  02  000  5  1 00615 0
003  02  001  3  1 00415 0
003  02  002  4  1 00579 0
003  02  003  2  1 00428 1
003  02  004  2  0 00662 0
003  02  005  0  0 00505 0
003  02  006  1  0 00483 0
003  02  007  3  1 00522 0
003  02  008  0  0 00478 0
003  02  009  2  1 00412 1
003  02  010  4  1 00529 0
003  02  011  2  0 00558 0
003  02  012  3  1 00584 0
003  02  013  0  0 00482 0
003  02  014  5  1 00518 0
003  02  015  1  0 00721 0
003  02  016  4  1 00610 0
003  02  017  0  0 00488 0
003  02  018  2  0 00622 0
003  02  019  4  1 00572 0
003  02  020  2  0 00476 0
003  02  021  4  1 00598 0
003  02  022  2  0 00471 0
003  02  023  2  0 00526 0
003  02  024  3  1 00590 0
003  02  025  4  1 00485 0
003  02  026  2  0 00720 0
003  02  027  0  0 00563 0
003  02  028  3  1 00563 0
003  02  029  5  1 00530 0
003  02  030  4  1 00553 0
003  02  031  2  1 00461 1
003  02  032  3  1 00726 0
003  02  033  4  1 00622 0
003  02  034  1  0 00592 0
003  02  035  4  1 00505 0
003  02  036  5  1 00617 0
003  02  037  5  1 00502 0
003  02  038  1  0 00573 0
003  02  039  5  1 00553 0
003  02  040  3  1 00940 0
003  02  041  5  1 00674 0
003  02  042  4  1 00678 0
003  02  043  1  0 00471 0
003  02  044  1  0 00536 0
003  02  045  1  0 00383 0
003  02  046  5  1 00482 0
003  02  047  2  0 00594 0
003  02  048  4  1 00680 0
003  02  049  2  0 01078 0
003  02  050  5  1 01241 0
003  02  051  3  1 00961 0
003  02  052  1  0 01794 0
003  02  053  4  1 00521 0
003  02  054  0  0 00614 0
003  02  055  3  1 00649 0
003  02  056  2  0 00614 0
003  02  057  5  1 00458 0
003  02  058  2  0 00504 0
003  02  059  2  0 00459 0
003  03  000  3  1 00585 0
003  03  001  2  0 00467 0
003  03  002  4  1 00413 0
003  03  003  4  1 00399 0
003  03  004  1  0 00416 0
003  03  005  4  1 00479 0
003  03  006  1  0 00504 0
003  03  007  5  0 00409 1
003  03  008  5  1 00516 0
003  03  009  0  0 00628 0
003  03  010  4  1 00491 0
003  03  011  3  1 00504 0
003  03  012  3  1 00496 0
003  03  013  0  0 00441 0
003  03  014  5  1 00436 0
003  03  015  3  0 00410 1
003  03  016  1  0 00385 0
003  03  017  2  1 00472 1
003  03  018  5  1 00822 0
003  03  019  4  1 00509 0
003  03  020  0  0 00539 0
003  03  021  4  1 00536 0
003  03  022  2  0 00602 0
003  03  023  3  1 01013 0
003  03  024  3  1 00454 0
003  03  025  3  1 00557 0
003  03  026  0  0 00582 0
003  03  027  2  1 00621 1
003  03  028  0  0 01043 0
003  03  029  3  1 01069 0
003  03  030  2  0 00589 0
003  03  031  0  0 00580 0
003  03  032  2  1 00439 1
003  03  033  4  1 00433 0
003  03  034  2  0 00647 0
003  03  035  3  1 00561 0
003  03  036  5  1 00547 0
003  03  037  4  1 00656 0
003  03  038  0  0 00632 0
003  03  039  0  0 00633 0
003  03  040  2  0 00792 0
003  03  041  3  1 00705 0
003  03  042  5  1 00742 0
003  03  043  3  1 00682 0
003  03  044  1  0 00658 0
003  03  045  2  0 00554 0
003  03  046  3  1 00800 0
003  03  047  0  0 00763 0
003  03  048  4  1 00795 0
003  03  049  5  1 00623 0
003  03  050  2  0 00709 0
003  03  051  2  0 00932 0
003  03  052  5  1 00787 0
003  03  053  1  0 00701 0
003  03  054  3  1 00665 0
003  03  055  5  1 00892 0
003  03  056  3  1 00740 0
003  03  057  3  1 00788 0
003  03  058  2  0 00859 0
003  03  059  2  0 00675 0
003  04  000  1  0 -0910 0
003  04  001  3  1 01408 0
003  04  002  0  0 00485 0
003  04  003  2  0 00627 0
003  04  004  2  0 00414 0
003  04  005  2  0 00406 0
003  04  006  1  0 00486 0
003  04  007  5  1 00469 0
003  04  008  4  1 00445 0
003  04  009  5  1 00558 0
003  04  010  5  1 00546 0
003  04  011  5  1 00510 0
003  04  012  4  1 00980 0
003  04  013  1  0 00498 0
003  04  014  1  0 00396 0
003  04  015  5  1 00573 0
003  04  016  4  1 00668 0
003  04  017  5  1 00488 0
003  04  018  4  1 00427 0
003  04  019  5  1 00394 0
003  04  020  1  0 00872 0
003  04  021  1  0 00419 0
003  04  022  5  1 00588 0
003  04  023  3  1 00584 0
003  04  024  1  0 00669 0
003  04  025  0  0 00449 0
003  04  026  5  1 00491 0
003  04  027  2  0 00847 0
003  04  028  1  0 00516 0
003  04  029  0  0 00425 0
003  04  030  5  1 00380 0
003  04  031  1  1 00403 1
003  04  032  0  0 00727 0
003  04  033  1  0 00479 0
003  04  034  3  1 00615 0
003  04  035  4  1 01031 0
003  04  036  1  0 00624 0
003  04  037  4  1 00762 0
003  04  038  0  0 00518 0
003  04  039  4  1 00582 0
003  04  040  2  0 00532 0
003  04  041  5  1 00497 0
003  04  042  3  1 00533 0
003  04  043  1  0 00635 0
003  04  044  0  0 00496 0
003  04  045  4  1 00445 0
003  04  046  3  1 00472 0
003  04  047  0  0 00458 0
003  04  048  2  0 00679 0
003  04  049  4  1 00799 0
003  04  050  2  0 00552 0
003  04  051  4  1 00626 0
003  04  052  5  0 00370 1
003  04  053  3  0 00357 1
003  04  054  2  0 00414 0
003  04  055  1  0 00566 0
003  04  056  3  1 00552 0
003  04  057  0  0 00578 0
003  04  058  4  1 00452 0
003  04  059  4  1 00484 0
003  05  000  3  1 00802 0
003  05  001  1  0 00447 0
003  05  002  0  0 00528 0
003  05  003  3  1 00486 0
003  05  004  4  1 00598 0
003  05  005  0  0 00439 0
003  05  006  5  1 00491 0
003  05  007  5  1 00456 0
003  05  008  0  0 00882 0
003  05  009  0  0 00483 0
003  05  010  1  0 00434 0
003  05  011  1  0 00465 0
003  05  012  0  0 00463 0
003  05  013  3  1 00463 0
003  05  014  0  0 00692 0
003  05  015  2  0 00627 0
003  05  016  5  1 00548 0
003  05  017  5  1 00555 0
003  05  018  1  1 00655 1
003  05  019  0  0 00507 0
003  05  020  3  0 00392 1
003  05  021  3  1 00663 0
003  05  022  1  0 00515 0
003  05  023  3  1 00678 0
003  05  024  3  1 00713 0
003  05  025  5  1 00781 0
003  05  026  1  0 00701 0
003  05  027  5  1 00723 0
003  05  028  3  1 00601 0
003  05  029  2  0 00550 0
003  05  030  1  0 00620 0
003  05  031  0  0 00472 0
003  05  032  0  0 00602 0
003  05  033  0  0 00492 0
003  05  034  1  0 01046 0
003  05  035  0  0 00674 0
003  05  036  2  0 00843 0
003  05  037  3  1 00768 0
003  05  038  2  1 00555 1
003  05  039  3  1 00749 0
003  05  040  2  0 00529 0
003  05  041  2  0 00549 0
003  05  042  2  0 00440 0
003  05  043  1  0 00538 0
003  05  044  2  0 00400 0
003  05  045  0  0 00457 0
003  05  046  2  0 00488 0
003  05  047  3  1 00601 0
003  05  048  5  1 00658 0
003  05  049  1  0 00460 0
003  05  050  0  0 00550 0
003  05  051  4  0 00424 1
003  05  052  0  0 00440 0
003  05  053  3  1 00534 0
003  05  054  1  0 00676 0
003  05  055  5  1 00700 0
003  05  056  3  1 00634 0
003  05  057  1  0 00504 0
003  05  058  5  1 00573 0
003  05  059  4  1 00532 0
