005  00  000  5  1 03485 0
005  00  001  4  1 00808 0
005  00  002  1  0 00725 0
005  00  003  1  0 00648 0
005  00  004  4  1 00581 0
005  00  005  3  1 00593 0
005  00  006  0  0 00518 0
005  00  007  5  1 00475 0
005  00  008  3  1 00682 0
005  00  009  0  0 00508 0
005  00  010  5  1 00503 0
005  00  011  1  0 00490 0
005  00  012  0  0 00485 0
005  00  013  4  1 00430 0
005  00  014  4  1 00521 0
005  00  015  3  1 00565 0
005  00  016  5  1 00667 0
005  00  017  2  0 00549 0
005  00  018  2  0 00434 0
005  00  019  2  0 00547 0
005  00  020  0  0 00486 0
005  00  021  0  0 00481 0
005  00  022  1  0 00518 0
005  00  023  1  0 00537 0
005  00  024  2  0 00570 0
005  00  025  3  1 00542 0
005  00  026  0  0 00569 0
005  00  027  3  1 00590 0
005  00  028  0  0 00522 0
005  00  029  0  0 00532 0
005  00  030  3  1 00645 0
005  00  031  4  1 00625 0
005  00  032  4  1 00524 0
005  00  033  2  0 00578 0
005  00  034  2  0 00521 0
005  00  035  5  1 00581 0
005  00  036  0  0 00568 0
005  00  037  2  0 00737 0
005  00  038  4  1 00539 0
005  00  039  1  0 00600 0
005  00  040  5  1 00542 0
005  00  041  4  1 00622 0
005  00  042  3  1 00602 0
005  00  043  1  0 00512 0
005  00  044  3  1 00520 0
005  00  045  2  0 00484 0
005  00  046  1  0 00497 0
005  00  047  0  0 00474 0
005  00  048  4  1 00543 0
005  00  049  3  1 00452 0
005  00  050  1  0 00502 0
005  00  051  1  0 00473 0
005  00  052  0  0 00464 0
005  00  053  5  1 00464 0
005  00  054  5  1 00488 0
005  00  055  0  0 00535 0
005  00  056  4  1 00506 0
005  00  057  4  1 00400 0
005  00  058  5  1 00503 0
005  00  059  1  0 00553 0
005  01  000  2  0 00524 0
005  01  001  2  0 00380 0
005  01  002  4  1 00478 0
005  01  003  2  0 00524 0
005  01  004  5  1 00495 0
005  01  005  1  0 00508 0
005  01  006  3  1 00565 0
005  01  007  5  1 00397 0
005  01  008  2  0 00529 0
005  01  009  4  1 00544 0
005  01  010  2  0 00468 0
005  01  011  2  0 00465 0
005  01  012  5  1 00462 0
005  01  013  3  1 00408 0
005  01  014  3  1 00401 0
005  01  015  5  1 00398 0
005  01  016  1  0 00443 0
005  01  017  2  0 00411 0
005  01  018  5  0 00424 1
005  01  019  5  1 00485 0
005  01  020  5  1 00377 0
005  01  021  0  0 00518 0
005  01  022  2  0 00601 0
005  01  023  0  0 00806 0
005  01  024  2  0 00780 0
005  01  025  4  1 00537 0
005  01  026  3  1 00777 0
005  01  027  1  0 00523 0
005  01  028  4  1 00837 0
005  01  029  3  1 00580 0
005  01  030  1  0 00507 0
005  01  031  4  1 00533 0
005  01  032  3  1 00725 0
005  01  033  2  0 00584 0
005  01  034  3  1 00762 0
005  01  035  2  0 01003 0
005  01  036  3  1 00522 0
005  01  037  0  0 00562 0
005  01  038  0  0 00578 0
005  01  039  0  0 00514 0
005  01  040  0  0 00596 0
005  01  041  2  0 00578 0
005  01  042  3  1 00620 0
005  01  043  4  1 00615 0
005  01  044  4  1 00503 0
005  01  045  4  1 00422 0
005  01  046  4  1 00438 0
005  01  047  3  1 00407 0
005  01  048  4  1 00429 0
005  01  049  0  0 00508 0
005  01  050  5  1 00570 0
005  01  051  1  0 00563 0
005  01  052  4  1 00629 0
005  01  053  4  1 00458 0
005  01  054  5  1 00345 0
005  01  055  1  0 00610 0
005  01  056  5  1 00785 0
005  01  057  1  0 00831 0
005  01  058  2  0 00908 0
005  01  059  5  1 00677 0
005  02  000  4  1 00533 0
005  02  001  1  0 00466 0
005  02  002  2  0 00593 0
005  02  003  5  1 00550 0
005  02  004  1  0 00526 0
005  02  005  0  0 00550 0
005  02  006  5  1 00549 0
005  02  007  4  1 00619 0
005  02  008  5  1 00457 0
005  02  009  5  1 00444 0
005  02  010  2  0 00503 0
005  02  011  5  1 00506 0
005  02  012  3  1 00491 0
005  02  013  0  0 00495 0
005  02  014  1  0 00926 0
005  02  015  3  1 00558 0
005  02  016  2  0 00588 0
005  02  017  3  1 00949 0
005  02  018  0  0 00504 0
005  02  019  5  1 00462 0
005  02  020  0  0 00467 0
005  02  021  2  0 00620 0
005  02  022  1  0 00577 0
005  02  023  0  0 00474 0
005  02  024  1  0 00444 0
005  02  025  3  1 00574 0
005  02  026  4  1 00455 0
005  02  027  0  0 00552 0
005  02  028  1  0 00476 0
005  02  029  3  0 00341 1
005  02  030  4  1 00516 0
005  02  031  3  1 00721 0
005  02  032  2  0 00668 0
005  02  033  1  0 01014 0
005  02  034  0  0 00499 0
005  02  035  3  1 00697 0
005  02  036  0  0 00529 0
005  02  037  4  1 00635 0
005  02  038  4  1 00943 0
005  02  039  5  1 00693 0
005  02  040  1  0 00521 0
005  02  041  3  1 00803 0
005  02  042  5  1 00547 0
005  02  043  2  0 00573 0
005  02  044  4  1 00512 0
005  02  045  3  1 00563 0
005  02  046  5  1 00528 0
005  02  047  1  0 00511 0
005  02  048  0  0 00650 0
005  02  049  5  1 00557 0
005  02  050  1  0 00926 0
005  02  051  4  1 00517 0
005  02  052  1  0 00657 0
005  02  053  4  1 00744 0
005  02  054  0  0 00505 0
005  02  055  5  1 00587 0
005  02  056  0  0 00499 0
005  02  057  4  1 00519 0
005  02  058  1  0 00464 0
005  02  059  0  0 00492 0
005  03  000  5  1 00423 0
005  03  001  5  1 00427 0
005  03  002  4  1 00536 0
005  03  003  4  1 00539 0
005  03  004  2  0 00596 0
005  03  005  4  1 00515 0
005  03  006  1  0 00620 0
005  03  007  0  0 00560 0
005  03  008  2  0 00805 0
005  03  009  4  1 00637 0
005  03  010  3  1 00690 0
005  03  011  0  0 00518 0
005  03  012  1  1 00873 1
005  03  013  1  0 00611 0
005  03  014  1  0 00432 0
005  03  015  2  0 00577 0
005  03  016  2  0 00507 0
005  03  017  2  0 00530 0
005  03  018  2  0 00490 0
005  03  019  1  0 00549 0
005  03  020  5  1 00552 0
005  03  021  2  0 00569 0
005  03  022  1  0 00716 0
005  03  023  2  0 00666 0
005  03  024  1  0 00560 0
005  03  025  3  1 00840 0
005  03  026  3  1 00537 0
005  03  027  5  1 00573 0
005  03  028  4  0 00776 1
005  03  029  4  1 00692 0
005  03  030  5  1 00402 0
005  03  031  5  1 00456 0
005  03  032  5  1 00554 0
005  03  033  2  0 00576 0
005  03  034  3  1 00601 0
005  03  035  5  1 00511 0
005  03  036  4  1 00536 0
005  03  037  2  0 00634 0
005  03  038  0  0 00647 0
005  03  039  4  1 00670 0
005  03  040  2  0 00747 0
005  03  041  2  0 01750 0
005  03  042  0  0 00630 0
005  03  043  5  1 00532 0
005  03  044  2  0 00508 0
005  03  045  0  0 00500 0
005  03  046  1  0 00839 0
005  03  047  2  0 00511 0
005  03  048  1  0 00637 0
005  03  049  0  0 00583 0
005  03  050  1  0 01119 0
005  03  051  4  1 00623 0
005  03  052  2  0 00576 0
005  03  053  3  1 00764 0
005  03  054  2  0 00522 0
005  03  055  0  0 01475 0
005  03  056  3  1 00836 0
005  03  057  1  0 00500 0
005  03  058  4  1 00610 0
005  03  059  4  1 00528 0
005  04  000  3  1 00669 0
005  04  001  0  0 00548 0
005  04  002  1  0 00608 0
005  04  003  3  1 00734 0
005  04  004  2  0 00671 0
005  04  005  2  0 00741 0
005  04  006  3  1 00816 0
005  04  007  0  0 00761 0
005  04  008  5  1 00720 0
005  04  009  0  0 00649 0
005  04  010  5  1 00745 0
005  04  011  2  0 00674 0
005  04  012  0  0 00634 0
005  04  013  5  1 00761 0
005  04  014  2  0 00846 0
005  04  015  3  1 00644 0
005  04  016  4  1 00616 0
005  04  017  2  0 00719 0
005  04  018  5  1 00584 0
005  04  019  0  0 00665 0
005  04  020  4  1 00600 0
005  04  021  2  0 00653 0
005  04  022  0  0 00523 0
005  04  023  3  1 00530 0
005  04  024  1  0 00738 0
005  04  025  3  1 00511 0
005  04  026  1  0 00554 0
005  04  027  2  0 00545 0
005  04  028  0  0 00534 0
005  04  029  0  0 00465 0
005  04  030  4  1 00427 0
005  04  031  0  0 00492 0
005  04  032  5  1 00481 0
005  04  033  3  1 00428 0
005  04  034  3  1 00491 0
005  04  035  0  0 00490 0
005  04  036  1  0 00450 0
005  04  037  5  1 00441 0
005  04  038  2  0 00486 0
005  04  039  1  0 00540 0
005  04  040  3  1 00631 0
005  04  041  0  0 00524 0
005  04  042  3  1 00572 0
005  04  043  5  1 00623 0
005  04  044  5  1 00495 0
005  04  045  5  1 00584 0
005  04  046  4  1 00503 0
005  04  047  1  0 00679 0
005  04  048  3  1 00713 0
005  04  049  3  1 00543 0
005  04  050  1  0 00660 0
005  04  051  1  0 00449 0
005  04  052  0  0 00591 0
005  04  053  2  0 00688 0
005  04  054  2  0 00627 0
005  04  055  3  1 00509 0
005  04  056  4  1 00443 0
005  04  057  0  0 00618 0
005  04  058  4  1 00521 0
005  04  059  5  1 00621 0
005  05  000  4  1 00471 0
005  05  001  2  0 00417 0
005  05  002  1  0 00522 0
005  05  003  3  1 00517 0
005  05  004  5  0 00461 1
005  05  005  5  1 00471 0
005  05  006  5  1 00426 0
005  05  007  1  0 00619 0
005  05  008  1  0 00539 0
005  05  009  1  0 00736 0
005  05  010  3  1 00579 0
005  05  011  1  0 00552 0
005  05  012  1  0 00489 0
005  05  013  0  0 00587 0
005  05  014  1  0 00677 0
005  05  015  3  1 00592 0
005  05  016  3  1 00496 0
005  05  017  5  1 00657 0
005  05  018  4  1 00590 0
005  05  019  5  1 00506 0
005  05  020  0  0 00668 0
005  05  021  2  0 00627 0
005  05  022  3  1 00635 0
005  05  023  3  1 00598 0
005  05  024  1  0 00596 0
005  05  025  2  0 00594 0
005  05  026  2  0 00660 0
005  05  027  0  0 00610 0
005  05  028  5  1 00563 0
005  05  029  0  0 00617 0
005  05  030  4  1 00588 0
005  05  031  4  1 00566 0
005  05  032  5  1 00535 0
005  05  033  0  0 00650 0
005  05  034  0  0 00668 0
005  05  035  4  1 00637 0
005  05  036  2  0 00961 0
005  05  037  3  1 00622 0
005  05  038  4  1 00748 0
005  05  039  4  1 00663 0
005  05  040  3  1 00682 0
005  05  041  4  1 00623 0
005  05  042  2  0 00756 0
005  05  043  0  0 00720 0
005  05  044  1  0 00723 0
005  05  045  5  1 00631 0
005  05  046  0  0 00621 0
005  05  047  3  1 00696 0
005  05  048  3  1 00681 0
005  05  049  3  1 00700 0
005  05  050  3  1 00725 0
005  05  051  5  1 00956 0
005  05  052  0  0 00723 0
005  05  053  4  1 00801 0
005  05  054  4  1 00588 0
005  05  055  1  0 00678 0
005  05  056  3  1 00726 0
005  05  057  5  1 00838 0
005  05  058  1  0 00578 0
005  05  059  2  0 00635 0
