009  00  000  0  0 03856 0
009  00  001  2  0 01024 0
009  00  002  1  0 00719 0
009  00  003  4  1 00635 0
009  00  004  3  1 02020 0
009  00  005  3  1 00906 0
009  00  006  1  0 00903 0
009  00  007  4  1 00925 0
009  00  008  0  0 00672 0
009  00  009  0  0 00720 0
009  00  010  1  0 01142 0
009  00  011  3  1 01091 0
009  00  012  2  0 01122 0
009  00  013  1  0 01245 0
009  00  014  1  0 01010 0
009  00  015  2  0 00864 0
009  00  016  2  0 00914 0
009  00  017  1  0 00797 0
009  00  018  4  1 00810 0
009  00  019  4  1 00779 0
009  00  020  2  0 01103 0
009  00  021  0  0 01070 0
009  00  022  0  0 00742 0
009  00  023  0  0 00861 0
009  00  024  5  1 01415 0
009  00  025  4  1 00880 0
009  00  026  3  1 00949 0
009  00  027  0  0 01125 0
009  00  028  3  1 00802 0
009  00  029  4  1 00991 0
009  00  030  1  0 00774 0
009  00  031  4  1 01212 0
009  00  032  1  0 00890 0
009  00  033  0  0 01028 0
009  00  034  4  1 01232 0
009  00  035  2  0 01302 0
009  00  036  3  1 01463 0
009  00  037  1  0 01511 0
009  00  038  5  1 01236 0
009  00  039  1  0 00954 0
009  00  040  0  0 00908 0
009  00  041  2  0 01073 0
009  00  042  1  0 01063 0
009  00  043  3  1 00819 0
009  00  044  4  1 00908 0
009  00  045  3  1 00954 0
009  00  046  3  1 01285 0
009  00  047  3  1 00907 0
009  00  048  3  1 00978 0
009  00  049  5  1 01007 0
009  00  050  4  1 01046 0
009  00  051  0  0 00815 0
009  00  052  0  0 00886 0
009  00  053  2  0 00898 0
009  00  054  5  1 01327 0
009  00  055  3  1 00814 0
009  00  056  5  1 01321 0
009  00  057  5  1 00782 0
009  00  058  2  0 01039 0
009  00  059  2  0 00890 0
009  01  000  3  1 03284 0
009  01  001  1  0 00899 0
009  01  002  5  1 00689 0
009  01  003  4  1 00956 0
009  01  004  0  0 00941 0
009  01  005  2  0 01136 0
009  01  006  2  0 00838 0
009  01  007  5  1 00870 0
009  01  008  5  1 00858 0
009  01  009  4  1 00907 0
009  01  010  0  0 00801 0
009  01  011  1  0 00927 0
009  01  012  5  1 00759 0
009  01  013  5  1 00681 0
009  01  014  4  1 00991 0
009  01  015  5  1 01381 0
009  01  016  2  0 00936 0
009  01  017  4  1 00727 0
009  01  018  3  1 00863 0
009  01  019  3  1 00794 0
009  01  020  0  0 01221 0
009  01  021  2  0 01058 0
009  01  022  4  1 00745 0
009  01  023  5  1 00802 0
009  01  024  1  0 00934 0
009  01  025  5  1 00957 0
009  01  026  1  0 01021 0
009  01  027  5  1 00805 0
009  01  028  4  1 00896 0
009  01  029  4  1 01071 0
009  01  030  5  1 00766 0
009  01  031  1  0 00807 0
009  01  032  2  0 00841 0
009  01  033  1  0 00723 0
009  01  034  3  1 01067 0
009  01  035  0  0 00758 0
009  01  036  2  0 00836 0
009  01  037  1  0 00816 0
009  01  038  1  0 00735 0
009  01  039  5  1 00885 0
009  01  040  3  1 01166 0
009  01  041  4  1 01044 0
009  01  042  2  0 01083 0
009  01  043  2  0 01197 0
009  01  044  4  1 01020 0
009  01  045  5  1 01028 0
009  01  046  2  0 00973 0
009  01  047  4  1 00962 0
009  01  048  1  0 01429 0
009  01  049  3  1 01184 0
009  01  050  5  1 00824 0
009  01  051  2  0 00952 0
009  01  052  0  0 00842 0
009  01  053  0  0 00920 0
009  01  054  4  1 00859 0
009  01  055  5  1 00973 0
009  01  056  5  1 00917 0
009  01  057  2  0 01044 0
009  01  058  4  1 00963 0
009  01  059  3  1 01109 0
009  02  000  2  0 01262 0
009  02  001  1  0 01281 0
009  02  002  3  1 00937 0
009  02  003  2  0 00962 0
009  02  004  4  1 01123 0
009  02  005  2  0 01316 0
009  02  006  3  1 00989 0
009  02  007  4  1 00862 0
009  02  008  3  1 01087 0
009  02  009  1  0 01263 0
009  02  010  0  0 00963 0
009  02  011  5  1 01071 0
009  02  012  3  1 00892 0
009  02  013  1  0 00977 0
009  02  014  5  1 01044 0
009  02  015  5  1 00972 0
009  02  016  3  1 01035 0
009  02  017  5  1 00930 0
009  02  018  2  0 01057 0
009  02  019  2  0 00984 0
009  02  020  1  0 01239 0
009  02  021  1  0 00699 0
009  02  022  2  0 01281 0
009  02  023  5  1 01268 0
009  02  024  5  1 00566 0
009  02  025  0  0 01419 0
009  02  026  2  0 01313 0
009  02  027  5  1 01110 0
009  02  028  1  0 01141 0
009  02  029  2  0 00854 0
009  02  030  5  1 02985 0
009  02  031  2  0 01171 0
009  02  032  1  0 00883 0
009  02  033  1  0 00626 0
009  02  034  2  0 00610 0
009  02  035  5  1 01083 0
009  02  036  2  0 01003 0
009  02  037  0  0 00885 0
009  02  038  1  0 00811 0
009  02  039  3  1 00993 0
009  02  040  4  1 00919 0
009  02  041  2  0 00937 0
009  02  042  5  1 00981 0
009  02  043  4  1 00870 0
009  02  044  1  0 00926 0
009  02  045  4  1 00609 0
009  02  046  0  0 00765 0
009  02  047  0  0 00780 0
009  02  048  4  1 00529 0
009  02  049  5  1 00881 0
009  02  050  2  0 00611 0
009  02  051  3  1 00707 0
009  02  052  0  0 00727 0
009  02  053  0  0 00659 0
009  02  054  1  0 00856 0
009  02  055  1  0 00820 0
009  02  056  1  0 00757 0
009  02  057  1  0 00985 0
009  02  058  5  1 00810 0
009  02  059  3  1 01126 0
009  03  000  3  1 03066 0
009  03  001  5  1 00619 0
009  03  002  0  0 00591 0
009  03  003  4  1 00797 0
009  03  004  1  0 00635 0
009  03  005  0  0 01155 0
009  03  006  1  0 00638 0
009  03  007  3  1 00796 0
009  03  008  1  0 00742 0
009  03  009  4  1 00981 0
009  03  010  3  1 00890 0
009  03  011  4  1 01190 0
009  03  012  0  0 00919 0
009  03  013  3  1 01928 0
009  03  014  3  1 00891 0
009  03  015  2  0 01087 0
009  03  016  2  0 00988 0
009  03  017  1  0 01235 0
009  03  018  1  0 00826 0
009  03  019  1  0 00770 0
009  03  020  3  1 00972 0
009  03  021  2  0 00989 0
009  03  022  5  1 00905 0
009  03  023  5  1 00881 0
009  03  024  1  0 01726 0
009  03  025  3  1 00966 0
009  03  026  5  1 00913 0
009  03  027  1  0 01106 0
009  03  028  5  1 01144 0
009  03  029  0  0 01159 0
009  03  030  4  1 01207 0
009  03  031  3  1 00894 0
009  03  032  1  0 00993 0
009  03  033  5  1 00981 0
009  03  034  4  1 00893 0
009  03  035  4  1 01523 0
009  03  036  4  1 00985 0
009  03  037  2  0 01101 0
009  03  038  5  1 00954 0
009  03  039  4  1 00954 0
009  03  040  2  0 01102 0
009  03  041  4  1 00975 0
009  03  042  2  0 00901 0
009  03  043  4  1 00805 0
009  03  044  0  0 00986 0
009  03  045  5  1 00848 0
009  03  046  3  1 01029 0
009  03  047  0  0 01475 0
009  03  048  4  1 01264 0
009  03  049  3  1 00940 0
009  03  050  1  0 00935 0
009  03  051  1  0 01210 0
009  03  052  5  1 01111 0
009  03  053  1  0 00954 0
009  03  054  4  1 01357 0
009  03  055  2  0 00944 0
009  03  056  3  1 01241 0
009  03  057  2  0 01375 0
009  03  058  0  0 01037 0
009  03  059  3  1 01081 0
009  04  000  3  1 01057 0
009  04  001  3  1 01109 0
009  04  002  0  0 00823 0
009  04  003  2  0 01078 0
009  04  004  5  1 01102 0
009  04  005  0  0 00946 0
009  04  006  5  1 01045 0
009  04  007  0  0 00980 0
009  04  008  4  1 01658 0
009  04  009  1  0 00986 0
009  04  010  1  0 01269 0
009  04  011  1  0 01250 0
009  04  012  0  0 00725 0
009  04  013  3  1 00989 0
009  04  014  0  0 00844 0
009  04  015  5  1 00858 0
009  04  016  2  0 00923 0
009  04  017  0  0 01125 0
009  04  018  4  1 00900 0
009  04  019  1  0 00910 0
009  04  020  5  1 00838 0
009  04  021  2  0 00951 0
009  04  022  1  0 00916 0
009  04  023  3  1 00919 0
009  04  024  4  1 01020 0
009  04  025  4  1 00940 0
009  04  026  3  1 00955 0
009  04  027  0  0 01639 0
009  04  028  3  1 00969 0
009  04  029  2  0 00981 0
009  04  030  2  0 00880 0
009  04  031  1  0 01193 0
009  04  032  3  1 01001 0
009  04  033  0  0 00888 0
009  04  034  0  0 00809 0
009  04  035  0  0 00913 0
009  04  036  3  1 00919 0
009  04  037  4  1 00937 0
009  04  038  4  1 01011 0
009  04  039  4  1 00999 0
009  04  040  2  0 01196 0
009  04  041  2  0 01094 0
009  04  042  5  1 01301 0
009  04  043  0  0 01102 0
009  04  044  3  1 01118 0
009  04  045  1  0 01191 0
009  04  046  0  0 00997 0
009  04  047  0  0 00849 0
009  04  048  2  0 00901 0
009  04  049  2  0 01106 0
009  04  050  0  0 01007 0
009  04  051  0  0 00892 0
009  04  052  4  1 01098 0
009  04  053  5  1 00987 0
009  04  054  4  1 01023 0
009  04  055  1  0 01371 0
009  04  056  1  0 01209 0
009  04  057  3  1 00925 0
009  04  058  5  1 00971 0
009  04  059  4  1 00842 0
009  05  000  0  0 01178 0
009  05  001  3  1 01054 0
009  05  002  0  0 00979 0
009  05  003  5  1 00923 0
009  05  004  0  0 00973 0
009  05  005  3  1 01033 0
009  05  006  5  1 00970 0
009  05  007  4  1 00924 0
009  05  008  0  0 01008 0
009  05  009  4  1 00908 0
009  05  010  5  1 01072 0
009  05  011  2  0 01392 0
009  05  012  1  0 01125 0
009  05  013  0  0 00766 0
009  05  014  0  0 00863 0
009  05  015  3  1 01951 0
009  05  016  0  0 01033 0
009  05  017  2  0 01410 0
009  05  018  4  1 00938 0
009  05  019  0  0 00957 0
009  05  020  5  1 00877 0
009  05  021  2  0 01522 0
009  05  022  4  1 00949 0
009  05  023  3  1 00984 0
009  05  024  2  0 01146 0
009  05  025  4  1 01208 0
009  05  026  5  1 00870 0
009  05  027  5  1 01006 0
009  05  028  5  1 02141 0
009  05  029  4  1 00877 0
009  05  030  3  1 00900 0
009  05  031  2  0 01049 0
009  05  032  3  1 01125 0
009  05  033  0  0 00930 0
009  05  034  3  1 00942 0
009  05  035  0  0 01100 0
009  05  036  4  1 01001 0
009  05  037  5  1 00940 0
009  05  038  1  0 01071 0
009  05  039  4  1 00974 0
009  05  040  5  1 01438 0
009  05  041  1  0 01209 0
009  05  042  0  0 01338 0
009  05  043  4  1 01019 0
009  05  044  2  0 01658 0
009  05  045  1  0 00904 0
009  05  046  3  1 01047 0
009  05  047  5  1 00980 0
009  05  048  0  0 01249 0
009  05  049  3  1 00886 0
009  05  050  2  0 00959 0
009  05  051  2  0 01046 0
009  05  052  2  0 00947 0
009  05  053  4  1 00930 0
009  05  054  3  1 00722 0
009  05  055  0  0 00834 0
009  05  056  5  1 00875 0
009  05  057  1  0 00910 0
009  05  058  0  0 00665 0
009  05  059  3  1 00838 0
