018  00  000  2  0 05306 0
018  00  001  4  1 01786 0
018  00  002  4  1 00623 0
018  00  003  1  0 00689 0
018  00  004  2  0 00740 0
018  00  005  1  0 00645 0
018  00  006  5  1 00610 0
018  00  007  3  1 00582 0
018  00  008  0  0 00638 0
018  00  009  0  0 00548 0
018  00  010  5  1 00668 0
018  00  011  2  0 00492 0
018  00  012  2  0 00772 0
018  00  013  3  1 00630 0
018  00  014  3  1 00528 0
018  00  015  0  0 00610 0
018  00  016  3  1 00847 0
018  00  017  4  1 01022 0
018  00  018  1  0 00635 0
018  00  019  2  0 00817 0
018  00  020  5  1 00566 0
018  00  021  4  1 00512 0
018  00  022  5  1 00473 0
018  00  023  3  0 00553 1
018  00  024  5  1 00582 0
018  00  025  3  1 00446 0
018  00  026  2  0 00542 0
018  00  027  0  0 00492 0
018  00  028  4  1 01001 0
018  00  029  3  1 00594 0
018  00  030  4  1 00541 0
018  00  031  1  0 00680 0
018  00  032  1  0 00691 0
018  00  033  1  0 00407 0
018  00  034  4  1 00546 0
018  00  035  4  1 00480 0
018  00  036  0  0 00594 0
018  00  037  1  0 01068 0
018  00  038  0  0 00500 0
018  00  039  4  1 00507 0
018  00  040  2  0 00796 0
018  00  041  0  0 00597 0
018  00  042  1  0 00588 0
018  00  043  5  1 00562 0
018  00  044  2  0 01043 0
018  00  045  3  1 00758 0
018  00  046  4  1 01610 0
018  00  047  2  0 00543 0
018  00  048  3  1 00600 0
018  00  049  2  0 00604 0
018  00  050  4  1 00563 0
018  00  051  2  0 00604 0
018  00  052  3  1 00510 0
018  00  053  3  1 00500 0
018  00  054  3  1 00562 0
018  00  055  0  0 00680 0
018  00  056  3  1 00672 0
018  00  057  0  0 00749 0
018  00  058  5  1 00580 0
018  00  059  2  0 00901 0
018  01  000  4  1 00727 0
018  01  001  0  0 00530 0
018  01  002  2  0 00716 0
018  01  003  2  0 00630 0
018  01  004  0  0 00504 0
018  01  005  0  0 00414 0
018  01  006  4  1 00647 0
018  01  007  1  0 00465 0
018  01  008  5  1 00430 0
018  01  009  4  1 00437 0
018  01  010  3  1 00408 0
018  01  011  4  1 00514 0
018  01  012  3  1 00597 0
018  01  013  1  0 00439 0
018  01  014  2  0 00526 0
018  01  015  4  1 00501 0
018  01  016  5  1 00413 0
018  01  017  5  1 00436 0
018  01  018  0  0 00534 0
018  01  019  3  1 00595 0
018  01  020  1  0 00675 0
018  01  021  3  1 00515 0
018  01  022  3  1 00407 0
018  01  023  2  0 00575 0
018  01  024  3  1 00461 0
018  01  025  1  0 00601 0
018  01  026  5  1 00519 0
018  01  027  3  1 00663 0
018  01  028  5  1 00471 0
018  01  029  4  1 00527 0
018  01  030  2  0 00558 0
018  01  031  0  0 00495 0
018  01  032  5  1 00492 0
018  01  033  3  1 00464 0
018  01  034  4  1 00416 0
018  01  035  5  1 00426 0
018  01  036  1  0 00498 0
018  01  037  3  1 00525 0
018  01  038  0  0 00464 0
018  01  039  3  1 00518 0
018  01  040  0  0 00410 0
018  01  041  4  1 00511 0
018  01  042  3  1 00472 0
018  01  043  2  0 00590 0
018  01  044  1  0 00462 0
018  01  045  3  1 00566 0
018  01  046  1  0 00477 0
018  01  047  2  0 00727 0
018  01  048  4  1 00870 0
018  01  049  2  0 00723 0
018  01  050  4  1 00472 0
018  01  051  3  1 00441 0
018  01  052  4  1 00403 0
018  01  053  4  1 00406 0
018  01  054  1  0 00507 0
018  01  055  1  0 00489 0
018  01  056  3  1 00461 0
018  01  057  2  0 00472 0
018  01  058  2  0 00433 0
018  01  059  0  0 00500 0
018  02  000  3  1 00576 0
018  02  001  5  1 00519 0
018  02  002  0  0 00434 0
018  02  003  1  0 00513 0
018  02  004  1  0 00406 0
018  02  005  4  1 00497 0
018  02  006  0  0 00418 0
018  02  007  4  1 00432 0
018  02  008  0  0 00415 0
018  02  009  4  1 00425 0
018  02  010  2  0 00638 0
018  02  011  1  0 00564 0
018  02  012  0  0 00497 0
018  02  013  4  1 00481 0
018  02  014  0  0 00455 0
018  02  015  1  0 00464 0
018  02  016  5  1 00513 0
018  02  017  3  1 00778 0
018  02  018  5  1 00566 0
018  02  019  5  1 00519 0
018  02  020  4  1 00551 0
018  02  021  3  1 00808 0
018  02  022  5  1 01070 0
018  02  023  1  0 01097 0
018  02  024  3  1 00710 0
018  02  025  4  1 00497 0
018  02  026  0  0 00544 0
018  02  027  2  1 00481 1
018  02  028  4  1 00474 0
018  02  029  3  1 01600 0
018  02  030  1  0 00508 0
018  02  031  2  0 00755 0
018  02  032  0  0 00481 0
018  02  033  2  0 00582 0
018  02  034  3  1 00532 0
018  02  035  5  1 00467 0
018  02  036  3  1 00562 0
018  02  037  5  1 00519 0
018  02  038  5  1 00405 0
018  02  039  1  0 00575 0
018  02  040  0  0 00512 0
018  02  041  4  1 00580 0
018  02  042  3  1 00519 0
018  02  043  3  1 00487 0
018  02  044  5  1 00479 0
018  02  045  2  0 00702 0
018  02  046  1  0 00454 0
018  02  047  0  0 00459 0
018  02  048  5  1 00516 0
018  02  049  3  1 00431 0
018  02  050  1  0 00462 0
018  02  051  1  0 00396 0
018  02  052  3  1 00571 0
018  02  053  5  1 00504 0
018  02  054  3  1 00750 0
018  02  055  2  0 00838 0
018  02  056  2  0 00460 0
018  02  057  1  0 00551 0
018  02  058  4  1 00500 0
018  02  059  1  0 00480 0
018  03  000  0  0 00789 0
018  03  001  3  1 00484 0
018  03  002  5  1 00485 0
018  03  003  2  0 00483 0
018  03  004  1  0 00474 0
018  03  005  0  0 00496 0
018  03  006  0  0 00464 0
018  03  007  5  1 00381 0
018  03  008  3  1 00331 0
018  03  009  3  1 00508 0
018  03  010  4  1 00579 0
018  03  011  2  0 00481 0
018  03  012  4  1 00465 0
018  03  013  2  0 00658 0
018  03  014  5  1 00597 0
018  03  015  5  1 00528 0
018  03  016  0  0 00572 0
018  03  017  5  1 00492 0
018  03  018  3  1 00534 0
018  03  019  1  0 00581 0
018  03  020  4  1 00556 0
018  03  021  2  0 00447 0
018  03  022  5  1 00397 0
018  03  023  2  0 00492 0
018  03  024  4  1 00525 0
018  03  025  1  0 00570 0
018  03  026  5  1 00540 0
018  03  027  1  0 00461 0
018  03  028  1  0 00491 0
018  03  029  3  1 00536 0
018  03  030  1  0 00541 0
018  03  031  3  1 00524 0
018  03  032  4  1 00541 0
018  03  033  5  1 00552 0
018  03  034  5  1 00553 0
018  03  035  0  0 00618 0
018  03  036  2  0 00627 0
018  03  037  5  1 00548 0
018  03  038  5  1 00446 0
018  03  039  2  0 00597 0
018  03  040  4  1 00483 0
018  03  041  4  1 00483 0
018  03  042  2  0 00588 0
018  03  043  5  1 00514 0
018  03  044  0  0 00488 0
018  03  045  0  0 00545 0
018  03  046  5  1 00451 0
018  03  047  2  0 00638 0
018  03  048  2  0 01043 0
018  03  049  1  0 00587 0
018  03  050  4  1 00557 0
018  03  051  5  1 00413 0
018  03  052  0  0 00580 0
018  03  053  2  0 00884 0
018  03  054  2  0 00505 0
018  03  055  0  0 00507 0
018  03  056  2  0 00431 0
018  03  057  3  1 00515 0
018  03  058  2  0 00656 0
018  03  059  2  0 00508 0
018  04  000  4  1 01004 0
018  04  001  0  0 00524 0
018  04  002  5  1 00391 0
018  04  003  5  1 00458 0
018  04  004  3  1 00482 0
018  04  005  2  0 00585 0
018  04  006  3  1 00531 0
018  04  007  0  0 00535 0
018  04  008  1  0 00661 0
018  04  009  5  1 00534 0
018  04  010  4  1 00431 0
018  04  011  2  0 00568 0
018  04  012  3  1 00519 0
018  04  013  5  1 00552 0
018  04  014  4  1 00527 0
018  04  015  3  1 00407 0
018  04  016  1  0 00521 0
018  04  017  3  1 00526 0
018  04  018  5  1 00576 0
018  04  019  5  1 00476 0
018  04  020  4  1 00504 0
018  04  021  1  0 00575 0
018  04  022  0  0 00473 0
018  04  023  4  1 00514 0
018  04  024  0  0 00517 0
018  04  025  5  1 00488 0
018  04  026  4  0 00370 1
018  04  027  2  0 00983 0
018  04  028  5  1 00556 0
018  04  029  1  0 00676 0
018  04  030  0  0 00532 0
018  04  031  3  1 00620 0
018  04  032  1  0 00567 0
018  04  033  2  0 00710 0
018  04  034  2  0 00585 0
018  04  035  5  1 00586 0
018  04  036  2  0 00731 0
018  04  037  3  1 00621 0
018  04  038  5  1 00551 0
018  04  039  5  1 00498 0
018  04  040  1  0 00535 0
018  04  041  4  1 00566 0
018  04  042  4  1 00600 0
018  04  043  4  1 00515 0
018  04  044  5  1 00671 0
018  04  045  4  1 01130 0
018  04  046  1  0 00554 0
018  04  047  2  0 00478 0
018  04  048  0  0 00511 0
018  04  049  5  1 00559 0
018  04  050  4  1 00437 0
018  04  051  0  0 00548 0
018  04  052  2  0 00635 0
018  04  053  0  0 00565 0
018  04  054  0  0 00443 0
018  04  055  3  1 00847 0
018  04  056  4  1 00589 0
018  04  057  2  0 00668 0
018  04  058  2  0 00442 0
018  04  059  5  1 00597 0
018  05  000  4  1 00635 0
018  05  001  0  0 00586 0
018  05  002  4  1 01126 0
018  05  003  3  1 00750 0
018  05  004  0  0 00589 0
018  05  005  5  1 00604 0
018  05  006  3  1 00585 0
018  05  007  4  1 00532 0
018  05  008  5  1 00612 0
018  05  009  2  0 00757 0
018  05  010  3  1 00609 0
018  05  011  0  0 00546 0
018  05  012  0  0 00502 0
018  05  013  1  0 00587 0
018  05  014  1  0 00451 0
018  05  015  1  0 00455 0
018  05  016  0  0 00439 0
018  05  017  1  0 00426 0
018  05  018  1  0 00437 0
018  05  019  3  1 00600 0
018  05  020  2  0 00599 0
018  05  021  0  0 00588 0
018  05  022  0  0 00449 0
018  05  023  1  0 00528 0
018  05  024  3  0 00473 1
018  05  025  2  0 01808 0
018  05  026  1  0 00545 0
018  05  027  0  0 00558 0
018  05  028  4  1 00650 0
018  05  029  0  0 00546 0
018  05  030  5  1 00559 0
018  05  031  0  0 00425 0
018  05  032  0  0 00478 0
018  05  033  4  1 00603 0
018  05  034  1  0 00541 0
018  05  035  1  0 00473 0
018  05  036  1  0 00471 0
018  05  037  4  1 00441 0
018  05  038  4  1 00552 0
018  05  039  1  0 00528 0
018  05  040  2  0 00649 0
018  05  041  0  0 00492 0
018  05  042  5  1 00576 0
018  05  043  0  0 00393 0
018  05  044  3  1 00521 0
018  05  045  1  0 00550 0
018  05  046  0  0 00590 0
018  05  047  5  1 00664 0
018  05  048  1  0 00603 0
018  05  049  4  1 00686 0
018  05  050  5  1 00497 0
018  05  051  1  0 00570 0
018  05  052  1  0 00549 0
018  05  053  2  0 00692 0
018  05  054  2  0 00553 0
018  05  055  1  0 00562 0
018  05  056  1  0 00531 0
018  05  057  5  1 00548 0
018  05  058  0  0 00511 0
018  05  059  0  0 00616 0
