016  00  000  5  1 01101 0
016  00  001  3  1 00746 0
016  00  002  4  1 00515 0
016  00  003  2  0 00527 0
016  00  004  5  1 00503 0
016  00  005  2  0 00516 0
016  00  006  0  0 00575 0
016  00  007  2  0 00494 0
016  00  008  2  0 00514 0
016  00  009  5  1 00509 0
016  00  010  0  0 00428 0
016  00  011  0  0 00444 0
016  00  012  1  0 00433 0
016  00  013  2  0 00431 0
016  00  014  1  0 00484 0
016  00  015  0  0 00450 0
016  00  016  3  0 00380 1
016  00  017  1  0 00517 0
016  00  018  4  1 00616 0
016  00  019  4  1 00484 0
016  00  020  4  1 00500 0
016  00  021  4  1 00473 0
016  00  022  2  0 00461 0
016  00  023  3  1 00604 0
016  00  024  2  0 00469 0
016  00  025  3  1 00487 0
016  00  026  3  1 00485 0
016  00  027  0  0 00445 0
016  00  028  3  0 00448 1
016  00  029  1  0 00495 0
016  00  030  2  0 00545 0
016  00  031  1  0 00497 0
016  00  032  4  1 00500 0
016  00  033  3  1 00470 0
016  00  034  1  0 00508 0
016  00  035  4  1 00438 0
016  00  036  2  0 00512 0
016  00  037  4  1 00467 0
016  00  038  3  1 00743 0
016  00  039  4  1 00480 0
016  00  040  5  1 00540 0
016  00  041  4  1 00445 0
016  00  042  0  0 00564 0
016  00  043  2  0 00496 0
016  00  044  0  0 00502 0
016  00  045  3  1 00722 0
016  00  046  4  1 00507 0
016  00  047  1  0 00574 0
016  00  048  3  1 00550 0
016  00  049  1  0 00607 0
016  00  050  5  1 00528 0
016  00  051  1  0 00560 0
016  00  052  0  0 00583 0
016  00  053  3  1 00521 0
016  00  054  4  1 00541 0
016  00  055  5  1 00484 0
016  00  056  4  1 00480 0
016  00  057  5  1 00553 0
016  00  058  2  0 00730 0
016  00  059  1  0 00555 0
016  01  000  4  1 00727 0
016  01  001  2  0 00451 0
016  01  002  4  1 00477 0
016  01  003  5  1 00512 0
016  01  004  5  1 00464 0
016  01  005  2  0 00452 0
016  01  006  0  0 00484 0
016  01  007  4  1 00460 0
016  01  008  0  0 00473 0
016  01  009  3  1 00525 0
016  01  010  3  1 00456 0
016  01  011  5  1 00464 0
016  01  012  5  1 00459 0
016  01  013  1  0 00480 0
016  01  014  3  1 00588 0
016  01  015  3  1 00460 0
016  01  016  1  0 00476 0
016  01  017  3  1 00483 0
016  01  018  1  0 00446 0
016  01  019  4  1 00577 0
016  01  020  2  0 00469 0
016  01  021  5  1 00477 0
016  01  022  0  0 00493 0
016  01  023  5  1 00439 0
016  01  024  1  0 00477 0
016  01  025  3  1 00479 0
016  01  026  0  0 00497 0
016  01  027  0  0 00496 0
016  01  028  5  1 00470 0
016  01  029  4  1 00521 0
016  01  030  2  0 00470 0
016  01  031  0  0 00495 0
016  01  032  2  0 00596 0
016  01  033  2  0 00528 0
016  01  034  4  1 00494 0
016  01  035  1  0 00456 0
016  01  036  3  1 00449 0
016  01  037  4  1 00755 0
016  01  038  1  0 00489 0
016  01  039  1  0 00460 0
016  01  040  5  1 00662 0
016  01  041  1  0 00528 0
016  01  042  4  1 00539 0
016  01  043  1  0 00455 0
016  01  044  5  1 00519 0
016  01  045  4  0 00430 1
016  01  046  0  0 00495 0
016  01  047  5  1 00583 0
016  01  048  5  1 00548 0
016  01  049  1  0 00505 0
016  01  050  3  1 00508 0
016  01  051  1  0 00487 0
016  01  052  5  1 00450 0
016  01  053  1  0 00466 0
016  01  054  2  0 00822 0
016  01  055  2  0 00473 0
016  01  056  3  1 00513 0
016  01  057  4  1 00776 0
016  01  058  2  0 00507 0
016  01  059  1  0 00542 0
016  02  000  3  1 00861 0
016  02  001  2  0 00519 0
016  02  002  0  0 00524 0
016  02  003  3  1 00462 0
016  02  004  3  1 00515 0
016  02  005  1  0 00507 0
016  02  006  2  0 00596 0
016  02  007  0  0 00509 0
016  02  008  0  0 00414 0
016  02  009  3  1 00476 0
016  02  010  1  0 00435 0
016  02  011  5  1 00519 0
016  02  012  0  0 00384 0
016  02  013  1  0 00568 0
016  02  014  2  0 00505 0
016  02  015  1  0 00403 0
016  02  016  1  0 00517 0
016  02  017  3  1 00565 0
016  02  018  3  1 00500 0
016  02  019  5  1 00449 0
016  02  020  3  0 00528 1
016  02  021  2  0 00475 0
016  02  022  2  0 00408 0
016  02  023  0  0 00629 0
016  02  024  0  0 00472 0
016  02  025  2  0 00567 0
016  02  026  1  0 00533 0
016  02  027  4  1 00525 0
016  02  028  2  0 00484 0
016  02  029  1  0 00473 0
016  02  030  0  0 00626 0
016  02  031  5  1 00510 0
016  02  032  5  1 00500 0
016  02  033  5  1 00469 0
016  02  034  0  0 00529 0
016  02  035  1  0 00576 0
016  02  036  1  0 00578 0
016  02  037  4  1 00485 0
016  02  038  4  1 00475 0
016  02  039  4  1 00470 0
016  02  040  5  1 00568 0
016  02  041  3  1 01216 0
016  02  042  3  1 00445 0
016  02  043  4  1 00498 0
016  02  044  3  1 00520 0
016  02  045  3  1 00507 0
016  02  046  3  1 00447 0
016  02  047  5  1 00588 0
016  02  048  3  1 00611 0
016  02  049  0  0 00590 0
016  02  050  5  1 00521 0
016  02  051  1  0 00548 0
016  02  052  2  0 00585 0
016  02  053  1  0 00533 0
016  02  054  4  1 00551 0
016  02  055  5  1 00540 0
016  02  056  0  0 00566 0
016  02  057  5  1 00532 0
016  02  058  5  1 00453 0
016  02  059  1  0 00524 0
016  03  000  4  1 00572 0
016  03  001  4  1 00545 0
016  03  002  5  1 00472 0
016  03  003  2  0 00549 0
016  03  004  4  1 00520 0
016  03  005  2  0 00479 0
016  03  006  5  1 00468 0
016  03  007  4  1 00566 0
016  03  008  1  0 00515 0
016  03  009  2  0 00511 0
016  03  010  0  0 00488 0
016  03  011  0  0 00401 0
016  03  012  5  1 00518 0
016  03  013  5  1 00584 0
016  03  014  1  0 00537 0
016  03  015  2  0 00534 0
016  03  016  0  0 00476 0
016  03  017  5  0 00468 1
016  03  018  2  0 00588 0
016  03  019  1  0 00484 0
016  03  020  0  0 00600 0
016  03  021  4  1 00522 0
016  03  022  4  1 00485 0
016  03  023  3  1 00574 0
016  03  024  1  0 00486 0
016  03  025  3  1 00597 0
016  03  026  0  0 00447 0
016  03  027  4  1 00503 0
016  03  028  3  1 00718 0
016  03  029  5  1 00542 0
016  03  030  0  0 00918 0
016  03  031  5  1 00557 0
016  03  032  0  0 00488 0
016  03  033  4  1 00462 0
016  03  034  2  0 00541 0
016  03  035  4  1 00415 0
016  03  036  1  0 00465 0
016  03  037  1  0 00524 0
016  03  038  2  1 00494 1
016  03  039  1  0 00624 0
016  03  040  4  1 00476 0
016  03  041  4  1 00527 0
016  03  042  2  0 00529 0
016  03  043  0  0 00544 0
016  03  044  3  1 00584 0
016  03  045  4  1 00515 0
016  03  046  0  0 00492 0
016  03  047  1  0 00561 0
016  03  048  3  1 00475 0
016  03  049  4  1 00480 0
016  03  050  3  1 00488 0
016  03  051  0  0 00463 0
016  03  052  0  0 00492 0
016  03  053  2  0 00608 0
016  03  054  5  1 00521 0
016  03  055  3  1 00534 0
016  03  056  5  1 00502 0
016  03  057  1  0 00518 0
016  03  058  5  1 00533 0
016  03  059  2  0 00478 0
016  04  000  1  0 00634 0
016  04  001  0  0 00388 0
016  04  002  3  1 00533 0
016  04  003  5  1 00492 0
016  04  004  2  0 00480 0
016  04  005  3  1 00541 0
016  04  006  3  1 00535 0
016  04  007  2  0 00523 0
016  04  008  2  0 00478 0
016  04  009  4  1 00575 0
016  04  010  3  1 00485 0
016  04  011  2  0 00502 0
016  04  012  0  0 00634 0
016  04  013  3  1 00534 0
016  04  014  1  0 00521 0
016  04  015  1  0 00587 0
016  04  016  2  0 00501 0
016  04  017  0  0 00505 0
016  04  018  4  1 00550 0
016  04  019  0  0 00468 0
016  04  020  4  1 00559 0
016  04  021  2  0 00534 0
016  04  022  1  0 00535 0
016  04  023  3  1 00546 0
016  04  024  5  1 00588 0
016  04  025  0  0 00568 0
016  04  026  4  1 00533 0
016  04  027  0  0 00432 0
016  04  028  5  1 00499 0
016  04  029  5  1 00490 0
016  04  030  5  1 00554 0
016  04  031  0  0 00514 0
016  04  032  4  1 00608 0
016  04  033  3  0 00452 1
016  04  034  2  0 00617 0
016  04  035  5  1 00569 0
016  04  036  3  1 00794 0
016  04  037  2  0 00559 0
016  04  038  3  1 00488 0
016  04  039  1  0 00434 0
016  04  040  1  0 00419 0
016  04  041  0  0 00506 0
016  04  042  2  0 00472 0
016  04  043  0  0 00499 0
016  04  044  5  1 00488 0
016  04  045  1  0 00503 0
016  04  046  2  0 00626 0
016  04  047  3  1 00445 0
016  04  048  5  1 00505 0
016  04  049  0  0 00475 0
016  04  050  0  0 00492 0
016  04  051  0  0 00438 0
016  04  052  5  1 00530 0
016  04  053  0  0 00600 0
016  04  054  3  1 00434 0
016  04  055  5  1 00894 0
016  04  056  2  0 00496 0
016  04  057  5  1 00542 0
016  04  058  1  0 00481 0
016  04  059  4  1 00524 0
016  05  000  1  8 -0476 1
016  05  001  2  8 -0892 1
016  05  002  3  1 01169 0
016  05  003  4  1 00778 0
016  05  004  0  0 00467 0
016  05  005  4  1 00442 0
016  05  006  0  0 00471 0
016  05  007  2  1 00822 1
016  05  008  3  1 00548 0
016  05  009  4  1 00751 0
016  05  010  3  1 00818 0
016  05  011  4  1 00515 0
016  05  012  5  1 00519 0
016  05  013  5  1 00428 0
016  05  014  2  0 00445 0
016  05  015  5  1 00509 0
016  05  016  3  0 00420 1
016  05  017  0  0 00562 0
016  05  018  0  0 00518 0
016  05  019  4  1 00498 0
016  05  020  1  0 00610 0
016  05  021  2  0 00467 0
016  05  022  4  1 00487 0
016  05  023  5  1 00533 0
016  05  024  2  0 00404 0
016  05  025  4  1 00497 0
016  05  026  1  0 00450 0
016  05  027  2  0 00558 0
016  05  028  0  0 00480 0
016  05  029  3  1 00589 0
016  05  030  2  0 00497 0
016  05  031  0  0 00457 0
016  05  032  4  1 00465 0
016  05  033  5  1 00635 0
016  05  034  2  0 00430 0
016  05  035  4  1 00413 0
016  05  036  0  0 00476 0
016  05  037  5  1 00464 0
016  05  038  2  0 00359 0
016  05  039  3  1 00520 0
016  05  040  1  0 00486 0
016  05  041  1  0 00459 0
016  05  042  5  1 00592 0
016  05  043  0  0 00467 0
016  05  044  3  1 00429 0
016  05  045  3  1 00575 0
016  05  046  0  0 00511 0
016  05  047  0  0 00545 0
016  05  048  4  1 00439 0
016  05  049  1  0 00451 0
016  05  050  4  1 00514 0
016  05  051  1  0 00420 0
016  05  052  1  0 00455 0
016  05  053  2  0 00667 0
016  05  054  3  1 00528 0
016  05  055  5  1 00463 0
016  05  056  5  1 00423 0
016  05  057  0  0 00489 0
016  05  058  4  1 00434 0
016  05  059  2  0 00392 0
