011  00  000  4  1 03037 0
011  00  001  2  0 01601 0
011  00  002  4  1 01524 0
011  00  003  3  1 01513 0
011  00  004  2  0 00808 0
011  00  005  0  0 00838 0
011  00  006  3  1 00897 0
011  00  007  3  1 00725 0
011  00  008  4  1 00694 0
011  00  009  5  1 00885 0
011  00  010  4  1 00866 0
011  00  011  0  0 00603 0
011  00  012  5  1 00601 0
011  00  013  5  1 00695 0
011  00  014  0  0 00761 0
011  00  015  1  0 00590 0
011  00  016  4  1 00549 0
011  00  017  3  1 01073 0
011  00  018  1  0 00735 0
011  00  019  3  1 01039 0
011  00  020  1  0 00544 0
011  00  021  2  0 00960 0
011  00  022  3  1 00414 0
011  00  023  3  1 00577 0
011  00  024  2  0 00545 0
011  00  025  4  1 00591 0
011  00  026  2  0 00677 0
011  00  027  3  1 00688 0
011  00  028  0  0 00817 0
011  00  029  0  0 00685 0
011  00  030  2  0 00472 0
011  00  031  5  1 00551 0
011  00  032  1  0 00625 0
011  00  033  5  1 00606 0
011  00  034  1  0 00639 0
011  00  035  3  1 00820 0
011  00  036  3  1 00491 0
011  00  037  0  0 00569 0
011  00  038  3  1 00709 0
011  00  039  0  0 00766 0
011  00  040  1  0 00982 0
011  00  041  2  0 00779 0
011  00  042  1  0 00770 0
011  00  043  2  0 00492 0
011  00  044  4  1 00480 0
011  00  045  2  0 00568 0
011  00  046  0  0 00626 0
011  00  047  2  0 00590 0
011  00  048  5  1 00623 0
011  00  049  3  1 00667 0
011  00  050  5  1 00487 0
011  00  051  0  0 00611 0
011  00  052  2  0 00654 0
011  00  053  3  1 00655 0
011  00  054  2  0 00909 0
011  00  055  2  0 00541 0
011  00  056  5  1 00535 0
011  00  057  3  1 00439 0
011  00  058  0  0 00506 0
011  00  059  5  1 00677 0
011  01  000  4  1 01286 0
011  01  001  3  1 00728 0
011  01  002  0  0 00680 0
011  01  003  1  0 00403 0
011  01  004  2  0 00549 0
011  01  005  4  1 00652 0
011  01  006  2  1 00490 1
011  01  007  0  0 01558 0
011  01  008  1  0 00541 0
011  01  009  0  0 00569 0
011  01  010  0  0 00476 0
011  01  011  2  0 00581 0
011  01  012  1  0 00675 0
011  01  013  3  1 00866 0
011  01  014  2  0 00620 0
011  01  015  0  0 00798 0
011  01  016  4  1 00638 0
011  01  017  2  0 00754 0
011  01  018  3  1 00978 0
011  01  019  0  0 00703 0
011  01  020  4  1 00726 0
011  01  021  5  1 00786 0
011  01  022  3  1 00769 0
011  01  023  5  1 00545 0
011  01  024  0  0 00476 0
011  01  025  5  1 00492 0
011  01  026  2  0 00689 0
011  01  027  3  1 00890 0
011  01  028  0  0 00746 0
011  01  029  2  0 00430 0
011  01  030  3  1 00712 0
011  01  031  1  0 01158 0
011  01  032  3  1 00644 0
011  01  033  5  1 00698 0
011  01  034  4  1 00828 0
011  01  035  4  1 00544 0
011  01  036  4  1 00537 0
011  01  037  1  0 00602 0
011  01  038  0  0 00646 0
011  01  039  5  1 00600 0
011  01  040  4  1 01147 0
011  01  041  5  1 00659 0
011  01  042  3  1 00642 0
011  01  043  5  1 00515 0
011  01  044  1  0 00684 0
011  01  045  0  0 00850 0
011  01  046  3  1 00657 0
011  01  047  4  1 00882 0
011  01  048  1  0 00646 0
011  01  049  2  0 00978 0
011  01  050  5  1 01019 0
011  01  051  1  0 00549 0
011  01  052  0  0 00588 0
011  01  053  2  0 00649 0
011  01  054  3  1 00828 0
011  01  055  2  0 01037 0
011  01  056  4  1 00904 0
011  01  057  3  1 00570 0
011  01  058  2  0 00618 0
011  01  059  3  1 00833 0
011  02  000  5  1 00788 0
011  02  001  2  0 00852 0
011  02  002  1  0 00705 0
011  02  003  3  1 01177 0
011  02  004  1  0 00585 0
011  02  005  2  0 00797 0
011  02  006  3  1 00718 0
011  02  007  4  1 00697 0
011  02  008  1  0 00988 0
011  02  009  3  1 00859 0
011  02  010  1  0 00468 0
011  02  011  5  1 00700 0
011  02  012  4  1 00405 0
011  02  013  2  0 00525 0
011  02  014  5  1 00634 0
011  02  015  2  0 00508 0
011  02  016  1  0 00743 0
011  02  017  3  1 00499 0
011  02  018  1  0 00587 0
011  02  019  0  0 00557 0
011  02  020  3  1 00589 0
011  02  021  1  0 00550 0
011  02  022  3  1 00842 0
011  02  023  0  0 00846 0
011  02  024  1  0 00806 0
011  02  025  4  1 00557 0
011  02  026  5  1 01406 0
011  02  027  2  0 00479 0
011  02  028  4  1 00711 0
011  02  029  0  0 00545 0
011  02  030  4  1 00745 0
011  02  031  5  1 00716 0
011  02  032  0  0 00723 0
011  02  033  4  1 00557 0
011  02  034  5  1 00722 0
011  02  035  1  0 00871 0
011  02  036  5  1 00573 0
011  02  037  3  1 01010 0
011  02  038  1  0 00874 0
011  02  039  2  0 00630 0
011  02  040  0  0 00476 0
011  02  041  0  0 00545 0
011  02  042  5  1 00493 0
011  02  043  4  1 00438 0
011  02  044  3  1 00452 0
011  02  045  3  1 00511 0
011  02  046  4  1 00413 0
011  02  047  5  1 00468 0
011  02  048  2  0 00484 0
011  02  049  1  0 00447 0
011  02  050  0  0 00570 0
011  02  051  4  1 00522 0
011  02  052  4  1 00524 0
011  02  053  1  0 00670 0
011  02  054  4  1 00627 0
011  02  055  2  0 00572 0
011  02  056  0  0 00649 0
011  02  057  0  0 00785 0
011  02  058  3  1 00528 0
011  02  059  2  0 00889 0
011  03  000  0  0 00769 0
011  03  001  1  0 00580 0
011  03  002  0  0 00630 0
011  03  003  5  1 00630 0
011  03  004  5  1 00449 0
011  03  005  4  1 00913 0
011  03  006  5  1 00634 0
011  03  007  3  1 00508 0
011  03  008  4  1 00490 0
011  03  009  5  1 00462 0
011  03  010  4  1 00468 0
011  03  011  4  1 00475 0
011  03  012  5  1 00491 0
011  03  013  2  0 00536 0
011  03  014  5  1 00646 0
011  03  015  5  1 00468 0
011  03  016  4  1 00439 0
011  03  017  0  1 00390 1
011  03  018  0  0 00873 0
011  03  019  4  1 00873 0
011  03  020  2  0 01114 0
011  03  021  0  0 00735 0
011  03  022  1  0 00555 0
011  03  023  3  1 00532 0
011  03  024  1  0 00902 0
011  03  025  0  0 00653 0
011  03  026  3  1 00619 0
011  03  027  1  0 00457 0
011  03  028  1  0 00563 0
011  03  029  4  1 00639 0
011  03  030  2  0 00694 0
011  03  031  4  1 00664 0
011  03  032  4  1 00945 0
011  03  033  2  0 00708 0
011  03  034  2  0 00714 0
011  03  035  4  1 00568 0
011  03  036  5  1 00743 0
011  03  037  0  0 00931 0
011  03  038  0  0 00520 0
011  03  039  3  1 00826 0
011  03  040  2  0 00713 0
011  03  041  2  0 00611 0
011  03  042  3  1 00799 0
011  03  043  1  0 00676 0
011  03  044  1  0 00545 0
011  03  045  5  1 00810 0
011  03  046  0  0 00822 0
011  03  047  1  0 00486 0
011  03  048  5  1 00664 0
011  03  049  2  0 00810 0
011  03  050  1  0 01183 0
011  03  051  5  1 00688 0
011  03  052  0  0 00663 0
011  03  053  0  0 00998 0
011  03  054  4  1 00626 0
011  03  055  0  0 00688 0
011  03  056  3  1 00871 0
011  03  057  1  0 00671 0
011  03  058  3  1 00513 0
011  03  059  2  0 00809 0
011  04  000  5  1 01703 0
011  04  001  3  1 00589 0
011  04  002  5  1 00533 0
011  04  003  5  1 00606 0
011  04  004  3  1 00595 0
011  04  005  4  1 00465 0
011  04  006  0  0 00625 0
011  04  007  1  0 00453 0
011  04  008  0  0 00467 0
011  04  009  3  1 01023 0
011  04  010  4  1 00807 0
011  04  011  4  1 00612 0
011  04  012  0  1 00601 1
011  04  013  3  1 01057 0
011  04  014  4  1 00788 0
011  04  015  0  0 00536 0
011  04  016  5  1 00771 0
011  04  017  2  0 01357 0
011  04  018  4  1 00571 0
011  04  019  5  1 00827 0
011  04  020  5  1 00515 0
011  04  021  0  0 00704 0
011  04  022  1  0 01194 0
011  04  023  1  0 00711 0
011  04  024  2  0 00617 0
011  04  025  3  1 00497 0
011  04  026  2  0 01206 0
011  04  027  3  1 00923 0
011  04  028  0  0 00817 0
011  04  029  2  0 01431 0
011  04  030  0  0 00559 0
011  04  031  2  0 00651 0
011  04  032  3  1 00571 0
011  04  033  1  0 00487 0
011  04  034  3  1 00711 0
011  04  035  1  0 00554 0
011  04  036  1  0 00558 0
011  04  037  5  1 00733 0
011  04  038  2  0 00560 0
011  04  039  5  1 00797 0
011  04  040  4  1 00555 0
011  04  041  5  1 00622 0
011  04  042  2  0 00655 0
011  04  043  4  1 00728 0
011  04  044  5  1 00509 0
011  04  045  2  0 00580 0
011  04  046  2  0 00684 0
011  04  047  5  1 00598 0
011  04  048  4  1 00854 0
011  04  049  4  1 00510 0
011  04  050  1  0 00599 0
011  04  051  4  1 00561 0
011  04  052  2  1 00491 1
011  04  053  3  1 01631 0
011  04  054  5  1 01294 0
011  04  055  0  0 00565 0
011  04  056  0  0 00787 0
011  04  057  3  1 00563 0
011  04  058  5  1 00711 0
011  04  059  1  0 00689 0
011  05  000  1  0 00957 0
011  05  001  5  1 00584 0
011  05  002  3  1 01867 0
011  05  003  1  0 00547 0
011  05  004  0  0 00677 0
011  05  005  2  0 00975 0
011  05  006  2  0 00423 0
011  05  007  2  0 00606 0
011  05  008  2  0 00405 0
011  05  009  4  1 01115 0
011  05  010  5  1 00644 0
011  05  011  3  1 00447 0
011  05  012  1  0 00971 0
011  05  013  5  1 01022 0
011  05  014  4  1 01373 0
011  05  015  1  0 00487 0
011  05  016  4  1 00782 0
011  05  017  2  0 00629 0
011  05  018  2  0 00556 0
011  05  019  1  0 00730 0
011  05  020  0  0 00537 0
011  05  021  3  1 00701 0
011  05  022  5  1 00751 0
011  05  023  3  1 00535 0
011  05  024  5  1 00465 0
011  05  025  0  0 00526 0
011  05  026  4  1 00734 0
011  05  027  4  1 00841 0
011  05  028  0  0 00504 0
011  05  029  4  1 00657 0
011  05  030  1  0 00974 0
011  05  031  1  0 00745 0
011  05  032  0  0 00834 0
011  05  033  5  1 00677 0
011  05  034  1  0 00643 0
011  05  035  5  1 00642 0
011  05  036  4  1 00570 0
011  05  037  0  0 00718 0
011  05  038  1  0 01056 0
011  05  039  2  0 00951 0
011  05  040  1  0 00817 0
011  05  041  3  1 01288 0
011  05  042  2  0 00641 0
011  05  043  4  1 00686 0
011  05  044  4  1 00923 0
011  05  045  0  0 00482 0
011  05  046  3  1 00769 0
011  05  047  4  1 00824 0
011  05  048  1  0 00755 0
011  05  049  0  0 01303 0
011  05  050  1  0 01168 0
011  05  051  5  1 00512 0
011  05  052  1  0 00737 0
011  05  053  3  1 01257 0
011  05  054  1  0 01776 0
011  05  055  0  0 00615 0
011  05  056  4  1 00541 0
011  05  057  5  1 00614 0
011  05  058  1  0 00628 0
011  05  059  5  1 00663 0
