013  00  000  5  1 01624 0
013  00  001  5  1 00739 0
013  00  002  4  1 00660 0
013  00  003  5  1 00500 0
013  00  004  4  1 00552 0
013  00  005  5  1 00509 0
013  00  006  1  0 01370 0
013  00  007  3  1 00884 0
013  00  008  4  1 00738 0
013  00  009  1  0 01161 0
013  00  010  4  1 00700 0
013  00  011  2  0 00797 0
013  00  012  5  1 00641 0
013  00  013  3  1 00560 0
013  00  014  4  1 00686 0
013  00  015  2  0 00701 0
013  00  016  5  1 00986 0
013  00  017  4  1 00866 0
013  00  018  3  1 01048 0
013  00  019  5  1 00494 0
013  00  020  0  0 00634 0
013  00  021  4  1 01716 0
013  00  022  0  0 00674 0
013  00  023  3  1 00771 0
013  00  024  3  1 00497 0
013  00  025  1  0 00549 0
013  00  026  0  0 00459 0
013  00  027  4  1 00474 0
013  00  028  4  1 00492 0
013  00  029  4  1 00395 0
013  00  030  2  0 00547 0
013  00  031  0  0 00852 0
013  00  032  3  1 00564 0
013  00  033  0  0 00428 0
013  00  034  4  1 00482 0
013  00  035  4  1 00454 0
013  00  036  3  1 00600 0
013  00  037  5  1 00603 0
013  00  038  1  0 00875 0
013  00  039  1  0 00681 0
013  00  040  0  0 00571 0
013  00  041  3  1 00524 0
013  00  042  5  1 00423 0
013  00  043  3  0 00523 1
013  00  044  0  0 00829 0
013  00  045  1  0 01203 0
013  00  046  3  1 00879 0
013  00  047  3  1 00674 0
013  00  048  0  0 00698 0
013  00  049  1  0 02085 0
013  00  050  3  1 00526 0
013  00  051  4  1 00766 0
013  00  052  2  0 00794 0
013  00  053  3  1 00838 0
013  00  054  5  1 00570 0
013  00  055  1  0 00642 0
013  00  056  1  0 00693 0
013  00  057  2  0 00777 0
013  00  058  0  0 00777 0
013  00  059  5  1 00559 0
013  01  000  4  1 00674 0
013  01  001  5  1 01632 0
013  01  002  2  0 00855 0
013  01  003  1  0 00744 0
013  01  004  4  1 00681 0
013  01  005  5  1 00561 0
013  01  006  1  0 00531 0
013  01  007  1  0 00547 0
013  01  008  0  0 00585 0
013  01  009  0  0 00435 0
013  01  010  3  1 00496 0
013  01  011  4  1 00470 0
013  01  012  5  1 00450 0
013  01  013  5  1 00415 0
013  01  014  0  0 00509 0
013  01  015  1  0 00501 0
013  01  016  4  1 00544 0
013  01  017  3  1 00563 0
013  01  018  1  0 00638 0
013  01  019  5  1 00599 0
013  01  020  1  0 00886 0
013  01  021  5  1 00660 0
013  01  022  5  1 00470 0
013  01  023  2  0 00615 0
013  01  024  2  0 00509 0
013  01  025  5  1 00655 0
013  01  026  4  1 00794 0
013  01  027  0  0 00708 0
013  01  028  4  1 00500 0
013  01  029  2  0 00601 0
013  01  030  2  0 00501 0
013  01  031  0  0 00427 0
013  01  032  2  0 00614 0
013  01  033  5  1 00561 0
013  01  034  5  1 00757 0
013  01  035  1  0 00619 0
013  01  036  4  1 00532 0
013  01  037  1  0 00720 0
013  01  038  4  1 01257 0
013  01  039  2  0 01761 0
013  01  040  2  0 00567 0
013  01  041  1  0 00457 0
013  01  042  3  1 00609 0
013  01  043  4  1 00630 0
013  01  044  4  1 01138 0
013  01  045  4  1 00692 0
013  01  046  2  0 00845 0
013  01  047  1  0 00552 0
013  01  048  3  1 00571 0
013  01  049  5  1 01220 0
013  01  050  5  1 00773 0
013  01  051  0  0 00524 0
013  01  052  2  0 00685 0
013  01  053  3  1 00702 0
013  01  054  3  1 00482 0
013  01  055  0  0 00738 0
013  01  056  0  0 00943 0
013  01  057  5  1 00798 0
013  01  058  5  1 00572 0
013  01  059  1  0 01026 0
013  02  000  0  0 00691 0
013  02  001  5  1 00515 0
013  02  002  3  1 00498 0
013  02  003  5  1 00599 0
013  02  004  5  1 00983 0
013  02  005  3  1 00515 0
013  02  006  2  0 00482 0
013  02  007  3  1 00474 0
013  02  008  1  0 00609 0
013  02  009  0  0 01169 0
013  02  010  3  1 00663 0
013  02  011  1  0 00734 0
013  02  012  1  0 00574 0
013  02  013  1  0 00419 0
013  02  014  3  1 00632 0
013  02  015  0  0 00514 0
013  02  016  3  1 00546 0
013  02  017  4  1 00569 0
013  02  018  3  1 00566 0
013  02  019  2  0 00821 0
013  02  020  2  0 00610 0
013  02  021  4  1 00622 0
013  02  022  4  1 00446 0
013  02  023  0  0 01217 0
013  02  024  0  0 00585 0
013  02  025  0  0 00546 0
013  02  026  2  1 00737 1
013  02  027  4  1 00760 0
013  02  028  0  0 00600 0
013  02  029  2  0 00976 0
013  02  030  1  0 00804 0
013  02  031  1  0 00446 0
013  02  032  0  0 00569 0
013  02  033  5  1 00697 0
013  02  034  1  0 00752 0
013  02  035  5  1 00704 0
013  02  036  4  1 00890 0
013  02  037  0  0 00474 0
013  02  038  5  1 00513 0
013  02  039  4  1 00659 0
013  02  040  0  0 00669 0
013  02  041  3  1 01247 0
013  02  042  4  1 00803 0
013  02  043  0  0 00643 0
013  02  044  1  1 00841 1
013  02  045  1  0 00581 0
013  02  046  4  1 00504 0
013  02  047  4  1 00477 0
013  02  048  2  0 00775 0
013  02  049  3  1 01291 0
013  02  050  4  1 07885 0
013  02  051  3  1 04917 0
013  02  052  2  0 00670 0
013  02  053  4  1 00486 0
013  02  054  3  1 00563 0
013  02  055  3  1 00388 0
013  02  056  3  1 00492 0
013  02  057  5  1 00675 0
013  02  058  1  0 00655 0
013  02  059  2  1 00791 1
013  03  000  0  0 00916 0
013  03  001  1  0 01050 0
013  03  002  1  0 00492 0
013  03  003  1  0 00609 0
013  03  004  3  1 00531 0
013  03  005  1  0 01932 0
013  03  006  5  1 04026 0
013  03  007  1  0 00573 0
013  03  008  3  1 00706 0
013  03  009  5  1 01998 0
013  03  010  5  1 00554 0
013  03  011  4  1 00718 0
013  03  012  3  1 01045 0
013  03  013  3  1 00420 0
013  03  014  2  0 00701 0
013  03  015  1  0 00753 0
013  03  016  4  1 00649 0
013  03  017  0  0 01088 0
013  03  018  5  1 00516 0
013  03  019  5  1 00485 0
013  03  020  1  0 00517 0
013  03  021  4  1 00672 0
013  03  022  2  0 01182 0
013  03  023  0  0 00441 0
013  03  024  2  0 00455 0
013  03  025  5  1 00493 0
013  03  026  2  0 00467 0
013  03  027  0  0 00457 0
013  03  028  4  1 00593 0
013  03  029  3  1 00823 0
013  03  030  1  0 00598 0
013  03  031  3  1 00484 0
013  03  032  5  1 00560 0
013  03  033  3  1 00594 0
013  03  034  4  1 00570 0
013  03  035  2  0 00616 0
013  03  036  4  1 00591 0
013  03  037  0  0 00469 0
013  03  038  0  0 00887 0
013  03  039  3  1 00552 0
013  03  040  3  1 00555 0
013  03  041  1  0 00738 0
013  03  042  0  0 00936 0
013  03  043  2  1 00659 1
013  03  044  4  1 00487 0
013  03  045  4  1 00679 0
013  03  046  2  0 00571 0
013  03  047  5  1 00601 0
013  03  048  3  1 01451 0
013  03  049  2  0 00620 0
013  03  050  1  0 01906 0
013  03  051  2  0 00621 0
013  03  052  0  0 00460 0
013  03  053  2  0 03382 0
013  03  054  3  1 01053 0
013  03  055  5  1 03938 0
013  03  056  4  1 00598 0
013  03  057  5  1 00473 0
013  03  058  2  0 00640 0
013  03  059  0  0 00500 0
013  04  000  2  0 00932 0
013  04  001  2  0 00613 0
013  04  002  1  0 00656 0
013  04  003  0  0 00449 0
013  04  004  1  0 00484 0
013  04  005  5  1 00574 0
013  04  006  2  0 00505 0
013  04  007  2  0 00483 0
013  04  008  2  0 00548 0
013  04  009  0  0 00657 0
013  04  010  1  0 00438 0
013  04  011  5  1 00560 0
013  04  012  3  1 00523 0
013  04  013  0  0 00546 0
013  04  014  2  0 00472 0
013  04  015  0  0 00505 0
013  04  016  5  1 00610 0
013  04  017  0  0 00508 0
013  04  018  2  0 00743 0
013  04  019  4  1 00504 0
013  04  020  2  0 00842 0
013  04  021  5  1 01611 0
013  04  022  2  0 00513 0
013  04  023  3  1 00590 0
013  04  024  3  1 00561 0
013  04  025  0  0 00707 0
013  04  026  1  0 00989 0
013  04  027  0  0 00504 0
013  04  028  0  0 00436 0
013  04  029  3  0 00693 1
013  04  030  2  0 00832 0
013  04  031  5  1 00844 0
013  04  032  1  0 01077 0
013  04  033  3  1 00704 0
013  04  034  2  0 00978 0
013  04  035  1  0 02517 0
013  04  036  2  0 00851 0
013  04  037  1  0 00581 0
013  04  038  3  1 01172 0
013  04  039  0  0 00665 0
013  04  040  5  1 02292 0
013  04  041  2  0 00979 0
013  04  042  5  1 01509 0
013  04  043  5  1 01306 0
013  04  044  1  0 00645 0
013  04  045  3  1 00969 0
013  04  046  4  1 00499 0
013  04  047  1  0 00587 0
013  04  048  5  1 00619 0
013  04  049  1  0 00635 0
013  04  050  2  0 00645 0
013  04  051  1  0 00561 0
013  04  052  0  0 00456 0
013  04  053  3  1 00467 0
013  04  054  3  1 00569 0
013  04  055  4  1 00503 0
013  04  056  0  0 00551 0
013  04  057  5  1 00512 0
013  04  058  0  0 00476 0
013  04  059  4  1 00679 0
013  05  000  0  0 00555 0
013  05  001  2  1 00655 1
013  05  002  5  1 00614 0
013  05  003  5  1 00472 0
013  05  004  3  1 00490 0
013  05  005  1  0 00809 0
013  05  006  2  0 00750 0
013  05  007  5  1 00597 0
013  05  008  0  0 01102 0
013  05  009  2  0 02485 0
013  05  010  0  0 01594 0
013  05  011  4  1 00540 0
013  05  012  1  0 00587 0
013  05  013  1  0 00613 0
013  05  014  5  1 01363 0
013  05  015  2  0 00923 0
013  05  016  0  0 00854 0
013  05  017  0  0 00596 0
013  05  018  2  0 00571 0
013  05  019  3  1 01434 0
013  05  020  1  0 00767 0
013  05  021  3  1 00697 0
013  05  022  3  1 00643 0
013  05  023  0  0 00519 0
013  05  024  4  1 00756 0
013  05  025  4  1 00805 0
013  05  026  4  1 00584 0
013  05  027  2  0 00658 0
013  05  028  2  0 00667 0
013  05  029  4  1 00666 0
013  05  030  0  0 00498 0
013  05  031  4  1 00944 0
013  05  032  2  0 00651 0
013  05  033  5  1 00681 0
013  05  034  4  1 00924 0
013  05  035  4  1 00679 0
013  05  036  4  1 00696 0
013  05  037  1  0 00934 0
013  05  038  0  1 01662 1
013  05  039  1  0 00738 0
013  05  040  5  1 00706 0
013  05  041  2  0 00567 0
013  05  042  3  1 00724 0
013  05  043  2  0 00705 0
013  05  044  4  1 00579 0
013  05  045  3  1 00492 0
013  05  046  0  0 00443 0
013  05  047  5  1 00515 0
013  05  048  3  1 00597 0
013  05  049  4  1 00491 0
013  05  050  2  0 00674 0
013  05  051  3  1 01084 0
013  05  052  1  0 00631 0
013  05  053  2  0 00661 0
013  05  054  1  0 00600 0
013  05  055  5  1 00489 0
013  05  056  0  0 00453 0
013  05  057  1  0 00739 0
013  05  058  4  1 00654 0
013  05  059  0  0 00720 0
