019  00  000  1  0 02701 0
019  00  001  5  1 00648 0
019  00  002  2  0 00653 0
019  00  003  3  1 00651 0
019  00  004  3  1 00928 0
019  00  005  1  0 00703 0
019  00  006  0  0 00642 0
019  00  007  3  1 00747 0
019  00  008  1  0 00617 0
019  00  009  3  1 00900 0
019  00  010  2  0 00601 0
019  00  011  0  0 00721 0
019  00  012  2  0 00930 0
019  00  013  0  0 00596 0
019  00  014  5  1 00680 0
019  00  015  4  1 01012 0
019  00  016  4  1 00683 0
019  00  017  4  1 00567 0
019  00  018  3  1 00801 0
019  00  019  0  0 00657 0
019  00  020  5  1 00647 0
019  00  021  4  1 00580 0
019  00  022  1  0 00698 0
019  00  023  5  1 00734 0
019  00  024  3  1 00665 0
019  00  025  5  1 00663 0
019  00  026  0  0 00626 0
019  00  027  2  0 00594 0
019  00  028  4  1 00721 0
019  00  029  2  0 00814 0
019  00  030  4  1 00713 0
019  00  031  2  0 00589 0
019  00  032  1  0 00510 0
019  00  033  0  0 00577 0
019  00  034  2  0 00606 0
019  00  035  0  0 00555 0
019  00  036  3  1 00645 0
019  00  037  2  0 01010 0
019  00  038  4  1 00699 0
019  00  039  1  0 00753 0
019  00  040  2  0 00803 0
019  00  041  1  0 00586 0
019  00  042  5  1 00607 0
019  00  043  5  1 00602 0
019  00  044  0  0 00720 0
019  00  045  3  1 01846 0
019  00  046  4  1 00866 0
019  00  047  3  1 00878 0
019  00  048  1  0 00594 0
019  00  049  0  0 00569 0
019  00  050  0  0 00587 0
019  00  051  2  0 00877 0
019  00  052  4  1 00665 0
019  00  053  5  1 00699 0
019  00  054  5  1 00735 0
019  00  055  0  0 00603 0
019  00  056  4  1 00777 0
019  00  057  0  0 00603 0
019  00  058  5  1 00543 0
019  00  059  5  1 00614 0
019  01  000  0  0 00967 0
019  01  001  4  1 00562 0
019  01  002  0  0 00580 0
019  01  003  1  0 00849 0
019  01  004  4  1 00472 0
019  01  005  2  0 00638 0
019  01  006  2  0 00498 0
019  01  007  1  0 00527 0
019  01  008  1  0 00534 0
019  01  009  1  0 00433 0
019  01  010  0  0 00694 0
019  01  011  4  1 00855 0
019  01  012  0  0 00498 0
019  01  013  4  1 00772 0
019  01  014  3  1 00607 0
019  01  015  2  0 00620 0
019  01  016  3  1 00579 0
019  01  017  1  0 00534 0
019  01  018  3  1 00740 0
019  01  019  3  1 00545 0
019  01  020  1  0 00607 0
019  01  021  3  1 00547 0
019  01  022  2  0 00824 0
019  01  023  5  1 00608 0
019  01  024  1  0 00468 0
019  01  025  1  0 00525 0
019  01  026  2  0 00569 0
019  01  027  3  1 00679 0
019  01  028  2  0 00524 0
019  01  029  0  0 00621 0
019  01  030  2  0 00841 0
019  01  031  3  1 00681 0
019  01  032  4  1 00815 0
019  01  033  3  1 00671 0
019  01  034  1  0 00526 0
019  01  035  5  1 00614 0
019  01  036  4  1 00618 0
019  01  037  2  0 00749 0
019  01  038  0  0 00572 0
019  01  039  3  1 00564 0
019  01  040  5  1 00628 0
019  01  041  4  1 00687 0
019  01  042  1  0 00552 0
019  01  043  4  1 00677 0
019  01  044  0  0 00624 0
019  01  045  2  0 01059 0
019  01  046  4  1 01201 0
019  01  047  3  1 00634 0
019  01  048  5  1 00631 0
019  01  049  5  1 00645 0
019  01  050  3  1 00759 0
019  01  051  5  1 00585 0
019  01  052  3  1 00650 0
019  01  053  5  1 00523 0
019  01  054  4  1 00627 0
019  01  055  2  0 00587 0
019  01  056  1  0 00705 0
019  01  057  0  0 00553 0
019  01  058  2  0 00634 0
019  01  059  1  0 00684 0
019  02  000  0  0 00773 0
019  02  001  2  0 00814 0
019  02  002  1  0 00490 0
019  02  003  1  0 00413 0
019  02  004  4  1 00519 0
019  02  005  2  0 00633 0
019  02  006  2  0 00503 0
019  02  007  0  0 00616 0
019  02  008  0  0 00513 0
019  02  009  4  1 00841 0
019  02  010  2  0 00537 0
019  02  011  2  0 00553 0
019  02  012  4  1 00670 0
019  02  013  1  0 00730 0
019  02  014  1  0 00453 0
019  02  015  5  1 00643 0
019  02  016  4  1 00802 0
019  02  017  4  1 00504 0
019  02  018  5  1 00544 0
019  02  019  4  1 00577 0
019  02  020  2  0 00452 0
019  02  021  1  0 00635 0
019  02  022  0  0 00488 0
019  02  023  5  1 00491 0
019  02  024  2  0 00927 0
019  02  025  2  0 00512 0
019  02  026  3  1 01029 0
019  02  027  5  1 00603 0
019  02  028  4  1 00687 0
019  02  029  5  1 00688 0
019  02  030  5  1 00589 0
019  02  031  3  1 00771 0
019  02  032  5  1 00542 0
019  02  033  0  0 00640 0
019  02  034  3  1 00726 0
019  02  035  2  0 00701 0
019  02  036  2  0 00648 0
019  02  037  0  0 00681 0
019  02  038  3  1 00633 0
019  02  039  0  0 00539 0
019  02  040  0  0 00456 0
019  02  041  0  0 00475 0
019  02  042  1  0 00613 0
019  02  043  1  0 00462 0
019  02  044  5  1 00588 0
019  02  045  3  1 00672 0
019  02  046  0  0 00553 0
019  02  047  1  0 00715 0
019  02  048  4  1 00635 0
019  02  049  3  1 00946 0
019  02  050  2  0 00657 0
019  02  051  1  0 00674 0
019  02  052  1  0 00538 0
019  02  053  4  1 01309 0
019  02  054  2  0 00534 0
019  02  055  2  0 00489 0
019  02  056  4  1 00555 0
019  02  057  5  1 00699 0
019  02  058  1  0 00538 0
019  02  059  2  0 00707 0
019  03  000  2  0 00821 0
019  03  001  0  0 00597 0
019  03  002  4  1 00752 0
019  03  003  5  1 00558 0
019  03  004  4  1 00656 0
019  03  005  5  1 00618 0
019  03  006  4  1 00469 0
019  03  007  1  0 00598 0
019  03  008  3  1 00636 0
019  03  009  2  0 00560 0
019  03  010  4  1 00695 0
019  03  011  1  0 00569 0
019  03  012  1  0 00516 0
019  03  013  5  1 00648 0
019  03  014  0  0 00636 0
019  03  015  2  0 00570 0
019  03  016  3  1 00668 0
019  03  017  5  1 00677 0
019  03  018  4  1 01133 0
019  03  019  3  1 00597 0
019  03  020  0  0 00553 0
019  03  021  4  1 00534 0
019  03  022  3  1 00594 0
019  03  023  5  1 00461 0
019  03  024  4  1 00634 0
019  03  025  2  0 00702 0
019  03  026  5  1 00668 0
019  03  027  0  0 00532 0
019  03  028  5  1 00708 0
019  03  029  0  0 00583 0
019  03  030  2  0 00693 0
019  03  031  0  0 00540 0
019  03  032  2  0 00646 0
019  03  033  1  0 00723 0
019  03  034  0  0 00501 0
019  03  035  2  0 00542 0
019  03  036  3  1 00621 0
019  03  037  5  1 00599 0
019  03  038  3  1 00565 0
019  03  039  0  0 00539 0
019  03  040  5  1 00528 0
019  03  041  2  0 00679 0
019  03  042  3  1 01135 0
019  03  043  2  0 00591 0
019  03  044  3  1 00620 0
019  03  045  4  1 00777 0
019  03  046  1  0 00604 0
019  03  047  3  1 00670 0
019  03  048  4  1 00643 0
019  03  049  3  1 00684 0
019  03  050  2  0 00639 0
019  03  051  4  1 00591 0
019  03  052  0  0 00576 0
019  03  053  0  0 00522 0
019  03  054  1  0 00537 0
019  03  055  5  1 00571 0
019  03  056  5  1 00545 0
019  03  057  0  0 00553 0
019  03  058  5  1 00607 0
019  03  059  1  0 00619 0
019  04  000  0  0 00639 0
019  04  001  2  0 00509 0
019  04  002  3  1 00585 0
019  04  003  1  0 00534 0
019  04  004  1  0 01035 0
019  04  005  2  0 00663 0
019  04  006  1  0 00472 0
019  04  007  1  0 00510 0
019  04  008  3  1 00560 0
019  04  009  3  1 00551 0
019  04  010  0  0 00479 0
019  04  011  5  1 00572 0
019  04  012  1  0 00529 0
019  04  013  3  1 00498 0
019  04  014  2  0 00548 0
019  04  015  0  0 00483 0
019  04  016  1  0 00487 0
019  04  017  3  1 00563 0
019  04  018  0  0 00509 0
019  04  019  5  1 00514 0
019  04  020  5  1 00501 0
019  04  021  5  1 00462 0
019  04  022  3  1 00535 0
019  04  023  2  0 00642 0
019  04  024  4  1 00584 0
019  04  025  1  0 00506 0
019  04  026  5  1 00555 0
019  04  027  5  1 00456 0
019  04  028  1  0 00575 0
019  04  029  1  0 00540 0
019  04  030  1  0 00449 0
019  04  031  0  0 00460 0
019  04  032  4  1 00570 0
019  04  033  4  1 00553 0
019  04  034  3  1 00572 0
019  04  035  2  0 00609 0
019  04  036  2  0 00468 0
019  04  037  2  0 00461 0
019  04  038  5  1 00625 0
019  04  039  5  1 00692 0
019  04  040  3  1 00809 0
019  04  041  2  0 00593 0
019  04  042  3  1 00578 0
019  04  043  0  0 00490 0
019  04  044  0  0 00431 0
019  04  045  5  1 00540 0
019  04  046  3  1 00710 0
019  04  047  1  0 00585 0
019  04  048  1  0 00470 0
019  04  049  4  1 00564 0
019  04  050  4  1 00456 0
019  04  051  5  1 00547 0
019  04  052  4  1 00465 0
019  04  053  0  0 00450 0
019  04  054  0  0 00578 0
019  04  055  0  0 00570 0
019  04  056  4  1 00498 0
019  04  057  2  0 00843 0
019  04  058  4  1 00666 0
019  04  059  3  1 01094 0
019  05  000  2  0 00847 0
019  05  001  4  1 00848 0
019  05  002  4  1 00661 0
019  05  003  1  0 00551 0
019  05  004  5  1 00548 0
019  05  005  3  1 00655 0
019  05  006  0  0 00744 0
019  05  007  1  0 00567 0
019  05  008  1  0 00451 0
019  05  009  2  0 00821 0
019  05  010  0  0 00418 0
019  05  011  4  1 00534 0
019  05  012  2  0 00460 0
019  05  013  4  1 00632 0
019  05  014  3  1 00583 0
019  05  015  3  1 00451 0
019  05  016  0  0 00759 0
019  05  017  4  1 00458 0
019  05  018  4  1 00504 0
019  05  019  1  0 00492 0
019  05  020  1  0 00397 0
019  05  021  0  0 00450 0
019  05  022  4  1 00677 0
019  05  023  5  1 00595 0
019  05  024  5  1 00454 0
019  05  025  2  0 00528 0
019  05  026  4  1 00535 0
019  05  027  4  1 00498 0
019  05  028  5  1 00483 0
019  05  029  0  0 00497 0
019  05  030  5  1 00572 0
019  05  031  2  0 00528 0
019  05  032  3  1 00581 0
019  05  033  4  1 00564 0
019  05  034  2  0 00591 0
019  05  035  1  0 00503 0
019  05  036  3  1 00482 0
019  05  037  1  0 00521 0
019  05  038  5  1 00547 0
019  05  039  3  1 00663 0
019  05  040  3  1 00527 0
019  05  041  0  0 00542 0
019  05  042  4  1 00677 0
019  05  043  4  1 00516 0
019  05  044  0  0 00514 0
019  05  045  0  0 00502 0
019  05  046  3  1 00553 0
019  05  047  3  1 00472 0
019  05  048  5  1 00493 0
019  05  049  5  1 00552 0
019  05  050  1  0 00534 0
019  05  051  3  1 00489 0
019  05  052  3  1 00448 0
019  05  053  0  0 00487 0
019  05  054  3  1 00465 0
019  05  055  5  1 00468 0
019  05  056  1  0 00480 0
019  05  057  5  1 00492 0
019  05  058  5  1 00434 0
019  05  059  1  0 00463 0
