017  00  000  1  0 102744 0
017  00  001  0  0 00725 0
017  00  002  2  0 00722 0
017  00  003  1  0 00670 0
017  00  004  4  1 00992 0
017  00  005  5  1 00615 0
017  00  006  1  0 00668 0
017  00  007  5  1 00804 0
017  00  008  3  1 00901 0
017  00  009  3  1 00720 0
017  00  010  4  1 00439 0
017  00  011  0  0 00568 0
017  00  012  3  1 00548 0
017  00  013  5  1 00566 0
017  00  014  3  1 00657 0
017  00  015  3  1 00695 0
017  00  016  4  1 00589 0
017  00  017  1  0 00608 0
017  00  018  2  0 00486 0
017  00  019  4  1 00527 0
017  00  020  4  1 00444 0
017  00  021  3  1 00846 0
017  00  022  4  1 00484 0
017  00  023  2  0 00823 0
017  00  024  5  1 00636 0
017  00  025  3  1 00634 0
017  00  026  1  0 00788 0
017  00  027  1  0 00580 0
017  00  028  2  0 00587 0
017  00  029  3  1 00527 0
017  00  030  1  0 00731 0
017  00  031  5  1 00494 0
017  00  032  1  0 00484 0
017  00  033  0  0 00528 0
017  00  034  4  1 00661 0
017  00  035  0  0 00525 0
017  00  036  2  0 00649 0
017  00  037  2  0 00468 0
017  00  038  2  0 00422 0
017  00  039  4  1 00523 0
017  00  040  5  1 00553 0
017  00  041  0  0 00558 0
017  00  042  3  1 00451 0
017  00  043  4  1 00459 0
017  00  044  0  0 00506 0
017  00  045  1  0 00534 0
017  00  046  2  0 00546 0
017  00  047  4  1 00614 0
017  00  048  1  0 00576 0
017  00  049  4  1 00723 0
017  00  050  1  0 00506 0
017  00  051  0  0 00472 0
017  00  052  5  1 00541 0
017  00  053  3  1 00705 0
017  00  054  2  0 01117 0
017  00  055  2  0 00474 0
017  00  056  5  1 00568 0
017  00  057  5  1 01104 0
017  00  058  0  0 00516 0
017  00  059  1  0 00625 0
017  01  000  0  0 01650 0
017  01  001  3  1 02857 0
017  01  002  3  1 00512 0
017  01  003  1  0 03417 0
017  01  004  0  0 00488 0
017  01  005  5  1 00544 0
017  01  006  2  0 00635 0
017  01  007  0  0 00531 0
017  01  008  5  1 00600 0
017  01  009  0  0 00523 0
017  01  010  2  0 00580 0
017  01  011  2  0 00447 0
017  01  012  4  1 00638 0
017  01  013  1  0 00558 0
017  01  014  0  0 00450 0
017  01  015  2  0 00596 0
017  01  016  5  1 07396 0
017  01  017  3  1 00640 0
017  01  018  2  0 00654 0
017  01  019  3  1 00642 0
017  01  020  2  0 00500 0
017  01  021  2  0 00448 0
017  01  022  5  1 00612 0
017  01  023  5  1 00444 0
017  01  024  0  0 00548 0
017  01  025  2  0 00414 0
017  01  026  3  1 00650 0
017  01  027  1  0 00919 0
017  01  028  3  1 00682 0
017  01  029  1  0 00443 0
017  01  030  3  1 00444 0
017  01  031  5  1 00507 0
017  01  032  5  1 00546 0
017  01  033  5  1 00455 0
017  01  034  0  0 00591 0
017  01  035  3  1 00884 0
017  01  036  0  0 00595 0
017  01  037  3  1 00652 0
017  01  038  5  1 00536 0
017  01  039  0  0 00575 0
017  01  040  2  0 00520 0
017  01  041  5  1 01113 0
017  01  042  3  1 00584 0
017  01  043  1  0 00579 0
017  01  044  4  1 00547 0
017  01  045  2  0 00701 0
017  01  046  3  1 00672 0
017  01  047  1  0 00555 0
017  01  048  1  0 00805 0
017  01  049  1  0 00512 0
017  01  050  3  1 00519 0
017  01  051  1  0 00798 0
017  01  052  2  0 01086 0
017  01  053  0  0 01448 0
017  01  054  3  1 01368 0
017  01  055  5  1 00692 0
017  01  056  3  1 00715 0
017  01  057  3  1 00649 0
017  01  058  0  0 01450 0
017  01  059  1  0 01412 0
017  02  000  0  0 00751 0
017  02  001  3  1 03948 0
017  02  002  2  0 00571 0
017  02  003  4  1 00633 0
017  02  004  1  0 00729 0
017  02  005  5  1 00607 0
017  02  006  4  1 00570 0
017  02  007  2  0 00572 0
017  02  008  3  1 00628 0
017  02  009  2  0 00561 0
017  02  010  4  1 00596 0
017  02  011  2  0 00632 0
017  02  012  4  1 00546 0
017  02  013  2  0 00665 0
017  02  014  2  0 00468 0
017  02  015  4  1 00550 0
017  02  016  2  0 00773 0
017  02  017  2  0 00570 0
017  02  018  4  1 00667 0
017  02  019  2  0 00674 0
017  02  020  2  0 00514 0
017  02  021  5  1 00537 0
017  02  022  3  1 00613 0
017  02  023  3  1 00516 0
017  02  024  5  1 00422 0
017  02  025  1  0 00548 0
017  02  026  3  1 00392 0
017  02  027  0  0 00694 0
017  02  028  5  1 00534 0
017  02  029  0  0 00685 0
017  02  030  4  1 00702 0
017  02  031  4  1 00558 0
017  02  032  0  0 01394 0
017  02  033  0  0 00599 0
017  02  034  2  0 00706 0
017  02  035  5  1 00843 0
017  02  036  4  1 00535 0
017  02  037  2  0 00537 0
017  02  038  3  1 00658 0
017  02  039  0  0 00722 0
017  02  040  4  1 00596 0
017  02  041  4  1 00449 0
017  02  042  1  0 00713 0
017  02  043  0  0 00488 0
017  02  044  1  0 00379 0
017  02  045  3  1 00529 0
017  02  046  5  1 00421 0
017  02  047  1  0 00513 0
017  02  048  3  1 00574 0
017  02  049  1  0 00574 0
017  02  050  4  1 00587 0
017  02  051  4  1 00506 0
017  02  052  4  1 00318 0
017  02  053  5  1 00435 0
017  02  054  1  0 00601 0
017  02  055  0  0 00507 0
017  02  056  0  0 00467 0
017  02  057  3  0 00316 1
017  02  058  5  1 00441 0
017  02  059  0  0 00651 0
017  03  000  2  0 00680 0
017  03  001  2  0 00442 0
017  03  002  3  1 00527 0
017  03  003  0  0 00595 0
017  03  004  0  0 00564 0
017  03  005  3  1 00597 0
017  03  006  2  0 00568 0
017  03  007  1  0 00528 0
017  03  008  4  1 00569 0
017  03  009  2  0 00643 0
017  03  010  3  1 00641 0
017  03  011  0  0 00561 0
017  03  012  3  1 00551 0
017  03  013  4  1 00492 0
017  03  014  0  0 00551 0
017  03  015  3  1 00522 0
017  03  016  1  0 00478 0
017  03  017  3  1 00564 0
017  03  018  4  1 00475 0
017  03  019  3  1 00413 0
017  03  020  4  1 00451 0
017  03  021  4  1 00447 0
017  03  022  4  1 00371 0
017  03  023  5  1 00369 0
017  03  024  3  1 00347 0
017  03  025  1  0 00644 0
017  03  026  1  0 00388 0
017  03  027  2  0 00555 0
017  03  028  5  1 00428 0
017  03  029  1  0 00482 0
017  03  030  4  1 00510 0
017  03  031  0  0 01117 0
017  03  032  4  1 00820 0
017  03  033  2  1 00859 1
017  03  034  0  0 02234 0
017  03  035  1  0 00555 0
017  03  036  5  1 00656 0
017  03  037  3  1 02422 0
017  03  038  1  0 00666 0
017  03  039  0  0 00883 0
017  03  040  1  0 00964 0
017  03  041  4  1 01064 0
017  03  042  3  1 00879 0
017  03  043  4  1 00784 0
017  03  044  5  1 00503 0
017  03  045  2  0 01460 0
017  03  046  4  1 00614 0
017  03  047  4  1 00480 0
017  03  048  1  0 00669 0
017  03  049  0  0 00790 0
017  03  050  1  0 00866 0
017  03  051  5  1 01094 0
017  03  052  5  1 01282 0
017  03  053  4  1 00910 0
017  03  054  0  0 00625 0
017  03  055  4  1 01276 0
017  03  056  2  0 00774 0
017  03  057  3  1 00887 0
017  03  058  2  0 01049 0
017  03  059  5  1 00684 0
017  04  000  3  1 01036 0
017  04  001  4  1 00530 0
017  04  002  4  1 00459 0
017  04  003  3  1 00477 0
017  04  004  0  0 00736 0
017  04  005  5  1 00639 0
017  04  006  4  1 00481 0
017  04  007  1  0 00626 0
017  04  008  1  0 00595 0
017  04  009  3  1 00722 0
017  04  010  2  0 00618 0
017  04  011  4  1 00606 0
017  04  012  0  0 00572 0
017  04  013  1  0 00696 0
017  04  014  3  1 00668 0
017  04  015  4  1 00794 0
017  04  016  5  1 00846 0
017  04  017  1  0 00596 0
017  04  018  5  1 00488 0
017  04  019  0  0 00516 0
017  04  020  1  0 00603 0
017  04  021  3  1 00633 0
017  04  022  4  1 00772 0
017  04  023  1  0 01317 0
017  04  024  2  0 00677 0
017  04  025  2  0 00489 0
017  04  026  1  0 00435 0
017  04  027  4  1 00634 0
017  04  028  5  1 00493 0
017  04  029  5  1 00421 0
017  04  030  1  0 00562 0
017  04  031  0  0 00653 0
017  04  032  2  0 03127 0
017  04  033  1  0 00691 0
017  04  034  3  1 01378 0
017  04  035  1  0 00732 0
017  04  036  1  0 00511 0
017  04  037  0  0 00458 0
017  04  038  5  1 00596 0
017  04  039  5  1 00499 0
017  04  040  3  1 00591 0
017  04  041  4  1 00614 0
017  04  042  3  1 00470 0
017  04  043  1  0 00770 0
017  04  044  5  1 01783 0
017  04  045  5  1 00536 0
017  04  046  0  0 00704 0
017  04  047  2  0 00707 0
017  04  048  5  1 01380 0
017  04  049  2  0 00672 0
017  04  050  0  0 00653 0
017  04  051  3  1 01000 0
017  04  052  0  0 00644 0
017  04  053  4  1 04174 0
017  04  054  5  1 00761 0
017  04  055  3  1 01603 0
017  04  056  1  0 01699 0
017  04  057  5  1 00568 0
017  04  058  3  1 00656 0
017  04  059  1  0 00787 0
017  05  000  1  0 02532 0
017  05  001  1  0 00496 0
017  05  002  4  1 01426 0
017  05  003  2  0 00743 0
017  05  004  0  0 00572 0
017  05  005  0  0 00584 0
017  05  006  2  0 00501 0
017  05  007  5  1 08215 0
017  05  008  2  0 00567 0
017  05  009  3  1 00894 0
017  05  010  0  0 00654 0
017  05  011  0  0 00480 0
017  05  012  2  0 00625 0
017  05  013  2  0 00750 0
017  05  014  5  1 00811 0
017  05  015  0  0 00683 0
017  05  016  5  1 00656 0
017  05  017  0  0 01432 0
017  05  018  2  0 01705 0
017  05  019  3  1 00621 0
017  05  020  0  0 01214 0
017  05  021  0  0 00641 0
017  05  022  1  0 00509 0
017  05  023  5  1 01314 0
017  05  024  2  0 01229 0
017  05  025  4  1 00708 0
017  05  026  5  1 00497 0
017  05  027  0  0 01061 0
017  05  028  2  0 00738 0
017  05  029  5  1 00665 0
017  05  030  4  1 00566 0
017  05  031  2  0 00633 0
017  05  032  5  1 00646 0
017  05  033  2  0 00564 0
017  05  034  4  1 00762 0
017  05  035  5  1 01163 0
017  05  036  1  0 00641 0
017  05  037  1  0 00479 0
017  05  038  4  1 00561 0
017  05  039  3  1 00534 0
017  05  040  5  1 00496 0
017  05  041  0  0 00653 0
017  05  042  0  0 00477 0
017  05  043  3  1 00825 0
017  05  044  5  1 00503 0
017  05  045  4  1 00493 0
017  05  046  5  1 00485 0
017  05  047  4  1 00431 0
017  05  048  5  1 00469 0
017  05  049  4  1 00556 0
017  05  050  0  0 00635 0
017  05  051  4  1 02260 0
017  05  052  2  0 00594 0
017  05  053  0  0 00513 0
017  05  054  1  0 00472 0
017  05  055  2  0 00382 0
017  05  056  5  0 00438 1
017  05  057  4  1 -0475 0
017  05  058  1  0 02935 0
017  05  059  0  0 00631 0
