012  00  000  0  0 01225 0
012  00  001  4  1 00555 0
012  00  002  3  1 00958 0
012  00  003  1  0 01410 0
012  00  004  3  1 00701 0
012  00  005  4  1 00623 0
012  00  006  3  1 01568 0
012  00  007  2  0 00776 0
012  00  008  1  0 00663 0
012  00  009  4  1 00569 0
012  00  010  0  0 00537 0
012  00  011  3  1 00551 0
012  00  012  3  1 00702 0
012  00  013  3  1 00426 0
012  00  014  0  0 00424 0
012  00  015  0  0 00458 0
012  00  016  2  0 00563 0
012  00  017  1  0 00544 0
012  00  018  1  0 00431 0
012  00  019  3  1 00429 0
012  00  020  0  0 00511 0
012  00  021  0  0 00499 0
012  00  022  0  0 00507 0
012  00  023  1  0 00600 0
012  00  024  1  0 00437 0
012  00  025  3  1 00736 0
012  00  026  5  1 00531 0
012  00  027  5  1 00429 0
012  00  028  5  1 00412 0
012  00  029  2  0 00555 0
012  00  030  2  0 00455 0
012  00  031  5  0 00310 1
012  00  032  4  1 00674 0
012  00  033  3  1 00751 0
012  00  034  4  1 00632 0
012  00  035  0  0 00600 0
012  00  036  1  0 00622 0
012  00  037  1  0 00581 0
012  00  038  0  0 00478 0
012  00  039  2  0 00603 0
012  00  040  2  0 00517 0
012  00  041  2  0 00470 0
012  00  042  4  1 00569 0
012  00  043  1  0 00507 0
012  00  044  3  1 00451 0
012  00  045  2  0 00540 0
012  00  046  3  1 00629 0
012  00  047  5  1 00610 0
012  00  048  1  0 00635 0
012  00  049  4  1 00576 0
012  00  050  0  0 00679 0
012  00  051  5  1 00613 0
012  00  052  3  1 00673 0
012  00  053  5  1 00956 0
012  00  054  3  1 00638 0
012  00  055  2  0 00655 0
012  00  056  4  1 00642 0
012  00  057  2  0 00600 0
012  00  058  4  1 00651 0
012  00  059  5  1 01155 0
012  01  000  0  8 -0461 1
012  01  001  1  8 -0894 1
012  01  002  3  8 -0889 1
012  01  003  1  8 -0902 1
012  01  004  0  8 -0897 1
012  01  005  0  8 -0893 1
012  01  006  4  8 -0906 1
012  01  007  3  8 -0902 1
012  01  008  1  0 03409 0
012  01  009  1  0 00655 0
012  01  010  0  0 00661 0
012  01  011  1  0 00454 0
012  01  012  3  1 00471 0
012  01  013  4  1 00483 0
012  01  014  4  1 00430 0
012  01  015  1  0 00528 0
012  01  016  4  1 00609 0
012  01  017  4  1 00676 0
012  01  018  1  0 00659 0
012  01  019  5  1 00639 0
012  01  020  1  0 00703 0
012  01  021  5  1 00720 0
012  01  022  2  0 00663 0
012  01  023  0  0 00805 0
012  01  024  2  0 00524 0
012  01  025  5  1 00458 0
012  01  026  1  0 00659 0
012  01  027  3  1 00478 0
012  01  028  4  1 00516 0
012  01  029  5  1 00445 0
012  01  030  5  1 00467 0
012  01  031  3  1 00636 0
012  01  032  1  0 00482 0
012  01  033  1  0 00494 0
012  01  034  5  1 00498 0
012  01  035  4  1 00671 0
012  01  036  3  1 00589 0
012  01  037  0  0 00565 0
012  01  038  1  0 00626 0
012  01  039  5  1 00537 0
012  01  040  1  0 00581 0
012  01  041  0  0 00503 0
012  01  042  0  0 00448 0
012  01  043  2  0 00471 0
012  01  044  4  1 00452 0
012  01  045  2  0 00494 0
012  01  046  4  1 00536 0
012  01  047  3  1 00591 0
012  01  048  1  0 00417 0
012  01  049  2  0 00673 0
012  01  050  0  0 00509 0
012  01  051  1  0 00527 0
012  01  052  3  1 00663 0
012  01  053  4  1 00674 0
012  01  054  5  1 00604 0
012  01  055  4  1 00489 0
012  01  056  3  1 00580 0
012  01  057  1  0 00382 0
012  01  058  4  1 00437 0
012  01  059  2  0 00498 0
012  02  000  0  0 01121 0
012  02  001  0  0 00450 0
012  02  002  4  1 00532 0
012  02  003  4  1 00457 0
012  02  004  2  0 00489 0
012  02  005  4  1 00480 0
012  02  006  4  1 00416 0
012  02  007  5  1 00560 0
012  02  008  4  1 00730 0
012  02  009  5  1 00422 0
012  02  010  5  1 00401 0
012  02  011  3  0 00559 1
012  02  012  4  1 -0631 0
012  02  013  2  0 00695 0
012  02  014  2  0 00500 0
012  02  015  2  0 00891 0
012  02  016  5  1 00616 0
012  02  017  4  1 00714 0
012  02  018  1  0 00636 0
012  02  019  1  0 01047 0
012  02  020  3  1 00741 0
012  02  021  0  0 00548 0
012  02  022  4  1 00573 0
012  02  023  3  1 00585 0
012  02  024  2  0 00459 0
012  02  025  4  1 00540 0
012  02  026  2  0 00723 0
012  02  027  0  0 00721 0
012  02  028  5  1 00577 0
012  02  029  2  0 00655 0
012  02  030  5  1 00591 0
012  02  031  5  1 00581 0
012  02  032  0  0 00682 0
012  02  033  0  0 00551 0
012  02  034  5  1 00505 0
012  02  035  0  0 00766 0
012  02  036  4  1 01012 0
012  02  037  4  1 00493 0
012  02  038  3  1 00630 0
012  02  039  0  0 00494 0
012  02  040  1  0 00578 0
012  02  041  1  0 00462 0
012  02  042  1  0 00534 0
012  02  043  0  0 00447 0
012  02  044  0  0 00449 0
012  02  045  5  1 00483 0
012  02  046  2  0 00491 0
012  02  047  5  1 00579 0
012  02  048  4  1 00556 0
012  02  049  3  1 00476 0
012  02  050  1  0 00445 0
012  02  051  0  0 00576 0
012  02  052  0  0 00481 0
012  02  053  5  1 00579 0
012  02  054  1  0 00662 0
012  02  055  0  0 00664 0
012  02  056  5  1 00771 0
012  02  057  3  1 00631 0
012  02  058  3  1 00682 0
012  02  059  0  1 00569 1
012  03  000  2  0 01267 0
012  03  001  2  0 00455 0
012  03  002  0  0 00674 0
012  03  003  4  1 00600 0
012  03  004  4  1 00490 0
012  03  005  4  1 00417 0
012  03  006  1  0 00537 0
012  03  007  4  1 00622 0
012  03  008  3  1 00737 0
012  03  009  3  1 00534 0
012  03  010  3  1 00482 0
012  03  011  3  1 00424 0
012  03  012  5  1 00470 0
012  03  013  3  1 00520 0
012  03  014  1  0 00480 0
012  03  015  5  1 00525 0
012  03  016  4  1 00566 0
012  03  017  3  1 00663 0
012  03  018  5  1 00582 0
012  03  019  5  1 00560 0
012  03  020  1  0 00792 0
012  03  021  5  1 00516 0
012  03  022  2  0 01131 0
012  03  023  3  1 00813 0
012  03  024  2  0 00724 0
012  03  025  0  0 00686 0
012  03  026  0  0 00542 0
012  03  027  0  0 00804 0
012  03  028  5  1 00723 0
012  03  029  2  0 00845 0
012  03  030  1  0 00741 0
012  03  031  5  1 01093 0
012  03  032  2  0 00610 0
012  03  033  2  0 00710 0
012  03  034  1  0 00592 0
012  03  035  1  0 00595 0
012  03  036  2  0 00675 0
012  03  037  4  1 00680 0
012  03  038  1  0 00704 0
012  03  039  5  1 00724 0
012  03  040  5  1 00839 0
012  03  041  5  1 00622 0
012  03  042  2  0 00774 0
012  03  043  1  0 00647 0
012  03  044  3  1 00613 0
012  03  045  3  1 00955 0
012  03  046  0  0 00612 0
012  03  047  4  1 00652 0
012  03  048  0  0 00641 0
012  03  049  2  0 00760 0
012  03  050  4  1 00652 0
012  03  051  3  1 00955 0
012  03  052  0  0 00603 0
012  03  053  3  1 00814 0
012  03  054  1  0 00746 0
012  03  055  0  0 00610 0
012  03  056  5  1 00505 0
012  03  057  0  0 00571 0
012  03  058  2  0 01014 0
012  03  059  2  0 00787 0
012  04  000  4  1 00687 0
012  04  001  1  0 00636 0
012  04  002  5  1 00528 0
012  04  003  3  1 00841 0
012  04  004  5  1 00544 0
012  04  005  2  0 00490 0
012  04  006  4  1 00634 0
012  04  007  5  1 00531 0
012  04  008  2  0 00524 0
012  04  009  3  1 00610 0
012  04  010  3  1 00762 0
012  04  011  2  0 00667 0
012  04  012  5  1 00590 0
012  04  013  0  0 01428 0
012  04  014  2  0 00618 0
012  04  015  1  0 00545 0
012  04  016  4  1 00563 0
012  04  017  0  0 00460 0
012  04  018  1  0 00720 0
012  04  019  5  1 00638 0
012  04  020  4  1 00480 0
012  04  021  3  1 00661 0
012  04  022  3  1 00709 0
012  04  023  0  0 00430 0
012  04  024  4  1 00656 0
012  04  025  1  0 00862 0
012  04  026  3  1 00751 0
012  04  027  4  1 00611 0
012  04  028  1  0 00557 0
012  04  029  3  1 00691 0
012  04  030  1  0 00667 0
012  04  031  2  0 00614 0
012  04  032  5  1 00745 0
012  04  033  1  0 00611 0
012  04  034  5  1 00684 0
012  04  035  1  0 00659 0
012  04  036  0  0 00642 0
012  04  037  5  1 00521 0
012  04  038  1  0 01406 0
012  04  039  1  0 00653 0
012  04  040  2  0 00799 0
012  04  041  3  1 00964 0
012  04  042  5  1 00831 0
012  04  043  0  0 00848 0
012  04  044  5  1 00742 0
012  04  045  4  1 01250 0
012  04  046  2  0 01140 0
012  04  047  2  0 00491 0
012  04  048  0  0 00556 0
012  04  049  2  0 00466 0
012  04  050  2  0 00557 0
012  04  051  4  1 00540 0
012  04  052  3  1 00561 0
012  04  053  4  1 00596 0
012  04  054  2  0 00494 0
012  04  055  3  1 00557 0
012  04  056  3  1 00658 0
012  04  057  1  0 00512 0
012  04  058  5  1 00599 0
012  04  059  2  0 00618 0
012  05  000  1  0 00590 0
012  05  001  4  1 00450 0
012  05  002  1  0 00549 0
012  05  003  3  1 00584 0
012  05  004  5  1 00586 0
012  05  005  1  0 00607 0
012  05  006  5  1 00494 0
012  05  007  1  0 00640 0
012  05  008  3  1 00654 0
012  05  009  5  1 00645 0
012  05  010  2  0 00537 0
012  05  011  2  0 00473 0
012  05  012  3  1 00604 0
012  05  013  2  0 00572 0
012  05  014  2  0 00546 0
012  05  015  5  1 00612 0
012  05  016  4  1 00682 0
012  05  017  0  0 01035 0
012  05  018  1  1 00443 1
012  05  019  2  0 00633 0
012  05  020  0  0 00589 0
012  05  021  2  0 00608 0
012  05  022  5  1 00501 0
012  05  023  0  0 00503 0
012  05  024  0  0 00660 0
012  05  025  0  0 00608 0
012  05  026  4  1 00793 0
012  05  027  5  1 00774 0
012  05  028  3  1 00901 0
012  05  029  3  1 00691 0
012  05  030  3  1 00482 0
012  05  031  4  1 00468 0
012  05  032  3  1 00515 0
012  05  033  0  0 01573 0
012  05  034  3  1 00518 0
012  05  035  0  0 00533 0
012  05  036  5  1 00472 0
012  05  037  4  1 00551 0
012  05  038  2  0 00508 0
012  05  039  1  0 00618 0
012  05  040  2  0 01249 0
012  05  041  2  0 00631 0
012  05  042  2  0 00671 0
012  05  043  5  1 00670 0
012  05  044  0  0 00494 0
012  05  045  4  1 01210 0
012  05  046  1  0 00644 0
012  05  047  0  0 00549 0
012  05  048  2  0 00710 0
012  05  049  2  0 00507 0
012  05  050  5  1 00691 0
012  05  051  0  0 00627 0
012  05  052  3  1 00793 0
012  05  053  4  1 00525 0
012  05  054  0  0 00643 0
012  05  055  0  0 00522 0
012  05  056  4  1 00605 0
012  05  057  5  1 00561 0
012  05  058  4  1 00970 0
012  05  059  4  1 00490 0
