023  00  000  3  1 03228 0
023  00  001  3  1 00611 0
023  00  002  1  0 00547 0
023  00  003  0  0 00567 0
023  00  004  2  0 00753 0
023  00  005  3  1 01130 0
023  00  006  3  1 00416 0
023  00  007  0  0 00567 0
023  00  008  0  0 00522 0
023  00  009  4  1 00566 0
023  00  010  3  1 00842 0
023  00  011  3  1 00651 0
023  00  012  3  1 00525 0
023  00  013  3  1 00526 0
023  00  014  5  1 00756 0
023  00  015  5  1 00651 0
023  00  016  5  1 00665 0
023  00  017  1  0 00647 0
023  00  018  5  1 00694 0
023  00  019  2  0 00648 0
023  00  020  0  0 00764 0
023  00  021  4  1 00599 0
023  00  022  0  0 00566 0
023  00  023  1  0 00598 0
023  00  024  5  1 00546 0
023  00  025  5  1 00590 0
023  00  026  1  0 00693 0
023  00  027  5  1 00616 0
023  00  028  0  0 00621 0
023  00  029  1  0 00702 0
023  00  030  4  1 00592 0
023  00  031  0  0 00683 0
023  00  032  1  0 00534 0
023  00  033  4  1 00605 0
023  00  034  1  0 00576 0
023  00  035  3  1 01056 0
023  00  036  1  0 00562 0
023  00  037  4  1 00495 0
023  00  038  5  1 00521 0
023  00  039  2  0 00575 0
023  00  040  3  1 00483 0
023  00  041  3  1 00461 0
023  00  042  0  0 00538 0
023  00  043  3  1 00468 0
023  00  044  5  1 00460 0
023  00  045  0  0 00561 0
023  00  046  5  1 00463 0
023  00  047  0  0 00484 0
023  00  048  5  1 00465 0
023  00  049  4  1 00453 0
023  00  050  2  0 00555 0
023  00  051  4  1 00570 0
023  00  052  5  1 00453 0
023  00  053  5  1 00422 0
023  00  054  1  0 00724 0
023  00  055  4  1 00487 0
023  00  056  0  0 00514 0
023  00  057  3  1 00504 0
023  00  058  0  0 00534 0
023  00  059  4  1 00494 0
023  01  000  1  0 00692 0
023  01  001  2  0 00650 0
023  01  002  1  0 00482 0
023  01  003  0  0 00522 0
023  01  004  3  1 00474 0
023  01  005  1  0 00678 0
023  01  006  4  1 00527 0
023  01  007  0  0 00540 0
023  01  008  3  1 00532 0
023  01  009  4  0 00397 1
023  01  010  5  1 -0330 0
023  01  011  1  0 00728 0
023  01  012  2  0 01326 0
023  01  013  2  0 00569 0
023  01  014  2  0 00534 0
023  01  015  0  0 00575 0
023  01  016  2  0 00492 0
023  01  017  1  0 00485 0
023  01  018  5  1 00511 0
023  01  019  1  0 00528 0
023  01  020  1  0 00589 0
023  01  021  3  1 00590 0
023  01  022  4  1 00474 0
023  01  023  0  0 00509 0
023  01  024  5  1 00440 0
023  01  025  2  0 00575 0
023  01  026  3  1 00888 0
023  01  027  3  1 00540 0
023  01  028  2  0 00675 0
023  01  029  5  1 00565 0
023  01  030  4  1 00564 0
023  01  031  2  0 00621 0
023  01  032  5  1 00464 0
023  01  033  3  1 00435 0
023  01  034  3  1 00398 0
023  01  035  4  1 00573 0
023  01  036  3  1 00602 0
023  01  037  4  1 00462 0
023  01  038  5  1 00449 0
023  01  039  3  1 00419 0
023  01  040  1  0 00538 0
023  01  041  2  0 00555 0
023  01  042  0  0 00483 0
023  01  043  4  1 00537 0
023  01  044  2  0 00688 0
023  01  045  0  0 00568 0
023  01  046  0  0 00501 0
023  01  047  2  0 00576 0
023  01  048  1  0 00525 0
023  01  049  4  1 00552 0
023  01  050  1  0 00523 0
023  01  051  5  1 00528 0
023  01  052  4  1 00682 0
023  01  053  5  1 00467 0
023  01  054  0  0 00545 0
023  01  055  2  0 00641 0
023  01  056  3  1 00565 0
023  01  057  5  1 00561 0
023  01  058  2  1 00426 1
023  01  059  1  0 00616 0
023  02  000  2  0 00705 0
023  02  001  4  1 00522 0
023  02  002  2  0 00582 0
023  02  003  3  1 00559 0
023  02  004  4  1 00539 0
023  02  005  0  0 00543 0
023  02  006  2  0 00617 0
023  02  007  2  0 00549 0
023  02  008  3  1 00549 0
023  02  009  5  1 00484 0
023  02  010  1  0 00566 0
023  02  011  3  1 00588 0
023  02  012  0  0 00571 0
023  02  013  1  0 00559 0
023  02  014  1  0 00510 0
023  02  015  4  1 00538 0
023  02  016  3  1 00447 0
023  02  017  0  0 00532 0
023  02  018  3  1 00587 0
023  02  019  2  0 00561 0
023  02  020  0  0 00515 0
023  02  021  5  1 00448 0
023  02  022  1  0 00447 0
023  02  023  4  1 00466 0
023  02  024  4  1 00460 0
023  02  025  1  0 00422 0
023  02  026  2  0 00606 0
023  02  027  1  0 00449 0
023  02  028  0  0 00402 0
023  02  029  4  1 00398 0
023  02  030  0  0 00481 0
023  02  031  5  1 00544 0
023  02  032  1  0 00540 0
023  02  033  2  0 00484 0
023  02  034  2  0 00423 0
023  02  035  5  1 00564 0
023  02  036  2  0 00467 0
023  02  037  1  0 00661 0
023  02  038  5  1 00406 0
023  02  039  2  0 00482 0
023  02  040  1  0 00444 0
023  02  041  1  0 00420 0
023  02  042  5  1 00425 0
023  02  043  5  1 00501 0
023  02  044  2  0 00465 0
023  02  045  2  0 00464 0
023  02  046  2  0 00377 0
023  02  047  4  1 00533 0
023  02  048  4  1 00419 0
023  02  049  3  1 00395 0
023  02  050  3  1 00412 0
023  02  051  0  1 00362 1
023  02  052  0  0 00522 0
023  02  053  0  0 00379 0
023  02  054  2  0 00586 0
023  02  055  4  1 00473 0
023  02  056  2  0 00447 0
023  02  057  0  0 00478 0
023  02  058  3  1 00516 0
023  02  059  2  0 00553 0
023  03  000  0  0 00562 0
023  03  001  1  0 00498 0
023  03  002  0  0 00388 0
023  03  003  4  1 00573 0
023  03  004  1  0 00616 0
023  03  005  5  1 00486 0
023  03  006  3  1 00990 0
023  03  007  4  1 00603 0
023  03  008  3  1 00720 0
023  03  009  0  0 00435 0
023  03  010  1  0 00422 0
023  03  011  3  1 00547 0
023  03  012  5  1 00423 0
023  03  013  5  1 00473 0
023  03  014  1  0 00535 0
023  03  015  4  1 00526 0
023  03  016  2  0 00463 0
023  03  017  3  1 00436 0
023  03  018  5  1 00445 0
023  03  019  1  1 00401 1
023  03  020  0  0 00565 0
023  03  021  5  1 00622 0
023  03  022  4  1 00559 0
023  03  023  5  1 00540 0
023  03  024  1  0 00537 0
023  03  025  4  1 00543 0
023  03  026  5  1 00477 0
023  03  027  0  0 00474 0
023  03  028  3  1 00525 0
023  03  029  4  1 00473 0
023  03  030  2  0 00548 0
023  03  031  4  1 00528 0
023  03  032  3  1 00618 0
023  03  033  0  0 00474 0
023  03  034  1  0 00550 0
023  03  035  0  0 00490 0
023  03  036  1  0 00729 0
023  03  037  4  1 00654 0
023  03  038  1  0 00476 0
023  03  039  2  0 00833 0
023  03  040  0  0 00393 0
023  03  041  0  0 00410 0
023  03  042  5  1 00488 0
023  03  043  2  0 00453 0
023  03  044  2  0 00542 0
023  03  045  1  0 00421 0
023  03  046  1  0 00472 0
023  03  047  0  0 00485 0
023  03  048  1  0 00477 0
023  03  049  2  1 00443 1
023  03  050  2  0 00548 0
023  03  051  2  0 00432 0
023  03  052  2  0 00409 0
023  03  053  5  1 00511 0
023  03  054  5  1 00513 0
023  03  055  2  0 00494 0
023  03  056  2  0 00492 0
023  03  057  3  1 00874 0
023  03  058  1  0 00453 0
023  03  059  5  1 00444 0
023  04  000  4  1 00590 0
023  04  001  0  0 00490 0
023  04  002  0  0 00429 0
023  04  003  0  0 00494 0
023  04  004  3  0 00381 1
023  04  005  4  1 00518 0
023  04  006  3  1 00518 0
023  04  007  0  0 00487 0
023  04  008  0  0 00487 0
023  04  009  4  1 00511 0
023  04  010  2  0 00502 0
023  04  011  0  0 00488 0
023  04  012  3  1 00504 0
023  04  013  4  1 00476 0
023  04  014  3  1 00632 0
023  04  015  3  1 00542 0
023  04  016  4  1 00418 0
023  04  017  2  0 00466 0
023  04  018  0  0 00516 0
023  04  019  4  0 00447 1
023  04  020  2  0 00528 0
023  04  021  3  1 00414 0
023  04  022  4  1 00383 0
023  04  023  2  0 00498 0
023  04  024  2  0 00465 0
023  04  025  5  1 00509 0
023  04  026  4  1 00469 0
023  04  027  0  0 00390 0
023  04  028  1  0 00521 0
023  04  029  5  1 00482 0
023  04  030  5  1 00410 0
023  04  031  4  1 00655 0
023  04  032  0  1 00472 1
023  04  033  2  0 00438 0
023  04  034  0  0 00485 0
023  04  035  0  0 00440 0
023  04  036  0  0 00436 0
023  04  037  3  0 00472 1
023  04  038  4  1 00494 0
023  04  039  3  1 00610 0
023  04  040  1  0 00486 0
023  04  041  5  1 00507 0
023  04  042  3  1 00518 0
023  04  043  1  0 00525 0
023  04  044  2  0 00502 0
023  04  045  0  0 00597 0
023  04  046  4  1 00575 0
023  04  047  2  0 00827 0
023  04  048  2  0 00550 0
023  04  049  3  1 00508 0
023  04  050  2  0 00451 0
023  04  051  1  0 00447 0
023  04  052  5  1 00561 0
023  04  053  3  1 00706 0
023  04  054  3  1 00437 0
023  04  055  3  1 00408 0
023  04  056  2  1 00390 1
023  04  057  4  1 00617 0
023  04  058  2  0 00576 0
023  04  059  3  1 00527 0
023  05  000  3  1 00627 0
023  05  001  1  0 00520 0
023  05  002  1  0 00509 0
023  05  003  2  0 00711 0
023  05  004  5  1 00508 0
023  05  005  1  0 00499 0
023  05  006  2  0 00857 0
023  05  007  4  1 00580 0
023  05  008  4  1 00461 0
023  05  009  4  1 00432 0
023  05  010  4  1 00499 0
023  05  011  0  0 00552 0
023  05  012  5  1 00560 0
023  05  013  3  1 00444 0
023  05  014  5  1 00476 0
023  05  015  3  1 00500 0
023  05  016  3  1 00508 0
023  05  017  5  1 00515 0
023  05  018  1  0 00506 0
023  05  019  4  1 00589 0
023  05  020  0  0 00561 0
023  05  021  0  0 00504 0
023  05  022  4  1 00485 0
023  05  023  3  1 00583 0
023  05  024  5  1 00498 0
023  05  025  0  0 00470 0
023  05  026  1  0 00549 0
023  05  027  4  1 00522 0
023  05  028  5  1 00479 0
023  05  029  3  1 00491 0
023  05  030  5  1 00441 0
023  05  031  5  1 00454 0
023  05  032  5  1 00426 0
023  05  033  4  0 00555 1
023  05  034  2  0 00920 0
023  05  035  5  1 00451 0
023  05  036  2  0 00636 0
023  05  037  0  0 00526 0
023  05  038  5  1 00520 0
023  05  039  3  1 00447 0
023  05  040  5  1 00437 0
023  05  041  4  1 00580 0
023  05  042  4  1 00425 0
023  05  043  0  0 00554 0
023  05  044  5  1 00506 0
023  05  045  4  1 00445 0
023  05  046  1  0 00515 0
023  05  047  5  1 00512 0
023  05  048  1  0 00584 0
023  05  049  5  1 00453 0
023  05  050  3  1 00605 0
023  05  051  4  1 00475 0
023  05  052  4  1 00516 0
023  05  053  1  0 00452 0
023  05  054  1  0 00594 0
023  05  055  1  0 00417 0
023  05  056  0  0 00536 0
023  05  057  1  0 00558 0
023  05  058  1  0 00517 0
023  05  059  1  0 00476 0
