004  00  000  0  0 03651 0
004  00  001  4  1 01947 0
004  00  002  2  0 00928 0
004  00  003  4  1 00593 0
004  00  004  2  0 00600 0
004  00  005  5  1 00667 0
004  00  006  2  0 00709 0
004  00  007  3  1 01317 0
004  00  008  2  0 00637 0
004  00  009  1  0 00695 0
004  00  010  1  0 00549 0
004  00  011  5  1 00566 0
004  00  012  4  1 00645 0
004  00  013  2  0 00567 0
004  00  014  2  0 00512 0
004  00  015  4  1 00662 0
004  00  016  5  1 00537 0
004  00  017  1  0 00854 0
004  00  018  5  1 00602 0
004  00  019  1  0 00668 0
004  00  020  5  1 00674 0
004  00  021  1  0 00792 0
004  00  022  5  1 00607 0
004  00  023  1  0 00473 0
004  00  024  2  0 00597 0
004  00  025  5  1 00486 0
004  00  026  4  1 00530 0
004  00  027  3  1 00556 0
004  00  028  0  0 00517 0
004  00  029  1  0 00589 0
004  00  030  0  0 00455 0
004  00  031  0  0 00401 0
004  00  032  3  1 00501 0
004  00  033  1  0 00532 0
004  00  034  2  0 00675 0
004  00  035  4  1 00504 0
004  00  036  3  1 00495 0
004  00  037  0  0 00499 0
004  00  038  3  0 00528 1
004  00  039  4  1 00740 0
004  00  040  2  0 00763 0
004  00  041  0  0 00908 0
004  00  042  4  1 00585 0
004  00  043  5  1 00570 0
004  00  044  4  1 00608 0
004  00  045  1  0 00522 0
004  00  046  2  0 00786 0
004  00  047  3  1 00464 0
004  00  048  1  0 00866 0
004  00  049  4  1 00687 0
004  00  050  0  0 00573 0
004  00  051  1  0 00464 0
004  00  052  5  1 00539 0
004  00  053  3  1 00538 0
004  00  054  1  0 00572 0
004  00  055  5  1 02442 0
004  00  056  4  1 01310 0
004  00  057  2  0 00743 0
004  00  058  2  0 00770 0
004  00  059  3  1 01146 0
004  01  000  0  8 -0747 1
004  01  001  4  1 00959 0
004  01  002  3  1 00716 0
004  01  003  3  1 01036 0
004  01  004  4  1 00728 0
004  01  005  1  0 00564 0
004  01  006  5  1 00548 0
004  01  007  0  0 00948 0
004  01  008  1  0 00637 0
004  01  009  0  0 00498 0
004  01  010  2  0 00582 0
004  01  011  4  1 00647 0
004  01  012  0  0 00547 0
004  01  013  3  1 00624 0
004  01  014  4  1 00702 0
004  01  015  1  0 00690 0
004  01  016  1  0 00804 0
004  01  017  0  0 00575 0
004  01  018  5  1 00463 0
004  01  019  4  1 00524 0
004  01  020  5  1 00625 0
004  01  021  2  0 00606 0
004  01  022  4  1 00872 0
004  01  023  2  0 00578 0
004  01  024  4  1 00890 0
004  01  025  0  0 00574 0
004  01  026  3  1 00558 0
004  01  027  2  0 00513 0
004  01  028  3  1 00645 0
004  01  029  4  1 00598 0
004  01  030  2  0 00643 0
004  01  031  0  0 00420 0
004  01  032  0  0 00474 0
004  01  033  3  1 00393 0
004  01  034  0  0 00398 0
004  01  035  2  0 00771 0
004  01  036  4  1 00492 0
004  01  037  5  1 00605 0
004  01  038  1  0 00671 0
004  01  039  5  1 00509 0
004  01  040  5  1 00518 0
004  01  041  0  0 00556 0
004  01  042  3  1 00613 0
004  01  043  3  1 00507 0
004  01  044  3  1 00459 0
004  01  045  4  1 00574 0
004  01  046  1  0 00607 0
004  01  047  5  1 00708 0
004  01  048  2  0 00660 0
004  01  049  0  0 00670 0
004  01  050  5  1 00789 0
004  01  051  2  0 00684 0
004  01  052  2  0 00701 0
004  01  053  4  1 01033 0
004  01  054  4  1 00608 0
004  01  055  3  1 00872 0
004  01  056  4  1 00482 0
004  01  057  0  0 00770 0
004  01  058  3  1 00485 0
004  01  059  3  1 00568 0
004  02  000  3  1 00874 0
004  02  001  3  1 00455 0
004  02  002  4  1 00476 0
004  02  003  4  1 00505 0
004  02  004  4  1 00412 0
004  02  005  1  0 00371 0
004  02  006  0  0 00576 0
004  02  007  3  1 00398 0
004  02  008  2  0 00557 0
004  02  009  1  0 00766 0
004  02  010  1  0 00393 0
004  02  011  0  0 00481 0
004  02  012  0  0 00549 0
004  02  013  2  0 00720 0
004  02  014  3  1 00411 0
004  02  015  1  0 00655 0
004  02  016  5  1 00517 0
004  02  017  4  1 00416 0
004  02  018  0  0 00507 0
004  02  019  5  1 00610 0
004  02  020  4  1 00739 0
004  02  021  2  0 00561 0
004  02  022  2  0 00386 0
004  02  023  2  0 00413 0
004  02  024  0  0 00391 0
004  02  025  2  0 00472 0
004  02  026  3  1 00377 0
004  02  027  4  1 00503 0
004  02  028  2  0 00516 0
004  02  029  2  0 00415 0
004  02  030  3  1 00600 0
004  02  031  3  1 00482 0
004  02  032  2  0 00587 0
004  02  033  1  0 00693 0
004  02  034  3  1 00602 0
004  02  035  2  0 00611 0
004  02  036  2  0 00525 0
004  02  037  5  1 00564 0
004  02  038  0  0 00458 0
004  02  039  0  0 00482 0
004  02  040  4  1 00498 0
004  02  041  3  1 00581 0
004  02  042  0  0 00579 0
004  02  043  0  1 00436 1
004  02  044  0  0 01287 0
004  02  045  5  1 00628 0
004  02  046  1  0 00631 0
004  02  047  4  1 01392 0
004  02  048  2  0 00595 0
004  02  049  1  0 00585 0
004  02  050  5  1 00614 0
004  02  051  3  1 01036 0
004  02  052  1  0 00794 0
004  02  053  0  0 00763 0
004  02  054  5  1 00604 0
004  02  055  0  0 00723 0
004  02  056  0  0 00485 0
004  02  057  1  0 00876 0
004  02  058  4  1 00567 0
004  02  059  1  0 00467 0
004  03  000  1  0 00584 0
004  03  001  1  0 00406 0
004  03  002  2  0 00690 0
004  03  003  3  1 00463 0
004  03  004  2  0 00664 0
004  03  005  2  0 00608 0
004  03  006  5  1 00541 0
004  03  007  3  1 00814 0
004  03  008  2  0 00691 0
004  03  009  1  0 00538 0
004  03  010  3  1 00550 0
004  03  011  4  0 00408 1
004  03  012  1  0 00722 0
004  03  013  0  0 00534 0
004  03  014  5  1 00721 0
004  03  015  1  0 01271 0
004  03  016  2  0 00918 0
004  03  017  1  0 00846 0
004  03  018  2  0 00449 0
004  03  019  2  0 00434 0
004  03  020  4  1 00569 0
004  03  021  0  0 00585 0
004  03  022  5  1 00423 0
004  03  023  0  0 00491 0
004  03  024  0  0 00490 0
004  03  025  1  0 00510 0
004  03  026  1  0 00465 0
004  03  027  4  1 00723 0
004  03  028  5  1 00409 0
004  03  029  4  1 00499 0
004  03  030  1  0 00530 0
004  03  031  3  1 00832 0
004  03  032  2  0 00785 0
004  03  033  5  1 00597 0
004  03  034  0  0 01144 0
004  03  035  5  1 00611 0
004  03  036  3  1 00649 0
004  03  037  3  1 00416 0
004  03  038  5  1 00498 0
004  03  039  4  1 00617 0
004  03  040  3  1 00439 0
004  03  041  4  1 00480 0
004  03  042  4  1 00452 0
004  03  043  1  0 00610 0
004  03  044  5  1 00471 0
004  03  045  2  0 00576 0
004  03  046  3  1 00509 0
004  03  047  2  0 00542 0
004  03  048  4  1 00569 0
004  03  049  3  1 00510 0
004  03  050  0  0 00609 0
004  03  051  5  1 00607 0
004  03  052  0  0 00410 0
004  03  053  0  0 00361 0
004  03  054  4  1 00538 0
004  03  055  5  1 00537 0
004  03  056  5  1 00499 0
004  03  057  2  0 00556 0
004  03  058  2  0 00515 0
004  03  059  5  1 00751 0
004  04  000  5  1 00611 0
004  04  001  3  1 00555 0
004  04  002  0  0 00550 0
004  04  003  0  0 00431 0
004  04  004  5  1 00496 0
004  04  005  3  1 00615 0
004  04  006  2  0 00597 0
004  04  007  1  0 00506 0
004  04  008  4  1 00522 0
004  04  009  5  1 00660 0
004  04  010  0  0 00749 0
004  04  011  0  0 00729 0
004  04  012  4  1 00603 0
004  04  013  1  0 00837 0
004  04  014  1  0 00664 0
004  04  015  5  1 00536 0
004  04  016  4  1 00509 0
004  04  017  0  0 00641 0
004  04  018  5  1 01161 0
004  04  019  3  1 00692 0
004  04  020  1  0 00584 0
004  04  021  1  0 00493 0
004  04  022  3  1 00466 0
004  04  023  0  0 00811 0
004  04  024  2  0 00573 0
004  04  025  5  1 00596 0
004  04  026  3  1 01636 0
004  04  027  2  0 00546 0
004  04  028  5  1 00643 0
004  04  029  3  1 00558 0
004  04  030  5  1 00585 0
004  04  031  5  1 00483 0
004  04  032  1  0 00563 0
004  04  033  3  1 00649 0
004  04  034  2  0 00544 0
004  04  035  1  0 00891 0
004  04  036  1  0 00529 0
004  04  037  4  1 00583 0
004  04  038  5  1 00667 0
004  04  039  4  1 00524 0
004  04  040  2  0 00449 0
004  04  041  2  0 00452 0
004  04  042  1  0 00475 0
004  04  043  5  1 00473 0
004  04  044  3  1 00510 0
004  04  045  3  1 00418 0
004  04  046  1  0 00454 0
004  04  047  3  0 00494 1
004  04  048  3  1 00621 0
004  04  049  3  1 00456 0
004  04  050  1  0 00837 0
004  04  051  3  1 00701 0
004  04  052  3  1 00564 0
004  04  053  0  0 00469 0
004  04  054  5  1 00565 0
004  04  055  2  0 00569 0
004  04  056  1  0 00781 0
004  04  057  0  0 00559 0
004  04  058  2  0 00492 0
004  04  059  2  0 00412 0
004  05  000  0  0 00673 0
004  05  001  1  0 00619 0
004  05  002  4  1 00598 0
004  05  003  0  0 00520 0
004  05  004  3  1 00590 0
004  05  005  0  0 00773 0
004  05  006  4  1 00715 0
004  05  007  5  1 00465 0
004  05  008  2  0 00526 0
004  05  009  2  0 00522 0
004  05  010  1  0 00520 0
004  05  011  1  0 00583 0
004  05  012  4  1 00541 0
004  05  013  5  1 00575 0
004  05  014  1  0 00959 0
004  05  015  4  1 00563 0
004  05  016  1  0 00695 0
004  05  017  4  1 00433 0
004  05  018  3  1 00492 0
004  05  019  5  1 00915 0
004  05  020  3  1 00545 0
004  05  021  0  0 00588 0
004  05  022  1  0 00477 0
004  05  023  0  0 00481 0
004  05  024  1  0 00866 0
004  05  025  2  0 00474 0
004  05  026  1  0 00525 0
004  05  027  0  0 00456 0
004  05  028  0  0 00538 0
004  05  029  3  1 00528 0
004  05  030  3  1 00463 0
004  05  031  5  1 00524 0
004  05  032  1  0 00453 0
004  05  033  4  1 00483 0
004  05  034  0  0 00466 0
004  05  035  2  0 00642 0
004  05  036  4  1 00591 0
004  05  037  2  0 00821 0
004  05  038  3  1 00506 0
004  05  039  5  1 00611 0
004  05  040  5  1 00503 0
004  05  041  0  0 00511 0
004  05  042  4  1 00565 0
004  05  043  5  1 00529 0
004  05  044  0  0 00523 0
004  05  045  3  1 00631 0
004  05  046  5  1 00550 0
004  05  047  4  1 00628 0
004  05  048  2  0 00590 0
004  05  049  4  1 00402 0
004  05  050  1  0 00594 0
004  05  051  0  0 00662 0
004  05  052  0  0 00579 0
004  05  053  4  1 00641 0
004  05  054  5  1 00589 0
004  05  055  5  1 00513 0
004  05  056  4  1 00648 0
004  05  057  5  1 00944 0
004  05  058  5  1 00976 0
004  05  059  4  1 00741 0
