020  00  000  5  1 02991 0
020  00  001  2  0 00859 0
020  00  002  1  0 00494 0
020  00  003  2  0 00623 0
020  00  004  1  0 00514 0
020  00  005  3  1 00643 0
020  00  006  5  1 00490 0
020  00  007  3  1 00657 0
020  00  008  4  1 00503 0
020  00  009  4  1 00480 0
020  00  010  5  1 00417 0
020  00  011  4  1 00443 0
020  00  012  2  0 00543 0
020  00  013  5  1 00581 0
020  00  014  0  0 00561 0
020  00  015  4  1 00416 0
020  00  016  0  0 00604 0
020  00  017  3  1 00586 0
020  00  018  2  0 00653 0
020  00  019  0  0 00584 0
020  00  020  3  1 00574 0
020  00  021  4  1 00687 0
020  00  022  2  0 00593 0
020  00  023  0  0 00727 0
020  00  024  2  0 00799 0
020  00  025  0  0 00553 0
020  00  026  1  0 00467 0
020  00  027  0  0 00463 0
020  00  028  3  1 00671 0
020  00  029  4  1 00414 0
020  00  030  1  0 00493 0
020  00  031  3  1 00514 0
020  00  032  5  1 00533 0
020  00  033  3  1 00478 0
020  00  034  4  1 00425 0
020  00  035  2  0 00500 0
020  00  036  2  0 00410 0
020  00  037  3  1 00543 0
020  00  038  1  0 00464 0
020  00  039  1  0 00462 0
020  00  040  2  0 00540 0
020  00  041  5  1 00529 0
020  00  042  0  0 00453 0
020  00  043  4  1 00460 0
020  00  044  2  0 00459 0
020  00  045  5  1 00519 0
020  00  046  2  0 00557 0
020  00  047  1  0 00458 0
020  00  048  1  0 00427 0
020  00  049  0  0 00495 0
020  00  050  5  1 00460 0
020  00  051  0  0 00534 0
020  00  052  1  0 00393 0
020  00  053  1  0 00373 0
020  00  054  4  1 00475 0
020  00  055  2  0 00478 0
020  00  056  3  1 00505 0
020  00  057  1  0 00390 0
020  00  058  5  1 00369 0
020  00  059  5  1 00431 0
020  01  000  0  0 00651 0
020  01  001  5  1 00424 0
020  01  002  5  1 00428 0
020  01  003  0  0 00442 0
020  01  004  0  0 00457 0
020  01  005  3  1 00396 0
020  01  006  3  1 00375 0
020  01  007  1  0 00426 0
020  01  008  1  0 00365 0
020  01  009  0  0 00534 0
020  01  010  0  0 00411 0
020  01  011  4  1 00474 0
020  01  012  4  1 00426 0
020  01  013  1  0 00386 0
020  01  014  1  0 00391 0
020  01  015  5  1 00453 0
020  01  016  4  1 00520 0
020  01  017  3  1 00658 0
020  01  018  5  1 00424 0
020  01  019  0  0 00427 0
020  01  020  1  0 00382 0
020  01  021  3  1 00569 0
020  01  022  3  1 00620 0
020  01  023  4  1 00501 0
020  01  024  2  0 00470 0
020  01  025  0  0 00421 0
020  01  026  2  0 00474 0
020  01  027  3  1 00507 0
020  01  028  5  1 00427 0
020  01  029  3  1 00436 0
020  01  030  4  1 00398 0
020  01  031  0  0 00512 0
020  01  032  4  0 00475 1
020  01  033  5  1 00619 0
020  01  034  4  1 00399 0
020  01  035  5  1 00445 0
020  01  036  0  0 00513 0
020  01  037  1  0 00870 0
020  01  038  3  1 00680 0
020  01  039  5  1 00445 0
020  01  040  0  0 00485 0
020  01  041  3  1 00398 0
020  01  042  3  1 00415 0
020  01  043  2  0 00488 0
020  01  044  1  0 00495 0
020  01  045  3  1 00523 0
020  01  046  1  0 00480 0
020  01  047  4  1 00508 0
020  01  048  0  0 00803 0
020  01  049  0  0 00424 0
020  01  050  2  1 00410 1
020  01  051  5  1 00534 0
020  01  052  1  0 00626 0
020  01  053  5  1 00571 0
020  01  054  4  1 00600 0
020  01  055  1  0 00562 0
020  01  056  2  0 00713 0
020  01  057  1  0 00552 0
020  01  058  2  0 00366 0
020  01  059  3  1 00494 0
020  02  000  1  0 00987 0
020  02  001  5  1 00611 0
020  02  002  2  0 00901 0
020  02  003  0  0 00442 0
020  02  004  2  0 00407 0
020  02  005  3  1 00504 0
020  02  006  4  1 00429 0
020  02  007  3  1 00442 0
020  02  008  4  1 00399 0
020  02  009  0  0 00407 0
020  02  010  5  1 00442 0
020  02  011  3  1 00577 0
020  02  012  0  0 00611 0
020  02  013  4  1 00467 0
020  02  014  4  1 00399 0
020  02  015  1  0 00413 0
020  02  016  5  1 00352 0
020  02  017  4  1 00412 0
020  02  018  1  0 00481 0
020  02  019  0  0 00553 0
020  02  020  4  1 00595 0
020  02  021  5  1 00443 0
020  02  022  5  1 00390 0
020  02  023  4  1 00411 0
020  02  024  5  1 00625 0
020  02  025  5  1 00366 0
020  02  026  0  0 00511 0
020  02  027  3  1 00504 0
020  02  028  1  0 00465 0
020  02  029  5  1 00419 0
020  02  030  4  1 00395 0
020  02  031  2  0 00426 0
020  02  032  2  0 00419 0
020  02  033  0  0 00506 0
020  02  034  0  0 00381 0
020  02  035  2  0 00514 0
020  02  036  0  0 00425 0
020  02  037  5  1 00431 0
020  02  038  3  1 00465 0
020  02  039  3  1 00465 0
020  02  040  2  0 00503 0
020  02  041  2  0 00376 0
020  02  042  4  1 00560 0
020  02  043  3  1 00454 0
020  02  044  4  1 00471 0
020  02  045  2  0 00533 0
020  02  046  5  1 00460 0
020  02  047  2  0 00566 0
020  02  048  5  1 00514 0
020  02  049  4  1 00458 0
020  02  050  1  0 00460 0
020  02  051  3  0 00487 1
020  02  052  2  0 00570 0
020  02  053  5  1 00503 0
020  02  054  3  1 00611 0
020  02  055  2  0 00531 0
020  02  056  4  1 00527 0
020  02  057  1  0 00506 0
020  02  058  0  0 00585 0
020  02  059  1  0 00609 0
020  03  000  1  0 00654 0
020  03  001  2  0 00393 0
020  03  002  5  1 00519 0
020  03  003  5  1 00401 0
020  03  004  1  0 00471 0
020  03  005  0  0 00595 0
020  03  006  0  0 00442 0
020  03  007  0  0 00337 0
020  03  008  0  0 00595 0
020  03  009  4  1 00511 0
020  03  010  3  1 00584 0
020  03  011  3  1 00408 0
020  03  012  1  0 00444 0
020  03  013  2  0 00625 0
020  03  014  0  0 00484 0
020  03  015  1  0 00510 0
020  03  016  2  0 00426 0
020  03  017  5  1 00447 0
020  03  018  0  0 00549 0
020  03  019  1  0 00436 0
020  03  020  1  0 00412 0
020  03  021  1  0 00420 0
020  03  022  1  0 00368 0
020  03  023  1  0 00520 0
020  03  024  5  1 00594 0
020  03  025  2  0 00498 0
020  03  026  2  0 01135 0
020  03  027  4  1 00531 0
020  03  028  5  1 00453 0
020  03  029  2  0 00488 0
020  03  030  2  0 00466 0
020  03  031  2  0 00412 0
020  03  032  0  0 00695 0
020  03  033  2  0 00502 0
020  03  034  4  1 00583 0
020  03  035  3  1 00604 0
020  03  036  4  1 00466 0
020  03  037  3  1 00666 0
020  03  038  4  1 00572 0
020  03  039  4  1 00381 0
020  03  040  0  0 00663 0
020  03  041  4  1 00575 0
020  03  042  3  1 00554 0
020  03  043  0  0 00695 0
020  03  044  3  1 00500 0
020  03  045  2  1 00432 1
020  03  046  3  1 00736 0
020  03  047  4  1 00511 0
020  03  048  1  0 00443 0
020  03  049  4  1 00530 0
020  03  050  5  1 00772 0
020  03  051  1  0 00478 0
020  03  052  5  1 00553 0
020  03  053  1  0 00481 0
020  03  054  5  1 00481 0
020  03  055  4  1 00496 0
020  03  056  0  0 00397 0
020  03  057  1  0 00756 0
020  03  058  5  0 00679 1
020  03  059  3  1 00823 0
020  04  000  1  0 00629 0
020  04  001  3  1 00537 0
020  04  002  0  0 00385 0
020  04  003  0  0 00413 0
020  04  004  2  0 00529 0
020  04  005  3  1 00555 0
020  04  006  2  0 00472 0
020  04  007  1  0 00452 0
020  04  008  1  0 00369 0
020  04  009  0  0 00448 0
020  04  010  5  1 00440 0
020  04  011  5  1 00458 0
020  04  012  4  1 00435 0
020  04  013  2  0 00544 0
020  04  014  5  1 00617 0
020  04  015  2  0 00466 0
020  04  016  2  0 00469 0
020  04  017  4  1 00641 0
020  04  018  0  0 00474 0
020  04  019  5  1 00493 0
020  04  020  3  1 00517 0
020  04  021  2  0 00425 0
020  04  022  3  1 00385 0
020  04  023  2  0 00446 0
020  04  024  3  1 00446 0
020  04  025  3  1 00439 0
020  04  026  5  1 00521 0
020  04  027  0  0 00361 0
020  04  028  4  1 00557 0
020  04  029  0  0 00579 0
020  04  030  2  0 00728 0
020  04  031  0  0 00516 0
020  04  032  5  1 00431 0
020  04  033  0  0 00505 0
020  04  034  0  0 00406 0
020  04  035  1  0 00465 0
020  04  036  1  0 00469 0
020  04  037  4  1 00782 0
020  04  038  0  0 00429 0
020  04  039  4  0 00421 1
020  04  040  4  1 02265 0
020  04  041  2  0 00527 0
020  04  042  4  1 00501 0
020  04  043  4  1 00442 0
020  04  044  1  0 00572 0
020  04  045  3  1 00786 0
020  04  046  5  1 00948 0
020  04  047  3  1 00495 0
020  04  048  1  0 00482 0
020  04  049  1  0 00588 0
020  04  050  3  1 00591 0
020  04  051  5  1 00487 0
020  04  052  1  0 00449 0
020  04  053  3  1 00432 0
020  04  054  0  0 00455 0
020  04  055  1  0 00582 0
020  04  056  4  1 00521 0
020  04  057  0  0 00445 0
020  04  058  4  1 00434 0
020  04  059  2  0 00475 0
020  05  000  0  0 00674 0
020  05  001  4  1 00580 0
020  05  002  4  1 00455 0
020  05  003  5  1 00457 0
020  05  004  2  1 00362 1
020  05  005  2  0 00846 0
020  05  006  5  1 00543 0
020  05  007  1  0 00500 0
020  05  008  5  1 00508 0
020  05  009  3  0 00610 1
020  05  010  3  1 01856 0
020  05  011  3  1 00482 0
020  05  012  2  0 00492 0
020  05  013  4  1 00610 0
020  05  014  3  1 00511 0
020  05  015  2  0 00487 0
020  05  016  3  1 00570 0
020  05  017  5  1 00444 0
020  05  018  0  0 00467 0
020  05  019  2  0 00709 0
020  05  020  2  0 00408 0
020  05  021  3  1 00419 0
020  05  022  1  0 01240 0
020  05  023  4  1 00451 0
020  05  024  5  1 00409 0
020  05  025  3  1 00419 0
020  05  026  3  1 00362 0
020  05  027  2  0 00473 0
020  05  028  3  1 00389 0
020  05  029  4  1 00499 0
020  05  030  5  1 00419 0
020  05  031  0  0 00428 0
020  05  032  4  1 00593 0
020  05  033  4  1 00416 0
020  05  034  1  0 00485 0
020  05  035  0  0 00489 0
020  05  036  4  1 00394 0
020  05  037  1  0 00575 0
020  05  038  5  1 00460 0
020  05  039  1  0 00415 0
020  05  040  1  0 00528 0
020  05  041  0  0 00398 0
020  05  042  5  1 00446 0
020  05  043  0  0 00536 0
020  05  044  0  0 00404 0
020  05  045  5  1 00425 0
020  05  046  5  1 00394 0
020  05  047  2  0 00520 0
020  05  048  2  0 00508 0
020  05  049  2  0 00405 0
020  05  050  2  0 00418 0
020  05  051  4  1 00546 0
020  05  052  1  0 00494 0
020  05  053  4  1 00557 0
020  05  054  3  1 00742 0
020  05  055  3  1 00971 0
020  05  056  3  1 00718 0
020  05  057  1  0 00536 0
020  05  058  0  0 00637 0
020  05  059  5  1 00541 0
