029  00  000  1  0 01747 0
029  00  001  0  0 00506 0
029  00  002  1  0 00447 0
029  00  003  3  0 00418 1
029  00  004  4  1 00627 0
029  00  005  4  1 00431 0
029  00  006  3  1 00418 0
029  00  007  5  1 00475 0
029  00  008  5  1 00403 0
029  00  009  5  1 00332 0
029  00  010  3  1 00453 0
029  00  011  1  0 00556 0
029  00  012  2  0 00449 0
029  00  013  1  0 00425 0
029  00  014  1  0 00433 0
029  00  015  2  0 00411 0
029  00  016  0  0 00442 0
029  00  017  2  0 00513 0
029  00  018  3  0 00491 1
029  00  019  0  0 00729 0
029  00  020  1  0 00613 0
029  00  021  5  1 00627 0
029  00  022  5  1 00414 0
029  00  023  1  0 00461 0
029  00  024  0  0 00631 0
029  00  025  0  0 00492 0
029  00  026  2  0 00526 0
029  00  027  3  1 00597 0
029  00  028  4  1 00465 0
029  00  029  2  0 00529 0
029  00  030  0  0 00503 0
029  00  031  3  1 00532 0
029  00  032  1  0 00486 0
029  00  033  4  1 00523 0
029  00  034  4  1 00503 0
029  00  035  1  0 00525 0
029  00  036  0  0 00542 0
029  00  037  0  0 00632 0
029  00  038  0  0 00462 0
029  00  039  4  1 00618 0
029  00  040  3  1 00535 0
029  00  041  0  0 00598 0
029  00  042  4  1 00581 0
029  00  043  2  0 00731 0
029  00  044  1  0 00586 0
029  00  045  5  1 00627 0
029  00  046  3  1 00601 0
029  00  047  0  0 00604 0
029  00  048  4  1 00478 0
029  00  049  2  0 00532 0
029  00  050  3  1 00485 0
029  00  051  0  0 00469 0
029  00  052  4  1 00467 0
029  00  053  3  1 00553 0
029  00  054  5  1 00558 0
029  00  055  2  0 00514 0
029  00  056  4  1 00457 0
029  00  057  0  0 00554 0
029  00  058  4  1 00463 0
029  00  059  3  1 00464 0
029  01  000  0  0 00548 0
029  01  001  4  1 00515 0
029  01  002  2  0 00443 0
029  01  003  1  0 00451 0
029  01  004  5  1 00461 0
029  01  005  4  1 00526 0
029  01  006  0  0 00499 0
029  01  007  4  1 00447 0
029  01  008  0  0 00417 0
029  01  009  4  1 00603 0
029  01  010  3  1 00492 0
029  01  011  3  1 00379 0
029  01  012  2  0 00536 0
029  01  013  4  1 00523 0
029  01  014  5  1 00656 0
029  01  015  2  0 00393 0
029  01  016  5  1 00554 0
029  01  017  2  0 00528 0
029  01  018  4  1 00403 0
029  01  019  0  0 00414 0
029  01  020  5  1 00400 0
029  01  021  5  1 00495 0
029  01  022  1  0 00623 0
029  01  023  1  0 00419 0
029  01  024  1  0 00479 0
029  01  025  3  1 00464 0
029  01  026  1  0 00463 0
029  01  027  0  0 00495 0
029  01  028  0  0 00463 0
029  01  029  4  1 00475 0
029  01  030  4  1 00637 0
029  01  031  4  1 00455 0
029  01  032  0  0 00591 0
029  01  033  2  1 00446 1
029  01  034  5  1 00630 0
029  01  035  2  1 00414 1
029  01  036  3  1 00511 0
029  01  037  1  0 00376 0
029  01  038  5  1 00406 0
029  01  039  1  0 00531 0
029  01  040  0  0 00535 0
029  01  041  1  0 00479 0
029  01  042  3  1 00504 0
029  01  043  2  0 00436 0
029  01  044  4  1 00526 0
029  01  045  5  1 00395 0
029  01  046  2  0 00446 0
029  01  047  2  0 00461 0
029  01  048  5  1 00479 0
029  01  049  4  1 00483 0
029  01  050  3  1 00506 0
029  01  051  1  0 00549 0
029  01  052  1  0 00407 0
029  01  053  1  0 00416 0
029  01  054  0  0 00436 0
029  01  055  5  1 00431 0
029  01  056  1  0 00485 0
029  01  057  1  1 00415 1
029  01  058  0  0 -0653 0
029  01  059  4  1 01320 0
029  02  000  4  1 00678 0
029  02  001  1  0 00488 0
029  02  002  1  1 00407 1
029  02  003  5  1 00622 0
029  02  004  4  1 00469 0
029  02  005  5  1 00443 0
029  02  006  3  1 00545 0
029  02  007  2  0 00458 0
029  02  008  4  1 00601 0
029  02  009  1  0 00611 0
029  02  010  1  0 00353 0
029  02  011  5  1 00684 0
029  02  012  5  1 00480 0
029  02  013  0  0 00462 0
029  02  014  2  0 00399 0
029  02  015  1  0 00462 0
029  02  016  3  1 00512 0
029  02  017  5  1 00434 0
029  02  018  2  0 00465 0
029  02  019  0  0 00421 0
029  02  020  2  1 00412 1
029  02  021  1  0 -0788 0
029  02  022  5  1 00521 0
029  02  023  0  0 00557 0
029  02  024  4  1 00541 0
029  02  025  5  1 00557 0
029  02  026  1  0 00903 0
029  02  027  2  0 00650 0
029  02  028  2  0 00387 0
029  02  029  2  0 00381 0
029  02  030  4  1 00420 0
029  02  031  3  1 00393 0
029  02  032  1  0 00496 0
029  02  033  5  1 00387 0
029  02  034  0  0 00443 0
029  02  035  2  0 00543 0
029  02  036  0  0 00323 0
029  02  037  0  0 00439 0
029  02  038  1  0 00571 0
029  02  039  4  1 00466 0
029  02  040  0  0 00419 0
029  02  041  5  1 00478 0
029  02  042  0  0 00417 0
029  02  043  1  0 00484 0
029  02  044  0  0 00566 0
029  02  045  0  0 00417 0
029  02  046  2  1 00459 1
029  02  047  4  0 -0734 1
029  02  048  5  1 00808 0
029  02  049  5  1 00418 0
029  02  050  4  1 00571 0
029  02  051  2  0 00474 0
029  02  052  2  0 00408 0
029  02  053  1  0 00406 0
029  02  054  1  0 00357 0
029  02  055  3  1 00459 0
029  02  056  1  0 00438 0
029  02  057  3  1 00428 0
029  02  058  3  1 00415 0
029  02  059  5  1 00463 0
029  03  000  3  1 01003 0
029  03  001  3  1 00349 0
029  03  002  2  1 00379 1
029  03  003  2  0 00665 0
029  03  004  2  0 00391 0
029  03  005  5  1 00586 0
029  03  006  0  0 00474 0
029  03  007  4  1 00432 0
029  03  008  5  1 00521 0
029  03  009  3  1 00365 0
029  03  010  2  0 00471 0
029  03  011  1  0 00481 0
029  03  012  5  1 00518 0
029  03  013  5  1 00455 0
029  03  014  4  1 00466 0
029  03  015  0  0 00410 0
029  03  016  4  1 00504 0
029  03  017  0  0 00426 0
029  03  018  3  1 00633 0
029  03  019  3  1 00519 0
029  03  020  5  1 00499 0
029  03  021  5  1 00356 0
029  03  022  3  1 00476 0
029  03  023  0  0 00397 0
029  03  024  4  1 00452 0
029  03  025  3  1 00535 0
029  03  026  5  1 00634 0
029  03  027  2  0 00546 0
029  03  028  5  1 00398 0
029  03  029  0  0 00432 0
029  03  030  3  1 00482 0
029  03  031  0  0 00415 0
029  03  032  2  1 00425 1
029  03  033  0  0 00594 0
029  03  034  5  1 00417 0
029  03  035  2  0 00637 0
029  03  036  0  0 00452 0
029  03  037  4  1 00525 0
029  03  038  0  0 00452 0
029  03  039  1  0 00450 0
029  03  040  2  0 00437 0
029  03  041  1  0 00371 0
029  03  042  0  0 00425 0
029  03  043  4  0 00391 1
029  03  044  2  1 -0777 1
029  03  045  2  0 00678 0
029  03  046  5  1 00702 0
029  03  047  4  1 00591 0
029  03  048  1  0 00511 0
029  03  049  3  1 00420 0
029  03  050  4  1 00556 0
029  03  051  3  1 00760 0
029  03  052  4  1 00581 0
029  03  053  1  0 00472 0
029  03  054  2  0 00620 0
029  03  055  2  0 00449 0
029  03  056  1  0 00448 0
029  03  057  2  0 00471 0
029  03  058  5  1 00389 0
029  03  059  3  1 00562 0
029  04  000  5  1 01888 0
029  04  001  0  0 00461 0
029  04  002  4  1 00425 0
029  04  003  4  1 00437 0
029  04  004  2  0 00442 0
029  04  005  5  1 00385 0
029  04  006  5  1 00378 0
029  04  007  3  1 00470 0
029  04  008  0  0 00414 0
029  04  009  2  0 00505 0
029  04  010  0  0 00515 0
029  04  011  4  1 00427 0
029  04  012  2  0 00397 0
029  04  013  3  1 00629 0
029  04  014  2  0 00386 0
029  04  015  4  1 00461 0
029  04  016  5  1 00582 0
029  04  017  0  0 00456 0
029  04  018  1  0 00565 0
029  04  019  3  1 00527 0
029  04  020  4  1 00414 0
029  04  021  2  0 00473 0
029  04  022  3  1 00412 0
029  04  023  4  1 00530 0
029  04  024  3  0 00376 1
029  04  025  1  1 -0799 1
029  04  026  3  1 00598 0
029  04  027  0  0 00606 0
029  04  028  2  0 00685 0
029  04  029  2  0 00592 0
029  04  030  5  1 00555 0
029  04  031  5  1 00437 0
029  04  032  1  0 00492 0
029  04  033  3  1 00505 0
029  04  034  1  0 00521 0
029  04  035  4  1 00420 0
029  04  036  0  0 00439 0
029  04  037  5  1 00493 0
029  04  038  2  0 00507 0
029  04  039  5  1 00874 0
029  04  040  4  1 00581 0
029  04  041  5  1 00518 0
029  04  042  5  1 00496 0
029  04  043  0  0 00508 0
029  04  044  3  1 00605 0
029  04  045  4  1 00809 0
029  04  046  1  0 00517 0
029  04  047  1  0 00465 0
029  04  048  1  0 00339 0
029  04  049  0  0 00452 0
029  04  050  0  0 00495 0
029  04  051  1  0 00352 0
029  04  052  2  0 00531 0
029  04  053  4  1 00458 0
029  04  054  4  1 00507 0
029  04  055  3  0 00524 1
029  04  056  5  1 -0813 0
029  04  057  2  0 00724 0
029  04  058  4  1 00508 0
029  04  059  4  1 00417 0
029  05  000  3  1 00767 0
029  05  001  5  1 00557 0
029  05  002  2  0 00472 0
029  05  003  4  1 00458 0
029  05  004  1  0 00420 0
029  05  005  5  1 00380 0
029  05  006  4  1 00419 0
029  05  007  4  1 00345 0
029  05  008  1  0 00448 0
029  05  009  2  0 00570 0
029  05  010  1  0 00493 0
029  05  011  2  0 00404 0
029  05  012  0  0 00535 0
029  05  013  5  1 00580 0
029  05  014  2  0 00422 0
029  05  015  1  0 00506 0
029  05  016  1  0 00354 0
029  05  017  5  1 00423 0
029  05  018  3  1 00699 0
029  05  019  1  0 00461 0
029  05  020  5  1 00461 0
029  05  021  1  0 00503 0
029  05  022  3  1 00577 0
029  05  023  3  1 00473 0
029  05  024  3  1 00515 0
029  05  025  0  0 00457 0
029  05  026  4  1 00426 0
029  05  027  3  1 00475 0
029  05  028  3  1 00479 0
029  05  029  5  1 00421 0
029  05  030  3  1 00422 0
029  05  031  3  1 00377 0
029  05  032  4  1 00412 0
029  05  033  1  0 00464 0
029  05  034  0  0 00507 0
029  05  035  0  0 00453 0
029  05  036  0  0 00418 0
029  05  037  0  0 00437 0
029  05  038  0  0 00438 0
029  05  039  2  0 00491 0
029  05  040  4  1 00541 0
029  05  041  4  1 00501 0
029  05  042  5  1 00448 0
029  05  043  3  1 00680 0
029  05  044  5  1 00614 0
029  05  045  2  1 00444 1
029  05  046  2  0 00553 0
029  05  047  3  1 00516 0
029  05  048  3  1 00426 0
029  05  049  1  0 00507 0
029  05  050  3  1 00515 0
029  05  051  1  0 00572 0
029  05  052  3  1 00496 0
029  05  053  2  0 00512 0
029  05  054  3  1 00638 0
029  05  055  3  1 00611 0
029  05  056  5  1 00448 0
029  05  057  0  0 00539 0
029  05  058  2  0 00502 0
029  05  059  3  1 00499 0
