037  00  000  5  1 01872 0
037  00  001  0  0 00659 0
037  00  002  0  0 00524 0
037  00  003  3  1 00642 0
037  00  004  2  0 00885 0
037  00  005  5  1 00631 0
037  00  006  5  1 00699 0
037  00  007  2  0 00570 0
037  00  008  3  1 00795 0
037  00  009  3  1 00826 0
037  00  010  3  1 01011 0
037  00  011  3  1 00965 0
037  00  012  0  0 00751 0
037  00  013  2  0 00806 0
037  00  014  5  1 00765 0
037  00  015  2  0 00659 0
037  00  016  5  1 00753 0
037  00  017  2  0 01027 0
037  00  018  5  1 00548 0
037  00  019  2  0 00973 0
037  00  020  5  1 00565 0
037  00  021  5  1 00570 0
037  00  022  1  0 00747 0
037  00  023  2  0 00802 0
037  00  024  3  1 00951 0
037  00  025  3  1 00509 0
037  00  026  2  0 00543 0
037  00  027  5  1 00582 0
037  00  028  0  0 00654 0
037  00  029  3  1 00521 0
037  00  030  2  0 00669 0
037  00  031  3  1 00460 0
037  00  032  2  0 00671 0
037  00  033  0  0 00739 0
037  00  034  0  0 00590 0
037  00  035  1  0 00713 0
037  00  036  1  0 00522 0
037  00  037  4  1 00713 0
037  00  038  5  1 00510 0
037  00  039  5  1 00628 0
037  00  040  4  1 01076 0
037  00  041  4  1 00561 0
037  00  042  4  1 00518 0
037  00  043  3  1 00706 0
037  00  044  1  0 00934 0
037  00  045  4  1 00823 0
037  00  046  5  1 01132 0
037  00  047  3  1 00699 0
037  00  048  2  0 01084 0
037  00  049  4  1 00785 0
037  00  050  3  1 01038 0
037  00  051  3  1 01119 0
037  00  052  0  0 00731 0
037  00  053  3  1 00633 0
037  00  054  0  0 00597 0
037  00  055  0  0 00602 0
037  00  056  3  1 01108 0
037  00  057  5  1 00782 0
037  00  058  2  0 01155 0
037  00  059  2  0 00731 0
037  01  000  4  1 00757 0
037  01  001  0  0 00801 0
037  01  002  1  0 00736 0
037  01  003  3  1 01506 0
037  01  004  0  0 00907 0
037  01  005  3  1 00809 0
037  01  006  1  0 00854 0
037  01  007  2  0 00763 0
037  01  008  1  0 00942 0
037  01  009  2  0 00642 0
037  01  010  5  1 01117 0
037  01  011  4  1 00580 0
037  01  012  1  0 01077 0
037  01  013  0  0 00983 0
037  01  014  4  1 01876 0
037  01  015  0  0 00547 0
037  01  016  2  0 00876 0
037  01  017  2  0 00455 0
037  01  018  1  0 00687 0
037  01  019  1  0 00433 0
037  01  020  3  1 00796 0
037  01  021  3  1 00972 0
037  01  022  5  1 00711 0
037  01  023  0  0 00788 0
037  01  024  1  0 02849 0
037  01  025  3  1 00856 0
037  01  026  3  1 00875 0
037  01  027  5  1 00538 0
037  01  028  1  0 00835 0
037  01  029  5  1 00727 0
037  01  030  0  0 00726 0
037  01  031  5  1 00669 0
037  01  032  4  1 01038 0
037  01  033  4  1 00870 0
037  01  034  0  0 00578 0
037  01  035  2  0 00721 0
037  01  036  0  0 01105 0
037  01  037  4  1 02168 0
037  01  038  2  0 00989 0
037  01  039  1  0 00942 0
037  01  040  4  1 00629 0
037  01  041  0  0 00727 0
037  01  042  5  1 01233 0
037  01  043  1  0 00852 0
037  01  044  0  0 01664 0
037  01  045  1  0 00622 0
037  01  046  2  0 00525 0
037  01  047  4  1 00516 0
037  01  048  0  0 00633 0
037  01  049  1  0 00546 0
037  01  050  2  0 01376 0
037  01  051  5  1 00536 0
037  01  052  4  1 01082 0
037  01  053  3  1 00699 0
037  01  054  3  1 00685 0
037  01  055  0  0 01020 0
037  01  056  5  1 00813 0
037  01  057  2  0 00948 0
037  01  058  5  1 01204 0
037  01  059  0  0 00834 0
037  02  000  4  1 01022 0
037  02  001  3  1 00533 0
037  02  002  5  1 00495 0
037  02  003  3  1 00729 0
037  02  004  2  0 00610 0
037  02  005  2  0 00445 0
037  02  006  5  1 00592 0
037  02  007  3  1 01041 0
037  02  008  0  0 00540 0
037  02  009  4  1 00603 0
037  02  010  3  1 01189 0
037  02  011  0  0 00684 0
037  02  012  1  0 00856 0
037  02  013  0  0 01449 0
037  02  014  1  0 00590 0
037  02  015  5  1 00906 0
037  02  016  0  0 01322 0
037  02  017  0  0 00498 0
037  02  018  3  1 00773 0
037  02  019  0  0 00584 0
037  02  020  5  1 01510 0
037  02  021  0  0 05556 0
037  02  022  1  0 00784 0
037  02  023  0  0 00585 0
037  02  024  2  0 00666 0
037  02  025  3  1 00550 0
037  02  026  1  0 00798 0
037  02  027  0  0 00601 0
037  02  028  4  1 00697 0
037  02  029  3  1 00926 0
037  02  030  1  0 01311 0
037  02  031  4  1 00594 0
037  02  032  5  1 00629 0
037  02  033  1  0 00816 0
037  02  034  5  1 02832 0
037  02  035  0  0 00582 0
037  02  036  1  0 00654 0
037  02  037  0  0 00577 0
037  02  038  4  1 00602 0
037  02  039  2  0 00680 0
037  02  040  4  1 00613 0
037  02  041  4  1 00729 0
037  02  042  0  0 00818 0
037  02  043  0  0 00669 0
037  02  044  1  0 00762 0
037  02  045  4  1 00686 0
037  02  046  5  1 00555 0
037  02  047  5  1 00455 0
037  02  048  2  0 00478 0
037  02  049  1  0 00632 0
037  02  050  4  1 00736 0
037  02  051  1  0 00744 0
037  02  052  1  0 00701 0
037  02  053  0  0 00553 0
037  02  054  4  1 00705 0
037  02  055  1  0 00901 0
037  02  056  1  0 00635 0
037  02  057  5  1 00648 0
037  02  058  3  1 00703 0
037  02  059  1  0 00761 0
037  03  000  2  0 01101 0
037  03  001  4  1 00587 0
037  03  002  3  1 00803 0
037  03  003  0  0 01005 0
037  03  004  5  1 01843 0
037  03  005  4  1 00708 0
037  03  006  5  1 00818 0
037  03  007  4  1 00712 0
037  03  008  0  0 00604 0
037  03  009  4  1 00661 0
037  03  010  2  0 00789 0
037  03  011  5  1 00772 0
037  03  012  1  0 00554 0
037  03  013  3  1 00670 0
037  03  014  0  0 00632 0
037  03  015  2  0 00891 0
037  03  016  2  0 00571 0
037  03  017  1  0 01101 0
037  03  018  2  0 00665 0
037  03  019  0  0 00558 0
037  03  020  4  1 00559 0
037  03  021  1  0 00860 0
037  03  022  0  0 00916 0
037  03  023  5  1 00666 0
037  03  024  2  0 02046 0
037  03  025  1  0 01210 0
037  03  026  5  1 01585 0
037  03  027  4  1 00671 0
037  03  028  4  1 00835 0
037  03  029  5  1 00592 0
037  03  030  1  0 00621 0
037  03  031  5  1 00556 0
037  03  032  4  1 00818 0
037  03  033  3  1 00898 0
037  03  034  5  1 00538 0
037  03  035  5  1 00593 0
037  03  036  5  1 00621 0
037  03  037  1  0 00779 0
037  03  038  5  1 00773 0
037  03  039  1  0 02001 0
037  03  040  4  1 01517 0
037  03  041  1  0 01152 0
037  03  042  5  1 01025 0
037  03  043  1  0 00982 0
037  03  044  4  1 01494 0
037  03  045  1  0 00690 0
037  03  046  3  1 00794 0
037  03  047  4  1 01811 0
037  03  048  4  1 00570 0
037  03  049  3  0 01318 1
037  03  050  3  1 01805 0
037  03  051  0  0 00902 0
037  03  052  2  0 01762 0
037  03  053  0  0 01123 0
037  03  054  1  0 00509 0
037  03  055  3  1 00771 0
037  03  056  2  0 00753 0
037  03  057  1  0 00639 0
037  03  058  0  0 00483 0
037  03  059  0  0 00687 0
037  04  000  0  0 00891 0
037  04  001  2  0 00670 0
037  04  002  1  0 00807 0
037  04  003  5  1 00511 0
037  04  004  5  1 00474 0
037  04  005  2  0 00540 0
037  04  006  3  1 00676 0
037  04  007  2  0 00900 0
037  04  008  2  0 00559 0
037  04  009  0  0 00593 0
037  04  010  1  0 00478 0
037  04  011  2  0 00554 0
037  04  012  4  1 00804 0
037  04  013  5  1 00856 0
037  04  014  3  1 01866 0
037  04  015  0  0 00581 0
037  04  016  4  1 00776 0
037  04  017  5  1 00841 0
037  04  018  5  1 00913 0
037  04  019  0  0 01669 0
037  04  020  3  1 00477 0
037  04  021  1  0 00646 0
037  04  022  5  1 00505 0
037  04  023  4  1 00498 0
037  04  024  0  0 00652 0
037  04  025  4  1 00528 0
037  04  026  5  1 01838 0
037  04  027  2  0 01893 0
037  04  028  2  0 00536 0
037  04  029  5  1 00689 0
037  04  030  3  1 00516 0
037  04  031  4  1 01332 0
037  04  032  0  0 00586 0
037  04  033  4  1 00788 0
037  04  034  4  1 00863 0
037  04  035  2  0 00925 0
037  04  036  1  0 00941 0
037  04  037  3  1 00792 0
037  04  038  3  1 03445 0
037  04  039  3  1 00471 0
037  04  040  5  1 00876 0
037  04  041  1  0 00994 0
037  04  042  5  1 00699 0
037  04  043  2  0 02561 0
037  04  044  4  1 00611 0
037  04  045  0  0 00893 0
037  04  046  1  0 00855 0
037  04  047  3  1 00655 0
037  04  048  4  1 00616 0
037  04  049  2  0 00747 0
037  04  050  2  0 00795 0
037  04  051  3  1 00649 0
037  04  052  2  0 01147 0
037  04  053  0  0 01191 0
037  04  054  2  0 00708 0
037  04  055  2  0 00687 0
037  04  056  3  1 00830 0
037  04  057  2  0 00626 0
037  04  058  3  1 00847 0
037  04  059  4  1 00649 0
037  05  000  2  0 01254 0
037  05  001  5  1 00838 0
037  05  002  0  0 00737 0
037  05  003  1  0 00579 0
037  05  004  0  0 00775 0
037  05  005  4  1 00644 0
037  05  006  2  0 00765 0
037  05  007  4  1 00669 0
037  05  008  0  0 00745 0
037  05  009  4  1 00681 0
037  05  010  2  0 00615 0
037  05  011  3  1 00623 0
037  05  012  4  1 00473 0
037  05  013  1  0 00592 0
037  05  014  3  1 00517 0
037  05  015  3  1 00733 0
037  05  016  4  1 00751 0
037  05  017  2  0 00810 0
037  05  018  4  1 00533 0
037  05  019  1  0 00779 0
037  05  020  1  0 01002 0
037  05  021  5  1 00514 0
037  05  022  3  1 00944 0
037  05  023  1  0 03262 0
037  05  024  2  0 00999 0
037  05  025  3  1 00629 0
037  05  026  3  1 00779 0
037  05  027  4  1 00711 0
037  05  028  1  0 00763 0
037  05  029  2  0 00661 0
037  05  030  0  0 00729 0
037  05  031  3  1 00825 0
037  05  032  3  1 00540 0
037  05  033  5  1 01110 0
037  05  034  0  0 00919 0
037  05  035  1  0 00578 0
037  05  036  4  0 00475 1
037  05  037  3  1 01183 0
037  05  038  4  1 00881 0
037  05  039  1  0 00600 0
037  05  040  0  0 00718 0
037  05  041  1  0 00603 0
037  05  042  4  1 00541 0
037  05  043  1  0 00521 0
037  05  044  2  0 00872 0
037  05  045  1  0 00781 0
037  05  046  5  1 00565 0
037  05  047  2  0 00965 0
037  05  048  4  1 00592 0
037  05  049  2  0 00716 0
037  05  050  2  0 01381 0
037  05  051  3  1 01235 0
037  05  052  4  1 02035 0
037  05  053  5  1 00593 0
037  05  054  5  1 00692 0
037  05  055  4  1 05839 0
037  05  056  0  0 01048 0
037  05  057  1  0 01047 0
037  05  058  5  1 01802 0
037  05  059  3  1 02923 0
