036  00  000  4  0 06873 1
036  00  001  3  1 01063 0
036  00  002  3  1 00524 0
036  00  003  0  0 00703 0
036  00  004  5  1 00994 0
036  00  005  5  1 01089 0
036  00  006  0  0 00802 0
036  00  007  1  0 01076 0
036  00  008  1  0 00526 0
036  00  009  2  0 00557 0
036  00  010  5  1 00522 0
036  00  011  0  0 00564 0
036  00  012  1  0 00842 0
036  00  013  4  1 00597 0
036  00  014  1  0 00782 0
036  00  015  1  0 00490 0
036  00  016  5  1 00538 0
036  00  017  5  1 00582 0
036  00  018  1  1 00472 1
036  00  019  5  1 00752 0
036  00  020  4  1 00719 0
036  00  021  2  0 00681 0
036  00  022  5  1 00639 0
036  00  023  2  0 00636 0
036  00  024  1  0 00987 0
036  00  025  3  1 00705 0
036  00  026  3  1 00775 0
036  00  027  0  0 00586 0
036  00  028  4  1 00542 0
036  00  029  0  0 00720 0
036  00  030  2  0 01129 0
036  00  031  1  0 00624 0
036  00  032  4  1 00584 0
036  00  033  0  0 00595 0
036  00  034  0  0 00328 0
036  00  035  5  1 00572 0
036  00  036  0  0 00550 0
036  00  037  1  0 00541 0
036  00  038  4  1 00714 0
036  00  039  0  0 00554 0
036  00  040  2  0 00733 0
036  00  041  4  1 00731 0
036  00  042  4  1 00499 0
036  00  043  1  0 00551 0
036  00  044  2  0 01201 0
036  00  045  3  1 00811 0
036  00  046  2  0 02708 0
036  00  047  5  1 00545 0
036  00  048  1  0 00932 0
036  00  049  3  1 00749 0
036  00  050  0  0 00815 0
036  00  051  2  1 00640 1
036  00  052  0  0 00659 0
036  00  053  0  0 00491 0
036  00  054  4  1 00675 0
036  00  055  4  1 00580 0
036  00  056  4  1 00589 0
036  00  057  5  1 01303 0
036  00  058  1  0 00591 0
036  00  059  2  0 00576 0
036  01  000  2  0 02248 0
036  01  001  3  1 00870 0
036  01  002  5  1 00690 0
036  01  003  3  1 00830 0
036  01  004  3  1 00596 0
036  01  005  2  0 00507 0
036  01  006  5  1 00595 0
036  01  007  0  0 00569 0
036  01  008  0  0 00604 0
036  01  009  3  1 00554 0
036  01  010  5  1 00569 0
036  01  011  5  1 01430 0
036  01  012  0  0 01242 0
036  01  013  3  1 01559 0
036  01  014  5  1 00862 0
036  01  015  5  1 00591 0
036  01  016  1  0 03915 0
036  01  017  2  0 01445 0
036  01  018  3  1 00613 0
036  01  019  5  1 00980 0
036  01  020  0  0 00620 0
036  01  021  0  0 00581 0
036  01  022  3  1 00646 0
036  01  023  1  0 00935 0
036  01  024  0  0 00557 0
036  01  025  0  0 00471 0
036  01  026  0  0 00403 0
036  01  027  1  0 00627 0
036  01  028  4  1 00607 0
036  01  029  5  1 00744 0
036  01  030  0  0 00577 0
036  01  031  2  0 02076 0
036  01  032  5  1 00902 0
036  01  033  5  1 00729 0
036  01  034  3  1 00813 0
036  01  035  0  0 00568 0
036  01  036  0  0 00919 0
036  01  037  4  1 00659 0
036  01  038  0  0 00605 0
036  01  039  2  0 00991 0
036  01  040  2  0 00529 0
036  01  041  2  0 00486 0
036  01  042  3  1 00544 0
036  01  043  0  0 00473 0
036  01  044  5  1 00704 0
036  01  045  0  0 00498 0
036  01  046  3  1 00520 0
036  01  047  2  0 00940 0
036  01  048  1  0 00558 0
036  01  049  2  0 00652 0
036  01  050  5  1 00575 0
036  01  051  1  0 00540 0
036  01  052  2  0 00528 0
036  01  053  5  1 00553 0
036  01  054  1  0 00569 0
036  01  055  1  0 00520 0
036  01  056  2  0 00490 0
036  01  057  2  0 00573 0
036  01  058  2  0 00421 0
036  01  059  5  1 00937 0
036  02  000  0  0 00839 0
036  02  001  1  0 00636 0
036  02  002  2  0 00924 0
036  02  003  1  0 00606 0
036  02  004  3  0 00523 1
036  02  005  4  1 00603 0
036  02  006  0  0 00642 0
036  02  007  1  0 00490 0
036  02  008  1  0 00486 0
036  02  009  4  1 00728 0
036  02  010  4  0 00483 1
036  02  011  5  1 00616 0
036  02  012  5  1 00479 0
036  02  013  4  1 01526 0
036  02  014  5  1 00549 0
036  02  015  5  1 00368 0
036  02  016  4  1 00521 0
036  02  017  2  0 00649 0
036  02  018  3  1 00876 0
036  02  019  4  1 00651 0
036  02  020  3  1 00641 0
036  02  021  5  1 00621 0
036  02  022  0  0 00679 0
036  02  023  3  1 00828 0
036  02  024  0  0 00913 0
036  02  025  4  1 00955 0
036  02  026  2  0 01018 0
036  02  027  1  0 00724 0
036  02  028  1  0 00460 0
036  02  029  4  1 00715 0
036  02  030  3  1 00714 0
036  02  031  1  0 00735 0
036  02  032  4  1 01424 0
036  02  033  1  0 01276 0
036  02  034  3  1 00761 0
036  02  035  0  0 01331 0
036  02  036  3  1 00758 0
036  02  037  2  0 00589 0
036  02  038  1  1 01210 1
036  02  039  4  1 00833 0
036  02  040  1  0 00697 0
036  02  041  3  1 00969 0
036  02  042  1  0 00810 0
036  02  043  1  0 00794 0
036  02  044  1  0 00570 0
036  02  045  0  0 00768 0
036  02  046  2  1 00693 1
036  02  047  2  0 01298 0
036  02  048  3  1 00746 0
036  02  049  3  1 01133 0
036  02  050  0  0 00577 0
036  02  051  0  0 00864 0
036  02  052  3  0 00556 1
036  02  053  4  1 00635 0
036  02  054  3  1 00483 0
036  02  055  0  0 00604 0
036  02  056  1  0 00745 0
036  02  057  1  0 00968 0
036  02  058  2  0 -0644 0
036  02  059  4  1 00693 0
036  03  000  3  1 01044 0
036  03  001  4  1 00978 0
036  03  002  0  0 01248 0
036  03  003  0  0 00693 0
036  03  004  4  1 00815 0
036  03  005  3  1 01428 0
036  03  006  3  1 00491 0
036  03  007  0  0 00586 0
036  03  008  1  0 02210 0
036  03  009  3  1 01897 0
036  03  010  3  1 00615 0
036  03  011  4  1 00779 0
036  03  012  1  0 02619 0
036  03  013  3  1 00888 0
036  03  014  0  0 00630 0
036  03  015  1  0 00595 0
036  03  016  1  0 00601 0
036  03  017  2  0 00852 0
036  03  018  5  1 00752 0
036  03  019  3  1 02895 0
036  03  020  0  0 00590 0
036  03  021  5  1 01426 0
036  03  022  5  1 00578 0
036  03  023  3  0 00691 1
036  03  024  4  1 -0494 0
036  03  025  3  1 00802 0
036  03  026  3  1 00575 0
036  03  027  3  1 00503 0
036  03  028  1  0 00688 0
036  03  029  1  0 00900 0
036  03  030  3  1 00730 0
036  03  031  4  1 01231 0
036  03  032  5  1 00767 0
036  03  033  3  1 00623 0
036  03  034  3  1 00548 0
036  03  035  5  1 00689 0
036  03  036  4  1 00551 0
036  03  037  2  0 00623 0
036  03  038  2  0 00653 0
036  03  039  3  1 00604 0
036  03  040  1  0 00599 0
036  03  041  5  1 00702 0
036  03  042  2  0 00511 0
036  03  043  2  0 00546 0
036  03  044  5  1 00663 0
036  03  045  4  1 00813 0
036  03  046  3  1 00590 0
036  03  047  0  0 00699 0
036  03  048  5  1 00556 0
036  03  049  4  1 00601 0
036  03  050  3  1 00618 0
036  03  051  3  1 00599 0
036  03  052  5  1 00770 0
036  03  053  1  0 00642 0
036  03  054  2  0 00486 0
036  03  055  5  0 00487 1
036  03  056  2  0 00648 0
036  03  057  0  0 00841 0
036  03  058  1  0 00518 0
036  03  059  1  0 00467 0
036  04  000  5  1 00928 0
036  04  001  4  1 00817 0
036  04  002  4  1 00499 0
036  04  003  0  0 00672 0
036  04  004  4  1 00757 0
036  04  005  5  1 00612 0
036  04  006  4  1 00482 0
036  04  007  4  1 00445 0
036  04  008  2  0 00594 0
036  04  009  5  1 00682 0
036  04  010  2  0 00943 0
036  04  011  3  1 00535 0
036  04  012  2  0 00547 0
036  04  013  3  1 00346 0
036  04  014  5  0 00018 1
036  04  015  3  1 00351 0
036  04  016  2  0 01021 0
036  04  017  4  1 01350 0
036  04  018  0  0 00789 0
036  04  019  0  0 01428 0
036  04  020  0  0 00509 0
036  04  021  4  1 00826 0
036  04  022  0  0 01191 0
036  04  023  5  1 00969 0
036  04  024  2  0 00785 0
036  04  025  0  0 01966 0
036  04  026  4  1 00474 0
036  04  027  0  0 00829 0
036  04  028  3  1 00709 0
036  04  029  0  0 00553 0
036  04  030  1  0 00880 0
036  04  031  4  1 00630 0
036  04  032  3  1 00746 0
036  04  033  4  1 00645 0
036  04  034  2  0 01104 0
036  04  035  5  1 00798 0
036  04  036  2  0 00695 0
036  04  037  3  1 01315 0
036  04  038  0  0 00718 0
036  04  039  4  1 00707 0
036  04  040  2  0 00572 0
036  04  041  5  1 00628 0
036  04  042  4  1 00862 0
036  04  043  2  0 00944 0
036  04  044  5  1 00602 0
036  04  045  1  1 00714 1
036  04  046  3  1 00680 0
036  04  047  4  1 01034 0
036  04  048  1  0 02020 0
036  04  049  5  1 00807 0
036  04  050  5  1 00819 0
036  04  051  2  0 00677 0
036  04  052  4  1 01020 0
036  04  053  3  1 00836 0
036  04  054  3  1 00687 0
036  04  055  2  0 00622 0
036  04  056  5  1 00741 0
036  04  057  1  0 00698 0
036  04  058  3  1 00984 0
036  04  059  1  0 01731 0
036  05  000  2  0 01144 0
036  05  001  0  0 00545 0
036  05  002  5  1 00797 0
036  05  003  2  0 00651 0
036  05  004  5  1 00873 0
036  05  005  4  1 00619 0
036  05  006  4  1 00532 0
036  05  007  0  0 00571 0
036  05  008  1  0 00560 0
036  05  009  4  1 00798 0
036  05  010  5  1 00720 0
036  05  011  4  1 01245 0
036  05  012  2  0 00767 0
036  05  013  4  1 00682 0
036  05  014  2  0 00518 0
036  05  015  2  0 00646 0
036  05  016  1  0 00631 0
036  05  017  3  1 01013 0
036  05  018  1  0 00749 0
036  05  019  2  0 00838 0
036  05  020  4  1 00981 0
036  05  021  5  1 00889 0
036  05  022  3  1 00607 0
036  05  023  1  0 00582 0
036  05  024  4  1 00712 0
036  05  025  2  0 00583 0
036  05  026  2  0 00586 0
036  05  027  5  1 00607 0
036  05  028  5  1 00964 0
036  05  029  1  0 00812 0
036  05  030  3  1 01108 0
036  05  031  4  1 01175 0
036  05  032  0  0 00721 0
036  05  033  4  1 01014 0
036  05  034  5  1 00578 0
036  05  035  0  0 01151 0
036  05  036  1  0 00965 0
036  05  037  1  0 00486 0
036  05  038  5  1 00953 0
036  05  039  5  1 00748 0
036  05  040  3  0 01427 1
036  05  041  4  1 00187 0
036  05  042  1  0 00676 0
036  05  043  0  0 00847 0
036  05  044  4  1 00622 0
036  05  045  0  0 01248 0
036  05  046  2  0 00621 0
036  05  047  1  0 00813 0
036  05  048  2  0 01298 0
036  05  049  1  0 00488 0
036  05  050  2  0 00718 0
036  05  051  4  1 00723 0
036  05  052  4  1 00882 0
036  05  053  0  0 00601 0
036  05  054  0  0 00625 0
036  05  055  1  0 00656 0
036  05  056  2  0 01014 0
036  05  057  0  0 -0908 0
036  05  058  2  0 00778 0
036  05  059  5  1 00677 0
