035  00  000  0  0 03301 0
035  00  001  0  0 00825 0
035  00  002  5  1 00783 0
035  00  003  3  1 00667 0
035  00  004  2  0 00767 0
035  00  005  3  1 00821 0
035  00  006  5  1 00761 0
035  00  007  2  0 00751 0
035  00  008  3  1 00732 0
035  00  009  5  1 00630 0
035  00  010  0  0 00845 0
035  00  011  2  0 01002 0
035  00  012  3  1 00693 0
035  00  013  3  1 00750 0
035  00  014  3  1 00711 0
035  00  015  3  1 00714 0
035  00  016  2  0 00843 0
035  00  017  0  0 01406 0
035  00  018  0  0 00800 0
035  00  019  4  1 01028 0
035  00  020  4  1 00758 0
035  00  021  4  1 00883 0
035  00  022  1  0 02383 0
035  00  023  5  1 00679 0
035  00  024  3  1 00727 0
035  00  025  1  0 01038 0
035  00  026  1  0 00626 0
035  00  027  5  1 00643 0
035  00  028  0  0 00653 0
035  00  029  5  1 00752 0
035  00  030  5  1 01854 0
035  00  031  1  0 00607 0
035  00  032  4  1 00568 0
035  00  033  4  1 00580 0
035  00  034  3  1 00648 0
035  00  035  2  0 00611 0
035  00  036  3  1 00698 0
035  00  037  3  1 01052 0
035  00  038  1  0 00721 0
035  00  039  5  1 00698 0
035  00  040  0  0 00916 0
035  00  041  1  0 02068 0
035  00  042  3  1 00853 0
035  00  043  2  0 00623 0
035  00  044  3  1 01457 0
035  00  045  3  1 00569 0
035  00  046  0  0 00779 0
035  00  047  0  0 00544 0
035  00  048  4  1 00698 0
035  00  049  2  0 00620 0
035  00  050  5  1 00879 0
035  00  051  5  1 00499 0
035  00  052  2  0 00697 0
035  00  053  3  1 00573 0
035  00  054  0  0 00666 0
035  00  055  2  0 00594 0
035  00  056  5  1 00564 0
035  00  057  1  0 00593 0
035  00  058  5  1 00832 0
035  00  059  4  1 00656 0
035  01  000  4  1 00718 0
035  01  001  3  1 00713 0
035  01  002  5  1 00653 0
035  01  003  1  0 00565 0
035  01  004  4  1 00710 0
035  01  005  1  0 00596 0
035  01  006  3  1 00574 0
035  01  007  0  0 00621 0
035  01  008  0  0 00574 0
035  01  009  4  1 00561 0
035  01  010  2  0 00669 0
035  01  011  4  1 00627 0
035  01  012  1  0 00526 0
035  01  013  1  0 00570 0
035  01  014  5  1 00657 0
035  01  015  2  0 00567 0
035  01  016  2  0 00563 0
035  01  017  5  1 00648 0
035  01  018  5  1 00458 0
035  01  019  4  1 00695 0
035  01  020  4  1 00876 0
035  01  021  0  0 00637 0
035  01  022  1  0 00752 0
035  01  023  1  0 00598 0
035  01  024  4  1 00538 0
035  01  025  1  0 00610 0
035  01  026  2  0 00984 0
035  01  027  2  0 00780 0
035  01  028  2  0 00545 0
035  01  029  2  0 00509 0
035  01  030  4  1 00751 0
035  01  031  0  0 00732 0
035  01  032  1  0 00620 0
035  01  033  1  0 00509 0
035  01  034  4  1 00546 0
035  01  035  0  0 00529 0
035  01  036  4  1 00601 0
035  01  037  1  0 00687 0
035  01  038  3  1 01166 0
035  01  039  2  0 00715 0
035  01  040  3  1 00647 0
035  01  041  1  0 00996 0
035  01  042  0  0 00750 0
035  01  043  3  1 00631 0
035  01  044  4  1 00592 0
035  01  045  3  1 00668 0
035  01  046  4  1 00560 0
035  01  047  4  1 00615 0
035  01  048  0  0 00773 0
035  01  049  5  1 00602 0
035  01  050  2  0 00651 0
035  01  051  2  0 00616 0
035  01  052  1  0 00612 0
035  01  053  5  1 00654 0
035  01  054  5  1 00690 0
035  01  055  2  0 01050 0
035  01  056  1  0 00808 0
035  01  057  1  0 00513 0
035  01  058  0  0 00573 0
035  01  059  0  0 00487 0
035  02  000  5  1 00576 0
035  02  001  4  1 00615 0
035  02  002  3  1 00602 0
035  02  003  3  1 00581 0
035  02  004  3  1 00494 0
035  02  005  0  0 00526 0
035  02  006  1  0 00570 0
035  02  007  3  1 00654 0
035  02  008  1  0 00779 0
035  02  009  4  1 00591 0
035  02  010  3  1 00576 0
035  02  011  3  1 00535 0
035  02  012  2  0 00761 0
035  02  013  1  0 01371 0
035  02  014  4  1 00791 0
035  02  015  0  0 00565 0
035  02  016  5  1 01153 0
035  02  017  5  1 00538 0
035  02  018  1  0 00682 0
035  02  019  2  0 00584 0
035  02  020  4  1 00706 0
035  02  021  0  0 00572 0
035  02  022  5  1 00586 0
035  02  023  4  1 00660 0
035  02  024  1  0 00562 0
035  02  025  5  1 00617 0
035  02  026  1  0 00668 0
035  02  027  0  0 00571 0
035  02  028  0  0 00532 0
035  02  029  2  0 00760 0
035  02  030  3  1 00698 0
035  02  031  2  0 00764 0
035  02  032  3  1 00924 0
035  02  033  4  1 00627 0
035  02  034  2  0 00669 0
035  02  035  0  0 01434 0
035  02  036  4  1 00705 0
035  02  037  2  0 00556 0
035  02  038  3  1 00702 0
035  02  039  5  1 00767 0
035  02  040  5  1 00656 0
035  02  041  3  1 00771 0
035  02  042  0  0 00579 0
035  02  043  2  0 00556 0
035  02  044  3  1 00864 0
035  02  045  1  0 00678 0
035  02  046  5  1 00625 0
035  02  047  2  0 00640 0
035  02  048  2  0 00549 0
035  02  049  2  0 00515 0
035  02  050  0  0 00631 0
035  02  051  1  0 00593 0
035  02  052  1  0 00517 0
035  02  053  3  1 00627 0
035  02  054  1  0 00605 0
035  02  055  2  0 00521 0
035  02  056  4  1 00648 0
035  02  057  0  0 00511 0
035  02  058  0  0 00544 0
035  02  059  2  0 00941 0
035  03  000  0  0 00535 0
035  03  001  1  0 00527 0
035  03  002  0  0 00497 0
035  03  003  3  1 00593 0
035  03  004  2  0 00578 0
035  03  005  3  1 00519 0
035  03  006  5  1 00707 0
035  03  007  4  1 00602 0
035  03  008  0  0 00516 0
035  03  009  0  0 00606 0
035  03  010  0  0 00530 0
035  03  011  2  0 00503 0
035  03  012  1  0 00509 0
035  03  013  4  1 00516 0
035  03  014  1  0 00506 0
035  03  015  2  0 00512 0
035  03  016  5  1 00592 0
035  03  017  4  1 00497 0
035  03  018  1  0 00520 0
035  03  019  4  1 00537 0
035  03  020  4  1 00573 0
035  03  021  0  0 00520 0
035  03  022  3  1 00826 0
035  03  023  4  1 00602 0
035  03  024  0  0 00957 0
035  03  025  0  0 00546 0
035  03  026  3  1 00583 0
035  03  027  2  0 00595 0
035  03  028  4  1 00617 0
035  03  029  5  1 00543 0
035  03  030  3  1 00822 0
035  03  031  1  0 00805 0
035  03  032  3  1 00609 0
035  03  033  4  1 00713 0
035  03  034  5  1 00616 0
035  03  035  1  0 00944 0
035  03  036  4  1 00693 0
035  03  037  3  1 00891 0
035  03  038  0  0 00628 0
035  03  039  0  0 00536 0
035  03  040  1  0 00555 0
035  03  041  2  0 00648 0
035  03  042  1  0 00619 0
035  03  043  3  1 00697 0
035  03  044  0  0 00644 0
035  03  045  4  1 00832 0
035  03  046  1  0 00627 0
035  03  047  5  1 00687 0
035  03  048  3  1 00670 0
035  03  049  1  0 00635 0
035  03  050  2  0 00696 0
035  03  051  2  0 00554 0
035  03  052  2  0 00510 0
035  03  053  5  1 00732 0
035  03  054  1  0 00619 0
035  03  055  0  0 00570 0
035  03  056  2  0 00664 0
035  03  057  0  0 00581 0
035  03  058  4  1 01357 0
035  03  059  5  1 00515 0
035  04  000  3  1 00868 0
035  04  001  2  0 00620 0
035  04  002  3  1 00572 0
035  04  003  3  1 00521 0
035  04  004  5  1 00654 0
035  04  005  0  0 00519 0
035  04  006  2  0 00544 0
035  04  007  2  0 00527 0
035  04  008  5  1 00570 0
035  04  009  3  1 01004 0
035  04  010  2  0 00704 0
035  04  011  5  1 00563 0
035  04  012  1  0 00492 0
035  04  013  0  0 00534 0
035  04  014  0  0 00596 0
035  04  015  4  1 00879 0
035  04  016  5  1 00489 0
035  04  017  3  1 00647 0
035  04  018  3  1 00564 0
035  04  019  4  1 00574 0
035  04  020  1  0 00505 0
035  04  021  3  1 00737 0
035  04  022  1  0 00482 0
035  04  023  0  0 00604 0
035  04  024  4  1 00663 0
035  04  025  0  0 00491 0
035  04  026  4  1 00533 0
035  04  027  3  1 01081 0
035  04  028  1  0 00660 0
035  04  029  5  1 00507 0
035  04  030  3  1 00649 0
035  04  031  4  1 00647 0
035  04  032  1  0 00529 0
035  04  033  4  1 00530 0
035  04  034  2  0 00583 0
035  04  035  4  1 00605 0
035  04  036  4  1 00600 0
035  04  037  2  0 00688 0
035  04  038  1  0 00564 0
035  04  039  5  1 00611 0
035  04  040  2  0 00509 0
035  04  041  4  1 00633 0
035  04  042  2  0 00630 0
035  04  043  2  0 00528 0
035  04  044  5  1 00581 0
035  04  045  3  1 00782 0
035  04  046  4  1 01077 0
035  04  047  5  1 00637 0
035  04  048  3  1 00510 0
035  04  049  1  0 00551 0
035  04  050  0  0 00562 0
035  04  051  2  0 00671 0
035  04  052  2  0 00544 0
035  04  053  5  1 00652 0
035  04  054  0  0 00689 0
035  04  055  3  1 00653 0
035  04  056  5  1 00544 0
035  04  057  4  1 00643 0
035  04  058  3  1 00532 0
035  04  059  4  1 00503 0
035  05  000  4  1 00658 0
035  05  001  1  0 00567 0
035  05  002  1  0 00535 0
035  05  003  5  1 00607 0
035  05  004  0  0 00557 0
035  05  005  2  0 00677 0
035  05  006  3  1 00722 0
035  05  007  1  0 00637 0
035  05  008  5  1 00526 0
035  05  009  0  0 00570 0
035  05  010  2  0 00626 0
035  05  011  0  0 00607 0
035  05  012  2  0 00512 0
035  05  013  2  0 00564 0
035  05  014  5  1 00611 0
035  05  015  5  1 00705 0
035  05  016  1  0 00645 0
035  05  017  4  1 00643 0
035  05  018  5  1 00704 0
035  05  019  5  1 00654 0
035  05  020  1  0 00517 0
035  05  021  5  1 01072 0
035  05  022  1  0 00560 0
035  05  023  5  1 00615 0
035  05  024  2  0 00683 0
035  05  025  0  0 00593 0
035  05  026  4  1 00651 0
035  05  027  1  0 00695 0
035  05  028  4  1 00580 0
035  05  029  2  0 00986 0
035  05  030  3  1 00550 0
035  05  031  3  1 00534 0
035  05  032  1  0 00543 0
035  05  033  0  0 00551 0
035  05  034  4  1 00552 0
035  05  035  1  0 00507 0
035  05  036  5  1 00685 0
035  05  037  1  0 00561 0
035  05  038  3  1 00652 0
035  05  039  0  0 00814 0
035  05  040  0  0 00654 0
035  05  041  1  0 00591 0
035  05  042  5  1 00568 0
035  05  043  5  1 00524 0
035  05  044  5  1 00496 0
035  05  045  2  0 00644 0
035  05  046  0  0 00821 0
035  05  047  5  1 00546 0
035  05  048  5  1 00537 0
035  05  049  2  0 00564 0
035  05  050  4  1 00628 0
035  05  051  3  1 00993 0
035  05  052  0  0 00585 0
035  05  053  4  1 00508 0
035  05  054  4  1 01298 0
035  05  055  5  1 00730 0
035  05  056  5  1 01490 0
035  05  057  4  1 00603 0
035  05  058  0  0 00572 0
035  05  059  0  0 00528 0
