039  00  000  2  0 02946 0
039  00  001  5  1 00622 0
039  00  002  4  1 00824 0
039  00  003  3  1 00821 0
039  00  004  5  1 00619 0
039  00  005  4  1 00552 0
039  00  006  0  0 00580 0
039  00  007  1  0 00495 0
039  00  008  4  1 00498 0
039  00  009  0  0 00592 0
039  00  010  0  0 00511 0
039  00  011  2  0 00799 0
039  00  012  1  0 00554 0
039  00  013  1  0 00428 0
039  00  014  3  1 00516 0
039  00  015  2  0 00712 0
039  00  016  4  1 00547 0
039  00  017  0  0 00523 0
039  00  018  5  1 00523 0
039  00  019  3  1 00969 0
039  00  020  1  0 00848 0
039  00  021  2  0 00663 0
039  00  022  2  0 00539 0
039  00  023  2  0 00436 0
039  00  024  5  1 00512 0
039  00  025  0  0 00500 0
039  00  026  4  1 00610 0
039  00  027  0  0 00476 0
039  00  028  2  0 00656 0
039  00  029  3  1 01233 0
039  00  030  2  0 00591 0
039  00  031  4  1 00484 0
039  00  032  4  1 00459 0
039  00  033  3  1 00611 0
039  00  034  2  0 00564 0
039  00  035  3  1 00489 0
039  00  036  4  1 00484 0
039  00  037  5  1 00418 0
039  00  038  2  0 00527 0
039  00  039  1  0 00539 0
039  00  040  2  0 00471 0
039  00  041  3  1 00568 0
039  00  042  2  0 00541 0
039  00  043  3  1 00509 0
039  00  044  5  1 00534 0
039  00  045  5  1 00504 0
039  00  046  2  0 00541 0
039  00  047  5  1 00458 0
039  00  048  2  0 00507 0
039  00  049  5  1 00527 0
039  00  050  0  0 00464 0
039  00  051  5  1 00475 0
039  00  052  3  1 00430 0
039  00  053  4  1 00386 0
039  00  054  0  0 00418 0
039  00  055  0  0 00488 0
039  00  056  0  0 00969 0
039  00  057  2  0 00650 0
039  00  058  3  1 00479 0
039  00  059  1  0 00540 0
039  01  000  4  1 00487 0
039  01  001  1  0 00566 0
039  01  002  5  1 00482 0
039  01  003  4  1 00557 0
039  01  004  2  0 00775 0
039  01  005  2  0 00505 0
039  01  006  2  0 00449 0
039  01  007  1  0 00835 0
039  01  008  5  1 00556 0
039  01  009  2  0 00655 0
039  01  010  2  0 00444 0
039  01  011  0  0 00421 0
039  01  012  2  0 00524 0
039  01  013  1  0 00415 0
039  01  014  5  1 00580 0
039  01  015  5  1 00379 0
039  01  016  3  1 00456 0
039  01  017  0  0 00548 0
039  01  018  1  0 00392 0
039  01  019  3  1 00675 0
039  01  020  4  1 00511 0
039  01  021  4  1 00361 0
039  01  022  3  1 00409 0
039  01  023  4  1 00452 0
039  01  024  0  0 00470 0
039  01  025  0  0 00532 0
039  01  026  5  1 00538 0
039  01  027  2  0 00573 0
039  01  028  5  1 00459 0
039  01  029  0  0 00446 0
039  01  030  5  1 00456 0
039  01  031  1  0 00374 0
039  01  032  4  1 00489 0
039  01  033  2  0 00572 0
039  01  034  3  1 00811 0
039  01  035  5  1 00551 0
039  01  036  4  1 00452 0
039  01  037  1  0 00604 0
039  01  038  1  0 00492 0
039  01  039  3  1 00647 0
039  01  040  3  1 00744 0
039  01  041  4  1 00465 0
039  01  042  4  1 00317 0
039  01  043  4  1 00350 0
039  01  044  1  0 00468 0
039  01  045  4  1 00455 0
039  01  046  1  0 00328 0
039  01  047  0  0 00514 0
039  01  048  1  0 00434 0
039  01  049  4  1 00514 0
039  01  050  1  0 00453 0
039  01  051  1  0 00430 0
039  01  052  4  1 00462 0
039  01  053  5  1 00526 0
039  01  054  3  1 00537 0
039  01  055  3  1 00483 0
039  01  056  2  0 00530 0
039  01  057  1  0 00480 0
039  01  058  4  1 00644 0
039  01  059  2  0 00452 0
039  02  000  5  1 00605 0
039  02  001  2  0 00499 0
039  02  002  2  0 00444 0
039  02  003  3  0 00500 1
039  02  004  3  1 00670 0
039  02  005  0  0 00471 0
039  02  006  0  0 00457 0
039  02  007  3  1 00487 0
039  02  008  0  0 00421 0
039  02  009  4  0 -0955 1
039  02  010  1  0 01319 0
039  02  011  1  0 00570 0
039  02  012  4  1 00562 0
039  02  013  3  1 00989 0
039  02  014  4  1 00771 0
039  02  015  2  0 00655 0
039  02  016  2  0 00497 0
039  02  017  1  0 00567 0
039  02  018  3  1 00526 0
039  02  019  5  1 00816 0
039  02  020  2  0 00601 0
039  02  021  4  1 01017 0
039  02  022  5  1 00593 0
039  02  023  1  0 00480 0
039  02  024  3  0 00478 1
039  02  025  3  1 -0781 0
039  02  026  3  1 00547 0
039  02  027  3  1 00487 0
039  02  028  1  0 00482 0
039  02  029  0  0 00567 0
039  02  030  0  0 00499 0
039  02  031  3  1 00530 0
039  02  032  2  0 00658 0
039  02  033  4  1 00492 0
039  02  034  4  1 00436 0
039  02  035  3  1 00617 0
039  02  036  2  0 00552 0
039  02  037  1  0 00530 0
039  02  038  4  1 00512 0
039  02  039  1  0 00549 0
039  02  040  5  1 00472 0
039  02  041  5  1 00396 0
039  02  042  3  1 00442 0
039  02  043  1  0 00372 0
039  02  044  0  0 00506 0
039  02  045  4  1 00462 0
039  02  046  3  1 00497 0
039  02  047  1  0 00650 0
039  02  048  5  1 01303 0
039  02  049  2  0 01086 0
039  02  050  1  0 00580 0
039  02  051  5  1 00582 0
039  02  052  4  1 00555 0
039  02  053  0  0 00688 0
039  02  054  0  0 00604 0
039  02  055  3  1 00557 0
039  02  056  0  0 00478 0
039  02  057  1  0 00947 0
039  02  058  0  0 00445 0
039  02  059  4  1 00481 0
039  03  000  2  0 00696 0
039  03  001  1  0 00481 0
039  03  002  1  0 00437 0
039  03  003  3  1 00667 0
039  03  004  0  0 00498 0
039  03  005  4  1 00780 0
039  03  006  3  1 00529 0
039  03  007  5  1 00497 0
039  03  008  5  1 00433 0
039  03  009  2  1 00390 1
039  03  010  0  0 00539 0
039  03  011  1  0 00715 0
039  03  012  5  1 00656 0
039  03  013  5  1 00519 0
039  03  014  0  0 00591 0
039  03  015  4  1 00606 0
039  03  016  2  0 00695 0
039  03  017  1  0 00548 0
039  03  018  5  1 00709 0
039  03  019  2  0 00492 0
039  03  020  1  0 00544 0
039  03  021  0  0 00462 0
039  03  022  4  1 00429 0
039  03  023  1  0 00449 0
039  03  024  4  0 00450 1
039  03  025  0  0 00582 0
039  03  026  0  0 00636 0
039  03  027  3  1 00735 0
039  03  028  5  1 00663 0
039  03  029  1  0 00774 0
039  03  030  5  1 00590 0
039  03  031  0  0 00649 0
039  03  032  4  1 00803 0
039  03  033  4  1 00608 0
039  03  034  4  1 00453 0
039  03  035  5  1 00583 0
039  03  036  0  0 00497 0
039  03  037  3  1 00533 0
039  03  038  4  1 00541 0
039  03  039  2  0 00612 0
039  03  040  5  1 00568 0
039  03  041  3  1 01090 0
039  03  042  1  0 00594 0
039  03  043  3  1 00647 0
039  03  044  4  1 00566 0
039  03  045  5  1 00457 0
039  03  046  5  1 00459 0
039  03  047  2  0 00553 0
039  03  048  2  0 00715 0
039  03  049  1  0 00471 0
039  03  050  5  1 00572 0
039  03  051  2  1 00733 1
039  03  052  5  1 00844 0
039  03  053  0  0 00724 0
039  03  054  1  0 00652 0
039  03  055  1  0 00518 0
039  03  056  5  1 00569 0
039  03  057  2  0 01234 0
039  03  058  3  1 00581 0
039  03  059  4  1 00476 0
039  04  000  4  1 00576 0
039  04  001  5  1 00465 0
039  04  002  1  1 00422 1
039  04  003  1  0 02033 0
039  04  004  3  1 00681 0
039  04  005  2  0 00582 0
039  04  006  2  0 00564 0
039  04  007  2  0 00454 0
039  04  008  0  0 00456 0
039  04  009  0  0 00426 0
039  04  010  3  1 00829 0
039  04  011  4  1 00581 0
039  04  012  0  0 00865 0
039  04  013  0  0 00566 0
039  04  014  0  0 00441 0
039  04  015  0  0 00389 0
039  04  016  4  1 00538 0
039  04  017  5  1 00450 0
039  04  018  0  0 00500 0
039  04  019  2  0 01087 0
039  04  020  2  0 00425 0
039  04  021  3  1 00591 0
039  04  022  0  0 00495 0
039  04  023  3  1 00419 0
039  04  024  3  1 00431 0
039  04  025  4  1 00468 0
039  04  026  4  1 00386 0
039  04  027  1  0 00760 0
039  04  028  4  1 00537 0
039  04  029  4  1 00388 0
039  04  030  1  0 00640 0
039  04  031  2  0 00707 0
039  04  032  5  1 00583 0
039  04  033  0  0 00498 0
039  04  034  2  0 00710 0
039  04  035  5  1 00547 0
039  04  036  1  0 00555 0
039  04  037  3  1 01202 0
039  04  038  5  1 00642 0
039  04  039  3  1 00658 0
039  04  040  4  1 00569 0
039  04  041  5  1 00408 0
039  04  042  3  1 00504 0
039  04  043  3  1 00360 0
039  04  044  2  0 00549 0
039  04  045  0  0 00476 0
039  04  046  2  0 00411 0
039  04  047  5  1 00520 0
039  04  048  5  1 00417 0
039  04  049  0  0 00549 0
039  04  050  5  1 00426 0
039  04  051  0  0 00601 0
039  04  052  1  0 00642 0
039  04  053  2  0 00756 0
039  04  054  0  0 00471 0
039  04  055  0  0 00474 0
039  04  056  1  0 00520 0
039  04  057  2  0 00508 0
039  04  058  3  0 00597 1
039  04  059  4  1 00545 0
039  05  000  3  1 00517 0
039  05  001  3  1 00464 0
039  05  002  4  1 00399 0
039  05  003  1  0 00610 0
039  05  004  4  1 00537 0
039  05  005  0  0 00530 0
039  05  006  1  0 00506 0
039  05  007  5  1 00556 0
039  05  008  0  0 00488 0
039  05  009  0  0 00439 0
039  05  010  1  0 00398 0
039  05  011  3  1 00793 0
039  05  012  3  1 00531 0
039  05  013  2  0 00877 0
039  05  014  2  0 00469 0
039  05  015  0  0 00530 0
039  05  016  4  1 00546 0
039  05  017  3  1 00776 0
039  05  018  2  0 01009 0
039  05  019  4  1 00496 0
039  05  020  5  1 00526 0
039  05  021  3  1 00755 0
039  05  022  1  0 00690 0
039  05  023  5  1 00454 0
039  05  024  0  0 00509 0
039  05  025  5  1 00641 0
039  05  026  1  0 00589 0
039  05  027  1  0 00542 0
039  05  028  1  0 00615 0
039  05  029  1  0 00687 0
039  05  030  4  1 01196 0
039  05  031  5  1 00831 0
039  05  032  4  1 00458 0
039  05  033  1  0 00503 0
039  05  034  2  0 00610 0
039  05  035  2  0 00472 0
039  05  036  3  0 00494 1
039  05  037  5  1 01333 0
039  05  038  4  1 00530 0
039  05  039  1  0 00644 0
039  05  040  5  1 00547 0
039  05  041  1  0 00794 0
039  05  042  2  0 00585 0
039  05  043  0  0 00607 0
039  05  044  3  1 00511 0
039  05  045  5  1 00661 0
039  05  046  0  0 00460 0
039  05  047  0  0 00465 0
039  05  048  5  1 00553 0
039  05  049  5  1 00416 0
039  05  050  4  1 00512 0
039  05  051  3  1 00535 0
039  05  052  5  1 00519 0
039  05  053  3  1 00347 0
039  05  054  0  0 00560 0
039  05  055  2  0 00995 0
039  05  056  1  0 00524 0
039  05  057  0  0 00459 0
039  05  058  0  0 00600 0
039  05  059  3  0 00504 1
