046  00  000  5  1 05414 0
046  00  001  0  0 00913 0
046  00  002  2  0 01964 0
046  00  003  4  1 00787 0
046  00  004  2  0 00818 0
046  00  005  1  0 00744 0
046  00  006  4  1 00848 0
046  00  007  1  0 00789 0
046  00  008  3  1 00795 0
046  00  009  0  0 00615 0
046  00  010  5  1 00789 0
046  00  011  3  1 01143 0
046  00  012  4  1 00548 0
046  00  013  0  0 00497 0
046  00  014  0  0 00550 0
046  00  015  0  0 00509 0
046  00  016  2  0 01155 0
046  00  017  1  0 00675 0
046  00  018  5  1 00678 0
046  00  019  4  1 01066 0
046  00  020  0  0 00620 0
046  00  021  1  0 00602 0
046  00  022  3  1 00620 0
046  00  023  1  0 00611 0
046  00  024  2  0 01257 0
046  00  025  3  1 00663 0
046  00  026  1  0 00607 0
046  00  027  0  0 00687 0
046  00  028  0  0 00560 0
046  00  029  2  0 00762 0
046  00  030  1  0 00960 0
046  00  031  5  1 00566 0
046  00  032  5  1 00793 0
046  00  033  1  0 00521 0
046  00  034  4  1 00631 0
046  00  035  4  1 00871 0
046  00  036  1  0 00702 0
046  00  037  0  0 00550 0
046  00  038  5  1 01099 0
046  00  039  5  1 00453 0
046  00  040  2  0 00694 0
046  00  041  3  1 00522 0
046  00  042  3  1 00928 0
046  00  043  2  0 00706 0
046  00  044  5  1 00641 0
046  00  045  0  0 00761 0
046  00  046  4  1 00686 0
046  00  047  4  1 00805 0
046  00  048  5  1 00933 0
046  00  049  3  1 00888 0
046  00  050  3  1 00662 0
046  00  051  0  0 00569 0
046  00  052  2  0 00714 0
046  00  053  5  1 00623 0
046  00  054  3  1 00970 0
046  00  055  2  0 00822 0
046  00  056  1  0 00814 0
046  00  057  0  0 00650 0
046  00  058  4  1 00814 0
046  00  059  3  1 01198 0
046  01  000  0  0 00854 0
046  01  001  2  0 00814 0
046  01  002  3  1 00680 0
046  01  003  4  1 00542 0
046  01  004  3  1 00673 0
046  01  005  3  1 00490 0
046  01  006  0  0 00571 0
046  01  007  2  0 00667 0
046  01  008  5  1 00586 0
046  01  009  4  1 00499 0
046  01  010  4  1 00531 0
046  01  011  5  1 00481 0
046  01  012  1  0 00518 0
046  01  013  0  0 00491 0
046  01  014  1  0 00511 0
046  01  015  1  0 00444 0
046  01  016  0  0 00516 0
046  01  017  2  0 00425 0
046  01  018  4  1 00500 0
046  01  019  0  0 00528 0
046  01  020  5  1 01029 0
046  01  021  4  1 01015 0
046  01  022  4  1 00444 0
046  01  023  1  0 00563 0
046  01  024  5  1 00537 0
046  01  025  3  1 00728 0
046  01  026  1  0 00458 0
046  01  027  3  1 00709 0
046  01  028  5  1 00689 0
046  01  029  5  1 00525 0
046  01  030  1  0 00509 0
046  01  031  4  1 00588 0
046  01  032  1  0 00530 0
046  01  033  1  0 00924 0
046  01  034  2  0 00747 0
046  01  035  4  1 00643 0
046  01  036  3  1 01562 0
046  01  037  4  1 00586 0
046  01  038  3  1 00791 0
046  01  039  0  0 00465 0
046  01  040  4  1 00526 0
046  01  041  3  1 00655 0
046  01  042  0  0 00503 0
046  01  043  0  0 00691 0
046  01  044  0  0 00575 0
046  01  045  5  1 00592 0
046  01  046  0  0 00574 0
046  01  047  0  0 00450 0
046  01  048  5  1 00504 0
046  01  049  5  1 00515 0
046  01  050  4  1 00490 0
046  01  051  3  1 00518 0
046  01  052  4  1 00512 0
046  01  053  3  1 00485 0
046  01  054  2  0 00521 0
046  01  055  2  0 00391 0
046  01  056  3  1 00581 0
046  01  057  1  0 00441 0
046  01  058  1  0 00591 0
046  01  059  4  1 00561 0
046  02  000  0  0 00740 0
046  02  001  2  0 00634 0
046  02  002  1  0 00577 0
046  02  003  2  0 00670 0
046  02  004  3  1 01169 0
046  02  005  4  1 00515 0
046  02  006  0  0 00473 0
046  02  007  0  0 00547 0
046  02  008  0  0 00452 0
046  02  009  0  0 00404 0
046  02  010  2  0 00629 0
046  02  011  1  0 00448 0
046  02  012  5  1 00511 0
046  02  013  2  0 00422 0
046  02  014  0  0 00443 0
046  02  015  4  1 00542 0
046  02  016  4  1 00532 0
046  02  017  5  1 00540 0
046  02  018  2  0 00900 0
046  02  019  3  1 00994 0
046  02  020  0  0 00617 0
046  02  021  0  0 00468 0
046  02  022  3  1 00752 0
046  02  023  0  0 00545 0
046  02  024  4  1 00576 0
046  02  025  3  1 00637 0
046  02  026  4  1 00557 0
046  02  027  2  0 00550 0
046  02  028  0  0 00526 0
046  02  029  2  0 00563 0
046  02  030  2  0 00508 0
046  02  031  2  0 00592 0
046  02  032  2  0 00477 0
046  02  033  5  1 00567 0
046  02  034  5  1 00445 0
046  02  035  3  0 00489 1
046  02  036  2  0 00861 0
046  02  037  0  0 00616 0
046  02  038  0  0 00533 0
046  02  039  0  0 00494 0
046  02  040  0  0 00520 0
046  02  041  1  0 00613 0
046  02  042  5  1 00612 0
046  02  043  2  0 00680 0
046  02  044  3  1 01307 0
046  02  045  4  1 00547 0
046  02  046  0  0 00561 0
046  02  047  2  0 01282 0
046  02  048  5  1 00561 0
046  02  049  5  1 00561 0
046  02  050  2  0 00671 0
046  02  051  1  0 00557 0
046  02  052  5  1 00587 0
046  02  053  2  0 00555 0
046  02  054  2  0 00509 0
046  02  055  5  1 00487 0
046  02  056  3  1 00691 0
046  02  057  2  0 00553 0
046  02  058  0  0 00565 0
046  02  059  4  1 00538 0
046  03  000  4  1 01191 0
046  03  001  1  0 00526 0
046  03  002  3  1 00570 0
046  03  003  5  1 01054 0
046  03  004  3  1 00933 0
046  03  005  3  1 00704 0
046  03  006  5  1 00574 0
046  03  007  1  0 00566 0
046  03  008  5  1 00472 0
046  03  009  0  0 00500 0
046  03  010  4  1 00491 0
046  03  011  0  0 00509 0
046  03  012  1  0 00497 0
046  03  013  4  1 00524 0
046  03  014  3  1 00509 0
046  03  015  1  0 00470 0
046  03  016  1  0 00466 0
046  03  017  0  0 00426 0
046  03  018  4  1 00573 0
046  03  019  2  0 00584 0
046  03  020  3  1 00514 0
046  03  021  3  1 00450 0
046  03  022  1  0 00437 0
046  03  023  1  0 00811 0
046  03  024  2  0 00482 0
046  03  025  2  0 00449 0
046  03  026  2  0 00451 0
046  03  027  2  0 00440 0
046  03  028  0  0 00522 0
046  03  029  5  1 00550 0
046  03  030  4  1 00692 0
046  03  031  2  0 00760 0
046  03  032  1  0 00561 0
046  03  033  4  1 00648 0
046  03  034  4  1 00509 0
046  03  035  2  0 00544 0
046  03  036  1  0 00591 0
046  03  037  1  0 00648 0
046  03  038  5  1 00539 0
046  03  039  1  0 01017 0
046  03  040  0  0 00551 0
046  03  041  5  1 00686 0
046  03  042  3  1 00901 0
046  03  043  4  1 00544 0
046  03  044  1  0 00853 0
046  03  045  3  1 00549 0
046  03  046  2  0 00655 0
046  03  047  1  0 01212 0
046  03  048  0  0 00601 0
046  03  049  2  0 00732 0
046  03  050  3  1 00606 0
046  03  051  2  0 00589 0
046  03  052  5  1 00596 0
046  03  053  3  1 01127 0
046  03  054  0  0 00551 0
046  03  055  1  0 00610 0
046  03  056  0  0 00530 0
046  03  057  4  1 00521 0
046  03  058  1  0 00638 0
046  03  059  3  1 00875 0
046  04  000  1  0 00721 0
046  04  001  1  0 00521 0
046  04  002  1  0 00563 0
046  04  003  0  0 00480 0
046  04  004  5  1 00490 0
046  04  005  3  1 00574 0
046  04  006  2  0 00655 0
046  04  007  4  1 00521 0
046  04  008  3  1 00811 0
046  04  009  1  0 00528 0
046  04  010  1  0 00572 0
046  04  011  1  0 00538 0
046  04  012  0  0 00469 0
046  04  013  1  0 00916 0
046  04  014  3  1 00505 0
046  04  015  2  0 00543 0
046  04  016  4  1 00498 0
046  04  017  5  1 00593 0
046  04  018  2  0 00810 0
046  04  019  2  0 00522 0
046  04  020  0  0 00618 0
046  04  021  1  0 00459 0
046  04  022  3  1 00525 0
046  04  023  3  1 00818 0
046  04  024  5  1 00580 0
046  04  025  2  0 00593 0
046  04  026  2  0 00482 0
046  04  027  4  1 00494 0
046  04  028  5  1 00505 0
046  04  029  5  1 00432 0
046  04  030  3  1 00691 0
046  04  031  2  0 00775 0
046  04  032  1  0 00797 0
046  04  033  5  1 00593 0
046  04  034  5  1 00661 0
046  04  035  3  1 00710 0
046  04  036  2  0 00584 0
046  04  037  2  0 00545 0
046  04  038  4  1 00826 0
046  04  039  4  1 00740 0
046  04  040  4  1 00586 0
046  04  041  4  1 00452 0
046  04  042  3  1 01150 0
046  04  043  5  1 00649 0
046  04  044  5  1 00424 0
046  04  045  4  1 00711 0
046  04  046  5  1 00531 0
046  04  047  2  0 00534 0
046  04  048  3  1 00540 0
046  04  049  4  1 00771 0
046  04  050  4  1 00611 0
046  04  051  0  0 00568 0
046  04  052  4  1 00602 0
046  04  053  3  1 00751 0
046  04  054  0  0 00543 0
046  04  055  4  1 00498 0
046  04  056  5  1 00501 0
046  04  057  3  1 00432 0
046  04  058  0  0 00624 0
046  04  059  4  1 00476 0
046  05  000  1  0 00570 0
046  05  001  0  0 00448 0
046  05  002  5  1 00507 0
046  05  003  1  0 00562 0
046  05  004  1  0 00529 0
046  05  005  3  1 00585 0
046  05  006  5  1 00535 0
046  05  007  1  0 00477 0
046  05  008  0  0 00458 0
046  05  009  3  1 00566 0
046  05  010  5  1 00546 0
046  05  011  5  1 00459 0
046  05  012  4  1 00613 0
046  05  013  2  0 00588 0
046  05  014  5  1 00481 0
046  05  015  5  1 00484 0
046  05  016  3  0 00507 1
046  05  017  1  0 00806 0
046  05  018  4  1 00538 0
046  05  019  0  0 00548 0
046  05  020  4  1 00632 0
046  05  021  0  0 00582 0
046  05  022  5  1 00547 0
046  05  023  5  1 00605 0
046  05  024  2  0 00757 0
046  05  025  2  0 00543 0
046  05  026  2  0 00509 0
046  05  027  1  0 00613 0
046  05  028  1  0 00503 0
046  05  029  4  1 00551 0
046  05  030  1  0 00475 0
046  05  031  1  0 00631 0
046  05  032  2  0 00551 0
046  05  033  3  1 00428 0
046  05  034  4  1 00423 0
046  05  035  5  1 00449 0
046  05  036  3  1 00393 0
046  05  037  1  0 00559 0
046  05  038  1  0 00504 0
046  05  039  3  1 00412 0
046  05  040  3  1 00481 0
046  05  041  0  0 00506 0
046  05  042  4  1 00563 0
046  05  043  2  0 00466 0
046  05  044  4  1 00527 0
046  05  045  5  1 00460 0
046  05  046  1  0 00488 0
046  05  047  5  1 00653 0
046  05  048  5  1 00539 0
046  05  049  5  1 00493 0
046  05  050  5  1 00452 0
046  05  051  3  1 00836 0
046  05  052  3  1 00691 0
046  05  053  2  0 00708 0
046  05  054  3  1 00562 0
046  05  055  0  0 00664 0
046  05  056  2  0 00570 0
046  05  057  4  1 00459 0
046  05  058  4  1 00503 0
046  05  059  0  0 00611 0
