047  00  000  4  1 00995 0
047  00  001  5  1 00534 0
047  00  002  1  0 00479 0
047  00  003  4  1 00711 0
047  00  004  2  0 00527 0
047  00  005  4  1 00569 0
047  00  006  2  0 00462 0
047  00  007  1  0 00530 0
047  00  008  0  0 00443 0
047  00  009  3  1 00515 0
047  00  010  0  0 00491 0
047  00  011  2  0 00494 0
047  00  012  3  1 00535 0
047  00  013  2  0 00499 0
047  00  014  5  1 00478 0
047  00  015  4  1 00445 0
047  00  016  0  0 00425 0
047  00  017  2  0 00538 0
047  00  018  4  1 00545 0
047  00  019  1  0 00561 0
047  00  020  4  1 00476 0
047  00  021  4  1 00468 0
047  00  022  1  0 00508 0
047  00  023  1  0 00511 0
047  00  024  0  0 00526 0
047  00  025  1  0 00476 0
047  00  026  3  1 00504 0
047  00  027  3  1 00429 0
047  00  028  1  0 00514 0
047  00  029  0  0 00504 0
047  00  030  0  0 00433 0
047  00  031  2  1 00548 1
047  00  032  3  1 00866 0
047  00  033  2  0 00536 0
047  00  034  3  1 00537 0
047  00  035  3  1 00469 0
047  00  036  3  1 00420 0
047  00  037  0  0 00498 0
047  00  038  3  1 00502 0
047  00  039  2  0 00464 0
047  00  040  4  1 00532 0
047  00  041  0  0 00485 0
047  00  042  5  1 00497 0
047  00  043  3  1 00741 0
047  00  044  3  1 00467 0
047  00  045  4  1 00483 0
047  00  046  2  0 00524 0
047  00  047  1  0 00635 0
047  00  048  3  1 00508 0
047  00  049  0  0 00525 0
047  00  050  1  0 00515 0
047  00  051  5  1 00507 0
047  00  052  5  1 00447 0
047  00  053  2  0 00544 0
047  00  054  3  1 00488 0
047  00  055  4  1 00510 0
047  00  056  2  0 00489 0
047  00  057  2  0 00475 0
047  00  058  3  1 00583 0
047  00  059  3  1 00447 0
047  01  000  4  1 00740 0
047  01  001  3  1 00627 0
047  01  002  3  1 00455 0
047  01  003  0  0 00510 0
047  01  004  3  1 00468 0
047  01  005  0  0 00558 0
047  01  006  4  1 00432 0
047  01  007  2  0 00608 0
047  01  008  4  1 00553 0
047  01  009  1  0 00476 0
047  01  010  0  0 00510 0
047  01  011  3  1 00528 0
047  01  012  0  0 00510 0
047  01  013  5  1 00513 0
047  01  014  5  1 00464 0
047  01  015  3  1 00423 0
047  01  016  0  0 00463 0
047  01  017  2  0 00649 0
047  01  018  5  1 00425 0
047  01  019  2  0 00426 0
047  01  020  2  0 00412 0
047  01  021  2  0 00381 0
047  01  022  1  0 00431 0
047  01  023  5  1 00410 0
047  01  024  2  0 00480 0
047  01  025  5  1 00531 0
047  01  026  5  1 00457 0
047  01  027  2  0 00457 0
047  01  028  3  1 00482 0
047  01  029  2  0 00476 0
047  01  030  5  1 00475 0
047  01  031  0  0 00496 0
047  01  032  4  1 00606 0
047  01  033  5  1 00384 0
047  01  034  0  0 00466 0
047  01  035  2  1 00391 1
047  01  036  0  0 00572 0
047  01  037  2  0 00659 0
047  01  038  4  1 00480 0
047  01  039  1  0 00477 0
047  01  040  0  0 00565 0
047  01  041  0  0 00411 0
047  01  042  3  1 00472 0
047  01  043  0  0 00488 0
047  01  044  3  1 00523 0
047  01  045  0  0 00458 0
047  01  046  0  0 00507 0
047  01  047  2  0 00480 0
047  01  048  4  1 00693 0
047  01  049  0  0 00418 0
047  01  050  4  1 00527 0
047  01  051  1  0 00406 0
047  01  052  2  0 00627 0
047  01  053  5  1 00441 0
047  01  054  1  0 00384 0
047  01  055  3  1 00429 0
047  01  056  5  1 00415 0
047  01  057  2  0 00396 0
047  01  058  1  0 00504 0
047  01  059  1  0 00415 0
047  02  000  4  1 00734 0
047  02  001  1  0 00497 0
047  02  002  0  0 00482 0
047  02  003  4  1 00436 0
047  02  004  3  1 00455 0
047  02  005  0  0 00432 0
047  02  006  3  1 00425 0
047  02  007  1  0 00475 0
047  02  008  0  0 00437 0
047  02  009  1  0 00392 0
047  02  010  2  0 00714 0
047  02  011  4  1 00463 0
047  02  012  0  0 00382 0
047  02  013  3  1 00437 0
047  02  014  5  1 00539 0
047  02  015  5  1 00391 0
047  02  016  5  1 00375 0
047  02  017  5  1 00387 0
047  02  018  4  1 00518 0
047  02  019  1  0 00467 0
047  02  020  2  0 00464 0
047  02  021  4  1 00465 0
047  02  022  2  0 00486 0
047  02  023  2  0 00453 0
047  02  024  1  0 00428 0
047  02  025  4  1 00414 0
047  02  026  3  1 00524 0
047  02  027  5  1 00377 0
047  02  028  0  0 00344 0
047  02  029  2  0 00364 0
047  02  030  4  1 00552 0
047  02  031  5  1 00602 0
047  02  032  2  0 00493 0
047  02  033  0  0 00526 0
047  02  034  5  1 00553 0
047  02  035  2  0 00498 0
047  02  036  1  0 00495 0
047  02  037  1  0 00425 0
047  02  038  0  0 00425 0
047  02  039  2  0 00400 0
047  02  040  0  0 00414 0
047  02  041  1  0 00492 0
047  02  042  5  1 00428 0
047  02  043  0  0 00500 0
047  02  044  2  1 00423 1
047  02  045  3  1 00984 0
047  02  046  5  1 00855 0
047  02  047  1  0 00564 0
047  02  048  5  1 00628 0
047  02  049  1  0 00568 0
047  02  050  5  1 00512 0
047  02  051  5  1 00407 0
047  02  052  3  0 00615 1
047  02  053  1  0 00747 0
047  02  054  4  1 00567 0
047  02  055  1  0 00590 0
047  02  056  5  1 00568 0
047  02  057  5  1 00468 0
047  02  058  3  1 00733 0
047  02  059  0  0 00583 0
047  03  000  0  0 00818 0
047  03  001  2  0 00600 0
047  03  002  0  0 00486 0
047  03  003  3  1 00552 0
047  03  004  3  1 00431 0
047  03  005  2  0 00735 0
047  03  006  1  0 00512 0
047  03  007  1  0 00517 0
047  03  008  0  0 00414 0
047  03  009  4  1 00718 0
047  03  010  4  1 00537 0
047  03  011  2  0 00555 0
047  03  012  4  1 00560 0
047  03  013  3  1 00747 0
047  03  014  0  0 00470 0
047  03  015  4  1 00497 0
047  03  016  4  1 00433 0
047  03  017  2  0 00479 0
047  03  018  4  1 00560 0
047  03  019  5  1 00456 0
047  03  020  5  1 00444 0
047  03  021  4  1 00452 0
047  03  022  0  0 00794 0
047  03  023  1  0 00462 0
047  03  024  4  1 00453 0
047  03  025  3  1 00442 0
047  03  026  5  1 00425 0
047  03  027  3  1 00462 0
047  03  028  1  0 00464 0
047  03  029  5  1 00587 0
047  03  030  1  0 00532 0
047  03  031  0  0 00520 0
047  03  032  3  1 00514 0
047  03  033  2  0 00586 0
047  03  034  1  0 00570 0
047  03  035  2  0 00459 0
047  03  036  1  0 00508 0
047  03  037  5  1 00460 0
047  03  038  2  0 00538 0
047  03  039  0  0 00588 0
047  03  040  1  0 00463 0
047  03  041  0  0 00465 0
047  03  042  3  1 00492 0
047  03  043  1  0 00422 0
047  03  044  3  1 00493 0
047  03  045  4  1 00489 0
047  03  046  5  1 00452 0
047  03  047  4  1 00459 0
047  03  048  1  0 00497 0
047  03  049  4  1 00435 0
047  03  050  4  1 00435 0
047  03  051  4  1 00391 0
047  03  052  5  1 00457 0
047  03  053  4  1 00361 0
047  03  054  2  0 00416 0
047  03  055  5  1 00461 0
047  03  056  1  0 00602 0
047  03  057  4  1 00562 0
047  03  058  3  1 00501 0
047  03  059  2  0 00447 0
047  04  000  5  1 00738 0
047  04  001  3  1 00559 0
047  04  002  4  1 00386 0
047  04  003  4  1 00396 0
047  04  004  1  0 00469 0
047  04  005  0  0 00465 0
047  04  006  3  1 00526 0
047  04  007  0  1 00414 1
047  04  008  2  0 00733 0
047  04  009  0  0 00699 0
047  04  010  4  1 00632 0
047  04  011  1  0 00569 0
047  04  012  2  0 00505 0
047  04  013  1  0 00475 0
047  04  014  5  1 00709 0
047  04  015  4  1 00755 0
047  04  016  0  0 00492 0
047  04  017  3  1 00538 0
047  04  018  3  1 00576 0
047  04  019  1  0 00478 0
047  04  020  5  1 00428 0
047  04  021  0  0 00427 0
047  04  022  0  0 00367 0
047  04  023  4  1 00538 0
047  04  024  3  1 00431 0
047  04  025  5  1 00610 0
047  04  026  1  0 00445 0
047  04  027  3  1 00488 0
047  04  028  1  0 00537 0
047  04  029  4  1 00416 0
047  04  030  4  1 00484 0
047  04  031  2  0 00596 0
047  04  032  5  1 00401 0
047  04  033  1  0 00500 0
047  04  034  0  0 00556 0
047  04  035  4  1 00429 0
047  04  036  3  1 00424 0
047  04  037  2  0 00462 0
047  04  038  5  1 00521 0
047  04  039  1  0 00635 0
047  04  040  0  0 00434 0
047  04  041  3  1 00414 0
047  04  042  3  1 00449 0
047  04  043  1  0 00571 0
047  04  044  2  0 00875 0
047  04  045  5  1 00402 0
047  04  046  3  1 00809 0
047  04  047  4  1 00518 0
047  04  048  2  0 00453 0
047  04  049  4  1 00428 0
047  04  050  0  0 00549 0
047  04  051  4  1 00437 0
047  04  052  2  0 00517 0
047  04  053  3  1 00399 0
047  04  054  3  1 00453 0
047  04  055  3  1 00400 0
047  04  056  0  0 00429 0
047  04  057  3  1 00466 0
047  04  058  0  0 00483 0
047  04  059  4  1 00552 0
047  05  000  3  1 00665 0
047  05  001  5  1 00461 0
047  05  002  0  0 00535 0
047  05  003  1  0 00443 0
047  05  004  5  1 00404 0
047  05  005  0  0 00474 0
047  05  006  0  0 00486 0
047  05  007  5  1 00421 0
047  05  008  2  0 00390 0
047  05  009  4  1 00380 0
047  05  010  4  1 00447 0
047  05  011  0  0 00384 0
047  05  012  3  1 00366 0
047  05  013  2  0 00376 0
047  05  014  5  1 00330 0
047  05  015  1  0 00411 0
047  05  016  4  1 00406 0
047  05  017  5  1 00492 0
047  05  018  2  0 00395 0
047  05  019  3  1 00378 0
047  05  020  1  0 00446 0
047  05  021  2  0 00609 0
047  05  022  2  0 00448 0
047  05  023  4  1 00383 0
047  05  024  5  1 00607 0
047  05  025  5  1 00391 0
047  05  026  0  0 00356 0
047  05  027  5  1 00424 0
047  05  028  2  0 00597 0
047  05  029  2  0 00538 0
047  05  030  5  1 00469 0
047  05  031  3  1 00434 0
047  05  032  4  1 00413 0
047  05  033  4  1 00372 0
047  05  034  2  0 00464 0
047  05  035  5  1 00389 0
047  05  036  2  0 00710 0
047  05  037  5  1 00420 0
047  05  038  1  0 00620 0
047  05  039  4  1 00355 0
047  05  040  3  1 00507 0
047  05  041  1  0 00484 0
047  05  042  1  0 00509 0
047  05  043  5  1 00405 0
047  05  044  0  0 00410 0
047  05  045  1  0 00527 0
047  05  046  5  1 00717 0
047  05  047  1  0 00465 0
047  05  048  5  1 00424 0
047  05  049  4  1 00555 0
047  05  050  5  1 00423 0
047  05  051  1  0 00547 0
047  05  052  5  1 00509 0
047  05  053  1  0 00460 0
047  05  054  3  1 00888 0
047  05  055  0  0 00455 0
047  05  056  0  0 00492 0
047  05  057  2  1 00524 1
047  05  058  1  0 00664 0
047  05  059  1  0 00408 0
