040  00  000  1  0 01246 0
040  00  001  2  0 01989 0
040  00  002  2  0 00710 0
040  00  003  3  1 00832 0
040  00  004  2  0 00820 0
040  00  005  2  0 00583 0
040  00  006  2  0 00707 0
040  00  007  1  0 00669 0
040  00  008  2  0 00585 0
040  00  009  0  0 00629 0
040  00  010  4  0 00557 1
040  00  011  2  0 00555 0
040  00  012  5  1 00597 0
040  00  013  1  0 00541 0
040  00  014  1  0 00582 0
040  00  015  1  0 00545 0
040  00  016  5  1 00622 0
040  00  017  0  0 00588 0
040  00  018  5  1 00577 0
040  00  019  4  1 00628 0
040  00  020  3  1 00602 0
040  00  021  0  0 00485 0
040  00  022  1  0 00649 0
040  00  023  3  1 00589 0
040  00  024  4  1 00560 0
040  00  025  0  0 00575 0
040  00  026  4  1 00565 0
040  00  027  4  1 00588 0
040  00  028  5  1 00515 0
040  00  029  1  0 00553 0
040  00  030  5  1 00551 0
040  00  031  3  1 00602 0
040  00  032  3  1 00547 0
040  00  033  2  0 00553 0
040  00  034  2  0 00424 0
040  00  035  4  1 00555 0
040  00  036  1  0 00463 0
040  00  037  1  0 00533 0
040  00  038  3  1 00493 0
040  00  039  1  0 00575 0
040  00  040  2  0 00608 0
040  00  041  3  1 00554 0
040  00  042  1  0 00469 0
040  00  043  4  1 00550 0
040  00  044  1  0 00493 0
040  00  045  4  1 00610 0
040  00  046  5  1 00951 0
040  00  047  5  1 00533 0
040  00  048  3  1 00608 0
040  00  049  3  1 00517 0
040  00  050  5  1 00457 0
040  00  051  1  0 00518 0
040  00  052  5  1 00495 0
040  00  053  3  1 00602 0
040  00  054  2  0 00620 0
040  00  055  1  0 00836 0
040  00  056  2  0 00645 0
040  00  057  0  0 00602 0
040  00  058  5  1 00539 0
040  00  059  0  0 00578 0
040  01  000  2  0 00802 0
040  01  001  5  1 00573 0
040  01  002  4  1 00525 0
040  01  003  4  1 00465 0
040  01  004  5  1 00482 0
040  01  005  2  0 00582 0
040  01  006  0  0 00588 0
040  01  007  4  1 00515 0
040  01  008  0  0 00543 0
040  01  009  0  0 00556 0
040  01  010  2  0 00597 0
040  01  011  4  0 00453 1
040  01  012  5  1 00487 0
040  01  013  3  1 00505 0
040  01  014  5  1 00479 0
040  01  015  1  0 00774 0
040  01  016  0  0 00669 0
040  01  017  2  0 00680 0
040  01  018  1  0 00613 0
040  01  019  3  1 00504 0
040  01  020  2  0 00541 0
040  01  021  2  0 00705 0
040  01  022  1  0 00495 0
040  01  023  5  1 00576 0
040  01  024  1  0 00508 0
040  01  025  0  0 00482 0
040  01  026  5  1 00651 0
040  01  027  1  0 00465 0
040  01  028  1  0 00482 0
040  01  029  3  1 00562 0
040  01  030  0  0 00431 0
040  01  031  5  1 00481 0
040  01  032  4  1 00694 0
040  01  033  1  0 00555 0
040  01  034  3  1 00621 0
040  01  035  3  1 00513 0
040  01  036  1  0 00522 0
040  01  037  3  1 00506 0
040  01  038  1  0 00461 0
040  01  039  3  1 00404 0
040  01  040  1  0 00480 0
040  01  041  4  1 00487 0
040  01  042  4  1 00505 0
040  01  043  1  0 00470 0
040  01  044  1  0 00486 0
040  01  045  5  1 00585 0
040  01  046  4  1 00536 0
040  01  047  0  0 00538 0
040  01  048  3  1 00380 0
040  01  049  1  0 00461 0
040  01  050  4  1 00449 0
040  01  051  5  1 00500 0
040  01  052  1  0 00410 0
040  01  053  0  1 00511 1
040  01  054  0  0 00510 0
040  01  055  5  1 00511 0
040  01  056  4  1 01023 0
040  01  057  4  1 00502 0
040  01  058  1  0 00547 0
040  01  059  3  1 00559 0
040  02  000  1  0 00824 0
040  02  001  1  0 00435 0
040  02  002  2  0 00691 0
040  02  003  1  0 00461 0
040  02  004  0  0 00512 0
040  02  005  0  0 00423 0
040  02  006  5  1 00616 0
040  02  007  1  0 00541 0
040  02  008  0  0 00472 0
040  02  009  2  0 00471 0
040  02  010  2  0 00398 0
040  02  011  0  0 00410 0
040  02  012  4  1 00826 0
040  02  013  5  1 00668 0
040  02  014  4  1 00529 0
040  02  015  4  1 00467 0
040  02  016  0  1 00457 1
040  02  017  4  1 00435 0
040  02  018  3  1 00592 0
040  02  019  1  0 00679 0
040  02  020  1  0 00781 0
040  02  021  0  0 00548 0
040  02  022  3  1 00704 0
040  02  023  5  1 00637 0
040  02  024  4  1 00575 0
040  02  025  5  1 00474 0
040  02  026  3  1 00597 0
040  02  027  5  1 00513 0
040  02  028  2  0 00675 0
040  02  029  5  1 00535 0
040  02  030  2  0 00628 0
040  02  031  1  0 00575 0
040  02  032  0  0 00508 0
040  02  033  1  0 00474 0
040  02  034  4  1 00660 0
040  02  035  3  0 00572 1
040  02  036  5  1 00550 0
040  02  037  0  0 00652 0
040  02  038  2  0 00619 0
040  02  039  0  0 00493 0
040  02  040  2  0 00501 0
040  02  041  5  1 00646 0
040  02  042  3  1 00522 0
040  02  043  0  0 00586 0
040  02  044  0  0 00478 0
040  02  045  0  0 00396 0
040  02  046  0  0 00407 0
040  02  047  5  1 00571 0
040  02  048  3  1 00532 0
040  02  049  5  1 00560 0
040  02  050  5  1 00527 0
040  02  051  3  1 00484 0
040  02  052  3  1 00392 0
040  02  053  5  1 00619 0
040  02  054  0  0 00591 0
040  02  055  2  0 00705 0
040  02  056  3  1 00585 0
040  02  057  0  0 00617 0
040  02  058  0  0 00456 0
040  02  059  3  1 00597 0
040  03  000  0  0 00732 0
040  03  001  5  1 01161 0
040  03  002  3  1 00820 0
040  03  003  2  0 00688 0
040  03  004  3  1 00710 0
040  03  005  0  0 00518 0
040  03  006  0  0 00494 0
040  03  007  0  0 00424 0
040  03  008  2  0 00555 0
040  03  009  4  1 00613 0
040  03  010  0  0 00504 0
040  03  011  4  0 00451 1
040  03  012  4  1 00521 0
040  03  013  0  0 00478 0
040  03  014  5  1 00567 0
040  03  015  1  0 00681 0
040  03  016  2  0 00586 0
040  03  017  4  1 00602 0
040  03  018  5  1 00547 0
040  03  019  1  0 00407 0
040  03  020  3  1 00582 0
040  03  021  2  0 00650 0
040  03  022  3  1 00634 0
040  03  023  2  0 00519 0
040  03  024  1  0 00674 0
040  03  025  2  0 00471 0
040  03  026  1  0 00497 0
040  03  027  4  1 00605 0
040  03  028  3  1 00595 0
040  03  029  4  1 00512 0
040  03  030  4  1 00451 0
040  03  031  4  1 00448 0
040  03  032  5  1 01188 0
040  03  033  2  0 00625 0
040  03  034  2  0 00536 0
040  03  035  2  0 00504 0
040  03  036  4  1 00559 0
040  03  037  2  0 00653 0
040  03  038  2  0 00557 0
040  03  039  2  0 00482 0
040  03  040  2  0 00439 0
040  03  041  3  1 01216 0
040  03  042  3  1 00645 0
040  03  043  1  0 00547 0
040  03  044  4  1 00685 0
040  03  045  1  0 00466 0
040  03  046  3  1 00769 0
040  03  047  2  0 00600 0
040  03  048  3  1 00832 0
040  03  049  5  1 00594 0
040  03  050  5  1 00564 0
040  03  051  4  0 00613 1
040  03  052  2  0 00603 0
040  03  053  3  1 00613 0
040  03  054  3  1 00522 0
040  03  055  2  0 00568 0
040  03  056  0  0 00609 0
040  03  057  4  1 01182 0
040  03  058  3  1 00941 0
040  03  059  3  1 00692 0
040  04  000  1  0 00545 0
040  04  001  1  0 00450 0
040  04  002  2  0 00501 0
040  04  003  4  1 00727 0
040  04  004  3  0 00599 1
040  04  005  3  1 00579 0
040  04  006  0  0 00468 0
040  04  007  2  0 00467 0
040  04  008  4  1 00636 0
040  04  009  5  1 00559 0
040  04  010  1  0 00616 0
040  04  011  4  1 00596 0
040  04  012  0  0 00513 0
040  04  013  5  1 00568 0
040  04  014  5  1 00466 0
040  04  015  4  1 00617 0
040  04  016  1  0 00500 0
040  04  017  4  1 00492 0
040  04  018  1  0 00509 0
040  04  019  3  1 00555 0
040  04  020  0  0 00434 0
040  04  021  0  0 00493 0
040  04  022  1  0 00511 0
040  04  023  3  1 00531 0
040  04  024  4  1 00623 0
040  04  025  5  1 00676 0
040  04  026  5  1 00383 0
040  04  027  5  1 00377 0
040  04  028  5  1 00405 0
040  04  029  0  0 00470 0
040  04  030  2  0 00461 0
040  04  031  3  1 00479 0
040  04  032  4  1 00531 0
040  04  033  0  0 00507 0
040  04  034  5  1 00464 0
040  04  035  3  1 00542 0
040  04  036  4  1 00491 0
040  04  037  1  0 00689 0
040  04  038  1  0 00540 0
040  04  039  5  1 00562 0
040  04  040  4  1 00567 0
040  04  041  0  0 00473 0
040  04  042  4  1 00723 0
040  04  043  5  1 00614 0
040  04  044  4  1 00514 0
040  04  045  3  1 00506 0
040  04  046  4  1 00507 0
040  04  047  5  1 00446 0
040  04  048  4  1 00415 0
040  04  049  2  0 00554 0
040  04  050  5  1 00497 0
040  04  051  2  0 00559 0
040  04  052  5  1 00573 0
040  04  053  1  0 00525 0
040  04  054  1  0 00482 0
040  04  055  4  1 00724 0
040  04  056  2  0 00586 0
040  04  057  2  0 00460 0
040  04  058  2  0 00449 0
040  04  059  5  1 01012 0
040  05  000  4  1 00581 0
040  05  001  3  1 00551 0
040  05  002  0  0 00743 0
040  05  003  0  0 00555 0
040  05  004  0  0 00524 0
040  05  005  3  1 00537 0
040  05  006  3  1 00495 0
040  05  007  2  0 00541 0
040  05  008  3  1 00483 0
040  05  009  4  1 00572 0
040  05  010  1  0 00812 0
040  05  011  5  1 00520 0
040  05  012  0  0 00460 0
040  05  013  3  1 00475 0
040  05  014  4  1 00554 0
040  05  015  2  0 00541 0
040  05  016  1  0 00643 0
040  05  017  3  1 00583 0
040  05  018  2  0 00510 0
040  05  019  2  0 00511 0
040  05  020  1  0 00495 0
040  05  021  0  0 00434 0
040  05  022  5  1 00529 0
040  05  023  1  0 01007 0
040  05  024  2  0 00837 0
040  05  025  5  1 00609 0
040  05  026  3  1 00618 0
040  05  027  5  1 00618 0
040  05  028  4  1 00564 0
040  05  029  4  1 00498 0
040  05  030  5  1 00516 0
040  05  031  2  0 00493 0
040  05  032  3  1 00663 0
040  05  033  3  1 00603 0
040  05  034  0  0 00755 0
040  05  035  4  1 00737 0
040  05  036  0  0 00539 0
040  05  037  0  1 00578 1
040  05  038  4  1 00521 0
040  05  039  1  0 00541 0
040  05  040  3  1 00528 0
040  05  041  4  1 00872 0
040  05  042  0  0 00458 0
040  05  043  2  0 00555 0
040  05  044  4  1 00533 0
040  05  045  0  0 00600 0
040  05  046  0  0 00555 0
040  05  047  0  0 00470 0
040  05  048  5  1 00496 0
040  05  049  2  0 00434 0
040  05  050  5  1 00584 0
040  05  051  1  0 00698 0
040  05  052  2  1 00470 1
040  05  053  2  0 00531 0
040  05  054  0  0 00598 0
040  05  055  0  0 00364 0
040  05  056  5  1 00686 0
040  05  057  0  0 00396 0
040  05  058  3  1 00631 0
040  05  059  1  0 00542 0
