042  00  000  1  0 02120 0
042  00  001  0  0 00581 0
042  00  002  0  0 00482 0
042  00  003  5  1 00530 0
042  00  004  0  0 00482 0
042  00  005  3  1 00549 0
042  00  006  3  1 00462 0
042  00  007  0  0 00443 0
042  00  008  4  1 00603 0
042  00  009  0  0 00450 0
042  00  010  2  0 00458 0
042  00  011  4  1 00515 0
042  00  012  4  1 00418 0
042  00  013  5  1 00390 0
042  00  014  1  0 00444 0
042  00  015  3  1 00518 0
042  00  016  1  0 00482 0
042  00  017  3  1 00520 0
042  00  018  2  0 00481 0
042  00  019  1  0 00395 0
042  00  020  3  1 00530 0
042  00  021  0  0 00460 0
042  00  022  1  0 00576 0
042  00  023  1  0 00408 0
042  00  024  4  1 00429 0
042  00  025  3  1 00384 0
042  00  026  5  1 00397 0
042  00  027  0  0 00488 0
042  00  028  3  1 00500 0
042  00  029  5  1 00486 0
042  00  030  1  0 00419 0
042  00  031  3  1 00494 0
042  00  032  3  1 00419 0
042  00  033  5  1 00516 0
042  00  034  3  1 00420 0
042  00  035  4  1 00497 0
042  00  036  5  0 00373 1
042  00  037  0  0 00589 0
042  00  038  5  1 00659 0
042  00  039  0  0 00482 0
042  00  040  0  0 00487 0
042  00  041  4  1 00546 0
042  00  042  4  1 00434 0
042  00  043  2  0 00720 0
042  00  044  2  0 00447 0
042  00  045  5  1 00543 0
042  00  046  4  1 00429 0
042  00  047  5  1 00510 0
042  00  048  2  0 00470 0
042  00  049  3  1 00566 0
042  00  050  0  0 00505 0
042  00  051  1  0 00620 0
042  00  052  3  1 00460 0
042  00  053  2  0 00547 0
042  00  054  4  1 00462 0
042  00  055  1  0 00521 0
042  00  056  2  0 00499 0
042  00  057  1  0 00452 0
042  00  058  5  1 00515 0
042  00  059  1  0 00476 0
042  01  000  2  0 00522 0
042  01  001  1  0 00551 0
042  01  002  3  1 00476 0
042  01  003  3  1 00431 0
042  01  004  0  0 00531 0
042  01  005  1  0 00561 0
042  01  006  2  0 00465 0
042  01  007  0  0 00419 0
042  01  008  2  0 00422 0
042  01  009  2  0 00426 0
042  01  010  0  0 00433 0
042  01  011  4  1 00441 0
042  01  012  1  0 00489 0
042  01  013  4  1 00502 0
042  01  014  2  0 00462 0
042  01  015  3  1 00861 0
042  01  016  3  1 00422 0
042  01  017  3  1 00422 0
042  01  018  0  0 00612 0
042  01  019  3  1 00442 0
042  01  020  1  0 00367 0
042  01  021  1  0 00604 0
042  01  022  5  1 00651 0
042  01  023  2  0 00529 0
042  01  024  3  1 00691 0
042  01  025  3  1 00434 0
042  01  026  3  1 00423 0
042  01  027  1  0 00524 0
042  01  028  5  1 00449 0
042  01  029  3  1 00477 0
042  01  030  3  1 00432 0
042  01  031  4  1 00430 0
042  01  032  4  1 00398 0
042  01  033  3  1 00491 0
042  01  034  5  1 00401 0
042  01  035  5  1 00401 0
042  01  036  0  0 00449 0
042  01  037  3  1 00450 0
042  01  038  1  0 00458 0
042  01  039  0  0 00437 0
042  01  040  0  0 00364 0
042  01  041  3  1 00436 0
042  01  042  3  1 00658 0
042  01  043  1  0 00507 0
042  01  044  5  1 00465 0
042  01  045  2  0 00438 0
042  01  046  4  1 00500 0
042  01  047  5  1 00425 0
042  01  048  2  0 00444 0
042  01  049  5  1 00448 0
042  01  050  4  1 00473 0
042  01  051  4  1 00376 0
042  01  052  3  1 00465 0
042  01  053  3  1 00378 0
042  01  054  1  0 00414 0
042  01  055  0  0 00404 0
042  01  056  0  0 00457 0
042  01  057  0  0 00451 0
042  01  058  4  1 00509 0
042  01  059  1  0 00567 0
042  02  000  0  0 00549 0
042  02  001  2  0 00463 0
042  02  002  4  1 00421 0
042  02  003  0  0 00429 0
042  02  004  1  0 00402 0
042  02  005  1  0 00396 0
042  02  006  0  0 00430 0
042  02  007  2  0 00428 0
042  02  008  5  1 00489 0
042  02  009  2  0 00525 0
042  02  010  0  0 00421 0
042  02  011  4  1 00450 0
042  02  012  3  1 00467 0
042  02  013  5  1 00418 0
042  02  014  2  0 00486 0
042  02  015  1  0 00412 0
042  02  016  1  0 00482 0
042  02  017  0  0 00436 0
042  02  018  5  1 00406 0
042  02  019  2  0 00463 0
042  02  020  2  0 00490 0
042  02  021  1  0 00496 0
042  02  022  5  1 00440 0
042  02  023  3  1 00456 0
042  02  024  5  1 00466 0
042  02  025  4  1 00437 0
042  02  026  1  0 00420 0
042  02  027  0  0 00510 0
042  02  028  5  1 00451 0
042  02  029  5  1 00421 0
042  02  030  2  0 00518 0
042  02  031  5  1 00468 0
042  02  032  2  1 00412 1
042  02  033  4  1 00513 0
042  02  034  5  1 00477 0
042  02  035  5  1 00651 0
042  02  036  4  1 00473 0
042  02  037  5  1 00464 0
042  02  038  5  1 00615 0
042  02  039  1  0 00510 0
042  02  040  1  0 00410 0
042  02  041  2  0 00429 0
042  02  042  4  1 00490 0
042  02  043  1  0 00541 0
042  02  044  1  0 00396 0
042  02  045  3  1 00579 0
042  02  046  0  0 00405 0
042  02  047  1  0 00625 0
042  02  048  4  1 00465 0
042  02  049  4  1 00427 0
042  02  050  3  1 00465 0
042  02  051  3  1 00428 0
042  02  052  4  1 00401 0
042  02  053  5  1 00466 0
042  02  054  0  0 00408 0
042  02  055  3  1 00490 0
042  02  056  0  0 00573 0
042  02  057  5  1 00477 0
042  02  058  2  0 00536 0
042  02  059  4  1 00538 0
042  03  000  2  0 00599 0
042  03  001  4  1 00438 0
042  03  002  4  1 00396 0
042  03  003  2  0 00499 0
042  03  004  5  1 00441 0
042  03  005  1  0 00473 0
042  03  006  5  1 00645 0
042  03  007  3  1 00522 0
042  03  008  3  1 00419 0
042  03  009  2  0 00565 0
042  03  010  3  1 00432 0
042  03  011  1  0 00469 0
042  03  012  5  1 00452 0
042  03  013  0  0 00469 0
042  03  014  4  1 00433 0
042  03  015  1  0 00602 0
042  03  016  4  1 00496 0
042  03  017  0  0 00497 0
042  03  018  4  1 00450 0
042  03  019  2  0 00505 0
042  03  020  2  0 00446 0
042  03  021  1  0 00453 0
042  03  022  0  0 00485 0
042  03  023  5  1 00436 0
042  03  024  2  0 00520 0
042  03  025  1  0 00473 0
042  03  026  3  1 00530 0
042  03  027  3  1 00442 0
042  03  028  2  0 00473 0
042  03  029  0  0 00453 0
042  03  030  5  1 00478 0
042  03  031  3  1 00519 0
042  03  032  0  0 00467 0
042  03  033  2  0 00610 0
042  03  034  5  1 00478 0
042  03  035  2  0 00606 0
042  03  036  3  1 00601 0
042  03  037  0  0 00508 0
042  03  038  0  0 00537 0
042  03  039  1  0 00540 0
042  03  040  2  0 00732 0
042  03  041  4  1 00491 0
042  03  042  0  0 00491 0
042  03  043  1  0 00434 0
042  03  044  4  1 00528 0
042  03  045  5  1 00492 0
042  03  046  5  1 00428 0
042  03  047  3  1 00597 0
042  03  048  4  1 00537 0
042  03  049  3  1 00576 0
042  03  050  4  1 00391 0
042  03  051  1  0 00590 0
042  03  052  4  1 00426 0
042  03  053  3  1 00499 0
042  03  054  5  1 00432 0
042  03  055  4  1 00424 0
042  03  056  2  0 00465 0
042  03  057  1  0 00625 0
042  03  058  1  0 00533 0
042  03  059  0  0 00547 0
042  04  000  3  1 00560 0
042  04  001  4  1 00446 0
042  04  002  1  0 00558 0
042  04  003  5  1 00443 0
042  04  004  4  1 00390 0
042  04  005  0  0 00445 0
042  04  006  3  1 00511 0
042  04  007  3  1 00444 0
042  04  008  1  0 00432 0
042  04  009  3  1 00495 0
042  04  010  2  0 00432 0
042  04  011  4  1 00442 0
042  04  012  5  1 00421 0
042  04  013  4  1 00409 0
042  04  014  4  1 00392 0
042  04  015  5  1 00482 0
042  04  016  2  0 00488 0
042  04  017  2  0 00447 0
042  04  018  0  0 00553 0
042  04  019  3  1 00456 0
042  04  020  5  1 00424 0
042  04  021  2  1 00379 1
042  04  022  0  0 00506 0
042  04  023  3  1 00696 0
042  04  024  4  1 00497 0
042  04  025  3  1 00517 0
042  04  026  0  0 00475 0
042  04  027  1  0 00460 0
042  04  028  0  0 00645 0
042  04  029  3  1 00443 0
042  04  030  4  1 00459 0
042  04  031  0  0 00492 0
042  04  032  5  1 00745 0
042  04  033  1  0 00505 0
042  04  034  2  0 00445 0
042  04  035  1  0 00568 0
042  04  036  4  1 00450 0
042  04  037  2  0 00515 0
042  04  038  2  0 00481 0
042  04  039  2  0 00667 0
042  04  040  0  0 00512 0
042  04  041  0  0 00448 0
042  04  042  4  1 00511 0
042  04  043  0  0 00496 0
042  04  044  3  1 00446 0
042  04  045  1  0 00477 0
042  04  046  5  1 00450 0
042  04  047  1  0 00446 0
042  04  048  5  1 00399 0
042  04  049  3  1 00610 0
042  04  050  0  0 00581 0
042  04  051  2  0 00702 0
042  04  052  4  1 00507 0
042  04  053  1  0 00489 0
042  04  054  3  1 00646 0
042  04  055  2  0 00396 0
042  04  056  2  0 00443 0
042  04  057  3  1 00628 0
042  04  058  1  0 00478 0
042  04  059  0  0 00470 0
042  05  000  4  1 00580 0
042  05  001  5  1 00410 0
042  05  002  4  1 00385 0
042  05  003  5  1 00409 0
042  05  004  1  0 00621 0
042  05  005  3  1 00529 0
042  05  006  1  0 00527 0
042  05  007  2  0 00607 0
042  05  008  0  0 00414 0
042  05  009  0  0 00439 0
042  05  010  5  1 00424 0
042  05  011  5  1 00396 0
042  05  012  4  1 00488 0
042  05  013  2  0 00434 0
042  05  014  4  1 00415 0
042  05  015  2  0 00457 0
042  05  016  1  0 00501 0
042  05  017  0  0 00515 0
042  05  018  2  0 00493 0
042  05  019  1  0 00466 0
042  05  020  0  0 00407 0
042  05  021  2  0 00429 0
042  05  022  2  0 00447 0
042  05  023  4  1 00509 0
042  05  024  0  0 00482 0
042  05  025  5  1 00490 0
042  05  026  2  1 00459 1
042  05  027  4  1 00533 0
042  05  028  3  1 00562 0
042  05  029  5  1 00422 0
042  05  030  5  1 00441 0
042  05  031  5  1 00406 0
042  05  032  2  0 00557 0
042  05  033  4  1 00458 0
042  05  034  1  0 00558 0
042  05  035  4  1 00441 0
042  05  036  1  0 00429 0
042  05  037  5  1 00489 0
042  05  038  0  0 00515 0
042  05  039  4  1 00655 0
042  05  040  0  0 00539 0
042  05  041  4  1 00411 0
042  05  042  2  0 00437 0
042  05  043  5  1 00447 0
042  05  044  2  0 00444 0
042  05  045  5  1 00411 0
042  05  046  5  1 00448 0
042  05  047  2  0 00448 0
042  05  048  3  1 00557 0
042  05  049  2  0 00452 0
042  05  050  5  1 00453 0
042  05  051  1  0 00541 0
042  05  052  1  0 00921 0
042  05  053  2  0 00532 0
042  05  054  1  0 00505 0
042  05  055  0  0 00577 0
042  05  056  4  1 00430 0
042  05  057  4  1 00439 0
042  05  058  0  0 00472 0
042  05  059  0  0 00541 0
