049  00  000  0  0 02465 0
049  00  001  3  1 01276 0
049  00  002  4  1 00818 0
049  00  003  0  0 00630 0
049  00  004  2  0 00713 0
049  00  005  2  0 00662 0
049  00  006  0  0 00731 0
049  00  007  5  1 00701 0
049  00  008  3  1 00694 0
049  00  009  0  0 00611 0
049  00  010  3  1 00647 0
049  00  011  1  0 00638 0
049  00  012  3  1 00631 0
049  00  013  4  1 00490 0
049  00  014  1  0 00662 0
049  00  015  4  1 00525 0
049  00  016  0  0 00516 0
049  00  017  1  0 00716 0
049  00  018  2  0 00633 0
049  00  019  5  1 00705 0
049  00  020  4  1 00435 0
049  00  021  1  0 00452 0
049  00  022  4  1 00437 0
049  00  023  0  0 00555 0
049  00  024  5  1 00532 0
049  00  025  5  1 00456 0
049  00  026  1  0 00486 0
049  00  027  3  1 00701 0
049  00  028  4  1 00511 0
049  00  029  2  0 00596 0
049  00  030  4  1 00637 0
049  00  031  4  1 00748 0
049  00  032  4  1 00629 0
049  00  033  5  1 00502 0
049  00  034  0  0 00454 0
049  00  035  4  1 00427 0
049  00  036  3  1 00711 0
049  00  037  2  0 00833 0
049  00  038  3  1 00805 0
049  00  039  4  1 00680 0
049  00  040  3  1 00714 0
049  00  041  5  1 00500 0
049  00  042  0  0 00454 0
049  00  043  5  1 00670 0
049  00  044  2  0 00673 0
049  00  045  0  0 00436 0
049  00  046  0  0 00428 0
049  00  047  5  1 00435 0
049  00  048  0  0 00581 0
049  00  049  0  0 01103 0
049  00  050  3  1 00613 0
049  00  051  1  0 00470 0
049  00  052  1  0 00501 0
049  00  053  3  1 00504 0
049  00  054  1  0 00587 0
049  00  055  4  1 00451 0
049  00  056  3  1 00596 0
049  00  057  0  0 00562 0
049  00  058  4  1 00704 0
049  00  059  5  1 00424 0
049  01  000  3  1 00600 0
049  01  001  5  1 00505 0
049  01  002  0  0 00506 0
049  01  003  2  0 00695 0
049  01  004  5  1 00498 0
049  01  005  2  0 00482 0
049  01  006  0  0 00536 0
049  01  007  2  0 00755 0
049  01  008  3  1 00508 0
049  01  009  4  1 00403 0
049  01  010  4  1 00395 0
049  01  011  5  1 00435 0
049  01  012  1  0 00456 0
049  01  013  4  1 00512 0
049  01  014  5  1 00439 0
049  01  015  5  1 00414 0
049  01  016  4  1 00592 0
049  01  017  4  1 00446 0
049  01  018  5  1 00381 0
049  01  019  4  1 00564 0
049  01  020  3  1 00480 0
049  01  021  2  0 00522 0
049  01  022  0  0 00383 0
049  01  023  3  1 00443 0
049  01  024  0  0 00520 0
049  01  025  2  0 00445 0
049  01  026  1  0 00521 0
049  01  027  0  0 00561 0
049  01  028  4  1 00500 0
049  01  029  1  0 00550 0
049  01  030  4  1 00893 0
049  01  031  5  1 00417 0
049  01  032  3  1 00457 0
049  01  033  2  0 00436 0
049  01  034  5  1 00461 0
049  01  035  0  0 00612 0
049  01  036  4  1 00491 0
049  01  037  0  0 00456 0
049  01  038  5  1 00587 0
049  01  039  0  0 00529 0
049  01  040  4  1 00449 0
049  01  041  5  1 00414 0
049  01  042  1  0 00507 0
049  01  043  3  1 00465 0
049  01  044  3  1 00526 0
049  01  045  1  0 00595 0
049  01  046  0  0 00352 0
049  01  047  2  0 00544 0
049  01  048  1  0 00616 0
049  01  049  2  0 00678 0
049  01  050  5  1 00602 0
049  01  051  1  0 00467 0
049  01  052  4  1 00513 0
049  01  053  0  0 00585 0
049  01  054  3  1 00624 0
049  01  055  1  0 00677 0
049  01  056  3  1 00506 0
049  01  057  1  0 00458 0
049  01  058  0  0 00634 0
049  01  059  2  0 00569 0
049  02  000  5  1 00832 0
049  02  001  1  0 00526 0
049  02  002  3  1 00572 0
049  02  003  1  0 00446 0
049  02  004  1  0 00497 0
049  02  005  3  1 00467 0
049  02  006  3  1 00420 0
049  02  007  0  0 00443 0
049  02  008  5  1 00519 0
049  02  009  0  0 00550 0
049  02  010  2  1 00612 1
049  02  011  4  1 00959 0
049  02  012  2  0 00580 0
049  02  013  3  1 00521 0
049  02  014  3  1 00939 0
049  02  015  4  1 00525 0
049  02  016  3  1 00638 0
049  02  017  2  0 00443 0
049  02  018  0  0 00553 0
049  02  019  5  1 00576 0
049  02  020  4  1 00606 0
049  02  021  2  0 00538 0
049  02  022  0  0 00515 0
049  02  023  2  0 00673 0
049  02  024  3  1 00558 0
049  02  025  0  0 00520 0
049  02  026  4  1 00463 0
049  02  027  1  0 00436 0
049  02  028  3  0 00421 1
049  02  029  2  0 02151 0
049  02  030  1  0 00576 0
049  02  031  4  1 00409 0
049  02  032  0  0 00682 0
049  02  033  0  0 00555 0
049  02  034  1  0 00717 0
049  02  035  0  0 00599 0
049  02  036  5  1 00554 0
049  02  037  3  1 00512 0
049  02  038  0  0 00629 0
049  02  039  5  1 00625 0
049  02  040  1  0 00617 0
049  02  041  1  0 00626 0
049  02  042  2  0 00710 0
049  02  043  2  0 00562 0
049  02  044  1  0 00533 0
049  02  045  5  1 00468 0
049  02  046  4  1 00436 0
049  02  047  0  0 00602 0
049  02  048  0  0 00434 0
049  02  049  2  0 00527 0
049  02  050  5  1 00621 0
049  02  051  2  0 00589 0
049  02  052  5  1 00517 0
049  02  053  0  0 00703 0
049  02  054  0  0 00549 0
049  02  055  2  0 00650 0
049  02  056  0  0 00499 0
049  02  057  0  0 00491 0
049  02  058  4  1 00914 0
049  02  059  1  0 00666 0
049  03  000  5  1 00655 0
049  03  001  5  1 00568 0
049  03  002  2  0 00487 0
049  03  003  3  1 00732 0
049  03  004  5  1 00548 0
049  03  005  2  0 00667 0
049  03  006  1  0 00714 0
049  03  007  5  1 00545 0
049  03  008  0  0 00728 0
049  03  009  5  1 00460 0
049  03  010  0  0 00453 0
049  03  011  2  0 00480 0
049  03  012  3  1 00750 0
049  03  013  1  0 00594 0
049  03  014  5  1 00874 0
049  03  015  5  1 00407 0
049  03  016  1  0 00465 0
049  03  017  2  0 00889 0
049  03  018  3  1 00554 0
049  03  019  3  1 00432 0
049  03  020  5  1 00484 0
049  03  021  5  1 00501 0
049  03  022  2  0 00546 0
049  03  023  0  0 00987 0
049  03  024  2  0 00494 0
049  03  025  4  1 00529 0
049  03  026  2  0 00509 0
049  03  027  3  1 00877 0
049  03  028  4  1 00380 0
049  03  029  1  0 00496 0
049  03  030  1  0 00462 0
049  03  031  3  1 00649 0
049  03  032  5  1 00484 0
049  03  033  4  1 00443 0
049  03  034  5  1 00486 0
049  03  035  4  1 00525 0
049  03  036  1  0 00698 0
049  03  037  2  0 00856 0
049  03  038  4  1 00446 0
049  03  039  4  1 00470 0
049  03  040  1  0 00608 0
049  03  041  0  0 00474 0
049  03  042  4  1 00452 0
049  03  043  2  0 00669 0
049  03  044  4  1 00718 0
049  03  045  3  1 00574 0
049  03  046  5  1 00533 0
049  03  047  2  0 00615 0
049  03  048  3  0 00635 1
049  03  049  1  0 00745 0
049  03  050  5  1 00525 0
049  03  051  0  0 00943 0
049  03  052  2  0 01316 0
049  03  053  4  1 00549 0
049  03  054  0  0 00629 0
049  03  055  2  0 00631 0
049  03  056  1  0 00639 0
049  03  057  3  1 00560 0
049  03  058  2  0 00589 0
049  03  059  4  1 00467 0
049  04  000  5  1 00917 0
049  04  001  5  1 00457 0
049  04  002  3  1 00609 0
049  04  003  2  0 00475 0
049  04  004  0  0 00543 0
049  04  005  4  1 00536 0
049  04  006  2  0 00626 0
049  04  007  0  0 00529 0
049  04  008  2  0 00479 0
049  04  009  0  0 00527 0
049  04  010  1  0 00448 0
049  04  011  0  0 00524 0
049  04  012  5  1 00373 0
049  04  013  3  1 00415 0
049  04  014  2  0 00566 0
049  04  015  3  1 00528 0
049  04  016  3  1 00518 0
049  04  017  4  1 00965 0
049  04  018  3  1 00552 0
049  04  019  0  0 00586 0
049  04  020  1  0 00399 0
049  04  021  3  1 00421 0
049  04  022  0  0 00806 0
049  04  023  3  1 00429 0
049  04  024  3  1 00520 0
049  04  025  4  1 00407 0
049  04  026  3  1 00520 0
049  04  027  2  0 00573 0
049  04  028  3  1 00531 0
049  04  029  2  0 00406 0
049  04  030  4  1 00491 0
049  04  031  1  0 00553 0
049  04  032  3  1 00604 0
049  04  033  4  1 00545 0
049  04  034  5  1 00549 0
049  04  035  0  0 00499 0
049  04  036  2  0 00420 0
049  04  037  2  0 00547 0
049  04  038  0  0 00515 0
049  04  039  1  0 00534 0
049  04  040  2  0 00620 0
049  04  041  1  0 00632 0
049  04  042  0  0 00490 0
049  04  043  3  1 00631 0
049  04  044  1  0 00482 0
049  04  045  1  0 00520 0
049  04  046  3  1 00496 0
049  04  047  3  1 00374 0
049  04  048  1  0 00494 0
049  04  049  4  1 00561 0
049  04  050  1  0 00416 0
049  04  051  2  0 00582 0
049  04  052  4  1 00533 0
049  04  053  1  0 00648 0
049  04  054  1  0 00359 0
049  04  055  5  1 00651 0
049  04  056  1  0 00485 0
049  04  057  3  1 00827 0
049  04  058  1  0 00536 0
049  04  059  0  0 00475 0
049  05  000  4  1 00870 0
049  05  001  1  0 00530 0
049  05  002  1  0 00874 0
049  05  003  3  1 00456 0
049  05  004  5  1 00432 0
049  05  005  0  0 00417 0
049  05  006  1  0 00450 0
049  05  007  5  1 00487 0
049  05  008  5  1 00388 0
049  05  009  5  1 00356 0
049  05  010  4  1 00723 0
049  05  011  3  1 00404 0
049  05  012  0  0 00532 0
049  05  013  4  1 00476 0
049  05  014  1  0 00566 0
049  05  015  4  1 00562 0
049  05  016  1  0 00724 0
049  05  017  4  1 00428 0
049  05  018  2  0 00729 0
049  05  019  4  1 00356 0
049  05  020  0  0 00513 0
049  05  021  2  1 00597 1
049  05  022  2  0 00594 0
049  05  023  5  1 00461 0
049  05  024  2  0 00509 0
049  05  025  5  1 00498 0
049  05  026  0  0 00686 0
049  05  027  2  0 00624 0
049  05  028  2  0 00657 0
049  05  029  5  1 00547 0
049  05  030  4  1 00428 0
049  05  031  3  1 00696 0
049  05  032  3  1 00441 0
049  05  033  4  1 00533 0
049  05  034  5  1 00424 0
049  05  035  5  1 00450 0
049  05  036  5  1 00423 0
049  05  037  1  0 00569 0
049  05  038  4  1 00895 0
049  05  039  2  0 00648 0
049  05  040  2  0 00905 0
049  05  041  1  0 00732 0
049  05  042  1  0 00456 0
049  05  043  3  1 00586 0
049  05  044  5  1 00712 0
049  05  045  4  1 00485 0
049  05  046  4  1 00618 0
049  05  047  2  0 00620 0
049  05  048  1  0 00407 0
049  05  049  4  1 00608 0
049  05  050  0  0 00510 0
049  05  051  2  0 00601 0
049  05  052  1  0 00546 0
049  05  053  5  1 00994 0
049  05  054  5  1 00460 0
049  05  055  2  0 00669 0
049  05  056  5  1 00559 0
049  05  057  3  1 00570 0
049  05  058  1  0 00506 0
049  05  059  3  1 00440 0
