045  00  000  1  0 01819 0
045  00  001  2  0 03588 0
045  00  002  4  1 04553 0
045  00  003  3  1 02890 0
045  00  004  2  0 03989 0
045  00  005  1  0 00789 0
045  00  006  3  1 00496 0
045  00  007  4  1 00505 0
045  00  008  5  1 00415 0
045  00  009  2  0 00601 0
045  00  010  0  0 00513 0
045  00  011  5  1 00519 0
045  00  012  0  0 00383 0
045  00  013  4  0 00550 1
045  00  014  4  1 00944 0
045  00  015  3  1 00904 0
045  00  016  3  1 00827 0
045  00  017  2  0 00731 0
045  00  018  2  0 00847 0
045  00  019  4  1 00580 0
045  00  020  2  0 00719 0
045  00  021  1  0 00609 0
045  00  022  5  1 00486 0
045  00  023  5  1 00522 0
045  00  024  0  0 00597 0
045  00  025  1  0 00617 0
045  00  026  3  1 00619 0
045  00  027  3  1 00718 0
045  00  028  3  1 00459 0
045  00  029  3  1 00420 0
045  00  030  3  1 00422 0
045  00  031  3  1 00395 0
045  00  032  2  0 00613 0
045  00  033  0  0 00530 0
045  00  034  1  0 00567 0
045  00  035  2  0 01061 0
045  00  036  4  1 00609 0
045  00  037  4  1 00579 0
045  00  038  4  1 00438 0
045  00  039  2  0 00563 0
045  00  040  1  0 00572 0
045  00  041  1  0 00551 0
045  00  042  1  0 00441 0
045  00  043  1  0 00417 0
045  00  044  4  1 00556 0
045  00  045  0  0 00566 0
045  00  046  4  1 00531 0
045  00  047  5  1 00556 0
045  00  048  1  0 00776 0
045  00  049  5  1 00568 0
045  00  050  3  1 00674 0
045  00  051  2  0 00582 0
045  00  052  0  0 00724 0
045  00  053  1  0 00566 0
045  00  054  3  1 00565 0
045  00  055  1  0 00825 0
045  00  056  4  1 00767 0
045  00  057  3  1 00606 0
045  00  058  3  1 00492 0
045  00  059  4  1 00507 0
045  01  000  4  1 00728 0
045  01  001  4  1 00549 0
045  01  002  4  1 00416 0
045  01  003  4  1 00391 0
045  01  004  0  0 00629 0
045  01  005  0  0 00510 0
045  01  006  1  0 00499 0
045  01  007  2  0 00528 0
045  01  008  4  1 00559 0
045  01  009  3  1 00604 0
045  01  010  0  0 00595 0
045  01  011  2  0 00507 0
045  01  012  1  0 00480 0
045  01  013  1  0 00453 0
045  01  014  3  1 00528 0
045  01  015  5  1 03285 0
045  01  016  2  0 00484 0
045  01  017  1  0 00533 0
045  01  018  3  1 00475 0
045  01  019  1  0 00532 0
045  01  020  1  0 00573 0
045  01  021  4  1 00716 0
045  01  022  2  0 00534 0
045  01  023  2  0 00511 0
045  01  024  3  1 00571 0
045  01  025  0  0 00589 0
045  01  026  4  1 00466 0
045  01  027  3  1 00547 0
045  01  028  5  1 00440 0
045  01  029  1  0 00482 0
045  01  030  4  1 00643 0
045  01  031  0  0 00460 0
045  01  032  5  1 00641 0
045  01  033  1  0 00517 0
045  01  034  3  1 00513 0
045  01  035  0  1 00473 1
045  01  036  5  0 00252 1
045  01  037  0  0 00590 0
045  01  038  0  0 00747 0
045  01  039  2  0 00642 0
045  01  040  2  0 00572 0
045  01  041  2  0 00416 0
045  01  042  3  1 00673 0
045  01  043  3  1 00573 0
045  01  044  0  0 00497 0
045  01  045  2  0 00645 0
045  01  046  3  1 00681 0
045  01  047  3  1 00502 0
045  01  048  1  0 00525 0
045  01  049  3  1 00566 0
045  01  050  2  0 00681 0
045  01  051  4  1 00787 0
045  01  052  1  0 00631 0
045  01  053  3  1 00598 0
045  01  054  1  0 00470 0
045  01  055  3  1 00552 0
045  01  056  2  0 00524 0
045  01  057  1  1 00481 1
045  01  058  5  1 00568 0
045  01  059  4  1 01356 0
045  02  000  3  1 00767 0
045  02  001  3  1 00470 0
045  02  002  0  0 00479 0
045  02  003  2  0 00623 0
045  02  004  3  1 00554 0
045  02  005  3  1 00387 0
045  02  006  5  1 00797 0
045  02  007  4  1 00625 0
045  02  008  4  1 00693 0
045  02  009  0  0 00644 0
045  02  010  2  0 00589 0
045  02  011  4  1 00738 0
045  02  012  4  1 00682 0
045  02  013  5  1 00626 0
045  02  014  2  0 00758 0
045  02  015  5  1 00711 0
045  02  016  2  0 00884 0
045  02  017  1  0 00636 0
045  02  018  2  0 00752 0
045  02  019  3  1 00544 0
045  02  020  4  1 00676 0
045  02  021  4  1 00895 0
045  02  022  2  0 00791 0
045  02  023  3  1 00599 0
045  02  024  3  1 00497 0
045  02  025  0  0 00665 0
045  02  026  5  1 00718 0
045  02  027  5  1 00652 0
045  02  028  2  0 00547 0
045  02  029  1  0 00581 0
045  02  030  4  1 00614 0
045  02  031  3  1 00599 0
045  02  032  3  1 00579 0
045  02  033  2  0 00608 0
045  02  034  4  1 00590 0
045  02  035  5  1 00613 0
045  02  036  2  0 00632 0
045  02  037  1  0 00545 0
045  02  038  0  0 00527 0
045  02  039  1  0 00656 0
045  02  040  2  0 00613 0
045  02  041  5  1 00689 0
045  02  042  1  0 00608 0
045  02  043  5  1 00561 0
045  02  044  0  0 00553 0
045  02  045  4  1 00479 0
045  02  046  5  1 00539 0
045  02  047  4  1 00502 0
045  02  048  4  1 00410 0
045  02  049  5  1 00499 0
045  02  050  4  1 00426 0
045  02  051  2  0 00483 0
045  02  052  5  1 00616 0
045  02  053  5  1 00510 0
045  02  054  0  0 00527 0
045  02  055  2  0 00489 0
045  02  056  5  1 00508 0
045  02  057  1  0 00910 0
045  02  058  2  0 00605 0
045  02  059  1  0 00468 0
045  03  000  5  1 00744 0
045  03  001  5  1 00424 0
045  03  002  0  0 00556 0
045  03  003  2  0 00624 0
045  03  004  0  0 00642 0
045  03  005  5  1 00425 0
045  03  006  0  0 00554 0
045  03  007  0  0 00545 0
045  03  008  4  1 00601 0
045  03  009  1  0 00495 0
045  03  010  1  0 00535 0
045  03  011  1  0 00680 0
045  03  012  4  1 00477 0
045  03  013  1  0 00380 0
045  03  014  3  1 00534 0
045  03  015  5  1 00674 0
045  03  016  3  1 00504 0
045  03  017  2  0 00549 0
045  03  018  1  0 00502 0
045  03  019  0  0 00497 0
045  03  020  1  0 00730 0
045  03  021  4  1 00705 0
045  03  022  1  0 00705 0
045  03  023  0  0 00652 0
045  03  024  4  1 00641 0
045  03  025  3  1 00602 0
045  03  026  5  1 00557 0
045  03  027  5  1 00441 0
045  03  028  2  0 00670 0
045  03  029  0  0 00637 0
045  03  030  4  1 00551 0
045  03  031  1  0 00579 0
045  03  032  0  0 00576 0
045  03  033  0  0 00481 0
045  03  034  5  1 00523 0
045  03  035  3  1 01917 0
045  03  036  2  0 00535 0
045  03  037  1  0 00594 0
045  03  038  5  1 00861 0
045  03  039  0  0 00644 0
045  03  040  5  1 00541 0
045  03  041  1  0 00579 0
045  03  042  4  1 00655 0
045  03  043  1  0 00724 0
045  03  044  4  1 00578 0
045  03  045  2  0 00810 0
045  03  046  1  0 00612 0
045  03  047  4  1 00652 0
045  03  048  2  0 00635 0
045  03  049  1  0 00829 0
045  03  050  0  0 00485 0
045  03  051  1  0 00531 0
045  03  052  5  1 00796 0
045  03  053  5  1 00459 0
045  03  054  0  0 00638 0
045  03  055  4  1 00627 0
045  03  056  0  0 00594 0
045  03  057  5  1 00652 0
045  03  058  2  0 00626 0
045  03  059  2  0 00581 0
045  04  000  3  1 00648 0
045  04  001  4  1 00586 0
045  04  002  3  1 00662 0
045  04  003  2  0 00578 0
045  04  004  3  1 00662 0
045  04  005  4  1 00559 0
045  04  006  3  1 00523 0
045  04  007  4  1 00639 0
045  04  008  4  1 00578 0
045  04  009  3  1 00611 0
045  04  010  5  1 00559 0
045  04  011  2  0 00605 0
045  04  012  1  0 00588 0
045  04  013  4  1 00592 0
045  04  014  2  0 00611 0
045  04  015  5  1 00669 0
045  04  016  5  1 00547 0
045  04  017  3  1 00647 0
045  04  018  2  0 00642 0
045  04  019  4  1 00704 0
045  04  020  0  0 00439 0
045  04  021  1  0 00518 0
045  04  022  1  0 00458 0
045  04  023  0  0 00432 0
045  04  024  3  1 00622 0
045  04  025  5  1 00612 0
045  04  026  4  1 00820 0
045  04  027  1  0 00474 0
045  04  028  5  1 00562 0
045  04  029  5  1 00505 0
045  04  030  0  0 00685 0
045  04  031  1  0 00623 0
045  04  032  2  0 00603 0
045  04  033  2  0 00521 0
045  04  034  4  1 00588 0
045  04  035  0  0 00602 0
045  04  036  2  0 00500 0
045  04  037  0  0 00619 0
045  04  038  5  1 00717 0
045  04  039  0  0 00493 0
045  04  040  4  1 00794 0
045  04  041  3  1 00632 0
045  04  042  3  1 00562 0
045  04  043  0  0 00589 0
045  04  044  2  0 00789 0
045  04  045  2  0 00495 0
045  04  046  2  0 00733 0
045  04  047  5  1 00640 0
045  04  048  5  1 00478 0
045  04  049  3  1 00506 0
045  04  050  0  0 00666 0
045  04  051  4  1 00837 0
045  04  052  1  0 00630 0
045  04  053  2  0 00743 0
045  04  054  3  1 00646 0
045  04  055  4  1 00683 0
045  04  056  3  1 00657 0
045  04  057  3  1 00623 0
045  04  058  1  0 00572 0
045  04  059  5  1 00481 0
045  05  000  4  1 00644 0
045  05  001  0  0 00495 0
045  05  002  3  1 00433 0
045  05  003  2  0 00463 0
045  05  004  0  0 00532 0
045  05  005  1  0 00773 0
045  05  006  1  0 00636 0
045  05  007  5  1 00605 0
045  05  008  4  1 00455 0
045  05  009  5  1 00417 0
045  05  010  5  1 00430 0
045  05  011  0  0 00496 0
045  05  012  2  0 00583 0
045  05  013  0  0 00472 0
045  05  014  1  0 00459 0
045  05  015  5  0 00395 1
045  05  016  0  0 00707 0
045  05  017  3  1 00802 0
045  05  018  5  1 00595 0
045  05  019  5  1 00722 0
045  05  020  0  0 00573 0
045  05  021  3  1 00599 0
045  05  022  0  0 00648 0
045  05  023  1  0 00616 0
045  05  024  2  0 00682 0
045  05  025  5  1 00750 0
045  05  026  2  0 00781 0
045  05  027  1  0 00685 0
045  05  028  0  0 00589 0
045  05  029  0  0 00494 0
045  05  030  0  0 00519 0
045  05  031  4  1 00507 0
045  05  032  0  0 00586 0
045  05  033  2  0 00612 0
045  05  034  4  1 00508 0
045  05  035  5  1 00532 0
045  05  036  5  1 00496 0
045  05  037  5  1 00480 0
045  05  038  4  1 00697 0
045  05  039  1  0 00804 0
045  05  040  2  0 00797 0
045  05  041  0  0 00550 0
045  05  042  4  1 00584 0
045  05  043  0  0 00530 0
045  05  044  5  1 00601 0
045  05  045  0  0 00510 0
045  05  046  5  1 00707 0
045  05  047  0  0 00601 0
045  05  048  5  1 00531 0
045  05  049  3  1 00957 0
045  05  050  3  1 00489 0
045  05  051  0  0 00571 0
045  05  052  2  0 00480 0
045  05  053  1  0 01194 0
045  05  054  0  0 00664 0
045  05  055  5  1 00696 0
045  05  056  1  0 00841 0
045  05  057  3  1 00948 0
045  05  058  3  1 00471 0
045  05  059  0  0 00547 0
