043  00  000  0  0 00791 0
043  00  001  3  1 00700 0
043  00  002  3  1 00674 0
043  00  003  3  1 00554 0
043  00  004  4  1 00514 0
043  00  005  4  1 00483 0
043  00  006  4  1 00381 0
043  00  007  0  1 00396 1
043  00  008  2  1 00749 1
043  00  009  4  1 00602 0
043  00  010  5  1 00500 0
043  00  011  5  1 00490 0
043  00  012  4  1 00453 0
043  00  013  0  0 00366 0
043  00  014  5  0 00460 1
043  00  015  2  0 00570 0
043  00  016  3  1 00818 0
043  00  017  1  0 00656 0
043  00  018  2  0 00684 0
043  00  019  4  1 00599 0
043  00  020  3  1 00634 0
043  00  021  5  1 00688 0
043  00  022  5  1 00430 0
043  00  023  0  0 00540 0
043  00  024  5  1 00381 0
043  00  025  2  0 00596 0
043  00  026  2  0 00592 0
043  00  027  0  0 00651 0
043  00  028  1  0 00447 0
043  00  029  3  1 00541 0
043  00  030  5  1 00561 0
043  00  031  1  0 00554 0
043  00  032  2  0 00676 0
043  00  033  2  0 00514 0
043  00  034  2  0 00424 0
043  00  035  4  1 00509 0
043  00  036  0  0 00591 0
043  00  037  2  0 00668 0
043  00  038  1  0 00551 0
043  00  039  4  1 00470 0
043  00  040  3  1 00644 0
043  00  041  1  0 00495 0
043  00  042  3  1 00666 0
043  00  043  5  1 00557 0
043  00  044  0  0 00579 0
043  00  045  5  1 00552 0
043  00  046  5  1 00477 0
043  00  047  1  0 00640 0
043  00  048  4  1 00643 0
043  00  049  2  0 00621 0
043  00  050  3  1 00707 0
043  00  051  1  0 00534 0
043  00  052  0  0 00527 0
043  00  053  4  1 00500 0
043  00  054  5  1 00564 0
043  00  055  1  0 00486 0
043  00  056  2  0 00852 0
043  00  057  5  1 00405 0
043  00  058  2  0 00559 0
043  00  059  0  0 00664 0
043  01  000  0  0 00650 0
043  01  001  5  1 00478 0
043  01  002  1  0 00506 0
043  01  003  4  1 00662 0
043  01  004  4  1 00525 0
043  01  005  0  0 00482 0
043  01  006  0  0 00579 0
043  01  007  4  1 00532 0
043  01  008  4  1 00534 0
043  01  009  4  1 00526 0
043  01  010  4  1 00510 0
043  01  011  1  0 00466 0
043  01  012  2  0 00638 0
043  01  013  3  1 00419 0
043  01  014  1  0 00558 0
043  01  015  1  0 00643 0
043  01  016  1  0 00585 0
043  01  017  3  1 00508 0
043  01  018  3  1 00963 0
043  01  019  1  0 00581 0
043  01  020  0  1 00440 1
043  01  021  3  0 -0615 1
043  01  022  0  0 00590 0
043  01  023  3  1 00705 0
043  01  024  1  0 00836 0
043  01  025  1  0 00754 0
043  01  026  0  0 00814 0
043  01  027  3  1 00535 0
043  01  028  3  1 00592 0
043  01  029  4  1 00539 0
043  01  030  5  1 00493 0
043  01  031  4  1 00533 0
043  01  032  5  1 00492 0
043  01  033  3  1 00439 0
043  01  034  4  1 00544 0
043  01  035  3  1 00429 0
043  01  036  0  0 00414 0
043  01  037  1  0 00336 0
043  01  038  5  1 00566 0
043  01  039  3  1 00621 0
043  01  040  5  1 00496 0
043  01  041  2  0 00473 0
043  01  042  3  1 00404 0
043  01  043  3  1 00542 0
043  01  044  3  1 00393 0
043  01  045  3  1 00442 0
043  01  046  2  0 00493 0
043  01  047  3  1 00545 0
043  01  048  0  0 00665 0
043  01  049  3  1 00491 0
043  01  050  3  0 00382 1
043  01  051  0  1 -0691 1
043  01  052  4  1 00530 0
043  01  053  0  0 00600 0
043  01  054  4  1 00472 0
043  01  055  4  1 00461 0
043  01  056  5  1 01103 0
043  01  057  0  0 00547 0
043  01  058  4  1 00623 0
043  01  059  5  1 00509 0
043  02  000  5  1 00673 0
043  02  001  3  1 00513 0
043  02  002  3  1 00563 0
043  02  003  1  0 00442 0
043  02  004  0  0 00419 0
043  02  005  1  0 00413 0
043  02  006  3  1 00467 0
043  02  007  3  1 00554 0
043  02  008  5  1 00408 0
043  02  009  1  0 00585 0
043  02  010  4  1 00433 0
043  02  011  1  0 00485 0
043  02  012  3  1 00530 0
043  02  013  0  0 00430 0
043  02  014  2  0 00671 0
043  02  015  2  0 00555 0
043  02  016  2  0 00434 0
043  02  017  2  0 00304 0
043  02  018  2  0 00166 0
043  02  019  5  0 00257 1
043  02  020  4  1 -0659 0
043  02  021  0  0 00440 0
043  02  022  2  1 00639 1
043  02  023  4  1 00619 0
043  02  024  5  1 00519 0
043  02  025  5  1 00637 0
043  02  026  1  0 00995 0
043  02  027  2  0 00530 0
043  02  028  5  1 00436 0
043  02  029  1  0 00607 0
043  02  030  4  1 00516 0
043  02  031  4  1 00582 0
043  02  032  5  1 00524 0
043  02  033  4  1 00916 0
043  02  034  4  1 00686 0
043  02  035  4  1 00463 0
043  02  036  1  0 00766 0
043  02  037  4  1 00717 0
043  02  038  2  0 00686 0
043  02  039  1  0 00629 0
043  02  040  5  1 00425 0
043  02  041  0  0 00968 0
043  02  042  0  0 00670 0
043  02  043  1  0 00739 0
043  02  044  2  0 00614 0
043  02  045  3  1 00720 0
043  02  046  0  0 00379 0
043  02  047  4  1 00680 0
043  02  048  2  0 00466 0
043  02  049  2  1 00389 1
043  02  050  1  0 00733 0
043  02  051  0  0 01040 0
043  02  052  5  1 00578 0
043  02  053  1  0 00698 0
043  02  054  0  0 00838 0
043  02  055  2  1 00496 1
043  02  056  2  0 00966 0
043  02  057  5  1 00843 0
043  02  058  3  1 00674 0
043  02  059  2  0 00745 0
043  03  000  4  1 00987 0
043  03  001  2  0 00404 0
043  03  002  5  1 00797 0
043  03  003  5  1 00882 0
043  03  004  3  1 00933 0
043  03  005  5  1 00514 0
043  03  006  2  0 00748 0
043  03  007  2  0 00575 0
043  03  008  5  1 00574 0
043  03  009  3  1 00604 0
043  03  010  4  1 00496 0
043  03  011  0  0 00661 0
043  03  012  2  0 00554 0
043  03  013  3  1 00492 0
043  03  014  3  1 00498 0
043  03  015  0  0 00633 0
043  03  016  1  1 00446 1
043  03  017  2  0 00659 0
043  03  018  1  0 00840 0
043  03  019  1  0 00493 0
043  03  020  3  1 00534 0
043  03  021  4  1 00571 0
043  03  022  5  1 00547 0
043  03  023  5  1 00457 0
043  03  024  2  1 00396 1
043  03  025  0  0 00651 0
043  03  026  3  0 00305 1
043  03  027  2  0 00951 0
043  03  028  1  0 00569 0
043  03  029  0  0 00535 0
043  03  030  5  1 00423 0
043  03  031  4  1 00500 0
043  03  032  3  1 00969 0
043  03  033  2  1 00425 1
043  03  034  4  1 00711 0
043  03  035  5  1 00499 0
043  03  036  0  0 00580 0
043  03  037  1  0 00773 0
043  03  038  1  0 00449 0
043  03  039  1  0 00594 0
043  03  040  3  1 00786 0
043  03  041  4  0 00411 1
043  03  042  2  1 -0745 1
043  03  043  5  1 01267 0
043  03  044  4  1 00860 0
043  03  045  0  0 00652 0
043  03  046  2  1 00479 1
043  03  047  5  0 00465 1
043  03  048  4  1 00426 0
043  03  049  2  0 00684 0
043  03  050  2  0 00791 0
043  03  051  2  0 00643 0
043  03  052  1  0 00863 0
043  03  053  1  0 00562 0
043  03  054  1  0 00479 0
043  03  055  1  0 00564 0
043  03  056  4  1 00612 0
043  03  057  2  0 00607 0
043  03  058  4  1 00463 0
043  03  059  1  0 00763 0
043  04  000  5  1 00694 0
043  04  001  1  0 00717 0
043  04  002  1  0 00631 0
043  04  003  5  1 00644 0
043  04  004  3  1 00829 0
043  04  005  1  0 00763 0
043  04  006  0  0 00616 0
043  04  007  0  0 00606 0
043  04  008  1  1 00554 1
043  04  009  0  0 00564 0
043  04  010  4  1 00625 0
043  04  011  5  0 00527 1
043  04  012  2  0 00582 0
043  04  013  0  1 00441 1
043  04  014  1  0 00656 0
043  04  015  0  1 00657 1
043  04  016  2  0 00537 0
043  04  017  2  0 00432 0
043  04  018  4  1 00819 0
043  04  019  3  1 00721 0
043  04  020  3  1 00644 0
043  04  021  0  0 00636 0
043  04  022  4  1 00439 0
043  04  023  1  0 01131 0
043  04  024  5  1 00509 0
043  04  025  5  1 00586 0
043  04  026  5  1 00556 0
043  04  027  3  1 00677 0
043  04  028  2  0 00600 0
043  04  029  1  1 00411 1
043  04  030  1  0 00726 0
043  04  031  0  0 00312 0
043  04  032  0  0 00394 0
043  04  033  2  0 00347 0
043  04  034  4  1 00472 0
043  04  035  0  0 00521 0
043  04  036  3  1 00473 0
043  04  037  0  0 00442 0
043  04  038  2  0 00330 0
043  04  039  4  1 00547 0
043  04  040  1  0 00680 0
043  04  041  4  1 00568 0
043  04  042  0  0 00526 0
043  04  043  5  1 00575 0
043  04  044  3  1 00836 0
043  04  045  5  1 00623 0
043  04  046  5  1 00581 0
043  04  047  0  0 00691 0
043  04  048  3  1 00492 0
043  04  049  0  0 00432 0
043  04  050  0  0 01224 0
043  04  051  0  0 00873 0
043  04  052  3  1 00550 0
043  04  053  1  0 00736 0
043  04  054  4  1 00468 0
043  04  055  1  0 00438 0
043  04  056  1  0 00846 0
043  04  057  1  0 00551 0
043  04  058  0  1 00922 1
043  04  059  3  0 00643 1
043  05  000  2  0 01053 0
043  05  001  4  1 00418 0
043  05  002  3  1 00740 0
043  05  003  0  0 00755 0
043  05  004  2  0 00860 0
043  05  005  2  0 00609 0
043  05  006  3  1 00766 0
043  05  007  3  0 00737 1
043  05  008  4  1 00519 0
043  05  009  0  0 00610 0
043  05  010  5  1 00644 0
043  05  011  2  0 00438 0
043  05  012  2  1 00443 1
043  05  013  1  0 00736 0
043  05  014  5  0 00384 1
043  05  015  5  1 00394 0
043  05  016  3  1 00420 0
043  05  017  3  1 00345 0
043  05  018  0  1 00417 1
043  05  019  0  1 -0696 1
043  05  020  5  1 00796 0
043  05  021  0  0 00735 0
043  05  022  2  1 00485 1
043  05  023  4  0 00445 1
043  05  024  4  1 -0790 0
043  05  025  4  1 -0472 0
043  05  026  1  1 -0773 1
043  05  027  1  1 -0031 1
043  05  028  5  0 -0754 1
043  05  029  5  1 00719 0
043  05  030  0  0 00905 0
043  05  031  3  1 00644 0
043  05  032  5  0 00419 1
043  05  033  4  1 -0808 0
043  05  034  2  0 00790 0
043  05  035  0  1 00701 1
043  05  036  1  0 -0304 0
043  05  037  5  1 00709 0
043  05  038  3  1 00611 0
043  05  039  3  1 00617 0
043  05  040  5  1 00465 0
043  05  041  5  1 00442 0
043  05  042  4  1 00436 0
043  05  043  0  0 00616 0
043  05  044  4  1 00540 0
043  05  045  5  1 00612 0
043  05  046  4  1 00533 0
043  05  047  3  1 00560 0
043  05  048  3  1 00575 0
043  05  049  2  0 00643 0
043  05  050  5  1 00591 0
043  05  051  0  0 00693 0
043  05  052  4  1 00364 0
043  05  053  0  0 00448 0
043  05  054  2  1 00427 1
043  05  055  1  0 00587 0
043  05  056  1  1 -0832 1
043  05  057  2  1 -0172 1
043  05  058  2  1 -0755 1
043  05  059  1  1 -0942 1
