044  00  000  3  1 01157 0
044  00  001  1  0 00753 0
044  00  002  5  1 00708 0
044  00  003  0  0 00624 0
044  00  004  1  0 01099 0
044  00  005  5  1 02654 0
044  00  006  4  1 00844 0
044  00  007  5  1 00660 0
044  00  008  0  0 03135 0
044  00  009  1  0 00882 0
044  00  010  1  0 00865 0
044  00  011  5  1 00658 0
044  00  012  2  0 01171 0
044  00  013  1  0 00813 0
044  00  014  2  0 00710 0
044  00  015  3  1 00600 0
044  00  016  5  1 01343 0
044  00  017  4  0 01454 1
044  00  018  1  0 03123 0
044  00  019  2  0 01166 0
044  00  020  0  0 00924 0
044  00  021  0  0 00719 0
044  00  022  3  1 00646 0
044  00  023  4  1 00772 0
044  00  024  0  0 01572 0
044  00  025  0  0 00604 0
044  00  026  2  1 00900 1
044  00  027  2  0 00765 0
044  00  028  0  0 00694 0
044  00  029  1  0 00806 0
044  00  030  4  1 00561 0
044  00  031  1  0 00637 0
044  00  032  4  1 00703 0
044  00  033  1  0 00645 0
044  00  034  0  0 00558 0
044  00  035  4  1 00575 0
044  00  036  0  0 00689 0
044  00  037  0  0 00525 0
044  00  038  4  1 00817 0
044  00  039  2  0 01188 0
044  00  040  3  1 00652 0
044  00  041  4  1 01057 0
044  00  042  5  1 01482 0
044  00  043  5  1 01018 0
044  00  044  5  1 00839 0
044  00  045  4  1 00772 0
044  00  046  2  0 00872 0
044  00  047  5  1 00656 0
044  00  048  1  0 00811 0
044  00  049  5  1 00762 0
044  00  050  5  1 00825 0
044  00  051  1  0 00721 0
044  00  052  5  1 01008 0
044  00  053  3  1 01733 0
044  00  054  0  0 00937 0
044  00  055  2  0 01067 0
044  00  056  5  1 00864 0
044  00  057  3  1 01103 0
044  00  058  4  1 01098 0
044  00  059  0  0 01209 0
044  01  000  2  0 01083 0
044  01  001  3  1 00818 0
044  01  002  4  1 01071 0
044  01  003  5  1 01218 0
044  01  004  3  1 00968 0
044  01  005  0  0 01081 0
044  01  006  2  0 01713 0
044  01  007  5  1 00747 0
044  01  008  2  0 01032 0
044  01  009  5  1 02208 0
044  01  010  1  0 00743 0
044  01  011  3  1 00565 0
044  01  012  3  1 00578 0
044  01  013  1  0 00645 0
044  01  014  5  1 00592 0
044  01  015  1  0 00500 0
044  01  016  1  0 00545 0
044  01  017  2  1 00720 1
044  01  018  3  1 00816 0
044  01  019  3  1 00577 0
044  01  020  3  1 00510 0
044  01  021  1  0 00672 0
044  01  022  5  1 00836 0
044  01  023  0  0 01163 0
044  01  024  5  1 01082 0
044  01  025  2  0 01192 0
044  01  026  5  1 01626 0
044  01  027  5  1 00895 0
044  01  028  5  1 00697 0
044  01  029  3  1 01248 0
044  01  030  0  0 00669 0
044  01  031  3  1 00969 0
044  01  032  2  0 01019 0
044  01  033  4  1 01197 0
044  01  034  3  1 01162 0
044  01  035  3  1 00552 0
044  01  036  1  0 00897 0
044  01  037  2  0 01265 0
044  01  038  2  0 01110 0
044  01  039  1  0 00613 0
044  01  040  4  1 00704 0
044  01  041  3  1 00441 0
044  01  042  2  0 00626 0
044  01  043  1  0 00465 0
044  01  044  0  0 00509 0
044  01  045  5  1 00636 0
044  01  046  0  0 00817 0
044  01  047  5  1 00634 0
044  01  048  1  0 00687 0
044  01  049  1  0 00834 0
044  01  050  2  1 01118 1
044  01  051  2  0 00603 0
044  01  052  5  1 00651 0
044  01  053  3  1 01128 0
044  01  054  0  0 01268 0
044  01  055  4  1 00650 0
044  01  056  3  1 01476 0
044  01  057  0  0 00638 0
044  01  058  1  0 01125 0
044  01  059  4  1 00790 0
044  02  000  3  1 00795 0
044  02  001  4  1 00680 0
044  02  002  1  0 00594 0
044  02  003  5  1 00754 0
044  02  004  4  1 00718 0
044  02  005  2  0 00688 0
044  02  006  0  0 00828 0
044  02  007  3  1 00539 0
044  02  008  0  0 00488 0
044  02  009  3  1 00893 0
044  02  010  0  0 00588 0
044  02  011  4  1 00729 0
044  02  012  4  1 00538 0
044  02  013  5  1 00693 0
044  02  014  3  1 00805 0
044  02  015  2  0 00637 0
044  02  016  3  1 01062 0
044  02  017  5  1 00624 0
044  02  018  1  0 00650 0
044  02  019  2  0 00903 0
044  02  020  2  0 00688 0
044  02  021  3  1 00784 0
044  02  022  0  0 00703 0
044  02  023  4  1 00604 0
044  02  024  1  0 00765 0
044  02  025  4  1 00926 0
044  02  026  4  1 00803 0
044  02  027  1  0 00743 0
044  02  028  4  0 00786 1
044  02  029  5  1 00726 0
044  02  030  3  1 01333 0
044  02  031  0  0 00670 0
044  02  032  3  1 01078 0
044  02  033  0  0 00715 0
044  02  034  3  1 00832 0
044  02  035  3  1 01212 0
044  02  036  0  0 00650 0
044  02  037  0  0 00616 0
044  02  038  2  0 01405 0
044  02  039  2  0 00570 0
044  02  040  5  1 00746 0
044  02  041  2  0 00591 0
044  02  042  1  0 00689 0
044  02  043  3  1 00686 0
044  02  044  1  0 00940 0
044  02  045  4  1 00603 0
044  02  046  5  1 01096 0
044  02  047  0  0 00995 0
044  02  048  5  1 00707 0
044  02  049  2  0 01125 0
044  02  050  3  1 00533 0
044  02  051  3  1 00688 0
044  02  052  5  1 00575 0
044  02  053  0  0 00491 0
044  02  054  2  0 01230 0
044  02  055  2  0 00484 0
044  02  056  4  1 00871 0
044  02  057  5  1 00959 0
044  02  058  4  1 01258 0
044  02  059  0  0 01507 0
044  03  000  1  0 01648 0
044  03  001  5  1 00552 0
044  03  002  3  1 00744 0
044  03  003  3  1 00518 0
044  03  004  3  1 00420 0
044  03  005  0  0 00594 0
044  03  006  3  0 00567 1
044  03  007  4  1 00526 0
044  03  008  4  1 01020 0
044  03  009  4  1 00633 0
044  03  010  1  0 00499 0
044  03  011  5  1 00500 0
044  03  012  1  0 00492 0
044  03  013  3  1 00708 0
044  03  014  0  0 00542 0
044  03  015  4  0 00477 1
044  03  016  0  0 00725 0
044  03  017  4  1 00693 0
044  03  018  5  1 00643 0
044  03  019  1  0 00635 0
044  03  020  2  1 00617 1
044  03  021  1  0 01074 0
044  03  022  0  0 00553 0
044  03  023  2  0 00915 0
044  03  024  5  0 -0590 1
044  03  025  4  1 02390 0
044  03  026  4  1 00760 0
044  03  027  3  1 01271 0
044  03  028  4  1 00846 0
044  03  029  3  1 01128 0
044  03  030  0  0 00632 0
044  03  031  5  1 00659 0
044  03  032  3  1 00633 0
044  03  033  5  1 00670 0
044  03  034  3  1 00664 0
044  03  035  3  1 00549 0
044  03  036  4  1 00615 0
044  03  037  2  0 00604 0
044  03  038  0  0 00711 0
044  03  039  4  1 00610 0
044  03  040  1  0 00708 0
044  03  041  0  0 01126 0
044  03  042  2  0 01397 0
044  03  043  1  0 00968 0
044  03  044  2  0 00615 0
044  03  045  1  0 00512 0
044  03  046  2  0 00518 0
044  03  047  4  1 00594 0
044  03  048  5  1 01532 0
044  03  049  3  1 00606 0
044  03  050  3  1 00515 0
044  03  051  5  1 00579 0
044  03  052  2  0 00933 0
044  03  053  5  1 00994 0
044  03  054  0  0 00902 0
044  03  055  2  0 01390 0
044  03  056  1  0 00700 0
044  03  057  3  1 01002 0
044  03  058  4  1 01760 0
044  03  059  2  0 00859 0
044  04  000  0  0 00894 0
044  04  001  4  1 00885 0
044  04  002  5  1 00750 0
044  04  003  5  1 00595 0
044  04  004  1  0 00843 0
044  04  005  5  1 00428 0
044  04  006  5  1 00728 0
044  04  007  4  1 01290 0
044  04  008  0  0 00688 0
044  04  009  0  0 01233 0
044  04  010  0  0 03164 0
044  04  011  1  0 00694 0
044  04  012  4  1 00618 0
044  04  013  1  0 00419 0
044  04  014  5  1 00443 0
044  04  015  4  1 00556 0
044  04  016  2  0 00264 0
044  04  017  2  1 00207 1
044  04  018  4  1 01156 0
044  04  019  5  1 00770 0
044  04  020  3  1 00843 0
044  04  021  3  1 00552 0
044  04  022  4  1 00621 0
044  04  023  5  1 01616 0
044  04  024  3  1 01161 0
044  04  025  5  1 00757 0
044  04  026  0  0 01294 0
044  04  027  5  1 02929 0
044  04  028  0  0 00727 0
044  04  029  4  1 00627 0
044  04  030  2  0 00815 0
044  04  031  1  0 00621 0
044  04  032  1  0 00703 0
044  04  033  1  0 00646 0
044  04  034  3  1 00802 0
044  04  035  2  0 00661 0
044  04  036  2  0 00502 0
044  04  037  5  1 00782 0
044  04  038  2  0 00595 0
044  04  039  2  0 00479 0
044  04  040  1  0 00813 0
044  04  041  1  0 00647 0
044  04  042  2  1 00649 1
044  04  043  0  0 00899 0
044  04  044  0  0 00506 0
044  04  045  1  0 00473 0
044  04  046  1  0 00395 0
044  04  047  0  0 00309 0
044  04  048  5  1 00623 0
044  04  049  1  0 00551 0
044  04  050  2  0 01158 0
044  04  051  5  1 00703 0
044  04  052  2  0 00816 0
044  04  053  3  1 01053 0
044  04  054  0  0 00891 0
044  04  055  0  0 00812 0
044  04  056  3  1 00514 0
044  04  057  2  0 00451 0
044  04  058  1  0 00569 0
044  04  059  2  0 00854 0
044  05  000  5  1 00876 0
044  05  001  4  1 00722 0
044  05  002  4  1 00656 0
044  05  003  5  1 00434 0
044  05  004  4  1 00502 0
044  05  005  3  1 00735 0
044  05  006  0  0 00456 0
044  05  007  2  0 01432 0
044  05  008  0  0 00723 0
044  05  009  4  1 00964 0
044  05  010  0  0 00781 0
044  05  011  4  1 00731 0
044  05  012  0  0 00764 0
044  05  013  2  0 00991 0
044  05  014  2  0 00668 0
044  05  015  1  0 01327 0
044  05  016  4  1 00973 0
044  05  017  1  0 00593 0
044  05  018  1  0 00650 0
044  05  019  4  1 00682 0
044  05  020  0  0 00559 0
044  05  021  3  1 01007 0
044  05  022  3  1 00576 0
044  05  023  4  1 00617 0
044  05  024  0  0 00590 0
044  05  025  3  1 00763 0
044  05  026  3  1 00886 0
044  05  027  4  1 00644 0
044  05  028  4  1 00725 0
044  05  029  2  0 00632 0
044  05  030  4  1 00968 0
044  05  031  2  0 00875 0
044  05  032  0  0 00633 0
044  05  033  1  0 01102 0
044  05  034  4  1 00575 0
044  05  035  2  0 01610 0
044  05  036  0  0 00756 0
044  05  037  2  0 00704 0
044  05  038  1  0 01757 0
044  05  039  4  1 02696 0
044  05  040  3  1 00896 0
044  05  041  5  1 00734 0
044  05  042  3  0 01046 1
044  05  043  5  1 00691 0
044  05  044  0  0 00542 0
044  05  045  4  1 00880 0
044  05  046  1  0 00500 0
044  05  047  2  0 01260 0
044  05  048  1  0 00783 0
044  05  049  2  0 00894 0
044  05  050  0  0 00852 0
044  05  051  4  1 00844 0
044  05  052  0  0 00581 0
044  05  053  5  1 00617 0
044  05  054  1  0 00501 0
044  05  055  3  1 00588 0
044  05  056  1  0 00415 0
044  05  057  1  0 00505 0
044  05  058  1  0 00517 0
044  05  059  2  0 00656 0
