048  00  000  4  0 04588 1
048  00  001  0  0 06227 0
048  00  002  1  0 02841 0
048  00  003  2  0 01226 0
048  00  004  2  0 00510 0
048  00  005  2  0 00446 0
048  00  006  1  0 00532 0
048  00  007  0  0 00453 0
048  00  008  5  1 00670 0
048  00  009  4  1 00954 0
048  00  010  1  0 00633 0
048  00  011  0  0 00487 0
048  00  012  4  1 00608 0
048  00  013  3  1 00702 0
048  00  014  3  1 00538 0
048  00  015  3  1 00441 0
048  00  016  1  0 00566 0
048  00  017  4  1 00456 0
048  00  018  5  1 00798 0
048  00  019  1  0 00658 0
048  00  020  2  0 00848 0
048  00  021  2  0 00446 0
048  00  022  1  0 00482 0
048  00  023  5  1 00596 0
048  00  024  5  1 00468 0
048  00  025  4  1 00527 0
048  00  026  0  0 00443 0
048  00  027  3  1 00475 0
048  00  028  0  0 00679 0
048  00  029  5  1 00469 0
048  00  030  2  0 00781 0
048  00  031  3  1 00543 0
048  00  032  0  0 00538 0
048  00  033  0  0 00525 0
048  00  034  4  1 00738 0
048  00  035  0  0 00967 0
048  00  036  1  0 00664 0
048  00  037  3  1 00559 0
048  00  038  3  1 00944 0
048  00  039  4  1 00798 0
048  00  040  4  1 00459 0
048  00  041  4  1 00433 0
048  00  042  5  1 00645 0
048  00  043  1  0 00562 0
048  00  044  5  1 00447 0
048  00  045  3  1 00565 0
048  00  046  4  1 00521 0
048  00  047  5  1 00456 0
048  00  048  5  1 00375 0
048  00  049  3  1 00581 0
048  00  050  4  1 00613 0
048  00  051  3  1 01278 0
048  00  052  5  1 00558 0
048  00  053  5  1 00448 0
048  00  054  2  0 00736 0
048  00  055  2  0 00477 0
048  00  056  2  0 00424 0
048  00  057  2  0 00409 0
048  00  058  0  0 00667 0
048  00  059  3  1 00527 0
048  01  000  3  1 01637 0
048  01  001  0  0 00550 0
048  01  002  0  0 00508 0
048  01  003  3  1 00577 0
048  01  004  4  1 00467 0
048  01  005  2  0 01181 0
048  01  006  3  1 00805 0
048  01  007  1  0 00539 0
048  01  008  5  1 00418 0
048  01  009  1  0 00679 0
048  01  010  4  1 00482 0
048  01  011  2  0 00636 0
048  01  012  1  0 00552 0
048  01  013  5  1 00501 0
048  01  014  5  1 00461 0
048  01  015  1  0 00511 0
048  01  016  0  0 00490 0
048  01  017  3  1 00668 0
048  01  018  4  1 00476 0
048  01  019  3  1 00588 0
048  01  020  3  1 00512 0
048  01  021  1  0 00484 0
048  01  022  1  0 00520 0
048  01  023  4  1 00552 0
048  01  024  1  0 00701 0
048  01  025  4  1 00617 0
048  01  026  2  0 00588 0
048  01  027  0  0 00558 0
048  01  028  2  0 00693 0
048  01  029  4  1 00527 0
048  01  030  4  1 00399 0
048  01  031  4  1 00490 0
048  01  032  2  0 00417 0
048  01  033  1  0 00454 0
048  01  034  2  0 00658 0
048  01  035  0  0 00447 0
048  01  036  1  0 00492 0
048  01  037  0  0 00450 0
048  01  038  4  1 00596 0
048  01  039  1  0 00548 0
048  01  040  0  0 00455 0
048  01  041  1  0 00483 0
048  01  042  4  1 00548 0
048  01  043  4  1 00471 0
048  01  044  5  1 00496 0
048  01  045  1  0 00653 0
048  01  046  5  1 00453 0
048  01  047  3  1 00487 0
048  01  048  5  1 00411 0
048  01  049  3  1 00484 0
048  01  050  1  1 -0913 1
048  01  051  1  0 01757 0
048  01  052  1  0 00573 0
048  01  053  4  1 00729 0
048  01  054  0  0 01213 0
048  01  055  5  1 00786 0
048  01  056  0  0 00688 0
048  01  057  4  1 00522 0
048  01  058  3  1 00882 0
048  01  059  5  1 00659 0
048  02  000  4  1 01093 0
048  02  001  0  0 00588 0
048  02  002  4  1 02193 0
048  02  003  0  0 00479 0
048  02  004  5  1 00429 0
048  02  005  5  1 00525 0
048  02  006  2  0 00735 0
048  02  007  1  0 00747 0
048  02  008  5  1 00519 0
048  02  009  0  0 00588 0
048  02  010  5  1 00428 0
048  02  011  5  1 00564 0
048  02  012  0  0 00610 0
048  02  013  5  1 00456 0
048  02  014  2  0 00594 0
048  02  015  3  1 00593 0
048  02  016  2  0 00550 0
048  02  017  2  0 00698 0
048  02  018  5  1 00396 0
048  02  019  4  1 00447 0
048  02  020  0  0 00515 0
048  02  021  4  0 00374 1
048  02  022  1  0 00714 0
048  02  023  1  0 00501 0
048  02  024  5  1 00539 0
048  02  025  2  0 00566 0
048  02  026  1  0 00512 0
048  02  027  3  1 00789 0
048  02  028  1  0 00559 0
048  02  029  3  1 00561 0
048  02  030  4  1 00529 0
048  02  031  2  0 00649 0
048  02  032  0  0 00576 0
048  02  033  0  0 00501 0
048  02  034  3  1 00500 0
048  02  035  1  0 00504 0
048  02  036  3  1 00556 0
048  02  037  1  0 00474 0
048  02  038  4  1 00458 0
048  02  039  1  0 00518 0
048  02  040  5  1 00444 0
048  02  041  4  1 00936 0
048  02  042  0  0 00417 0
048  02  043  5  1 00540 0
048  02  044  1  0 00748 0
048  02  045  3  1 00453 0
048  02  046  3  1 00557 0
048  02  047  4  1 00522 0
048  02  048  1  0 00510 0
048  02  049  1  0 00467 0
048  02  050  3  1 00545 0
048  02  051  3  1 00479 0
048  02  052  3  1 00491 0
048  02  053  5  1 00495 0
048  02  054  0  0 00423 0
048  02  055  2  0 00633 0
048  02  056  5  1 00695 0
048  02  057  2  0 01381 0
048  02  058  0  0 00423 0
048  02  059  0  0 00484 0
048  03  000  3  1 00699 0
048  03  001  4  1 00517 0
048  03  002  4  1 00470 0
048  03  003  0  0 00565 0
048  03  004  3  1 00601 0
048  03  005  4  1 00525 0
048  03  006  0  0 00514 0
048  03  007  0  0 00543 0
048  03  008  0  0 00479 0
048  03  009  0  0 00470 0
048  03  010  2  0 00595 0
048  03  011  2  0 00438 0
048  03  012  5  1 00543 0
048  03  013  3  1 00494 0
048  03  014  2  0 00410 0
048  03  015  3  1 00411 0
048  03  016  2  0 00583 0
048  03  017  0  1 00383 1
048  03  018  3  1 00874 0
048  03  019  5  1 00568 0
048  03  020  3  1 00951 0
048  03  021  5  1 00496 0
048  03  022  2  0 00610 0
048  03  023  5  1 00455 0
048  03  024  2  0 00478 0
048  03  025  1  0 00521 0
048  03  026  4  1 00575 0
048  03  027  0  0 00488 0
048  03  028  2  0 00582 0
048  03  029  5  1 00630 0
048  03  030  2  0 00699 0
048  03  031  1  0 00550 0
048  03  032  0  0 00470 0
048  03  033  5  0 00472 1
048  03  034  5  1 00513 0
048  03  035  0  0 00589 0
048  03  036  2  0 01662 0
048  03  037  2  0 00764 0
048  03  038  3  1 00745 0
048  03  039  3  1 00462 0
048  03  040  5  1 00788 0
048  03  041  1  0 00773 0
048  03  042  1  0 00767 0
048  03  043  4  1 01866 0
048  03  044  4  1 01083 0
048  03  045  1  0 01516 0
048  03  046  4  1 01020 0
048  03  047  2  0 00662 0
048  03  048  3  1 00594 0
048  03  049  4  1 00522 0
048  03  050  5  1 00599 0
048  03  051  1  0 00852 0
048  03  052  4  1 00586 0
048  03  053  2  0 00491 0
048  03  054  3  1 00662 0
048  03  055  4  1 00472 0
048  03  056  3  1 00655 0
048  03  057  2  0 00831 0
048  03  058  3  1 00666 0
048  03  059  5  1 00577 0
048  04  000  3  1 00773 0
048  04  001  3  1 00506 0
048  04  002  5  1 00798 0
048  04  003  1  0 00621 0
048  04  004  3  1 00645 0
048  04  005  4  1 00603 0
048  04  006  5  1 00619 0
048  04  007  5  1 00521 0
048  04  008  1  0 00571 0
048  04  009  1  0 00505 0
048  04  010  4  1 00566 0
048  04  011  2  0 00657 0
048  04  012  3  1 00652 0
048  04  013  1  0 00556 0
048  04  014  5  1 00638 0
048  04  015  1  0 00994 0
048  04  016  1  0 00574 0
048  04  017  1  0 00496 0
048  04  018  0  0 00638 0
048  04  019  1  0 00548 0
048  04  020  2  0 00659 0
048  04  021  4  1 00576 0
048  04  022  2  0 00564 0
048  04  023  2  0 00703 0
048  04  024  2  0 00658 0
048  04  025  0  0 00741 0
048  04  026  2  0 00506 0
048  04  027  0  0 00549 0
048  04  028  0  0 00481 0
048  04  029  3  1 00557 0
048  04  030  2  0 00533 0
048  04  031  5  1 00599 0
048  04  032  2  0 00923 0
048  04  033  5  1 00585 0
048  04  034  4  1 00579 0
048  04  035  1  0 00667 0
048  04  036  4  1 00522 0
048  04  037  1  0 00442 0
048  04  038  3  1 00549 0
048  04  039  5  1 00486 0
048  04  040  3  1 00481 0
048  04  041  0  0 00557 0
048  04  042  4  1 00495 0
048  04  043  1  1 00573 1
048  04  044  0  0 00328 0
048  04  045  2  1 00442 1
048  04  046  3  1 00949 0
048  04  047  5  1 00494 0
048  04  048  3  1 00538 0
048  04  049  5  1 00585 0
048  04  050  3  1 00569 0
048  04  051  1  0 00699 0
048  04  052  1  0 00654 0
048  04  053  0  0 00524 0
048  04  054  1  0 00436 0
048  04  055  5  1 00450 0
048  04  056  4  1 00640 0
048  04  057  3  1 00773 0
048  04  058  4  1 00835 0
048  04  059  2  0 01184 0
048  05  000  4  1 01175 0
048  05  001  0  0 00516 0
048  05  002  2  1 00537 1
048  05  003  2  0 00526 0
048  05  004  4  0 00458 1
048  05  005  0  0 00661 0
048  05  006  2  0 00702 0
048  05  007  4  1 00566 0
048  05  008  3  1 00522 0
048  05  009  4  1 00527 0
048  05  010  1  0 00626 0
048  05  011  4  1 00553 0
048  05  012  0  0 00728 0
048  05  013  5  1 00509 0
048  05  014  0  0 00723 0
048  05  015  0  0 00588 0
048  05  016  2  0 01254 0
048  05  017  4  1 01019 0
048  05  018  1  0 00624 0
048  05  019  5  1 00571 0
048  05  020  0  0 00721 0
048  05  021  5  1 00552 0
048  05  022  3  1 01295 0
048  05  023  2  0 00649 0
048  05  024  3  1 00538 0
048  05  025  4  1 00566 0
048  05  026  0  0 00521 0
048  05  027  2  0 00665 0
048  05  028  0  0 00570 0
048  05  029  2  0 00626 0
048  05  030  1  0 00544 0
048  05  031  2  0 00743 0
048  05  032  2  0 00478 0
048  05  033  3  1 00622 0
048  05  034  0  0 00564 0
048  05  035  2  0 00714 0
048  05  036  3  1 00684 0
048  05  037  1  0 00549 0
048  05  038  1  0 00638 0
048  05  039  4  1 00535 0
048  05  040  5  1 00528 0
048  05  041  4  1 00517 0
048  05  042  3  1 00515 0
048  05  043  3  1 00470 0
048  05  044  4  1 00520 0
048  05  045  0  1 00414 1
048  05  046  0  0 00420 0
048  05  047  0  0 00454 0
048  05  048  2  1 00596 1
048  05  049  2  0 -0208 0
048  05  050  2  0 00527 0
048  05  051  0  0 00589 0
048  05  052  0  0 00517 0
048  05  053  5  1 00576 0
048  05  054  0  0 00459 0
048  05  055  1  0 00438 0
048  05  056  5  1 00549 0
048  05  057  5  1 00571 0
048  05  058  5  1 00566 0
048  05  059  5  1 00548 0
