041  00  000  4  1 02087 0
041  00  001  2  0 00955 0
041  00  002  3  1 00584 0
041  00  003  5  1 00580 0
041  00  004  0  0 00599 0
041  00  005  2  0 00953 0
041  00  006  5  1 00573 0
041  00  007  1  0 00653 0
041  00  008  2  0 00699 0
041  00  009  3  1 00715 0
041  00  010  0  0 00619 0
041  00  011  5  1 00576 0
041  00  012  5  1 00515 0
041  00  013  2  0 00747 0
041  00  014  2  0 00607 0
041  00  015  1  0 00705 0
041  00  016  1  0 00518 0
041  00  017  3  1 00499 0
041  00  018  1  0 00662 0
041  00  019  4  1 00592 0
041  00  020  1  0 00540 0
041  00  021  3  1 00519 0
041  00  022  5  1 00799 0
041  00  023  5  1 00869 0
041  00  024  2  0 00691 0
041  00  025  2  0 00437 0
041  00  026  5  1 00491 0
041  00  027  1  0 00465 0
041  00  028  1  0 00500 0
041  00  029  1  0 00509 0
041  00  030  5  1 00596 0
041  00  031  2  0 00537 0
041  00  032  0  0 00531 0
041  00  033  0  0 00431 0
041  00  034  4  1 00510 0
041  00  035  2  0 00530 0
041  00  036  2  0 00451 0
041  00  037  0  0 00465 0
041  00  038  5  1 00478 0
041  00  039  4  1 00580 0
041  00  040  2  0 00527 0
041  00  041  4  1 00539 0
041  00  042  1  0 00466 0
041  00  043  5  1 00467 0
041  00  044  5  1 00405 0
041  00  045  2  0 00467 0
041  00  046  2  0 00395 0
041  00  047  1  0 00506 0
041  00  048  2  0 00528 0
041  00  049  0  0 00694 0
041  00  050  5  1 00470 0
041  00  051  1  0 00489 0
041  00  052  4  1 00428 0
041  00  053  1  0 00474 0
041  00  054  3  1 00472 0
041  00  055  4  1 00559 0
041  00  056  0  0 00582 0
041  00  057  4  1 00821 0
041  00  058  4  1 00494 0
041  00  059  0  0 00481 0
041  01  000  2  0 00806 0
041  01  001  3  1 00524 0
041  01  002  1  0 00596 0
041  01  003  4  1 00627 0
041  01  004  4  1 00492 0
041  01  005  5  1 00488 0
041  01  006  3  1 00669 0
041  01  007  3  1 00449 0
041  01  008  0  0 00555 0
041  01  009  3  1 00543 0
041  01  010  5  1 00595 0
041  01  011  5  1 00479 0
041  01  012  5  1 00369 0
041  01  013  1  0 00455 0
041  01  014  3  1 00570 0
041  01  015  2  0 00745 0
041  01  016  2  0 00489 0
041  01  017  5  1 00531 0
041  01  018  0  0 00500 0
041  01  019  1  0 00529 0
041  01  020  5  1 00526 0
041  01  021  2  0 00592 0
041  01  022  0  0 00451 0
041  01  023  1  0 00445 0
041  01  024  0  0 00403 0
041  01  025  5  1 00472 0
041  01  026  3  1 00842 0
041  01  027  0  0 00541 0
041  01  028  3  1 00497 0
041  01  029  5  1 00562 0
041  01  030  3  1 00544 0
041  01  031  5  1 00531 0
041  01  032  0  0 00718 0
041  01  033  2  0 00654 0
041  01  034  3  1 00548 0
041  01  035  4  1 00588 0
041  01  036  4  1 00451 0
041  01  037  3  1 00503 0
041  01  038  2  0 00538 0
041  01  039  3  1 00445 0
041  01  040  3  1 00493 0
041  01  041  1  0 00614 0
041  01  042  1  0 00563 0
041  01  043  4  1 00513 0
041  01  044  4  1 00520 0
041  01  045  5  1 00445 0
041  01  046  1  0 00583 0
041  01  047  1  0 00489 0
041  01  048  4  1 00415 0
041  01  049  3  1 00542 0
041  01  050  1  0 00524 0
041  01  051  3  1 00417 0
041  01  052  4  1 00464 0
041  01  053  1  0 00503 0
041  01  054  2  0 00619 0
041  01  055  5  1 00546 0
041  01  056  2  0 00467 0
041  01  057  5  1 00455 0
041  01  058  3  1 00629 0
041  01  059  3  1 00575 0
041  02  000  4  1 00546 0
041  02  001  4  1 00395 0
041  02  002  5  1 00325 0
041  02  003  0  0 00519 0
041  02  004  5  1 00428 0
041  02  005  4  1 00627 0
041  02  006  3  1 00452 0
041  02  007  2  0 00509 0
041  02  008  1  0 00555 0
041  02  009  1  0 00466 0
041  02  010  2  0 01119 0
041  02  011  1  0 00490 0
041  02  012  4  1 00562 0
041  02  013  2  0 00556 0
041  02  014  4  1 00552 0
041  02  015  4  1 00522 0
041  02  016  2  0 00706 0
041  02  017  3  1 00513 0
041  02  018  4  1 00487 0
041  02  019  1  0 00572 0
041  02  020  2  0 00683 0
041  02  021  3  1 00452 0
041  02  022  2  0 00752 0
041  02  023  3  1 00517 0
041  02  024  0  0 00758 0
041  02  025  3  1 00519 0
041  02  026  3  1 00466 0
041  02  027  3  1 00457 0
041  02  028  2  0 00561 0
041  02  029  1  0 00435 0
041  02  030  3  1 00451 0
041  02  031  0  0 00468 0
041  02  032  3  1 00462 0
041  02  033  5  1 00612 0
041  02  034  4  1 00557 0
041  02  035  4  1 00432 0
041  02  036  0  0 00456 0
041  02  037  0  0 00547 0
041  02  038  3  1 00646 0
041  02  039  0  0 00920 0
041  02  040  1  0 00557 0
041  02  041  5  1 00526 0
041  02  042  2  0 00719 0
041  02  043  0  0 00471 0
041  02  044  4  1 00562 0
041  02  045  3  1 00566 0
041  02  046  5  1 00426 0
041  02  047  4  1 00694 0
041  02  048  5  1 00471 0
041  02  049  4  1 00440 0
041  02  050  4  1 00472 0
041  02  051  5  1 00479 0
041  02  052  2  0 00469 0
041  02  053  1  0 00683 0
041  02  054  5  1 00514 0
041  02  055  3  1 00597 0
041  02  056  0  0 00519 0
041  02  057  3  1 00721 0
041  02  058  3  1 00449 0
041  02  059  3  1 00450 0
041  03  000  3  1 00636 0
041  03  001  4  1 00477 0
041  03  002  5  1 00433 0
041  03  003  4  1 00432 0
041  03  004  4  1 00513 0
041  03  005  1  0 00465 0
041  03  006  5  1 00512 0
041  03  007  5  1 00458 0
041  03  008  4  1 00478 0
041  03  009  1  0 00510 0
041  03  010  2  1 00434 1
041  03  011  3  1 00679 0
041  03  012  4  1 00471 0
041  03  013  0  0 00515 0
041  03  014  5  1 00645 0
041  03  015  4  1 00619 0
041  03  016  1  0 00543 0
041  03  017  0  0 00482 0
041  03  018  2  0 00499 0
041  03  019  5  1 00464 0
041  03  020  0  0 00515 0
041  03  021  1  0 00546 0
041  03  022  3  1 00610 0
041  03  023  5  1 00538 0
041  03  024  2  0 00655 0
041  03  025  2  0 00517 0
041  03  026  1  0 00661 0
041  03  027  2  0 00607 0
041  03  028  3  1 00533 0
041  03  029  3  1 00541 0
041  03  030  3  1 00444 0
041  03  031  3  1 00437 0
041  03  032  1  0 00536 0
041  03  033  1  0 00488 0
041  03  034  0  0 00474 0
041  03  035  0  0 00453 0
041  03  036  3  1 00530 0
041  03  037  2  0 00584 0
041  03  038  2  0 00571 0
041  03  039  1  0 00695 0
041  03  040  1  0 00402 0
041  03  041  2  0 00554 0
041  03  042  0  0 00525 0
041  03  043  1  0 00595 0
041  03  044  2  0 00478 0
041  03  045  3  1 00526 0
041  03  046  0  0 00624 0
041  03  047  3  1 00413 0
041  03  048  5  1 00493 0
041  03  049  0  0 00508 0
041  03  050  3  1 00623 0
041  03  051  0  0 00462 0
041  03  052  2  0 00680 0
041  03  053  3  1 00462 0
041  03  054  4  1 00548 0
041  03  055  2  0 00499 0
041  03  056  1  0 00553 0
041  03  057  2  0 00417 0
041  03  058  5  1 00504 0
041  03  059  0  0 00479 0
041  04  000  3  1 00592 0
041  04  001  1  0 00480 0
041  04  002  3  1 00583 0
041  04  003  2  0 00417 0
041  04  004  0  0 00487 0
041  04  005  4  1 00452 0
041  04  006  0  0 00441 0
041  04  007  1  0 00478 0
041  04  008  4  1 00504 0
041  04  009  5  1 00512 0
041  04  010  2  0 00440 0
041  04  011  5  1 00432 0
041  04  012  4  1 00519 0
041  04  013  5  1 00426 0
041  04  014  2  0 00408 0
041  04  015  2  0 00802 0
041  04  016  3  1 00496 0
041  04  017  0  0 00468 0
041  04  018  1  0 00542 0
041  04  019  4  1 00453 0
041  04  020  2  0 00539 0
041  04  021  4  1 00511 0
041  04  022  0  0 00453 0
041  04  023  4  1 00845 0
041  04  024  5  1 00554 0
041  04  025  0  0 00461 0
041  04  026  0  0 00475 0
041  04  027  3  1 00622 0
041  04  028  0  0 00777 0
041  04  029  4  1 00495 0
041  04  030  4  1 00507 0
041  04  031  4  1 00478 0
041  04  032  0  0 00480 0
041  04  033  5  1 00446 0
041  04  034  0  0 00487 0
041  04  035  5  1 00451 0
041  04  036  0  0 00475 0
041  04  037  5  1 00470 0
041  04  038  0  0 00464 0
041  04  039  5  1 00432 0
041  04  040  4  1 00977 0
041  04  041  1  0 00477 0
041  04  042  1  0 00435 0
041  04  043  0  0 00401 0
041  04  044  2  0 00376 0
041  04  045  1  0 00470 0
041  04  046  1  0 00428 0
041  04  047  3  1 00463 0
041  04  048  0  0 00445 0
041  04  049  2  0 00459 0
041  04  050  0  0 00430 0
041  04  051  3  1 00448 0
041  04  052  0  0 00519 0
041  04  053  5  1 00480 0
041  04  054  1  0 00504 0
041  04  055  4  1 00552 0
041  04  056  0  0 00460 0
041  04  057  5  1 00428 0
041  04  058  5  1 00389 0
041  04  059  0  0 00504 0
041  05  000  3  1 00524 0
041  05  001  4  0 00421 1
041  05  002  5  1 00436 0
041  05  003  3  1 00539 0
041  05  004  4  1 00610 0
041  05  005  5  1 00501 0
041  05  006  5  1 00418 0
041  05  007  2  1 00414 1
041  05  008  0  0 00857 0
041  05  009  2  0 00522 0
041  05  010  1  0 00408 0
041  05  011  5  1 00472 0
041  05  012  4  1 00489 0
041  05  013  0  0 00559 0
041  05  014  0  0 00604 0
041  05  015  0  0 00435 0
041  05  016  3  1 00449 0
041  05  017  4  1 00491 0
041  05  018  1  0 00638 0
041  05  019  4  1 00507 0
041  05  020  5  1 00470 0
041  05  021  2  0 00558 0
041  05  022  0  0 00625 0
041  05  023  5  1 00584 0
041  05  024  2  0 00497 0
041  05  025  1  0 00504 0
041  05  026  0  0 00525 0
041  05  027  4  1 00534 0
041  05  028  1  0 00517 0
041  05  029  3  1 00495 0
041  05  030  1  0 00436 0
041  05  031  4  1 00458 0
041  05  032  4  1 00517 0
041  05  033  0  0 00642 0
041  05  034  4  1 00501 0
041  05  035  2  0 00665 0
041  05  036  0  0 00473 0
041  05  037  3  1 00492 0
041  05  038  0  0 00464 0
041  05  039  2  0 00515 0
041  05  040  4  1 00644 0
041  05  041  0  0 00434 0
041  05  042  1  0 00477 0
041  05  043  1  0 00432 0
041  05  044  1  0 00430 0
041  05  045  5  1 00465 0
041  05  046  2  0 00621 0
041  05  047  4  1 00438 0
041  05  048  3  1 00872 0
041  05  049  1  0 00547 0
041  05  050  2  0 00515 0
041  05  051  4  1 00469 0
041  05  052  1  0 00465 0
041  05  053  1  0 00427 0
041  05  054  1  0 00398 0
041  05  055  2  0 00773 0
041  05  056  5  1 00490 0
041  05  057  2  0 00495 0
041  05  058  0  0 00484 0
041  05  059  5  1 00468 0
