053  00  000  0  0 00985 0
053  00  001  0  0 00482 0
053  00  002  3  1 00625 0
053  00  003  5  1 00525 0
053  00  004  1  0 00561 0
053  00  005  3  1 00620 0
053  00  006  0  0 00593 0
053  00  007  4  1 00613 0
053  00  008  5  1 00543 0
053  00  009  2  0 00608 0
053  00  010  1  0 00481 0
053  00  011  5  1 00536 0
053  00  012  2  0 00577 0
053  00  013  5  1 00456 0
053  00  014  5  1 00443 0
053  00  015  3  1 00564 0
053  00  016  0  0 00441 0
053  00  017  4  1 00487 0
053  00  018  2  0 00469 0
053  00  019  5  1 00470 0
053  00  020  1  0 00528 0
053  00  021  3  1 00560 0
053  00  022  4  1 00490 0
053  00  023  3  1 00544 0
053  00  024  4  1 00464 0
053  00  025  1  0 00516 0
053  00  026  4  1 00467 0
053  00  027  0  0 00409 0
053  00  028  3  1 00487 0
053  00  029  1  0 00516 0
053  00  030  4  1 00398 0
053  00  031  2  0 00534 0
053  00  032  4  1 00403 0
053  00  033  0  0 00499 0
053  00  034  4  1 00449 0
053  00  035  0  0 00502 0
053  00  036  4  1 00393 0
053  00  037  0  0 00393 0
053  00  038  5  1 00472 0
053  00  039  2  0 00432 0
053  00  040  0  0 00492 0
053  00  041  5  1 00383 0
053  00  042  2  0 00446 0
053  00  043  2  0 00381 0
053  00  044  1  0 00431 0
053  00  045  5  1 00467 0
053  00  046  3  1 00676 0
053  00  047  5  1 00512 0
053  00  048  4  1 00414 0
053  00  049  2  0 00575 0
053  00  050  2  0 00468 0
053  00  051  0  0 00405 0
053  00  052  1  1 00504 1
053  00  053  4  1 00504 0
053  00  054  2  0 00631 0
053  00  055  4  1 00480 0
053  00  056  0  0 00547 0
053  00  057  5  1 00524 0
053  00  058  3  1 00470 0
053  00  059  1  0 00555 0
053  01  000  1  0 00534 0
053  01  001  5  1 00444 0
053  01  002  0  0 00550 0
053  01  003  0  0 00408 0
053  01  004  5  1 00442 0
053  01  005  3  1 00468 0
053  01  006  5  1 00482 0
053  01  007  5  1 00418 0
053  01  008  2  0 00480 0
053  01  009  1  0 00429 0
053  01  010  3  1 00438 0
053  01  011  4  1 00512 0
053  01  012  4  1 00423 0
053  01  013  1  0 00602 0
053  01  014  0  0 00359 0
053  01  015  4  1 00415 0
053  01  016  0  0 00564 0
053  01  017  2  0 00502 0
053  01  018  2  0 00450 0
053  01  019  0  0 00400 0
053  01  020  1  0 00389 0
053  01  021  4  1 00350 0
053  01  022  3  1 00409 0
053  01  023  5  1 00457 0
053  01  024  2  0 00413 0
053  01  025  3  1 00510 0
053  01  026  2  0 00487 0
053  01  027  3  1 00502 0
053  01  028  1  0 00481 0
053  01  029  5  1 00454 0
053  01  030  0  0 00570 0
053  01  031  3  1 00420 0
053  01  032  3  1 00405 0
053  01  033  1  0 00431 0
053  01  034  3  1 00490 0
053  01  035  4  1 00434 0
053  01  036  5  1 00416 0
053  01  037  3  1 00488 0
053  01  038  3  1 00450 0
053  01  039  0  0 00428 0
053  01  040  2  0 00407 0
053  01  041  4  1 00502 0
053  01  042  1  0 00509 0
053  01  043  5  1 00436 0
053  01  044  3  1 00667 0
053  01  045  0  0 00417 0
053  01  046  1  0 00403 0
053  01  047  5  1 00425 0
053  01  048  1  0 00462 0
053  01  049  4  1 00413 0
053  01  050  0  0 00470 0
053  01  051  0  0 00512 0
053  01  052  4  1 00440 0
053  01  053  3  1 00499 0
053  01  054  0  0 00455 0
053  01  055  4  1 00456 0
053  01  056  2  0 00422 0
053  01  057  2  0 00462 0
053  01  058  1  0 00589 0
053  01  059  5  1 00484 0
053  02  000  0  0 00469 0
053  02  001  0  0 00363 0
053  02  002  2  0 00378 0
053  02  003  3  0 00345 1
053  02  004  3  1 00547 0
053  02  005  4  1 00376 0
053  02  006  0  0 00545 0
053  02  007  3  1 00443 0
053  02  008  5  1 00405 0
053  02  009  3  1 00546 0
053  02  010  0  0 00384 0
053  02  011  1  0 00399 0
053  02  012  2  0 00388 0
053  02  013  4  1 00456 0
053  02  014  5  1 00360 0
053  02  015  1  0 00482 0
053  02  016  0  0 00390 0
053  02  017  4  1 00441 0
053  02  018  3  1 00474 0
053  02  019  4  1 00416 0
053  02  020  0  0 00488 0
053  02  021  3  1 00430 0
053  02  022  3  1 00388 0
053  02  023  3  1 00431 0
053  02  024  4  1 00450 0
053  02  025  2  0 00388 0
053  02  026  3  1 00487 0
053  02  027  2  0 00641 0
053  02  028  2  0 00470 0
053  02  029  5  1 00501 0
053  02  030  1  0 00402 0
053  02  031  2  0 00577 0
053  02  032  5  1 00425 0
053  02  033  2  0 00555 0
053  02  034  2  0 00418 0
053  02  035  1  0 00496 0
053  02  036  3  1 00460 0
053  02  037  1  0 00450 0
053  02  038  3  1 00466 0
053  02  039  1  0 00713 0
053  02  040  3  1 00499 0
053  02  041  2  0 00388 0
053  02  042  2  0 00408 0
053  02  043  0  0 00388 0
053  02  044  1  0 00382 0
053  02  045  5  1 00396 0
053  02  046  0  0 00537 0
053  02  047  3  1 00478 0
053  02  048  1  0 00430 0
053  02  049  4  1 00506 0
053  02  050  1  0 00366 0
053  02  051  1  0 00438 0
053  02  052  3  1 00450 0
053  02  053  5  1 00493 0
053  02  054  1  0 00463 0
053  02  055  4  1 00473 0
053  02  056  4  1 00423 0
053  02  057  5  1 00477 0
053  02  058  5  1 00412 0
053  02  059  5  1 00430 0
053  03  000  1  0 00538 0
053  03  001  3  1 00405 0
053  03  002  1  0 00515 0
053  03  003  0  0 00437 0
053  03  004  2  0 00535 0
053  03  005  2  0 00465 0
053  03  006  3  1 00638 0
053  03  007  3  1 00410 0
053  03  008  0  0 00450 0
053  03  009  5  1 00457 0
053  03  010  0  0 00478 0
053  03  011  3  1 00485 0
053  03  012  0  0 00509 0
053  03  013  1  0 00576 0
053  03  014  0  0 00435 0
053  03  015  0  0 00389 0
053  03  016  4  1 00450 0
053  03  017  1  0 00438 0
053  03  018  2  0 00469 0
053  03  019  0  0 00468 0
053  03  020  0  0 00450 0
053  03  021  4  1 00395 0
053  03  022  1  1 00451 1
053  03  023  5  1 00541 0
053  03  024  0  0 00431 0
053  03  025  3  1 00563 0
053  03  026  3  1 00447 0
053  03  027  1  0 00401 0
053  03  028  4  1 00458 0
053  03  029  3  1 00660 0
053  03  030  3  1 00439 0
053  03  031  5  1 00421 0
053  03  032  5  1 00395 0
053  03  033  1  0 00438 0
053  03  034  2  0 00564 0
053  03  035  3  1 00405 0
053  03  036  4  1 00447 0
053  03  037  2  1 00447 1
053  03  038  1  0 00554 0
053  03  039  5  1 00479 0
053  03  040  2  0 00475 0
053  03  041  1  0 00463 0
053  03  042  1  0 00383 0
053  03  043  5  1 00424 0
053  03  044  1  0 00437 0
053  03  045  2  0 00533 0
053  03  046  4  1 00439 0
053  03  047  5  1 00418 0
053  03  048  5  1 00440 0
053  03  049  0  0 00412 0
053  03  050  2  0 00896 0
053  03  051  2  1 00411 1
053  03  052  5  1 00447 0
053  03  053  5  1 00515 0
053  03  054  4  1 00540 0
053  03  055  2  0 00531 0
053  03  056  4  1 00477 0
053  03  057  2  0 00487 0
053  03  058  1  0 00517 0
053  03  059  4  1 00544 0
053  04  000  5  1 00498 0
053  04  001  2  0 00483 0
053  04  002  5  1 00528 0
053  04  003  1  0 00472 0
053  04  004  0  0 00423 0
053  04  005  3  1 00534 0
053  04  006  5  1 00476 0
053  04  007  3  0 00460 1
053  04  008  0  0 00473 0
053  04  009  0  0 00426 0
053  04  010  1  0 00464 0
053  04  011  4  1 00484 0
053  04  012  5  1 00405 0
053  04  013  5  1 00445 0
053  04  014  1  0 00519 0
053  04  015  1  0 00441 0
053  04  016  5  1 00490 0
053  04  017  2  0 00693 0
053  04  018  5  1 00474 0
053  04  019  1  0 00471 0
053  04  020  3  1 00521 0
053  04  021  1  0 00469 0
053  04  022  3  1 00504 0
053  04  023  0  0 00501 0
053  04  024  0  0 00511 0
053  04  025  2  0 00430 0
053  04  026  2  0 00454 0
053  04  027  4  1 00458 0
053  04  028  5  1 00440 0
053  04  029  5  1 00372 0
053  04  030  0  0 00477 0
053  04  031  0  0 00377 0
053  04  032  1  0 00261 0
053  04  033  1  0 00487 0
053  04  034  1  0 00270 0
053  04  035  0  0 00404 0
053  04  036  4  1 00408 0
053  04  037  1  0 00445 0
053  04  038  1  0 00432 0
053  04  039  4  1 00409 0
053  04  040  2  0 00499 0
053  04  041  5  1 00403 0
053  04  042  4  1 00417 0
053  04  043  2  0 00411 0
053  04  044  3  1 00502 0
053  04  045  4  1 00411 0
053  04  046  2  0 00389 0
053  04  047  0  0 00453 0
053  04  048  5  1 00431 0
053  04  049  4  1 00401 0
053  04  050  1  0 00461 0
053  04  051  1  0 00411 0
053  04  052  2  0 00577 0
053  04  053  5  1 00484 0
053  04  054  3  1 00409 0
053  04  055  4  1 00407 0
053  04  056  0  0 00405 0
053  04  057  2  0 00476 0
053  04  058  2  0 00443 0
053  04  059  5  1 00448 0
053  05  000  0  0 00495 0
053  05  001  4  1 00488 0
053  05  002  1  0 00428 0
053  05  003  0  0 00342 0
053  05  004  0  0 00383 0
053  05  005  5  0 00338 1
053  05  006  2  0 00524 0
053  05  007  2  0 00385 0
053  05  008  3  1 00453 0
053  05  009  1  0 00430 0
053  05  010  3  1 00423 0
053  05  011  1  0 00439 0
053  05  012  2  0 00470 0
053  05  013  0  0 00410 0
053  05  014  0  0 00470 0
053  05  015  2  0 00375 0
053  05  016  2  0 00404 0
053  05  017  2  0 00424 0
053  05  018  2  0 00433 0
053  05  019  5  1 00678 0
053  05  020  4  1 00382 0
053  05  021  1  0 00480 0
053  05  022  4  1 00537 0
053  05  023  0  0 00432 0
053  05  024  4  1 00587 0
053  05  025  3  1 00597 0
053  05  026  2  0 00346 0
053  05  027  4  1 00482 0
053  05  028  3  0 00389 1
053  05  029  4  1 00464 0
053  05  030  0  0 00482 0
053  05  031  5  1 00407 0
053  05  032  4  1 00579 0
053  05  033  4  1 00430 0
053  05  034  0  0 00534 0
053  05  035  3  1 00528 0
053  05  036  1  0 00468 0
053  05  037  3  1 00425 0
053  05  038  5  1 00423 0
053  05  039  3  1 00457 0
053  05  040  3  1 00404 0
053  05  041  3  1 00401 0
053  05  042  4  1 00468 0
053  05  043  4  1 00406 0
053  05  044  3  1 00449 0
053  05  045  5  1 00591 0
053  05  046  0  0 00455 0
053  05  047  0  0 00441 0
053  05  048  4  1 00525 0
053  05  049  3  1 00451 0
053  05  050  4  1 00455 0
053  05  051  1  0 00454 0
053  05  052  2  0 00461 0
053  05  053  4  1 00411 0
053  05  054  4  1 00453 0
053  05  055  2  0 00486 0
053  05  056  5  1 00502 0
053  05  057  5  1 00486 0
053  05  058  2  0 00517 0
053  05  059  4  1 00451 0
