056  00  000  0  0 02431 0
056  00  001  4  1 01023 0
056  00  002  2  0 00817 0
056  00  003  3  1 00730 0
056  00  004  4  1 00792 0
056  00  005  3  1 00664 0
056  00  006  2  0 00812 0
056  00  007  2  0 01219 0
056  00  008  2  0 00714 0
056  00  009  5  1 00689 0
056  00  010  2  0 00656 0
056  00  011  1  0 00744 0
056  00  012  0  0 00722 0
056  00  013  1  0 00886 0
056  00  014  5  1 00668 0
056  00  015  0  0 00614 0
056  00  016  4  1 00597 0
056  00  017  0  0 00630 0
056  00  018  0  0 00627 0
056  00  019  3  1 00545 0
056  00  020  2  0 01119 0
056  00  021  0  0 00710 0
056  00  022  0  0 00699 0
056  00  023  3  1 00581 0
056  00  024  3  1 00573 0
056  00  025  2  0 00703 0
056  00  026  2  0 00695 0
056  00  027  3  1 00617 0
056  00  028  0  0 00601 0
056  00  029  2  0 00605 0
056  00  030  0  0 00528 0
056  00  031  4  1 00664 0
056  00  032  1  0 00673 0
056  00  033  1  0 00643 0
056  00  034  3  1 00536 0
056  00  035  5  1 00630 0
056  00  036  4  1 00766 0
056  00  037  4  1 00524 0
056  00  038  2  0 00672 0
056  00  039  2  0 00617 0
056  00  040  0  0 00575 0
056  00  041  0  0 00595 0
056  00  042  3  1 00811 0
056  00  043  1  0 00760 0
056  00  044  4  1 00589 0
056  00  045  1  0 00675 0
056  00  046  3  1 00567 0
056  00  047  3  1 00650 0
056  00  048  4  1 00547 0
056  00  049  1  0 00654 0
056  00  050  2  0 00766 0
056  00  051  4  1 00655 0
056  00  052  1  0 00819 0
056  00  053  2  0 00620 0
056  00  054  5  1 00580 0
056  00  055  5  1 00762 0
056  00  056  1  0 00672 0
056  00  057  4  1 00766 0
056  00  058  3  1 00764 0
056  00  059  4  1 00537 0
056  01  000  5  1 01552 0
056  01  001  5  1 00501 0
056  01  002  2  0 00692 0
056  01  003  4  1 00720 0
056  01  004  3  1 00574 0
056  01  005  3  1 00546 0
056  01  006  3  1 00564 0
056  01  007  5  1 00539 0
056  01  008  5  1 00503 0
056  01  009  0  0 00589 0
056  01  010  3  1 00659 0
056  01  011  5  1 00618 0
056  01  012  5  1 00507 0
056  01  013  4  1 00511 0
056  01  014  4  1 00548 0
056  01  015  0  0 00565 0
056  01  016  1  0 00506 0
056  01  017  5  1 00546 0
056  01  018  0  0 00724 0
056  01  019  3  1 00580 0
056  01  020  3  1 01388 0
056  01  021  0  0 00619 0
056  01  022  5  1 00842 0
056  01  023  3  1 00950 0
056  01  024  2  0 01212 0
056  01  025  5  1 00562 0
056  01  026  2  0 00598 0
056  01  027  4  1 00583 0
056  01  028  3  1 00603 0
056  01  029  0  0 00578 0
056  01  030  0  0 00527 0
056  01  031  4  1 00609 0
056  01  032  1  0 00693 0
056  01  033  2  0 00750 0
056  01  034  2  0 00754 0
056  01  035  3  1 01091 0
056  01  036  2  0 00775 0
056  01  037  5  1 01148 0
056  01  038  4  1 01206 0
056  01  039  1  0 01041 0
056  01  040  1  0 00949 0
056  01  041  1  0 00724 0
056  01  042  3  1 00713 0
056  01  043  2  0 00592 0
056  01  044  5  1 00618 0
056  01  045  3  1 00650 0
056  01  046  3  1 00509 0
056  01  047  4  1 00704 0
056  01  048  1  0 00640 0
056  01  049  2  0 00843 0
056  01  050  2  0 00888 0
056  01  051  2  0 00862 0
056  01  052  4  1 00595 0
056  01  053  2  0 00781 0
056  01  054  1  0 00704 0
056  01  055  1  0 00737 0
056  01  056  5  1 00665 0
056  01  057  4  1 00631 0
056  01  058  1  0 00700 0
056  01  059  5  1 00722 0
056  02  000  0  0 00829 0
056  02  001  1  0 00594 0
056  02  002  2  0 00466 0
056  02  003  4  1 00555 0
056  02  004  0  0 00520 0
056  02  005  5  1 00467 0
056  02  006  0  0 00490 0
056  02  007  2  0 00543 0
056  02  008  5  1 00502 0
056  02  009  1  0 00538 0
056  02  010  3  1 00478 0
056  02  011  3  1 00554 0
056  02  012  4  1 00515 0
056  02  013  2  0 00534 0
056  02  014  2  0 00988 0
056  02  015  4  1 00556 0
056  02  016  0  0 00652 0
056  02  017  5  1 00560 0
056  02  018  0  0 00721 0
056  02  019  5  1 00531 0
056  02  020  1  0 00941 0
056  02  021  5  1 00625 0
056  02  022  0  0 00683 0
056  02  023  3  1 00567 0
056  02  024  5  1 00684 0
056  02  025  1  0 01009 0
056  02  026  2  0 00639 0
056  02  027  4  1 00528 0
056  02  028  1  0 00635 0
056  02  029  3  1 00690 0
056  02  030  1  0 00653 0
056  02  031  4  1 00614 0
056  02  032  3  1 00824 0
056  02  033  3  1 00554 0
056  02  034  4  1 00899 0
056  02  035  5  1 00501 0
056  02  036  1  0 00549 0
056  02  037  4  1 00669 0
056  02  038  3  1 00730 0
056  02  039  5  1 00556 0
056  02  040  5  1 00549 0
056  02  041  1  0 00811 0
056  02  042  1  0 00565 0
056  02  043  3  1 00713 0
056  02  044  4  1 00667 0
056  02  045  0  0 00579 0
056  02  046  3  1 00842 0
056  02  047  3  1 00640 0
056  02  048  4  1 01008 0
056  02  049  2  0 00810 0
056  02  050  3  1 00553 0
056  02  051  3  1 00531 0
056  02  052  2  0 00807 0
056  02  053  4  1 01149 0
056  02  054  1  0 01055 0
056  02  055  3  1 00958 0
056  02  056  3  1 00824 0
056  02  057  3  1 00552 0
056  02  058  0  0 00620 0
056  02  059  1  0 00568 0
056  03  000  3  1 00926 0
056  03  001  4  1 00521 0
056  03  002  4  1 00484 0
056  03  003  1  0 00598 0
056  03  004  2  0 00624 0
056  03  005  5  1 00474 0
056  03  006  4  1 00518 0
056  03  007  4  1 00515 0
056  03  008  0  0 00554 0
056  03  009  0  0 00463 0
056  03  010  4  1 00579 0
056  03  011  3  1 00657 0
056  03  012  1  0 00670 0
056  03  013  0  0 00611 0
056  03  014  5  1 00573 0
056  03  015  0  0 00656 0
056  03  016  1  0 00605 0
056  03  017  1  0 00554 0
056  03  018  4  1 00554 0
056  03  019  2  0 00892 0
056  03  020  1  0 00581 0
056  03  021  3  1 00552 0
056  03  022  5  1 00558 0
056  03  023  1  0 00620 0
056  03  024  2  0 00818 0
056  03  025  4  1 00604 0
056  03  026  4  1 00540 0
056  03  027  5  1 00821 0
056  03  028  4  1 00580 0
056  03  029  0  0 00681 0
056  03  030  0  0 00836 0
056  03  031  2  0 00629 0
056  03  032  3  1 00545 0
056  03  033  3  1 01237 0
056  03  034  4  1 00715 0
056  03  035  5  1 00554 0
056  03  036  2  0 00702 0
056  03  037  2  0 00687 0
056  03  038  5  1 00626 0
056  03  039  1  0 00875 0
056  03  040  5  1 00677 0
056  03  041  5  1 00801 0
056  03  042  3  1 00640 0
056  03  043  5  1 00564 0
056  03  044  5  1 00658 0
056  03  045  2  0 00722 0
056  03  046  4  1 00572 0
056  03  047  3  1 00553 0
056  03  048  5  1 00607 0
056  03  049  2  0 00607 0
056  03  050  0  0 00508 0
056  03  051  2  0 00627 0
056  03  052  4  1 00589 0
056  03  053  0  0 00703 0
056  03  054  4  1 00550 0
056  03  055  2  0 00944 0
056  03  056  0  0 00772 0
056  03  057  4  1 00657 0
056  03  058  1  0 00660 0
056  03  059  2  0 00759 0
056  04  000  1  0 00739 0
056  04  001  1  0 00602 0
056  04  002  1  0 00478 0
056  04  003  5  1 00580 0
056  04  004  5  1 00485 0
056  04  005  2  0 00699 0
056  04  006  5  1 00483 0
056  04  007  3  1 00573 0
056  04  008  5  1 00510 0
056  04  009  2  0 00545 0
056  04  010  5  1 00476 0
056  04  011  2  0 00625 0
056  04  012  3  1 00681 0
056  04  013  3  1 00548 0
056  04  014  2  0 00692 0
056  04  015  5  1 00540 0
056  04  016  1  0 00529 0
056  04  017  0  0 00539 0
056  04  018  0  0 00648 0
056  04  019  1  0 00652 0
056  04  020  2  0 00513 0
056  04  021  4  1 00593 0
056  04  022  3  1 00746 0
056  04  023  4  1 00568 0
056  04  024  1  0 00663 0
056  04  025  2  0 00523 0
056  04  026  3  1 00616 0
056  04  027  0  0 00506 0
056  04  028  2  0 00526 0
056  04  029  5  1 00505 0
056  04  030  3  1 00843 0
056  04  031  3  1 00519 0
056  04  032  0  0 00665 0
056  04  033  3  1 00548 0
056  04  034  5  1 00688 0
056  04  035  4  1 00596 0
056  04  036  4  1 00713 0
056  04  037  3  1 00736 0
056  04  038  2  0 00738 0
056  04  039  0  0 00661 0
056  04  040  1  0 00733 0
056  04  041  5  1 00664 0
056  04  042  0  0 00637 0
056  04  043  4  1 00569 0
056  04  044  5  1 00732 0
056  04  045  0  0 00772 0
056  04  046  5  1 00639 0
056  04  047  0  0 00528 0
056  04  048  2  0 00584 0
056  04  049  5  1 00579 0
056  04  050  4  1 00754 0
056  04  051  4  1 00612 0
056  04  052  1  0 00604 0
056  04  053  2  0 00671 0
056  04  054  2  0 00787 0
056  04  055  1  0 00738 0
056  04  056  2  0 00770 0
056  04  057  1  0 00657 0
056  04  058  1  0 00619 0
056  04  059  0  0 00682 0
056  05  000  0  0 00654 0
056  05  001  4  1 00545 0
056  05  002  1  0 00531 0
056  05  003  1  0 00653 0
056  05  004  1  0 00581 0
056  05  005  4  1 00583 0
056  05  006  3  1 00747 0
056  05  007  3  1 00871 0
056  05  008  3  1 00549 0
056  05  009  1  0 00555 0
056  05  010  1  0 00759 0
056  05  011  3  1 00624 0
056  05  012  0  0 00595 0
056  05  013  0  0 00567 0
056  05  014  0  0 00582 0
056  05  015  1  0 00747 0
056  05  016  0  0 00620 0
056  05  017  0  0 00602 0
056  05  018  4  1 00662 0
056  05  019  5  1 00697 0
056  05  020  4  1 00584 0
056  05  021  1  0 00677 0
056  05  022  2  0 00746 0
056  05  023  0  0 00772 0
056  05  024  2  0 00961 0
056  05  025  5  1 00692 0
056  05  026  2  0 00629 0
056  05  027  2  0 00619 0
056  05  028  5  1 00576 0
056  05  029  2  0 00561 0
056  05  030  2  0 00662 0
056  05  031  4  1 00775 0
056  05  032  4  1 00538 0
056  05  033  5  1 00524 0
056  05  034  5  1 00489 0
056  05  035  1  0 00611 0
056  05  036  0  0 00650 0
056  05  037  3  1 00843 0
056  05  038  5  1 00966 0
056  05  039  1  0 00666 0
056  05  040  4  1 00858 0
056  05  041  5  1 01152 0
056  05  042  4  1 00587 0
056  05  043  0  0 00922 0
056  05  044  0  0 00538 0
056  05  045  5  1 00694 0
056  05  046  0  0 00728 0
056  05  047  1  0 00599 0
056  05  048  0  0 00583 0
056  05  049  1  0 00582 0
056  05  050  0  0 00499 0
056  05  051  3  1 00585 0
056  05  052  0  0 00554 0
056  05  053  4  1 00623 0
056  05  054  1  0 00683 0
056  05  055  5  1 00596 0
056  05  056  0  0 00625 0
056  05  057  0  0 00535 0
056  05  058  0  0 00706 0
056  05  059  5  1 00545 0
