055  00  000  1  0 05171 0
055  00  001  5  1 01006 0
055  00  002  3  1 00845 0
055  00  003  3  1 00684 0
055  00  004  3  1 00580 0
055  00  005  2  0 00708 0
055  00  006  4  1 00848 0
055  00  007  5  1 00609 0
055  00  008  4  1 00574 0
055  00  009  2  0 00575 0
055  00  010  5  1 00539 0
055  00  011  5  1 00483 0
055  00  012  4  1 00548 0
055  00  013  5  1 00588 0
055  00  014  5  1 00445 0
055  00  015  0  0 00574 0
055  00  016  1  1 00516 1
055  00  017  0  0 00641 0
055  00  018  4  1 00539 0
055  00  019  3  1 00782 0
055  00  020  3  1 00552 0
055  00  021  5  1 00560 0
055  00  022  1  0 00609 0
055  00  023  2  0 00675 0
055  00  024  1  0 00558 0
055  00  025  3  1 00584 0
055  00  026  2  0 00840 0
055  00  027  1  0 00653 0
055  00  028  1  0 00553 0
055  00  029  3  1 00680 0
055  00  030  5  1 00597 0
055  00  031  1  0 00637 0
055  00  032  1  0 00454 0
055  00  033  5  1 00528 0
055  00  034  4  1 00793 0
055  00  035  5  1 00600 0
055  00  036  0  0 00475 0
055  00  037  5  1 00540 0
055  00  038  2  0 00544 0
055  00  039  4  1 00613 0
055  00  040  4  1 00553 0
055  00  041  3  1 00641 0
055  00  042  4  1 00498 0
055  00  043  3  1 00412 0
055  00  044  0  0 00488 0
055  00  045  1  0 00456 0
055  00  046  3  1 00451 0
055  00  047  0  0 00492 0
055  00  048  5  1 00439 0
055  00  049  0  0 00663 0
055  00  050  2  0 00692 0
055  00  051  3  1 00543 0
055  00  052  1  0 00582 0
055  00  053  2  0 00609 0
055  00  054  3  1 00580 0
055  00  055  5  1 00497 0
055  00  056  0  0 00488 0
055  00  057  0  0 00494 0
055  00  058  4  1 00590 0
055  00  059  3  1 00572 0
055  01  000  0  0 00783 0
055  01  001  2  0 00527 0
055  01  002  1  0 00747 0
055  01  003  0  0 00453 0
055  01  004  4  1 00566 0
055  01  005  1  0 00541 0
055  01  006  0  0 00485 0
055  01  007  1  0 00538 0
055  01  008  5  1 00973 0
055  01  009  2  0 00576 0
055  01  010  1  0 00593 0
055  01  011  1  0 00465 0
055  01  012  4  1 00538 0
055  01  013  5  1 00473 0
055  01  014  5  1 00457 0
055  01  015  3  1 00616 0
055  01  016  5  1 00587 0
055  01  017  4  1 00570 0
055  01  018  5  1 00511 0
055  01  019  3  1 00620 0
055  01  020  5  1 00517 0
055  01  021  4  1 00520 0
055  01  022  3  1 00576 0
055  01  023  0  0 00514 0
055  01  024  2  0 00452 0
055  01  025  1  0 00416 0
055  01  026  2  0 00589 0
055  01  027  4  1 00619 0
055  01  028  3  1 00563 0
055  01  029  0  0 00609 0
055  01  030  1  0 00700 0
055  01  031  0  0 00641 0
055  01  032  0  0 00460 0
055  01  033  5  1 00552 0
055  01  034  2  0 00471 0
055  01  035  2  0 00466 0
055  01  036  2  0 00410 0
055  01  037  5  1 00553 0
055  01  038  0  0 00475 0
055  01  039  2  1 00478 1
055  01  040  0  0 00497 0
055  01  041  0  0 00549 0
055  01  042  1  0 00561 0
055  01  043  4  1 00531 0
055  01  044  0  0 00491 0
055  01  045  2  0 00504 0
055  01  046  3  1 00796 0
055  01  047  5  1 00489 0
055  01  048  0  0 00489 0
055  01  049  3  1 00813 0
055  01  050  0  0 00506 0
055  01  051  2  0 00630 0
055  01  052  5  1 00539 0
055  01  053  5  1 00482 0
055  01  054  5  1 00534 0
055  01  055  1  0 00516 0
055  01  056  3  1 00613 0
055  01  057  4  1 00457 0
055  01  058  2  0 00723 0
055  01  059  0  0 00561 0
055  02  000  3  1 00694 0
055  02  001  0  0 00499 0
055  02  002  0  0 00381 0
055  02  003  3  1 00574 0
055  02  004  2  0 00527 0
055  02  005  0  0 00492 0
055  02  006  1  0 00501 0
055  02  007  2  0 00460 0
055  02  008  0  0 00420 0
055  02  009  2  0 00417 0
055  02  010  1  0 00476 0
055  02  011  5  1 00456 0
055  02  012  1  0 00541 0
055  02  013  2  0 00402 0
055  02  014  1  0 00461 0
055  02  015  1  0 00477 0
055  02  016  2  0 00549 0
055  02  017  0  0 00424 0
055  02  018  5  1 00518 0
055  02  019  4  1 00566 0
055  02  020  2  0 00589 0
055  02  021  3  1 00658 0
055  02  022  0  0 00528 0
055  02  023  4  1 00474 0
055  02  024  1  0 00550 0
055  02  025  3  1 00529 0
055  02  026  4  1 00563 0
055  02  027  4  1 00413 0
055  02  028  4  1 00535 0
055  02  029  5  1 00530 0
055  02  030  2  0 00717 0
055  02  031  4  1 00571 0
055  02  032  5  1 00477 0
055  02  033  5  1 00487 0
055  02  034  4  1 00759 0
055  02  035  0  0 00470 0
055  02  036  5  1 00612 0
055  02  037  3  1 00843 0
055  02  038  2  0 00460 0
055  02  039  3  1 00563 0
055  02  040  0  0 00487 0
055  02  041  2  1 00517 1
055  02  042  5  1 00531 0
055  02  043  1  0 00715 0
055  02  044  0  0 00603 0
055  02  045  1  0 00497 0
055  02  046  3  1 00636 0
055  02  047  5  1 00517 0
055  02  048  3  1 00867 0
055  02  049  3  1 00541 0
055  02  050  3  1 00418 0
055  02  051  4  1 00587 0
055  02  052  2  0 00479 0
055  02  053  2  0 00381 0
055  02  054  0  0 00509 0
055  02  055  4  1 00452 0
055  02  056  0  0 00519 0
055  02  057  0  0 00526 0
055  02  058  1  0 00456 0
055  02  059  2  0 00729 0
055  03  000  0  0 00510 0
055  03  001  5  1 00622 0
055  03  002  2  0 00495 0
055  03  003  2  0 00454 0
055  03  004  2  0 00549 0
055  03  005  0  0 00595 0
055  03  006  0  0 00462 0
055  03  007  2  0 00467 0
055  03  008  4  1 00611 0
055  03  009  0  0 00779 0
055  03  010  3  1 00593 0
055  03  011  2  0 00411 0
055  03  012  1  0 00724 0
055  03  013  2  0 00465 0
055  03  014  4  1 00571 0
055  03  015  5  1 00515 0
055  03  016  4  1 00477 0
055  03  017  3  1 00632 0
055  03  018  5  1 00506 0
055  03  019  3  1 00527 0
055  03  020  1  0 00647 0
055  03  021  4  1 00562 0
055  03  022  1  0 00568 0
055  03  023  4  1 00502 0
055  03  024  4  1 00574 0
055  03  025  1  0 00455 0
055  03  026  1  0 00482 0
055  03  027  1  0 00380 0
055  03  028  4  1 00418 0
055  03  029  1  0 00353 0
055  03  030  3  1 00495 0
055  03  031  3  1 00499 0
055  03  032  3  1 00421 0
055  03  033  4  1 00469 0
055  03  034  0  0 00422 0
055  03  035  2  0 00463 0
055  03  036  3  1 00456 0
055  03  037  1  0 00467 0
055  03  038  4  1 00549 0
055  03  039  2  1 00412 1
055  03  040  0  0 00389 0
055  03  041  2  0 00495 0
055  03  042  4  1 00537 0
055  03  043  4  1 00571 0
055  03  044  2  0 00522 0
055  03  045  5  1 00579 0
055  03  046  2  0 00453 0
055  03  047  5  1 00449 0
055  03  048  4  1 00546 0
055  03  049  4  1 00473 0
055  03  050  3  1 00481 0
055  03  051  3  1 00525 0
055  03  052  3  1 00409 0
055  03  053  3  1 00406 0
055  03  054  5  1 00568 0
055  03  055  4  1 00524 0
055  03  056  0  0 00404 0
055  03  057  1  0 00372 0
055  03  058  5  0 00382 1
055  03  059  1  0 00467 0
055  04  000  4  1 00678 0
055  04  001  3  1 00536 0
055  04  002  1  1 00457 1
055  04  003  0  0 00587 0
055  04  004  1  0 00454 0
055  04  005  5  1 00548 0
055  04  006  4  1 00714 0
055  04  007  2  0 00593 0
055  04  008  0  0 00403 0
055  04  009  5  1 00635 0
055  04  010  5  1 00491 0
055  04  011  3  1 00556 0
055  04  012  0  0 00494 0
055  04  013  3  1 00478 0
055  04  014  5  1 00578 0
055  04  015  0  0 00539 0
055  04  016  5  1 00456 0
055  04  017  2  0 00603 0
055  04  018  1  0 01316 0
055  04  019  2  0 00985 0
055  04  020  2  0 00374 0
055  04  021  0  0 00397 0
055  04  022  0  0 00417 0
055  04  023  0  0 00383 0
055  04  024  1  0 00634 0
055  04  025  1  0 00549 0
055  04  026  1  0 00446 0
055  04  027  2  0 00404 0
055  04  028  4  1 00580 0
055  04  029  2  0 00526 0
055  04  030  4  1 00427 0
055  04  031  3  1 00939 0
055  04  032  1  0 00601 0
055  04  033  1  0 00517 0
055  04  034  2  0 00452 0
055  04  035  0  0 00693 0
055  04  036  2  0 00514 0
055  04  037  2  0 00485 0
055  04  038  5  1 00514 0
055  04  039  5  1 00568 0
055  04  040  0  0 00447 0
055  04  041  5  1 00559 0
055  04  042  4  1 00519 0
055  04  043  0  0 00497 0
055  04  044  4  1 00729 0
055  04  045  0  0 00564 0
055  04  046  0  0 00499 0
055  04  047  2  0 00548 0
055  04  048  0  0 00500 0
055  04  049  0  0 00342 0
055  04  050  3  1 00680 0
055  04  051  5  1 00607 0
055  04  052  1  0 00566 0
055  04  053  5  1 00555 0
055  04  054  5  1 00505 0
055  04  055  4  1 00928 0
055  04  056  1  0 00562 0
055  04  057  4  1 00503 0
055  04  058  3  1 00544 0
055  04  059  3  1 00476 0
055  05  000  4  1 00696 0
055  05  001  1  0 00590 0
055  05  002  5  1 00435 0
055  05  003  0  0 00510 0
055  05  004  5  1 00482 0
055  05  005  1  0 00530 0
055  05  006  1  0 00585 0
055  05  007  4  1 00502 0
055  05  008  1  0 00468 0
055  05  009  3  1 00578 0
055  05  010  5  0 00607 1
055  05  011  3  1 00808 0
055  05  012  5  1 00577 0
055  05  013  4  1 00446 0
055  05  014  3  1 00436 0
055  05  015  2  0 00459 0
055  05  016  4  1 00486 0
055  05  017  3  1 00495 0
055  05  018  2  0 00727 0
055  05  019  4  1 00555 0
055  05  020  1  1 00397 1
055  05  021  0  0 00526 0
055  05  022  4  1 01005 0
055  05  023  5  1 00702 0
055  05  024  5  1 00819 0
055  05  025  2  0 00542 0
055  05  026  3  1 00870 0
055  05  027  1  0 00656 0
055  05  028  4  1 00593 0
055  05  029  3  1 00597 0
055  05  030  4  1 00486 0
055  05  031  4  1 00461 0
055  05  032  0  0 00429 0
055  05  033  5  1 00510 0
055  05  034  1  0 00579 0
055  05  035  1  0 00483 0
055  05  036  2  0 00470 0
055  05  037  2  0 00553 0
055  05  038  1  0 00440 0
055  05  039  4  1 00487 0
055  05  040  1  0 00513 0
055  05  041  5  1 00545 0
055  05  042  4  1 00535 0
055  05  043  0  0 00393 0
055  05  044  1  0 00503 0
055  05  045  4  1 00444 0
055  05  046  2  0 00533 0
055  05  047  3  1 00489 0
055  05  048  0  0 00435 0
055  05  049  3  1 00497 0
055  05  050  2  0 00543 0
055  05  051  3  1 00577 0
055  05  052  3  1 00543 0
055  05  053  2  0 00583 0
055  05  054  5  1 00678 0
055  05  055  1  0 00488 0
055  05  056  3  1 00487 0
055  05  057  2  0 00707 0
055  05  058  4  1 00631 0
055  05  059  3  1 00638 0
