051  00  000  0  0 01206 0
051  00  001  0  0 00706 0
051  00  002  1  0 00908 0
051  00  003  1  0 00531 0
051  00  004  0  0 00532 0
051  00  005  0  0 00506 0
051  00  006  3  1 00712 0
051  00  007  5  1 00536 0
051  00  008  1  0 00574 0
051  00  009  0  0 00614 0
051  00  010  3  1 00739 0
051  00  011  0  0 00629 0
051  00  012  5  1 00683 0
051  00  013  1  0 00659 0
051  00  014  4  1 00660 0
051  00  015  5  1 00624 0
051  00  016  1  0 00631 0
051  00  017  3  1 00683 0
051  00  018  1  0 00647 0
051  00  019  2  0 00709 0
051  00  020  1  0 00767 0
051  00  021  2  0 00704 0
051  00  022  2  0 00690 0
051  00  023  4  1 00568 0
051  00  024  3  1 00626 0
051  00  025  1  0 00651 0
051  00  026  2  0 00715 0
051  00  027  0  0 00701 0
051  00  028  5  1 00688 0
051  00  029  3  1 00661 0
051  00  030  3  1 00680 0
051  00  031  3  1 00628 0
051  00  032  0  0 00680 0
051  00  033  1  0 00656 0
051  00  034  1  0 00585 0
051  00  035  2  0 00663 0
051  00  036  1  0 00700 0
051  00  037  3  1 00685 0
051  00  038  3  1 00759 0
051  00  039  5  1 00641 0
051  00  040  0  0 00712 0
051  00  041  1  0 00671 0
051  00  042  5  1 00628 0
051  00  043  2  0 00797 0
051  00  044  5  1 00646 0
051  00  045  0  0 00636 0
051  00  046  1  0 00681 0
051  00  047  1  0 00711 0
051  00  048  4  1 00590 0
051  00  049  1  0 00667 0
051  00  050  3  1 00660 0
051  00  051  2  0 00687 0
051  00  052  0  0 00655 0
051  00  053  4  1 00639 0
051  00  054  3  1 00674 0
051  00  055  2  0 00730 0
051  00  056  2  0 00701 0
051  00  057  2  0 00608 0
051  00  058  1  0 00777 0
051  00  059  5  1 00725 0
051  01  000  2  0 51790 0
051  01  001  4  1 00729 0
051  01  002  2  0 00590 0
051  01  003  4  1 00631 0
051  01  004  4  1 00520 0
051  01  005  4  1 00466 0
051  01  006  5  1 00524 0
051  01  007  5  1 00415 0
051  01  008  5  1 00426 0
051  01  009  3  1 00652 0
051  01  010  3  1 00480 0
051  01  011  3  1 00467 0
051  01  012  0  0 00535 0
051  01  013  5  1 00516 0
051  01  014  5  1 00542 0
051  01  015  4  1 00624 0
051  01  016  4  1 00504 0
051  01  017  4  1 00467 0
051  01  018  5  1 00480 0
051  01  019  4  1 00564 0
051  01  020  4  1 00557 0
051  01  021  3  1 00561 0
051  01  022  2  0 00626 0
051  01  023  2  0 00535 0
051  01  024  5  1 00582 0
051  01  025  3  1 00567 0
051  01  026  3  1 00473 0
051  01  027  4  1 00532 0
051  01  028  5  1 00542 0
051  01  029  1  0 00551 0
051  01  030  5  1 00545 0
051  01  031  1  0 00583 0
051  01  032  5  1 00589 0
051  01  033  0  0 00656 0
051  01  034  2  0 00747 0
051  01  035  5  1 00926 0
051  01  036  2  0 01025 0
051  01  037  0  0 00647 0
051  01  038  3  1 00559 0
051  01  039  1  0 00543 0
051  01  040  3  1 00590 0
051  01  041  4  1 00640 0
051  01  042  5  1 00513 0
051  01  043  3  1 00925 0
051  01  044  0  0 00557 0
051  01  045  4  1 00534 0
051  01  046  0  0 00526 0
051  01  047  0  0 00544 0
051  01  048  3  1 00663 0
051  01  049  2  0 00546 0
051  01  050  4  1 00665 0
051  01  051  4  1 00565 0
051  01  052  1  0 00585 0
051  01  053  0  0 00644 0
051  01  054  3  1 00570 0
051  01  055  0  0 00519 0
051  01  056  4  1 00537 0
051  01  057  5  1 00600 0
051  01  058  0  0 00533 0
051  01  059  0  0 00499 0
051  02  000  1  0 00694 0
051  02  001  0  0 00570 0
051  02  002  0  0 00439 0
051  02  003  0  0 00479 0
051  02  004  1  0 00879 0
051  02  005  4  1 00472 0
051  02  006  5  1 00460 0
051  02  007  4  1 00526 0
051  02  008  1  0 00463 0
051  02  009  3  1 00512 0
051  02  010  1  0 00500 0
051  02  011  0  0 00542 0
051  02  012  5  1 00488 0
051  02  013  1  0 00447 0
051  02  014  3  1 00485 0
051  02  015  1  0 00553 0
051  02  016  5  1 00527 0
051  02  017  3  1 00652 0
051  02  018  3  1 00499 0
051  02  019  5  1 00578 0
051  02  020  0  0 00526 0
051  02  021  2  0 00499 0
051  02  022  4  1 00552 0
051  02  023  5  1 00536 0
051  02  024  2  0 00554 0
051  02  025  3  1 00664 0
051  02  026  4  1 00897 0
051  02  027  3  1 00517 0
051  02  028  3  1 00526 0
051  02  029  1  0 00481 0
051  02  030  0  0 00657 0
051  02  031  5  1 01061 0
051  02  032  0  0 00539 0
051  02  033  4  1 00711 0
051  02  034  4  1 00525 0
051  02  035  4  1 00415 0
051  02  036  3  0 00478 1
051  02  037  5  1 00545 0
051  02  038  4  1 00491 0
051  02  039  5  1 00469 0
051  02  040  2  0 00581 0
051  02  041  1  0 00485 0
051  02  042  2  0 00779 0
051  02  043  5  1 00598 0
051  02  044  0  0 00621 0
051  02  045  1  0 00590 0
051  02  046  3  1 00477 0
051  02  047  4  1 00509 0
051  02  048  2  1 00479 1
051  02  049  4  1 00618 0
051  02  050  2  0 00588 0
051  02  051  2  0 00502 0
051  02  052  0  0 00554 0
051  02  053  1  0 00484 0
051  02  054  4  1 00633 0
051  02  055  5  1 00539 0
051  02  056  2  0 00566 0
051  02  057  3  1 00515 0
051  02  058  2  0 00540 0
051  02  059  4  1 00568 0
051  03  000  1  0 00727 0
051  03  001  0  0 00561 0
051  03  002  0  0 00419 0
051  03  003  2  0 00699 0
051  03  004  0  0 00521 0
051  03  005  3  1 00539 0
051  03  006  0  0 00469 0
051  03  007  5  1 00583 0
051  03  008  4  1 00795 0
051  03  009  2  0 00571 0
051  03  010  3  1 00592 0
051  03  011  2  0 00741 0
051  03  012  3  1 00684 0
051  03  013  2  0 00507 0
051  03  014  3  1 00667 0
051  03  015  4  1 00579 0
051  03  016  3  1 00547 0
051  03  017  4  1 00450 0
051  03  018  4  1 00456 0
051  03  019  5  1 00584 0
051  03  020  4  1 00508 0
051  03  021  2  0 00497 0
051  03  022  5  1 00575 0
051  03  023  3  1 00561 0
051  03  024  1  0 00518 0
051  03  025  1  0 00472 0
051  03  026  1  0 00433 0
051  03  027  3  0 00471 1
051  03  028  4  1 00539 0
051  03  029  0  0 00719 0
051  03  030  1  0 00858 0
051  03  031  2  0 00521 0
051  03  032  5  1 00692 0
051  03  033  2  0 00829 0
051  03  034  0  0 00661 0
051  03  035  3  1 00868 0
051  03  036  0  0 00496 0
051  03  037  2  1 00484 1
051  03  038  0  0 00561 0
051  03  039  4  1 00680 0
051  03  040  4  1 00519 0
051  03  041  1  0 00535 0
051  03  042  3  1 00859 0
051  03  043  3  1 00629 0
051  03  044  2  0 00599 0
051  03  045  2  0 00542 0
051  03  046  5  1 00624 0
051  03  047  2  0 00710 0
051  03  048  1  0 00578 0
051  03  049  5  1 00555 0
051  03  050  3  1 00675 0
051  03  051  1  0 00559 0
051  03  052  5  1 00615 0
051  03  053  3  1 00637 0
051  03  054  4  1 00645 0
051  03  055  5  1 00544 0
051  03  056  2  0 00490 0
051  03  057  0  0 00561 0
051  03  058  2  0 00482 0
051  03  059  4  1 00544 0
051  04  000  5  8 -0905 1
051  04  001  5  8 -0267 1
051  04  002  3  1 00684 0
051  04  003  4  1 00471 0
051  04  004  0  0 01680 0
051  04  005  5  1 00816 0
051  04  006  5  1 00376 0
051  04  007  3  1 00589 0
051  04  008  4  1 00512 0
051  04  009  5  1 00448 0
051  04  010  5  1 00431 0
051  04  011  1  0 00542 0
051  04  012  1  0 00444 0
051  04  013  5  1 00481 0
051  04  014  0  0 00495 0
051  04  015  3  1 00538 0
051  04  016  3  1 01293 0
051  04  017  4  1 00456 0
051  04  018  2  0 00666 0
051  04  019  0  0 00567 0
051  04  020  3  0 00552 1
051  04  021  4  1 00491 0
051  04  022  3  1 00408 0
051  04  023  3  1 00407 0
051  04  024  3  1 00417 0
051  04  025  1  0 00643 0
051  04  026  0  0 00606 0
051  04  027  5  1 00584 0
051  04  028  5  1 00760 0
051  04  029  2  0 00657 0
051  04  030  0  0 00523 0
051  04  031  5  1 00558 0
051  04  032  0  0 01190 0
051  04  033  4  1 00822 0
051  04  034  5  1 00456 0
051  04  035  5  1 00469 0
051  04  036  4  1 00556 0
051  04  037  0  0 00513 0
051  04  038  4  1 00502 0
051  04  039  1  0 00582 0
051  04  040  2  0 00548 0
051  04  041  3  1 00467 0
051  04  042  1  0 00499 0
051  04  043  0  0 00525 0
051  04  044  1  0 00543 0
051  04  045  1  0 00561 0
051  04  046  5  1 00599 0
051  04  047  1  0 00560 0
051  04  048  0  0 00526 0
051  04  049  1  0 00626 0
051  04  050  3  1 00625 0
051  04  051  0  0 00461 0
051  04  052  1  1 00636 1
051  04  053  0  0 00572 0
051  04  054  1  0 00459 0
051  04  055  0  0 00553 0
051  04  056  2  0 00647 0
051  04  057  2  0 00387 0
051  04  058  1  0 00503 0
051  04  059  4  0 00430 1
051  05  000  2  0 00781 0
051  05  001  2  0 00385 0
051  05  002  5  1 00680 0
051  05  003  5  1 00438 0
051  05  004  0  0 00513 0
051  05  005  3  1 00584 0
051  05  006  1  0 00560 0
051  05  007  2  1 00688 1
051  05  008  0  0 00510 0
051  05  009  5  1 01471 0
051  05  010  4  1 00482 0
051  05  011  5  1 00461 0
051  05  012  3  1 00599 0
051  05  013  0  0 00844 0
051  05  014  2  0 00596 0
051  05  015  2  0 00465 0
051  05  016  4  1 00470 0
051  05  017  5  1 00467 0
051  05  018  2  0 00463 0
051  05  019  5  1 00558 0
051  05  020  1  0 00569 0
051  05  021  0  0 00573 0
051  05  022  1  0 01169 0
051  05  023  1  0 00458 0
051  05  024  1  0 00489 0
051  05  025  2  0 00747 0
051  05  026  5  1 00601 0
051  05  027  0  0 00732 0
051  05  028  2  0 00505 0
051  05  029  4  1 01178 0
051  05  030  4  1 00442 0
051  05  031  3  1 00516 0
051  05  032  2  0 00499 0
051  05  033  0  0 00453 0
051  05  034  3  1 00673 0
051  05  035  4  1 00529 0
051  05  036  4  1 00528 0
051  05  037  0  0 00510 0
051  05  038  0  0 00481 0
051  05  039  2  1 00567 1
051  05  040  1  0 00530 0
051  05  041  2  0 00476 0
051  05  042  2  0 00463 0
051  05  043  2  0 00431 0
051  05  044  2  0 00486 0
051  05  045  2  0 00465 0
051  05  046  0  0 00634 0
051  05  047  4  1 00624 0
051  05  048  1  0 00630 0
051  05  049  1  0 00511 0
051  05  050  4  1 00671 0
051  05  051  2  0 01211 0
051  05  052  1  0 00513 0
051  05  053  5  1 00638 0
051  05  054  3  1 00726 0
051  05  055  4  1 00542 0
051  05  056  3  1 00715 0
051  05  057  4  1 00567 0
051  05  058  1  0 00516 0
051  05  059  4  1 01784 0
