050  00  000  3  1 01865 0
050  00  001  1  0 01026 0
050  00  002  3  1 01102 0
050  00  003  1  0 00911 0
050  00  004  1  0 00979 0
050  00  005  5  1 01087 0
050  00  006  3  1 00941 0
050  00  007  4  1 00732 0
050  00  008  5  1 00742 0
050  00  009  3  1 00869 0
050  00  010  1  0 00782 0
050  00  011  0  0 00742 0
050  00  012  5  1 00789 0
050  00  013  4  1 00929 0
050  00  014  2  0 01391 0
050  00  015  1  0 00613 0
050  00  016  3  1 00705 0
050  00  017  3  1 00641 0
050  00  018  3  1 00682 0
050  00  019  0  0 00652 0
050  00  020  1  0 00684 0
050  00  021  1  0 00621 0
050  00  022  2  0 00669 0
050  00  023  2  0 00667 0
050  00  024  4  1 00898 0
050  00  025  5  1 00578 0
050  00  026  0  0 00766 0
050  00  027  1  0 00672 0
050  00  028  5  1 00750 0
050  00  029  3  1 00716 0
050  00  030  1  0 00781 0
050  00  031  2  0 00571 0
050  00  032  1  0 00615 0
050  00  033  5  1 00707 0
050  00  034  3  1 00743 0
050  00  035  2  0 00772 0
050  00  036  2  0 00644 0
050  00  037  0  0 00648 0
050  00  038  2  0 00627 0
050  00  039  4  1 00612 0
050  00  040  1  0 00686 0
050  00  041  2  0 00702 0
050  00  042  1  0 00649 0
050  00  043  0  0 00618 0
050  00  044  4  1 00793 0
050  00  045  0  0 00673 0
050  00  046  4  1 00654 0
050  00  047  1  0 00740 0
050  00  048  0  0 00644 0
050  00  049  5  1 00658 0
050  00  050  4  1 00593 0
050  00  051  0  0 00648 0
050  00  052  0  0 00580 0
050  00  053  4  1 00626 0
050  00  054  3  1 00612 0
050  00  055  3  1 00560 0
050  00  056  1  0 00677 0
050  00  057  1  0 00567 0
050  00  058  1  0 00477 0
050  00  059  0  0 00615 0
050  01  000  4  1 01213 0
050  01  001  2  0 00673 0
050  01  002  5  1 00779 0
050  01  003  2  0 00587 0
050  01  004  1  0 00884 0
050  01  005  1  0 00564 0
050  01  006  4  1 00590 0
050  01  007  5  1 00735 0
050  01  008  5  1 01168 0
050  01  009  4  1 00616 0
050  01  010  0  0 00448 0
050  01  011  3  1 00897 0
050  01  012  0  0 00667 0
050  01  013  0  0 00611 0
050  01  014  5  1 00812 0
050  01  015  3  1 00811 0
050  01  016  3  1 00503 0
050  01  017  3  1 00489 0
050  01  018  2  0 00573 0
050  01  019  0  0 00753 0
050  01  020  5  1 00704 0
050  01  021  5  1 00480 0
050  01  022  0  0 00608 0
050  01  023  5  1 00575 0
050  01  024  5  1 00602 0
050  01  025  0  0 00578 0
050  01  026  4  1 00668 0
050  01  027  1  0 00595 0
050  01  028  1  0 00667 0
050  01  029  2  0 00595 0
050  01  030  2  0 00606 0
050  01  031  3  1 00609 0
050  01  032  5  1 00639 0
050  01  033  0  0 00562 0
050  01  034  5  1 00624 0
050  01  035  4  1 00718 0
050  01  036  4  1 00702 0
050  01  037  5  1 00676 0
050  01  038  4  1 00692 0
050  01  039  1  0 00682 0
050  01  040  0  0 00699 0
050  01  041  4  1 00707 0
050  01  042  2  0 00752 0
050  01  043  0  0 00676 0
050  01  044  0  0 00629 0
050  01  045  4  1 00750 0
050  01  046  4  1 00611 0
050  01  047  1  0 00703 0
050  01  048  5  1 00855 0
050  01  049  5  1 00687 0
050  01  050  5  1 00767 0
050  01  051  1  0 00663 0
050  01  052  1  0 00741 0
050  01  053  5  1 00682 0
050  01  054  2  0 00913 0
050  01  055  5  1 00999 0
050  01  056  4  1 01011 0
050  01  057  5  1 00673 0
050  01  058  2  0 00725 0
050  01  059  2  0 00592 0
050  02  000  1  0 01031 0
050  02  001  3  1 00729 0
050  02  002  3  1 00928 0
050  02  003  4  1 00647 0
050  02  004  0  0 00670 0
050  02  005  1  0 00668 0
050  02  006  0  0 00612 0
050  02  007  0  0 00525 0
050  02  008  5  1 00963 0
050  02  009  0  0 00610 0
050  02  010  4  1 00613 0
050  02  011  3  1 00634 0
050  02  012  5  1 00621 0
050  02  013  4  1 00625 0
050  02  014  5  1 00602 0
050  02  015  5  1 00568 0
050  02  016  5  1 00550 0
050  02  017  0  0 00656 0
050  02  018  3  1 00958 0
050  02  019  2  0 00849 0
050  02  020  4  1 00608 0
050  02  021  1  0 00664 0
050  02  022  0  0 00654 0
050  02  023  1  0 00714 0
050  02  024  5  1 00661 0
050  02  025  1  0 00747 0
050  02  026  1  0 00624 0
050  02  027  4  1 00655 0
050  02  028  3  1 01020 0
050  02  029  1  0 00871 0
050  02  030  0  0 00570 0
050  02  031  3  1 00653 0
050  02  032  2  0 01467 0
050  02  033  1  0 00578 0
050  02  034  0  0 00515 0
050  02  035  4  1 00602 0
050  02  036  0  0 00649 0
050  02  037  3  1 00654 0
050  02  038  2  0 00633 0
050  02  039  1  0 00647 0
050  02  040  2  0 00724 0
050  02  041  3  1 00691 0
050  02  042  0  0 00626 0
050  02  043  2  0 00631 0
050  02  044  0  0 00644 0
050  02  045  1  0 00667 0
050  02  046  2  0 00557 0
050  02  047  0  0 00575 0
050  02  048  1  0 00611 0
050  02  049  0  0 00668 0
050  02  050  2  0 00578 0
050  02  051  4  1 00605 0
050  02  052  5  1 00535 0
050  02  053  3  1 00659 0
050  02  054  2  0 00664 0
050  02  055  3  1 00678 0
050  02  056  1  0 00641 0
050  02  057  1  0 00555 0
050  02  058  1  0 00545 0
050  02  059  2  0 00750 0
050  03  000  3  1 01472 0
050  03  001  5  1 00562 0
050  03  002  3  1 00866 0
050  03  003  1  0 00597 0
050  03  004  0  0 00779 0
050  03  005  5  1 00713 0
050  03  006  1  0 00623 0
050  03  007  5  1 00753 0
050  03  008  5  1 00613 0
050  03  009  5  1 00561 0
050  03  010  3  1 00668 0
050  03  011  1  0 00765 0
050  03  012  5  1 00500 0
050  03  013  5  1 00630 0
050  03  014  4  1 00904 0
050  03  015  5  1 00676 0
050  03  016  2  0 00649 0
050  03  017  5  1 00626 0
050  03  018  4  1 00548 0
050  03  019  0  0 00556 0
050  03  020  3  1 00645 0
050  03  021  3  1 00469 0
050  03  022  4  1 00579 0
050  03  023  2  0 00659 0
050  03  024  1  0 00584 0
050  03  025  2  0 00739 0
050  03  026  2  0 00580 0
050  03  027  3  1 00617 0
050  03  028  4  1 00531 0
050  03  029  5  1 00563 0
050  03  030  4  1 00553 0
050  03  031  5  1 00615 0
050  03  032  2  0 00761 0
050  03  033  5  1 00667 0
050  03  034  2  0 00888 0
050  03  035  3  1 00883 0
050  03  036  2  0 00778 0
050  03  037  1  0 00692 0
050  03  038  1  0 00530 0
050  03  039  1  0 00483 0
050  03  040  3  1 00755 0
050  03  041  4  1 00445 0
050  03  042  4  1 00641 0
050  03  043  2  0 00656 0
050  03  044  0  0 00553 0
050  03  045  2  0 00569 0
050  03  046  0  0 00525 0
050  03  047  5  1 00567 0
050  03  048  1  0 00917 0
050  03  049  0  0 00536 0
050  03  050  0  0 00580 0
050  03  051  2  0 00544 0
050  03  052  2  0 00532 0
050  03  053  5  1 00574 0
050  03  054  3  1 00476 0
050  03  055  4  1 00559 0
050  03  056  4  1 00540 0
050  03  057  4  1 00529 0
050  03  058  4  1 00580 0
050  03  059  2  0 00642 0
050  04  000  2  0 00888 0
050  04  001  4  1 00622 0
050  04  002  0  0 00554 0
050  04  003  3  1 00725 0
050  04  004  4  1 00717 0
050  04  005  0  0 00539 0
050  04  006  4  1 00617 0
050  04  007  3  1 00772 0
050  04  008  0  0 00561 0
050  04  009  1  0 00490 0
050  04  010  2  0 00557 0
050  04  011  5  1 00628 0
050  04  012  5  1 00595 0
050  04  013  0  0 00633 0
050  04  014  1  0 00600 0
050  04  015  0  0 00647 0
050  04  016  0  0 00554 0
050  04  017  5  1 00583 0
050  04  018  3  1 00537 0
050  04  019  4  1 00498 0
050  04  020  2  0 00599 0
050  04  021  3  1 00692 0
050  04  022  2  0 00538 0
050  04  023  4  1 00491 0
050  04  024  4  1 00601 0
050  04  025  4  1 00720 0
050  04  026  2  0 00604 0
050  04  027  5  1 00741 0
050  04  028  4  1 00528 0
050  04  029  1  0 00614 0
050  04  030  4  1 00607 0
050  04  031  4  1 00528 0
050  04  032  0  0 00632 0
050  04  033  5  1 00761 0
050  04  034  0  0 00658 0
050  04  035  0  0 00574 0
050  04  036  3  1 00601 0
050  04  037  1  0 00701 0
050  04  038  2  0 00953 0
050  04  039  3  1 00665 0
050  04  040  0  0 00518 0
050  04  041  0  0 00551 0
050  04  042  1  0 00568 0
050  04  043  1  0 00773 0
050  04  044  2  0 00617 0
050  04  045  3  0 00432 1
050  04  046  5  1 00693 0
050  04  047  4  1 00475 0
050  04  048  2  0 00738 0
050  04  049  3  1 00669 0
050  04  050  4  1 00550 0
050  04  051  0  0 00541 0
050  04  052  2  0 00593 0
050  04  053  3  0 00503 1
050  04  054  1  1 00400 1
050  04  055  2  0 00638 0
050  04  056  3  1 00696 0
050  04  057  4  1 00830 0
050  04  058  2  0 00559 0
050  04  059  2  0 00542 0
050  05  000  3  8 -0404 1
050  05  001  0  8 -0907 1
050  05  002  5  8 -0904 1
050  05  003  1  8 -0948 1
050  05  004  5  1 01317 0
050  05  005  4  1 00576 0
050  05  006  3  1 01006 0
050  05  007  3  1 00694 0
050  05  008  4  1 00477 0
050  05  009  4  1 00450 0
050  05  010  0  0 00550 0
050  05  011  3  1 00513 0
050  05  012  2  0 00679 0
050  05  013  0  0 00552 0
050  05  014  3  1 00640 0
050  05  015  4  1 00607 0
050  05  016  4  1 00572 0
050  05  017  0  0 00535 0
050  05  018  4  1 00712 0
050  05  019  5  1 01062 0
050  05  020  2  0 00555 0
050  05  021  2  0 00492 0
050  05  022  2  0 00542 0
050  05  023  2  0 00549 0
050  05  024  0  0 00548 0
050  05  025  3  1 00637 0
050  05  026  5  1 00855 0
050  05  027  3  1 00559 0
050  05  028  4  1 00647 0
050  05  029  3  1 00588 0
050  05  030  2  0 00814 0
050  05  031  0  0 00507 0
050  05  032  1  0 00440 0
050  05  033  1  0 00395 0
050  05  034  2  0 00446 0
050  05  035  5  1 00608 0
050  05  036  1  0 00547 0
050  05  037  0  0 00608 0
050  05  038  0  0 00486 0
050  05  039  3  1 00624 0
050  05  040  3  1 00645 0
050  05  041  0  0 00595 0
050  05  042  3  1 00605 0
050  05  043  3  1 00472 0
050  05  044  5  1 00655 0
050  05  045  4  1 00553 0
050  05  046  5  1 00451 0
050  05  047  5  1 00406 0
050  05  048  2  0 00566 0
050  05  049  4  1 00547 0
050  05  050  1  0 00571 0
050  05  051  2  0 00786 0
050  05  052  3  1 00631 0
050  05  053  1  0 00436 0
050  05  054  4  1 00885 0
050  05  055  2  0 00621 0
050  05  056  1  0 00678 0
050  05  057  3  1 00847 0
050  05  058  5  1 00696 0
050  05  059  3  1 00561 0
