18 000 0 23 56 00 1 00 56
18 001 0 23 56 00 0 01 42
18 002 0 03 42 01 1 01 42
18 003 0 03 42 01 1 01 42
18 004 0 23 56 00 1 01 56
18 005 0 23 56 00 1 02 56
18 006 0 05 71 02 1 02 71
18 007 0 03 42 01 1 02 42
18 008 0 05 71 02 0 03 42
18 009 0 03 42 01 1 03 42
18 010 0 23 56 00 1 03 56
18 011 0 16 39 03 0 03 42
18 012 0 16 39 03 1 03 39
18 013 0 03 42 01 1 03 42
18 014 0 23 56 00 1 03 56
18 015 0 05 71 02 1 03 71
18 016 0 05 71 02 1 04 71
18 017 0 03 42 01 1 04 42
18 018 0 07 73 04 1 04 73
18 019 0 16 39 03 1 04 39
18 020 0 23 56 00 1 04 56
18 021 0 07 73 04 1 05 73
18 022 0 23 56 00 1 05 56
18 023 0 16 39 03 1 05 39
18 024 0 03 42 01 1 05 42
18 025 0 05 71 02 0 05 56
18 026 0 12 47 05 1 05 47
18 027 0 05 71 02 1 05 71
18 028 0 03 42 01 0 05 56
18 029 0 07 73 04 1 05 73
18 030 0 12 47 05 1 05 47
18 031 0 16 39 03 1 05 39
18 032 0 23 56 00 1 05 56
18 033 0 05 71 02 1 05 71
18 034 0 07 73 04 1 05 73
18 035 0 16 39 03 0 05 23
18 036 0 23 56 00 1 05 56
18 037 0 03 42 01 1 05 42
18 038 0 12 47 05 1 05 47
18 039 0 07 73 04 1 05 73
18 040 0 03 42 01 1 05 42
18 041 0 23 56 00 1 05 56
18 042 0 16 39 03 1 05 39
18 043 0 05 71 02 1 05 71
18 044 0 12 47 05 1 05 47
18 045 0 05 71 02 1 06 71
18 046 0 12 47 05 1 06 47
18 047 0 03 42 01 1 06 42
18 048 0 07 73 04 1 06 73
18 049 0 24 50 06 1 06 50
18 050 0 23 56 00 1 06 56
18 051 0 16 39 03 1 06 39
18 052 0 03 42 01 1 07 42
18 053 0 07 73 04 1 07 73
18 054 0 19 21 07 1 07 21
18 055 0 23 56 00 1 07 56
18 056 0 24 50 06 1 07 50
18 057 0 12 47 05 1 07 47
18 058 0 16 39 03 1 07 39
18 059 0 05 71 02 1 07 71
18 060 0 20 46 08 1 08 46
18 061 0 03 42 01 0 08 47
18 062 0 16 39 03 1 08 39
18 063 0 24 50 06 1 08 50
18 064 0 12 47 05 1 08 47
18 065 0 07 73 04 1 08 73
18 066 0 05 71 02 1 08 71
18 067 0 23 56 00 1 08 56
18 068 0 19 21 07 1 08 21
18 069 0 03 42 01 1 08 42
18 070 0 20 46 08 1 08 46
18 071 0 16 39 03 1 08 39
18 072 0 12 47 05 1 08 47
18 073 0 19 21 07 1 08 21
18 074 0 07 73 04 0 08 23
18 075 0 24 50 06 1 08 50
18 076 0 23 56 00 1 08 56
18 077 0 05 71 02 0 08 73
18 078 0 24 50 06 1 08 50
18 079 0 03 42 01 1 08 42
18 080 0 16 39 03 1 08 39
18 081 0 12 47 05 0 08 71
18 082 0 23 56 00 1 08 56
18 083 0 07 73 04 1 08 73
18 084 0 05 71 02 1 08 71
18 085 0 20 46 08 1 08 46
18 086 0 19 21 07 1 08 21
18 087 0 05 71 02 0 08 47
18 088 0 19 21 07 1 08 21
18 089 0 16 39 03 1 08 39
18 090 0 20 46 08 1 08 46
18 091 0 12 47 05 0 08 41
18 092 0 23 56 00 1 08 56
18 093 0 07 73 04 0 08 71
18 094 0 24 50 06 1 08 50
18 095 0 03 42 01 1 08 42
18 096 0 24 50 06 1 08 50
18 097 0 03 42 01 1 08 42
18 098 0 23 56 00 1 08 56
18 099 0 07 73 04 1 08 73
18 100 0 20 46 08 1 08 46
18 101 0 16 39 03 1 08 39
18 102 0 05 71 02 1 08 71
18 103 0 19 21 07 1 08 21
18 104 0 12 47 05 1 08 47
18 105 0 16 39 03 1 09 39
18 106 0 23 56 00 1 09 56
18 107 0 03 42 01 1 09 42
18 108 0 04 35 09 1 09 35
18 109 0 24 50 06 1 09 50
18 110 0 19 21 07 1 09 21
18 111 0 07 73 04 1 09 73
18 112 0 05 71 02 1 09 71
18 113 0 12 47 05 1 09 47
18 114 0 20 46 08 1 09 46
18 115 0 05 71 02 1 10 71
18 116 0 20 46 08 1 10 46
18 117 0 07 73 04 1 10 73
18 118 0 19 21 07 1 10 21
18 119 0 04 35 09 1 10 35
18 120 0 11 37 10 1 10 37
18 121 0 03 42 01 1 10 42
18 122 0 16 39 03 0 10 46
18 123 0 23 56 00 1 10 56
18 124 0 24 50 06 1 10 50
18 125 0 12 47 05 1 10 47
18 126 0 19 21 07 1 10 21
18 127 0 11 37 10 1 10 37
18 128 0 12 47 05 0 10 39
18 129 0 07 73 04 1 10 73
18 130 0 20 46 08 1 10 46
18 131 0 03 42 01 1 10 42
18 132 0 05 71 02 1 10 71
18 133 0 23 56 00 1 10 56
18 134 0 24 50 06 1 10 50
18 100 1 25 28 00 1 00 28
18 101 1 06 23 01 1 01 23
18 102 1 25 28 00 1 01 28
18 103 1 23 70 02 1 02 70
18 104 1 25 28 00 0 02 23
18 105 1 06 23 01 1 02 23
18 106 1 23 70 02 0 02 28
18 107 1 25 28 00 1 02 28
18 108 1 06 23 01 1 02 23
18 109 1 23 70 02 1 02 70
18 110 1 06 23 01 1 02 23
18 111 1 25 28 00 1 02 28
18 112 1 06 23 01 1 03 23
18 113 1 14 17 03 1 03 17
18 114 1 23 70 02 1 03 70
18 115 1 25 28 00 1 03 28
18 116 1 10 67 04 1 04 67
18 117 1 06 23 01 1 04 23
18 118 1 14 17 03 1 04 17
18 119 1 25 28 00 1 04 28
18 120 1 23 70 02 1 04 70
18 121 1 23 70 02 1 05 70
18 122 1 17 18 05 1 05 18
18 123 1 25 28 00 1 05 28
18 124 1 10 67 04 0 05 17
18 125 1 06 23 01 1 05 23
18 126 1 14 17 03 1 05 17
18 127 1 10 67 04 1 05 67
18 128 1 06 23 01 1 05 23
18 129 1 14 17 03 1 05 17
18 130 1 25 28 00 1 05 28
18 131 1 17 18 05 0 05 70
18 132 1 23 70 02 1 05 70
18 133 1 10 67 04 1 05 67
18 134 1 06 23 01 1 05 23
18 135 1 17 18 05 0 05 48
18 136 1 23 70 02 1 05 70
18 137 1 14 17 03 1 05 17
18 138 1 25 28 00 1 05 28
18 139 1 17 18 05 1 05 18
18 140 1 06 23 01 1 05 23
18 141 1 14 17 03 1 05 17
18 142 1 10 67 04 1 05 67
18 143 1 25 28 00 1 05 28
18 144 1 23 70 02 1 05 70
18 145 1 23 70 02 1 06 70
18 146 1 25 28 00 1 06 28
18 147 1 14 17 03 1 06 17
18 148 1 06 23 01 1 06 23
18 149 1 17 18 05 1 06 18
18 150 1 12 22 06 1 06 22
18 151 1 10 67 04 1 06 67
18 152 1 17 18 05 1 07 18
18 153 1 10 67 04 0 07 70
18 154 1 12 22 06 1 07 22
18 155 1 25 28 00 1 07 28
18 156 1 07 65 07 1 07 65
18 157 1 06 23 01 1 07 23
18 158 1 14 17 03 1 07 17
18 159 1 23 70 02 1 07 70
18 160 1 06 23 01 1 07 23
18 161 1 14 17 03 1 07 17
18 162 1 07 65 07 1 07 65
18 163 1 10 67 04 1 07 67
18 164 1 17 18 05 1 07 18
18 165 1 12 22 06 1 07 22
18 166 1 25 28 00 1 07 28
18 167 1 23 70 02 1 07 70
18 168 1 10 67 04 0 08 65
18 169 1 23 70 02 1 08 70
18 170 1 25 28 00 1 08 28
18 171 1 12 22 06 1 08 22
18 172 1 06 23 01 1 08 23
18 173 1 14 17 03 1 08 17
18 174 1 17 18 05 1 08 18
18 175 1 11 13 08 0 08 68
18 176 1 07 65 07 1 08 65
18 177 1 12 22 06 1 08 22
18 178 1 10 67 04 0 08 18
18 179 1 06 23 01 1 08 23
18 180 1 11 13 08 1 08 13
18 181 1 17 18 05 0 08 65
18 182 1 23 70 02 1 08 70
18 183 1 25 28 00 1 08 28
18 184 1 07 65 07 1 08 65
18 185 1 14 17 03 1 08 17
18 186 1 23 70 02 1 08 70
18 187 1 17 18 05 0 08 67
18 188 1 07 65 07 0 08 67
18 189 1 12 22 06 1 08 22
18 190 1 25 28 00 1 08 28
18 191 1 06 23 01 1 08 23
18 192 1 14 17 03 1 08 17
18 193 1 10 67 04 1 08 67
18 194 1 11 13 08 1 08 13
18 195 1 07 65 07 0 08 18
18 196 1 14 17 03 1 08 17
18 197 1 25 28 00 1 08 28
18 198 1 12 22 06 1 08 22
18 199 1 11 13 08 1 08 13
18 200 1 10 67 04 0 08 65
18 201 1 23 70 02 1 08 70
18 202 1 06 23 01 1 08 23
18 203 1 17 18 05 1 08 18
18 204 1 06 23 01 1 08 23
18 205 1 12 22 06 1 08 22
18 206 1 14 17 03 1 08 17
18 207 1 07 65 07 0 08 18
18 208 1 17 18 05 0 08 65
18 209 1 10 67 04 1 08 67
18 210 1 11 13 08 1 08 13
18 211 1 23 70 02 1 08 70
18 212 1 25 28 00 1 08 28
18 213 1 06 23 01 1 08 23
18 214 1 25 28 00 1 08 28
18 215 1 14 17 03 1 08 17
18 216 1 07 65 07 1 08 65
18 217 1 17 18 05 1 08 18
18 218 1 23 70 02 1 08 70
18 219 1 12 22 06 1 08 22
18 220 1 10 67 04 1 08 67
18 221 1 11 13 08 1 08 13
18 222 1 17 18 05 1 09 18
18 223 1 20 59 09 0 09 56
18 224 1 14 17 03 1 09 17
18 225 1 25 28 00 1 09 28
18 226 1 23 70 02 1 09 70
18 227 1 10 67 04 1 09 67
18 228 1 06 23 01 1 09 23
18 229 1 12 22 06 1 09 22
18 230 1 07 65 07 1 09 65
18 231 1 11 13 08 1 09 13
18 232 1 11 13 08 1 09 13
18 233 1 25 28 00 1 09 28
18 234 1 10 67 04 1 09 67
18 200 2 09 58 00 1 00 58
18 201 2 09 58 00 1 01 58
18 202 2 02 43 01 1 01 43
18 203 2 09 58 00 1 02 58
18 204 2 00 27 02 1 02 27
18 205 2 02 43 01 1 02 43
18 206 2 12 29 03 1 03 29
18 207 2 00 27 02 1 03 27
18 208 2 02 43 01 1 03 43
18 209 2 09 58 00 0 03 28
18 210 2 12 29 03 0 03 58
18 211 2 09 58 00 1 03 58
18 212 2 00 27 02 1 03 27
18 213 2 02 43 01 1 03 43
18 214 2 02 43 01 1 03 43
18 215 2 00 27 02 1 03 27
18 216 2 09 58 00 1 03 58
18 217 2 12 29 03 1 03 29
18 218 2 08 25 04 0 04 58
18 219 2 09 58 00 0 04 25
18 220 2 02 43 01 1 04 43
18 221 2 00 27 02 1 04 27
18 222 2 12 29 03 0 04 58
18 223 2 00 27 02 1 04 27
18 224 2 08 25 04 0 04 58
18 225 2 09 58 00 1 04 58
18 226 2 02 43 01 0 04 17
18 227 2 12 29 03 0 04 28
18 228 2 08 25 04 0 04 58
18 229 2 09 58 00 1 04 58
18 230 2 12 29 03 0 04 27
18 231 2 00 27 02 1 04 27
18 232 2 02 43 01 1 04 43
18 233 2 12 29 03 1 04 29
18 234 2 02 43 01 1 04 43
18 235 2 00 27 02 1 04 27
18 236 2 09 58 00 1 04 58
18 237 2 08 25 04 1 04 25
18 238 2 00 27 02 1 05 27
18 239 2 02 43 01 1 05 43
18 240 2 04 32 05 0 05 28
18 241 2 09 58 00 0 05 25
18 242 2 12 29 03 0 05 28
18 243 2 08 25 04 0 05 28
18 244 2 00 27 02 1 05 27
18 245 2 12 29 03 1 05 29
18 246 2 08 25 04 1 05 25
18 247 2 04 32 05 0 05 35
18 248 2 02 43 01 1 05 43
18 249 2 09 58 00 0 05 25
18 250 2 08 25 04 1 05 25
18 251 2 04 32 05 1 05 32
18 252 2 09 58 00 0 05 25
18 253 2 12 29 03 1 05 29
18 254 2 02 43 01 1 05 43
18 255 2 00 27 02 1 05 27
18 256 2 12 29 03 1 05 29
18 257 2 00 27 02 1 05 27
18 258 2 08 25 04 1 05 25
18 259 2 09 58 00 1 05 58
18 260 2 02 43 01 1 05 43
18 261 2 04 32 05 1 05 32
18 262 2 00 27 02 1 06 27
18 263 2 09 58 00 1 06 58
18 264 2 04 32 05 1 06 32
18 265 2 08 25 04 1 06 25
18 266 2 02 43 01 0 06 35
18 267 2 12 29 03 1 06 29
18 268 2 03 38 06 0 06 43
18 269 2 02 43 01 1 06 43
18 270 2 04 32 05 0 06 35
18 271 2 12 29 03 1 06 29
18 272 2 08 25 04 1 06 25
18 273 2 00 27 02 1 06 27
18 274 2 03 38 06 0 06 43
18 275 2 09 58 00 1 06 58
18 276 2 00 27 02 1 06 27
18 277 2 03 38 06 0 06 43
18 278 2 09 58 00 0 06 29
18 279 2 08 25 04 0 06 58
18 280 2 04 32 05 0 06 35
18 281 2 02 43 01 1 06 43
18 282 2 12 29 03 1 06 29
18 283 2 12 29 03 1 06 29
18 284 2 02 43 01 1 06 43
18 285 2 09 58 00 1 06 58
18 286 2 04 32 05 0 06 38
18 287 2 03 38 06 0 06 32
18 288 2 00 27 02 1 06 27
18 289 2 08 25 04 0 06 58
18 290 2 02 43 01 1 06 43
18 291 2 08 25 04 1 06 25
18 292 2 04 32 05 0 06 38
18 293 2 00 27 02 1 06 27
18 294 2 03 38 06 0 06 43
18 295 2 12 29 03 1 06 29
18 296 2 09 58 00 1 06 58
18 297 2 02 43 01 1 06 43
18 298 2 09 58 00 0 06 25
18 299 2 00 27 02 1 06 27
18 300 2 08 25 04 1 06 25
18 301 2 12 29 03 1 06 29
18 302 2 03 38 06 0 06 32
18 303 2 04 32 05 0 06 38
18 304 2 12 29 03 1 06 29
18 305 2 04 32 05 0 06 38
18 306 2 03 38 06 0 06 32
18 307 2 00 27 02 1 06 27
18 308 2 02 43 01 1 06 43
18 309 2 08 25 04 1 06 25
18 310 2 09 58 00 1 06 58
18 311 2 09 58 00 1 06 58
18 312 2 00 27 02 1 06 27
18 313 2 12 29 03 1 06 29
18 314 2 02 43 01 0 06 38
18 315 2 03 38 06 1 06 38
18 316 2 08 25 04 1 06 25
18 317 2 04 32 05 1 06 32
18 318 2 04 32 05 1 06 32
18 319 2 12 29 03 1 06 29
18 320 2 02 43 01 1 06 43
18 321 2 03 38 06 0 06 43
18 322 2 08 25 04 0 06 58
18 323 2 09 58 00 0 06 25
18 324 2 00 27 02 1 06 27
18 325 2 09 58 00 0 06 25
18 326 2 04 32 05 0 06 38
18 327 2 00 27 02 1 06 27
18 328 2 03 38 06 0 06 32
18 329 2 08 25 04 1 06 25
18 330 2 02 43 01 1 06 43
18 331 2 12 29 03 1 06 29
18 332 2 09 58 00 0 06 25
18 333 2 00 27 02 1 06 27
18 334 2 08 25 04 1 06 25
