09 000 0 23 56 00 1 00 56
09 001 0 23 56 00 1 01 56
09 002 0 03 42 01 0 01 36
09 003 0 03 42 01 1 01 42
09 004 0 23 56 00 1 01 56
09 005 0 23 56 00 1 02 56
09 006 0 05 71 02 0 02 72
09 007 0 03 42 01 1 02 42
09 008 0 23 56 00 1 02 56
09 009 0 03 42 01 0 02 71
09 010 0 05 71 02 1 02 71
09 011 0 03 42 01 1 02 42
09 012 0 05 71 02 1 02 71
09 013 0 23 56 00 1 02 56
09 014 0 05 71 02 1 03 71
09 015 0 16 39 03 1 03 39
09 016 0 03 42 01 1 03 42
09 017 0 23 56 00 1 03 56
09 018 0 07 73 04 1 04 73
09 019 0 16 39 03 1 04 39
09 020 0 03 42 01 1 04 42
09 021 0 23 56 00 1 04 56
09 022 0 05 71 02 1 04 71
09 023 0 03 42 01 1 05 42
09 024 0 07 73 04 1 05 73
09 025 0 16 39 03 1 05 39
09 026 0 23 56 00 1 05 56
09 027 0 12 47 05 0 05 36
09 028 0 05 71 02 1 05 71
09 029 0 23 56 00 1 05 56
09 030 0 12 47 05 1 05 47
09 031 0 03 42 01 1 05 42
09 032 0 16 39 03 1 05 39
09 033 0 07 73 04 1 05 73
09 034 0 05 71 02 1 05 71
09 035 0 16 39 03 1 06 39
09 036 0 24 50 06 1 06 50
09 037 0 07 73 04 1 06 73
09 038 0 05 71 02 1 06 71
09 039 0 03 42 01 1 06 42
09 040 0 12 47 05 1 06 47
09 041 0 23 56 00 1 06 56
09 042 0 07 73 04 1 07 73
09 043 0 24 50 06 1 07 50
09 044 0 12 47 05 1 07 47
09 045 0 23 56 00 1 07 56
09 046 0 05 71 02 1 07 71
09 047 0 19 21 07 1 07 21
09 048 0 03 42 01 1 07 42
09 049 0 16 39 03 1 07 39
09 050 0 24 50 06 1 08 50
09 051 0 16 39 03 1 08 39
09 052 0 23 56 00 1 08 56
09 053 0 19 21 07 1 08 21
09 054 0 20 46 08 1 08 46
09 055 0 03 42 01 1 08 42
09 056 0 12 47 05 1 08 47
09 057 0 07 73 04 1 08 73
09 058 0 05 71 02 1 08 71
09 059 0 05 71 02 1 09 71
09 060 0 04 35 09 1 09 35
09 061 0 16 39 03 1 09 39
09 062 0 07 73 04 0 09 47
09 063 0 03 42 01 1 09 42
09 064 0 12 47 05 1 09 47
09 065 0 23 56 00 1 09 56
09 066 0 24 50 06 1 09 50
09 067 0 20 46 08 1 09 46
09 068 0 19 21 07 1 09 21
09 069 0 04 35 09 1 09 35
09 070 0 05 71 02 1 09 71
09 071 0 07 73 04 1 09 73
09 072 0 03 42 01 1 09 42
09 073 0 19 21 07 1 09 21
09 074 0 12 47 05 1 09 47
09 075 0 16 39 03 1 09 39
09 076 0 24 50 06 1 09 50
09 077 0 23 56 00 1 09 56
09 078 0 20 46 08 1 09 46
09 079 0 24 50 06 1 10 50
09 080 0 05 71 02 1 10 71
09 081 0 07 73 04 1 10 73
09 082 0 23 56 00 1 10 56
09 083 0 12 47 05 1 10 47
09 084 0 11 37 10 1 10 37
09 085 0 20 46 08 1 10 46
09 086 0 16 39 03 1 10 39
09 087 0 19 21 07 1 10 21
09 088 0 03 42 01 1 10 42
09 089 0 04 35 09 1 10 35
09 090 0 19 21 07 1 11 21
09 091 0 24 50 06 1 11 50
09 092 0 05 71 02 1 11 71
09 093 0 07 73 04 1 11 73
09 094 0 11 37 10 1 11 37
09 095 0 16 39 03 1 11 39
09 096 0 18 14 11 1 11 14
09 097 0 20 46 08 1 11 46
09 098 0 03 42 01 1 11 42
09 099 0 04 35 09 1 11 35
09 100 0 23 56 00 1 11 56
09 101 0 12 47 05 1 11 47
09 102 0 16 39 03 1 12 39
09 103 0 03 42 01 1 12 42
09 104 0 12 47 05 1 12 47
09 105 0 24 50 06 1 12 50
09 106 0 19 21 07 1 12 21
09 107 0 11 37 10 0 12 35
09 108 0 13 51 12 1 12 51
09 109 0 07 73 04 1 12 73
09 110 0 23 56 00 1 12 56
09 111 0 18 14 11 1 12 14
09 112 0 04 35 09 1 12 35
09 113 0 05 71 02 1 12 71
09 114 0 20 46 08 1 12 46
09 115 0 23 56 00 1 12 56
09 116 0 05 71 02 1 12 71
09 117 0 07 73 04 1 12 73
09 118 0 13 51 12 1 12 51
09 119 0 11 37 10 1 12 37
09 120 0 03 42 01 1 12 42
09 121 0 12 47 05 1 12 47
09 122 0 24 50 06 1 12 50
09 123 0 04 35 09 1 12 35
09 124 0 20 46 08 1 12 46
09 125 0 19 21 07 1 12 21
09 126 0 16 39 03 1 12 39
09 127 0 18 14 11 1 12 14
09 128 0 17 76 13 1 13 76
09 129 0 18 14 11 1 13 14
09 130 0 11 37 10 1 13 37
09 131 0 12 47 05 1 13 47
09 132 0 05 71 02 1 13 71
09 133 0 04 35 09 1 13 35
09 134 0 03 42 01 1 13 42
09 100 1 25 28 00 0 00 26
09 101 1 25 28 00 1 00 28
09 102 1 25 28 00 1 01 28
09 103 1 06 23 01 1 01 23
09 104 1 25 28 00 1 02 28
09 105 1 23 70 02 1 02 70
09 106 1 06 23 01 1 02 23
09 107 1 23 70 02 1 03 70
09 108 1 14 17 03 1 03 17
09 109 1 25 28 00 1 03 28
09 110 1 06 23 01 1 03 23
09 111 1 10 67 04 1 04 67
09 112 1 23 70 02 1 04 70
09 113 1 14 17 03 1 04 17
09 114 1 06 23 01 1 04 23
09 115 1 25 28 00 1 04 28
09 116 1 25 28 00 1 05 28
09 117 1 17 18 05 0 05 10
09 118 1 06 23 01 1 05 23
09 119 1 10 67 04 0 05 17
09 120 1 23 70 02 1 05 70
09 121 1 14 17 03 1 05 17
09 122 1 10 67 04 1 05 67
09 123 1 23 70 02 1 05 70
09 124 1 14 17 03 1 05 17
09 125 1 06 23 01 1 05 23
09 126 1 17 18 05 1 05 18
09 127 1 25 28 00 1 05 28
09 128 1 10 67 04 1 06 67
09 129 1 23 70 02 1 06 70
09 130 1 25 28 00 1 06 28
09 131 1 12 22 06 1 06 22
09 132 1 17 18 05 1 06 18
09 133 1 14 17 03 0 06 23
09 134 1 06 23 01 1 06 23
09 135 1 10 67 04 1 06 67
09 136 1 14 17 03 1 06 17
09 137 1 23 70 02 1 06 70
09 138 1 25 28 00 1 06 28
09 139 1 12 22 06 1 06 22
09 140 1 06 23 01 1 06 23
09 141 1 17 18 05 0 06 67
09 142 1 10 67 04 1 06 67
09 143 1 25 28 00 1 06 28
09 144 1 12 22 06 1 06 22
09 145 1 17 18 05 1 06 18
09 146 1 14 17 03 1 06 17
09 147 1 23 70 02 1 06 70
09 148 1 06 23 01 1 06 23
09 149 1 14 17 03 1 07 17
09 150 1 23 70 02 1 07 70
09 151 1 06 23 01 1 07 23
09 152 1 25 28 00 1 07 28
09 153 1 17 18 05 1 07 18
09 154 1 12 22 06 1 07 22
09 155 1 07 65 07 1 07 65
09 156 1 10 67 04 1 07 67
09 157 1 17 18 05 1 08 18
09 158 1 07 65 07 1 08 65
09 159 1 14 17 03 1 08 17
09 160 1 25 28 00 1 08 28
09 161 1 06 23 01 1 08 23
09 162 1 12 22 06 1 08 22
09 163 1 10 67 04 1 08 67
09 164 1 11 13 08 0 08 01
09 165 1 23 70 02 0 08 28
09 166 1 06 23 01 1 08 23
09 167 1 25 28 00 1 08 28
09 168 1 12 22 06 1 08 22
09 169 1 10 67 04 1 08 67
09 170 1 23 70 02 1 08 70
09 171 1 07 65 07 1 08 65
09 172 1 11 13 08 1 08 13
09 173 1 14 17 03 1 08 17
09 174 1 17 18 05 1 08 18
09 175 1 14 17 03 1 09 17
09 176 1 07 65 07 1 09 65
09 177 1 11 13 08 1 09 13
09 178 1 23 70 02 1 09 70
09 179 1 20 59 09 1 09 59
09 180 1 06 23 01 1 09 23
09 181 1 17 18 05 1 09 18
09 182 1 12 22 06 1 09 22
09 183 1 10 67 04 1 09 67
09 184 1 25 28 00 1 09 28
09 185 1 17 18 05 1 10 18
09 186 1 14 17 03 1 10 17
09 187 1 10 67 04 1 10 67
09 188 1 26 26 10 1 10 26
09 189 1 06 23 01 1 10 23
09 190 1 07 65 07 0 10 56
09 191 1 25 28 00 1 10 28
09 192 1 11 13 08 1 10 13
09 193 1 12 22 06 1 10 22
09 194 1 23 70 02 1 10 70
09 195 1 20 59 09 1 10 59
09 196 1 23 70 02 1 10 70
09 197 1 10 67 04 0 10 65
09 198 1 17 18 05 1 10 18
09 199 1 14 17 03 1 10 17
09 200 1 25 28 00 1 10 28
09 201 1 07 65 07 0 10 23
09 202 1 26 26 10 0 10 59
09 203 1 20 59 09 1 10 59
09 204 1 12 22 06 1 10 22
09 205 1 11 13 08 1 10 13
09 206 1 06 23 01 1 10 23
09 207 1 20 59 09 1 10 59
09 208 1 10 67 04 1 10 67
09 209 1 06 23 01 1 10 23
09 210 1 25 28 00 1 10 28
09 211 1 14 17 03 1 10 17
09 212 1 07 65 07 1 10 65
09 213 1 11 13 08 1 10 13
09 214 1 17 18 05 1 10 18
09 215 1 26 26 10 1 10 26
09 216 1 23 70 02 1 10 70
09 217 1 12 22 06 1 10 22
09 218 1 08 64 11 1 11 64
09 219 1 10 67 04 1 11 67
09 220 1 20 59 09 1 11 59
09 221 1 07 65 07 0 11 26
09 222 1 26 26 10 1 11 26
09 223 1 14 17 03 1 11 17
09 224 1 17 18 05 1 11 18
09 225 1 23 70 02 1 11 70
09 226 1 25 28 00 1 11 28
09 227 1 06 23 01 1 11 23
09 228 1 12 22 06 1 11 22
09 229 1 11 13 08 1 11 13
09 230 1 25 28 00 1 11 28
09 231 1 07 65 07 1 11 65
09 232 1 23 70 02 1 11 70
09 233 1 11 13 08 1 11 13
09 234 1 10 67 04 1 11 67
09 200 2 09 58 00 1 00 58
09 201 2 02 43 01 1 01 43
09 202 2 09 58 00 1 01 58
09 203 2 02 43 01 1 02 43
09 204 2 09 58 00 1 02 58
09 205 2 00 27 02 1 02 27
09 206 2 12 29 03 0 03 58
09 207 2 02 43 01 1 03 43
09 208 2 00 27 02 1 03 27
09 209 2 09 58 00 1 03 58
09 210 2 02 43 01 1 03 43
09 211 2 00 27 02 1 03 27
09 212 2 09 58 00 1 03 58
09 213 2 12 29 03 0 03 27
09 214 2 00 27 02 1 03 27
09 215 2 12 29 03 1 03 29
09 216 2 02 43 01 1 03 43
09 217 2 09 58 00 1 03 58
09 218 2 09 58 00 1 04 58
09 219 2 00 27 02 1 04 27
09 220 2 12 29 03 1 04 29
09 221 2 02 43 01 1 04 43
09 222 2 08 25 04 1 04 25
09 223 2 00 27 02 1 05 27
09 224 2 02 43 01 1 05 43
09 225 2 04 32 05 0 05 37
09 226 2 12 29 03 1 05 29
09 227 2 09 58 00 1 05 58
09 228 2 08 25 04 1 05 25
09 229 2 09 58 00 1 05 58
09 230 2 04 32 05 1 05 32
09 231 2 00 27 02 1 05 27
09 232 2 12 29 03 1 05 29
09 233 2 02 43 01 1 05 43
09 234 2 08 25 04 1 05 25
09 235 2 08 25 04 0 06 58
09 236 2 00 27 02 1 06 27
09 237 2 03 38 06 0 06 43
09 238 2 12 29 03 1 06 29
09 239 2 02 43 01 1 06 43
09 240 2 04 32 05 0 06 38
09 241 2 09 58 00 1 06 58
09 242 2 02 43 01 1 06 43
09 243 2 03 38 06 0 06 32
09 244 2 08 25 04 0 06 58
09 245 2 00 27 02 1 06 27
09 246 2 04 32 05 0 06 43
09 247 2 09 58 00 1 06 58
09 248 2 12 29 03 1 06 29
09 249 2 08 25 04 0 06 28
09 250 2 12 29 03 1 06 29
09 251 2 04 32 05 0 06 43
09 252 2 03 38 06 0 06 43
09 253 2 02 43 01 1 06 43
09 254 2 09 58 00 1 06 58
09 255 2 00 27 02 1 06 27
09 256 2 08 25 04 1 06 25
09 257 2 04 32 05 1 06 32
09 258 2 03 38 06 0 06 43
09 259 2 09 58 00 0 06 25
09 260 2 12 29 03 1 06 29
09 261 2 02 43 01 1 06 43
09 262 2 00 27 02 1 06 27
09 263 2 09 58 00 1 06 58
09 264 2 02 43 01 1 06 43
09 265 2 03 38 06 1 06 38
09 266 2 00 27 02 1 06 27
09 267 2 12 29 03 1 06 29
09 268 2 04 32 05 1 06 32
09 269 2 08 25 04 1 06 25
09 270 2 02 43 01 0 07 32
09 271 2 04 32 05 1 07 32
09 272 2 08 25 04 0 07 11
09 273 2 05 11 07 1 07 11
09 274 2 12 29 03 1 07 29
09 275 2 03 38 06 0 07 43
09 276 2 09 58 00 1 07 58
09 277 2 00 27 02 1 07 27
09 278 2 09 58 00 0 07 28
09 279 2 02 43 01 0 07 25
09 280 2 08 25 04 1 07 25
09 281 2 12 29 03 1 07 29
09 282 2 03 38 06 0 07 43
09 283 2 00 27 02 1 07 27
09 284 2 04 32 05 0 07 43
09 285 2 05 11 07 1 07 11
09 286 2 05 11 07 1 07 11
09 287 2 08 25 04 0 07 58
09 288 2 04 32 05 0 07 11
09 289 2 12 29 03 1 07 29
09 290 2 09 58 00 1 07 58
09 291 2 03 38 06 0 07 43
09 292 2 02 43 01 1 07 43
09 293 2 00 27 02 1 07 27
09 294 2 04 32 05 0 07 11
09 295 2 00 27 02 1 07 27
09 296 2 03 38 06 0 07 43
09 297 2 12 29 03 1 07 29
09 298 2 09 58 00 1 07 58
09 299 2 02 43 01 0 07 38
09 300 2 08 25 04 0 07 58
09 301 2 05 11 07 1 07 11
09 302 2 09 58 00 1 07 58
09 303 2 03 38 06 0 07 43
09 304 2 12 29 03 1 07 29
09 305 2 08 25 04 0 07 28
09 306 2 05 11 07 1 07 11
09 307 2 00 27 02 1 07 27
09 308 2 04 32 05 0 07 38
09 309 2 02 43 01 1 07 43
09 310 2 00 27 02 1 07 27
09 311 2 03 38 06 0 07 32
09 312 2 12 29 03 1 07 29
09 313 2 02 43 01 0 07 32
09 314 2 09 58 00 1 07 58
09 315 2 05 11 07 1 07 11
09 316 2 04 32 05 0 07 43
09 317 2 08 25 04 0 07 58
09 318 2 04 32 05 0 07 11
09 319 2 08 25 04 0 07 58
09 320 2 00 27 02 1 07 27
09 321 2 12 29 03 1 07 29
09 322 2 03 38 06 0 07 32
09 323 2 05 11 07 1 07 11
09 324 2 02 43 01 0 07 38
09 325 2 09 58 00 1 07 58
09 326 2 12 29 03 1 07 29
09 327 2 08 25 04 1 07 25
09 328 2 04 32 05 0 07 38
09 329 2 05 11 07 0 07 32
09 330 2 03 38 06 0 07 32
09 331 2 00 27 02 1 07 27
09 332 2 02 43 01 1 07 43
09 333 2 09 58 00 1 07 58
09 334 2 05 11 07 0 07 42
