10 100 1 25 28 00 0 00 12
10 101 1 25 28 00 1 00 28
10 102 1 25 28 00 1 01 28
10 103 1 06 23 01 1 01 23
10 104 1 06 23 01 1 02 23
10 105 1 23 70 02 1 02 70
10 106 1 25 28 00 1 02 28
10 107 1 25 28 00 0 03 23
10 108 1 23 70 02 1 03 70
10 109 1 14 17 03 0 03 23
10 110 1 06 23 01 1 03 23
10 111 1 23 70 02 1 03 70
10 112 1 06 23 01 0 03 17
10 113 1 14 17 03 0 03 28
10 114 1 25 28 00 0 03 17
10 115 1 25 28 00 1 03 28
10 116 1 23 70 02 1 03 70
10 117 1 14 17 03 0 03 23
10 118 1 06 23 01 1 03 23
10 119 1 25 28 00 1 03 28
10 120 1 23 70 02 1 03 70
10 121 1 14 17 03 1 03 17
10 122 1 06 23 01 1 03 23
10 123 1 23 70 02 1 04 70
10 124 1 14 17 03 1 04 17
10 125 1 25 28 00 0 04 23
10 126 1 06 23 01 1 04 23
10 127 1 10 67 04 0 04 13
10 128 1 25 28 00 1 04 28
10 129 1 06 23 01 1 04 23
10 130 1 10 67 04 1 04 67
10 131 1 14 17 03 1 04 17
10 132 1 23 70 02 1 04 70
10 133 1 25 28 00 0 05 17
10 134 1 10 67 04 1 05 67
10 135 1 23 70 02 1 05 70
10 136 1 17 18 05 1 05 18
10 137 1 06 23 01 0 05 67
10 138 1 14 17 03 0 05 23
10 139 1 10 67 04 1 05 67
10 140 1 06 23 01 1 05 23
10 141 1 17 18 05 1 05 18
10 142 1 23 70 02 1 05 70
10 143 1 25 28 00 1 05 28
10 144 1 14 17 03 0 05 23
10 145 1 25 28 00 1 05 28
10 146 1 10 67 04 0 05 23
10 147 1 14 17 03 0 05 28
10 148 1 23 70 02 1 05 70
10 149 1 17 18 05 1 05 18
10 150 1 06 23 01 1 05 23
10 151 1 17 18 05 1 05 18
10 152 1 14 17 03 1 05 17
10 153 1 23 70 02 1 05 70
10 154 1 06 23 01 0 05 17
10 155 1 25 28 00 1 05 28
10 156 1 10 67 04 0 05 23
10 157 1 14 17 03 0 05 28
10 158 1 23 70 02 1 05 70
10 159 1 10 67 04 0 05 28
10 160 1 17 18 05 1 05 18
10 161 1 06 23 01 0 05 17
10 162 1 25 28 00 0 05 23
10 163 1 23 70 02 1 05 70
10 164 1 10 67 04 1 05 67
10 165 1 25 28 00 1 05 28
10 166 1 06 23 01 1 05 23
10 167 1 14 17 03 1 05 17
10 168 1 17 18 05 1 05 18
10 169 1 10 67 04 0 06 18
10 170 1 23 70 02 1 06 70
10 171 1 25 28 00 1 06 28
10 172 1 06 23 01 1 06 23
10 173 1 12 22 06 1 06 22
10 174 1 17 18 05 1 06 18
10 175 1 14 17 03 1 06 17
10 176 1 10 67 04 1 06 67
10 177 1 17 18 05 1 06 18
10 178 1 23 70 02 1 06 70
10 179 1 25 28 00 1 06 28
10 180 1 12 22 06 1 06 22
10 181 1 06 23 01 0 06 67
10 182 1 14 17 03 0 06 18
10 183 1 17 18 05 1 06 18
10 184 1 14 17 03 1 06 17
10 185 1 06 23 01 1 06 23
10 186 1 23 70 02 1 06 70
10 187 1 10 67 04 1 06 67
10 188 1 12 22 06 1 06 22
10 189 1 25 28 00 1 06 28
10 190 1 12 22 06 1 07 22
10 191 1 17 18 05 1 07 18
10 192 1 14 17 03 1 07 17
10 193 1 06 23 01 1 07 23
10 194 1 10 67 04 1 07 67
10 195 1 25 28 00 1 07 28
10 196 1 07 65 07 1 07 65
10 197 1 23 70 02 1 07 70
10 198 1 10 67 04 0 08 28
10 199 1 25 28 00 1 08 28
10 200 1 17 18 05 1 08 18
10 201 1 12 22 06 1 08 22
10 202 1 07 65 07 1 08 65
10 203 1 23 70 02 1 08 70
10 204 1 11 13 08 0 08 17
10 205 1 06 23 01 0 08 67
10 206 1 14 17 03 1 08 17
10 207 1 10 67 04 1 08 67
10 208 1 14 17 03 1 08 17
10 209 1 12 22 06 1 08 22
10 210 1 11 13 08 1 08 13
10 211 1 25 28 00 0 08 23
10 212 1 07 65 07 1 08 65
10 213 1 17 18 05 0 08 13
10 214 1 06 23 01 1 08 23
10 215 1 23 70 02 1 08 70
10 216 1 06 23 01 1 08 23
10 217 1 07 65 07 1 08 65
10 218 1 25 28 00 1 08 28
10 219 1 12 22 06 1 08 22
10 220 1 23 70 02 1 08 70
10 221 1 14 17 03 1 08 17
10 222 1 17 18 05 1 08 18
10 223 1 11 13 08 1 08 13
10 224 1 10 67 04 1 08 67
10 225 1 17 18 05 1 09 18
10 226 1 12 22 06 1 09 22
10 227 1 14 17 03 1 09 17
10 228 1 20 59 09 0 09 89
10 229 1 07 65 07 1 09 65
10 230 1 06 23 01 1 09 23
10 231 1 11 13 08 1 09 13
10 232 1 23 70 02 1 09 70
10 233 1 10 67 04 1 09 67
10 234 1 25 28 00 1 09 28
10 200 2 09 58 00 1 00 58
10 201 2 09 58 00 0 01 55
10 202 2 02 43 01 1 01 43
10 203 2 02 43 01 0 01 05
10 204 2 09 58 00 1 01 58
10 205 2 09 58 00 1 01 58
10 206 2 02 43 01 1 01 43
10 207 2 00 27 02 1 02 27
10 208 2 09 58 00 1 02 58
10 209 2 02 43 01 1 02 43
10 210 2 12 29 03 1 03 29
10 211 2 02 43 01 1 03 43
10 212 2 09 58 00 1 03 58
10 213 2 00 27 02 1 03 27
10 214 2 08 25 04 1 04 25
10 215 2 09 58 00 1 04 58
10 216 2 00 27 02 1 04 27
10 217 2 12 29 03 1 04 29
10 218 2 02 43 01 1 04 43
10 219 2 12 29 03 1 05 29
10 220 2 02 43 01 0 05 32
10 221 2 04 32 05 0 05 29
10 222 2 00 27 02 1 05 27
10 223 2 09 58 00 1 05 58
10 224 2 08 25 04 0 05 58
10 225 2 12 29 03 1 05 29
10 226 2 02 43 01 0 05 32
10 227 2 09 58 00 1 05 58
10 228 2 08 25 04 1 05 25
10 229 2 04 32 05 1 05 32
10 230 2 00 27 02 1 05 27
10 231 2 09 58 00 1 05 58
10 232 2 02 43 01 1 05 43
10 233 2 04 32 05 1 05 32
10 234 2 12 29 03 1 05 29
10 235 2 00 27 02 1 05 27
10 236 2 08 25 04 0 05 58
10 237 2 08 25 04 0 05 58
10 238 2 12 29 03 1 05 29
10 239 2 04 32 05 1 05 32
10 240 2 00 27 02 1 05 27
10 241 2 09 58 00 1 05 58
10 242 2 02 43 01 1 05 43
10 243 2 09 58 00 1 05 58
10 244 2 00 27 02 1 05 27
10 245 2 08 25 04 1 05 25
10 246 2 04 32 05 1 05 32
10 247 2 02 43 01 1 05 43
10 248 2 12 29 03 1 05 29
10 249 2 04 32 05 0 06 38
10 250 2 08 25 04 0 06 58
10 251 2 02 43 01 1 06 43
10 252 2 12 29 03 1 06 29
10 253 2 03 38 06 0 06 32
10 254 2 09 58 00 1 06 58
10 255 2 00 27 02 1 06 27
10 256 2 02 43 01 1 06 43
10 257 2 08 25 04 1 06 25
10 258 2 04 32 05 0 06 38
10 259 2 12 29 03 1 06 29
10 260 2 09 58 00 1 06 58
10 261 2 00 27 02 1 06 27
10 262 2 03 38 06 0 06 43
10 263 2 12 29 03 1 06 29
10 264 2 04 32 05 1 06 32
10 265 2 09 58 00 1 06 58
10 266 2 00 27 02 1 06 27
10 267 2 03 38 06 1 06 38
10 268 2 02 43 01 1 06 43
10 269 2 08 25 04 1 06 25
10 270 2 09 58 00 1 07 58
10 271 2 00 27 02 1 07 27
10 272 2 08 25 04 1 07 25
10 273 2 02 43 01 1 07 43
10 274 2 12 29 03 1 07 29
10 275 2 04 32 05 0 07 11
10 276 2 05 11 07 0 07 38
10 277 2 03 38 06 0 07 43
10 278 2 12 29 03 1 07 29
10 279 2 02 43 01 1 07 43
10 280 2 05 11 07 0 07 32
10 281 2 09 58 00 1 07 58
10 282 2 08 25 04 1 07 25
10 283 2 00 27 02 1 07 27
10 284 2 03 38 06 0 07 43
10 285 2 04 32 05 0 07 38
10 286 2 02 43 01 1 07 43
10 287 2 05 11 07 1 07 11
10 288 2 03 38 06 0 07 32
10 289 2 08 25 04 0 07 58
10 290 2 09 58 00 1 07 58
10 291 2 04 32 05 1 07 32
10 292 2 00 27 02 1 07 27
10 293 2 12 29 03 1 07 29
10 294 2 05 11 07 1 07 11
10 295 2 12 29 03 1 07 29
10 296 2 00 27 02 1 07 27
10 297 2 09 58 00 1 07 58
10 298 2 08 25 04 1 07 25
10 299 2 02 43 01 0 07 32
10 300 2 04 32 05 0 07 38
10 301 2 03 38 06 0 07 32
10 302 2 03 38 06 1 07 38
10 303 2 08 25 04 1 07 25
10 304 2 04 32 05 0 07 11
10 305 2 09 58 00 1 07 58
10 306 2 05 11 07 1 07 11
10 307 2 02 43 01 1 07 43
10 308 2 00 27 02 1 07 27
10 309 2 12 29 03 1 07 29
10 310 2 02 43 01 1 07 43
10 311 2 00 27 02 1 07 27
10 312 2 05 11 07 1 07 11
10 313 2 08 25 04 0 07 58
10 314 2 03 38 06 0 07 32
10 315 2 12 29 03 1 07 29
10 316 2 09 58 00 1 07 58
10 317 2 04 32 05 0 07 11
10 318 2 05 11 07 0 07 32
10 319 2 03 38 06 0 07 32
10 320 2 00 27 02 1 07 27
10 321 2 02 43 01 1 07 43
10 322 2 09 58 00 1 07 58
10 323 2 12 29 03 1 07 29
10 324 2 04 32 05 0 07 11
10 325 2 08 25 04 1 07 25
10 326 2 02 43 01 1 07 43
10 327 2 04 32 05 1 07 32
10 328 2 05 11 07 0 07 38
10 329 2 12 29 03 1 07 29
10 330 2 08 25 04 0 07 58
10 331 2 09 58 00 1 07 58
10 332 2 00 27 02 1 07 27
10 333 2 03 38 06 0 07 32
10 334 2 04 32 05 0 07 11
10 000 0 23 56 00 1 00 56
10 001 0 23 56 00 1 01 56
10 002 0 03 42 01 1 01 42
10 003 0 05 71 02 1 02 71
10 004 0 23 56 00 1 02 56
10 005 0 03 42 01 1 02 42
10 006 0 16 39 03 1 03 39
10 007 0 03 42 01 1 03 42
10 008 0 23 56 00 1 03 56
10 009 0 05 71 02 1 03 71
10 010 0 07 73 04 1 04 73
10 011 0 23 56 00 1 04 56
10 012 0 16 39 03 1 04 39
10 013 0 03 42 01 1 04 42
10 014 0 05 71 02 1 04 71
10 015 0 05 71 02 1 05 71
10 016 0 07 73 04 0 05 39
10 017 0 03 42 01 1 05 42
10 018 0 16 39 03 1 05 39
10 019 0 12 47 05 1 05 47
10 020 0 23 56 00 1 05 56
10 021 0 03 42 01 1 05 42
10 022 0 12 47 05 1 05 47
10 023 0 07 73 04 1 05 73
10 024 0 23 56 00 1 05 56
10 025 0 05 71 02 1 05 71
10 026 0 16 39 03 1 05 39
10 027 0 07 73 04 1 06 73
10 028 0 16 39 03 1 06 39
10 029 0 23 56 00 1 06 56
10 030 0 05 71 02 1 06 71
10 031 0 03 42 01 1 06 42
10 032 0 24 50 06 0 06 70
10 033 0 12 47 05 1 06 47
10 034 0 12 47 05 1 06 47
10 035 0 23 56 00 1 06 56
10 036 0 16 39 03 1 06 39
10 037 0 07 73 04 1 06 73
10 038 0 05 71 02 1 06 71
10 039 0 03 42 01 1 06 42
10 040 0 24 50 06 1 06 50
10 041 0 07 73 04 1 07 73
10 042 0 12 47 05 1 07 47
10 043 0 03 42 01 1 07 42
10 044 0 19 21 07 1 07 21
10 045 0 05 71 02 1 07 71
10 046 0 24 50 06 1 07 50
10 047 0 23 56 00 1 07 56
10 048 0 16 39 03 1 07 39
10 049 0 16 39 03 1 08 39
10 050 0 19 21 07 1 08 21
10 051 0 12 47 05 1 08 47
10 052 0 05 71 02 1 08 71
10 053 0 03 42 01 1 08 42
10 054 0 24 50 06 1 08 50
10 055 0 07 73 04 1 08 73
10 056 0 20 46 08 1 08 46
10 057 0 23 56 00 1 08 56
10 058 0 19 21 07 1 09 21
10 059 0 24 50 06 1 09 50
10 060 0 16 39 03 1 09 39
10 061 0 20 46 08 1 09 46
10 062 0 12 47 05 1 09 47
10 063 0 23 56 00 1 09 56
10 064 0 07 73 04 1 09 73
10 065 0 05 71 02 1 09 71
10 066 0 04 35 09 1 09 35
10 067 0 03 42 01 1 09 42
10 068 0 05 71 02 1 10 71
10 069 0 04 35 09 1 10 35
10 070 0 11 37 10 1 10 37
10 071 0 20 46 08 1 10 46
10 072 0 07 73 04 1 10 73
10 073 0 12 47 05 1 10 47
10 074 0 24 50 06 1 10 50
10 075 0 16 39 03 1 10 39
10 076 0 19 21 07 1 10 21
10 077 0 03 42 01 1 10 42
10 078 0 23 56 00 1 10 56
10 079 0 12 47 05 1 11 47
10 080 0 03 42 01 1 11 42
10 081 0 05 71 02 1 11 71
10 082 0 07 73 04 1 11 73
10 083 0 18 14 11 1 11 14
10 084 0 24 50 06 1 11 50
10 085 0 23 56 00 1 11 56
10 086 0 16 39 03 1 11 39
10 087 0 20 46 08 1 11 46
10 088 0 19 21 07 1 11 21
10 089 0 11 37 10 1 11 37
10 090 0 04 35 09 1 11 35
10 091 0 18 14 11 1 12 14
10 092 0 13 51 12 1 12 51
10 093 0 20 46 08 1 12 46
10 094 0 07 73 04 1 12 73
10 095 0 24 50 06 1 12 50
10 096 0 19 21 07 1 12 21
10 097 0 03 42 01 1 12 42
10 098 0 11 37 10 1 12 37
10 099 0 16 39 03 1 12 39
10 100 0 12 47 05 1 12 47
10 101 0 05 71 02 1 12 71
10 102 0 23 56 00 1 12 56
10 103 0 04 35 09 1 12 35
10 104 0 19 21 07 1 13 21
10 105 0 17 76 13 1 13 76
10 106 0 03 42 01 1 13 42
10 107 0 23 56 00 1 13 56
10 108 0 24 50 06 1 13 50
10 109 0 18 14 11 1 13 14
10 110 0 13 51 12 1 13 51
10 111 0 12 47 05 1 13 47
10 112 0 11 37 10 1 13 37
10 113 0 05 71 02 1 13 71
10 114 0 04 35 09 1 13 35
10 115 0 20 46 08 1 13 46
10 116 0 07 73 04 1 13 73
10 117 0 16 39 03 1 13 39
10 118 0 20 46 08 1 14 46
10 119 0 06 24 14 0 14 36
10 120 0 24 50 06 1 14 50
10 121 0 13 51 12 1 14 51
10 122 0 07 73 04 1 14 73
10 123 0 05 71 02 1 14 71
10 124 0 23 56 00 1 14 56
10 125 0 11 37 10 1 14 37
10 126 0 19 21 07 1 14 21
10 127 0 04 35 09 1 14 35
10 128 0 12 47 05 1 14 47
10 129 0 18 14 11 1 14 14
10 130 0 03 42 01 1 14 42
10 131 0 16 39 03 1 14 39
10 132 0 17 76 13 1 14 76
10 133 0 12 47 05 1 14 47
10 134 0 19 21 07 1 14 21
