00 000 0 23 56 00 1 00 56
00 001 0 23 56 00 1 01 56
00 002 0 03 42 01 1 01 42
00 003 0 05 71 02 1 02 71
00 004 0 03 42 01 1 02 42
00 005 0 23 56 00 1 02 56
00 006 0 23 56 00 1 03 56
00 007 0 16 39 03 1 03 39
00 008 0 05 71 02 0 03 42
00 009 0 03 42 01 0 03 39
00 010 0 16 39 03 0 03 27
00 011 0 05 71 02 1 03 71
00 012 0 03 42 01 1 03 42
00 013 0 23 56 00 1 03 56
00 014 0 05 71 02 1 03 71
00 015 0 23 56 00 1 03 56
00 016 0 16 39 03 1 03 39
00 017 0 03 42 01 1 03 42
00 018 0 07 73 04 1 04 73
00 019 0 23 56 00 1 04 56
00 020 0 16 39 03 1 04 39
00 021 0 03 42 01 1 04 42
00 022 0 05 71 02 1 04 71
00 023 0 16 39 03 1 05 39
00 024 0 07 73 04 1 05 73
00 025 0 23 56 00 1 05 56
00 026 0 03 42 01 1 05 42
00 027 0 12 47 05 0 05 43
00 028 0 05 71 02 1 05 71
00 029 0 03 42 01 1 05 42
00 030 0 12 47 05 1 05 47
00 031 0 16 39 03 0 05 38
00 032 0 23 56 00 1 05 56
00 033 0 07 73 04 1 05 73
00 034 0 05 71 02 1 05 71
00 035 0 23 56 00 1 05 56
00 036 0 05 71 02 1 05 71
00 037 0 03 42 01 1 05 42
00 038 0 07 73 04 1 05 73
00 039 0 16 39 03 1 05 39
00 040 0 12 47 05 0 05 43
00 041 0 03 42 01 1 05 42
00 042 0 23 56 00 1 05 56
00 043 0 05 71 02 1 05 71
00 044 0 16 39 03 1 05 39
00 045 0 12 47 05 1 05 47
00 046 0 07 73 04 0 05 43
00 047 0 12 47 05 1 05 47
00 048 0 05 71 02 1 05 71
00 049 0 07 73 04 0 05 47
00 050 0 16 39 03 1 05 39
00 051 0 23 56 00 1 05 56
00 052 0 03 42 01 1 05 42
00 053 0 07 73 04 1 05 73
00 054 0 03 42 01 1 05 42
00 055 0 16 39 03 1 05 39
00 056 0 12 47 05 0 05 43
00 057 0 23 56 00 1 05 56
00 058 0 05 71 02 1 05 71
00 059 0 05 71 02 1 05 71
00 060 0 07 73 04 1 05 73
00 061 0 03 42 01 1 05 42
00 062 0 16 39 03 1 05 39
00 063 0 23 56 00 1 05 56
00 064 0 12 47 05 1 05 47
00 065 0 12 47 05 1 06 47
00 066 0 16 39 03 1 06 39
00 067 0 05 71 02 1 06 71
00 068 0 23 56 00 1 06 56
00 069 0 07 73 04 1 06 73
00 070 0 03 42 01 1 06 42
00 071 0 24 50 06 1 06 50
00 072 0 16 39 03 1 07 39
00 073 0 19 21 07 1 07 21
00 074 0 05 71 02 1 07 71
00 075 0 12 47 05 1 07 47
00 076 0 07 73 04 1 07 73
00 077 0 23 56 00 1 07 56
00 078 0 03 42 01 1 07 42
00 079 0 24 50 06 1 07 50
00 080 0 16 39 03 0 08 56
00 081 0 19 21 07 1 08 21
00 082 0 03 42 01 1 08 42
00 083 0 07 73 04 1 08 73
00 084 0 20 46 08 0 08 47
00 085 0 24 50 06 1 08 50
00 086 0 12 47 05 0 08 42
00 087 0 05 71 02 1 08 71
00 088 0 23 56 00 1 08 56
00 089 0 16 39 03 1 08 39
00 090 0 12 47 05 1 08 47
00 091 0 19 21 07 1 08 21
00 092 0 03 42 01 1 08 42
00 093 0 07 73 04 1 08 73
00 094 0 24 50 06 1 08 50
00 095 0 05 71 02 1 08 71
00 096 0 23 56 00 1 08 56
00 097 0 20 46 08 1 08 46
00 098 0 07 73 04 1 09 73
00 099 0 24 50 06 1 09 50
00 100 0 12 47 05 0 09 43
00 101 0 16 39 03 1 09 39
00 102 0 05 71 02 1 09 71
00 103 0 20 46 08 1 09 46
00 104 0 04 35 09 1 09 35
00 105 0 19 21 07 1 09 21
00 106 0 23 56 00 1 09 56
00 107 0 03 42 01 1 09 42
00 108 0 03 42 01 1 09 42
00 109 0 16 39 03 1 09 39
00 110 0 04 35 09 1 09 35
00 111 0 07 73 04 1 09 73
00 112 0 24 50 06 1 09 50
00 113 0 20 46 08 1 09 46
00 114 0 19 21 07 1 09 21
00 115 0 05 71 02 1 09 71
00 116 0 12 47 05 1 09 47
00 117 0 23 56 00 1 09 56
00 118 0 24 50 06 1 10 50
00 119 0 07 73 04 0 10 43
00 120 0 23 56 00 1 10 56
00 121 0 03 42 01 1 10 42
00 122 0 16 39 03 1 10 39
00 123 0 12 47 05 1 10 47
00 124 0 11 37 10 1 10 37
00 125 0 04 35 09 1 10 35
00 126 0 20 46 08 1 10 46
00 127 0 05 71 02 1 10 71
00 128 0 19 21 07 1 10 21
00 129 0 05 71 02 1 10 71
00 130 0 03 42 01 1 10 42
00 131 0 16 39 03 1 10 39
00 132 0 24 50 06 1 10 50
00 133 0 11 37 10 1 10 37
00 134 0 04 35 09 0 10 46
00 100 1 25 28 00 1 00 28
00 101 1 25 28 00 1 01 28
00 102 1 06 23 01 1 01 23
00 103 1 25 28 00 1 02 28
00 104 1 06 23 01 1 02 23
00 105 1 23 70 02 1 02 70
00 106 1 06 23 01 1 03 23
00 107 1 14 17 03 1 03 17
00 108 1 25 28 00 1 03 28
00 109 1 23 70 02 1 03 70
00 110 1 23 70 02 1 04 70
00 111 1 06 23 01 1 04 23
00 112 1 10 67 04 1 04 67
00 113 1 25 28 00 1 04 28
00 114 1 14 17 03 1 04 17
00 115 1 14 17 03 1 05 17
00 116 1 10 67 04 0 05 17
00 117 1 25 28 00 1 05 28
00 118 1 17 18 05 1 05 18
00 119 1 06 23 01 1 05 23
00 120 1 23 70 02 1 05 70
00 121 1 25 28 00 1 05 28
00 122 1 06 23 01 1 05 23
00 123 1 14 17 03 1 05 17
00 124 1 10 67 04 1 05 67
00 125 1 23 70 02 1 05 70
00 126 1 17 18 05 1 05 18
00 127 1 12 22 06 1 06 22
00 128 1 06 23 01 1 06 23
00 129 1 17 18 05 1 06 18
00 130 1 10 67 04 1 06 67
00 131 1 23 70 02 1 06 70
00 132 1 25 28 00 1 06 28
00 133 1 14 17 03 1 06 17
00 134 1 17 18 05 1 07 18
00 135 1 10 67 04 1 07 67
00 136 1 23 70 02 1 07 70
00 137 1 06 23 01 0 07 18
00 138 1 14 17 03 1 07 17
00 139 1 12 22 06 1 07 22
00 140 1 07 65 07 0 07 23
00 141 1 25 28 00 1 07 28
00 142 1 07 65 07 0 07 67
00 143 1 14 17 03 1 07 17
00 144 1 23 70 02 1 07 70
00 145 1 12 22 06 1 07 22
00 146 1 17 18 05 0 07 67
00 147 1 25 28 00 1 07 28
00 148 1 06 23 01 1 07 23
00 149 1 10 67 04 1 07 67
00 150 1 25 28 00 1 07 28
00 151 1 17 18 05 1 07 18
00 152 1 07 65 07 0 07 64
00 153 1 10 67 04 0 07 64
00 154 1 23 70 02 1 07 70
00 155 1 14 17 03 1 07 17
00 156 1 12 22 06 1 07 22
00 157 1 06 23 01 0 07 18
00 158 1 12 22 06 1 07 22
00 159 1 23 70 02 1 07 70
00 160 1 25 28 00 0 07 23
00 161 1 17 18 05 1 07 18
00 162 1 10 67 04 0 07 64
00 163 1 14 17 03 1 07 17
00 164 1 07 65 07 0 07 67
00 165 1 06 23 01 0 07 67
00 166 1 07 65 07 0 07 35
00 167 1 14 17 03 1 07 17
00 168 1 10 67 04 0 07 23
00 169 1 25 28 00 1 07 28
00 170 1 12 22 06 1 07 22
00 171 1 17 18 05 1 07 18
00 172 1 06 23 01 1 07 23
00 173 1 23 70 02 1 07 70
00 174 1 25 28 00 1 07 28
00 175 1 10 67 04 0 07 23
00 176 1 12 22 06 1 07 22
00 177 1 06 23 01 1 07 23
00 178 1 17 18 05 1 07 18
00 179 1 07 65 07 0 07 67
00 180 1 14 17 03 1 07 17
00 181 1 23 70 02 1 07 70
00 182 1 06 23 01 1 07 23
00 183 1 07 65 07 1 07 65
00 184 1 17 18 05 1 07 18
00 185 1 14 17 03 1 07 17
00 186 1 10 67 04 0 07 28
00 187 1 25 28 00 1 07 28
00 188 1 23 70 02 1 07 70
00 189 1 12 22 06 1 07 22
00 190 1 12 22 06 1 07 22
00 191 1 17 18 05 1 07 18
00 192 1 14 17 03 1 07 17
00 193 1 23 70 02 1 07 70
00 194 1 25 28 00 1 07 28
00 195 1 10 67 04 1 07 67
00 196 1 06 23 01 1 07 23
00 197 1 07 65 07 1 07 65
00 198 1 07 65 07 1 08 65
00 199 1 14 17 03 1 08 17
00 200 1 11 13 08 1 08 13
00 201 1 12 22 06 1 08 22
00 202 1 10 67 04 1 08 67
00 203 1 25 28 00 1 08 28
00 204 1 17 18 05 1 08 18
00 205 1 06 23 01 1 08 23
00 206 1 23 70 02 1 08 70
00 207 1 20 59 09 0 09 39
00 208 1 25 28 00 1 09 28
00 209 1 06 23 01 1 09 23
00 210 1 12 22 06 1 09 22
00 211 1 07 65 07 1 09 65
00 212 1 14 17 03 1 09 17
00 213 1 17 18 05 1 09 18
00 214 1 11 13 08 1 09 13
00 215 1 10 67 04 1 09 67
00 216 1 23 70 02 1 09 70
00 217 1 12 22 06 1 09 22
00 218 1 11 13 08 1 09 13
00 219 1 14 17 03 0 09 59
00 220 1 23 70 02 1 09 70
00 221 1 07 65 07 1 09 65
00 222 1 20 59 09 1 09 59
00 223 1 25 28 00 1 09 28
00 224 1 10 67 04 1 09 67
00 225 1 17 18 05 1 09 18
00 226 1 06 23 01 1 09 23
00 227 1 20 59 09 1 09 59
00 228 1 14 17 03 1 09 17
00 229 1 06 23 01 1 09 23
00 230 1 07 65 07 1 09 65
00 231 1 25 28 00 1 09 28
00 232 1 17 18 05 1 09 18
00 233 1 23 70 02 1 09 70
00 234 1 12 22 06 1 09 22
00 200 2 09 58 00 1 00 58
00 201 2 02 43 01 1 01 43
00 202 2 09 58 00 1 01 58
00 203 2 02 43 01 1 02 43
00 204 2 09 58 00 1 02 58
00 205 2 00 27 02 1 02 27
00 206 2 12 29 03 0 03 58
00 207 2 09 58 00 1 03 58
00 208 2 02 43 01 0 03 47
00 209 2 00 27 02 1 03 27
00 210 2 12 29 03 1 03 29
00 211 2 09 58 00 1 03 58
00 212 2 02 43 01 1 03 43
00 213 2 00 27 02 0 03 43
00 214 2 00 27 02 1 03 27
00 215 2 09 58 00 1 03 58
00 216 2 12 29 03 1 03 29
00 217 2 02 43 01 1 03 43
00 218 2 12 29 03 1 04 29
00 219 2 02 43 01 1 04 43
00 220 2 08 25 04 0 04 58
00 221 2 09 58 00 0 04 25
00 222 2 00 27 02 1 04 27
00 223 2 09 58 00 1 04 58
00 224 2 00 27 02 1 04 27
00 225 2 02 43 01 0 04 25
00 226 2 08 25 04 0 04 58
00 227 2 12 29 03 0 04 58
00 228 2 00 27 02 1 04 27
00 229 2 12 29 03 1 04 29
00 230 2 02 43 01 1 04 43
00 231 2 08 25 04 0 04 58
00 232 2 09 58 00 0 04 25
00 233 2 08 25 04 1 04 25
00 234 2 09 58 00 1 04 58
00 235 2 00 27 02 1 04 27
00 236 2 12 29 03 1 04 29
00 237 2 02 43 01 0 04 25
00 238 2 12 29 03 0 04 25
00 239 2 00 27 02 1 04 27
00 240 2 08 25 04 1 04 25
00 241 2 09 58 00 1 04 58
00 242 2 02 43 01 1 04 43
00 243 2 00 27 02 1 04 27
00 244 2 02 43 01 1 04 43
00 245 2 08 25 04 1 04 25
00 246 2 09 58 00 0 04 25
00 247 2 12 29 03 1 04 29
00 248 2 12 29 03 1 04 29
00 249 2 09 58 00 1 04 58
00 250 2 08 25 04 0 04 29
00 251 2 02 43 01 1 04 43
00 252 2 00 27 02 1 04 27
00 253 2 08 25 04 1 04 25
00 254 2 00 27 02 1 04 27
00 255 2 12 29 03 1 04 29
00 256 2 02 43 01 1 04 43
00 257 2 09 58 00 1 04 58
00 258 2 02 43 01 1 05 43
00 259 2 04 32 05 1 05 32
00 260 2 08 25 04 0 05 58
00 261 2 12 29 03 1 05 29
00 262 2 09 58 00 1 05 58
00 263 2 00 27 02 1 05 27
00 264 2 04 32 05 0 05 35
00 265 2 08 25 04 1 05 25
00 266 2 09 58 00 1 05 58
00 267 2 02 43 01 1 05 43
00 268 2 12 29 03 1 05 29
00 269 2 00 27 02 1 05 27
00 270 2 09 58 00 0 05 25
00 271 2 12 29 03 1 05 29
00 272 2 04 32 05 1 05 32
00 273 2 00 27 02 1 05 27
00 274 2 08 25 04 1 05 25
00 275 2 02 43 01 1 05 43
00 276 2 08 25 04 0 05 58
00 277 2 04 32 05 1 05 32
00 278 2 09 58 00 1 05 58
00 279 2 02 43 01 1 05 43
00 280 2 00 27 02 1 05 27
00 281 2 12 29 03 1 05 29
00 282 2 09 58 00 0 05 25
00 283 2 08 25 04 0 05 58
00 284 2 02 43 01 1 05 43
00 285 2 12 29 03 1 05 29
00 286 2 04 32 05 1 05 32
00 287 2 00 27 02 1 05 27
00 288 2 08 25 04 1 05 25
00 289 2 12 29 03 0 05 58
00 290 2 00 27 02 1 05 27
00 291 2 04 32 05 1 05 32
00 292 2 09 58 00 0 05 25
00 293 2 02 43 01 1 05 43
00 294 2 12 29 03 1 05 29
00 295 2 09 58 00 1 05 58
00 296 2 00 27 02 1 05 27
00 297 2 02 43 01 1 05 43
00 298 2 04 32 05 1 05 32
00 299 2 08 25 04 1 05 25
00 300 2 03 38 06 1 06 38
00 301 2 02 43 01 1 06 43
00 302 2 12 29 03 1 06 29
00 303 2 08 25 04 1 06 25
00 304 2 04 32 05 1 06 32
00 305 2 09 58 00 1 06 58
00 306 2 00 27 02 1 06 27
00 307 2 05 11 07 0 07 38
00 308 2 09 58 00 1 07 58
00 309 2 02 43 01 1 07 43
00 310 2 08 25 04 1 07 25
00 311 2 04 32 05 0 07 38
00 312 2 03 38 06 0 07 32
00 313 2 12 29 03 1 07 29
00 314 2 00 27 02 1 07 27
00 315 2 00 27 02 1 07 27
00 316 2 08 25 04 1 07 25
00 317 2 12 29 03 1 07 29
00 318 2 09 58 00 1 07 58
00 319 2 04 32 05 1 07 32
00 320 2 05 11 07 0 07 38
00 321 2 02 43 01 1 07 43
00 322 2 03 38 06 0 07 43
00 323 2 12 29 03 1 07 29
00 324 2 05 11 07 0 07 32
00 325 2 02 43 01 1 07 43
00 326 2 03 38 06 1 07 38
00 327 2 09 58 00 0 07 25
00 328 2 04 32 05 0 07 38
00 329 2 08 25 04 1 07 25
00 330 2 00 27 02 1 07 27
00 331 2 02 43 01 1 07 43
00 332 2 08 25 04 1 07 25
00 333 2 09 58 00 1 07 58
00 334 2 03 38 06 0 07 32
