02 200 2 09 58 00 1 00 58
02 201 2 09 58 00 1 01 58
02 202 2 02 43 01 1 01 43
02 203 2 00 27 02 1 02 27
02 204 2 02 43 01 1 02 43
02 205 2 09 58 00 1 02 58
02 206 2 09 58 00 1 03 58
02 207 2 12 29 03 0 03 23
02 208 2 00 27 02 0 03 23
02 209 2 02 43 01 0 03 45
02 210 2 12 29 03 0 03 58
02 211 2 00 27 02 0 03 23
02 212 2 02 43 01 1 03 43
02 213 2 09 58 00 1 03 58
02 214 2 00 27 02 0 03 23
02 215 2 09 58 00 1 03 58
02 216 2 12 29 03 0 03 58
02 217 2 02 43 01 1 03 43
02 218 2 02 43 01 1 03 43
02 219 2 09 58 00 1 03 58
02 220 2 12 29 03 0 03 58
02 221 2 00 27 02 1 03 27
02 222 2 12 29 03 0 03 58
02 223 2 02 43 01 0 03 29
02 224 2 09 58 00 1 03 58
02 225 2 00 27 02 1 03 27
02 226 2 12 29 03 0 03 48
02 227 2 00 27 02 1 03 27
02 228 2 02 43 01 0 03 48
02 229 2 09 58 00 1 03 58
02 230 2 09 58 00 1 03 58
02 231 2 00 27 02 1 03 27
02 232 2 02 43 01 0 03 28
02 233 2 12 29 03 0 03 58
02 234 2 00 27 02 1 03 27
02 235 2 02 43 01 0 03 28
02 236 2 12 29 03 0 03 58
02 237 2 09 58 00 0 03 29
02 238 2 12 29 03 0 03 58
02 239 2 02 43 01 0 03 28
02 240 2 09 58 00 0 03 29
02 241 2 00 27 02 1 03 27
02 242 2 02 43 01 0 03 48
02 243 2 12 29 03 0 03 58
02 244 2 00 27 02 1 03 27
02 245 2 09 58 00 1 03 58
02 246 2 00 27 02 1 03 27
02 247 2 09 58 00 1 03 58
02 248 2 02 43 01 1 03 43
02 249 2 12 29 03 1 03 29
02 250 2 09 58 00 0 04 25
02 251 2 08 25 04 0 04 58
02 252 2 02 43 01 1 04 43
02 253 2 12 29 03 0 04 58
02 254 2 00 27 02 1 04 27
02 255 2 02 43 01 0 04 29
02 256 2 08 25 04 0 04 58
02 257 2 09 58 00 0 04 25
02 258 2 12 29 03 0 04 58
02 259 2 00 27 02 1 04 27
02 260 2 00 27 02 1 04 27
02 261 2 02 43 01 1 04 43
02 262 2 08 25 04 0 04 58
02 263 2 12 29 03 0 04 58
02 264 2 09 58 00 0 04 29
02 265 2 09 58 00 1 04 58
02 266 2 08 25 04 0 04 58
02 267 2 00 27 02 1 04 27
02 268 2 12 29 03 1 04 29
02 269 2 02 43 01 1 04 43
02 270 2 09 58 00 1 04 58
02 271 2 08 25 04 0 04 58
02 272 2 00 27 02 1 04 27
02 273 2 02 43 01 1 04 43
02 274 2 12 29 03 1 04 29
02 275 2 12 29 03 1 04 29
02 276 2 08 25 04 0 04 58
02 277 2 09 58 00 0 04 25
02 278 2 00 27 02 1 04 27
02 279 2 02 43 01 1 04 43
02 280 2 12 29 03 0 04 25
02 281 2 08 25 04 1 04 25
02 282 2 00 27 02 1 04 27
02 283 2 09 58 00 1 04 58
02 284 2 02 43 01 1 04 43
02 285 2 09 58 00 1 04 58
02 286 2 12 29 03 1 04 29
02 287 2 02 43 01 1 04 43
02 288 2 00 27 02 1 04 27
02 289 2 08 25 04 1 04 25
02 290 2 08 25 04 0 05 32
02 291 2 09 58 00 0 05 25
02 292 2 12 29 03 1 05 29
02 293 2 02 43 01 1 05 43
02 294 2 00 27 02 1 05 27
02 295 2 04 32 05 1 05 32
02 296 2 04 32 05 1 05 32
02 297 2 08 25 04 0 05 58
02 298 2 02 43 01 1 05 43
02 299 2 00 27 02 1 05 27
02 300 2 12 29 03 1 05 29
02 301 2 09 58 00 1 05 58
02 302 2 02 43 01 1 05 43
02 303 2 12 29 03 1 05 29
02 304 2 09 58 00 1 05 58
02 305 2 08 25 04 0 05 58
02 306 2 00 27 02 1 05 27
02 307 2 04 32 05 1 05 32
02 308 2 04 32 05 1 05 32
02 309 2 09 58 00 1 05 58
02 310 2 00 27 02 1 05 27
02 311 2 02 43 01 1 05 43
02 312 2 08 25 04 1 05 25
02 313 2 12 29 03 1 05 29
02 314 2 00 27 02 1 06 27
02 315 2 12 29 03 0 06 38
02 316 2 03 38 06 0 06 32
02 317 2 09 58 00 1 06 58
02 318 2 02 43 01 1 06 43
02 319 2 08 25 04 0 06 38
02 320 2 04 32 05 1 06 32
02 321 2 12 29 03 1 06 29
02 322 2 00 27 02 1 06 27
02 323 2 02 43 01 0 06 32
02 324 2 04 32 05 0 06 43
02 325 2 08 25 04 0 06 58
02 326 2 03 38 06 0 06 32
02 327 2 09 58 00 1 06 58
02 328 2 09 58 00 1 06 58
02 329 2 12 29 03 1 06 29
02 330 2 04 32 05 1 06 32
02 331 2 08 25 04 1 06 25
02 332 2 00 27 02 1 06 27
02 333 2 03 38 06 0 06 32
02 334 2 02 43 01 0 06 38
02 000 0 23 56 00 1 00 56
02 001 0 23 56 00 0 01 42
02 002 0 03 42 01 1 01 42
02 003 0 23 56 00 1 01 56
02 004 0 03 42 01 1 01 42
02 005 0 05 71 02 1 02 71
02 006 0 23 56 00 0 02 58
02 007 0 03 42 01 1 02 42
02 008 0 03 42 01 1 02 42
02 009 0 05 71 02 0 02 56
02 010 0 23 56 00 1 02 56
02 011 0 23 56 00 1 02 56
02 012 0 03 42 01 1 02 42
02 013 0 05 71 02 1 02 71
02 014 0 03 42 01 0 03 56
02 015 0 05 71 02 1 03 71
02 016 0 16 39 03 0 03 32
02 017 0 23 56 00 0 03 39
02 018 0 05 71 02 1 03 71
02 019 0 16 39 03 0 03 38
02 020 0 23 56 00 0 03 58
02 021 0 03 42 01 0 03 43
02 022 0 23 56 00 0 03 59
02 023 0 05 71 02 1 03 71
02 024 0 03 42 01 0 03 56
02 025 0 16 39 03 0 03 71
02 026 0 23 56 00 1 03 56
02 027 0 16 39 03 0 03 71
02 028 0 03 42 01 0 03 43
02 029 0 05 71 02 0 03 38
02 030 0 03 42 01 0 03 58
02 031 0 05 71 02 1 03 71
02 032 0 23 56 00 0 03 42
02 033 0 16 39 03 0 03 42
02 034 0 05 71 02 1 03 71
02 035 0 03 42 01 1 03 42
02 036 0 16 39 03 0 03 71
02 037 0 23 56 00 0 03 58
02 038 0 16 39 03 0 03 56
02 039 0 05 71 02 1 03 71
02 040 0 23 56 00 0 03 39
02 041 0 03 42 01 1 03 42
02 042 0 16 39 03 0 03 56
02 043 0 23 56 00 1 03 56
02 044 0 03 42 01 0 03 71
02 045 0 05 71 02 0 03 42
02 046 0 03 42 01 1 03 42
02 047 0 16 39 03 0 03 38
02 048 0 05 71 02 1 03 71
02 049 0 23 56 00 1 03 56
02 050 0 05 71 02 1 03 71
02 051 0 23 56 00 1 03 56
02 052 0 03 42 01 1 03 42
02 053 0 16 39 03 1 03 39
02 054 0 03 42 01 1 04 42
02 055 0 16 39 03 1 04 39
02 056 0 07 73 04 0 04 72
02 057 0 23 56 00 1 04 56
02 058 0 05 71 02 0 04 42
02 059 0 16 39 03 1 04 39
02 060 0 03 42 01 1 04 42
02 061 0 07 73 04 1 04 73
02 062 0 23 56 00 1 04 56
02 063 0 05 71 02 1 04 71
02 064 0 12 47 05 1 05 47
02 065 0 23 56 00 1 05 56
02 066 0 03 42 01 0 05 39
02 067 0 07 73 04 0 05 47
02 068 0 16 39 03 1 05 39
02 069 0 05 71 02 1 05 71
02 070 0 05 71 02 1 05 71
02 071 0 07 73 04 0 05 47
02 072 0 23 56 00 0 05 42
02 073 0 03 42 01 1 05 42
02 074 0 16 39 03 0 05 47
02 075 0 12 47 05 1 05 47
02 076 0 23 56 00 0 05 47
02 077 0 03 42 01 0 05 71
02 078 0 05 71 02 1 05 71
02 079 0 12 47 05 1 05 47
02 080 0 16 39 03 0 05 56
02 081 0 07 73 04 1 05 73
02 082 0 05 71 02 1 05 71
02 083 0 16 39 03 0 05 42
02 084 0 12 47 05 0 05 42
02 085 0 03 42 01 1 05 42
02 086 0 07 73 04 0 05 39
02 087 0 23 56 00 1 05 56
02 088 0 23 56 00 1 05 56
02 089 0 12 47 05 1 05 47
02 090 0 16 39 03 0 05 73
02 091 0 05 71 02 1 05 71
02 092 0 07 73 04 1 05 73
02 093 0 03 42 01 1 05 42
02 094 0 07 73 04 1 05 73
02 095 0 23 56 00 1 05 56
02 096 0 03 42 01 1 05 42
02 097 0 05 71 02 1 05 71
02 098 0 16 39 03 0 05 38
02 099 0 12 47 05 1 05 47
02 100 0 03 42 01 1 05 42
02 101 0 23 56 00 1 05 56
02 102 0 16 39 03 1 05 39
02 103 0 12 47 05 1 05 47
02 104 0 07 73 04 0 05 42
02 105 0 05 71 02 1 05 71
02 106 0 12 47 05 0 05 39
02 107 0 07 73 04 0 05 38
02 108 0 16 39 03 0 05 42
02 109 0 05 71 02 1 05 71
02 110 0 23 56 00 1 05 56
02 111 0 03 42 01 1 05 42
02 112 0 12 47 05 0 05 73
02 113 0 23 56 00 1 05 56
02 114 0 03 42 01 1 05 42
02 115 0 07 73 04 0 05 39
02 116 0 16 39 03 0 05 42
02 117 0 05 71 02 1 05 71
02 118 0 05 71 02 1 05 71
02 119 0 23 56 00 1 05 56
02 120 0 12 47 05 1 05 47
02 121 0 07 73 04 1 05 73
02 122 0 03 42 01 1 05 42
02 123 0 16 39 03 1 05 39
02 124 0 12 47 05 1 06 47
02 125 0 03 42 01 1 06 42
02 126 0 07 73 04 1 06 73
02 127 0 24 50 06 1 06 50
02 128 0 23 56 00 1 06 56
02 129 0 16 39 03 0 06 42
02 130 0 05 71 02 1 06 71
02 131 0 03 42 01 1 06 42
02 132 0 23 56 00 1 06 56
02 133 0 05 71 02 1 06 71
02 134 0 07 73 04 0 06 39
02 100 1 25 28 00 1 00 28
02 101 1 25 28 00 1 01 28
02 102 1 06 23 01 1 01 23
02 103 1 23 70 02 1 02 70
02 104 1 06 23 01 0 02 38
02 105 1 25 28 00 0 02 50
02 106 1 23 70 02 1 02 70
02 107 1 06 23 01 1 02 23
02 108 1 25 28 00 1 02 28
02 109 1 23 70 02 0 03 17
02 110 1 14 17 03 0 03 28
02 111 1 06 23 01 1 03 23
02 112 1 25 28 00 0 03 70
02 113 1 25 28 00 1 03 28
02 114 1 06 23 01 1 03 23
02 115 1 14 17 03 1 03 17
02 116 1 23 70 02 1 03 70
02 117 1 10 67 04 1 04 67
02 118 1 14 17 03 0 04 23
02 119 1 25 28 00 0 04 23
02 120 1 06 23 01 1 04 23
02 121 1 23 70 02 1 04 70
02 122 1 06 23 01 1 04 23
02 123 1 10 67 04 0 04 18
02 124 1 14 17 03 0 04 70
02 125 1 25 28 00 0 04 23
02 126 1 23 70 02 0 04 17
02 127 1 10 67 04 0 04 68
02 128 1 14 17 03 1 04 17
02 129 1 23 70 02 1 04 70
02 130 1 06 23 01 1 04 23
02 131 1 25 28 00 0 04 23
02 132 1 23 70 02 0 04 17
02 133 1 25 28 00 0 04 23
02 134 1 06 23 01 1 04 23
02 135 1 14 17 03 1 04 17
02 136 1 10 67 04 0 04 69
02 137 1 25 28 00 1 04 28
02 138 1 23 70 02 0 04 17
02 139 1 10 67 04 0 04 68
02 140 1 14 17 03 0 04 70
02 141 1 06 23 01 1 04 23
02 142 1 23 70 02 1 04 70
02 143 1 25 28 00 0 04 23
02 144 1 06 23 01 1 04 23
02 145 1 10 67 04 0 04 28
02 146 1 14 17 03 0 04 70
02 147 1 25 28 00 0 04 67
02 148 1 06 23 01 1 04 23
02 149 1 10 67 04 0 04 28
02 150 1 14 17 03 1 04 17
02 151 1 23 70 02 1 04 70
02 152 1 25 28 00 0 04 67
02 153 1 10 67 04 1 04 67
02 154 1 23 70 02 0 04 17
02 155 1 06 23 01 1 04 23
02 156 1 14 17 03 1 04 17
02 157 1 10 67 04 0 04 28
02 158 1 25 28 00 1 04 28
02 159 1 23 70 02 1 04 70
02 160 1 06 23 01 1 04 23
02 161 1 14 17 03 1 04 17
02 162 1 25 28 00 0 04 67
02 163 1 06 23 01 1 04 23
02 164 1 10 67 04 1 04 67
02 165 1 23 70 02 1 04 70
02 166 1 14 17 03 1 04 17
02 167 1 10 67 04 0 04 28
02 168 1 23 70 02 1 04 70
02 169 1 25 28 00 0 04 67
02 170 1 14 17 03 1 04 17
02 171 1 06 23 01 1 04 23
02 172 1 23 70 02 1 04 70
02 173 1 14 17 03 1 04 17
02 174 1 25 28 00 1 04 28
02 175 1 06 23 01 1 04 23
02 176 1 10 67 04 1 04 67
02 177 1 17 18 05 1 05 18
02 178 1 14 17 03 1 05 17
02 179 1 06 23 01 1 05 23
02 180 1 25 28 00 1 05 28
02 181 1 10 67 04 1 05 67
02 182 1 23 70 02 1 05 70
02 183 1 23 70 02 1 06 70
02 184 1 14 17 03 1 06 17
02 185 1 25 28 00 1 06 28
02 186 1 10 67 04 1 06 67
02 187 1 12 22 06 1 06 22
02 188 1 17 18 05 1 06 18
02 189 1 06 23 01 1 06 23
02 190 1 07 65 07 1 07 65
02 191 1 25 28 00 1 07 28
02 192 1 06 23 01 1 07 23
02 193 1 10 67 04 1 07 67
02 194 1 23 70 02 1 07 70
02 195 1 12 22 06 1 07 22
02 196 1 14 17 03 0 07 23
02 197 1 17 18 05 1 07 18
02 198 1 06 23 01 1 07 23
02 199 1 17 18 05 1 07 18
02 200 1 12 22 06 1 07 22
02 201 1 10 67 04 0 07 28
02 202 1 23 70 02 1 07 70
02 203 1 14 17 03 1 07 17
02 204 1 25 28 00 1 07 28
02 205 1 07 65 07 0 07 18
02 206 1 23 70 02 1 07 70
02 207 1 12 22 06 1 07 22
02 208 1 10 67 04 1 07 67
02 209 1 25 28 00 0 07 66
02 210 1 07 65 07 0 07 17
02 211 1 17 18 05 1 07 18
02 212 1 06 23 01 1 07 23
02 213 1 14 17 03 1 07 17
02 214 1 17 18 05 1 07 18
02 215 1 12 22 06 1 07 22
02 216 1 10 67 04 1 07 67
02 217 1 14 17 03 1 07 17
02 218 1 23 70 02 1 07 70
02 219 1 07 65 07 1 07 65
02 220 1 06 23 01 1 07 23
02 221 1 25 28 00 0 07 17
02 222 1 06 23 01 1 07 23
02 223 1 25 28 00 1 07 28
02 224 1 17 18 05 1 07 18
02 225 1 10 67 04 1 07 67
02 226 1 12 22 06 1 07 22
02 227 1 07 65 07 0 07 28
02 228 1 14 17 03 1 07 17
02 229 1 23 70 02 1 07 70
02 230 1 10 67 04 1 07 67
02 231 1 25 28 00 0 07 65
02 232 1 06 23 01 1 07 23
02 233 1 07 65 07 1 07 65
02 234 1 12 22 06 1 07 22
