17 200 2 09 58 00 1 00 58
17 201 2 09 58 00 1 01 58
17 202 2 02 43 01 1 01 43
17 203 2 00 27 02 1 02 27
17 204 2 02 43 01 1 02 43
17 205 2 09 58 00 1 02 58
17 206 2 09 58 00 0 03 27
17 207 2 12 29 03 1 03 29
17 208 2 00 27 02 1 03 27
17 209 2 02 43 01 1 03 43
17 210 2 12 29 03 1 03 29
17 211 2 00 27 02 1 03 27
17 212 2 02 43 01 1 03 43
17 213 2 09 58 00 0 03 57
17 214 2 00 27 02 1 03 27
17 215 2 09 58 00 1 03 58
17 216 2 12 29 03 1 03 29
17 217 2 02 43 01 1 03 43
17 218 2 08 25 04 0 04 58
17 219 2 09 58 00 0 04 25
17 220 2 12 29 03 1 04 29
17 221 2 02 43 01 1 04 43
17 222 2 00 27 02 1 04 27
17 223 2 09 58 00 0 04 25
17 224 2 12 29 03 1 04 29
17 225 2 08 25 04 1 04 25
17 226 2 02 43 01 1 04 43
17 227 2 00 27 02 1 04 27
17 228 2 08 25 04 1 04 25
17 229 2 02 43 01 1 04 43
17 230 2 00 27 02 1 04 27
17 231 2 12 29 03 1 04 29
17 232 2 09 58 00 0 04 25
17 233 2 08 25 04 0 04 58
17 234 2 00 27 02 1 04 27
17 235 2 12 29 03 1 04 29
17 236 2 09 58 00 1 04 58
17 237 2 02 43 01 1 04 43
17 238 2 09 58 00 0 04 25
17 239 2 00 27 02 1 04 27
17 240 2 02 43 01 1 04 43
17 241 2 08 25 04 1 04 25
17 242 2 12 29 03 1 04 29
17 243 2 09 58 00 1 04 58
17 244 2 08 25 04 0 04 58
17 245 2 12 29 03 1 04 29
17 246 2 02 43 01 1 04 43
17 247 2 00 27 02 1 04 27
17 248 2 08 25 04 1 04 25
17 249 2 00 27 02 1 04 27
17 250 2 12 29 03 1 04 29
17 251 2 09 58 00 1 04 58
17 252 2 02 43 01 1 04 43
17 253 2 12 29 03 1 05 29
17 254 2 04 32 05 1 05 32
17 255 2 09 58 00 0 05 25
17 256 2 08 25 04 0 05 32
17 257 2 02 43 01 1 05 43
17 258 2 00 27 02 1 05 27
17 259 2 00 27 02 1 05 27
17 260 2 12 29 03 1 05 29
17 261 2 04 32 05 1 05 32
17 262 2 09 58 00 1 05 58
17 263 2 02 43 01 1 05 43
17 264 2 08 25 04 1 05 25
17 265 2 08 25 04 1 06 25
17 266 2 09 58 00 1 06 58
17 267 2 00 27 02 1 06 27
17 268 2 02 43 01 0 06 32
17 269 2 12 29 03 1 06 29
17 270 2 04 32 05 0 06 25
17 271 2 03 38 06 0 06 32
17 272 2 09 58 00 1 06 58
17 273 2 03 38 06 0 06 25
17 274 2 00 27 02 1 06 27
17 275 2 08 25 04 1 06 25
17 276 2 12 29 03 1 06 29
17 277 2 02 43 01 0 06 38
17 278 2 04 32 05 0 06 38
17 279 2 12 29 03 1 06 29
17 280 2 03 38 06 1 06 38
17 281 2 00 27 02 1 06 27
17 282 2 02 43 01 1 06 43
17 283 2 09 58 00 0 06 25
17 284 2 04 32 05 0 06 25
17 285 2 08 25 04 1 06 25
17 286 2 04 32 05 0 06 38
17 287 2 12 29 03 1 06 29
17 288 2 08 25 04 1 06 25
17 289 2 02 43 01 0 06 38
17 290 2 00 27 02 1 06 27
17 291 2 09 58 00 0 06 25
17 292 2 03 38 06 1 06 38
17 293 2 02 43 01 0 06 32
17 294 2 08 25 04 1 06 25
17 295 2 04 32 05 1 06 32
17 296 2 03 38 06 0 06 43
17 297 2 12 29 03 1 06 29
17 298 2 09 58 00 1 06 58
17 299 2 00 27 02 1 06 27
17 300 2 03 38 06 1 06 38
17 301 2 04 32 05 0 06 38
17 302 2 12 29 03 1 06 29
17 303 2 09 58 00 1 06 58
17 304 2 00 27 02 1 06 27
17 305 2 08 25 04 1 06 25
17 306 2 02 43 01 1 06 43
17 307 2 03 38 06 1 06 38
17 308 2 02 43 01 1 06 43
17 309 2 09 58 00 0 06 25
17 310 2 08 25 04 0 06 58
17 311 2 04 32 05 0 06 38
17 312 2 00 27 02 1 06 27
17 313 2 12 29 03 1 06 29
17 314 2 09 58 00 1 06 58
17 315 2 00 27 02 1 06 27
17 316 2 12 29 03 1 06 29
17 317 2 02 43 01 1 06 43
17 318 2 08 25 04 1 06 25
17 319 2 04 32 05 1 06 32
17 320 2 03 38 06 1 06 38
17 321 2 00 27 02 1 07 27
17 322 2 09 58 00 0 07 25
17 323 2 04 32 05 1 07 32
17 324 2 05 11 07 0 07 38
17 325 2 03 38 06 1 07 38
17 326 2 12 29 03 1 07 29
17 327 2 08 25 04 1 07 25
17 328 2 02 43 01 0 07 38
17 329 2 02 43 01 1 07 43
17 330 2 04 32 05 0 07 11
17 331 2 05 11 07 0 07 32
17 332 2 00 27 02 1 07 27
17 333 2 12 29 03 1 07 29
17 334 2 08 25 04 1 07 25
17 000 0 23 56 00 1 00 56
17 001 0 03 42 01 1 01 42
17 002 0 23 56 00 1 01 56
17 003 0 05 71 02 1 02 71
17 004 0 23 56 00 1 02 56
17 005 0 03 42 01 1 02 42
17 006 0 05 71 02 1 03 71
17 007 0 23 56 00 1 03 56
17 008 0 03 42 01 1 03 42
17 009 0 16 39 03 1 03 39
17 010 0 16 39 03 1 04 39
17 011 0 07 73 04 0 04 03
17 012 0 05 71 02 1 04 71
17 013 0 23 56 00 1 04 56
17 014 0 03 42 01 1 04 42
17 015 0 23 56 00 1 04 56
17 016 0 03 42 01 1 04 42
17 017 0 07 73 04 0 04 53
17 018 0 05 71 02 1 04 71
17 019 0 16 39 03 1 04 39
17 020 0 03 42 01 1 04 42
17 021 0 05 71 02 0 04 56
17 022 0 16 39 03 1 04 39
17 023 0 23 56 00 1 04 56
17 024 0 07 73 04 1 04 73
17 025 0 23 56 00 1 04 56
17 026 0 05 71 02 1 04 71
17 027 0 03 42 01 1 04 42
17 028 0 07 73 04 1 04 73
17 029 0 16 39 03 1 04 39
17 030 0 12 47 05 1 05 47
17 031 0 05 71 02 1 05 71
17 032 0 16 39 03 1 05 39
17 033 0 07 73 04 1 05 73
17 034 0 03 42 01 1 05 42
17 035 0 23 56 00 1 05 56
17 036 0 23 56 00 1 06 56
17 037 0 16 39 03 1 06 39
17 038 0 07 73 04 1 06 73
17 039 0 03 42 01 1 06 42
17 040 0 05 71 02 1 06 71
17 041 0 24 50 06 1 06 50
17 042 0 12 47 05 1 06 47
17 043 0 24 50 06 1 07 50
17 044 0 05 71 02 1 07 71
17 045 0 19 21 07 1 07 21
17 046 0 23 56 00 1 07 56
17 047 0 16 39 03 1 07 39
17 048 0 12 47 05 1 07 47
17 049 0 07 73 04 1 07 73
17 050 0 03 42 01 1 07 42
17 051 0 07 73 04 1 08 73
17 052 0 12 47 05 1 08 47
17 053 0 03 42 01 1 08 42
17 054 0 24 50 06 1 08 50
17 055 0 19 21 07 1 08 21
17 056 0 20 46 08 1 08 46
17 057 0 16 39 03 1 08 39
17 058 0 23 56 00 1 08 56
17 059 0 05 71 02 1 08 71
17 060 0 16 39 03 1 09 39
17 061 0 05 71 02 1 09 71
17 062 0 20 46 08 1 09 46
17 063 0 23 56 00 1 09 56
17 064 0 07 73 04 1 09 73
17 065 0 03 42 01 1 09 42
17 066 0 19 21 07 1 09 21
17 067 0 24 50 06 1 09 50
17 068 0 12 47 05 1 09 47
17 069 0 04 35 09 1 09 35
17 070 0 19 21 07 1 10 21
17 071 0 03 42 01 1 10 42
17 072 0 07 73 04 1 10 73
17 073 0 24 50 06 1 10 50
17 074 0 12 47 05 1 10 47
17 075 0 11 37 10 1 10 37
17 076 0 20 46 08 0 10 35
17 077 0 16 39 03 1 10 39
17 078 0 23 56 00 1 10 56
17 079 0 04 35 09 1 10 35
17 080 0 05 71 02 1 10 71
17 081 0 11 37 10 1 10 37
17 082 0 20 46 08 1 10 46
17 083 0 24 50 06 1 10 50
17 084 0 05 71 02 1 10 71
17 085 0 16 39 03 1 10 39
17 086 0 23 56 00 1 10 56
17 087 0 19 21 07 1 10 21
17 088 0 07 73 04 1 10 73
17 089 0 04 35 09 1 10 35
17 090 0 12 47 05 1 10 47
17 091 0 03 42 01 1 10 42
17 092 0 04 35 09 1 11 35
17 093 0 03 42 01 1 11 42
17 094 0 16 39 03 1 11 39
17 095 0 23 56 00 1 11 56
17 096 0 12 47 05 1 11 47
17 097 0 07 73 04 0 11 37
17 098 0 19 21 07 1 11 21
17 099 0 18 14 11 1 11 14
17 100 0 20 46 08 0 11 39
17 101 0 05 71 02 1 11 71
17 102 0 11 37 10 1 11 37
17 103 0 24 50 06 1 11 50
17 104 0 05 71 02 1 11 71
17 105 0 12 47 05 1 11 47
17 106 0 23 56 00 1 11 56
17 107 0 04 35 09 1 11 35
17 108 0 24 50 06 1 11 50
17 109 0 07 73 04 1 11 73
17 110 0 03 42 01 1 11 42
17 111 0 16 39 03 1 11 39
17 112 0 11 37 10 1 11 37
17 113 0 18 14 11 1 11 14
17 114 0 19 21 07 1 11 21
17 115 0 20 46 08 1 11 46
17 116 0 12 47 05 1 12 47
17 117 0 23 56 00 1 12 56
17 118 0 18 14 11 1 12 14
17 119 0 19 21 07 1 12 21
17 120 0 16 39 03 1 12 39
17 121 0 04 35 09 1 12 35
17 122 0 05 71 02 1 12 71
17 123 0 13 51 12 1 12 51
17 124 0 11 37 10 1 12 37
17 125 0 24 50 06 1 12 50
17 126 0 07 73 04 1 12 73
17 127 0 03 42 01 1 12 42
17 128 0 20 46 08 0 12 37
17 129 0 19 21 07 1 12 21
17 130 0 13 51 12 1 12 51
17 131 0 16 39 03 1 12 39
17 132 0 20 46 08 1 12 46
17 133 0 05 71 02 1 12 71
17 134 0 11 37 10 1 12 37
17 100 1 25 28 00 1 00 28
17 101 1 25 28 00 1 01 28
17 102 1 06 23 01 1 01 23
17 103 1 25 28 00 1 02 28
17 104 1 23 70 02 1 02 70
17 105 1 06 23 01 1 02 23
17 106 1 14 17 03 1 03 17
17 107 1 23 70 02 1 03 70
17 108 1 06 23 01 1 03 23
17 109 1 25 28 00 1 03 28
17 110 1 14 17 03 1 04 17
17 111 1 10 67 04 1 04 67
17 112 1 23 70 02 1 04 70
17 113 1 25 28 00 1 04 28
17 114 1 06 23 01 1 04 23
17 115 1 23 70 02 1 05 70
17 116 1 25 28 00 0 05 23
17 117 1 06 23 01 1 05 23
17 118 1 17 18 05 1 05 18
17 119 1 14 17 03 1 05 17
17 120 1 10 67 04 1 05 67
17 121 1 14 17 03 1 05 17
17 122 1 10 67 04 0 05 18
17 123 1 23 70 02 1 05 70
17 124 1 25 28 00 0 05 27
17 125 1 06 23 01 1 05 23
17 126 1 17 18 05 1 05 18
17 127 1 17 18 05 1 05 18
17 128 1 23 70 02 1 05 70
17 129 1 25 28 00 0 05 27
17 130 1 14 17 03 1 05 17
17 131 1 10 67 04 1 05 67
17 132 1 06 23 01 1 05 23
17 133 1 25 28 00 1 05 28
17 134 1 06 23 01 1 05 23
17 135 1 14 17 03 1 05 17
17 136 1 23 70 02 1 05 70
17 137 1 10 67 04 1 05 67
17 138 1 17 18 05 1 05 18
17 139 1 06 23 01 1 06 23
17 140 1 12 22 06 1 06 22
17 141 1 23 70 02 1 06 70
17 142 1 25 28 00 1 06 28
17 143 1 10 67 04 1 06 67
17 144 1 17 18 05 1 06 18
17 145 1 14 17 03 1 06 17
17 146 1 07 65 07 0 07 68
17 147 1 17 18 05 1 07 18
17 148 1 25 28 00 1 07 28
17 149 1 12 22 06 1 07 22
17 150 1 23 70 02 1 07 70
17 151 1 14 17 03 1 07 17
17 152 1 06 23 01 1 07 23
17 153 1 10 67 04 1 07 67
17 154 1 25 28 00 1 07 28
17 155 1 06 23 01 1 07 23
17 156 1 14 17 03 1 07 17
17 157 1 10 67 04 1 07 67
17 158 1 07 65 07 1 07 65
17 159 1 23 70 02 1 07 70
17 160 1 17 18 05 1 07 18
17 161 1 12 22 06 1 07 22
17 162 1 14 17 03 1 08 17
17 163 1 10 67 04 1 08 67
17 164 1 17 18 05 1 08 18
17 165 1 25 28 00 1 08 28
17 166 1 07 65 07 1 08 65
17 167 1 06 23 01 1 08 23
17 168 1 12 22 06 1 08 22
17 169 1 11 13 08 1 08 13
17 170 1 23 70 02 1 08 70
17 171 1 11 13 08 1 09 13
17 172 1 17 18 05 1 09 18
17 173 1 25 28 00 1 09 28
17 174 1 14 17 03 1 09 17
17 175 1 06 23 01 1 09 23
17 176 1 23 70 02 1 09 70
17 177 1 07 65 07 1 09 65
17 178 1 20 59 09 1 09 59
17 179 1 12 22 06 1 09 22
17 180 1 10 67 04 1 09 67
17 181 1 25 28 00 1 10 28
17 182 1 23 70 02 1 10 70
17 183 1 10 67 04 1 10 67
17 184 1 12 22 06 1 10 22
17 185 1 06 23 01 1 10 23
17 186 1 07 65 07 1 10 65
17 187 1 14 17 03 1 10 17
17 188 1 26 26 10 0 10 29
17 189 1 11 13 08 1 10 13
17 190 1 17 18 05 1 10 18
17 191 1 20 59 09 1 10 59
17 192 1 10 67 04 1 10 67
17 193 1 11 13 08 1 10 13
17 194 1 12 22 06 1 10 22
17 195 1 17 18 05 1 10 18
17 196 1 23 70 02 1 10 70
17 197 1 07 65 07 1 10 65
17 198 1 20 59 09 1 10 59
17 199 1 06 23 01 1 10 23
17 200 1 14 17 03 1 10 17
17 201 1 26 26 10 1 10 26
17 202 1 25 28 00 1 10 28
17 203 1 12 22 06 1 11 22
17 204 1 06 23 01 1 11 23
17 205 1 08 64 11 1 11 64
17 206 1 14 17 03 1 11 17
17 207 1 17 18 05 1 11 18
17 208 1 20 59 09 1 11 59
17 209 1 11 13 08 1 11 13
17 210 1 25 28 00 1 11 28
17 211 1 10 67 04 1 11 67
17 212 1 07 65 07 1 11 65
17 213 1 23 70 02 1 11 70
17 214 1 26 26 10 1 11 26
17 215 1 07 65 07 1 12 65
17 216 1 06 23 01 1 12 23
17 217 1 08 64 11 1 12 64
17 218 1 26 26 10 1 12 26
17 219 1 11 13 08 1 12 13
17 220 1 17 18 05 0 12 17
17 221 1 25 28 00 1 12 28
17 222 1 23 70 02 1 12 70
17 223 1 15 36 12 0 12 31
17 224 1 10 67 04 1 12 67
17 225 1 12 22 06 1 12 22
17 226 1 20 59 09 1 12 59
17 227 1 14 17 03 1 12 17
17 228 1 08 64 11 1 12 64
17 229 1 11 13 08 1 12 13
17 230 1 12 22 06 1 12 22
17 231 1 23 70 02 1 12 70
17 232 1 06 23 01 1 12 23
17 233 1 25 28 00 1 12 28
17 234 1 10 67 04 1 12 67
