05 200 2 09 58 00 1 00 58
05 201 2 09 58 00 1 01 58
05 202 2 02 43 01 1 01 43
05 203 2 00 27 02 1 02 27
05 204 2 02 43 01 1 02 43
05 205 2 09 58 00 1 02 58
05 206 2 09 58 00 1 03 58
05 207 2 12 29 03 1 03 29
05 208 2 00 27 02 1 03 27
05 209 2 02 43 01 1 03 43
05 210 2 00 27 02 1 04 27
05 211 2 09 58 00 1 04 58
05 212 2 08 25 04 1 04 25
05 213 2 02 43 01 1 04 43
05 214 2 12 29 03 1 04 29
05 215 2 12 29 03 1 05 29
05 216 2 00 27 02 0 05 43
05 217 2 08 25 04 0 05 58
05 218 2 04 32 05 0 05 43
05 219 2 09 58 00 1 05 58
05 220 2 02 43 01 1 05 43
05 221 2 08 25 04 1 05 25
05 222 2 09 58 00 0 05 29
05 223 2 04 32 05 0 05 25
05 224 2 00 27 02 1 05 27
05 225 2 12 29 03 1 05 29
05 226 2 02 43 01 1 05 43
05 227 2 12 29 03 1 05 29
05 228 2 00 27 02 1 05 27
05 229 2 08 25 04 1 05 25
05 230 2 02 43 01 1 05 43
05 231 2 04 32 05 1 05 32
05 232 2 09 58 00 1 05 58
05 233 2 12 29 03 1 06 29
05 234 2 02 43 01 1 06 43
05 235 2 04 32 05 1 06 32
05 236 2 03 38 06 0 06 32
05 237 2 09 58 00 0 06 25
05 238 2 00 27 02 1 06 27
05 239 2 08 25 04 0 06 58
05 240 2 00 27 02 1 06 27
05 241 2 03 38 06 0 06 04
05 242 2 02 43 01 0 06 32
05 243 2 04 32 05 1 06 32
05 244 2 12 29 03 1 06 29
05 245 2 08 25 04 0 06 58
05 246 2 09 58 00 1 06 58
05 247 2 08 25 04 1 06 25
05 248 2 02 43 01 1 06 43
05 249 2 09 58 00 1 06 58
05 250 2 04 32 05 1 06 32
05 251 2 03 38 06 1 06 38
05 252 2 00 27 02 1 06 27
05 253 2 12 29 03 1 06 29
05 254 2 05 11 07 1 07 11
05 255 2 03 38 06 1 07 38
05 256 2 09 58 00 1 07 58
05 257 2 02 43 01 1 07 43
05 258 2 04 32 05 1 07 32
05 259 2 08 25 04 1 07 25
05 260 2 00 27 02 1 07 27
05 261 2 12 29 03 1 07 29
05 262 2 00 27 02 1 08 27
05 263 2 02 43 01 0 08 11
05 264 2 03 38 06 0 08 32
05 265 2 12 29 03 1 08 29
05 266 2 05 11 07 0 08 18
05 267 2 09 58 00 0 08 25
05 268 2 08 25 04 1 08 25
05 269 2 04 32 05 0 08 38
05 270 2 07 33 08 0 08 25
05 271 2 02 43 01 0 08 32
05 272 2 03 38 06 0 08 43
05 273 2 07 33 08 0 08 25
05 274 2 12 29 03 1 08 29
05 275 2 00 27 02 1 08 27
05 276 2 09 58 00 1 08 58
05 277 2 05 11 07 1 08 11
05 278 2 08 25 04 1 08 25
05 279 2 04 32 05 1 08 32
05 280 2 02 43 01 1 08 43
05 281 2 03 38 06 1 08 38
05 282 2 05 11 07 0 08 33
05 283 2 00 27 02 1 08 27
05 284 2 04 32 05 0 08 11
05 285 2 08 25 04 0 08 58
05 286 2 12 29 03 1 08 29
05 287 2 07 33 08 1 08 33
05 288 2 09 58 00 1 08 58
05 289 2 02 43 01 1 08 43
05 290 2 12 29 03 1 08 29
05 291 2 03 38 06 0 08 32
05 292 2 05 11 07 1 08 11
05 293 2 00 27 02 1 08 27
05 294 2 08 25 04 0 08 33
05 295 2 07 33 08 1 08 33
05 296 2 09 58 00 1 08 58
05 297 2 04 32 05 1 08 32
05 298 2 00 27 02 1 08 27
05 299 2 08 25 04 0 08 58
05 300 2 12 29 03 1 08 29
05 301 2 02 43 01 1 08 43
05 302 2 07 33 08 0 08 25
05 303 2 09 58 00 1 08 58
05 304 2 04 32 05 1 08 32
05 305 2 05 11 07 1 08 11
05 306 2 03 38 06 0 08 32
05 307 2 00 27 02 1 08 27
05 308 2 03 38 06 1 08 38
05 309 2 02 43 01 1 08 43
05 310 2 04 32 05 0 08 11
05 311 2 08 25 04 0 08 58
05 312 2 07 33 08 0 08 25
05 313 2 12 29 03 1 08 29
05 314 2 05 11 07 1 08 11
05 315 2 09 58 00 1 08 58
05 316 2 05 11 07 0 08 32
05 317 2 07 33 08 0 08 25
05 318 2 08 25 04 1 08 25
05 319 2 02 43 01 1 08 43
05 320 2 09 58 00 1 08 58
05 321 2 03 38 06 0 08 32
05 322 2 12 29 03 1 08 29
05 323 2 04 32 05 1 08 32
05 324 2 00 27 02 1 08 27
05 325 2 03 38 06 1 08 38
05 326 2 02 43 01 1 08 43
05 327 2 09 58 00 0 08 25
05 328 2 00 27 02 1 08 27
05 329 2 07 33 08 0 08 25
05 330 2 05 11 07 1 08 11
05 331 2 12 29 03 1 08 29
05 332 2 08 25 04 1 08 25
05 333 2 04 32 05 1 08 32
05 334 2 00 27 02 1 08 27
05 000 0 23 56 00 1 00 56
05 001 0 23 56 00 1 01 56
05 002 0 03 42 01 1 01 42
05 003 0 23 56 00 1 02 56
05 004 0 05 71 02 1 02 71
05 005 0 03 42 01 1 02 42
05 006 0 05 71 02 1 03 71
05 007 0 16 39 03 0 03 49
05 008 0 23 56 00 1 03 56
05 009 0 03 42 01 1 03 42
05 010 0 03 42 01 1 03 42
05 011 0 05 71 02 1 03 71
05 012 0 16 39 03 1 03 39
05 013 0 23 56 00 1 03 56
05 014 0 05 71 02 1 04 71
05 015 0 23 56 00 1 04 56
05 016 0 07 73 04 1 04 73
05 017 0 03 42 01 1 04 42
05 018 0 16 39 03 1 04 39
05 019 0 16 39 03 1 05 39
05 020 0 07 73 04 1 05 73
05 021 0 05 71 02 1 05 71
05 022 0 23 56 00 1 05 56
05 023 0 12 47 05 1 05 47
05 024 0 03 42 01 1 05 42
05 025 0 16 39 03 1 06 39
05 026 0 03 42 01 1 06 42
05 027 0 05 71 02 1 06 71
05 028 0 23 56 00 1 06 56
05 029 0 07 73 04 1 06 73
05 030 0 24 50 06 1 06 50
05 031 0 12 47 05 1 06 47
05 032 0 23 56 00 1 07 56
05 033 0 07 73 04 1 07 73
05 034 0 05 71 02 1 07 71
05 035 0 12 47 05 1 07 47
05 036 0 16 39 03 1 07 39
05 037 0 19 21 07 1 07 21
05 038 0 24 50 06 1 07 50
05 039 0 03 42 01 1 07 42
05 040 0 19 21 07 1 08 21
05 041 0 07 73 04 1 08 73
05 042 0 16 39 03 1 08 39
05 043 0 24 50 06 1 08 50
05 044 0 20 46 08 1 08 46
05 045 0 03 42 01 1 08 42
05 046 0 23 56 00 1 08 56
05 047 0 05 71 02 1 08 71
05 048 0 12 47 05 1 08 47
05 049 0 23 56 00 1 09 56
05 050 0 12 47 05 1 09 47
05 051 0 03 42 01 1 09 42
05 052 0 16 39 03 1 09 39
05 053 0 05 71 02 1 09 71
05 054 0 07 73 04 1 09 73
05 055 0 04 35 09 0 09 59
05 056 0 24 50 06 1 09 50
05 057 0 19 21 07 1 09 21
05 058 0 20 46 08 1 09 46
05 059 0 23 56 00 1 09 56
05 060 0 12 47 05 1 09 47
05 061 0 16 39 03 1 09 39
05 062 0 07 73 04 1 09 73
05 063 0 20 46 08 0 09 35
05 064 0 24 50 06 1 09 50
05 065 0 03 42 01 1 09 42
05 066 0 04 35 09 1 09 35
05 067 0 05 71 02 1 09 71
05 068 0 19 21 07 1 09 21
05 069 0 19 21 07 1 09 21
05 070 0 24 50 06 1 09 50
05 071 0 12 47 05 1 09 47
05 072 0 20 46 08 1 09 46
05 073 0 03 42 01 1 09 42
05 074 0 05 71 02 1 09 71
05 075 0 04 35 09 1 09 35
05 076 0 16 39 03 1 09 39
05 077 0 07 73 04 1 09 73
05 078 0 23 56 00 1 09 56
05 079 0 03 42 01 1 10 42
05 080 0 04 35 09 1 10 35
05 081 0 05 71 02 1 10 71
05 082 0 23 56 00 1 10 56
05 083 0 24 50 06 1 10 50
05 084 0 07 73 04 1 10 73
05 085 0 12 47 05 1 10 47
05 086 0 20 46 08 1 10 46
05 087 0 11 37 10 1 10 37
05 088 0 16 39 03 1 10 39
05 089 0 19 21 07 0 10 12
05 090 0 20 46 08 1 10 46
05 091 0 24 50 06 1 10 50
05 092 0 05 71 02 1 10 71
05 093 0 16 39 03 1 10 39
05 094 0 11 37 10 1 10 37
05 095 0 23 56 00 1 10 56
05 096 0 12 47 05 1 10 47
05 097 0 19 21 07 1 10 21
05 098 0 03 42 01 1 10 42
05 099 0 07 73 04 1 10 73
05 100 0 04 35 09 1 10 35
05 101 0 03 42 01 1 11 42
05 102 0 04 35 09 1 11 35
05 103 0 05 71 02 1 11 71
05 104 0 18 14 11 1 11 14
05 105 0 20 46 08 1 11 46
05 106 0 07 73 04 1 11 73
05 107 0 12 47 05 1 11 47
05 108 0 16 39 03 0 11 37
05 109 0 11 37 10 1 11 37
05 110 0 23 56 00 1 11 56
05 111 0 24 50 06 1 11 50
05 112 0 19 21 07 1 11 21
05 113 0 23 56 00 1 11 56
05 114 0 20 46 08 1 11 46
05 115 0 03 42 01 1 11 42
05 116 0 12 47 05 1 11 47
05 117 0 19 21 07 1 11 21
05 118 0 07 73 04 1 11 73
05 119 0 04 35 09 1 11 35
05 120 0 11 37 10 1 11 37
05 121 0 24 50 06 1 11 50
05 122 0 16 39 03 1 11 39
05 123 0 05 71 02 1 11 71
05 124 0 18 14 11 1 11 14
05 125 0 03 42 01 1 12 42
05 126 0 13 51 12 1 12 51
05 127 0 19 21 07 1 12 21
05 128 0 11 37 10 1 12 37
05 129 0 05 71 02 1 12 71
05 130 0 04 35 09 1 12 35
05 131 0 23 56 00 1 12 56
05 132 0 20 46 08 1 12 46
05 133 0 12 47 05 1 12 47
05 134 0 18 14 11 1 12 14
05 100 1 25 28 00 1 00 28
05 101 1 25 28 00 1 01 28
05 102 1 06 23 01 1 01 23
05 103 1 25 28 00 1 02 28
05 104 1 23 70 02 1 02 70
05 105 1 06 23 01 1 02 23
05 106 1 25 28 00 1 03 28
05 107 1 23 70 02 1 03 70
05 108 1 06 23 01 1 03 23
05 109 1 14 17 03 0 03 78
05 110 1 14 17 03 1 03 17
05 111 1 23 70 02 1 03 70
05 112 1 25 28 00 1 03 28
05 113 1 06 23 01 1 03 23
05 114 1 25 28 00 1 04 28
05 115 1 06 23 01 1 04 23
05 116 1 10 67 04 1 04 67
05 117 1 23 70 02 1 04 70
05 118 1 14 17 03 1 04 17
05 119 1 14 17 03 1 05 17
05 120 1 17 18 05 1 05 18
05 121 1 25 28 00 1 05 28
05 122 1 06 23 01 1 05 23
05 123 1 10 67 04 1 05 67
05 124 1 23 70 02 1 05 70
05 125 1 12 22 06 1 06 22
05 126 1 25 28 00 1 06 28
05 127 1 10 67 04 0 06 17
05 128 1 14 17 03 1 06 17
05 129 1 06 23 01 1 06 23
05 130 1 17 18 05 1 06 18
05 131 1 23 70 02 1 06 70
05 132 1 17 18 05 1 06 18
05 133 1 14 17 03 1 06 17
05 134 1 12 22 06 0 06 16
05 135 1 06 23 01 1 06 23
05 136 1 10 67 04 0 06 18
05 137 1 25 28 00 1 06 28
05 138 1 23 70 02 1 06 70
05 139 1 12 22 06 1 06 22
05 140 1 23 70 02 1 06 70
05 141 1 06 23 01 1 06 23
05 142 1 17 18 05 1 06 18
05 143 1 14 17 03 1 06 17
05 144 1 10 67 04 1 06 67
05 145 1 25 28 00 1 06 28
05 146 1 06 23 01 1 07 23
05 147 1 14 17 03 1 07 17
05 148 1 23 70 02 0 07 18
05 149 1 10 67 04 1 07 67
05 150 1 07 65 07 0 07 66
05 151 1 17 18 05 1 07 18
05 152 1 25 28 00 1 07 28
05 153 1 12 22 06 1 07 22
05 154 1 07 65 07 1 07 65
05 155 1 25 28 00 1 07 28
05 156 1 10 67 04 1 07 67
05 157 1 06 23 01 1 07 23
05 158 1 17 18 05 1 07 18
05 159 1 23 70 02 1 07 70
05 160 1 14 17 03 0 07 18
05 161 1 12 22 06 0 07 65
05 162 1 23 70 02 1 07 70
05 163 1 07 65 07 1 07 65
05 164 1 10 67 04 1 07 67
05 165 1 25 28 00 1 07 28
05 166 1 06 23 01 1 07 23
05 167 1 12 22 06 1 07 22
05 168 1 14 17 03 1 07 17
05 169 1 17 18 05 1 07 18
05 170 1 07 65 07 1 08 65
05 171 1 10 67 04 1 08 67
05 172 1 14 17 03 1 08 17
05 173 1 06 23 01 1 08 23
05 174 1 17 18 05 1 08 18
05 175 1 25 28 00 1 08 28
05 176 1 11 13 08 0 08 35
05 177 1 12 22 06 1 08 22
05 178 1 23 70 02 1 08 70
05 179 1 14 17 03 1 08 17
05 180 1 17 18 05 1 08 18
05 181 1 23 70 02 1 08 70
05 182 1 12 22 06 1 08 22
05 183 1 10 67 04 1 08 67
05 184 1 11 13 08 1 08 13
05 185 1 06 23 01 1 08 23
05 186 1 07 65 07 1 08 65
05 187 1 25 28 00 1 08 28
05 188 1 23 70 02 1 09 70
05 189 1 20 59 09 0 09 25
05 190 1 10 67 04 1 09 67
05 191 1 07 65 07 1 09 65
05 192 1 11 13 08 1 09 13
05 193 1 17 18 05 1 09 18
05 194 1 25 28 00 1 09 28
05 195 1 12 22 06 1 09 22
05 196 1 14 17 03 1 09 17
05 197 1 06 23 01 1 09 23
05 198 1 06 23 01 1 09 23
05 199 1 25 28 00 1 09 28
05 200 1 10 67 04 1 09 67
05 201 1 11 13 08 1 09 13
05 202 1 12 22 06 1 09 22
05 203 1 23 70 02 1 09 70
05 204 1 14 17 03 1 09 17
05 205 1 20 59 09 0 09 25
05 206 1 07 65 07 1 09 65
05 207 1 17 18 05 1 09 18
05 208 1 20 59 09 1 09 59
05 209 1 17 18 05 1 09 18
05 210 1 23 70 02 1 09 70
05 211 1 25 28 00 1 09 28
05 212 1 14 17 03 1 09 17
05 213 1 07 65 07 1 09 65
05 214 1 12 22 06 1 09 22
05 215 1 06 23 01 1 09 23
05 216 1 11 13 08 1 09 13
05 217 1 10 67 04 1 09 67
05 218 1 23 70 02 1 10 70
05 219 1 25 28 00 1 10 28
05 220 1 06 23 01 1 10 23
05 221 1 10 67 04 1 10 67
05 222 1 26 26 10 1 10 26
05 223 1 17 18 05 1 10 18
05 224 1 07 65 07 1 10 65
05 225 1 14 17 03 1 10 17
05 226 1 11 13 08 1 10 13
05 227 1 12 22 06 1 10 22
05 228 1 20 59 09 0 10 26
05 229 1 26 26 10 1 10 26
05 230 1 25 28 00 1 10 28
05 231 1 23 70 02 1 10 70
05 232 1 14 17 03 1 10 17
05 233 1 17 18 05 1 10 18
05 234 1 07 65 07 1 10 65
