07 100 1 25 28 00 1 00 28
07 101 1 25 28 00 0 01 23
07 102 1 06 23 01 0 01 28
07 103 1 06 23 01 1 01 23
07 104 1 25 28 00 1 01 28
07 105 1 25 28 00 1 02 28
07 106 1 23 70 02 1 02 70
07 107 1 06 23 01 1 02 23
07 108 1 23 70 02 1 03 70
07 109 1 06 23 01 1 03 23
07 110 1 25 28 00 1 03 28
07 111 1 14 17 03 1 03 17
07 112 1 10 67 04 1 04 67
07 113 1 25 28 00 1 04 28
07 114 1 14 17 03 0 04 23
07 115 1 23 70 02 1 04 70
07 116 1 06 23 01 1 04 23
07 117 1 25 28 00 1 04 28
07 118 1 06 23 01 1 04 23
07 119 1 14 17 03 1 04 17
07 120 1 23 70 02 1 04 70
07 121 1 10 67 04 0 04 28
07 122 1 23 70 02 1 04 70
07 123 1 14 17 03 1 04 17
07 124 1 25 28 00 0 04 23
07 125 1 06 23 01 1 04 23
07 126 1 10 67 04 0 04 28
07 127 1 10 67 04 1 04 67
07 128 1 06 23 01 1 04 23
07 129 1 14 17 03 0 04 28
07 130 1 23 70 02 1 04 70
07 131 1 25 28 00 0 04 23
07 132 1 06 23 01 1 04 23
07 133 1 10 67 04 0 04 28
07 134 1 23 70 02 1 04 70
07 135 1 25 28 00 0 04 23
07 136 1 14 17 03 1 04 17
07 137 1 23 70 02 1 04 70
07 138 1 25 28 00 1 04 28
07 139 1 06 23 01 1 04 23
07 140 1 14 17 03 1 04 17
07 141 1 10 67 04 1 04 67
07 142 1 25 28 00 1 05 28
07 143 1 23 70 02 1 05 70
07 144 1 10 67 04 1 05 67
07 145 1 17 18 05 0 05 01
07 146 1 14 17 03 1 05 17
07 147 1 06 23 01 1 05 23
07 148 1 23 70 02 1 05 70
07 149 1 06 23 01 1 05 23
07 150 1 10 67 04 1 05 67
07 151 1 25 28 00 1 05 28
07 152 1 14 17 03 1 05 17
07 153 1 17 18 05 1 05 18
07 154 1 12 22 06 1 06 22
07 155 1 25 28 00 1 06 28
07 156 1 10 67 04 1 06 67
07 157 1 06 23 01 1 06 23
07 158 1 14 17 03 1 06 17
07 159 1 23 70 02 1 06 70
07 160 1 17 18 05 1 06 18
07 161 1 07 65 07 1 07 65
07 162 1 23 70 02 1 07 70
07 163 1 06 23 01 0 07 18
07 164 1 14 17 03 1 07 17
07 165 1 12 22 06 0 07 18
07 166 1 17 18 05 1 07 18
07 167 1 10 67 04 1 07 67
07 168 1 25 28 00 1 07 28
07 169 1 23 70 02 1 07 70
07 170 1 07 65 07 0 07 22
07 171 1 06 23 01 0 07 18
07 172 1 12 22 06 0 07 65
07 173 1 25 28 00 1 07 28
07 174 1 17 18 05 1 07 18
07 175 1 14 17 03 1 07 17
07 176 1 10 67 04 1 07 67
07 177 1 14 17 03 0 07 22
07 178 1 17 18 05 1 07 18
07 179 1 23 70 02 1 07 70
07 180 1 12 22 06 1 07 22
07 181 1 25 28 00 1 07 28
07 182 1 06 23 01 1 07 23
07 183 1 07 65 07 0 07 22
07 184 1 10 67 04 1 07 67
07 185 1 06 23 01 1 07 23
07 186 1 07 65 07 1 07 65
07 187 1 17 18 05 1 07 18
07 188 1 10 67 04 1 07 67
07 189 1 25 28 00 1 07 28
07 190 1 12 22 06 1 07 22
07 191 1 14 17 03 1 07 17
07 192 1 23 70 02 1 07 70
07 193 1 12 22 06 1 08 22
07 194 1 17 18 05 1 08 18
07 195 1 25 28 00 1 08 28
07 196 1 11 13 08 1 08 13
07 197 1 10 67 04 1 08 67
07 198 1 14 17 03 1 08 17
07 199 1 23 70 02 1 08 70
07 200 1 06 23 01 1 08 23
07 201 1 07 65 07 1 08 65
07 202 1 10 67 04 1 09 67
07 203 1 23 70 02 1 09 70
07 204 1 07 65 07 1 09 65
07 205 1 17 18 05 1 09 18
07 206 1 12 22 06 1 09 22
07 207 1 14 17 03 1 09 17
07 208 1 20 59 09 0 09 13
07 209 1 06 23 01 1 09 23
07 210 1 11 13 08 1 09 13
07 211 1 25 28 00 1 09 28
07 212 1 25 28 00 1 09 28
07 213 1 23 70 02 1 09 70
07 214 1 14 17 03 1 09 17
07 215 1 06 23 01 1 09 23
07 216 1 10 67 04 1 09 67
07 217 1 17 18 05 1 09 18
07 218 1 07 65 07 1 09 65
07 219 1 20 59 09 1 09 59
07 220 1 12 22 06 1 09 22
07 221 1 11 13 08 1 09 13
07 222 1 23 70 02 1 10 70
07 223 1 07 65 07 1 10 65
07 224 1 26 26 10 1 10 26
07 225 1 20 59 09 1 10 59
07 226 1 25 28 00 0 10 67
07 227 1 06 23 01 1 10 23
07 228 1 14 17 03 1 10 17
07 229 1 10 67 04 1 10 67
07 230 1 12 22 06 1 10 22
07 231 1 11 13 08 1 10 13
07 232 1 17 18 05 1 10 18
07 233 1 20 59 09 1 10 59
07 234 1 25 28 00 1 10 28
07 200 2 09 58 00 1 00 58
07 201 2 09 58 00 1 01 58
07 202 2 02 43 01 0 01 48
07 203 2 02 43 01 1 01 43
07 204 2 09 58 00 1 01 58
07 205 2 09 58 00 1 02 58
07 206 2 00 27 02 1 02 27
07 207 2 02 43 01 0 02 48
07 208 2 02 43 01 1 02 43
07 209 2 09 58 00 1 02 58
07 210 2 00 27 02 1 02 27
07 211 2 12 29 03 1 03 29
07 212 2 00 27 02 1 03 27
07 213 2 09 58 00 0 03 48
07 214 2 02 43 01 1 03 43
07 215 2 02 43 01 1 03 43
07 216 2 09 58 00 1 03 58
07 217 2 00 27 02 1 03 27
07 218 2 12 29 03 1 03 29
07 219 2 09 58 00 0 04 25
07 220 2 12 29 03 1 04 29
07 221 2 02 43 01 1 04 43
07 222 2 08 25 04 0 04 58
07 223 2 00 27 02 1 04 27
07 224 2 09 58 00 1 04 58
07 225 2 08 25 04 1 04 25
07 226 2 02 43 01 0 04 27
07 227 2 12 29 03 0 04 36
07 228 2 00 27 02 1 04 27
07 229 2 00 27 02 1 04 27
07 230 2 02 43 01 1 04 43
07 231 2 12 29 03 1 04 29
07 232 2 08 25 04 0 04 58
07 233 2 09 58 00 0 04 25
07 234 2 08 25 04 0 04 58
07 235 2 00 27 02 1 04 27
07 236 2 09 58 00 0 04 25
07 237 2 12 29 03 1 04 29
07 238 2 02 43 01 1 04 43
07 239 2 09 58 00 0 04 25
07 240 2 00 27 02 1 04 27
07 241 2 12 29 03 1 04 29
07 242 2 02 43 01 1 04 43
07 243 2 08 25 04 1 04 25
07 244 2 02 43 01 0 04 24
07 245 2 09 58 00 1 04 58
07 246 2 08 25 04 1 04 25
07 247 2 12 29 03 1 04 29
07 248 2 00 27 02 1 04 27
07 249 2 00 27 02 1 04 27
07 250 2 08 25 04 0 04 58
07 251 2 09 58 00 1 04 58
07 252 2 02 43 01 1 04 43
07 253 2 12 29 03 1 04 29
07 254 2 12 29 03 1 04 29
07 255 2 09 58 00 0 04 25
07 256 2 00 27 02 1 04 27
07 257 2 02 43 01 1 04 43
07 258 2 08 25 04 1 04 25
07 259 2 12 29 03 1 04 29
07 260 2 09 58 00 1 04 58
07 261 2 02 43 01 1 04 43
07 262 2 08 25 04 1 04 25
07 263 2 00 27 02 1 04 27
07 264 2 02 43 01 1 05 43
07 265 2 12 29 03 1 05 29
07 266 2 00 27 02 1 05 27
07 267 2 09 58 00 1 05 58
07 268 2 04 32 05 0 05 43
07 269 2 08 25 04 0 05 58
07 270 2 00 27 02 1 05 27
07 271 2 02 43 01 1 05 43
07 272 2 09 58 00 0 05 25
07 273 2 08 25 04 0 05 58
07 274 2 04 32 05 0 05 43
07 275 2 12 29 03 1 05 29
07 276 2 00 27 02 1 05 27
07 277 2 12 29 03 1 05 29
07 278 2 08 25 04 0 05 58
07 279 2 04 32 05 0 05 43
07 280 2 09 58 00 0 05 29
07 281 2 02 43 01 1 05 43
07 282 2 08 25 04 1 05 25
07 283 2 04 32 05 1 05 32
07 284 2 09 58 00 0 05 29
07 285 2 02 43 01 1 05 43
07 286 2 12 29 03 1 05 29
07 287 2 00 27 02 1 05 27
07 288 2 04 32 05 1 05 32
07 289 2 12 29 03 1 05 29
07 290 2 02 43 01 1 05 43
07 291 2 09 58 00 1 05 58
07 292 2 00 27 02 1 05 27
07 293 2 08 25 04 1 05 25
07 294 2 08 25 04 1 06 25
07 295 2 02 43 01 1 06 43
07 296 2 03 38 06 0 06 32
07 297 2 12 29 03 1 06 29
07 298 2 04 32 05 1 06 32
07 299 2 00 27 02 1 06 27
07 300 2 09 58 00 1 06 58
07 301 2 09 58 00 0 06 25
07 302 2 02 43 01 1 06 43
07 303 2 08 25 04 1 06 25
07 304 2 00 27 02 1 06 27
07 305 2 03 38 06 0 06 32
07 306 2 12 29 03 1 06 29
07 307 2 04 32 05 0 06 38
07 308 2 09 58 00 1 06 58
07 309 2 02 43 01 1 06 43
07 310 2 08 25 04 1 06 25
07 311 2 12 29 03 1 06 29
07 312 2 04 32 05 0 06 38
07 313 2 00 27 02 1 06 27
07 314 2 03 38 06 0 06 43
07 315 2 12 29 03 1 06 29
07 316 2 03 38 06 1 06 38
07 317 2 08 25 04 0 06 58
07 318 2 02 43 01 1 06 43
07 319 2 04 32 05 1 06 32
07 320 2 09 58 00 1 06 58
07 321 2 00 27 02 1 06 27
07 322 2 08 25 04 1 06 25
07 323 2 04 32 05 0 06 38
07 324 2 02 43 01 1 06 43
07 325 2 00 27 02 1 06 27
07 326 2 03 38 06 0 06 43
07 327 2 09 58 00 1 06 58
07 328 2 12 29 03 1 06 29
07 329 2 04 32 05 1 06 32
07 330 2 03 38 06 1 06 38
07 331 2 12 29 03 1 06 29
07 332 2 02 43 01 1 06 43
07 333 2 09 58 00 0 06 25
07 334 2 08 25 04 0 06 58
07 000 0 23 56 00 1 00 56
07 001 0 23 56 00 1 01 56
07 002 0 03 42 01 0 01 48
07 003 0 03 42 01 1 01 42
07 004 0 23 56 00 1 01 56
07 005 0 05 71 02 1 02 71
07 006 0 23 56 00 1 02 56
07 007 0 03 42 01 1 02 42
07 008 0 05 71 02 1 03 71
07 009 0 23 56 00 1 03 56
07 010 0 16 39 03 1 03 39
07 011 0 03 42 01 1 03 42
07 012 0 05 71 02 1 04 71
07 013 0 07 73 04 1 04 73
07 014 0 03 42 01 1 04 42
07 015 0 16 39 03 1 04 39
07 016 0 23 56 00 1 04 56
07 017 0 12 47 05 1 05 47
07 018 0 16 39 03 1 05 39
07 019 0 23 56 00 1 05 56
07 020 0 05 71 02 1 05 71
07 021 0 07 73 04 1 05 73
07 022 0 03 42 01 1 05 42
07 023 0 03 42 01 1 06 42
07 024 0 05 71 02 1 06 71
07 025 0 16 39 03 1 06 39
07 026 0 24 50 06 1 06 50
07 027 0 07 73 04 1 06 73
07 028 0 12 47 05 0 06 25
07 029 0 23 56 00 1 06 56
07 030 0 07 73 04 1 06 73
07 031 0 23 56 00 1 06 56
07 032 0 03 42 01 1 06 42
07 033 0 05 71 02 1 06 71
07 034 0 12 47 05 1 06 47
07 035 0 24 50 06 1 06 50
07 036 0 16 39 03 1 06 39
07 037 0 05 71 02 1 07 71
07 038 0 03 42 01 1 07 42
07 039 0 19 21 07 0 07 31
07 040 0 12 47 05 1 07 47
07 041 0 23 56 00 1 07 56
07 042 0 24 50 06 1 07 50
07 043 0 16 39 03 1 07 39
07 044 0 07 73 04 1 07 73
07 045 0 07 73 04 1 07 73
07 046 0 24 50 06 1 07 50
07 047 0 12 47 05 0 07 21
07 048 0 03 42 01 1 07 42
07 049 0 19 21 07 1 07 21
07 050 0 16 39 03 1 07 39
07 051 0 05 71 02 1 07 71
07 052 0 23 56 00 1 07 56
07 053 0 12 47 05 1 07 47
07 054 0 05 71 02 1 07 71
07 055 0 16 39 03 1 07 39
07 056 0 23 56 00 1 07 56
07 057 0 07 73 04 1 07 73
07 058 0 19 21 07 1 07 21
07 059 0 24 50 06 1 07 50
07 060 0 03 42 01 1 07 42
07 061 0 16 39 03 1 08 39
07 062 0 23 56 00 1 08 56
07 063 0 24 50 06 1 08 50
07 064 0 12 47 05 1 08 47
07 065 0 07 73 04 1 08 73
07 066 0 05 71 02 1 08 71
07 067 0 03 42 01 1 08 42
07 068 0 20 46 08 0 08 53
07 069 0 19 21 07 1 08 21
07 070 0 20 46 08 1 08 46
07 071 0 24 50 06 1 08 50
07 072 0 12 47 05 1 08 47
07 073 0 16 39 03 1 08 39
07 074 0 05 71 02 1 08 71
07 075 0 23 56 00 1 08 56
07 076 0 19 21 07 1 08 21
07 077 0 03 42 01 1 08 42
07 078 0 07 73 04 1 08 73
07 079 0 16 39 03 1 09 39
07 080 0 20 46 08 1 09 46
07 081 0 23 56 00 1 09 56
07 082 0 04 35 09 1 09 35
07 083 0 07 73 04 1 09 73
07 084 0 12 47 05 1 09 47
07 085 0 03 42 01 1 09 42
07 086 0 05 71 02 1 09 71
07 087 0 24 50 06 1 09 50
07 088 0 19 21 07 1 09 21
07 089 0 23 56 00 1 10 56
07 090 0 11 37 10 1 10 37
07 091 0 07 73 04 1 10 73
07 092 0 24 50 06 1 10 50
07 093 0 12 47 05 1 10 47
07 094 0 20 46 08 1 10 46
07 095 0 19 21 07 1 10 21
07 096 0 05 71 02 1 10 71
07 097 0 16 39 03 1 10 39
07 098 0 03 42 01 1 10 42
07 099 0 04 35 09 1 10 35
07 100 0 19 21 07 1 11 21
07 101 0 11 37 10 0 11 28
07 102 0 24 50 06 1 11 50
07 103 0 16 39 03 1 11 39
07 104 0 18 14 11 1 11 14
07 105 0 03 42 01 1 11 42
07 106 0 20 46 08 1 11 46
07 107 0 05 71 02 1 11 71
07 108 0 07 73 04 1 11 73
07 109 0 12 47 05 1 11 47
07 110 0 23 56 00 1 11 56
07 111 0 04 35 09 1 11 35
07 112 0 04 35 09 1 11 35
07 113 0 18 14 11 1 11 14
07 114 0 12 47 05 1 11 47
07 115 0 16 39 03 1 11 39
07 116 0 11 37 10 0 11 47
07 117 0 19 21 07 1 11 21
07 118 0 05 71 02 1 11 71
07 119 0 07 73 04 0 11 77
07 120 0 24 50 06 1 11 50
07 121 0 23 56 00 1 11 56
07 122 0 03 42 01 1 11 42
07 123 0 20 46 08 1 11 46
07 124 0 23 56 00 1 11 56
07 125 0 04 35 09 1 11 35
07 126 0 20 46 08 1 11 46
07 127 0 11 37 10 1 11 37
07 128 0 05 71 02 1 11 71
07 129 0 03 42 01 1 11 42
07 130 0 24 50 06 1 11 50
07 131 0 07 73 04 1 11 73
07 132 0 16 39 03 1 11 39
07 133 0 19 21 07 1 11 21
07 134 0 18 14 11 1 11 14
