15 000 0 23 56 00 1 00 56
15 001 0 23 56 00 1 01 56
15 002 0 03 42 01 1 01 42
15 003 0 05 71 02 1 02 71
15 004 0 03 42 01 1 02 42
15 005 0 23 56 00 1 02 56
15 006 0 23 56 00 1 03 56
15 007 0 16 39 03 1 03 39
15 008 0 05 71 02 1 03 71
15 009 0 03 42 01 1 03 42
15 010 0 05 71 02 1 04 71
15 011 0 23 56 00 1 04 56
15 012 0 07 73 04 0 04 76
15 013 0 03 42 01 1 04 42
15 014 0 16 39 03 0 04 34
15 015 0 03 42 01 1 04 42
15 016 0 16 39 03 1 04 39
15 017 0 07 73 04 0 04 35
15 018 0 23 56 00 1 04 56
15 019 0 05 71 02 1 04 71
15 020 0 16 39 03 1 04 39
15 021 0 07 73 04 1 04 73
15 022 0 23 56 00 1 04 56
15 023 0 03 42 01 1 04 42
15 024 0 05 71 02 0 04 56
15 025 0 16 39 03 1 04 39
15 026 0 07 73 04 1 04 73
15 027 0 05 71 02 0 04 73
15 028 0 23 56 00 1 04 56
15 029 0 03 42 01 1 04 42
15 030 0 23 56 00 1 04 56
15 031 0 05 71 02 1 04 71
15 032 0 07 73 04 0 04 39
15 033 0 16 39 03 0 04 73
15 034 0 03 42 01 1 04 42
15 035 0 07 73 04 0 04 71
15 036 0 03 42 01 1 04 42
15 037 0 16 39 03 0 04 73
15 038 0 05 71 02 0 04 39
15 039 0 23 56 00 1 04 56
15 040 0 05 71 02 1 04 71
15 041 0 16 39 03 1 04 39
15 042 0 03 42 01 1 04 42
15 043 0 07 73 04 0 04 37
15 044 0 23 56 00 1 04 56
15 045 0 07 73 04 1 04 73
15 046 0 05 71 02 1 04 71
15 047 0 23 56 00 1 04 56
15 048 0 16 39 03 1 04 39
15 049 0 03 42 01 1 04 42
15 050 0 05 71 02 1 05 71
15 051 0 12 47 05 0 05 37
15 052 0 16 39 03 1 05 39
15 053 0 03 42 01 1 05 42
15 054 0 07 73 04 1 05 73
15 055 0 23 56 00 1 05 56
15 056 0 05 71 02 1 05 71
15 057 0 16 39 03 1 05 39
15 058 0 12 47 05 1 05 47
15 059 0 23 56 00 1 05 56
15 060 0 03 42 01 1 05 42
15 061 0 07 73 04 0 05 71
15 062 0 03 42 01 1 05 42
15 063 0 12 47 05 1 05 47
15 064 0 16 39 03 1 05 39
15 065 0 07 73 04 1 05 73
15 066 0 05 71 02 1 05 71
15 067 0 23 56 00 1 05 56
15 068 0 16 39 03 0 06 73
15 069 0 03 42 01 1 06 42
15 070 0 12 47 05 1 06 47
15 071 0 07 73 04 1 06 73
15 072 0 05 71 02 1 06 71
15 073 0 24 50 06 1 06 50
15 074 0 23 56 00 1 06 56
15 075 0 23 56 00 1 06 56
15 076 0 03 42 01 1 06 42
15 077 0 24 50 06 1 06 50
15 078 0 12 47 05 1 06 47
15 079 0 16 39 03 1 06 39
15 080 0 07 73 04 1 06 73
15 081 0 05 71 02 1 06 71
15 082 0 07 73 04 1 07 73
15 083 0 24 50 06 1 07 50
15 084 0 19 21 07 1 07 21
15 085 0 05 71 02 1 07 71
15 086 0 12 47 05 1 07 47
15 087 0 03 42 01 1 07 42
15 088 0 23 56 00 1 07 56
15 089 0 16 39 03 1 07 39
15 090 0 23 56 00 1 08 56
15 091 0 07 73 04 1 08 73
15 092 0 24 50 06 1 08 50
15 093 0 19 21 07 1 08 21
15 094 0 03 42 01 1 08 42
15 095 0 05 71 02 1 08 71
15 096 0 20 46 08 0 08 42
15 097 0 12 47 05 1 08 47
15 098 0 16 39 03 1 08 39
15 099 0 03 42 01 1 08 42
15 100 0 23 56 00 1 08 56
15 101 0 19 21 07 1 08 21
15 102 0 05 71 02 1 08 71
15 103 0 12 47 05 1 08 47
15 104 0 16 39 03 1 08 39
15 105 0 07 73 04 1 08 73
15 106 0 20 46 08 1 08 46
15 107 0 24 50 06 1 08 50
15 108 0 04 35 09 1 09 35
15 109 0 05 71 02 1 09 71
15 110 0 07 73 04 1 09 73
15 111 0 03 42 01 1 09 42
15 112 0 23 56 00 1 09 56
15 113 0 16 39 03 1 09 39
15 114 0 20 46 08 1 09 46
15 115 0 12 47 05 1 09 47
15 116 0 19 21 07 1 09 21
15 117 0 24 50 06 1 09 50
15 118 0 23 56 00 1 10 56
15 119 0 03 42 01 1 10 42
15 120 0 24 50 06 1 10 50
15 121 0 04 35 09 1 10 35
15 122 0 05 71 02 1 10 71
15 123 0 19 21 07 1 10 21
15 124 0 11 37 10 1 10 37
15 125 0 07 73 04 1 10 73
15 126 0 16 39 03 1 10 39
15 127 0 12 47 05 1 10 47
15 128 0 20 46 08 1 10 46
15 129 0 20 46 08 1 11 46
15 130 0 04 35 09 1 11 35
15 131 0 05 71 02 1 11 71
15 132 0 23 56 00 1 11 56
15 133 0 11 37 10 1 11 37
15 134 0 07 73 04 1 11 73
15 100 1 25 28 00 1 00 28
15 101 1 25 28 00 1 01 28
15 102 1 06 23 01 0 01 35
15 103 1 25 28 00 1 01 28
15 104 1 06 23 01 1 01 23
15 105 1 25 28 00 1 02 28
15 106 1 23 70 02 1 02 70
15 107 1 06 23 01 1 02 23
15 108 1 23 70 02 1 03 70
15 109 1 14 17 03 0 03 27
15 110 1 25 28 00 1 03 28
15 111 1 06 23 01 1 03 23
15 112 1 06 23 01 1 03 23
15 113 1 23 70 02 1 03 70
15 114 1 14 17 03 1 03 17
15 115 1 25 28 00 1 03 28
15 116 1 23 70 02 1 04 70
15 117 1 25 28 00 0 04 23
15 118 1 10 67 04 1 04 67
15 119 1 06 23 01 1 04 23
15 120 1 14 17 03 1 04 17
15 121 1 06 23 01 1 04 23
15 122 1 25 28 00 1 04 28
15 123 1 23 70 02 1 04 70
15 124 1 14 17 03 1 04 17
15 125 1 10 67 04 1 04 67
15 126 1 17 18 05 1 05 18
15 127 1 25 28 00 1 05 28
15 128 1 10 67 04 1 05 67
15 129 1 14 17 03 1 05 17
15 130 1 23 70 02 1 05 70
15 131 1 06 23 01 1 05 23
15 132 1 06 23 01 1 06 23
15 133 1 10 67 04 1 06 67
15 134 1 14 17 03 1 06 17
15 135 1 23 70 02 1 06 70
15 136 1 25 28 00 1 06 28
15 137 1 12 22 06 1 06 22
15 138 1 17 18 05 1 06 18
15 139 1 12 22 06 0 07 18
15 140 1 25 28 00 1 07 28
15 141 1 07 65 07 0 07 67
15 142 1 06 23 01 1 07 23
15 143 1 10 67 04 0 07 18
15 144 1 17 18 05 1 07 18
15 145 1 14 17 03 1 07 17
15 146 1 23 70 02 1 07 70
15 147 1 17 18 05 1 07 18
15 148 1 10 67 04 1 07 67
15 149 1 14 17 03 1 07 17
15 150 1 12 22 06 1 07 22
15 151 1 07 65 07 1 07 65
15 152 1 23 70 02 1 07 70
15 153 1 25 28 00 1 07 28
15 154 1 06 23 01 1 07 23
15 155 1 07 65 07 1 08 65
15 156 1 25 28 00 1 08 28
15 157 1 06 23 01 1 08 23
15 158 1 23 70 02 1 08 70
15 159 1 14 17 03 1 08 17
15 160 1 10 67 04 1 08 67
15 161 1 12 22 06 1 08 22
15 162 1 17 18 05 1 08 18
15 163 1 11 13 08 1 08 13
15 164 1 23 70 02 1 09 70
15 165 1 11 13 08 1 09 13
15 166 1 12 22 06 1 09 22
15 167 1 06 23 01 1 09 23
15 168 1 10 67 04 0 09 65
15 169 1 17 18 05 1 09 18
15 170 1 25 28 00 1 09 28
15 171 1 20 59 09 0 09 37
15 172 1 07 65 07 0 09 67
15 173 1 14 17 03 1 09 17
15 174 1 12 22 06 1 09 22
15 175 1 10 67 04 1 09 67
15 176 1 07 65 07 1 09 65
15 177 1 25 28 00 1 09 28
15 178 1 20 59 09 0 09 56
15 179 1 17 18 05 1 09 18
15 180 1 14 17 03 1 09 17
15 181 1 23 70 02 1 09 70
15 182 1 06 23 01 1 09 23
15 183 1 11 13 08 1 09 13
15 184 1 23 70 02 1 09 70
15 185 1 20 59 09 1 09 59
15 186 1 14 17 03 1 09 17
15 187 1 07 65 07 1 09 65
15 188 1 06 23 01 1 09 23
15 189 1 11 13 08 1 09 13
15 190 1 25 28 00 1 09 28
15 191 1 12 22 06 1 09 22
15 192 1 17 18 05 1 09 18
15 193 1 10 67 04 1 09 67
15 194 1 20 59 09 1 10 59
15 195 1 10 67 04 1 10 67
15 196 1 12 22 06 1 10 22
15 197 1 23 70 02 1 10 70
15 198 1 11 13 08 1 10 13
15 199 1 26 26 10 0 10 49
15 200 1 06 23 01 1 10 23
15 201 1 17 18 05 1 10 18
15 202 1 14 17 03 1 10 17
15 203 1 25 28 00 1 10 28
15 204 1 07 65 07 1 10 65
15 205 1 20 59 09 1 10 59
15 206 1 07 65 07 1 10 65
15 207 1 06 23 01 1 10 23
15 208 1 14 17 03 1 10 17
15 209 1 11 13 08 1 10 13
15 210 1 10 67 04 1 10 67
15 211 1 12 22 06 1 10 22
15 212 1 17 18 05 1 10 18
15 213 1 23 70 02 1 10 70
15 214 1 26 26 10 1 10 26
15 215 1 25 28 00 1 10 28
15 216 1 11 13 08 1 11 13
15 217 1 26 26 10 1 11 26
15 218 1 12 22 06 1 11 22
15 219 1 08 64 11 1 11 64
15 220 1 20 59 09 1 11 59
15 221 1 14 17 03 1 11 17
15 222 1 17 18 05 1 11 18
15 223 1 07 65 07 1 11 65
15 224 1 06 23 01 1 11 23
15 225 1 23 70 02 1 11 70
15 226 1 10 67 04 1 11 67
15 227 1 25 28 00 1 11 28
15 228 1 15 36 12 1 12 36
15 229 1 08 64 11 1 12 64
15 230 1 07 65 07 1 12 65
15 231 1 10 67 04 1 12 67
15 232 1 17 18 05 1 12 18
15 233 1 23 70 02 1 12 70
15 234 1 11 13 08 1 12 13
15 200 2 09 58 00 1 00 58
15 201 2 02 43 01 1 01 43
15 202 2 09 58 00 1 01 58
15 203 2 00 27 02 1 02 27
15 204 2 09 58 00 1 02 58
15 205 2 02 43 01 0 02 46
15 206 2 00 27 02 1 02 27
15 207 2 09 58 00 1 02 58
15 208 2 02 43 01 1 02 43
15 209 2 12 29 03 1 03 29
15 210 2 09 58 00 0 03 56
15 211 2 00 27 02 1 03 27
15 212 2 02 43 01 1 03 43
15 213 2 09 58 00 0 03 57
15 214 2 02 43 01 1 03 43
15 215 2 12 29 03 0 03 58
15 216 2 00 27 02 1 03 27
15 217 2 12 29 03 0 03 28
15 218 2 00 27 02 1 03 27
15 219 2 02 43 01 1 03 43
15 220 2 09 58 00 1 03 58
15 221 2 02 43 01 1 03 43
15 222 2 12 29 03 1 03 29
15 223 2 00 27 02 1 03 27
15 224 2 09 58 00 1 03 58
15 225 2 12 29 03 0 04 58
15 226 2 00 27 02 1 04 27
15 227 2 08 25 04 0 04 58
15 228 2 02 43 01 1 04 43
15 229 2 09 58 00 1 04 58
15 230 2 08 25 04 0 04 58
15 231 2 09 58 00 0 04 25
15 232 2 02 43 01 1 04 43
15 233 2 00 27 02 1 04 27
15 234 2 12 29 03 1 04 29
15 235 2 09 58 00 1 04 58
15 236 2 08 25 04 0 04 27
15 237 2 12 29 03 1 04 29
15 238 2 00 27 02 1 04 27
15 239 2 02 43 01 1 04 43
15 240 2 08 25 04 0 04 58
15 241 2 09 58 00 1 04 58
15 242 2 02 43 01 1 04 43
15 243 2 12 29 03 1 04 29
15 244 2 00 27 02 1 04 27
15 245 2 09 58 00 0 04 25
15 246 2 02 43 01 1 04 43
15 247 2 12 29 03 1 04 29
15 248 2 00 27 02 1 04 27
15 249 2 08 25 04 1 04 25
15 250 2 09 58 00 1 04 58
15 251 2 12 29 03 1 04 29
15 252 2 08 25 04 1 04 25
15 253 2 02 43 01 1 04 43
15 254 2 00 27 02 1 04 27
15 255 2 12 29 03 1 05 29
15 256 2 08 25 04 0 05 58
15 257 2 02 43 01 1 05 43
15 258 2 09 58 00 1 05 58
15 259 2 00 27 02 1 05 27
15 260 2 04 32 05 1 05 32
15 261 2 09 58 00 0 05 25
15 262 2 00 27 02 1 05 27
15 263 2 02 43 01 0 05 32
15 264 2 08 25 04 0 05 58
15 265 2 12 29 03 1 05 29
15 266 2 04 32 05 1 05 32
15 267 2 00 27 02 1 05 27
15 268 2 12 29 03 1 05 29
15 269 2 02 43 01 0 05 32
15 270 2 08 25 04 1 05 25
15 271 2 04 32 05 1 05 32
15 272 2 09 58 00 1 05 58
15 273 2 04 32 05 1 05 32
15 274 2 00 27 02 1 05 27
15 275 2 09 58 00 1 05 58
15 276 2 08 25 04 0 05 58
15 277 2 12 29 03 1 05 29
15 278 2 02 43 01 1 05 43
15 279 2 09 58 00 0 05 25
15 280 2 02 43 01 1 05 43
15 281 2 12 29 03 1 05 29
15 282 2 08 25 04 1 05 25
15 283 2 04 32 05 1 05 32
15 284 2 00 27 02 1 05 27
15 285 2 04 32 05 1 05 32
15 286 2 12 29 03 1 05 29
15 287 2 02 43 01 1 05 43
15 288 2 00 27 02 1 05 27
15 289 2 09 58 00 1 05 58
15 290 2 08 25 04 1 05 25
15 291 2 12 29 03 1 06 29
15 292 2 03 38 06 1 06 38
15 293 2 08 25 04 1 06 25
15 294 2 00 27 02 1 06 27
15 295 2 04 32 05 0 06 38
15 296 2 02 43 01 1 06 43
15 297 2 09 58 00 1 06 58
15 298 2 04 32 05 1 06 32
15 299 2 03 38 06 0 06 32
15 300 2 08 25 04 0 06 58
15 301 2 02 43 01 1 06 43
15 302 2 09 58 00 1 06 58
15 303 2 12 29 03 1 06 29
15 304 2 00 27 02 1 06 27
15 305 2 03 38 06 0 06 32
15 306 2 08 25 04 0 06 58
15 307 2 12 29 03 1 06 29
15 308 2 00 27 02 1 06 27
15 309 2 04 32 05 0 06 38
15 310 2 02 43 01 0 06 38
15 311 2 09 58 00 0 06 25
15 312 2 02 43 01 0 06 32
15 313 2 08 25 04 1 06 25
15 314 2 12 29 03 1 06 29
15 315 2 09 58 00 1 06 58
15 316 2 04 32 05 0 06 38
15 317 2 03 38 06 1 06 38
15 318 2 00 27 02 1 06 27
15 319 2 04 32 05 1 06 32
15 320 2 03 38 06 0 06 43
15 321 2 00 27 02 1 06 27
15 322 2 12 29 03 1 06 29
15 323 2 09 58 00 1 06 58
15 324 2 02 43 01 1 06 43
15 325 2 08 25 04 1 06 25
15 326 2 03 38 06 1 06 38
15 327 2 02 43 01 0 06 32
15 328 2 09 58 00 1 06 58
15 329 2 12 29 03 1 06 29
15 330 2 00 27 02 1 06 27
15 331 2 08 25 04 1 06 25
15 332 2 04 32 05 1 06 32
15 333 2 09 58 00 0 06 25
15 334 2 02 43 01 1 06 43
