06 000 0 23 56 00 1 00 56
06 001 0 23 56 00 1 01 56
06 002 0 03 42 01 1 01 42
06 003 0 05 71 02 1 02 71
06 004 0 03 42 01 1 02 42
06 005 0 23 56 00 1 02 56
06 006 0 23 56 00 1 03 56
06 007 0 16 39 03 1 03 39
06 008 0 05 71 02 0 03 42
06 009 0 03 42 01 1 03 42
06 010 0 16 39 03 1 03 39
06 011 0 05 71 02 1 03 71
06 012 0 03 42 01 1 03 42
06 013 0 23 56 00 1 03 56
06 014 0 03 42 01 1 04 42
06 015 0 07 73 04 1 04 73
06 016 0 05 71 02 1 04 71
06 017 0 23 56 00 1 04 56
06 018 0 16 39 03 1 04 39
06 019 0 03 42 01 1 05 42
06 020 0 05 71 02 1 05 71
06 021 0 23 56 00 1 05 56
06 022 0 16 39 03 1 05 39
06 023 0 07 73 04 1 05 73
06 024 0 12 47 05 0 05 43
06 025 0 05 71 02 1 05 71
06 026 0 03 42 01 1 05 42
06 027 0 12 47 05 1 05 47
06 028 0 07 73 04 1 05 73
06 029 0 23 56 00 1 05 56
06 030 0 16 39 03 1 05 39
06 031 0 12 47 05 1 06 47
06 032 0 05 71 02 1 06 71
06 033 0 03 42 01 1 06 42
06 034 0 23 56 00 1 06 56
06 035 0 16 39 03 1 06 39
06 036 0 24 50 06 1 06 50
06 037 0 07 73 04 0 06 47
06 038 0 16 39 03 1 06 39
06 039 0 03 42 01 1 06 42
06 040 0 24 50 06 1 06 50
06 041 0 12 47 05 1 06 47
06 042 0 23 56 00 1 06 56
06 043 0 05 71 02 1 06 71
06 044 0 07 73 04 1 06 73
06 045 0 05 71 02 1 07 71
06 046 0 16 39 03 1 07 39
06 047 0 07 73 04 1 07 73
06 048 0 23 56 00 1 07 56
06 049 0 19 21 07 0 07 29
06 050 0 03 42 01 0 07 47
06 051 0 12 47 05 1 07 47
06 052 0 24 50 06 1 07 50
06 053 0 07 73 04 0 07 42
06 054 0 24 50 06 1 07 50
06 055 0 19 21 07 1 07 21
06 056 0 23 56 00 1 07 56
06 057 0 05 71 02 1 07 71
06 058 0 03 42 01 1 07 42
06 059 0 16 39 03 1 07 39
06 060 0 12 47 05 1 07 47
06 061 0 12 47 05 1 07 47
06 062 0 03 42 01 1 07 42
06 063 0 23 56 00 1 07 56
06 064 0 05 71 02 1 07 71
06 065 0 07 73 04 1 07 73
06 066 0 16 39 03 1 07 39
06 067 0 19 21 07 1 07 21
06 068 0 24 50 06 1 07 50
06 069 0 03 42 01 1 08 42
06 070 0 12 47 05 0 08 42
06 071 0 23 56 00 1 08 56
06 072 0 07 73 04 1 08 73
06 073 0 20 46 08 1 08 46
06 074 0 16 39 03 1 08 39
06 075 0 05 71 02 1 08 71
06 076 0 24 50 06 1 08 50
06 077 0 19 21 07 1 08 21
06 078 0 05 71 02 1 08 71
06 079 0 03 42 01 1 08 42
06 080 0 23 56 00 1 08 56
06 081 0 07 73 04 1 08 73
06 082 0 24 50 06 1 08 50
06 083 0 16 39 03 1 08 39
06 084 0 19 21 07 1 08 21
06 085 0 12 47 05 1 08 47
06 086 0 20 46 08 1 08 46
06 087 0 19 21 07 1 09 21
06 088 0 04 35 09 1 09 35
06 089 0 23 56 00 1 09 56
06 090 0 12 47 05 1 09 47
06 091 0 20 46 08 1 09 46
06 092 0 24 50 06 1 09 50
06 093 0 16 39 03 1 09 39
06 094 0 07 73 04 1 09 73
06 095 0 05 71 02 1 09 71
06 096 0 03 42 01 1 09 42
06 097 0 11 37 10 1 10 37
06 098 0 24 50 06 1 10 50
06 099 0 16 39 03 1 10 39
06 100 0 23 56 00 1 10 56
06 101 0 04 35 09 1 10 35
06 102 0 07 73 04 1 10 73
06 103 0 03 42 01 1 10 42
06 104 0 19 21 07 1 10 21
06 105 0 12 47 05 1 10 47
06 106 0 05 71 02 1 10 71
06 107 0 20 46 08 1 10 46
06 108 0 18 14 11 1 11 14
06 109 0 04 35 09 1 11 35
06 110 0 19 21 07 1 11 21
06 111 0 11 37 10 1 11 37
06 112 0 23 56 00 1 11 56
06 113 0 07 73 04 1 11 73
06 114 0 12 47 05 1 11 47
06 115 0 20 46 08 1 11 46
06 116 0 24 50 06 1 11 50
06 117 0 16 39 03 1 11 39
06 118 0 05 71 02 1 11 71
06 119 0 03 42 01 1 11 42
06 120 0 03 42 01 1 12 42
06 121 0 11 37 10 1 12 37
06 122 0 04 35 09 1 12 35
06 123 0 24 50 06 1 12 50
06 124 0 13 51 12 0 12 41
06 125 0 16 39 03 1 12 39
06 126 0 19 21 07 1 12 21
06 127 0 07 73 04 1 12 73
06 128 0 23 56 00 1 12 56
06 129 0 12 47 05 1 12 47
06 130 0 05 71 02 1 12 71
06 131 0 18 14 11 1 12 14
06 132 0 20 46 08 1 12 46
06 133 0 13 51 12 1 12 51
06 134 0 16 39 03 1 12 39
06 100 1 25 28 00 1 00 28
06 101 1 06 23 01 1 01 23
06 102 1 25 28 00 1 01 28
06 103 1 25 28 00 1 02 28
06 104 1 23 70 02 1 02 70
06 105 1 06 23 01 1 02 23
06 106 1 14 17 03 1 03 17
06 107 1 25 28 00 1 03 28
06 108 1 23 70 02 1 03 70
06 109 1 06 23 01 1 03 23
06 110 1 25 28 00 1 04 28
06 111 1 23 70 02 1 04 70
06 112 1 10 67 04 0 04 04
06 113 1 14 17 03 0 04 70
06 114 1 06 23 01 1 04 23
06 115 1 10 67 04 1 04 67
06 116 1 14 17 03 1 04 17
06 117 1 25 28 00 1 04 28
06 118 1 06 23 01 1 04 23
06 119 1 23 70 02 1 04 70
06 120 1 17 18 05 1 05 18
06 121 1 10 67 04 1 05 67
06 122 1 25 28 00 1 05 28
06 123 1 14 17 03 1 05 17
06 124 1 23 70 02 1 05 70
06 125 1 06 23 01 1 05 23
06 126 1 23 70 02 1 06 70
06 127 1 12 22 06 1 06 22
06 128 1 14 17 03 1 06 17
06 129 1 17 18 05 1 06 18
06 130 1 06 23 01 1 06 23
06 131 1 25 28 00 1 06 28
06 132 1 10 67 04 1 06 67
06 133 1 06 23 01 1 07 23
06 134 1 25 28 00 1 07 28
06 135 1 12 22 06 1 07 22
06 136 1 07 65 07 1 07 65
06 137 1 10 67 04 1 07 67
06 138 1 14 17 03 0 07 70
06 139 1 23 70 02 1 07 70
06 140 1 17 18 05 1 07 18
06 141 1 23 70 02 0 07 17
06 142 1 14 17 03 1 07 17
06 143 1 25 28 00 1 07 28
06 144 1 06 23 01 1 07 23
06 145 1 07 65 07 0 07 68
06 146 1 10 67 04 1 07 67
06 147 1 17 18 05 1 07 18
06 148 1 12 22 06 1 07 22
06 149 1 25 28 00 0 07 65
06 150 1 07 65 07 1 07 65
06 151 1 10 67 04 1 07 67
06 152 1 12 22 06 1 07 22
06 153 1 23 70 02 1 07 70
06 154 1 06 23 01 1 07 23
06 155 1 17 18 05 1 07 18
06 156 1 14 17 03 1 07 17
06 157 1 25 28 00 1 07 28
06 158 1 10 67 04 1 07 67
06 159 1 23 70 02 1 07 70
06 160 1 14 17 03 1 07 17
06 161 1 17 18 05 1 07 18
06 162 1 07 65 07 1 07 65
06 163 1 06 23 01 0 07 15
06 164 1 12 22 06 1 07 22
06 165 1 07 65 07 1 07 65
06 166 1 12 22 06 1 07 22
06 167 1 17 18 05 1 07 18
06 168 1 25 28 00 1 07 28
06 169 1 14 17 03 1 07 17
06 170 1 06 23 01 1 07 23
06 171 1 10 67 04 0 07 65
06 172 1 23 70 02 1 07 70
06 173 1 14 17 03 1 07 17
06 174 1 17 18 05 1 07 18
06 175 1 23 70 02 1 07 70
06 176 1 06 23 01 1 07 23
06 177 1 10 67 04 1 07 67
06 178 1 07 65 07 1 07 65
06 179 1 12 22 06 1 07 22
06 180 1 25 28 00 1 07 28
06 181 1 07 65 07 1 08 65
06 182 1 14 17 03 1 08 17
06 183 1 12 22 06 1 08 22
06 184 1 11 13 08 1 08 13
06 185 1 17 18 05 1 08 18
06 186 1 10 67 04 1 08 67
06 187 1 06 23 01 1 08 23
06 188 1 25 28 00 1 08 28
06 189 1 23 70 02 1 08 70
06 190 1 23 70 02 1 09 70
06 191 1 06 23 01 1 09 23
06 192 1 07 65 07 1 09 65
06 193 1 17 18 05 1 09 18
06 194 1 20 59 09 0 09 35
06 195 1 11 13 08 1 09 13
06 196 1 25 28 00 1 09 28
06 197 1 14 17 03 0 09 22
06 198 1 10 67 04 1 09 67
06 199 1 12 22 06 1 09 22
06 200 1 23 70 02 1 09 70
06 201 1 12 22 06 1 09 22
06 202 1 25 28 00 1 09 28
06 203 1 14 17 03 1 09 17
06 204 1 20 59 09 1 09 59
06 205 1 06 23 01 1 09 23
06 206 1 07 65 07 0 09 67
06 207 1 17 18 05 1 09 18
06 208 1 10 67 04 1 09 67
06 209 1 11 13 08 1 09 13
06 210 1 17 18 05 1 09 18
06 211 1 20 59 09 1 09 59
06 212 1 23 70 02 1 09 70
06 213 1 07 65 07 1 09 65
06 214 1 11 13 08 1 09 13
06 215 1 06 23 01 1 09 23
06 216 1 12 22 06 1 09 22
06 217 1 25 28 00 1 09 28
06 218 1 14 17 03 1 09 17
06 219 1 10 67 04 1 09 67
06 220 1 07 65 07 1 10 65
06 221 1 12 22 06 1 10 22
06 222 1 17 18 05 1 10 18
06 223 1 26 26 10 1 10 26
06 224 1 06 23 01 1 10 23
06 225 1 25 28 00 1 10 28
06 226 1 10 67 04 1 10 67
06 227 1 11 13 08 1 10 13
06 228 1 20 59 09 1 10 59
06 229 1 23 70 02 1 10 70
06 230 1 14 17 03 1 10 17
06 231 1 11 13 08 1 11 13
06 232 1 25 28 00 1 11 28
06 233 1 26 26 10 0 11 64
06 234 1 17 18 05 1 11 18
06 200 2 09 58 00 1 00 58
06 201 2 02 43 01 1 01 43
06 202 2 09 58 00 1 01 58
06 203 2 02 43 01 1 02 43
06 204 2 00 27 02 1 02 27
06 205 2 09 58 00 1 02 58
06 206 2 00 27 02 1 03 27
06 207 2 12 29 03 1 03 29
06 208 2 02 43 01 1 03 43
06 209 2 09 58 00 1 03 58
06 210 2 09 58 00 1 04 58
06 211 2 08 25 04 0 04 29
06 212 2 12 29 03 1 04 29
06 213 2 02 43 01 0 04 46
06 214 2 00 27 02 0 04 29
06 215 2 12 29 03 1 04 29
06 216 2 09 58 00 0 04 25
06 217 2 00 27 02 1 04 27
06 218 2 02 43 01 1 04 43
06 219 2 08 25 04 0 04 58
06 220 2 02 43 01 1 04 43
06 221 2 12 29 03 0 04 59
06 222 2 08 25 04 0 04 58
06 223 2 09 58 00 1 04 58
06 224 2 00 27 02 1 04 27
06 225 2 12 29 03 0 04 59
06 226 2 09 58 00 1 04 58
06 227 2 08 25 04 1 04 25
06 228 2 02 43 01 1 04 43
06 229 2 00 27 02 1 04 27
06 230 2 00 27 02 1 04 27
06 231 2 08 25 04 1 04 25
06 232 2 12 29 03 1 04 29
06 233 2 02 43 01 1 04 43
06 234 2 09 58 00 1 04 58
06 235 2 09 58 00 1 05 58
06 236 2 04 32 05 0 05 43
06 237 2 00 27 02 1 05 27
06 238 2 02 43 01 1 05 43
06 239 2 12 29 03 1 05 29
06 240 2 08 25 04 0 05 58
06 241 2 02 43 01 1 05 43
06 242 2 08 25 04 0 05 58
06 243 2 00 27 02 1 05 27
06 244 2 12 29 03 1 05 29
06 245 2 04 32 05 0 05 58
06 246 2 09 58 00 0 05 25
06 247 2 04 32 05 0 05 43
06 248 2 00 27 02 1 05 27
06 249 2 08 25 04 0 05 58
06 250 2 12 29 03 1 05 29
06 251 2 02 43 01 1 05 43
06 252 2 09 58 00 1 05 58
06 253 2 08 25 04 1 05 25
06 254 2 02 43 01 1 05 43
06 255 2 00 27 02 1 05 27
06 256 2 12 29 03 1 05 29
06 257 2 04 32 05 1 05 32
06 258 2 09 58 00 0 05 25
06 259 2 04 32 05 1 05 32
06 260 2 02 43 01 1 05 43
06 261 2 09 58 00 1 05 58
06 262 2 12 29 03 1 05 29
06 263 2 08 25 04 1 05 25
06 264 2 00 27 02 1 05 27
06 265 2 02 43 01 1 06 43
06 266 2 00 27 02 1 06 27
06 267 2 04 32 05 1 06 32
06 268 2 03 38 06 1 06 38
06 269 2 08 25 04 1 06 25
06 270 2 09 58 00 1 06 58
06 271 2 12 29 03 1 06 29
06 272 2 03 38 06 0 07 43
06 273 2 05 11 07 0 07 32
06 274 2 12 29 03 1 07 29
06 275 2 02 43 01 1 07 43
06 276 2 09 58 00 1 07 58
06 277 2 04 32 05 1 07 32
06 278 2 00 27 02 1 07 27
06 279 2 08 25 04 1 07 25
06 280 2 05 11 07 0 07 32
06 281 2 08 25 04 0 07 58
06 282 2 02 43 01 1 07 43
06 283 2 00 27 02 1 07 27
06 284 2 09 58 00 1 07 58
06 285 2 03 38 06 0 07 43
06 286 2 04 32 05 0 07 38
06 287 2 12 29 03 1 07 29
06 288 2 12 29 03 1 07 29
06 289 2 00 27 02 1 07 27
06 290 2 05 11 07 0 07 32
06 291 2 03 38 06 0 07 32
06 292 2 09 58 00 0 07 29
06 293 2 08 25 04 0 07 58
06 294 2 02 43 01 1 07 43
06 295 2 04 32 05 1 07 32
06 296 2 08 25 04 1 07 25
06 297 2 09 58 00 1 07 58
06 298 2 05 11 07 1 07 11
06 299 2 00 27 02 1 07 27
06 300 2 04 32 05 0 07 38
06 301 2 03 38 06 0 07 43
06 302 2 02 43 01 1 07 43
06 303 2 12 29 03 1 07 29
06 304 2 05 11 07 0 07 25
06 305 2 02 43 01 1 07 43
06 306 2 08 25 04 0 07 58
06 307 2 00 27 02 1 07 27
06 308 2 12 29 03 1 07 29
06 309 2 03 38 06 1 07 38
06 310 2 09 58 00 0 07 25
06 311 2 04 32 05 1 07 32
06 312 2 03 38 06 1 07 38
06 313 2 09 58 00 0 07 25
06 314 2 04 32 05 1 07 32
06 315 2 08 25 04 0 07 58
06 316 2 00 27 02 1 07 27
06 317 2 12 29 03 1 07 29
06 318 2 02 43 01 1 07 43
06 319 2 05 11 07 0 07 32
06 320 2 02 43 01 1 07 43
06 321 2 00 27 02 1 07 27
06 322 2 04 32 05 1 07 32
06 323 2 09 58 00 0 07 25
06 324 2 03 38 06 0 07 32
06 325 2 12 29 03 1 07 29
06 326 2 08 25 04 0 07 58
06 327 2 05 11 07 0 07 32
06 328 2 00 27 02 1 07 27
06 329 2 09 58 00 0 07 29
06 330 2 08 25 04 1 07 25
06 331 2 04 32 05 1 07 32
06 332 2 02 43 01 1 07 43
06 333 2 05 11 07 1 07 11
06 334 2 12 29 03 1 07 29
