03 000 0 23 56 00 0 00 00
03 001 0 23 56 00 0 00 00
03 002 0 23 56 00 0 00 00
03 003 0 23 56 00 0 00 00
03 004 0 23 56 00 0 00 00
03 005 0 23 56 00 1 00 56
03 006 0 03 42 01 1 01 42
03 007 0 23 56 00 0 01 42
03 008 0 03 42 01 1 01 42
03 009 0 23 56 00 1 01 56
03 010 0 23 56 00 1 02 56
03 011 0 03 42 01 1 02 42
03 012 0 05 71 02 1 02 71
03 013 0 03 42 01 1 03 42
03 014 0 05 71 02 0 03 56
03 015 0 16 39 03 0 03 56
03 016 0 23 56 00 1 03 56
03 017 0 03 42 01 1 03 42
03 018 0 23 56 00 1 03 56
03 019 0 16 39 03 1 03 39
03 020 0 05 71 02 1 03 71
03 021 0 16 39 03 1 04 39
03 022 0 05 71 02 1 04 71
03 023 0 23 56 00 1 04 56
03 024 0 03 42 01 1 04 42
03 025 0 07 73 04 1 04 73
03 026 0 16 39 03 1 05 39
03 027 0 12 47 05 1 05 47
03 028 0 07 73 04 0 05 39
03 029 0 23 56 00 1 05 56
03 030 0 05 71 02 1 05 71
03 031 0 03 42 01 1 05 42
03 032 0 12 47 05 0 05 73
03 033 0 16 39 03 1 05 39
03 034 0 23 56 00 1 05 56
03 035 0 05 71 02 1 05 71
03 036 0 03 42 01 1 05 42
03 037 0 07 73 04 0 05 47
03 038 0 05 71 02 1 05 71
03 039 0 23 56 00 1 05 56
03 040 0 03 42 01 1 05 42
03 041 0 16 39 03 1 05 39
03 042 0 12 47 05 0 05 73
03 043 0 07 73 04 1 05 73
03 044 0 16 39 03 0 05 93
03 045 0 12 47 05 1 05 47
03 046 0 23 56 00 1 05 56
03 047 0 07 73 04 1 05 73
03 048 0 03 42 01 1 05 42
03 049 0 05 71 02 1 05 71
03 050 0 12 47 05 1 05 47
03 051 0 05 71 02 1 05 71
03 052 0 07 73 04 0 05 47
03 053 0 03 42 01 1 05 42
03 054 0 16 39 03 0 05 37
03 055 0 23 56 00 1 05 56
03 056 0 12 47 05 1 05 47
03 057 0 07 73 04 1 05 73
03 058 0 05 71 02 1 05 71
03 059 0 23 56 00 1 05 56
03 060 0 03 42 01 1 05 42
03 061 0 16 39 03 1 05 39
03 062 0 03 42 01 1 06 42
03 063 0 05 71 02 1 06 71
03 064 0 23 56 00 1 06 56
03 065 0 24 50 06 0 06 56
03 066 0 16 39 03 1 06 39
03 067 0 07 73 04 0 06 71
03 068 0 12 47 05 0 06 39
03 069 0 05 71 02 1 06 71
03 070 0 03 42 01 1 06 42
03 071 0 23 56 00 1 06 56
03 072 0 24 50 06 1 06 50
03 073 0 12 47 05 1 06 47
03 074 0 07 73 04 1 06 73
03 075 0 16 39 03 1 06 39
03 076 0 05 71 02 1 07 71
03 077 0 16 39 03 1 07 39
03 078 0 03 42 01 1 07 42
03 079 0 23 56 00 1 07 56
03 080 0 12 47 05 1 07 47
03 081 0 07 73 04 1 07 73
03 082 0 19 21 07 1 07 21
03 083 0 24 50 06 1 07 50
03 084 0 24 50 06 1 08 50
03 085 0 19 21 07 0 08 46
03 086 0 05 71 02 0 08 73
03 087 0 03 42 01 1 08 42
03 088 0 20 46 08 0 08 56
03 089 0 07 73 04 0 08 39
03 090 0 12 47 05 1 08 47
03 091 0 16 39 03 1 08 39
03 092 0 23 56 00 1 08 56
03 093 0 07 73 04 1 08 73
03 094 0 05 71 02 1 08 71
03 095 0 20 46 08 0 08 56
03 096 0 23 56 00 1 08 56
03 097 0 03 42 01 1 08 42
03 098 0 12 47 05 1 08 47
03 099 0 16 39 03 1 08 39
03 100 0 24 50 06 1 08 50
03 101 0 19 21 07 1 08 21
03 102 0 03 42 01 1 08 42
03 103 0 12 47 05 1 08 47
03 104 0 24 50 06 1 08 50
03 105 0 16 39 03 1 08 39
03 106 0 07 73 04 1 08 73
03 107 0 05 71 02 1 08 71
03 108 0 19 21 07 1 08 21
03 109 0 20 46 08 1 08 46
03 110 0 23 56 00 1 08 56
03 111 0 04 35 09 1 09 35
03 112 0 03 42 01 1 09 42
03 113 0 24 50 06 1 09 50
03 114 0 05 71 02 1 09 71
03 115 0 23 56 00 1 09 56
03 116 0 12 47 05 1 09 47
03 117 0 07 73 04 1 09 73
03 118 0 19 21 07 1 09 21
03 119 0 20 46 08 1 09 46
03 120 0 16 39 03 1 09 39
03 121 0 24 50 06 1 10 50
03 122 0 04 35 09 0 10 37
03 123 0 07 73 04 0 10 38
03 124 0 11 37 10 0 10 05
03 125 0 20 46 08 0 10 56
03 126 0 03 42 01 1 10 42
03 127 0 23 56 00 1 10 56
03 128 0 05 71 02 1 10 71
03 129 0 19 21 07 1 10 21
03 130 0 16 39 03 1 10 39
03 131 0 12 47 05 1 10 47
03 132 0 19 21 07 1 10 21
03 133 0 20 46 08 0 10 47
03 134 0 03 42 01 1 10 42
03 100 1 25 28 00 1 00 28
03 101 1 25 28 00 0 01 21
03 102 1 06 23 01 1 01 23
03 103 1 25 28 00 1 01 28
03 104 1 06 23 01 1 01 23
03 105 1 23 70 02 0 02 28
03 106 1 06 23 01 1 02 23
03 107 1 25 28 00 1 02 28
03 108 1 25 28 00 1 02 28
03 109 1 23 70 02 1 02 70
03 110 1 06 23 01 1 02 23
03 111 1 14 17 03 0 03 73
03 112 1 25 28 00 1 03 28
03 113 1 06 23 01 1 03 23
03 114 1 23 70 02 1 03 70
03 115 1 06 23 01 1 03 23
03 116 1 23 70 02 1 03 70
03 117 1 14 17 03 1 03 17
03 118 1 25 28 00 1 03 28
03 119 1 25 28 00 0 04 67
03 120 1 23 70 02 1 04 70
03 121 1 06 23 01 1 04 23
03 122 1 10 67 04 0 04 05
03 123 1 14 17 03 1 04 17
03 124 1 14 17 03 1 04 17
03 125 1 23 70 02 1 04 70
03 126 1 25 28 00 1 04 28
03 127 1 10 67 04 1 04 67
03 128 1 06 23 01 1 04 23
03 129 1 10 67 04 0 05 23
03 130 1 17 18 05 0 05 55
03 131 1 14 17 03 1 05 17
03 132 1 06 23 01 1 05 23
03 133 1 25 28 00 1 05 28
03 134 1 23 70 02 1 05 70
03 135 1 25 28 00 1 05 28
03 136 1 10 67 04 0 05 18
03 137 1 17 18 05 0 05 17
03 138 1 14 17 03 1 05 17
03 139 1 23 70 02 1 05 70
03 140 1 06 23 01 1 05 23
03 141 1 25 28 00 1 05 28
03 142 1 14 17 03 1 05 17
03 143 1 23 70 02 1 05 70
03 144 1 06 23 01 1 05 23
03 145 1 10 67 04 1 05 67
03 146 1 17 18 05 1 05 18
03 147 1 17 18 05 1 06 18
03 148 1 10 67 04 1 06 67
03 149 1 25 28 00 1 06 28
03 150 1 12 22 06 1 06 22
03 151 1 23 70 02 1 06 70
03 152 1 14 17 03 1 06 17
03 153 1 06 23 01 1 06 23
03 154 1 14 17 03 1 07 17
03 155 1 06 23 01 1 07 23
03 156 1 23 70 02 1 07 70
03 157 1 10 67 04 1 07 67
03 158 1 17 18 05 1 07 18
03 159 1 25 28 00 1 07 28
03 160 1 12 22 06 1 07 22
03 161 1 07 65 07 0 07 67
03 162 1 10 67 04 0 07 65
03 163 1 12 22 06 1 07 22
03 164 1 25 28 00 1 07 28
03 165 1 23 70 02 1 07 70
03 166 1 14 17 03 1 07 17
03 167 1 06 23 01 1 07 23
03 168 1 07 65 07 1 07 65
03 169 1 17 18 05 1 07 18
03 170 1 23 70 02 1 07 70
03 171 1 10 67 04 1 07 67
03 172 1 12 22 06 1 07 22
03 173 1 06 23 01 1 07 23
03 174 1 17 18 05 1 07 18
03 175 1 07 65 07 1 07 65
03 176 1 14 17 03 1 07 17
03 177 1 25 28 00 1 07 28
03 178 1 11 13 08 0 08 19
03 179 1 17 18 05 1 08 18
03 180 1 14 17 03 1 08 17
03 181 1 07 65 07 1 08 65
03 182 1 25 28 00 1 08 28
03 183 1 12 22 06 1 08 22
03 184 1 10 67 04 1 08 67
03 185 1 23 70 02 1 08 70
03 186 1 06 23 01 1 08 23
03 187 1 06 23 01 1 08 23
03 188 1 14 17 03 1 08 17
03 189 1 07 65 07 1 08 65
03 190 1 23 70 02 0 08 67
03 191 1 12 22 06 1 08 22
03 192 1 25 28 00 1 08 28
03 193 1 11 13 08 0 08 67
03 194 1 10 67 04 0 08 55
03 195 1 17 18 05 1 08 18
03 196 1 14 17 03 0 08 71
03 197 1 17 18 05 1 08 18
03 198 1 10 67 04 0 08 65
03 199 1 25 28 00 1 08 28
03 200 1 12 22 06 1 08 22
03 201 1 07 65 07 1 08 65
03 202 1 06 23 01 1 08 23
03 203 1 23 70 02 1 08 70
03 204 1 11 13 08 0 08 18
03 205 1 12 22 06 1 08 22
03 206 1 06 23 01 1 08 23
03 207 1 10 67 04 0 08 65
03 208 1 11 13 08 1 08 13
03 209 1 14 17 03 1 08 17
03 210 1 07 65 07 0 08 67
03 211 1 17 18 05 1 08 18
03 212 1 25 28 00 1 08 28
03 213 1 23 70 02 1 08 70
03 214 1 11 13 08 1 08 13
03 215 1 17 18 05 1 08 18
03 216 1 07 65 07 0 08 67
03 217 1 23 70 02 1 08 70
03 218 1 14 17 03 1 08 17
03 219 1 12 22 06 1 08 22
03 220 1 06 23 01 1 08 23
03 221 1 10 67 04 0 08 65
03 222 1 25 28 00 1 08 28
03 223 1 07 65 07 1 08 65
03 224 1 12 22 06 1 08 22
03 225 1 23 70 02 1 08 70
03 226 1 25 28 00 1 08 28
03 227 1 17 18 05 1 08 18
03 228 1 06 23 01 1 08 23
03 229 1 11 13 08 1 08 13
03 230 1 10 67 04 1 08 67
03 231 1 14 17 03 1 08 17
03 232 1 14 17 03 1 09 17
03 233 1 07 65 07 1 09 65
03 234 1 11 13 08 1 09 13
03 200 2 09 58 00 1 00 58
03 201 2 09 58 00 1 01 58
03 202 2 02 43 01 1 01 43
03 203 2 09 58 00 1 02 58
03 204 2 02 43 01 0 02 47
03 205 2 00 27 02 0 02 47
03 206 2 00 27 02 1 02 27
03 207 2 02 43 01 1 02 43
03 208 2 09 58 00 1 02 58
03 209 2 02 43 01 1 03 43
03 210 2 09 58 00 1 03 58
03 211 2 12 29 03 0 03 57
03 212 2 00 27 02 0 03 23
03 213 2 09 58 00 1 03 58
03 214 2 00 27 02 1 03 27
03 215 2 02 43 01 1 03 43
03 216 2 12 29 03 0 03 77
03 217 2 02 43 01 1 03 43
03 218 2 12 29 03 0 03 55
03 219 2 09 58 00 1 03 58
03 220 2 00 27 02 0 03 23
03 221 2 00 27 02 0 03 23
03 222 2 12 29 03 0 03 58
03 223 2 09 58 00 1 03 58
03 224 2 02 43 01 1 03 43
03 225 2 09 58 00 1 03 58
03 226 2 02 43 01 1 03 43
03 227 2 00 27 02 1 03 27
03 228 2 12 29 03 1 03 29
03 229 2 02 43 01 1 04 43
03 230 2 12 29 03 1 04 29
03 231 2 00 27 02 0 04 23
03 232 2 09 58 00 1 04 58
03 233 2 08 25 04 0 04 58
03 234 2 08 25 04 1 04 25
03 235 2 00 27 02 0 04 23
03 236 2 02 43 01 0 04 23
03 237 2 09 58 00 1 04 58
03 238 2 12 29 03 1 04 29
03 239 2 09 58 00 1 04 58
03 240 2 12 29 03 1 04 29
03 241 2 00 27 02 1 04 27
03 242 2 08 25 04 0 04 58
03 243 2 02 43 01 0 04 27
03 244 2 12 29 03 1 04 29
03 245 2 08 25 04 0 04 58
03 246 2 02 43 01 0 04 23
03 247 2 09 58 00 1 04 58
03 248 2 00 27 02 0 04 23
03 249 2 00 27 02 0 04 00
03 250 2 09 58 00 1 04 58
03 251 2 12 29 03 1 04 29
03 252 2 08 25 04 1 04 25
03 253 2 02 43 01 1 04 43
03 254 2 09 58 00 1 04 58
03 255 2 00 27 02 1 04 27
03 256 2 12 29 03 1 04 29
03 257 2 08 25 04 0 04 58
03 258 2 02 43 01 1 04 43
03 259 2 08 25 04 1 04 25
03 260 2 00 27 02 1 04 27
03 261 2 09 58 00 1 04 58
03 262 2 12 29 03 1 04 29
03 263 2 02 43 01 1 04 43
03 264 2 00 27 02 1 05 27
03 265 2 02 43 01 1 05 43
03 266 2 09 58 00 0 05 25
03 267 2 12 29 03 1 05 29
03 268 2 04 32 05 0 05 37
03 269 2 08 25 04 0 05 58
03 270 2 04 32 05 0 05 43
03 271 2 00 27 02 1 05 27
03 272 2 08 25 04 1 05 25
03 273 2 12 29 03 1 05 29
03 274 2 02 43 01 0 05 27
03 275 2 09 58 00 0 05 25
03 276 2 08 25 04 1 05 25
03 277 2 09 58 00 1 05 58
03 278 2 02 43 01 1 05 43
03 279 2 12 29 03 1 05 29
03 280 2 04 32 05 1 05 32
03 281 2 00 27 02 1 05 27
03 282 2 00 27 02 1 06 27
03 283 2 12 29 03 1 06 29
03 284 2 09 58 00 0 06 38
03 285 2 03 38 06 0 06 43
03 286 2 04 32 05 0 06 38
03 287 2 02 43 01 1 06 43
03 288 2 08 25 04 0 06 58
03 289 2 08 25 04 0 06 58
03 290 2 02 43 01 1 06 43
03 291 2 09 58 00 1 06 58
03 292 2 00 27 02 1 06 27
03 293 2 12 29 03 1 06 29
03 294 2 03 38 06 0 06 43
03 295 2 04 32 05 0 06 43
03 296 2 08 25 04 0 06 58
03 297 2 09 58 00 0 06 25
03 298 2 03 38 06 0 06 43
03 299 2 04 32 05 0 06 43
03 300 2 02 43 01 1 06 43
03 301 2 00 27 02 1 06 27
03 302 2 12 29 03 1 06 29
03 303 2 09 58 00 1 06 58
03 304 2 00 27 02 1 06 27
03 305 2 12 29 03 1 06 29
03 306 2 02 43 01 1 06 43
03 307 2 03 38 06 0 06 32
03 308 2 08 25 04 1 06 25
03 309 2 04 32 05 0 06 38
03 310 2 09 58 00 1 06 58
03 311 2 00 27 02 1 06 27
03 312 2 04 32 05 1 06 32
03 313 2 03 38 06 0 06 32
03 314 2 02 43 01 0 06 38
03 315 2 08 25 04 0 06 58
03 316 2 12 29 03 1 06 29
03 317 2 08 25 04 0 06 58
03 318 2 12 29 03 1 06 29
03 319 2 00 27 02 1 06 27
03 320 2 04 32 05 0 06 38
03 321 2 03 38 06 0 06 32
03 322 2 09 58 00 1 06 58
03 323 2 02 43 01 1 06 43
03 324 2 09 58 00 0 06 25
03 325 2 04 32 05 1 06 32
03 326 2 00 27 02 1 06 27
03 327 2 12 29 03 1 06 29
03 328 2 08 25 04 1 06 25
03 329 2 03 38 06 0 06 32
03 330 2 02 43 01 0 06 32
03 331 2 09 58 00 1 06 58
03 332 2 00 27 02 1 06 27
03 333 2 08 25 04 1 06 25
03 334 2 03 38 06 1 06 38
