14 200 2 09 58 00 1 00 58
14 201 2 09 58 00 1 01 58
14 202 2 02 43 01 0 01 48
14 203 2 02 43 01 1 01 43
14 204 2 09 58 00 1 01 58
14 205 2 09 58 00 1 02 58
14 206 2 00 27 02 1 02 27
14 207 2 02 43 01 1 02 43
14 208 2 00 27 02 1 03 27
14 209 2 02 43 01 1 03 43
14 210 2 09 58 00 1 03 58
14 211 2 12 29 03 1 03 29
14 212 2 08 25 04 1 04 25
14 213 2 09 58 00 1 04 58
14 214 2 12 29 03 1 04 29
14 215 2 00 27 02 1 04 27
14 216 2 02 43 01 1 04 43
14 217 2 09 58 00 1 05 58
14 218 2 04 32 05 0 05 43
14 219 2 12 29 03 1 05 29
14 220 2 00 27 02 0 05 23
14 221 2 02 43 01 1 05 43
14 222 2 08 25 04 0 05 58
14 223 2 12 29 03 0 05 23
14 224 2 09 58 00 1 05 58
14 225 2 04 32 05 0 05 43
14 226 2 00 27 02 1 05 27
14 227 2 08 25 04 0 05 58
14 228 2 02 43 01 0 05 23
14 229 2 00 27 02 0 05 43
14 230 2 08 25 04 0 05 58
14 231 2 12 29 03 1 05 29
14 232 2 04 32 05 0 05 25
14 233 2 09 58 00 1 05 58
14 234 2 02 43 01 0 05 27
14 235 2 04 32 05 0 05 43
14 236 2 02 43 01 0 05 23
14 237 2 00 27 02 1 05 27
14 238 2 09 58 00 1 05 58
14 239 2 12 29 03 1 05 29
14 240 2 08 25 04 0 05 27
14 241 2 00 27 02 1 05 27
14 242 2 04 32 05 0 05 43
14 243 2 02 43 01 0 05 23
14 244 2 12 29 03 1 05 29
14 245 2 08 25 04 0 05 58
14 246 2 09 58 00 1 05 58
14 247 2 08 25 04 1 05 25
14 248 2 02 43 01 0 05 27
14 249 2 09 58 00 1 05 58
14 250 2 12 29 03 1 05 29
14 251 2 04 32 05 0 05 45
14 252 2 00 27 02 0 05 23
14 253 2 09 58 00 1 05 58
14 254 2 00 27 02 1 05 27
14 255 2 12 29 03 1 05 29
14 256 2 08 25 04 0 05 29
14 257 2 04 32 05 0 05 45
14 258 2 02 43 01 0 05 27
14 259 2 02 43 01 1 05 43
14 260 2 09 58 00 1 05 58
14 261 2 00 27 02 1 05 27
14 262 2 12 29 03 1 05 29
14 263 2 04 32 05 0 05 45
14 264 2 08 25 04 0 05 29
14 265 2 04 32 05 0 05 45
14 266 2 12 29 03 0 05 45
14 267 2 02 43 01 0 05 45
14 268 2 00 27 02 1 05 27
14 269 2 09 58 00 1 05 58
14 270 2 08 25 04 0 05 29
14 271 2 04 32 05 0 05 45
14 272 2 02 43 01 0 05 45
14 273 2 08 25 04 0 05 58
14 274 2 00 27 02 1 05 27
14 275 2 12 29 03 0 05 43
14 276 2 09 58 00 0 05 27
14 277 2 12 29 03 0 05 27
14 278 2 04 32 05 0 05 43
14 279 2 02 43 01 0 05 27
14 280 2 00 27 02 1 05 27
14 281 2 08 25 04 0 05 58
14 282 2 09 58 00 1 05 58
14 283 2 04 32 05 0 05 29
14 284 2 09 58 00 1 05 58
14 285 2 08 25 04 1 05 25
14 286 2 12 29 03 1 05 29
14 287 2 00 27 02 0 05 32
14 288 2 02 43 01 0 05 32
14 289 2 04 32 05 0 05 43
14 290 2 00 27 02 1 05 27
14 291 2 09 58 00 1 05 58
14 292 2 08 25 04 1 05 25
14 293 2 02 43 01 0 05 35
14 294 2 12 29 03 1 05 29
14 295 2 09 58 00 1 05 58
14 296 2 12 29 03 1 05 29
14 297 2 00 27 02 1 05 27
14 298 2 02 43 01 1 05 43
14 299 2 04 32 05 1 05 32
14 300 2 08 25 04 0 05 29
14 301 2 12 29 03 0 05 58
14 302 2 02 43 01 1 05 43
14 303 2 04 32 05 1 05 32
14 304 2 08 25 04 1 05 25
14 305 2 09 58 00 1 05 58
14 306 2 00 27 02 1 05 27
14 307 2 12 29 03 1 05 29
14 308 2 00 27 02 1 05 27
14 309 2 08 25 04 1 05 25
14 310 2 09 58 00 1 05 58
14 311 2 02 43 01 1 05 43
14 312 2 04 32 05 1 05 32
14 313 2 12 29 03 1 06 29
14 314 2 09 58 00 1 06 58
14 315 2 04 32 05 0 06 38
14 316 2 03 38 06 0 06 32
14 317 2 08 25 04 0 06 58
14 318 2 02 43 01 1 06 43
14 319 2 00 27 02 1 06 27
14 320 2 00 27 02 1 06 27
14 321 2 04 32 05 0 06 38
14 322 2 09 58 00 1 06 58
14 323 2 02 43 01 1 06 43
14 324 2 12 29 03 1 06 29
14 325 2 08 25 04 1 06 25
14 326 2 03 38 06 0 06 43
14 327 2 09 58 00 1 06 58
14 328 2 03 38 06 0 06 43
14 329 2 04 32 05 0 06 43
14 330 2 02 43 01 0 06 32
14 331 2 12 29 03 1 06 29
14 332 2 00 27 02 1 06 27
14 333 2 08 25 04 0 06 58
14 334 2 04 32 05 0 06 38
14 000 0 23 56 00 1 00 56
14 001 0 23 56 00 1 01 56
14 002 0 03 42 01 0 01 48
14 003 0 23 56 00 1 01 56
14 004 0 03 42 01 1 01 42
14 005 0 23 56 00 1 02 56
14 006 0 05 71 02 1 02 71
14 007 0 03 42 01 1 02 42
14 008 0 05 71 02 0 03 42
14 009 0 16 39 03 1 03 39
14 010 0 23 56 00 1 03 56
14 011 0 03 42 01 0 03 71
14 012 0 03 42 01 1 03 42
14 013 0 05 71 02 1 03 71
14 014 0 16 39 03 0 03 42
14 015 0 23 56 00 1 03 56
14 016 0 05 71 02 1 03 71
14 017 0 23 56 00 1 03 56
14 018 0 03 42 01 0 03 39
14 019 0 16 39 03 1 03 39
14 020 0 23 56 00 1 03 56
14 021 0 16 39 03 0 03 42
14 022 0 03 42 01 1 03 42
14 023 0 05 71 02 1 03 71
14 024 0 03 42 01 1 03 42
14 025 0 05 71 02 1 03 71
14 026 0 16 39 03 1 03 39
14 027 0 23 56 00 1 03 56
14 028 0 23 56 00 1 04 56
14 029 0 05 71 02 1 04 71
14 030 0 16 39 03 1 04 39
14 031 0 07 73 04 0 04 74
14 032 0 03 42 01 0 04 39
14 033 0 05 71 02 1 04 71
14 034 0 16 39 03 1 04 39
14 035 0 07 73 04 0 04 43
14 036 0 23 56 00 1 04 56
14 037 0 03 42 01 1 04 42
14 038 0 23 56 00 1 04 56
14 039 0 05 71 02 1 04 71
14 040 0 16 39 03 1 04 39
14 041 0 03 42 01 1 04 42
14 042 0 07 73 04 1 04 73
14 043 0 23 56 00 0 05 65
14 044 0 03 42 01 0 05 39
14 045 0 07 73 04 1 05 73
14 046 0 12 47 05 1 05 47
14 047 0 05 71 02 1 05 71
14 048 0 16 39 03 1 05 39
14 049 0 05 71 02 1 05 71
14 050 0 12 47 05 0 05 73
14 051 0 23 56 00 1 05 56
14 052 0 16 39 03 0 05 43
14 053 0 07 73 04 1 05 73
14 054 0 03 42 01 1 05 42
14 055 0 16 39 03 1 05 39
14 056 0 07 73 04 1 05 73
14 057 0 03 42 01 1 05 42
14 058 0 12 47 05 1 05 47
14 059 0 23 56 00 1 05 56
14 060 0 05 71 02 1 05 71
14 061 0 16 39 03 1 06 39
14 062 0 07 73 04 1 06 73
14 063 0 12 47 05 0 06 74
14 064 0 23 56 00 1 06 56
14 065 0 24 50 06 0 06 58
14 066 0 03 42 01 1 06 42
14 067 0 05 71 02 1 06 71
14 068 0 12 47 05 1 06 47
14 069 0 24 50 06 1 06 50
14 070 0 03 42 01 0 06 47
14 071 0 05 71 02 1 06 71
14 072 0 16 39 03 1 06 39
14 073 0 07 73 04 1 06 73
14 074 0 23 56 00 1 06 56
14 075 0 03 42 01 1 06 42
14 076 0 07 73 04 0 06 47
14 077 0 16 39 03 1 06 39
14 078 0 24 50 06 1 06 50
14 079 0 12 47 05 1 06 47
14 080 0 23 56 00 1 06 56
14 081 0 05 71 02 1 06 71
14 082 0 12 47 05 0 06 73
14 083 0 24 50 06 1 06 50
14 084 0 23 56 00 1 06 56
14 085 0 03 42 01 1 06 42
14 086 0 16 39 03 1 06 39
14 087 0 05 71 02 1 06 71
14 088 0 07 73 04 1 06 73
14 089 0 07 73 04 1 06 73
14 090 0 23 56 00 1 06 56
14 091 0 03 42 01 1 06 42
14 092 0 05 71 02 1 06 71
14 093 0 24 50 06 1 06 50
14 094 0 16 39 03 1 06 39
14 095 0 12 47 05 0 06 42
14 096 0 24 50 06 1 06 50
14 097 0 16 39 03 1 06 39
14 098 0 03 42 01 1 06 42
14 099 0 12 47 05 1 06 47
14 100 0 05 71 02 1 06 71
14 101 0 23 56 00 1 06 56
14 102 0 07 73 04 1 06 73
14 103 0 23 56 00 1 07 56
14 104 0 19 21 07 1 07 21
14 105 0 03 42 01 1 07 42
14 106 0 16 39 03 1 07 39
14 107 0 07 73 04 0 07 47
14 108 0 12 47 05 1 07 47
14 109 0 05 71 02 1 07 71
14 110 0 24 50 06 1 07 50
14 111 0 19 21 07 1 07 21
14 112 0 23 56 00 1 07 56
14 113 0 03 42 01 1 07 42
14 114 0 05 71 02 1 07 71
14 115 0 24 50 06 1 07 50
14 116 0 16 39 03 0 07 27
14 117 0 07 73 04 0 07 47
14 118 0 12 47 05 1 07 47
14 119 0 12 47 05 1 07 47
14 120 0 23 56 00 1 07 56
14 121 0 19 21 07 1 07 21
14 122 0 24 50 06 1 07 50
14 123 0 07 73 04 1 07 73
14 124 0 05 71 02 1 07 71
14 125 0 16 39 03 1 07 39
14 126 0 03 42 01 1 07 42
14 127 0 23 56 00 1 08 56
14 128 0 20 46 08 1 08 46
14 129 0 24 50 06 1 08 50
14 130 0 05 71 02 1 08 71
14 131 0 03 42 01 1 08 42
14 132 0 19 21 07 1 08 21
14 133 0 07 73 04 1 08 73
14 134 0 12 47 05 1 08 47
14 100 1 25 28 00 1 00 28
14 101 1 06 23 01 1 01 23
14 102 1 25 28 00 1 01 28
14 103 1 06 23 01 1 02 23
14 104 1 25 28 00 1 02 28
14 105 1 23 70 02 0 02 30
14 106 1 23 70 02 1 02 70
14 107 1 25 28 00 1 02 28
14 108 1 06 23 01 1 02 23
14 109 1 25 28 00 1 03 28
14 110 1 23 70 02 1 03 70
14 111 1 06 23 01 1 03 23
14 112 1 14 17 03 0 03 58
14 113 1 14 17 03 1 03 17
14 114 1 25 28 00 1 03 28
14 115 1 06 23 01 1 03 23
14 116 1 23 70 02 1 03 70
14 117 1 06 23 01 1 04 23
14 118 1 14 17 03 1 04 17
14 119 1 10 67 04 1 04 67
14 120 1 25 28 00 1 04 28
14 121 1 23 70 02 1 04 70
14 122 1 23 70 02 1 05 70
14 123 1 06 23 01 1 05 23
14 124 1 17 18 05 1 05 18
14 125 1 10 67 04 0 05 05
14 126 1 25 28 00 1 05 28
14 127 1 14 17 03 1 05 17
14 128 1 06 23 01 1 05 23
14 129 1 14 17 03 1 05 17
14 130 1 10 67 04 1 05 67
14 131 1 25 28 00 1 05 28
14 132 1 23 70 02 0 05 17
14 133 1 17 18 05 1 05 18
14 134 1 17 18 05 1 05 18
14 135 1 25 28 00 1 05 28
14 136 1 06 23 01 1 05 23
14 137 1 23 70 02 1 05 70
14 138 1 10 67 04 0 05 57
14 139 1 14 17 03 1 05 17
14 140 1 06 23 01 1 05 23
14 141 1 25 28 00 1 05 28
14 142 1 14 17 03 1 05 17
14 143 1 23 70 02 1 05 70
14 144 1 17 18 05 1 05 18
14 145 1 10 67 04 1 05 67
14 146 1 06 23 01 1 06 23
14 147 1 10 67 04 1 06 67
14 148 1 12 22 06 1 06 22
14 149 1 25 28 00 1 06 28
14 150 1 17 18 05 1 06 18
14 151 1 23 70 02 1 06 70
14 152 1 14 17 03 1 06 17
14 153 1 17 18 05 1 07 18
14 154 1 14 17 03 1 07 17
14 155 1 12 22 06 1 07 22
14 156 1 06 23 01 1 07 23
14 157 1 07 65 07 0 07 53
14 158 1 10 67 04 1 07 67
14 159 1 25 28 00 1 07 28
14 160 1 23 70 02 1 07 70
14 161 1 14 17 03 1 07 17
14 162 1 12 22 06 1 07 22
14 163 1 17 18 05 1 07 18
14 164 1 07 65 07 1 07 65
14 165 1 10 67 04 1 07 67
14 166 1 25 28 00 1 07 28
14 167 1 23 70 02 1 07 70
14 168 1 06 23 01 1 07 23
14 169 1 10 67 04 1 08 67
14 170 1 14 17 03 1 08 17
14 171 1 23 70 02 1 08 70
14 172 1 12 22 06 1 08 22
14 173 1 06 23 01 1 08 23
14 174 1 25 28 00 1 08 28
14 175 1 17 18 05 1 08 18
14 176 1 11 13 08 1 08 13
14 177 1 07 65 07 1 08 65
14 178 1 17 18 05 1 09 18
14 179 1 11 13 08 1 09 13
14 180 1 20 59 09 1 09 59
14 181 1 12 22 06 1 09 22
14 182 1 10 67 04 1 09 67
14 183 1 06 23 01 1 09 23
14 184 1 14 17 03 1 09 17
14 185 1 23 70 02 1 09 70
14 186 1 25 28 00 1 09 28
14 187 1 07 65 07 0 09 06
14 188 1 20 59 09 1 09 59
14 189 1 06 23 01 0 09 65
14 190 1 25 28 00 1 09 28
14 191 1 11 13 08 1 09 13
14 192 1 12 22 06 1 09 22
14 193 1 07 65 07 1 09 65
14 194 1 23 70 02 1 09 70
14 195 1 10 67 04 1 09 67
14 196 1 17 18 05 1 09 18
14 197 1 14 17 03 1 09 17
14 198 1 10 67 04 1 09 67
14 199 1 06 23 01 1 09 23
14 200 1 14 17 03 1 09 17
14 201 1 07 65 07 1 09 65
14 202 1 25 28 00 1 09 28
14 203 1 20 59 09 1 09 59
14 204 1 23 70 02 1 09 70
14 205 1 11 13 08 1 09 13
14 206 1 12 22 06 1 09 22
14 207 1 17 18 05 1 09 18
14 208 1 23 70 02 1 10 70
14 209 1 10 67 04 0 10 56
14 210 1 07 65 07 1 10 65
14 211 1 25 28 00 1 10 28
14 212 1 17 18 05 1 10 18
14 213 1 26 26 10 0 10 27
14 214 1 11 13 08 1 10 13
14 215 1 20 59 09 0 10 58
14 216 1 14 17 03 1 10 17
14 217 1 06 23 01 1 10 23
14 218 1 12 22 06 1 10 22
14 219 1 23 70 02 1 10 70
14 220 1 06 23 01 1 10 23
14 221 1 17 18 05 1 10 18
14 222 1 07 65 07 1 10 65
14 223 1 26 26 10 1 10 26
14 224 1 14 17 03 1 10 17
14 225 1 12 22 06 1 10 22
14 226 1 11 13 08 1 10 13
14 227 1 20 59 09 0 10 58
14 228 1 25 28 00 1 10 28
14 229 1 10 67 04 1 10 67
14 230 1 06 23 01 1 10 23
14 231 1 07 65 07 0 10 67
14 232 1 20 59 09 0 10 58
14 233 1 12 22 06 1 10 22
14 234 1 26 26 10 1 10 26
