13 100 1 25 28 00 1 00 28
13 101 1 25 28 00 1 01 28
13 102 1 06 23 01 1 01 23
13 103 1 23 70 02 0 02 32
13 104 1 06 23 01 1 02 23
13 105 1 25 28 00 1 02 28
13 106 1 06 23 01 1 02 23
13 107 1 25 28 00 1 02 28
13 108 1 23 70 02 1 02 70
13 109 1 23 70 02 1 03 70
13 110 1 06 23 01 1 03 23
13 111 1 25 28 00 1 03 28
13 112 1 14 17 03 1 03 17
13 113 1 06 23 01 1 04 23
13 114 1 25 28 00 1 04 28
13 115 1 10 67 04 0 04 16
13 116 1 23 70 02 0 04 28
13 117 1 14 17 03 1 04 17
13 118 1 14 17 03 1 04 17
13 119 1 25 28 00 0 04 22
13 120 1 10 67 04 1 04 67
13 121 1 23 70 02 0 04 28
13 122 1 06 23 01 1 04 23
13 123 1 25 28 00 1 04 28
13 124 1 10 67 04 1 04 67
13 125 1 14 17 03 1 04 17
13 126 1 23 70 02 0 04 17
13 127 1 06 23 01 0 04 17
13 128 1 14 17 03 1 04 17
13 129 1 23 70 02 0 04 28
13 130 1 06 23 01 1 04 23
13 131 1 10 67 04 0 04 16
13 132 1 25 28 00 0 04 17
13 133 1 14 17 03 1 04 17
13 134 1 06 23 01 0 04 16
13 135 1 10 67 04 0 04 23
13 136 1 25 28 00 0 04 23
13 137 1 23 70 02 1 04 70
13 138 1 25 28 00 0 04 16
13 139 1 06 23 01 0 04 70
13 140 1 23 70 02 1 04 70
13 141 1 14 17 03 0 04 16
13 142 1 10 67 04 1 04 67
13 143 1 25 28 00 1 04 28
13 144 1 14 17 03 1 04 17
13 145 1 10 67 04 1 04 67
13 146 1 23 70 02 1 04 70
13 147 1 06 23 01 0 04 16
13 148 1 14 17 03 1 04 17
13 149 1 06 23 01 1 04 23
13 150 1 10 67 04 0 04 16
13 151 1 25 28 00 0 04 70
13 152 1 23 70 02 1 04 70
13 153 1 06 23 01 0 04 16
13 154 1 23 70 02 1 04 70
13 155 1 25 28 00 1 04 28
13 156 1 10 67 04 1 04 67
13 157 1 14 17 03 0 04 16
13 158 1 23 70 02 1 04 70
13 159 1 14 17 03 1 04 17
13 160 1 06 23 01 1 04 23
13 161 1 25 28 00 1 04 28
13 162 1 10 67 04 0 04 17
13 163 1 14 17 03 0 04 70
13 164 1 23 70 02 1 04 70
13 165 1 10 67 04 1 04 67
13 166 1 25 28 00 1 04 28
13 167 1 06 23 01 1 04 23
13 168 1 10 67 04 1 04 67
13 169 1 23 70 02 1 04 70
13 170 1 14 17 03 0 04 67
13 171 1 25 28 00 1 04 28
13 172 1 06 23 01 0 04 17
13 173 1 06 23 01 1 04 23
13 174 1 23 70 02 1 04 70
13 175 1 10 67 04 1 04 67
13 176 1 25 28 00 1 04 28
13 177 1 14 17 03 0 04 23
13 178 1 25 28 00 1 04 28
13 179 1 06 23 01 1 04 23
13 180 1 10 67 04 1 04 67
13 181 1 23 70 02 1 04 70
13 182 1 14 17 03 1 04 17
13 183 1 06 23 01 0 05 17
13 184 1 17 18 05 1 05 18
13 185 1 14 17 03 0 05 28
13 186 1 25 28 00 1 05 28
13 187 1 23 70 02 1 05 70
13 188 1 10 67 04 0 05 16
13 189 1 06 23 01 1 05 23
13 190 1 23 70 02 1 05 70
13 191 1 17 18 05 1 05 18
13 192 1 14 17 03 1 05 17
13 193 1 10 67 04 1 05 67
13 194 1 25 28 00 0 05 17
13 195 1 17 18 05 1 05 18
13 196 1 25 28 00 1 05 28
13 197 1 23 70 02 1 05 70
13 198 1 10 67 04 1 05 67
13 199 1 06 23 01 1 05 23
13 200 1 14 17 03 0 05 23
13 201 1 25 28 00 1 05 28
13 202 1 10 67 04 1 05 67
13 203 1 06 23 01 0 05 17
13 204 1 14 17 03 0 05 67
13 205 1 17 18 05 1 05 18
13 206 1 23 70 02 1 05 70
13 207 1 25 28 00 0 05 18
13 208 1 23 70 02 1 05 70
13 209 1 14 17 03 1 05 17
13 210 1 17 18 05 1 05 18
13 211 1 10 67 04 1 05 67
13 212 1 06 23 01 1 05 23
13 213 1 25 28 00 1 05 28
13 214 1 14 17 03 1 05 17
13 215 1 10 67 04 1 05 67
13 216 1 06 23 01 1 05 23
13 217 1 17 18 05 1 05 18
13 218 1 23 70 02 1 05 70
13 219 1 14 17 03 1 06 17
13 220 1 12 22 06 1 06 22
13 221 1 10 67 04 0 06 17
13 222 1 06 23 01 1 06 23
13 223 1 23 70 02 1 06 70
13 224 1 25 28 00 1 06 28
13 225 1 17 18 05 1 06 18
13 226 1 10 67 04 1 06 67
13 227 1 06 23 01 1 06 23
13 228 1 17 18 05 1 06 18
13 229 1 14 17 03 1 06 17
13 230 1 23 70 02 1 06 70
13 231 1 25 28 00 1 06 28
13 232 1 12 22 06 1 06 22
13 233 1 17 18 05 1 07 18
13 234 1 14 17 03 1 07 17
13 200 2 09 58 00 1 00 58
13 201 2 09 58 00 0 01 65
13 202 2 02 43 01 1 01 43
13 203 2 09 58 00 1 01 58
13 204 2 02 43 01 1 01 43
13 205 2 09 58 00 1 02 58
13 206 2 00 27 02 0 02 28
13 207 2 02 43 01 1 02 43
13 208 2 00 27 02 1 02 27
13 209 2 02 43 01 1 02 43
13 210 2 09 58 00 1 02 58
13 211 2 12 29 03 1 03 29
13 212 2 00 27 02 1 03 27
13 213 2 02 43 01 1 03 43
13 214 2 09 58 00 1 03 58
13 215 2 00 27 02 1 04 27
13 216 2 02 43 01 1 04 43
13 217 2 08 25 04 0 04 58
13 218 2 12 29 03 0 04 58
13 219 2 09 58 00 0 04 29
13 220 2 08 25 04 0 04 58
13 221 2 12 29 03 1 04 29
13 222 2 00 27 02 0 04 28
13 223 2 09 58 00 1 04 58
13 224 2 02 43 01 1 04 43
13 225 2 02 43 01 1 04 43
13 226 2 08 25 04 0 04 29
13 227 2 00 27 02 0 04 28
13 228 2 12 29 03 1 04 29
13 229 2 09 58 00 1 04 58
13 230 2 02 43 01 1 04 43
13 231 2 12 29 03 1 04 29
13 232 2 09 58 00 1 04 58
13 233 2 08 25 04 0 04 58
13 234 2 00 27 02 0 04 28
13 235 2 09 58 00 0 04 29
13 236 2 12 29 03 1 04 29
13 237 2 00 27 02 1 04 27
13 238 2 02 43 01 1 04 43
13 239 2 08 25 04 0 04 58
13 240 2 00 27 02 1 04 27
13 241 2 08 25 04 0 04 58
13 242 2 02 43 01 1 04 43
13 243 2 09 58 00 1 04 58
13 244 2 12 29 03 0 04 58
13 245 2 02 43 01 1 04 43
13 246 2 12 29 03 1 04 29
13 247 2 08 25 04 1 04 25
13 248 2 00 27 02 1 04 27
13 249 2 09 58 00 0 04 25
13 250 2 08 25 04 0 04 58
13 251 2 00 27 02 0 04 43
13 252 2 09 58 00 1 04 58
13 253 2 12 29 03 1 04 29
13 254 2 02 43 01 1 04 43
13 255 2 09 58 00 0 04 25
13 256 2 12 29 03 1 04 29
13 257 2 02 43 01 1 04 43
13 258 2 00 27 02 1 04 27
13 259 2 08 25 04 1 04 25
13 260 2 12 29 03 1 04 29
13 261 2 09 58 00 1 04 58
13 262 2 02 43 01 1 04 43
13 263 2 00 27 02 1 04 27
13 264 2 08 25 04 1 04 25
13 265 2 04 32 05 1 05 32
13 266 2 00 27 02 1 05 27
13 267 2 09 58 00 0 05 25
13 268 2 02 43 01 1 05 43
13 269 2 12 29 03 1 05 29
13 270 2 08 25 04 0 05 58
13 271 2 08 25 04 1 05 25
13 272 2 02 43 01 1 05 43
13 273 2 00 27 02 1 05 27
13 274 2 09 58 00 1 05 58
13 275 2 12 29 03 1 05 29
13 276 2 04 32 05 1 05 32
13 277 2 09 58 00 0 06 25
13 278 2 12 29 03 1 06 29
13 279 2 00 27 02 1 06 27
13 280 2 03 38 06 0 06 32
13 281 2 04 32 05 0 06 38
13 282 2 08 25 04 0 06 58
13 283 2 02 43 01 1 06 43
13 284 2 08 25 04 1 06 25
13 285 2 03 38 06 1 06 38
13 286 2 04 32 05 0 06 38
13 287 2 09 58 00 0 06 25
13 288 2 02 43 01 1 06 43
13 289 2 00 27 02 1 06 27
13 290 2 12 29 03 0 06 25
13 291 2 03 38 06 0 06 25
13 292 2 00 27 02 1 06 27
13 293 2 09 58 00 0 06 25
13 294 2 04 32 05 1 06 32
13 295 2 12 29 03 0 06 25
13 296 2 02 43 01 1 06 43
13 297 2 08 25 04 0 06 38
13 298 2 00 27 02 1 06 27
13 299 2 08 25 04 0 06 28
13 300 2 03 38 06 0 06 43
13 301 2 12 29 03 0 06 25
13 302 2 04 32 05 0 06 38
13 303 2 09 58 00 0 06 25
13 304 2 02 43 01 1 06 43
13 305 2 00 27 02 1 06 27
13 306 2 02 43 01 1 06 43
13 307 2 04 32 05 1 06 32
13 308 2 09 58 00 0 06 25
13 309 2 03 38 06 0 06 43
13 310 2 08 25 04 0 06 58
13 311 2 12 29 03 1 06 29
13 312 2 00 27 02 1 06 27
13 313 2 02 43 01 1 06 43
13 314 2 08 25 04 1 06 25
13 315 2 12 29 03 1 06 29
13 316 2 04 32 05 0 06 38
13 317 2 09 58 00 1 06 58
13 318 2 03 38 06 1 06 38
13 319 2 03 38 06 1 06 38
13 320 2 02 43 01 0 06 38
13 321 2 00 27 02 1 06 27
13 322 2 04 32 05 0 06 38
13 323 2 09 58 00 1 06 58
13 324 2 12 29 03 1 06 29
13 325 2 08 25 04 0 06 38
13 326 2 04 32 05 1 06 32
13 327 2 00 27 02 1 06 27
13 328 2 08 25 04 1 06 25
13 329 2 03 38 06 0 06 32
13 330 2 12 29 03 1 06 29
13 331 2 02 43 01 1 06 43
13 332 2 09 58 00 1 06 58
13 333 2 12 29 03 1 06 29
13 334 2 09 58 00 1 06 58
13 000 0 23 56 00 1 00 56
13 001 0 23 56 00 1 01 56
13 002 0 03 42 01 1 01 42
13 003 0 23 56 00 1 02 56
13 004 0 05 71 02 1 02 71
13 005 0 03 42 01 0 02 49
13 006 0 23 56 00 1 02 56
13 007 0 05 71 02 1 02 71
13 008 0 03 42 01 1 02 42
13 009 0 16 39 03 1 03 39
13 010 0 23 56 00 1 03 56
13 011 0 03 42 01 1 03 42
13 012 0 05 71 02 1 03 71
13 013 0 03 42 01 1 04 42
13 014 0 16 39 03 0 04 52
13 015 0 07 73 04 0 04 32
13 016 0 23 56 00 1 04 56
13 017 0 05 71 02 1 04 71
13 018 0 23 56 00 1 04 56
13 019 0 05 71 02 1 04 71
13 020 0 16 39 03 0 04 32
13 021 0 07 73 04 0 04 32
13 022 0 03 42 01 1 04 42
13 023 0 16 39 03 1 04 39
13 024 0 23 56 00 1 04 56
13 025 0 03 42 01 1 04 42
13 026 0 07 73 04 0 04 23
13 027 0 05 71 02 1 04 71
13 028 0 07 73 04 1 04 73
13 029 0 16 39 03 1 04 39
13 030 0 05 71 02 1 04 71
13 031 0 23 56 00 1 04 56
13 032 0 03 42 01 1 04 42
13 033 0 05 71 02 1 05 71
13 034 0 03 42 01 1 05 42
13 035 0 23 56 00 1 05 56
13 036 0 16 39 03 1 05 39
13 037 0 07 73 04 0 05 32
13 038 0 12 47 05 0 05 43
13 039 0 03 42 01 1 05 42
13 040 0 12 47 05 1 05 47
13 041 0 23 56 00 1 05 56
13 042 0 16 39 03 1 05 39
13 043 0 05 71 02 1 05 71
13 044 0 07 73 04 0 05 47
13 045 0 05 71 02 1 05 71
13 046 0 23 56 00 1 05 56
13 047 0 16 39 03 1 05 39
13 048 0 03 42 01 1 05 42
13 049 0 07 73 04 1 05 73
13 050 0 12 47 05 1 05 47
13 051 0 05 71 02 1 06 71
13 052 0 03 42 01 1 06 42
13 053 0 24 50 06 0 06 78
13 054 0 12 47 05 0 06 73
13 055 0 16 39 03 1 06 39
13 056 0 23 56 00 1 06 56
13 057 0 07 73 04 1 06 73
13 058 0 03 42 01 1 06 42
13 059 0 05 71 02 1 06 71
13 060 0 12 47 05 1 06 47
13 061 0 16 39 03 1 06 39
13 062 0 23 56 00 1 06 56
13 063 0 07 73 04 0 06 71
13 064 0 24 50 06 1 06 50
13 065 0 16 39 03 1 06 39
13 066 0 03 42 01 1 06 42
13 067 0 07 73 04 1 06 73
13 068 0 05 71 02 1 06 71
13 069 0 24 50 06 0 06 73
13 070 0 12 47 05 0 06 73
13 071 0 23 56 00 1 06 56
13 072 0 24 50 06 0 06 73
13 073 0 07 73 04 1 06 73
13 074 0 12 47 05 1 06 47
13 075 0 03 42 01 1 06 42
13 076 0 23 56 00 1 06 56
13 077 0 05 71 02 1 06 71
13 078 0 16 39 03 1 06 39
13 079 0 07 73 04 0 06 50
13 080 0 03 42 01 1 06 42
13 081 0 16 39 03 1 06 39
13 082 0 05 71 02 1 06 71
13 083 0 23 56 00 1 06 56
13 084 0 24 50 06 1 06 50
13 085 0 12 47 05 1 06 47
13 086 0 24 50 06 1 06 50
13 087 0 05 71 02 1 06 71
13 088 0 03 42 01 1 06 42
13 089 0 12 47 05 1 06 47
13 090 0 23 56 00 1 06 56
13 091 0 16 39 03 1 06 39
13 092 0 07 73 04 0 06 37
13 093 0 07 73 04 1 06 73
13 094 0 16 39 03 1 06 39
13 095 0 03 42 01 1 06 42
13 096 0 24 50 06 1 06 50
13 097 0 05 71 02 1 06 71
13 098 0 12 47 05 1 06 47
13 099 0 23 56 00 1 06 56
13 100 0 07 73 04 0 07 47
13 101 0 03 42 01 1 07 42
13 102 0 12 47 05 1 07 47
13 103 0 19 21 07 1 07 21
13 104 0 23 56 00 1 07 56
13 105 0 05 71 02 1 07 71
13 106 0 16 39 03 1 07 39
13 107 0 24 50 06 1 07 50
13 108 0 16 39 03 1 07 39
13 109 0 24 50 06 1 07 50
13 110 0 23 56 00 1 07 56
13 111 0 03 42 01 1 07 42
13 112 0 05 71 02 1 07 71
13 113 0 19 21 07 1 07 21
13 114 0 07 73 04 1 07 73
13 115 0 12 47 05 0 07 73
13 116 0 12 47 05 1 07 47
13 117 0 03 42 01 0 07 40
13 118 0 24 50 06 1 07 50
13 119 0 05 71 02 1 07 71
13 120 0 07 73 04 1 07 73
13 121 0 16 39 03 1 07 39
13 122 0 19 21 07 1 07 21
13 123 0 23 56 00 1 07 56
13 124 0 19 21 07 1 07 21
13 125 0 23 56 00 1 07 56
13 126 0 24 50 06 0 07 21
13 127 0 07 73 04 1 07 73
13 128 0 03 42 01 1 07 42
13 129 0 12 47 05 0 07 21
13 130 0 16 39 03 1 07 39
13 131 0 05 71 02 1 07 71
13 132 0 03 42 01 1 07 42
13 133 0 24 50 06 1 07 50
13 134 0 07 73 04 1 07 73
