19 100 1 25 28 00 1 00 28
19 101 1 25 28 00 0 01 32
19 102 1 06 23 01 1 01 23
19 103 1 06 23 01 1 01 23
19 104 1 25 28 00 1 01 28
19 105 1 25 28 00 1 02 28
19 106 1 23 70 02 0 02 23
19 107 1 06 23 01 1 02 23
19 108 1 25 28 00 1 02 28
19 109 1 06 23 01 0 02 28
19 110 1 23 70 02 1 02 70
19 111 1 06 23 01 0 02 28
19 112 1 23 70 02 1 02 70
19 113 1 25 28 00 1 02 28
19 114 1 23 70 02 0 02 28
19 115 1 25 28 00 0 02 23
19 116 1 06 23 01 1 02 23
19 117 1 23 70 02 0 02 23
19 118 1 06 23 01 0 02 28
19 119 1 25 28 00 1 02 28
19 120 1 23 70 02 1 02 70
19 121 1 06 23 01 1 02 23
19 122 1 25 28 00 1 02 28
19 123 1 06 23 01 1 03 23
19 124 1 25 28 00 0 03 18
19 125 1 23 70 02 0 03 18
19 126 1 14 17 03 0 03 18
19 127 1 14 17 03 1 03 17
19 128 1 23 70 02 0 03 28
19 129 1 06 23 01 1 03 23
19 130 1 25 28 00 1 03 28
19 131 1 23 70 02 1 03 70
19 132 1 14 17 03 1 03 17
19 133 1 06 23 01 1 03 23
19 134 1 25 28 00 1 03 28
19 135 1 06 23 01 1 04 23
19 136 1 10 67 04 1 04 67
19 137 1 25 28 00 1 04 28
19 138 1 14 17 03 1 04 17
19 139 1 23 70 02 1 04 70
19 140 1 23 70 02 1 05 70
19 141 1 25 28 00 0 05 18
19 142 1 14 17 03 0 05 23
19 143 1 10 67 04 0 05 23
19 144 1 17 18 05 1 05 18
19 145 1 06 23 01 1 05 23
19 146 1 17 18 05 0 05 67
19 147 1 23 70 02 1 05 70
19 148 1 10 67 04 0 05 28
19 149 1 06 23 01 1 05 23
19 150 1 25 28 00 1 05 28
19 151 1 14 17 03 0 05 18
19 152 1 23 70 02 1 05 70
19 153 1 10 67 04 0 05 28
19 154 1 14 17 03 1 05 17
19 155 1 25 28 00 0 05 23
19 156 1 06 23 01 1 05 23
19 157 1 17 18 05 0 05 17
19 158 1 10 67 04 0 05 28
19 159 1 17 18 05 1 05 18
19 160 1 23 70 02 1 05 70
19 161 1 14 17 03 0 05 28
19 162 1 25 28 00 0 05 23
19 163 1 06 23 01 1 05 23
19 164 1 17 18 05 0 05 19
19 165 1 06 23 01 1 05 23
19 166 1 14 17 03 0 05 28
19 167 1 10 67 04 0 05 28
19 168 1 25 28 00 1 05 28
19 169 1 23 70 02 1 05 70
19 170 1 17 18 05 1 05 18
19 171 1 06 23 01 1 05 23
19 172 1 14 17 03 0 05 67
19 173 1 23 70 02 1 05 70
19 174 1 25 28 00 1 05 28
19 175 1 10 67 04 1 05 67
19 176 1 17 18 05 1 05 18
19 177 1 25 28 00 0 05 17
19 178 1 06 23 01 1 05 23
19 179 1 10 67 04 1 05 67
19 180 1 14 17 03 1 05 17
19 181 1 23 70 02 1 05 70
19 182 1 10 67 04 1 05 67
19 183 1 06 23 01 1 05 23
19 184 1 23 70 02 1 05 70
19 185 1 25 28 00 1 05 28
19 186 1 17 18 05 1 05 18
19 187 1 14 17 03 0 05 28
19 188 1 14 17 03 1 05 17
19 189 1 06 23 01 1 05 23
19 190 1 17 18 05 1 05 18
19 191 1 10 67 04 1 05 67
19 192 1 25 28 00 1 05 28
19 193 1 23 70 02 1 05 70
19 194 1 06 23 01 1 06 23
19 195 1 10 67 04 1 06 67
19 196 1 12 22 06 1 06 22
19 197 1 17 18 05 1 06 18
19 198 1 23 70 02 1 06 70
19 199 1 14 17 03 0 06 28
19 200 1 25 28 00 1 06 28
19 201 1 10 67 04 1 06 67
19 202 1 17 18 05 1 06 18
19 203 1 14 17 03 1 06 17
19 204 1 25 28 00 1 06 28
19 205 1 12 22 06 1 06 22
19 206 1 23 70 02 1 06 70
19 207 1 06 23 01 1 06 23
19 208 1 07 65 07 1 07 65
19 209 1 14 17 03 0 07 28
19 210 1 23 70 02 1 07 70
19 211 1 10 67 04 1 07 67
19 212 1 25 28 00 1 07 28
19 213 1 17 18 05 1 07 18
19 214 1 06 23 01 1 07 23
19 215 1 12 22 06 1 07 22
19 216 1 06 23 01 1 07 23
19 217 1 25 28 00 1 07 28
19 218 1 14 17 03 1 07 17
19 219 1 23 70 02 1 07 70
19 220 1 12 22 06 1 07 22
19 221 1 17 18 05 1 07 18
19 222 1 07 65 07 1 07 65
19 223 1 10 67 04 1 07 67
19 224 1 11 13 08 1 08 13
19 225 1 17 18 05 1 08 18
19 226 1 12 22 06 1 08 22
19 227 1 25 28 00 1 08 28
19 228 1 06 23 01 1 08 23
19 229 1 14 17 03 1 08 17
19 230 1 07 65 07 1 08 65
19 231 1 10 67 04 1 08 67
19 232 1 23 70 02 1 08 70
19 233 1 25 28 00 1 09 28
19 234 1 06 23 01 1 09 23
19 200 2 09 58 00 1 00 58
19 201 2 09 58 00 1 01 58
19 202 2 02 43 01 1 01 43
19 203 2 09 58 00 1 02 58
19 204 2 00 27 02 1 02 27
19 205 2 02 43 01 1 02 43
19 206 2 00 27 02 0 03 23
19 207 2 12 29 03 0 03 58
19 208 2 09 58 00 0 03 29
19 209 2 02 43 01 0 03 48
19 210 2 02 43 01 1 03 43
19 211 2 00 27 02 1 03 27
19 212 2 12 29 03 1 03 29
19 213 2 09 58 00 1 03 58
19 214 2 00 27 02 0 04 48
19 215 2 09 58 00 1 04 58
19 216 2 08 25 04 0 04 58
19 217 2 02 43 01 0 04 47
19 218 2 12 29 03 0 04 27
19 219 2 02 43 01 1 04 43
19 220 2 09 58 00 1 04 58
19 221 2 00 27 02 0 04 29
19 222 2 12 29 03 0 04 27
19 223 2 08 25 04 0 04 58
19 224 2 08 25 04 1 04 25
19 225 2 09 58 00 1 04 58
19 226 2 02 43 01 1 04 43
19 227 2 12 29 03 1 04 29
19 228 2 00 27 02 1 04 27
19 229 2 12 29 03 1 05 29
19 230 2 04 32 05 0 05 58
19 231 2 08 25 04 0 05 58
19 232 2 00 27 02 1 05 27
19 233 2 02 43 01 1 05 43
19 234 2 09 58 00 0 05 25
19 235 2 02 43 01 0 05 53
19 236 2 12 29 03 1 05 29
19 237 2 04 32 05 0 05 58
19 238 2 08 25 04 0 05 58
19 239 2 09 58 00 1 05 58
19 240 2 00 27 02 1 05 27
19 241 2 02 43 01 1 05 43
19 242 2 08 25 04 1 05 25
19 243 2 09 58 00 0 05 29
19 244 2 00 27 02 1 05 27
19 245 2 12 29 03 1 05 29
19 246 2 04 32 05 0 05 25
19 247 2 12 29 03 1 05 29
19 248 2 00 27 02 1 05 27
19 249 2 02 43 01 0 05 32
19 250 2 04 32 05 0 05 25
19 251 2 09 58 00 0 05 25
19 252 2 08 25 04 0 05 58
19 253 2 04 32 05 0 05 25
19 254 2 09 58 00 0 05 29
19 255 2 08 25 04 0 05 58
19 256 2 00 27 02 1 05 27
19 257 2 02 43 01 1 05 43
19 258 2 12 29 03 1 05 29
19 259 2 04 32 05 0 05 25
19 260 2 09 58 00 1 05 58
19 261 2 08 25 04 0 05 58
19 262 2 02 43 01 1 05 43
19 263 2 12 29 03 1 05 29
19 264 2 00 27 02 1 05 27
19 265 2 08 25 04 0 05 58
19 266 2 04 32 05 1 05 32
19 267 2 12 29 03 1 05 29
19 268 2 09 58 00 1 05 58
19 269 2 00 27 02 1 05 27
19 270 2 02 43 01 0 05 32
19 271 2 12 29 03 1 05 29
19 272 2 08 25 04 0 05 58
19 273 2 09 58 00 1 05 58
19 274 2 02 43 01 1 05 43
19 275 2 00 27 02 1 05 27
19 276 2 04 32 05 0 05 25
19 277 2 12 29 03 1 05 29
19 278 2 04 32 05 1 05 32
19 279 2 02 43 01 1 05 43
19 280 2 00 27 02 1 05 27
19 281 2 09 58 00 0 05 29
19 282 2 08 25 04 0 05 58
19 283 2 02 43 01 0 05 32
19 284 2 00 27 02 1 05 27
19 285 2 09 58 00 1 05 58
19 286 2 08 25 04 1 05 25
19 287 2 04 32 05 1 05 32
19 288 2 12 29 03 1 05 29
19 289 2 00 27 02 1 05 27
19 290 2 04 32 05 0 05 25
19 291 2 08 25 04 0 05 58
19 292 2 09 58 00 1 05 58
19 293 2 12 29 03 1 05 29
19 294 2 02 43 01 1 05 43
19 295 2 12 29 03 1 05 29
19 296 2 04 32 05 1 05 32
19 297 2 02 43 01 1 05 43
19 298 2 08 25 04 0 05 58
19 299 2 00 27 02 1 05 27
19 300 2 09 58 00 0 05 25
19 301 2 00 27 02 1 05 27
19 302 2 09 58 00 1 05 58
19 303 2 02 43 01 1 05 43
19 304 2 04 32 05 1 05 32
19 305 2 08 25 04 1 05 25
19 306 2 12 29 03 1 05 29
19 307 2 00 27 02 1 06 27
19 308 2 03 38 06 1 06 38
19 309 2 02 43 01 1 06 43
19 310 2 04 32 05 1 06 32
19 311 2 08 25 04 1 06 25
19 312 2 09 58 00 1 06 58
19 313 2 12 29 03 1 06 29
19 314 2 02 43 01 0 07 38
19 315 2 12 29 03 1 07 29
19 316 2 08 25 04 0 07 58
19 317 2 05 11 07 0 07 32
19 318 2 00 27 02 1 07 27
19 319 2 04 32 05 1 07 32
19 320 2 03 38 06 1 07 38
19 321 2 09 58 00 1 07 58
19 322 2 05 11 07 1 07 11
19 323 2 02 43 01 1 07 43
19 324 2 04 32 05 1 07 32
19 325 2 00 27 02 1 07 27
19 326 2 09 58 00 1 07 58
19 327 2 08 25 04 0 07 38
19 328 2 03 38 06 0 07 32
19 329 2 12 29 03 1 07 29
19 330 2 02 43 01 0 07 38
19 331 2 08 25 04 0 07 58
19 332 2 12 29 03 1 07 29
19 333 2 04 32 05 1 07 32
19 334 2 03 38 06 0 07 43
19 000 0 23 56 00 1 00 56
19 001 0 23 56 00 1 01 56
19 002 0 03 42 01 1 01 42
19 003 0 23 56 00 1 02 56
19 004 0 05 71 02 1 02 71
19 005 0 03 42 01 1 02 42
19 006 0 23 56 00 1 03 56
19 007 0 05 71 02 0 03 72
19 008 0 03 42 01 0 03 27
19 009 0 16 39 03 0 03 57
19 010 0 16 39 03 1 03 39
19 011 0 05 71 02 0 03 52
19 012 0 23 56 00 1 03 56
19 013 0 03 42 01 0 03 52
19 014 0 05 71 02 1 03 71
19 015 0 03 42 01 1 03 42
19 016 0 16 39 03 1 03 39
19 017 0 23 56 00 1 03 56
19 018 0 23 56 00 1 04 56
19 019 0 07 73 04 1 04 73
19 020 0 03 42 01 1 04 42
19 021 0 16 39 03 0 04 92
19 022 0 05 71 02 1 04 71
19 023 0 03 42 01 1 04 42
19 024 0 23 56 00 1 04 56
19 025 0 05 71 02 1 04 71
19 026 0 16 39 03 0 04 32
19 027 0 07 73 04 1 04 73
19 028 0 16 39 03 0 04 92
19 029 0 03 42 01 1 04 42
19 030 0 07 73 04 0 04 32
19 031 0 23 56 00 1 04 56
19 032 0 05 71 02 0 04 42
19 033 0 03 42 01 1 04 42
19 034 0 23 56 00 1 04 56
19 035 0 07 73 04 0 04 39
19 036 0 16 39 03 1 04 39
19 037 0 05 71 02 1 04 71
19 038 0 05 71 02 1 04 71
19 039 0 07 73 04 1 04 73
19 040 0 03 42 01 1 04 42
19 041 0 16 39 03 1 04 39
19 042 0 23 56 00 1 04 56
19 043 0 23 56 00 1 05 56
19 044 0 12 47 05 1 05 47
19 045 0 05 71 02 0 05 73
19 046 0 16 39 03 1 05 39
19 047 0 03 42 01 1 05 42
19 048 0 07 73 04 1 05 73
19 049 0 16 39 03 1 05 39
19 050 0 07 73 04 1 05 73
19 051 0 05 71 02 1 05 71
19 052 0 03 42 01 1 05 42
19 053 0 12 47 05 0 05 74
19 054 0 23 56 00 1 05 56
19 055 0 12 47 05 1 05 47
19 056 0 05 71 02 1 05 71
19 057 0 07 73 04 1 05 73
19 058 0 03 42 01 1 05 42
19 059 0 16 39 03 1 05 39
19 060 0 23 56 00 1 05 56
19 061 0 07 73 04 1 06 73
19 062 0 16 39 03 1 06 39
19 063 0 23 56 00 1 06 56
19 064 0 03 42 01 1 06 42
19 065 0 12 47 05 0 06 74
19 066 0 05 71 02 1 06 71
19 067 0 24 50 06 1 06 50
19 068 0 16 39 03 1 06 39
19 069 0 05 71 02 1 06 71
19 070 0 23 56 00 1 06 56
19 071 0 03 42 01 1 06 42
19 072 0 24 50 06 1 06 50
19 073 0 07 73 04 0 06 47
19 074 0 12 47 05 1 06 47
19 075 0 24 50 06 1 06 50
19 076 0 12 47 05 1 06 47
19 077 0 23 56 00 1 06 56
19 078 0 16 39 03 1 06 39
19 079 0 03 42 01 1 06 42
19 080 0 07 73 04 1 06 73
19 081 0 05 71 02 1 06 71
19 082 0 07 73 04 1 07 73
19 083 0 12 47 05 1 07 47
19 084 0 16 39 03 1 07 39
19 085 0 24 50 06 1 07 50
19 086 0 19 21 07 0 07 22
19 087 0 05 71 02 1 07 71
19 088 0 23 56 00 1 07 56
19 089 0 03 42 01 1 07 42
19 090 0 16 39 03 1 07 39
19 091 0 05 71 02 1 07 71
19 092 0 24 50 06 1 07 50
19 093 0 03 42 01 1 07 42
19 094 0 23 56 00 1 07 56
19 095 0 12 47 05 1 07 47
19 096 0 07 73 04 1 07 73
19 097 0 19 21 07 1 07 21
19 098 0 20 46 08 1 08 46
19 099 0 12 47 05 1 08 47
19 100 0 24 50 06 1 08 50
19 101 0 23 56 00 1 08 56
19 102 0 19 21 07 1 08 21
19 103 0 16 39 03 1 08 39
19 104 0 03 42 01 1 08 42
19 105 0 05 71 02 1 08 71
19 106 0 07 73 04 1 08 73
19 107 0 24 50 06 1 09 50
19 108 0 05 71 02 1 09 71
19 109 0 04 35 09 1 09 35
19 110 0 16 39 03 1 09 39
19 111 0 20 46 08 0 09 35
19 112 0 03 42 01 1 09 42
19 113 0 07 73 04 1 09 73
19 114 0 12 47 05 1 09 47
19 115 0 23 56 00 1 09 56
19 116 0 19 21 07 1 09 21
19 117 0 04 35 09 0 09 55
19 118 0 16 39 03 1 09 39
19 119 0 20 46 08 1 09 46
19 120 0 12 47 05 1 09 47
19 121 0 23 56 00 1 09 56
19 122 0 19 21 07 1 09 21
19 123 0 03 42 01 1 09 42
19 124 0 07 73 04 1 09 73
19 125 0 05 71 02 1 09 71
19 126 0 24 50 06 1 09 50
19 127 0 20 46 08 1 09 46
19 128 0 07 73 04 1 09 73
19 129 0 19 21 07 1 09 21
19 130 0 12 47 05 1 09 47
19 131 0 04 35 09 1 09 35
19 132 0 16 39 03 1 09 39
19 133 0 03 42 01 1 09 42
19 134 0 23 56 00 1 09 56
