12 000 0 23 56 00 1 00 56
12 001 0 23 56 00 1 01 56
12 002 0 03 42 01 1 01 42
12 003 0 05 71 02 1 02 71
12 004 0 03 42 01 1 02 42
12 005 0 23 56 00 1 02 56
12 006 0 23 56 00 1 03 56
12 007 0 16 39 03 0 03 93
12 008 0 05 71 02 0 03 72
12 009 0 03 42 01 1 03 42
12 010 0 16 39 03 1 03 39
12 011 0 05 71 02 1 03 71
12 012 0 03 42 01 1 03 42
12 013 0 23 56 00 1 03 56
12 014 0 03 42 01 0 04 56
12 015 0 07 73 04 1 04 73
12 016 0 05 71 02 1 04 71
12 017 0 23 56 00 1 04 56
12 018 0 16 39 03 1 04 39
12 019 0 03 42 01 1 04 42
12 020 0 07 73 04 1 04 73
12 021 0 23 56 00 1 04 56
12 022 0 16 39 03 1 04 39
12 023 0 05 71 02 1 04 71
12 024 0 23 56 00 1 05 56
12 025 0 07 73 04 1 05 73
12 026 0 03 42 01 1 05 42
12 027 0 12 47 05 0 05 41
12 028 0 16 39 03 1 05 39
12 029 0 05 71 02 1 05 71
12 030 0 16 39 03 0 05 47
12 031 0 03 42 01 0 05 56
12 032 0 07 73 04 0 05 41
12 033 0 12 47 05 1 05 47
12 034 0 23 56 00 1 05 56
12 035 0 05 71 02 1 05 71
12 036 0 05 71 02 1 05 71
12 037 0 12 47 05 1 05 47
12 038 0 23 56 00 1 05 56
12 039 0 03 42 01 1 05 42
12 040 0 16 39 03 1 05 39
12 041 0 07 73 04 1 05 73
12 042 0 12 47 05 1 06 47
12 043 0 05 71 02 1 06 71
12 044 0 07 73 04 0 06 52
12 045 0 23 56 00 1 06 56
12 046 0 24 50 06 1 06 50
12 047 0 16 39 03 1 06 39
12 048 0 03 42 01 0 06 71
12 049 0 16 39 03 0 06 33
12 050 0 07 73 04 0 06 42
12 051 0 03 42 01 1 06 42
12 052 0 24 50 06 1 06 50
12 053 0 12 47 05 1 06 47
12 054 0 05 71 02 1 06 71
12 055 0 23 56 00 1 06 56
12 056 0 07 73 04 0 06 42
12 057 0 03 42 01 1 06 42
12 058 0 24 50 06 1 06 50
12 059 0 23 56 00 1 06 56
12 060 0 16 39 03 1 06 39
12 061 0 12 47 05 0 06 73
12 062 0 05 71 02 1 06 71
12 063 0 24 50 06 1 06 50
12 064 0 07 73 04 0 06 43
12 065 0 05 71 02 1 06 71
12 066 0 16 39 03 1 06 39
12 067 0 03 42 01 1 06 42
12 068 0 12 47 05 0 06 73
12 069 0 23 56 00 1 06 56
12 070 0 24 50 06 1 06 50
12 071 0 07 73 04 1 06 73
12 072 0 16 39 03 1 06 39
12 073 0 23 56 00 1 06 56
12 074 0 03 42 01 1 06 42
12 075 0 05 71 02 1 06 71
12 076 0 12 47 05 1 06 47
12 077 0 12 47 05 1 07 47
12 078 0 05 71 02 1 07 71
12 079 0 24 50 06 1 07 50
12 080 0 23 56 00 1 07 56
12 081 0 03 42 01 1 07 42
12 082 0 16 39 03 1 07 39
12 083 0 07 73 04 1 07 73
12 084 0 19 21 07 1 07 21
12 085 0 07 73 04 0 08 47
12 086 0 12 47 05 1 08 47
12 087 0 05 71 02 1 08 71
12 088 0 20 46 08 1 08 46
12 089 0 03 42 01 1 08 42
12 090 0 19 21 07 1 08 21
12 091 0 23 56 00 1 08 56
12 092 0 24 50 06 1 08 50
12 093 0 16 39 03 1 08 39
12 094 0 12 47 05 0 08 73
12 095 0 03 42 01 1 08 42
12 096 0 16 39 03 1 08 39
12 097 0 05 71 02 1 08 71
12 098 0 23 56 00 0 08 50
12 099 0 24 50 06 1 08 50
12 100 0 19 21 07 1 08 21
12 101 0 07 73 04 1 08 73
12 102 0 20 46 08 0 08 26
12 103 0 24 50 06 1 08 50
12 104 0 07 73 04 0 08 43
12 105 0 12 47 05 1 08 47
12 106 0 05 71 02 1 08 71
12 107 0 23 56 00 1 08 56
12 108 0 20 46 08 1 08 46
12 109 0 19 21 07 1 08 21
12 110 0 16 39 03 1 08 39
12 111 0 03 42 01 1 08 42
12 112 0 03 42 01 1 08 42
12 113 0 07 73 04 0 08 43
12 114 0 23 56 00 1 08 56
12 115 0 16 39 03 1 08 39
12 116 0 24 50 06 1 08 50
12 117 0 05 71 02 1 08 71
12 118 0 20 46 08 1 08 46
12 119 0 19 21 07 1 08 21
12 120 0 12 47 05 0 08 43
12 121 0 07 73 04 0 08 47
12 122 0 03 42 01 1 08 42
12 123 0 05 71 02 1 08 71
12 124 0 12 47 05 0 08 43
12 125 0 19 21 07 1 08 21
12 126 0 20 46 08 0 08 56
12 127 0 24 50 06 1 08 50
12 128 0 16 39 03 1 08 39
12 129 0 23 56 00 1 08 56
12 130 0 05 71 02 1 08 71
12 131 0 12 47 05 0 08 73
12 132 0 16 39 03 1 08 39
12 133 0 20 46 08 1 08 46
12 134 0 03 42 01 1 08 42
12 100 1 25 28 00 1 00 28
12 101 1 06 23 01 1 01 23
12 102 1 25 28 00 1 01 28
12 103 1 06 23 01 1 02 23
12 104 1 25 28 00 1 02 28
12 105 1 23 70 02 1 02 70
12 106 1 06 23 01 1 03 23
12 107 1 25 28 00 1 03 28
12 108 1 14 17 03 1 03 17
12 109 1 23 70 02 1 03 70
12 110 1 14 17 03 1 04 17
12 111 1 10 67 04 0 04 46
12 112 1 25 28 00 1 04 28
12 113 1 06 23 01 1 04 23
12 114 1 23 70 02 1 04 70
12 115 1 06 23 01 0 04 28
12 116 1 23 70 02 1 04 70
12 117 1 14 17 03 1 04 17
12 118 1 25 28 00 1 04 28
12 119 1 10 67 04 1 04 67
12 120 1 10 67 04 1 04 67
12 121 1 14 17 03 1 04 17
12 122 1 25 28 00 0 04 23
12 123 1 06 23 01 1 04 23
12 124 1 23 70 02 1 04 70
12 125 1 25 28 00 1 04 28
12 126 1 06 23 01 1 04 23
12 127 1 23 70 02 1 04 70
12 128 1 10 67 04 1 04 67
12 129 1 14 17 03 1 04 17
12 130 1 14 17 03 1 05 17
12 131 1 06 23 01 1 05 23
12 132 1 23 70 02 1 05 70
12 133 1 25 28 00 1 05 28
12 134 1 17 18 05 1 05 18
12 135 1 10 67 04 1 05 67
12 136 1 23 70 02 1 06 70
12 137 1 25 28 00 1 06 28
12 138 1 14 17 03 1 06 17
12 139 1 10 67 04 1 06 67
12 140 1 06 23 01 1 06 23
12 141 1 12 22 06 0 06 26
12 142 1 17 18 05 1 06 18
12 143 1 12 22 06 1 06 22
12 144 1 06 23 01 1 06 23
12 145 1 14 17 03 1 06 17
12 146 1 25 28 00 1 06 28
12 147 1 23 70 02 1 06 70
12 148 1 17 18 05 1 06 18
12 149 1 10 67 04 1 06 67
12 150 1 23 70 02 1 07 70
12 151 1 10 67 04 1 07 67
12 152 1 17 18 05 1 07 18
12 153 1 06 23 01 1 07 23
12 154 1 07 65 07 1 07 65
12 155 1 25 28 00 1 07 28
12 156 1 14 17 03 1 07 17
12 157 1 12 22 06 1 07 22
12 158 1 25 28 00 1 08 28
12 159 1 12 22 06 1 08 22
12 160 1 23 70 02 1 08 70
12 161 1 10 67 04 1 08 67
12 162 1 17 18 05 1 08 18
12 163 1 07 65 07 0 08 67
12 164 1 14 17 03 1 08 17
12 165 1 06 23 01 1 08 23
12 166 1 11 13 08 1 08 13
12 167 1 06 23 01 1 08 23
12 168 1 07 65 07 1 08 65
12 169 1 12 22 06 1 08 22
12 170 1 17 18 05 1 08 18
12 171 1 14 17 03 1 08 17
12 172 1 25 28 00 1 08 28
12 173 1 11 13 08 1 08 13
12 174 1 23 70 02 1 08 70
12 175 1 10 67 04 1 08 67
12 176 1 12 22 06 1 09 22
12 177 1 14 17 03 1 09 17
12 178 1 10 67 04 1 09 67
12 179 1 11 13 08 1 09 13
12 180 1 23 70 02 1 09 70
12 181 1 25 28 00 1 09 28
12 182 1 20 59 09 0 09 56
12 183 1 06 23 01 1 09 23
12 184 1 17 18 05 1 09 18
12 185 1 07 65 07 0 09 23
12 186 1 06 23 01 1 09 23
12 187 1 23 70 02 1 09 70
12 188 1 20 59 09 1 09 59
12 189 1 10 67 04 1 09 67
12 190 1 17 18 05 1 09 18
12 191 1 07 65 07 0 09 23
12 192 1 11 13 08 1 09 13
12 193 1 12 22 06 1 09 22
12 194 1 25 28 00 1 09 28
12 195 1 14 17 03 1 09 17
12 196 1 23 70 02 1 09 70
12 197 1 25 28 00 1 09 28
12 198 1 12 22 06 1 09 22
12 199 1 06 23 01 1 09 23
12 200 1 07 65 07 1 09 65
12 201 1 14 17 03 1 09 17
12 202 1 17 18 05 1 09 18
12 203 1 10 67 04 1 09 67
12 204 1 20 59 09 1 09 59
12 205 1 11 13 08 1 09 13
12 206 1 11 13 08 1 10 13
12 207 1 25 28 00 1 10 28
12 208 1 26 26 10 1 10 26
12 209 1 10 67 04 1 10 67
12 210 1 20 59 09 1 10 59
12 211 1 14 17 03 1 10 17
12 212 1 12 22 06 0 10 27
12 213 1 06 23 01 1 10 23
12 214 1 07 65 07 1 10 65
12 215 1 23 70 02 1 10 70
12 216 1 17 18 05 1 10 18
12 217 1 07 65 07 1 10 65
12 218 1 20 59 09 1 10 59
12 219 1 11 13 08 1 10 13
12 220 1 12 22 06 1 10 22
12 221 1 17 18 05 1 10 18
12 222 1 14 17 03 1 10 17
12 223 1 25 28 00 1 10 28
12 224 1 26 26 10 1 10 26
12 225 1 23 70 02 1 10 70
12 226 1 06 23 01 1 10 23
12 227 1 10 67 04 0 10 56
12 228 1 14 17 03 1 10 17
12 229 1 12 22 06 1 10 22
12 230 1 10 67 04 1 10 67
12 231 1 17 18 05 1 10 18
12 232 1 26 26 10 1 10 26
12 233 1 06 23 01 0 10 65
12 234 1 20 59 09 0 10 26
12 200 2 09 58 00 1 00 58
12 201 2 09 58 00 1 01 58
12 202 2 02 43 01 1 01 43
12 203 2 09 58 00 1 02 58
12 204 2 02 43 01 0 02 27
12 205 2 00 27 02 1 02 27
12 206 2 09 58 00 1 02 58
12 207 2 00 27 02 1 02 27
12 208 2 02 43 01 1 02 43
12 209 2 09 58 00 0 03 29
12 210 2 00 27 02 1 03 27
12 211 2 02 43 01 1 03 43
12 212 2 12 29 03 0 03 58
12 213 2 12 29 03 0 03 58
12 214 2 00 27 02 1 03 27
12 215 2 09 58 00 0 03 29
12 216 2 02 43 01 1 03 43
12 217 2 00 27 02 1 03 27
12 218 2 02 43 01 1 03 43
12 219 2 12 29 03 1 03 29
12 220 2 09 58 00 1 03 58
12 221 2 09 58 00 0 04 25
12 222 2 08 25 04 0 04 58
12 223 2 02 43 01 1 04 43
12 224 2 12 29 03 1 04 29
12 225 2 00 27 02 1 04 27
12 226 2 02 43 01 0 04 27
12 227 2 09 58 00 1 04 58
12 228 2 00 27 02 1 04 27
12 229 2 12 29 03 1 04 29
12 230 2 08 25 04 1 04 25
12 231 2 12 29 03 1 04 29
12 232 2 02 43 01 1 04 43
12 233 2 08 25 04 0 04 58
12 234 2 09 58 00 1 04 58
12 235 2 00 27 02 1 04 27
12 236 2 02 43 01 1 04 43
12 237 2 09 58 00 0 04 25
12 238 2 08 25 04 0 04 58
12 239 2 12 29 03 1 04 29
12 240 2 00 27 02 1 04 27
12 241 2 00 27 02 1 04 27
12 242 2 08 25 04 1 04 25
12 243 2 02 43 01 1 04 43
12 244 2 12 29 03 1 04 29
12 245 2 09 58 00 1 04 58
12 246 2 09 58 00 1 05 58
12 247 2 04 32 05 0 05 43
12 248 2 00 27 02 1 05 27
12 249 2 12 29 03 1 05 29
12 250 2 02 43 01 1 05 43
12 251 2 08 25 04 1 05 25
12 252 2 12 29 03 1 05 29
12 253 2 08 25 04 1 05 25
12 254 2 00 27 02 1 05 27
12 255 2 02 43 01 0 05 32
12 256 2 04 32 05 1 05 32
12 257 2 09 58 00 0 05 25
12 258 2 04 32 05 1 05 32
12 259 2 00 27 02 1 05 27
12 260 2 08 25 04 0 05 58
12 261 2 02 43 01 1 05 43
12 262 2 12 29 03 1 05 29
12 263 2 09 58 00 1 05 58
12 264 2 08 25 04 1 05 25
12 265 2 12 29 03 1 05 29
12 266 2 00 27 02 1 05 27
12 267 2 02 43 01 0 05 32
12 268 2 04 32 05 0 05 43
12 269 2 09 58 00 0 05 25
12 270 2 04 32 05 0 05 43
12 271 2 12 29 03 1 05 29
12 272 2 09 58 00 1 05 58
12 273 2 02 43 01 1 05 43
12 274 2 08 25 04 1 05 25
12 275 2 00 27 02 1 05 27
12 276 2 12 29 03 1 05 29
12 277 2 08 25 04 1 05 25
12 278 2 04 32 05 1 05 32
12 279 2 00 27 02 1 05 27
12 280 2 09 58 00 1 05 58
12 281 2 02 43 01 1 05 43
12 282 2 08 25 04 1 06 25
12 283 2 00 27 02 1 06 27
12 284 2 03 38 06 0 06 43
12 285 2 02 43 01 0 06 32
12 286 2 09 58 00 0 06 25
12 287 2 12 29 03 1 06 29
12 288 2 04 32 05 0 06 25
12 289 2 12 29 03 1 06 29
12 290 2 02 43 01 1 06 43
12 291 2 00 27 02 1 06 27
12 292 2 04 32 05 0 06 38
12 293 2 09 58 00 1 06 58
12 294 2 03 38 06 0 06 43
12 295 2 08 25 04 1 06 25
12 296 2 08 25 04 0 06 58
12 297 2 03 38 06 0 06 43
12 298 2 00 27 02 1 06 27
12 299 2 12 29 03 1 06 29
12 300 2 02 43 01 1 06 43
12 301 2 04 32 05 0 06 38
12 302 2 09 58 00 0 06 25
12 303 2 08 25 04 0 06 58
12 304 2 00 27 02 1 06 27
12 305 2 04 32 05 0 06 38
12 306 2 09 58 00 0 06 25
12 307 2 03 38 06 0 06 43
12 308 2 12 29 03 1 06 29
12 309 2 02 43 01 0 06 38
12 310 2 00 27 02 1 06 27
12 311 2 12 29 03 1 06 29
12 312 2 02 43 01 1 06 43
12 313 2 03 38 06 1 06 38
12 314 2 04 32 05 0 06 38
12 315 2 08 25 04 1 06 25
12 316 2 09 58 00 1 06 58
12 317 2 00 27 02 1 06 27
12 318 2 12 29 03 1 06 29
12 319 2 09 58 00 1 06 58
12 320 2 04 32 05 0 06 38
12 321 2 03 38 06 0 06 32
12 322 2 08 25 04 1 06 25
12 323 2 02 43 01 1 06 43
12 324 2 08 25 04 0 06 58
12 325 2 02 43 01 1 06 43
12 326 2 12 29 03 1 06 29
12 327 2 09 58 00 1 06 58
12 328 2 04 32 05 0 06 25
12 329 2 00 27 02 1 06 27
12 330 2 03 38 06 0 06 43
12 331 2 00 27 02 1 06 27
12 332 2 09 58 00 1 06 58
12 333 2 12 29 03 0 06 59
12 334 2 02 43 01 1 06 43
