10 100 1 25 28 00 1 00 28
10 101 1 25 28 00 1 01 28
10 102 1 06 23 01 0 01 32
10 103 1 06 23 01 0 01 25
10 104 1 25 28 00 0 01 38
10 105 1 25 28 00 1 01 28
10 106 1 06 23 01 1 01 23
10 107 1 25 28 00 1 02 28
10 108 1 06 23 01 1 02 23
10 109 1 23 70 02 0 02 35
10 110 1 23 70 02 1 02 70
10 111 1 25 28 00 1 02 28
10 112 1 06 23 01 1 02 23
10 113 1 25 28 00 1 03 28
10 114 1 06 23 01 1 03 23
10 115 1 14 17 03 0 03 70
10 116 1 23 70 02 0 03 17
10 117 1 14 17 03 0 03 70
10 118 1 23 70 02 1 03 70
10 119 1 06 23 01 1 03 23
10 120 1 25 28 00 1 03 28
10 121 1 23 70 02 0 03 17
10 122 1 25 28 00 1 03 28
10 123 1 06 23 01 1 03 23
10 124 1 14 17 03 0 03 70
10 125 1 25 28 00 1 03 28
10 126 1 23 70 02 1 03 70
10 127 1 14 17 03 1 03 17
10 128 1 06 23 01 1 03 23
10 129 1 23 70 02 1 04 70
10 130 1 10 67 04 0 04 68
10 131 1 14 17 03 1 04 17
10 132 1 25 28 00 1 04 28
10 133 1 06 23 01 1 04 23
10 134 1 10 67 04 1 04 67
10 135 1 06 23 01 1 04 23
10 136 1 23 70 02 1 04 70
10 137 1 14 17 03 1 04 17
10 138 1 25 28 00 1 04 28
10 139 1 06 23 01 0 05 67
10 140 1 23 70 02 1 05 70
10 141 1 17 18 05 0 05 67
10 142 1 10 67 04 1 05 67
10 143 1 25 28 00 1 05 28
10 144 1 14 17 03 1 05 17
10 145 1 14 17 03 1 05 17
10 146 1 17 18 05 1 05 18
10 147 1 25 28 00 1 05 28
10 148 1 06 23 01 1 05 23
10 149 1 10 67 04 0 05 22
10 150 1 23 70 02 1 05 70
10 151 1 17 18 05 0 05 67
10 152 1 14 17 03 1 05 17
10 153 1 10 67 04 1 05 67
10 154 1 23 70 02 1 05 70
10 155 1 06 23 01 1 05 23
10 156 1 25 28 00 1 05 28
10 157 1 10 67 04 0 05 18
10 158 1 25 28 00 1 05 28
10 159 1 23 70 02 1 05 70
10 160 1 06 23 01 1 05 23
10 161 1 14 17 03 1 05 17
10 162 1 17 18 05 1 05 18
10 163 1 17 18 05 1 05 18
10 164 1 06 23 01 1 05 23
10 165 1 10 67 04 1 05 67
10 166 1 23 70 02 1 05 70
10 167 1 25 28 00 1 05 28
10 168 1 14 17 03 1 05 17
10 169 1 10 67 04 1 06 67
10 170 1 14 17 03 1 06 17
10 171 1 23 70 02 1 06 70
10 172 1 06 23 01 1 06 23
10 173 1 17 18 05 1 06 18
10 174 1 12 22 06 0 06 88
10 175 1 25 28 00 1 06 28
10 176 1 06 23 01 1 06 23
10 177 1 14 17 03 1 06 17
10 178 1 12 22 06 1 06 22
10 179 1 23 70 02 1 06 70
10 180 1 25 28 00 1 06 28
10 181 1 17 18 05 0 06 67
10 182 1 10 67 04 1 06 67
10 183 1 23 70 02 1 06 70
10 184 1 25 28 00 1 06 28
10 185 1 10 67 04 0 06 18
10 186 1 14 17 03 1 06 17
10 187 1 06 23 01 1 06 23
10 188 1 12 22 06 0 06 67
10 189 1 17 18 05 1 06 18
10 190 1 06 23 01 1 06 23
10 191 1 14 17 03 1 06 17
10 192 1 25 28 00 1 06 28
10 193 1 12 22 06 0 06 17
10 194 1 10 67 04 1 06 67
10 195 1 17 18 05 1 06 18
10 196 1 23 70 02 1 06 70
10 197 1 12 22 06 1 06 22
10 198 1 10 67 04 1 06 67
10 199 1 14 17 03 1 06 17
10 200 1 23 70 02 1 06 70
10 201 1 17 18 05 1 06 18
10 202 1 06 23 01 1 06 23
10 203 1 25 28 00 1 06 28
10 204 1 06 23 01 1 07 23
10 205 1 25 28 00 1 07 28
10 206 1 23 70 02 1 07 70
10 207 1 07 65 07 1 07 65
10 208 1 14 17 03 1 07 17
10 209 1 10 67 04 1 07 67
10 210 1 12 22 06 1 07 22
10 211 1 17 18 05 1 07 18
10 212 1 25 28 00 1 08 28
10 213 1 12 22 06 1 08 22
10 214 1 17 18 05 1 08 18
10 215 1 10 67 04 1 08 67
10 216 1 23 70 02 1 08 70
10 217 1 06 23 01 1 08 23
10 218 1 11 13 08 0 08 18
10 219 1 14 17 03 1 08 17
10 220 1 07 65 07 0 08 67
10 221 1 06 23 01 1 08 23
10 222 1 07 65 07 1 08 65
10 223 1 12 22 06 1 08 22
10 224 1 11 13 08 1 08 13
10 225 1 25 28 00 1 08 28
10 226 1 23 70 02 1 08 70
10 227 1 10 67 04 1 08 67
10 228 1 14 17 03 1 08 17
10 229 1 17 18 05 1 08 18
10 230 1 25 28 00 1 09 28
10 231 1 06 23 01 1 09 23
10 232 1 14 17 03 1 09 17
10 233 1 20 59 09 1 09 59
10 234 1 10 67 04 0 09 65
10 200 2 09 58 00 1 00 58
10 201 2 02 43 01 1 01 43
10 202 2 09 58 00 0 01 59
10 203 2 02 43 01 1 01 43
10 204 2 09 58 00 1 01 58
10 205 2 02 43 01 1 02 43
10 206 2 00 27 02 0 02 23
10 207 2 09 58 00 1 02 58
10 208 2 00 27 02 1 02 27
10 209 2 09 58 00 1 02 58
10 210 2 02 43 01 1 02 43
10 211 2 09 58 00 1 03 58
10 212 2 00 27 02 1 03 27
10 213 2 02 43 01 1 03 43
10 214 2 12 29 03 0 03 65
10 215 2 00 27 02 1 03 27
10 216 2 02 43 01 1 03 43
10 217 2 12 29 03 0 03 58
10 218 2 09 58 00 1 03 58
10 219 2 12 29 03 0 03 68
10 220 2 09 58 00 1 03 58
10 221 2 02 43 01 1 03 43
10 222 2 00 27 02 1 03 27
10 223 2 12 29 03 1 03 29
10 224 2 09 58 00 1 03 58
10 225 2 02 43 01 1 03 43
10 226 2 00 27 02 1 03 27
10 227 2 12 29 03 1 04 29
10 228 2 08 25 04 0 04 58
10 229 2 09 58 00 1 04 58
10 230 2 00 27 02 1 04 27
10 231 2 02 43 01 1 04 43
10 232 2 02 43 01 1 04 43
10 233 2 00 27 02 1 04 27
10 234 2 08 25 04 0 04 58
10 235 2 09 58 00 1 04 58
10 236 2 12 29 03 1 04 29
10 237 2 02 43 01 1 04 43
10 238 2 00 27 02 1 04 27
10 239 2 12 29 03 1 04 29
10 240 2 09 58 00 1 04 58
10 241 2 08 25 04 0 04 58
10 242 2 08 25 04 1 04 25
10 243 2 00 27 02 1 04 27
10 244 2 12 29 03 1 04 29
10 245 2 02 43 01 1 04 43
10 246 2 09 58 00 1 04 58
10 247 2 00 27 02 1 05 27
10 248 2 02 43 01 1 05 43
10 249 2 09 58 00 1 05 58
10 250 2 04 32 05 0 05 43
10 251 2 08 25 04 0 05 58
10 252 2 12 29 03 0 05 59
10 253 2 02 43 01 1 05 43
10 254 2 04 32 05 0 05 65
10 255 2 12 29 03 1 05 29
10 256 2 08 25 04 0 05 58
10 257 2 00 27 02 1 05 27
10 258 2 09 58 00 0 05 29
10 259 2 04 32 05 0 05 43
10 260 2 00 27 02 1 05 27
10 261 2 09 58 00 0 05 29
10 262 2 08 25 04 0 05 58
10 263 2 12 29 03 1 05 29
10 264 2 02 43 01 0 05 27
10 265 2 02 43 01 1 05 43
10 266 2 08 25 04 0 05 58
10 267 2 09 58 00 1 05 58
10 268 2 04 32 05 0 05 43
10 269 2 00 27 02 1 05 27
10 270 2 12 29 03 1 05 29
10 271 2 02 43 01 1 05 43
10 272 2 08 25 04 0 05 58
10 273 2 04 32 05 0 05 43
10 274 2 00 27 02 1 05 27
10 275 2 09 58 00 1 05 58
10 276 2 12 29 03 1 05 29
10 277 2 04 32 05 0 05 43
10 278 2 12 29 03 1 05 29
10 279 2 08 25 04 1 05 25
10 280 2 09 58 00 1 05 58
10 281 2 00 27 02 1 05 27
10 282 2 02 43 01 1 05 43
10 283 2 12 29 03 1 05 29
10 284 2 02 43 01 1 05 43
10 285 2 08 25 04 1 05 25
10 286 2 09 58 00 1 05 58
10 287 2 04 32 05 0 05 43
10 288 2 00 27 02 1 05 27
10 289 2 00 27 02 1 05 27
10 290 2 08 25 04 0 05 58
10 291 2 09 58 00 1 05 58
10 292 2 12 29 03 1 05 29
10 293 2 04 32 05 0 05 43
10 294 2 02 43 01 0 05 32
10 295 2 04 32 05 1 05 32
10 296 2 00 27 02 1 05 27
10 297 2 08 25 04 1 05 25
10 298 2 09 58 00 1 05 58
10 299 2 02 43 01 1 05 43
10 300 2 12 29 03 1 05 29
10 301 2 03 38 06 0 06 32
10 302 2 09 58 00 1 06 58
10 303 2 08 25 04 1 06 25
10 304 2 12 29 03 1 06 29
10 305 2 04 32 05 1 06 32
10 306 2 02 43 01 1 06 43
10 307 2 00 27 02 1 06 27
10 308 2 12 29 03 1 06 29
10 309 2 00 27 02 1 06 27
10 310 2 08 25 04 1 06 25
10 311 2 04 32 05 0 06 38
10 312 2 02 43 01 1 06 43
10 313 2 09 58 00 1 06 58
10 314 2 03 38 06 0 06 32
10 315 2 08 25 04 1 06 25
10 316 2 03 38 06 1 06 38
10 317 2 00 27 02 1 06 27
10 318 2 09 58 00 1 06 58
10 319 2 04 32 05 0 06 38
10 320 2 02 43 01 0 06 32
10 321 2 12 29 03 1 06 29
10 322 2 08 25 04 1 06 25
10 323 2 00 27 02 1 06 27
10 324 2 09 58 00 1 06 58
10 325 2 03 38 06 0 06 32
10 326 2 12 29 03 1 06 29
10 327 2 04 32 05 1 06 32
10 328 2 02 43 01 1 06 43
10 329 2 03 38 06 0 06 32
10 330 2 04 32 05 1 06 32
10 331 2 02 43 01 1 06 43
10 332 2 00 27 02 1 06 27
10 333 2 09 58 00 0 06 25
10 334 2 08 25 04 1 06 25
10 000 0 23 56 00 1 00 56
10 001 0 03 42 01 1 01 42
10 002 0 23 56 00 0 01 65
10 003 0 03 42 01 1 01 42
10 004 0 23 56 00 1 01 56
10 005 0 03 42 01 1 02 42
10 006 0 23 56 00 1 02 56
10 007 0 05 71 02 0 02 41
10 008 0 23 56 00 1 02 56
10 009 0 03 42 01 1 02 42
10 010 0 05 71 02 1 02 71
10 011 0 05 71 02 1 03 71
10 012 0 23 56 00 1 03 56
10 013 0 16 39 03 0 03 72
10 014 0 03 42 01 1 03 42
10 015 0 23 56 00 1 03 56
10 016 0 16 39 03 1 03 39
10 017 0 05 71 02 1 03 71
10 018 0 03 42 01 1 03 42
10 019 0 03 42 01 1 04 42
10 020 0 23 56 00 1 04 56
10 021 0 07 73 04 1 04 73
10 022 0 05 71 02 1 04 71
10 023 0 16 39 03 1 04 39
10 024 0 07 73 04 1 05 73
10 025 0 03 42 01 1 05 42
10 026 0 23 56 00 1 05 56
10 027 0 05 71 02 1 05 71
10 028 0 12 47 05 0 05 43
10 029 0 16 39 03 1 05 39
10 030 0 16 39 03 1 05 39
10 031 0 12 47 05 0 05 49
10 032 0 07 73 04 1 05 73
10 033 0 23 56 00 1 05 56
10 034 0 05 71 02 1 05 71
10 035 0 03 42 01 1 05 42
10 036 0 05 71 02 1 05 71
10 037 0 23 56 00 1 05 56
10 038 0 12 47 05 0 05 43
10 039 0 07 73 04 1 05 73
10 040 0 16 39 03 1 05 39
10 041 0 03 42 01 1 05 42
10 042 0 23 56 00 1 05 56
10 043 0 03 42 01 1 05 42
10 044 0 16 39 03 1 05 39
10 045 0 05 71 02 1 05 71
10 046 0 07 73 04 1 05 73
10 047 0 12 47 05 1 05 47
10 048 0 05 71 02 1 06 71
10 049 0 23 56 00 1 06 56
10 050 0 12 47 05 1 06 47
10 051 0 24 50 06 0 06 78
10 052 0 07 73 04 1 06 73
10 053 0 03 42 01 1 06 42
10 054 0 16 39 03 1 06 39
10 055 0 16 39 03 1 06 39
10 056 0 05 71 02 1 06 71
10 057 0 03 42 01 1 06 42
10 058 0 23 56 00 1 06 56
10 059 0 24 50 06 0 06 70
10 060 0 07 73 04 1 06 73
10 061 0 12 47 05 1 06 47
10 062 0 05 71 02 1 06 71
10 063 0 16 39 03 1 06 39
10 064 0 03 42 01 1 06 42
10 065 0 07 73 04 1 06 73
10 066 0 12 47 05 1 06 47
10 067 0 23 56 00 1 06 56
10 068 0 24 50 06 1 06 50
10 069 0 24 50 06 1 07 50
10 070 0 03 42 01 1 07 42
10 071 0 12 47 05 1 07 47
10 072 0 19 21 07 1 07 21
10 073 0 16 39 03 1 07 39
10 074 0 23 56 00 1 07 56
10 075 0 07 73 04 1 07 73
10 076 0 05 71 02 1 07 71
10 077 0 07 73 04 1 08 73
10 078 0 24 50 06 1 08 50
10 079 0 03 42 01 1 08 42
10 080 0 05 71 02 1 08 71
10 081 0 19 21 07 1 08 21
10 082 0 16 39 03 1 08 39
10 083 0 20 46 08 0 08 43
10 084 0 23 56 00 1 08 56
10 085 0 12 47 05 1 08 47
10 086 0 23 56 00 1 08 56
10 087 0 12 47 05 1 08 47
10 088 0 03 42 01 1 08 42
10 089 0 05 71 02 1 08 71
10 090 0 20 46 08 1 08 46
10 091 0 07 73 04 1 08 73
10 092 0 24 50 06 1 08 50
10 093 0 19 21 07 1 08 21
10 094 0 16 39 03 1 08 39
10 095 0 05 71 02 1 09 71
10 096 0 12 47 05 1 09 47
10 097 0 23 56 00 1 09 56
10 098 0 03 42 01 1 09 42
10 099 0 19 21 07 1 09 21
10 100 0 24 50 06 1 09 50
10 101 0 20 46 08 1 09 46
10 102 0 16 39 03 1 09 39
10 103 0 07 73 04 1 09 73
10 104 0 04 35 09 1 09 35
10 105 0 24 50 06 1 10 50
10 106 0 12 47 05 1 10 47
10 107 0 19 21 07 1 10 21
10 108 0 07 73 04 1 10 73
10 109 0 20 46 08 1 10 46
10 110 0 03 42 01 1 10 42
10 111 0 11 37 10 0 10 36
10 112 0 04 35 09 1 10 35
10 113 0 23 56 00 1 10 56
10 114 0 05 71 02 1 10 71
10 115 0 16 39 03 1 10 39
10 116 0 07 73 04 1 10 73
10 117 0 23 56 00 1 10 56
10 118 0 04 35 09 1 10 35
10 119 0 20 46 08 1 10 46
10 120 0 05 71 02 1 10 71
10 121 0 19 21 07 1 10 21
10 122 0 03 42 01 1 10 42
10 123 0 16 39 03 1 10 39
10 124 0 11 37 10 1 10 37
10 125 0 12 47 05 1 10 47
10 126 0 24 50 06 1 10 50
10 127 0 20 46 08 1 11 46
10 128 0 04 35 09 1 11 35
10 129 0 24 50 06 1 11 50
10 130 0 03 42 01 1 11 42
10 131 0 12 47 05 1 11 47
10 132 0 18 14 11 1 11 14
10 133 0 23 56 00 1 11 56
10 134 0 05 71 02 1 11 71
