03 000 0 23 56 00 1 00 56
03 001 0 23 56 00 0 01 42
03 002 0 03 42 01 1 01 42
03 003 0 03 42 01 1 01 42
03 004 0 23 56 00 1 01 56
03 005 0 23 56 00 1 02 56
03 006 0 05 71 02 1 02 71
03 007 0 03 42 01 1 02 42
03 008 0 05 71 02 1 03 71
03 009 0 03 42 01 1 03 42
03 010 0 23 56 00 1 03 56
03 011 0 16 39 03 0 03 35
03 012 0 16 39 03 0 03 76
03 013 0 03 42 01 1 03 42
03 014 0 23 56 00 1 03 56
03 015 0 05 71 02 1 03 71
03 016 0 16 39 03 1 03 39
03 017 0 05 71 02 0 03 39
03 018 0 23 56 00 1 03 56
03 019 0 03 42 01 1 03 42
03 020 0 05 71 02 1 03 71
03 021 0 03 42 01 1 03 42
03 022 0 23 56 00 1 03 56
03 023 0 16 39 03 1 03 39
03 024 0 03 42 01 1 04 42
03 025 0 05 71 02 1 04 71
03 026 0 07 73 04 0 04 82
03 027 0 23 56 00 1 04 56
03 028 0 16 39 03 1 04 39
03 029 0 07 73 04 1 04 73
03 030 0 05 71 02 1 04 71
03 031 0 03 42 01 1 04 42
03 032 0 23 56 00 1 04 56
03 033 0 16 39 03 1 04 39
03 034 0 16 39 03 1 05 39
03 035 0 05 71 02 1 05 71
03 036 0 03 42 01 1 05 42
03 037 0 07 73 04 0 05 51
03 038 0 23 56 00 1 05 56
03 039 0 12 47 05 1 05 47
03 040 0 07 73 04 1 05 73
03 041 0 16 39 03 1 05 39
03 042 0 03 42 01 1 05 42
03 043 0 23 56 00 1 05 56
03 044 0 12 47 05 0 05 73
03 045 0 05 71 02 1 05 71
03 046 0 23 56 00 1 05 56
03 047 0 16 39 03 1 05 39
03 048 0 03 42 01 1 05 42
03 049 0 05 71 02 1 05 71
03 050 0 12 47 05 1 05 47
03 051 0 07 73 04 1 05 73
03 052 0 03 42 01 1 06 42
03 053 0 23 56 00 1 06 56
03 054 0 24 50 06 0 06 51
03 055 0 05 71 02 1 06 71
03 056 0 12 47 05 0 06 73
03 057 0 16 39 03 1 06 39
03 058 0 07 73 04 0 06 47
03 059 0 07 73 04 1 06 73
03 060 0 05 71 02 1 06 71
03 061 0 12 47 05 1 06 47
03 062 0 16 39 03 1 06 39
03 063 0 03 42 01 1 06 42
03 064 0 23 56 00 1 06 56
03 065 0 24 50 06 1 06 50
03 066 0 23 56 00 1 07 56
03 067 0 24 50 06 0 07 41
03 068 0 05 71 02 1 07 71
03 069 0 12 47 05 1 07 47
03 070 0 19 21 07 0 07 41
03 071 0 16 39 03 1 07 39
03 072 0 07 73 04 0 07 47
03 073 0 03 42 01 1 07 42
03 074 0 23 56 00 1 07 56
03 075 0 05 71 02 1 07 71
03 076 0 16 39 03 1 07 39
03 077 0 03 42 01 1 07 42
03 078 0 24 50 06 1 07 50
03 079 0 07 73 04 0 07 23
03 080 0 19 21 07 1 07 21
03 081 0 12 47 05 1 07 47
03 082 0 19 21 07 1 07 21
03 083 0 07 73 04 0 07 47
03 084 0 05 71 02 1 07 71
03 085 0 23 56 00 1 07 56
03 086 0 03 42 01 1 07 42
03 087 0 24 50 06 1 07 50
03 088 0 12 47 05 1 07 47
03 089 0 16 39 03 1 07 39
03 090 0 07 73 04 1 07 73
03 091 0 23 56 00 1 07 56
03 092 0 16 39 03 1 07 39
03 093 0 24 50 06 1 07 50
03 094 0 19 21 07 1 07 21
03 095 0 03 42 01 1 07 42
03 096 0 05 71 02 1 07 71
03 097 0 12 47 05 1 07 47
03 098 0 20 46 08 1 08 46
03 099 0 19 21 07 1 08 21
03 100 0 05 71 02 1 08 71
03 101 0 03 42 01 1 08 42
03 102 0 12 47 05 1 08 47
03 103 0 16 39 03 1 08 39
03 104 0 23 56 00 1 08 56
03 105 0 07 73 04 0 08 53
03 106 0 24 50 06 1 08 50
03 107 0 07 73 04 1 08 73
03 108 0 20 46 08 1 08 46
03 109 0 12 47 05 1 08 47
03 110 0 03 42 01 1 08 42
03 111 0 19 21 07 1 08 21
03 112 0 24 50 06 1 08 50
03 113 0 23 56 00 1 08 56
03 114 0 16 39 03 1 08 39
03 115 0 05 71 02 1 08 71
03 116 0 19 21 07 1 09 21
03 117 0 04 35 09 0 09 15
03 118 0 12 47 05 1 09 47
03 119 0 20 46 08 1 09 46
03 120 0 24 50 06 1 09 50
03 121 0 16 39 03 1 09 39
03 122 0 07 73 04 1 09 73
03 123 0 23 56 00 1 09 56
03 124 0 03 42 01 1 09 42
03 125 0 05 71 02 1 09 71
03 126 0 19 21 07 1 09 21
03 127 0 20 46 08 1 09 46
03 128 0 05 71 02 1 09 71
03 129 0 04 35 09 1 09 35
03 130 0 12 47 05 1 09 47
03 131 0 07 73 04 1 09 73
03 132 0 16 39 03 1 09 39
03 133 0 23 56 00 1 09 56
03 134 0 03 42 01 1 09 42
03 100 1 25 28 00 1 00 28
03 101 1 06 23 01 1 01 23
03 102 1 25 28 00 1 01 28
03 103 1 25 28 00 1 02 28
03 104 1 23 70 02 1 02 70
03 105 1 06 23 01 1 02 23
03 106 1 06 23 01 1 03 23
03 107 1 23 70 02 1 03 70
03 108 1 25 28 00 1 03 28
03 109 1 14 17 03 0 03 15
03 110 1 14 17 03 1 03 17
03 111 1 06 23 01 1 03 23
03 112 1 23 70 02 1 03 70
03 113 1 25 28 00 1 03 28
03 114 1 06 23 01 1 04 23
03 115 1 10 67 04 1 04 67
03 116 1 25 28 00 1 04 28
03 117 1 14 17 03 1 04 17
03 118 1 23 70 02 0 04 28
03 119 1 14 17 03 1 04 17
03 120 1 10 67 04 1 04 67
03 121 1 06 23 01 1 04 23
03 122 1 25 28 00 1 04 28
03 123 1 23 70 02 1 04 70
03 124 1 23 70 02 1 05 70
03 125 1 14 17 03 1 05 17
03 126 1 17 18 05 0 05 63
03 127 1 25 28 00 1 05 28
03 128 1 10 67 04 0 05 23
03 129 1 06 23 01 0 05 67
03 130 1 06 23 01 1 05 23
03 131 1 17 18 05 0 05 67
03 132 1 10 67 04 0 05 23
03 133 1 25 28 00 0 05 23
03 134 1 23 70 02 1 05 70
03 135 1 14 17 03 1 05 17
03 136 1 25 28 00 0 05 23
03 137 1 06 23 01 1 05 23
03 138 1 10 67 04 1 05 67
03 139 1 17 18 05 1 05 18
03 140 1 14 17 03 1 05 17
03 141 1 23 70 02 1 05 70
03 142 1 06 23 01 1 05 23
03 143 1 10 67 04 0 05 28
03 144 1 17 18 05 0 05 67
03 145 1 14 17 03 1 05 17
03 146 1 23 70 02 1 05 70
03 147 1 25 28 00 1 05 28
03 148 1 10 67 04 1 05 67
03 149 1 14 17 03 1 05 17
03 150 1 17 18 05 0 05 23
03 151 1 06 23 01 0 05 26
03 152 1 23 70 02 1 05 70
03 153 1 25 28 00 1 05 28
03 154 1 14 17 03 1 05 17
03 155 1 06 23 01 1 05 23
03 156 1 25 28 00 1 05 28
03 157 1 10 67 04 1 05 67
03 158 1 17 18 05 1 05 18
03 159 1 23 70 02 1 05 70
03 160 1 25 28 00 1 06 28
03 161 1 23 70 02 1 06 70
03 162 1 12 22 06 1 06 22
03 163 1 06 23 01 1 06 23
03 164 1 14 17 03 1 06 17
03 165 1 10 67 04 1 06 67
03 166 1 17 18 05 1 06 18
03 167 1 17 18 05 1 07 18
03 168 1 06 23 01 1 07 23
03 169 1 14 17 03 1 07 17
03 170 1 10 67 04 1 07 67
03 171 1 07 65 07 0 07 13
03 172 1 23 70 02 1 07 70
03 173 1 12 22 06 1 07 22
03 174 1 25 28 00 1 07 28
03 175 1 14 17 03 1 07 17
03 176 1 25 28 00 1 07 28
03 177 1 17 18 05 1 07 18
03 178 1 23 70 02 1 07 70
03 179 1 10 67 04 1 07 67
03 180 1 07 65 07 1 07 65
03 181 1 12 22 06 1 07 22
03 182 1 06 23 01 1 07 23
03 183 1 17 18 05 1 08 18
03 184 1 12 22 06 1 08 22
03 185 1 07 65 07 1 08 65
03 186 1 14 17 03 1 08 17
03 187 1 11 13 08 1 08 13
03 188 1 10 67 04 1 08 67
03 189 1 06 23 01 1 08 23
03 190 1 25 28 00 1 08 28
03 191 1 23 70 02 1 08 70
03 192 1 12 22 06 1 09 22
03 193 1 10 67 04 1 09 67
03 194 1 25 28 00 1 09 28
03 195 1 23 70 02 1 09 70
03 196 1 07 65 07 1 09 65
03 197 1 14 17 03 1 09 17
03 198 1 17 18 05 1 09 18
03 199 1 20 59 09 1 09 59
03 200 1 11 13 08 0 09 65
03 201 1 06 23 01 1 09 23
03 202 1 11 13 08 1 09 13
03 203 1 10 67 04 0 09 63
03 204 1 23 70 02 1 09 70
03 205 1 20 59 09 0 09 13
03 206 1 12 22 06 1 09 22
03 207 1 07 65 07 1 09 65
03 208 1 14 17 03 1 09 17
03 209 1 17 18 05 1 09 18
03 210 1 06 23 01 1 09 23
03 211 1 25 28 00 1 09 28
03 212 1 25 28 00 1 09 28
03 213 1 23 70 02 1 09 70
03 214 1 17 18 05 1 09 18
03 215 1 10 67 04 1 09 67
03 216 1 20 59 09 1 09 59
03 217 1 06 23 01 1 09 23
03 218 1 07 65 07 1 09 65
03 219 1 12 22 06 1 09 22
03 220 1 14 17 03 0 09 11
03 221 1 11 13 08 0 09 18
03 222 1 11 13 08 1 09 13
03 223 1 12 22 06 1 09 22
03 224 1 14 17 03 1 09 17
03 225 1 17 18 05 1 09 18
03 226 1 07 65 07 1 09 65
03 227 1 25 28 00 1 09 28
03 228 1 06 23 01 1 09 23
03 229 1 10 67 04 1 09 67
03 230 1 23 70 02 1 09 70
03 231 1 20 59 09 1 09 59
03 232 1 14 17 03 1 10 17
03 233 1 17 18 05 1 10 18
03 234 1 12 22 06 1 10 22
03 200 2 09 58 00 1 00 58
03 201 2 02 43 01 0 01 23
03 202 2 09 58 00 1 01 58
03 203 2 02 43 01 1 01 43
03 204 2 09 58 00 1 01 58
03 205 2 09 58 00 1 02 58
03 206 2 00 27 02 1 02 27
03 207 2 02 43 01 1 02 43
03 208 2 00 27 02 1 03 27
03 209 2 12 29 03 0 03 58
03 210 2 09 58 00 1 03 58
03 211 2 02 43 01 1 03 43
03 212 2 12 29 03 1 03 29
03 213 2 02 43 01 1 03 43
03 214 2 09 58 00 1 03 58
03 215 2 00 27 02 1 03 27
03 216 2 12 29 03 0 04 25
03 217 2 09 58 00 1 04 58
03 218 2 00 27 02 1 04 27
03 219 2 02 43 01 1 04 43
03 220 2 08 25 04 0 04 58
03 221 2 02 43 01 1 04 43
03 222 2 00 27 02 1 04 27
03 223 2 12 29 03 1 04 29
03 224 2 09 58 00 1 04 58
03 225 2 08 25 04 0 04 58
03 226 2 12 29 03 1 04 29
03 227 2 08 25 04 1 04 25
03 228 2 00 27 02 1 04 27
03 229 2 02 43 01 1 04 43
03 230 2 09 58 00 1 04 58
03 231 2 08 25 04 1 05 25
03 232 2 12 29 03 0 05 58
03 233 2 02 43 01 1 05 43
03 234 2 09 58 00 0 05 25
03 235 2 04 32 05 0 05 53
03 236 2 00 27 02 1 05 27
03 237 2 00 27 02 1 05 27
03 238 2 04 32 05 0 05 38
03 239 2 12 29 03 1 05 29
03 240 2 09 58 00 1 05 58
03 241 2 08 25 04 1 05 25
03 242 2 02 43 01 0 05 32
03 243 2 04 32 05 1 05 32
03 244 2 08 25 04 0 05 58
03 245 2 02 43 01 1 05 43
03 246 2 00 27 02 1 05 27
03 247 2 09 58 00 0 05 25
03 248 2 12 29 03 1 05 29
03 249 2 00 27 02 0 05 02
03 250 2 09 58 00 0 05 00
03 251 2 12 29 03 0 05 00
03 252 2 08 25 04 0 05 00
03 253 2 02 43 01 1 05 43
03 254 2 04 32 05 1 05 32
03 255 2 08 25 04 1 05 25
03 256 2 02 43 01 1 05 43
03 257 2 04 32 05 1 05 32
03 258 2 00 27 02 1 05 27
03 259 2 12 29 03 1 05 29
03 260 2 09 58 00 0 05 25
03 261 2 04 32 05 1 05 32
03 262 2 08 25 04 0 05 58
03 263 2 02 43 01 0 05 32
03 264 2 12 29 03 1 05 29
03 265 2 00 27 02 1 05 27
03 266 2 09 58 00 0 05 25
03 267 2 02 43 01 1 05 43
03 268 2 04 32 05 1 05 32
03 269 2 12 29 03 1 05 29
03 270 2 00 27 02 1 05 27
03 271 2 09 58 00 0 05 25
03 272 2 08 25 04 1 05 25
03 273 2 02 43 01 1 05 43
03 274 2 12 29 03 1 05 29
03 275 2 09 58 00 1 05 58
03 276 2 08 25 04 1 05 25
03 277 2 04 32 05 1 05 32
03 278 2 00 27 02 1 05 27
03 279 2 00 27 02 1 06 27
03 280 2 04 32 05 0 06 38
03 281 2 02 43 01 1 06 43
03 282 2 03 38 06 0 06 32
03 283 2 09 58 00 1 06 58
03 284 2 08 25 04 1 06 25
03 285 2 12 29 03 1 06 29
03 286 2 09 58 00 1 06 58
03 287 2 12 29 03 1 06 29
03 288 2 03 38 06 1 06 38
03 289 2 04 32 05 0 06 38
03 290 2 02 43 01 1 06 43
03 291 2 08 25 04 0 06 58
03 292 2 00 27 02 1 06 27
03 293 2 12 29 03 1 06 29
03 294 2 04 32 05 1 06 32
03 295 2 08 25 04 1 06 25
03 296 2 02 43 01 0 06 38
03 297 2 03 38 06 0 06 43
03 298 2 00 27 02 1 06 27
03 299 2 09 58 00 0 06 29
03 300 2 04 32 05 1 06 32
03 301 2 09 58 00 1 06 58
03 302 2 08 25 04 1 06 25
03 303 2 12 29 03 1 06 29
03 304 2 00 27 02 1 06 27
03 305 2 02 43 01 1 06 43
03 306 2 03 38 06 0 06 32
03 307 2 00 27 02 1 06 27
03 308 2 03 38 06 1 06 38
03 309 2 02 43 01 1 06 43
03 310 2 09 58 00 1 06 58
03 311 2 12 29 03 1 06 29
03 312 2 08 25 04 1 06 25
03 313 2 04 32 05 1 06 32
03 314 2 00 27 02 1 07 27
03 315 2 02 43 01 1 07 43
03 316 2 05 11 07 0 07 32
03 317 2 12 29 03 1 07 29
03 318 2 03 38 06 0 07 32
03 319 2 04 32 05 0 07 11
03 320 2 08 25 04 0 07 58
03 321 2 09 58 00 1 07 58
03 322 2 12 29 03 1 07 29
03 323 2 09 58 00 0 07 25
03 324 2 03 38 06 0 07 32
03 325 2 02 43 01 0 07 32
03 326 2 08 25 04 0 07 58
03 327 2 00 27 02 1 07 27
03 328 2 05 11 07 1 07 11
03 329 2 04 32 05 1 07 32
03 330 2 03 38 06 1 07 38
03 331 2 12 29 03 1 07 29
03 332 2 05 11 07 0 07 25
03 333 2 09 58 00 1 07 58
03 334 2 08 25 04 1 07 25
