13 100 1 25 28 00 1 00 28
13 101 1 25 28 00 1 01 28
13 102 1 06 23 01 0 01 56
13 103 1 06 23 01 0 01 28
13 104 1 25 28 00 1 01 28
13 105 1 06 23 01 1 01 23
13 106 1 25 28 00 0 01 38
13 107 1 06 23 01 1 01 23
13 108 1 25 28 00 1 01 28
13 109 1 25 28 00 1 02 28
13 110 1 06 23 01 1 02 23
13 111 1 23 70 02 0 02 32
13 112 1 25 28 00 1 02 28
13 113 1 06 23 01 1 02 23
13 114 1 23 70 02 0 02 20
13 115 1 06 23 01 1 02 23
13 116 1 25 28 00 1 02 28
13 117 1 23 70 02 1 02 70
13 118 1 23 70 02 1 03 70
13 119 1 14 17 03 0 03 35
13 120 1 25 28 00 0 03 70
13 121 1 06 23 01 1 03 23
13 122 1 14 17 03 0 03 70
13 123 1 23 70 02 1 03 70
13 124 1 25 28 00 0 03 17
13 125 1 06 23 01 1 03 23
13 126 1 06 23 01 1 03 23
13 127 1 25 28 00 1 03 28
13 128 1 14 17 03 1 03 17
13 129 1 23 70 02 1 03 70
13 130 1 06 23 01 1 04 23
13 131 1 10 67 04 1 04 67
13 132 1 14 17 03 0 04 70
13 133 1 25 28 00 1 04 28
13 134 1 23 70 02 1 04 70
13 135 1 25 28 00 0 04 23
13 136 1 06 23 01 1 04 23
13 137 1 23 70 02 1 04 70
13 138 1 14 17 03 1 04 17
13 139 1 10 67 04 0 04 17
13 140 1 10 67 04 0 04 17
13 141 1 23 70 02 1 04 70
13 142 1 14 17 03 0 04 28
13 143 1 06 23 01 1 04 23
13 144 1 25 28 00 1 04 28
13 145 1 23 70 02 1 04 70
13 146 1 06 23 01 1 04 23
13 147 1 25 28 00 1 04 28
13 148 1 14 17 03 1 04 17
13 149 1 10 67 04 0 04 37
13 150 1 10 67 04 1 04 67
13 151 1 06 23 01 1 04 23
13 152 1 25 28 00 1 04 28
13 153 1 23 70 02 1 04 70
13 154 1 14 17 03 1 04 17
13 155 1 06 23 01 1 05 23
13 156 1 17 18 05 1 05 18
13 157 1 23 70 02 1 05 70
13 158 1 14 17 03 1 05 17
13 159 1 10 67 04 1 05 67
13 160 1 25 28 00 1 05 28
13 161 1 06 23 01 1 06 23
13 162 1 23 70 02 1 06 70
13 163 1 25 28 00 1 06 28
13 164 1 12 22 06 0 06 27
13 165 1 17 18 05 0 06 22
13 166 1 14 17 03 0 06 67
13 167 1 10 67 04 1 06 67
13 168 1 17 18 05 0 06 17
13 169 1 25 28 00 1 06 28
13 170 1 06 23 01 1 06 23
13 171 1 14 17 03 0 06 67
13 172 1 10 67 04 1 06 67
13 173 1 23 70 02 1 06 70
13 174 1 12 22 06 0 06 17
13 175 1 10 67 04 1 06 67
13 176 1 23 70 02 1 06 70
13 177 1 17 18 05 0 06 17
13 178 1 12 22 06 0 06 17
13 179 1 25 28 00 1 06 28
13 180 1 06 23 01 1 06 23
13 181 1 14 17 03 0 06 67
13 182 1 12 22 06 0 06 17
13 183 1 25 28 00 1 06 28
13 184 1 14 17 03 0 06 67
13 185 1 23 70 02 1 06 70
13 186 1 17 18 05 0 06 67
13 187 1 06 23 01 1 06 23
13 188 1 10 67 04 0 06 70
13 189 1 14 17 03 1 06 17
13 190 1 12 22 06 1 06 22
13 191 1 17 18 05 0 06 67
13 192 1 10 67 04 1 06 67
13 193 1 06 23 01 1 06 23
13 194 1 23 70 02 1 06 70
13 195 1 25 28 00 1 06 28
13 196 1 06 23 01 1 06 23
13 197 1 25 28 00 1 06 28
13 198 1 10 67 04 1 06 67
13 199 1 17 18 05 0 06 22
13 200 1 12 22 06 1 06 22
13 201 1 23 70 02 1 06 70
13 202 1 14 17 03 0 06 67
13 203 1 14 17 03 0 06 22
13 204 1 25 28 00 1 06 28
13 205 1 06 23 01 1 06 23
13 206 1 23 70 02 0 06 80
13 207 1 10 67 04 0 06 22
13 208 1 17 18 05 0 06 23
13 209 1 12 22 06 1 06 22
13 210 1 25 28 00 1 06 28
13 211 1 10 67 04 0 06 22
13 212 1 14 17 03 0 06 67
13 213 1 06 23 01 1 06 23
13 214 1 17 18 05 0 06 17
13 215 1 23 70 02 1 06 70
13 216 1 12 22 06 1 06 22
13 217 1 25 28 00 1 06 28
13 218 1 14 17 03 0 06 67
13 219 1 12 22 06 1 06 22
13 220 1 06 23 01 1 06 23
13 221 1 10 67 04 0 06 22
13 222 1 23 70 02 1 06 70
13 223 1 17 18 05 0 06 22
13 224 1 06 23 01 1 06 23
13 225 1 23 70 02 1 06 70
13 226 1 14 17 03 0 06 22
13 227 1 17 18 05 0 06 23
13 228 1 25 28 00 1 06 28
13 229 1 10 67 04 1 06 67
13 230 1 12 22 06 1 06 22
13 231 1 14 17 03 1 06 17
13 232 1 10 67 04 1 06 67
13 233 1 17 18 05 0 06 70
13 234 1 25 28 00 1 06 28
13 200 2 09 58 00 1 00 58
13 201 2 09 58 00 1 01 58
13 202 2 02 43 01 1 01 43
13 203 2 00 27 02 0 02 23
13 204 2 09 58 00 1 02 58
13 205 2 02 43 01 0 02 23
13 206 2 09 58 00 1 02 58
13 207 2 02 43 01 1 02 43
13 208 2 00 27 02 0 02 17
13 209 2 09 58 00 1 02 58
13 210 2 00 27 02 0 02 47
13 211 2 02 43 01 1 02 43
13 212 2 02 43 01 1 02 43
13 213 2 09 58 00 1 02 58
13 214 2 00 27 02 0 02 68
13 215 2 00 27 02 1 02 27
13 216 2 09 58 00 1 02 58
13 217 2 02 43 01 1 02 43
13 218 2 12 29 03 0 03 58
13 219 2 09 58 00 1 03 58
13 220 2 00 27 02 0 03 23
13 221 2 02 43 01 1 03 43
13 222 2 00 27 02 1 03 27
13 223 2 09 58 00 1 03 58
13 224 2 12 29 03 0 03 27
13 225 2 02 43 01 1 03 43
13 226 2 02 43 01 1 03 43
13 227 2 00 27 02 1 03 27
13 228 2 12 29 03 0 03 58
13 229 2 09 58 00 1 03 58
13 230 2 00 27 02 1 03 27
13 231 2 02 43 01 0 03 27
13 232 2 12 29 03 0 03 68
13 233 2 09 58 00 0 03 43
13 234 2 09 58 00 1 03 58
13 235 2 12 29 03 0 03 49
13 236 2 02 43 01 1 03 43
13 237 2 00 27 02 1 03 27
13 238 2 12 29 03 0 03 49
13 239 2 00 27 02 1 03 27
13 240 2 09 58 00 0 03 43
13 241 2 02 43 01 0 03 28
13 242 2 12 29 03 0 03 48
13 243 2 09 58 00 1 03 58
13 244 2 00 27 02 1 03 27
13 245 2 02 43 01 1 03 43
13 246 2 02 43 01 1 03 43
13 247 2 00 27 02 1 03 27
13 248 2 12 29 03 0 03 28
13 249 2 09 58 00 1 03 58
13 250 2 02 43 01 1 03 43
13 251 2 12 29 03 0 03 68
13 252 2 09 58 00 1 03 58
13 253 2 00 27 02 1 03 27
13 254 2 12 29 03 1 03 29
13 255 2 09 58 00 1 03 58
13 256 2 00 27 02 1 03 27
13 257 2 02 43 01 1 03 43
13 258 2 12 29 03 1 04 29
13 259 2 08 25 04 0 04 48
13 260 2 09 58 00 1 04 58
13 261 2 02 43 01 0 04 27
13 262 2 00 27 02 1 04 27
13 263 2 12 29 03 1 04 29
13 264 2 08 25 04 0 04 58
13 265 2 02 43 01 0 04 44
13 266 2 09 58 00 0 04 25
13 267 2 00 27 02 1 04 27
13 268 2 02 43 01 1 04 43
13 269 2 12 29 03 1 04 29
13 270 2 00 27 02 1 04 27
13 271 2 08 25 04 0 04 58
13 272 2 09 58 00 1 04 58
13 273 2 08 25 04 1 04 25
13 274 2 12 29 03 1 04 29
13 275 2 02 43 01 1 04 43
13 276 2 00 27 02 1 04 27
13 277 2 09 58 00 0 04 25
13 278 2 00 27 02 1 04 27
13 279 2 08 25 04 1 04 25
13 280 2 09 58 00 1 04 58
13 281 2 02 43 01 1 04 43
13 282 2 12 29 03 1 04 29
13 283 2 02 43 01 0 05 76
13 284 2 09 58 00 0 05 28
13 285 2 04 32 05 0 05 58
13 286 2 08 25 04 1 05 25
13 287 2 12 29 03 1 05 29
13 288 2 00 27 02 1 05 27
13 289 2 12 29 03 0 05 58
13 290 2 08 25 04 1 05 25
13 291 2 04 32 05 0 05 29
13 292 2 02 43 01 1 05 43
13 293 2 00 27 02 1 05 27
13 294 2 09 58 00 0 05 25
13 295 2 02 43 01 0 05 47
13 296 2 12 29 03 0 05 58
13 297 2 09 58 00 0 05 25
13 298 2 00 27 02 1 05 27
13 299 2 08 25 04 1 05 25
13 300 2 04 32 05 0 05 17
13 301 2 00 27 02 1 05 27
13 302 2 04 32 05 0 05 27
13 303 2 12 29 03 1 05 29
13 304 2 09 58 00 1 05 58
13 305 2 02 43 01 1 05 43
13 306 2 08 25 04 1 05 25
13 307 2 09 58 00 0 05 34
13 308 2 02 43 01 1 05 43
13 309 2 08 25 04 1 05 25
13 310 2 04 32 05 1 05 32
13 311 2 00 27 02 1 05 27
13 312 2 12 29 03 1 05 29
13 313 2 02 43 01 1 05 43
13 314 2 12 29 03 1 05 29
13 315 2 00 27 02 1 05 27
13 316 2 04 32 05 1 05 32
13 317 2 08 25 04 0 05 58
13 318 2 09 58 00 1 05 58
13 319 2 08 25 04 0 05 58
13 320 2 09 58 00 1 05 58
13 321 2 02 43 01 1 05 43
13 322 2 12 29 03 1 05 29
13 323 2 00 27 02 1 05 27
13 324 2 04 32 05 1 05 32
13 325 2 12 29 03 1 05 29
13 326 2 00 27 02 1 05 27
13 327 2 04 32 05 1 05 32
13 328 2 08 25 04 1 05 25
13 329 2 02 43 01 1 05 43
13 330 2 09 58 00 1 05 58
13 331 2 03 38 06 0 06 32
13 332 2 00 27 02 1 06 27
13 333 2 02 43 01 1 06 43
13 334 2 12 29 03 1 06 29
13 000 0 23 56 00 0 00 63
13 001 0 23 56 00 0 00 13
13 002 0 23 56 00 0 00 63
13 003 0 23 56 00 1 00 56
13 004 0 23 56 00 0 01 53
13 005 0 03 42 01 0 01 47
13 006 0 03 42 01 0 01 29
13 007 0 23 56 00 1 01 56
13 008 0 23 56 00 1 01 56
13 009 0 03 42 01 0 01 27
13 010 0 23 56 00 1 01 56
13 011 0 03 42 01 0 01 43
13 012 0 23 56 00 1 01 56
13 013 0 03 42 01 1 01 42
13 014 0 05 71 02 0 02 76
13 015 0 03 42 01 0 02 43
13 016 0 23 56 00 1 02 56
13 017 0 23 56 00 1 02 56
13 018 0 05 71 02 0 02 43
13 019 0 03 42 01 0 02 43
13 020 0 03 42 01 0 02 23
13 021 0 23 56 00 1 02 56
13 022 0 05 71 02 0 02 42
13 023 0 03 42 01 1 02 42
13 024 0 05 71 02 0 02 23
13 025 0 23 56 00 1 02 56
13 026 0 03 42 01 0 02 24
13 027 0 05 71 02 0 02 17
13 028 0 23 56 00 1 02 56
13 029 0 23 56 00 1 02 56
13 030 0 03 42 01 1 02 42
13 031 0 05 71 02 1 02 71
13 032 0 05 71 02 1 03 71
13 033 0 23 56 00 1 03 56
13 034 0 16 39 03 0 03 27
13 035 0 03 42 01 1 03 42
13 036 0 03 42 01 1 03 42
13 037 0 05 71 02 1 03 71
13 038 0 16 39 03 1 03 39
13 039 0 23 56 00 1 03 56
13 040 0 07 73 04 1 04 73
13 041 0 23 56 00 1 04 56
13 042 0 03 42 01 1 04 42
13 043 0 05 71 02 1 04 71
13 044 0 16 39 03 0 04 36
13 045 0 03 42 01 1 04 42
13 046 0 23 56 00 1 04 56
13 047 0 07 73 04 0 04 39
13 048 0 05 71 02 1 04 71
13 049 0 16 39 03 1 04 39
13 050 0 05 71 02 1 04 71
13 051 0 07 73 04 0 04 42
13 052 0 03 42 01 1 04 42
13 053 0 16 39 03 1 04 39
13 054 0 23 56 00 1 04 56
13 055 0 16 39 03 1 04 39
13 056 0 23 56 00 1 04 56
13 057 0 03 42 01 1 04 42
13 058 0 07 73 04 0 04 71
13 059 0 05 71 02 1 04 71
13 060 0 07 73 04 0 04 39
13 061 0 16 39 03 1 04 39
13 062 0 05 71 02 1 04 71
13 063 0 03 42 01 1 04 42
13 064 0 23 56 00 1 04 56
13 065 0 16 39 03 1 04 39
13 066 0 03 42 01 1 04 42
13 067 0 23 56 00 1 04 56
13 068 0 05 71 02 1 04 71
13 069 0 07 73 04 0 04 42
13 070 0 16 39 03 1 04 39
13 071 0 23 56 00 1 04 56
13 072 0 05 71 02 0 04 73
13 073 0 07 73 04 0 04 71
13 074 0 03 42 01 1 04 42
13 075 0 07 73 04 1 04 73
13 076 0 05 71 02 1 04 71
13 077 0 16 39 03 1 04 39
13 078 0 03 42 01 1 04 42
13 079 0 23 56 00 1 04 56
13 080 0 03 42 01 1 05 42
13 081 0 07 73 04 0 05 42
13 082 0 05 71 02 1 05 71
13 083 0 23 56 00 1 05 56
13 084 0 16 39 03 1 05 39
13 085 0 12 47 05 0 05 27
13 086 0 05 71 02 1 05 71
13 087 0 07 73 04 1 05 73
13 088 0 23 56 00 1 05 56
13 089 0 16 39 03 1 05 39
13 090 0 03 42 01 1 05 42
13 091 0 12 47 05 0 05 27
13 092 0 07 73 04 1 05 73
13 093 0 05 71 02 1 05 71
13 094 0 16 39 03 1 05 39
13 095 0 03 42 01 1 05 42
13 096 0 12 47 05 0 05 37
13 097 0 23 56 00 1 05 56
13 098 0 07 73 04 0 05 42
13 099 0 12 47 05 0 05 73
13 100 0 03 42 01 1 05 42
13 101 0 16 39 03 1 05 39
13 102 0 23 56 00 1 05 56
13 103 0 05 71 02 0 05 73
13 104 0 05 71 02 0 05 73
13 105 0 16 39 03 1 05 39
13 106 0 07 73 04 0 05 27
13 107 0 23 56 00 1 05 56
13 108 0 03 42 01 1 05 42
13 109 0 12 47 05 0 05 73
13 110 0 16 39 03 1 05 39
13 111 0 12 47 05 1 05 47
13 112 0 07 73 04 1 05 73
13 113 0 23 56 00 1 05 56
13 114 0 03 42 01 1 05 42
13 115 0 05 71 02 1 05 71
13 116 0 05 71 02 0 06 73
13 117 0 24 50 06 1 06 50
13 118 0 12 47 05 0 06 71
13 119 0 03 42 01 1 06 42
13 120 0 16 39 03 1 06 39
13 121 0 23 56 00 1 06 56
13 122 0 07 73 04 0 06 71
13 123 0 24 50 06 1 06 50
13 124 0 12 47 05 1 06 47
13 125 0 07 73 04 0 06 71
13 126 0 03 42 01 1 06 42
13 127 0 23 56 00 1 06 56
13 128 0 05 71 02 0 06 47
13 129 0 16 39 03 1 06 39
13 130 0 07 73 04 0 06 47
13 131 0 03 42 01 1 06 42
13 132 0 23 56 00 1 06 56
13 133 0 05 71 02 0 06 47
13 134 0 16 39 03 1 06 39
