08 200 2 09 58 00 0 00 70
08 201 2 09 58 00 1 00 58
08 202 2 02 43 01 0 01 49
08 203 2 09 58 00 0 01 43
08 204 2 02 43 01 1 01 43
08 205 2 09 58 00 1 01 58
08 206 2 00 27 02 1 02 27
08 207 2 09 58 00 1 02 58
08 208 2 02 43 01 1 02 43
08 209 2 00 27 02 0 03 23
08 210 2 09 58 00 0 03 27
08 211 2 12 29 03 0 03 27
08 212 2 02 43 01 0 03 23
08 213 2 09 58 00 0 03 27
08 214 2 12 29 03 0 03 58
08 215 2 00 27 02 0 03 23
08 216 2 02 43 01 0 03 27
08 217 2 02 43 01 1 03 43
08 218 2 12 29 03 0 03 58
08 219 2 09 58 00 0 03 47
08 220 2 00 27 02 0 03 43
08 221 2 00 27 02 1 03 27
08 222 2 02 43 01 1 03 43
08 223 2 12 29 03 0 03 58
08 224 2 09 58 00 0 03 29
08 225 2 00 27 02 1 03 27
08 226 2 02 43 01 1 03 43
08 227 2 12 29 03 0 03 58
08 228 2 09 58 00 0 03 27
08 229 2 00 27 02 1 03 27
08 230 2 02 43 01 1 03 43
08 231 2 09 58 00 1 03 58
08 232 2 12 29 03 1 03 29
08 233 2 00 27 02 0 04 23
08 234 2 12 29 03 0 04 58
08 235 2 08 25 04 0 04 47
08 236 2 09 58 00 0 04 25
08 237 2 02 43 01 1 04 43
08 238 2 09 58 00 1 04 58
08 239 2 02 43 01 1 04 43
08 240 2 00 27 02 0 04 23
08 241 2 08 25 04 0 04 43
08 242 2 12 29 03 0 04 58
08 243 2 12 29 03 1 04 29
08 244 2 08 25 04 0 04 43
08 245 2 02 43 01 0 04 23
08 246 2 00 27 02 0 04 23
08 247 2 09 58 00 1 04 58
08 248 2 09 58 00 1 04 58
08 249 2 08 25 04 0 04 58
08 250 2 02 43 01 0 04 23
08 251 2 12 29 03 0 04 58
08 252 2 00 27 02 0 04 23
08 253 2 08 25 04 0 04 58
08 254 2 09 58 00 0 04 25
08 255 2 02 43 01 1 04 43
08 256 2 00 27 02 0 04 25
08 257 2 12 29 03 1 04 29
08 258 2 09 58 00 1 04 58
08 259 2 00 27 02 1 04 27
08 260 2 12 29 03 1 04 29
08 261 2 08 25 04 0 04 58
08 262 2 02 43 01 1 04 43
08 263 2 09 58 00 1 04 58
08 264 2 08 25 04 0 04 27
08 265 2 12 29 03 1 04 29
08 266 2 00 27 02 0 04 23
08 267 2 02 43 01 0 04 23
08 268 2 12 29 03 0 04 58
08 269 2 02 43 01 1 04 43
08 270 2 00 27 02 0 04 23
08 271 2 09 58 00 1 04 58
08 272 2 08 25 04 0 04 27
08 273 2 00 27 02 0 04 23
08 274 2 12 29 03 1 04 29
08 275 2 09 58 00 1 04 58
08 276 2 08 25 04 0 04 43
08 277 2 02 43 01 1 04 43
08 278 2 02 43 01 1 04 43
08 279 2 08 25 04 0 04 58
08 280 2 12 29 03 1 04 29
08 281 2 09 58 00 1 04 58
08 282 2 00 27 02 0 04 25
08 283 2 12 29 03 1 04 29
08 284 2 09 58 00 1 04 58
08 285 2 02 43 01 1 04 43
08 286 2 00 27 02 1 04 27
08 287 2 08 25 04 0 04 58
08 288 2 00 27 02 1 04 27
08 289 2 08 25 04 1 04 25
08 290 2 02 43 01 1 04 43
08 291 2 12 29 03 1 04 29
08 292 2 09 58 00 1 04 58
08 293 2 04 32 05 1 05 32
08 294 2 00 27 02 1 05 27
08 295 2 12 29 03 1 05 29
08 296 2 02 43 01 1 05 43
08 297 2 08 25 04 0 05 58
08 298 2 09 58 00 0 05 25
08 299 2 04 32 05 0 05 27
08 300 2 08 25 04 0 05 27
08 301 2 09 58 00 0 05 25
08 302 2 00 27 02 1 05 27
08 303 2 12 29 03 1 05 29
08 304 2 02 43 01 1 05 43
08 305 2 02 43 01 1 05 43
08 306 2 09 58 00 1 05 58
08 307 2 00 27 02 1 05 27
08 308 2 04 32 05 0 05 25
08 309 2 12 29 03 1 05 29
08 310 2 08 25 04 0 05 58
08 311 2 02 43 01 1 05 43
08 312 2 08 25 04 1 05 25
08 313 2 04 32 05 0 05 27
08 314 2 00 27 02 1 05 27
08 315 2 12 29 03 1 05 29
08 316 2 09 58 00 1 05 58
08 317 2 09 58 00 1 05 58
08 318 2 00 27 02 1 05 27
08 319 2 12 29 03 1 05 29
08 320 2 02 43 01 1 05 43
08 321 2 08 25 04 0 05 32
08 322 2 04 32 05 0 05 27
08 323 2 04 32 05 1 05 32
08 324 2 02 43 01 1 05 43
08 325 2 09 58 00 0 05 25
08 326 2 08 25 04 0 05 58
08 327 2 12 29 03 1 05 29
08 328 2 00 27 02 1 05 27
08 329 2 00 27 02 1 05 27
08 330 2 12 29 03 0 05 58
08 331 2 08 25 04 0 05 32
08 332 2 02 43 01 1 05 43
08 333 2 09 58 00 1 05 58
08 334 2 04 32 05 1 05 32
08 000 0 23 56 00 0 00 57
08 001 0 23 56 00 1 00 56
08 002 0 23 56 00 1 01 56
08 003 0 03 42 01 0 01 43
08 004 0 03 42 01 1 01 42
08 005 0 23 56 00 1 01 56
08 006 0 23 56 00 1 02 56
08 007 0 05 71 02 0 02 72
08 008 0 03 42 01 1 02 42
08 009 0 05 71 02 1 02 71
08 010 0 23 56 00 1 02 56
08 011 0 03 42 01 0 02 43
08 012 0 03 42 01 1 02 42
08 013 0 23 56 00 1 02 56
08 014 0 05 71 02 1 02 71
08 015 0 03 42 01 1 03 42
08 016 0 05 71 02 1 03 71
08 017 0 16 39 03 0 03 46
08 018 0 23 56 00 1 03 56
08 019 0 05 71 02 1 03 71
08 020 0 23 56 00 1 03 56
08 021 0 16 39 03 0 03 32
08 022 0 03 42 01 1 03 42
08 023 0 23 56 00 1 03 56
08 024 0 16 39 03 1 03 39
08 025 0 03 42 01 1 03 42
08 026 0 05 71 02 1 03 71
08 027 0 05 71 02 1 04 71
08 028 0 03 42 01 1 04 42
08 029 0 16 39 03 1 04 39
08 030 0 23 56 00 1 04 56
08 031 0 07 73 04 1 04 73
08 032 0 07 73 04 0 05 72
08 033 0 23 56 00 1 05 56
08 034 0 05 71 02 1 05 71
08 035 0 16 39 03 0 05 73
08 036 0 12 47 05 0 05 75
08 037 0 03 42 01 1 05 42
08 038 0 05 71 02 1 05 71
08 039 0 23 56 00 1 05 56
08 040 0 07 73 04 0 05 49
08 041 0 03 42 01 1 05 42
08 042 0 12 47 05 0 05 73
08 043 0 16 39 03 0 05 27
08 044 0 05 71 02 1 05 71
08 045 0 16 39 03 1 05 39
08 046 0 07 73 04 0 05 75
08 047 0 12 47 05 0 05 75
08 048 0 23 56 00 1 05 56
08 049 0 03 42 01 1 05 42
08 050 0 12 47 05 0 05 39
08 051 0 16 39 03 0 05 73
08 052 0 03 42 01 1 05 42
08 053 0 07 73 04 1 05 73
08 054 0 23 56 00 1 05 56
08 055 0 05 71 02 1 05 71
08 056 0 12 47 05 0 05 39
08 057 0 07 73 04 1 05 73
08 058 0 16 39 03 1 05 39
08 059 0 03 42 01 1 05 42
08 060 0 23 56 00 1 05 56
08 061 0 05 71 02 1 05 71
08 062 0 16 39 03 0 05 73
08 063 0 05 71 02 1 05 71
08 064 0 07 73 04 1 05 73
08 065 0 23 56 00 1 05 56
08 066 0 03 42 01 1 05 42
08 067 0 12 47 05 0 05 39
08 068 0 12 47 05 0 05 43
08 069 0 05 71 02 1 05 71
08 070 0 07 73 04 1 05 73
08 071 0 03 42 01 1 05 42
08 072 0 16 39 03 0 05 43
08 073 0 23 56 00 1 05 56
08 074 0 07 73 04 0 05 39
08 075 0 23 56 00 1 05 56
08 076 0 12 47 05 0 05 48
08 077 0 05 71 02 1 05 71
08 078 0 03 42 01 1 05 42
08 079 0 16 39 03 1 05 39
08 080 0 03 42 01 1 05 42
08 081 0 05 71 02 1 05 71
08 082 0 07 73 04 1 05 73
08 083 0 12 47 05 1 05 47
08 084 0 23 56 00 1 05 56
08 085 0 16 39 03 1 05 39
08 086 0 12 47 05 1 06 47
08 087 0 05 71 02 1 06 71
08 088 0 16 39 03 1 06 39
08 089 0 07 73 04 1 06 73
08 090 0 24 50 06 1 06 50
08 091 0 03 42 01 1 06 42
08 092 0 23 56 00 1 06 56
08 093 0 23 56 00 1 07 56
08 094 0 05 71 02 1 07 71
08 095 0 07 73 04 0 07 39
08 096 0 03 42 01 1 07 42
08 097 0 19 21 07 0 07 46
08 098 0 12 47 05 1 07 47
08 099 0 16 39 03 0 07 73
08 100 0 24 50 06 1 07 50
08 101 0 07 73 04 1 07 73
08 102 0 19 21 07 1 07 21
08 103 0 12 47 05 1 07 47
08 104 0 16 39 03 1 07 39
08 105 0 24 50 06 1 07 50
08 106 0 03 42 01 1 07 42
08 107 0 23 56 00 1 07 56
08 108 0 05 71 02 1 07 71
08 109 0 03 42 01 1 08 42
08 110 0 19 21 07 0 08 47
08 111 0 12 47 05 1 08 47
08 112 0 07 73 04 1 08 73
08 113 0 05 71 02 1 08 71
08 114 0 16 39 03 0 08 47
08 115 0 23 56 00 1 08 56
08 116 0 24 50 06 1 08 50
08 117 0 20 46 08 0 08 47
08 118 0 23 56 00 1 08 56
08 119 0 03 42 01 1 08 42
08 120 0 16 39 03 1 08 39
08 121 0 19 21 07 1 08 21
08 122 0 24 50 06 1 08 50
08 123 0 20 46 08 1 08 46
08 124 0 07 73 04 0 08 39
08 125 0 12 47 05 0 08 27
08 126 0 05 71 02 1 08 71
08 127 0 24 50 06 1 08 50
08 128 0 03 42 01 1 08 42
08 129 0 07 73 04 0 08 47
08 130 0 19 21 07 1 08 21
08 131 0 12 47 05 0 08 46
08 132 0 20 46 08 1 08 46
08 133 0 05 71 02 1 08 71
08 134 0 23 56 00 1 08 56
08 100 1 25 28 00 1 00 28
08 101 1 25 28 00 1 01 28
08 102 1 06 23 01 1 01 23
08 103 1 23 70 02 0 02 73
08 104 1 25 28 00 1 02 28
08 105 1 06 23 01 0 02 24
08 106 1 25 28 00 1 02 28
08 107 1 23 70 02 1 02 70
08 108 1 06 23 01 1 02 23
08 109 1 25 28 00 1 03 28
08 110 1 23 70 02 1 03 70
08 111 1 14 17 03 1 03 17
08 112 1 06 23 01 1 03 23
08 113 1 25 28 00 1 04 28
08 114 1 23 70 02 1 04 70
08 115 1 10 67 04 0 04 65
08 116 1 14 17 03 1 04 17
08 117 1 06 23 01 1 04 23
08 118 1 06 23 01 1 04 23
08 119 1 14 17 03 1 04 17
08 120 1 10 67 04 1 04 67
08 121 1 23 70 02 1 04 70
08 122 1 25 28 00 1 04 28
08 123 1 10 67 04 1 05 67
08 124 1 14 17 03 1 05 17
08 125 1 23 70 02 1 05 70
08 126 1 06 23 01 1 05 23
08 127 1 25 28 00 1 05 28
08 128 1 17 18 05 0 05 67
08 129 1 25 28 00 1 05 28
08 130 1 06 23 01 1 05 23
08 131 1 17 18 05 1 05 18
08 132 1 23 70 02 1 05 70
08 133 1 14 17 03 1 05 17
08 134 1 10 67 04 1 05 67
08 135 1 06 23 01 1 06 23
08 136 1 14 17 03 1 06 17
08 137 1 10 67 04 1 06 67
08 138 1 12 22 06 1 06 22
08 139 1 25 28 00 1 06 28
08 140 1 23 70 02 1 06 70
08 141 1 17 18 05 1 06 18
08 142 1 14 17 03 1 07 17
08 143 1 10 67 04 1 07 67
08 144 1 23 70 02 1 07 70
08 145 1 12 22 06 0 07 65
08 146 1 25 28 00 1 07 28
08 147 1 06 23 01 1 07 23
08 148 1 07 65 07 1 07 65
08 149 1 17 18 05 1 07 18
08 150 1 06 23 01 1 07 23
08 151 1 07 65 07 0 07 22
08 152 1 25 28 00 1 07 28
08 153 1 14 17 03 1 07 17
08 154 1 10 67 04 1 07 67
08 155 1 12 22 06 1 07 22
08 156 1 17 18 05 1 07 18
08 157 1 23 70 02 1 07 70
08 158 1 06 23 01 0 07 65
08 159 1 23 70 02 1 07 70
08 160 1 07 65 07 0 07 23
08 161 1 25 28 00 1 07 28
08 162 1 14 17 03 1 07 17
08 163 1 12 22 06 0 07 65
08 164 1 10 67 04 1 07 67
08 165 1 17 18 05 1 07 18
08 166 1 17 18 05 1 07 18
08 167 1 12 22 06 0 07 23
08 168 1 06 23 01 0 07 65
08 169 1 10 67 04 1 07 67
08 170 1 07 65 07 1 07 65
08 171 1 25 28 00 1 07 28
08 172 1 14 17 03 1 07 17
08 173 1 23 70 02 1 07 70
08 174 1 14 17 03 1 07 17
08 175 1 06 23 01 1 07 23
08 176 1 07 65 07 0 07 22
08 177 1 17 18 05 1 07 18
08 178 1 25 28 00 1 07 28
08 179 1 10 67 04 1 07 67
08 180 1 23 70 02 1 07 70
08 181 1 12 22 06 0 07 67
08 182 1 06 23 01 0 07 18
08 183 1 12 22 06 1 07 22
08 184 1 07 65 07 1 07 65
08 185 1 23 70 02 1 07 70
08 186 1 10 67 04 1 07 67
08 187 1 14 17 03 1 07 17
08 188 1 17 18 05 1 07 18
08 189 1 25 28 00 1 07 28
08 190 1 14 17 03 1 07 17
08 191 1 25 28 00 1 07 28
08 192 1 17 18 05 1 07 18
08 193 1 23 70 02 1 07 70
08 194 1 07 65 07 0 07 22
08 195 1 12 22 06 1 07 22
08 196 1 10 67 04 0 07 23
08 197 1 06 23 01 0 07 22
08 198 1 25 28 00 1 07 28
08 199 1 10 67 04 1 07 67
08 200 1 07 65 07 0 07 22
08 201 1 17 18 05 1 07 18
08 202 1 06 23 01 0 07 65
08 203 1 23 70 02 1 07 70
08 204 1 12 22 06 0 07 65
08 205 1 14 17 03 1 07 17
08 206 1 23 70 02 1 07 70
08 207 1 17 18 05 1 07 18
08 208 1 07 65 07 0 07 23
08 209 1 14 17 03 1 07 17
08 210 1 25 28 00 1 07 28
08 211 1 10 67 04 0 07 23
08 212 1 06 23 01 0 07 65
08 213 1 12 22 06 0 07 67
08 214 1 06 23 01 0 07 67
08 215 1 23 70 02 0 07 17
08 216 1 10 67 04 1 07 67
08 217 1 25 28 00 1 07 28
08 218 1 12 22 06 0 07 23
08 219 1 14 17 03 1 07 17
08 220 1 07 65 07 1 07 65
08 221 1 17 18 05 1 07 18
08 222 1 12 22 06 1 07 22
08 223 1 14 17 03 1 07 17
08 224 1 25 28 00 1 07 28
08 225 1 06 23 01 0 07 65
08 226 1 17 18 05 1 07 18
08 227 1 23 70 02 1 07 70
08 228 1 07 65 07 1 07 65
08 229 1 10 67 04 1 07 67
08 230 1 06 23 01 1 07 23
08 231 1 12 22 06 1 07 22
08 232 1 17 18 05 1 07 18
08 233 1 23 70 02 1 07 70
08 234 1 07 65 07 0 07 67
