05 200 2 09 58 00 1 00 58
05 201 2 09 58 00 0 01 23
05 202 2 02 43 01 0 01 58
05 203 2 09 58 00 0 01 53
05 204 2 02 43 01 1 01 43
05 205 2 02 43 01 1 01 43
05 206 2 09 58 00 0 01 53
05 207 2 02 43 01 1 01 43
05 208 2 09 58 00 1 01 58
05 209 2 02 43 01 1 02 43
05 210 2 09 58 00 1 02 58
05 211 2 00 27 02 0 02 24
05 212 2 02 43 01 1 02 43
05 213 2 09 58 00 1 02 58
05 214 2 00 27 02 1 02 27
05 215 2 02 43 01 1 03 43
05 216 2 12 29 03 0 03 27
05 217 2 00 27 02 1 03 27
05 218 2 09 58 00 1 03 58
05 219 2 12 29 03 0 03 27
05 220 2 09 58 00 1 03 58
05 221 2 00 27 02 1 03 27
05 222 2 02 43 01 0 03 58
05 223 2 12 29 03 0 03 27
05 224 2 02 43 01 0 03 27
05 225 2 09 58 00 1 03 58
05 226 2 00 27 02 1 03 27
05 227 2 02 43 01 0 03 58
05 228 2 12 29 03 0 03 58
05 229 2 09 58 00 1 03 58
05 230 2 00 27 02 1 03 27
05 231 2 09 58 00 0 03 68
05 232 2 00 27 02 1 03 27
05 233 2 02 43 01 0 03 38
05 234 2 12 29 03 0 03 27
05 235 2 09 58 00 1 03 58
05 236 2 12 29 03 1 03 29
05 237 2 00 27 02 1 03 27
05 238 2 02 43 01 0 03 34
05 239 2 12 29 03 0 03 27
05 240 2 00 27 02 0 03 43
05 241 2 09 58 00 1 03 58
05 242 2 02 43 01 1 03 43
05 243 2 02 43 01 0 03 27
05 244 2 00 27 02 1 03 27
05 245 2 12 29 03 0 03 27
05 246 2 09 58 00 0 03 38
05 247 2 02 43 01 0 03 27
05 248 2 09 58 00 1 03 58
05 249 2 12 29 03 0 03 27
05 250 2 00 27 02 1 03 27
05 251 2 00 27 02 1 03 27
05 252 2 09 58 00 1 03 58
05 253 2 12 29 03 1 03 29
05 254 2 02 43 01 0 03 34
05 255 2 12 29 03 0 03 27
05 256 2 02 43 01 0 03 27
05 257 2 00 27 02 1 03 27
05 258 2 09 58 00 1 03 58
05 259 2 02 43 01 0 03 27
05 260 2 09 58 00 1 03 58
05 261 2 12 29 03 0 03 27
05 262 2 00 27 02 1 03 27
05 263 2 00 27 02 1 03 27
05 264 2 12 29 03 0 03 27
05 265 2 09 58 00 1 03 58
05 266 2 02 43 01 0 03 27
05 267 2 09 58 00 1 03 58
05 268 2 12 29 03 0 03 27
05 269 2 00 27 02 1 03 27
05 270 2 02 43 01 1 03 43
05 271 2 00 27 02 1 03 27
05 272 2 09 58 00 1 03 58
05 273 2 02 43 01 1 03 43
05 274 2 12 29 03 0 03 27
05 275 2 12 29 03 1 03 29
05 276 2 00 27 02 1 03 27
05 277 2 09 58 00 1 03 58
05 278 2 02 43 01 1 03 43
05 279 2 09 58 00 1 04 58
05 280 2 02 43 01 1 04 43
05 281 2 08 25 04 0 04 53
05 282 2 00 27 02 1 04 27
05 283 2 12 29 03 1 04 29
05 284 2 08 25 04 0 04 58
05 285 2 09 58 00 0 04 25
05 286 2 02 43 01 1 04 43
05 287 2 12 29 03 0 04 27
05 288 2 00 27 02 1 04 27
05 289 2 08 25 04 0 04 58
05 290 2 00 27 02 1 04 27
05 291 2 12 29 03 0 04 24
05 292 2 09 58 00 1 04 58
05 293 2 02 43 01 0 04 25
05 294 2 09 58 00 0 04 25
05 295 2 12 29 03 1 04 29
05 296 2 00 27 02 1 04 27
05 297 2 02 43 01 1 04 43
05 298 2 08 25 04 0 04 58
05 299 2 08 25 04 1 04 25
05 300 2 12 29 03 0 04 27
05 301 2 09 58 00 0 04 29
05 302 2 00 27 02 1 04 27
05 303 2 02 43 01 1 04 43
05 304 2 12 29 03 1 04 29
05 305 2 00 27 02 1 04 27
05 306 2 08 25 04 0 04 58
05 307 2 02 43 01 1 04 43
05 308 2 09 58 00 0 04 25
05 309 2 09 58 00 1 04 58
05 310 2 00 27 02 0 04 43
05 311 2 02 43 01 1 04 43
05 312 2 12 29 03 0 04 25
05 313 2 08 25 04 0 04 58
05 314 2 08 25 04 1 04 25
05 315 2 00 27 02 1 04 27
05 316 2 09 58 00 0 04 25
05 317 2 12 29 03 1 04 29
05 318 2 02 43 01 1 04 43
05 319 2 09 58 00 1 04 58
05 320 2 08 25 04 0 04 58
05 321 2 02 43 01 1 04 43
05 322 2 00 27 02 1 04 27
05 323 2 12 29 03 0 04 25
05 324 2 12 29 03 1 04 29
05 325 2 02 43 01 1 04 43
05 326 2 00 27 02 1 04 27
05 327 2 09 58 00 1 04 58
05 328 2 08 25 04 0 04 58
05 329 2 02 43 01 1 04 43
05 330 2 12 29 03 1 04 29
05 331 2 08 25 04 0 04 58
05 332 2 09 58 00 0 04 25
05 333 2 00 27 02 1 04 27
05 334 2 12 29 03 1 04 29
05 000 0 23 56 00 1 00 56
05 001 0 23 56 00 1 01 56
05 002 0 03 42 01 0 01 72
05 003 0 03 42 01 1 01 42
05 004 0 23 56 00 1 01 56
05 005 0 05 71 02 1 02 71
05 006 0 23 56 00 1 02 56
05 007 0 03 42 01 1 02 42
05 008 0 03 42 01 1 03 42
05 009 0 16 39 03 0 03 92
05 010 0 23 56 00 1 03 56
05 011 0 05 71 02 0 03 42
05 012 0 16 39 03 1 03 39
05 013 0 23 56 00 1 03 56
05 014 0 05 71 02 0 03 42
05 015 0 03 42 01 1 03 42
05 016 0 03 42 01 1 03 42
05 017 0 16 39 03 0 03 31
05 018 0 05 71 02 0 03 42
05 019 0 23 56 00 1 03 56
05 020 0 23 56 00 1 03 56
05 021 0 05 71 02 1 03 71
05 022 0 03 42 01 1 03 42
05 023 0 16 39 03 1 03 39
05 024 0 05 71 02 1 04 71
05 025 0 16 39 03 1 04 39
05 026 0 03 42 01 0 04 56
05 027 0 23 56 00 1 04 56
05 028 0 07 73 04 0 04 74
05 029 0 23 56 00 1 04 56
05 030 0 07 73 04 1 04 73
05 031 0 03 42 01 0 04 71
05 032 0 05 71 02 1 04 71
05 033 0 16 39 03 1 04 39
05 034 0 23 56 00 1 04 56
05 035 0 07 73 04 0 04 75
05 036 0 05 71 02 1 04 71
05 037 0 16 39 03 1 04 39
05 038 0 03 42 01 1 04 42
05 039 0 05 71 02 0 04 42
05 040 0 03 42 01 0 04 56
05 041 0 23 56 00 1 04 56
05 042 0 07 73 04 1 04 73
05 043 0 16 39 03 1 04 39
05 044 0 23 56 00 1 04 56
05 045 0 07 73 04 1 04 73
05 046 0 16 39 03 1 04 39
05 047 0 05 71 02 0 04 42
05 048 0 03 42 01 0 04 71
05 049 0 03 42 01 1 04 42
05 050 0 07 73 04 1 04 73
05 051 0 05 71 02 1 04 71
05 052 0 23 56 00 1 04 56
05 053 0 16 39 03 1 04 39
05 054 0 07 73 04 1 05 73
05 055 0 12 47 05 1 05 47
05 056 0 16 39 03 1 05 39
05 057 0 23 56 00 1 05 56
05 058 0 03 42 01 1 05 42
05 059 0 05 71 02 1 05 71
05 060 0 16 39 03 1 06 39
05 061 0 12 47 05 0 06 79
05 062 0 07 73 04 0 06 71
05 063 0 23 56 00 1 06 56
05 064 0 05 71 02 1 06 71
05 065 0 03 42 01 1 06 42
05 066 0 24 50 06 1 06 50
05 067 0 23 56 00 1 06 56
05 068 0 24 50 06 1 06 50
05 069 0 12 47 05 0 06 76
05 070 0 05 71 02 1 06 71
05 071 0 03 42 01 1 06 42
05 072 0 16 39 03 1 06 39
05 073 0 07 73 04 1 06 73
05 074 0 23 56 00 1 06 56
05 075 0 24 50 06 1 06 50
05 076 0 03 42 01 1 06 42
05 077 0 16 39 03 1 06 39
05 078 0 07 73 04 0 06 47
05 079 0 12 47 05 0 06 46
05 080 0 05 71 02 1 06 71
05 081 0 12 47 05 1 06 47
05 082 0 07 73 04 1 06 73
05 083 0 16 39 03 1 06 39
05 084 0 05 71 02 1 06 71
05 085 0 03 42 01 1 06 42
05 086 0 23 56 00 1 06 56
05 087 0 24 50 06 1 06 50
05 088 0 12 47 05 1 07 47
05 089 0 24 50 06 1 07 50
05 090 0 23 56 00 1 07 56
05 091 0 05 71 02 1 07 71
05 092 0 16 39 03 1 07 39
05 093 0 19 21 07 0 07 74
05 094 0 03 42 01 1 07 42
05 095 0 07 73 04 1 07 73
05 096 0 16 39 03 1 07 39
05 097 0 03 42 01 1 07 42
05 098 0 19 21 07 1 07 21
05 099 0 12 47 05 1 07 47
05 100 0 05 71 02 1 07 71
05 101 0 24 50 06 1 07 50
05 102 0 23 56 00 1 07 56
05 103 0 07 73 04 1 07 73
05 104 0 20 46 08 1 08 46
05 105 0 16 39 03 0 08 49
05 106 0 23 56 00 1 08 56
05 107 0 07 73 04 1 08 73
05 108 0 03 42 01 1 08 42
05 109 0 19 21 07 1 08 21
05 110 0 05 71 02 1 08 71
05 111 0 24 50 06 1 08 50
05 112 0 12 47 05 1 08 47
05 113 0 16 39 03 1 08 39
05 114 0 03 42 01 1 08 42
05 115 0 23 56 00 1 08 56
05 116 0 20 46 08 0 08 78
05 117 0 19 21 07 1 08 21
05 118 0 07 73 04 1 08 73
05 119 0 12 47 05 1 08 47
05 120 0 05 71 02 1 08 71
05 121 0 24 50 06 1 08 50
05 122 0 05 71 02 1 08 71
05 123 0 12 47 05 1 08 47
05 124 0 16 39 03 1 08 39
05 125 0 19 21 07 1 08 21
05 126 0 03 42 01 1 08 42
05 127 0 07 73 04 1 08 73
05 128 0 23 56 00 1 08 56
05 129 0 24 50 06 1 08 50
05 130 0 20 46 08 1 08 46
05 131 0 04 35 09 0 09 27
05 132 0 20 46 08 1 09 46
05 133 0 16 39 03 1 09 39
05 134 0 24 50 06 1 09 50
05 100 1 25 28 00 1 00 28
05 101 1 25 28 00 0 01 21
05 102 1 06 23 01 1 01 23
05 103 1 06 23 01 1 01 23
05 104 1 25 28 00 1 01 28
05 105 1 06 23 01 0 02 21
05 106 1 23 70 02 1 02 70
05 107 1 25 28 00 1 02 28
05 108 1 23 70 02 1 02 70
05 109 1 25 28 00 1 02 28
05 110 1 06 23 01 1 02 23
05 111 1 14 17 03 0 03 71
05 112 1 06 23 01 1 03 23
05 113 1 25 28 00 1 03 28
05 114 1 23 70 02 1 03 70
05 115 1 06 23 01 1 03 23
05 116 1 14 17 03 1 03 17
05 117 1 25 28 00 1 03 28
05 118 1 23 70 02 1 03 70
05 119 1 23 70 02 1 04 70
05 120 1 14 17 03 1 04 17
05 121 1 25 28 00 1 04 28
05 122 1 10 67 04 0 04 16
05 123 1 06 23 01 1 04 23
05 124 1 06 23 01 1 04 23
05 125 1 23 70 02 1 04 70
05 126 1 10 67 04 0 04 68
05 127 1 25 28 00 1 04 28
05 128 1 14 17 03 1 04 17
05 129 1 14 17 03 1 04 17
05 130 1 10 67 04 1 04 67
05 131 1 23 70 02 1 04 70
05 132 1 25 28 00 1 04 28
05 133 1 06 23 01 1 04 23
05 134 1 17 18 05 1 05 18
05 135 1 25 28 00 1 05 28
05 136 1 06 23 01 1 05 23
05 137 1 14 17 03 1 05 17
05 138 1 23 70 02 1 05 70
05 139 1 10 67 04 1 05 67
05 140 1 17 18 05 0 06 38
05 141 1 12 22 06 0 06 21
05 142 1 23 70 02 1 06 70
05 143 1 06 23 01 1 06 23
05 144 1 10 67 04 1 06 67
05 145 1 25 28 00 1 06 28
05 146 1 14 17 03 1 06 17
05 147 1 14 17 03 1 06 17
05 148 1 06 23 01 1 06 23
05 149 1 12 22 06 1 06 22
05 150 1 23 70 02 1 06 70
05 151 1 25 28 00 1 06 28
05 152 1 10 67 04 1 06 67
05 153 1 17 18 05 1 06 18
05 154 1 12 22 06 1 07 22
05 155 1 23 70 02 1 07 70
05 156 1 06 23 01 1 07 23
05 157 1 25 28 00 1 07 28
05 158 1 17 18 05 1 07 18
05 159 1 07 65 07 0 07 68
05 160 1 14 17 03 1 07 17
05 161 1 10 67 04 1 07 67
05 162 1 14 17 03 1 07 17
05 163 1 06 23 01 1 07 23
05 164 1 07 65 07 1 07 65
05 165 1 12 22 06 1 07 22
05 166 1 17 18 05 1 07 18
05 167 1 10 67 04 1 07 67
05 168 1 23 70 02 1 07 70
05 169 1 25 28 00 1 07 28
05 170 1 06 23 01 1 08 23
05 171 1 17 18 05 1 08 18
05 172 1 07 65 07 1 08 65
05 173 1 10 67 04 0 08 68
05 174 1 12 22 06 1 08 22
05 175 1 25 28 00 1 08 28
05 176 1 11 13 08 1 08 13
05 177 1 23 70 02 1 08 70
05 178 1 14 17 03 1 08 17
05 179 1 11 13 08 1 08 13
05 180 1 23 70 02 1 08 70
05 181 1 07 65 07 1 08 65
05 182 1 10 67 04 0 08 56
05 183 1 17 18 05 1 08 18
05 184 1 14 17 03 1 08 17
05 185 1 06 23 01 1 08 23
05 186 1 12 22 06 1 08 22
05 187 1 25 28 00 1 08 28
05 188 1 17 18 05 1 08 18
05 189 1 11 13 08 1 08 13
05 190 1 23 70 02 1 08 70
05 191 1 06 23 01 1 08 23
05 192 1 07 65 07 1 08 65
05 193 1 25 28 00 1 08 28
05 194 1 10 67 04 0 08 56
05 195 1 14 17 03 1 08 17
05 196 1 12 22 06 1 08 22
05 197 1 25 28 00 1 08 28
05 198 1 12 22 06 1 08 22
05 199 1 10 67 04 1 08 67
05 200 1 11 13 08 1 08 13
05 201 1 14 17 03 1 08 17
05 202 1 17 18 05 1 08 18
05 203 1 06 23 01 1 08 23
05 204 1 23 70 02 1 08 70
05 205 1 07 65 07 1 08 65
05 206 1 23 70 02 1 09 70
05 207 1 06 23 01 1 09 23
05 208 1 11 13 08 1 09 13
05 209 1 07 65 07 0 09 56
05 210 1 12 22 06 1 09 22
05 211 1 14 17 03 1 09 17
05 212 1 20 59 09 0 09 56
05 213 1 17 18 05 1 09 18
05 214 1 25 28 00 1 09 28
05 215 1 10 67 04 0 09 65
05 216 1 06 23 01 1 09 23
05 217 1 25 28 00 1 09 28
05 218 1 14 17 03 1 09 17
05 219 1 23 70 02 1 09 70
05 220 1 10 67 04 1 09 67
05 221 1 07 65 07 1 09 65
05 222 1 11 13 08 1 09 13
05 223 1 17 18 05 1 09 18
05 224 1 20 59 09 0 09 68
05 225 1 12 22 06 1 09 22
05 226 1 23 70 02 1 09 70
05 227 1 20 59 09 1 09 59
05 228 1 12 22 06 1 09 22
05 229 1 14 17 03 1 09 17
05 230 1 11 13 08 1 09 13
05 231 1 17 18 05 1 09 18
05 232 1 10 67 04 1 09 67
05 233 1 06 23 01 1 09 23
05 234 1 25 28 00 1 09 28
