01 100 1 25 28 00 0 00 71
01 101 1 25 28 00 1 00 28
01 102 1 06 23 01 1 01 23
01 103 1 25 28 00 0 01 02
01 104 1 25 28 00 1 01 28
01 105 1 06 23 01 1 01 23
01 106 1 25 28 00 1 02 28
01 107 1 23 70 02 1 02 70
01 108 1 06 23 01 1 02 23
01 109 1 23 70 02 0 03 28
01 110 1 25 28 00 0 03 70
01 111 1 06 23 01 1 03 23
01 112 1 14 17 03 0 03 70
01 113 1 06 23 01 1 03 23
01 114 1 14 17 03 1 03 17
01 115 1 23 70 02 1 03 70
01 116 1 25 28 00 1 03 28
01 117 1 25 28 00 1 04 28
01 118 1 06 23 01 1 04 23
01 119 1 10 67 04 0 04 60
01 120 1 23 70 02 0 04 17
01 121 1 14 17 03 0 04 28
01 122 1 06 23 01 1 04 23
01 123 1 25 28 00 0 04 17
01 124 1 14 17 03 0 04 28
01 125 1 10 67 04 0 04 16
01 126 1 23 70 02 0 04 17
01 127 1 06 23 01 1 04 23
01 128 1 25 28 00 0 04 70
01 129 1 23 70 02 0 04 17
01 130 1 10 67 04 1 04 67
01 131 1 14 17 03 0 04 70
01 132 1 14 17 03 1 04 17
01 133 1 10 67 04 1 04 67
01 134 1 06 23 01 1 04 23
01 135 1 23 70 02 0 04 28
01 136 1 25 28 00 1 04 28
01 137 1 10 67 04 1 04 67
01 138 1 25 28 00 1 04 28
01 139 1 14 17 03 1 04 17
01 140 1 23 70 02 1 04 70
01 141 1 06 23 01 1 04 23
01 142 1 10 67 04 0 05 23
01 143 1 25 28 00 1 05 28
01 144 1 17 18 05 0 05 16
01 145 1 23 70 02 1 05 70
01 146 1 14 17 03 1 05 17
01 147 1 06 23 01 1 05 23
01 148 1 06 23 01 1 05 23
01 149 1 25 28 00 1 05 28
01 150 1 17 18 05 1 05 18
01 151 1 14 17 03 1 05 17
01 152 1 10 67 04 1 05 67
01 153 1 23 70 02 1 05 70
01 154 1 17 18 05 1 06 18
01 155 1 14 17 03 1 06 17
01 156 1 12 22 06 0 06 57
01 157 1 10 67 04 1 06 67
01 158 1 23 70 02 1 06 70
01 159 1 06 23 01 1 06 23
01 160 1 25 28 00 1 06 28
01 161 1 10 67 04 1 06 67
01 162 1 06 23 01 1 06 23
01 163 1 14 17 03 1 06 17
01 164 1 25 28 00 1 06 28
01 165 1 17 18 05 1 06 18
01 166 1 23 70 02 1 06 70
01 167 1 12 22 06 1 06 22
01 168 1 17 18 05 1 07 18
01 169 1 23 70 02 1 07 70
01 170 1 07 65 07 1 07 65
01 171 1 14 17 03 1 07 17
01 172 1 10 67 04 1 07 67
01 173 1 25 28 00 1 07 28
01 174 1 12 22 06 1 07 22
01 175 1 06 23 01 1 07 23
01 176 1 10 67 04 1 08 67
01 177 1 06 23 01 1 08 23
01 178 1 25 28 00 1 08 28
01 179 1 14 17 03 1 08 17
01 180 1 12 22 06 1 08 22
01 181 1 23 70 02 1 08 70
01 182 1 11 13 08 0 08 16
01 183 1 17 18 05 0 08 67
01 184 1 07 65 07 0 08 18
01 185 1 10 67 04 1 08 67
01 186 1 06 23 01 1 08 23
01 187 1 14 17 03 1 08 17
01 188 1 23 70 02 1 08 70
01 189 1 07 65 07 1 08 65
01 190 1 17 18 05 1 08 18
01 191 1 25 28 00 1 08 28
01 192 1 11 13 08 1 08 13
01 193 1 12 22 06 1 08 22
01 194 1 20 59 09 0 09 58
01 195 1 07 65 07 1 09 65
01 196 1 25 28 00 1 09 28
01 197 1 17 18 05 1 09 18
01 198 1 12 22 06 1 09 22
01 199 1 14 17 03 0 09 22
01 200 1 06 23 01 1 09 23
01 201 1 23 70 02 1 09 70
01 202 1 10 67 04 1 09 67
01 203 1 11 13 08 1 09 13
01 204 1 07 65 07 0 09 52
01 205 1 23 70 02 1 09 70
01 206 1 11 13 08 1 09 13
01 207 1 17 18 05 1 09 18
01 208 1 25 28 00 1 09 28
01 209 1 20 59 09 0 09 52
01 210 1 10 67 04 1 09 67
01 211 1 14 17 03 1 09 17
01 212 1 12 22 06 1 09 22
01 213 1 06 23 01 1 09 23
01 214 1 25 28 00 1 09 28
01 215 1 17 18 05 1 09 18
01 216 1 10 67 04 1 09 67
01 217 1 07 65 07 0 09 59
01 218 1 06 23 01 1 09 23
01 219 1 11 13 08 1 09 13
01 220 1 14 17 03 1 09 17
01 221 1 23 70 02 1 09 70
01 222 1 12 22 06 1 09 22
01 223 1 20 59 09 1 09 59
01 224 1 17 18 05 1 09 18
01 225 1 25 28 00 1 09 28
01 226 1 07 65 07 1 09 65
01 227 1 20 59 09 1 09 59
01 228 1 10 67 04 1 09 67
01 229 1 11 13 08 1 09 13
01 230 1 06 23 01 1 09 23
01 231 1 12 22 06 1 09 22
01 232 1 23 70 02 1 09 70
01 233 1 14 17 03 1 09 17
01 234 1 10 67 04 1 10 67
01 200 2 09 58 00 1 00 58
01 201 2 09 58 00 1 01 58
01 202 2 02 43 01 0 01 42
01 203 2 09 58 00 0 01 25
01 204 2 02 43 01 0 01 42
01 205 2 02 43 01 1 01 43
01 206 2 09 58 00 1 01 58
01 207 2 02 43 01 1 02 43
01 208 2 09 58 00 1 02 58
01 209 2 00 27 02 0 02 67
01 210 2 09 58 00 0 02 28
01 211 2 02 43 01 1 02 43
01 212 2 00 27 02 1 02 27
01 213 2 00 27 02 1 02 27
01 214 2 02 43 01 1 02 43
01 215 2 09 58 00 1 02 58
01 216 2 02 43 01 1 03 43
01 217 2 09 58 00 1 03 58
01 218 2 12 29 03 0 03 58
01 219 2 00 27 02 1 03 27
01 220 2 02 43 01 1 03 43
01 221 2 00 27 02 1 03 27
01 222 2 12 29 03 0 03 58
01 223 2 09 58 00 1 03 58
01 224 2 00 27 02 0 03 43
01 225 2 09 58 00 1 03 58
01 226 2 02 43 01 1 03 43
01 227 2 12 29 03 1 03 29
01 228 2 00 27 02 1 03 27
01 229 2 09 58 00 1 03 58
01 230 2 12 29 03 1 03 29
01 231 2 02 43 01 1 03 43
01 232 2 00 27 02 1 04 27
01 233 2 08 25 04 0 04 58
01 234 2 12 29 03 1 04 29
01 235 2 02 43 01 0 04 29
01 236 2 09 58 00 1 04 58
01 237 2 08 25 04 0 04 58
01 238 2 09 58 00 1 04 58
01 239 2 02 43 01 1 04 43
01 240 2 12 29 03 1 04 29
01 241 2 00 27 02 1 04 27
01 242 2 12 29 03 1 04 29
01 243 2 08 25 04 0 04 58
01 244 2 09 58 00 0 04 25
01 245 2 00 27 02 1 04 27
01 246 2 02 43 01 1 04 43
01 247 2 12 29 03 1 04 29
01 248 2 09 58 00 1 04 58
01 249 2 00 27 02 1 04 27
01 250 2 02 43 01 1 04 43
01 251 2 08 25 04 1 04 25
01 252 2 08 25 04 1 05 25
01 253 2 12 29 03 1 05 29
01 254 2 02 43 01 1 05 43
01 255 2 09 58 00 0 05 25
01 256 2 00 27 02 1 05 27
01 257 2 04 32 05 1 05 32
01 258 2 02 43 01 0 05 32
01 259 2 09 58 00 1 05 58
01 260 2 12 29 03 1 05 29
01 261 2 04 32 05 1 05 32
01 262 2 00 27 02 1 05 27
01 263 2 08 25 04 1 05 25
01 264 2 12 29 03 1 05 29
01 265 2 00 27 02 1 05 27
01 266 2 02 43 01 1 05 43
01 267 2 04 32 05 0 05 43
01 268 2 08 25 04 0 05 58
01 269 2 09 58 00 0 05 25
01 270 2 02 43 01 1 05 43
01 271 2 00 27 02 1 05 27
01 272 2 04 32 05 1 05 32
01 273 2 12 29 03 0 05 58
01 274 2 08 25 04 1 05 25
01 275 2 09 58 00 0 05 25
01 276 2 04 32 05 1 05 32
01 277 2 12 29 03 1 05 29
01 278 2 00 27 02 1 05 27
01 279 2 09 58 00 0 05 25
01 280 2 02 43 01 0 05 32
01 281 2 08 25 04 1 05 25
01 282 2 09 58 00 0 05 25
01 283 2 02 43 01 0 05 32
01 284 2 12 29 03 1 05 29
01 285 2 08 25 04 0 05 58
01 286 2 04 32 05 1 05 32
01 287 2 00 27 02 1 05 27
01 288 2 00 27 02 1 05 27
01 289 2 12 29 03 1 05 29
01 290 2 09 58 00 0 05 25
01 291 2 08 25 04 1 05 25
01 292 2 04 32 05 1 05 32
01 293 2 02 43 01 1 05 43
01 294 2 08 25 04 1 05 25
01 295 2 12 29 03 1 05 29
01 296 2 00 27 02 1 05 27
01 297 2 02 43 01 1 05 43
01 298 2 09 58 00 0 05 25
01 299 2 04 32 05 1 05 32
01 300 2 09 58 00 0 05 25
01 301 2 08 25 04 0 05 58
01 302 2 12 29 03 1 05 29
01 303 2 04 32 05 1 05 32
01 304 2 02 43 01 0 05 32
01 305 2 00 27 02 1 05 27
01 306 2 08 25 04 0 05 58
01 307 2 12 29 03 1 05 29
01 308 2 02 43 01 0 05 32
01 309 2 00 27 02 1 05 27
01 310 2 04 32 05 1 05 32
01 311 2 09 58 00 1 05 58
01 312 2 02 43 01 1 05 43
01 313 2 00 27 02 1 05 27
01 314 2 04 32 05 1 05 32
01 315 2 09 58 00 0 05 25
01 316 2 08 25 04 0 05 58
01 317 2 12 29 03 1 05 29
01 318 2 00 27 02 1 05 27
01 319 2 12 29 03 1 05 29
01 320 2 08 25 04 0 05 58
01 321 2 09 58 00 1 05 58
01 322 2 04 32 05 1 05 32
01 323 2 02 43 01 0 05 32
01 324 2 02 43 01 1 05 43
01 325 2 04 32 05 1 05 32
01 326 2 12 29 03 1 05 29
01 327 2 09 58 00 1 05 58
01 328 2 00 27 02 1 05 27
01 329 2 08 25 04 1 05 25
01 330 2 00 27 02 1 06 27
01 331 2 08 25 04 1 06 25
01 332 2 09 58 00 0 06 25
01 333 2 04 32 05 0 06 38
01 334 2 02 43 01 1 06 43
01 000 0 23 56 00 1 00 56
01 001 0 23 56 00 1 01 56
01 002 0 03 42 01 0 01 52
01 003 0 03 42 01 1 01 42
01 004 0 23 56 00 1 01 56
01 005 0 23 56 00 1 02 56
01 006 0 03 42 01 1 02 42
01 007 0 05 71 02 1 02 71
01 008 0 23 56 00 1 03 56
01 009 0 16 39 03 1 03 39
01 010 0 05 71 02 1 03 71
01 011 0 03 42 01 1 03 42
01 012 0 07 73 04 1 04 73
01 013 0 03 42 01 0 04 71
01 014 0 23 56 00 1 04 56
01 015 0 05 71 02 0 04 39
01 016 0 16 39 03 1 04 39
01 017 0 16 39 03 1 04 39
01 018 0 23 56 00 1 04 56
01 019 0 03 42 01 1 04 42
01 020 0 05 71 02 1 04 71
01 021 0 07 73 04 0 04 39
01 022 0 05 71 02 1 04 71
01 023 0 23 56 00 1 04 56
01 024 0 03 42 01 0 04 39
01 025 0 07 73 04 0 04 79
01 026 0 16 39 03 1 04 39
01 027 0 16 39 03 1 04 39
01 028 0 07 73 04 1 04 73
01 029 0 03 42 01 1 04 42
01 030 0 23 56 00 1 04 56
01 031 0 05 71 02 1 04 71
01 032 0 03 42 01 1 05 42
01 033 0 07 73 04 1 05 73
01 034 0 23 56 00 1 05 56
01 035 0 16 39 03 1 05 39
01 036 0 05 71 02 1 05 71
01 037 0 12 47 05 0 05 41
01 038 0 05 71 02 1 05 71
01 039 0 16 39 03 1 05 39
01 040 0 12 47 05 1 05 47
01 041 0 23 56 00 1 05 56
01 042 0 07 73 04 1 05 73
01 043 0 03 42 01 1 05 42
01 044 0 16 39 03 1 06 39
01 045 0 07 73 04 1 06 73
01 046 0 03 42 01 1 06 42
01 047 0 24 50 06 1 06 50
01 048 0 05 71 02 1 06 71
01 049 0 23 56 00 1 06 56
01 050 0 12 47 05 0 06 43
01 051 0 07 73 04 1 06 73
01 052 0 03 42 01 1 06 42
01 053 0 05 71 02 1 06 71
01 054 0 24 50 06 0 06 47
01 055 0 16 39 03 1 06 39
01 056 0 23 56 00 1 06 56
01 057 0 12 47 05 1 06 47
01 058 0 03 42 01 1 06 42
01 059 0 24 50 06 1 06 50
01 060 0 23 56 00 1 06 56
01 061 0 05 71 02 1 06 71
01 062 0 07 73 04 1 06 73
01 063 0 16 39 03 1 06 39
01 064 0 12 47 05 1 06 47
01 065 0 12 47 05 0 07 73
01 066 0 23 56 00 1 07 56
01 067 0 16 39 03 1 07 39
01 068 0 03 42 01 0 07 71
01 069 0 07 73 04 0 07 42
01 070 0 19 21 07 0 07 41
01 071 0 24 50 06 1 07 50
01 072 0 05 71 02 1 07 71
01 073 0 16 39 03 1 07 39
01 074 0 03 42 01 1 07 42
01 075 0 19 21 07 0 07 41
01 076 0 05 71 02 1 07 71
01 077 0 24 50 06 1 07 50
01 078 0 23 56 00 1 07 56
01 079 0 12 47 05 1 07 47
01 080 0 07 73 04 1 07 73
01 081 0 12 47 05 0 07 73
01 082 0 03 42 01 1 07 42
01 083 0 19 21 07 1 07 21
01 084 0 16 39 03 1 07 39
01 085 0 07 73 04 0 07 47
01 086 0 23 56 00 1 07 56
01 087 0 05 71 02 1 07 71
01 088 0 24 50 06 1 07 50
01 089 0 07 73 04 1 07 73
01 090 0 12 47 05 1 07 47
01 091 0 03 42 01 1 07 42
01 092 0 23 56 00 1 07 56
01 093 0 19 21 07 1 07 21
01 094 0 24 50 06 1 07 50
01 095 0 05 71 02 1 07 71
01 096 0 16 39 03 1 07 39
01 097 0 24 50 06 1 08 50
01 098 0 23 56 00 1 08 56
01 099 0 05 71 02 1 08 71
01 100 0 20 46 08 1 08 46
01 101 0 16 39 03 1 08 39
01 102 0 12 47 05 0 08 73
01 103 0 07 73 04 1 08 73
01 104 0 19 21 07 1 08 21
01 105 0 03 42 01 1 08 42
01 106 0 03 42 01 1 08 42
01 107 0 20 46 08 0 08 41
01 108 0 19 21 07 1 08 21
01 109 0 07 73 04 0 08 46
01 110 0 16 39 03 1 08 39
01 111 0 05 71 02 1 08 71
01 112 0 12 47 05 1 08 47
01 113 0 23 56 00 1 08 56
01 114 0 24 50 06 1 08 50
01 115 0 16 39 03 1 08 39
01 116 0 24 50 06 1 08 50
01 117 0 12 47 05 1 08 47
01 118 0 23 56 00 1 08 56
01 119 0 05 71 02 1 08 71
01 120 0 03 42 01 1 08 42
01 121 0 20 46 08 0 08 41
01 122 0 07 73 04 1 08 73
01 123 0 19 21 07 0 08 41
01 124 0 20 46 08 1 08 46
01 125 0 16 39 03 1 08 39
01 126 0 23 56 00 1 08 56
01 127 0 07 73 04 1 08 73
01 128 0 12 47 05 1 08 47
01 129 0 05 71 02 1 08 71
01 130 0 24 50 06 1 08 50
01 131 0 19 21 07 1 08 21
01 132 0 03 42 01 1 08 42
01 133 0 20 46 08 1 09 46
01 134 0 19 21 07 1 09 21
