11 200 2 09 58 00 1 00 58
11 201 2 09 58 00 1 01 58
11 202 2 02 43 01 1 01 43
11 203 2 02 43 01 1 02 43
11 204 2 09 58 00 1 02 58
11 205 2 00 27 02 0 02 23
11 206 2 00 27 02 1 02 27
11 207 2 09 58 00 1 02 58
11 208 2 02 43 01 1 02 43
11 209 2 09 58 00 0 03 57
11 210 2 02 43 01 0 03 48
11 211 2 00 27 02 1 03 27
11 212 2 12 29 03 0 03 58
11 213 2 02 43 01 1 03 43
11 214 2 00 27 02 1 03 27
11 215 2 12 29 03 0 03 58
11 216 2 09 58 00 0 03 57
11 217 2 12 29 03 0 03 58
11 218 2 09 58 00 0 03 43
11 219 2 00 27 02 0 03 23
11 220 2 02 43 01 1 03 43
11 221 2 09 58 00 0 03 27
11 222 2 12 29 03 0 03 27
11 223 2 00 27 02 0 03 23
11 224 2 02 43 01 1 03 43
11 225 2 12 29 03 0 03 57
11 226 2 02 43 01 0 03 23
11 227 2 00 27 02 1 03 27
11 228 2 09 58 00 0 03 43
11 229 2 09 58 00 1 03 58
11 230 2 12 29 03 0 03 27
11 231 2 02 43 01 1 03 43
11 232 2 00 27 02 0 03 23
11 233 2 02 43 01 1 03 43
11 234 2 00 27 02 0 03 23
11 235 2 09 58 00 0 03 43
11 236 2 12 29 03 0 03 57
11 237 2 00 27 02 0 03 23
11 238 2 09 58 00 0 03 43
11 239 2 02 43 01 1 03 43
11 240 2 12 29 03 0 03 58
11 241 2 09 58 00 1 03 58
11 242 2 02 43 01 1 03 43
11 243 2 12 29 03 0 03 27
11 244 2 00 27 02 0 03 23
11 245 2 09 58 00 0 03 57
11 246 2 00 27 02 0 03 23
11 247 2 12 29 03 0 03 58
11 248 2 02 43 01 1 03 43
11 249 2 09 58 00 0 03 59
11 250 2 00 27 02 1 03 27
11 251 2 02 43 01 1 03 43
11 252 2 12 29 03 0 03 27
11 253 2 09 58 00 0 03 59
11 254 2 00 27 02 1 03 27
11 255 2 02 43 01 0 03 58
11 256 2 12 29 03 1 03 29
11 257 2 02 43 01 0 03 48
11 258 2 12 29 03 0 03 27
11 259 2 00 27 02 1 03 27
11 260 2 09 58 00 0 03 59
11 261 2 00 27 02 1 03 27
11 262 2 12 29 03 0 03 58
11 263 2 09 58 00 1 03 58
11 264 2 02 43 01 0 03 48
11 265 2 09 58 00 1 03 58
11 266 2 02 43 01 1 03 43
11 267 2 00 27 02 1 03 27
11 268 2 12 29 03 1 03 29
11 269 2 00 27 02 1 04 27
11 270 2 08 25 04 0 04 58
11 271 2 12 29 03 1 04 29
11 272 2 09 58 00 0 04 25
11 273 2 02 43 01 1 04 43
11 274 2 02 43 01 1 04 43
11 275 2 12 29 03 1 04 29
11 276 2 08 25 04 0 04 58
11 277 2 00 27 02 1 04 27
11 278 2 09 58 00 0 04 25
11 279 2 12 29 03 0 04 58
11 280 2 09 58 00 0 04 25
11 281 2 00 27 02 1 04 27
11 282 2 08 25 04 0 04 58
11 283 2 02 43 01 0 04 48
11 284 2 00 27 02 1 04 27
11 285 2 09 58 00 0 04 25
11 286 2 02 43 01 0 04 48
11 287 2 08 25 04 1 04 25
11 288 2 12 29 03 1 04 29
11 289 2 09 58 00 1 04 58
11 290 2 00 27 02 1 04 27
11 291 2 12 29 03 1 04 29
11 292 2 08 25 04 1 04 25
11 293 2 02 43 01 0 04 48
11 294 2 00 27 02 1 04 27
11 295 2 09 58 00 0 04 25
11 296 2 02 43 01 1 04 43
11 297 2 12 29 03 1 04 29
11 298 2 08 25 04 1 04 25
11 299 2 00 27 02 1 04 27
11 300 2 09 58 00 1 04 58
11 301 2 08 25 04 1 04 25
11 302 2 02 43 01 1 04 43
11 303 2 12 29 03 1 04 29
11 304 2 02 43 01 1 05 43
11 305 2 00 27 02 1 05 27
11 306 2 09 58 00 1 05 58
11 307 2 12 29 03 1 05 29
11 308 2 08 25 04 1 05 25
11 309 2 04 32 05 0 05 36
11 310 2 12 29 03 1 05 29
11 311 2 09 58 00 1 05 58
11 312 2 00 27 02 1 05 27
11 313 2 02 43 01 1 05 43
11 314 2 08 25 04 1 05 25
11 315 2 04 32 05 0 05 36
11 316 2 04 32 05 1 05 32
11 317 2 09 58 00 1 05 58
11 318 2 12 29 03 1 05 29
11 319 2 08 25 04 0 05 58
11 320 2 02 43 01 1 05 43
11 321 2 00 27 02 1 05 27
11 322 2 12 29 03 1 05 29
11 323 2 04 32 05 1 05 32
11 324 2 00 27 02 1 05 27
11 325 2 08 25 04 1 05 25
11 326 2 02 43 01 0 05 32
11 327 2 09 58 00 1 05 58
11 328 2 00 27 02 1 05 27
11 329 2 04 32 05 1 05 32
11 330 2 09 58 00 1 05 58
11 331 2 08 25 04 1 05 25
11 332 2 12 29 03 1 05 29
11 333 2 02 43 01 1 05 43
11 334 2 08 25 04 1 06 25
11 000 0 23 56 00 1 00 56
11 001 0 23 56 00 1 01 56
11 002 0 03 42 01 1 01 42
11 003 0 03 42 01 1 02 42
11 004 0 23 56 00 1 02 56
11 005 0 05 71 02 0 02 72
11 006 0 05 71 02 1 02 71
11 007 0 23 56 00 1 02 56
11 008 0 03 42 01 1 02 42
11 009 0 23 56 00 1 03 56
11 010 0 03 42 01 1 03 42
11 011 0 16 39 03 0 03 89
11 012 0 05 71 02 0 03 72
11 013 0 05 71 02 1 03 71
11 014 0 03 42 01 0 03 56
11 015 0 23 56 00 1 03 56
11 016 0 16 39 03 0 03 36
11 017 0 23 56 00 1 03 56
11 018 0 03 42 01 1 03 42
11 019 0 05 71 02 0 03 72
11 020 0 16 39 03 0 03 56
11 021 0 16 39 03 0 03 71
11 022 0 05 71 02 1 03 71
11 023 0 23 56 00 1 03 56
11 024 0 03 42 01 0 03 36
11 025 0 05 71 02 1 03 71
11 026 0 23 56 00 1 03 56
11 027 0 03 42 01 1 03 42
11 028 0 16 39 03 0 03 89
11 029 0 16 39 03 1 03 39
11 030 0 03 42 01 1 03 42
11 031 0 23 56 00 1 03 56
11 032 0 05 71 02 1 03 71
11 033 0 23 56 00 1 04 56
11 034 0 05 71 02 1 04 71
11 035 0 07 73 04 1 04 73
11 036 0 16 39 03 1 04 39
11 037 0 03 42 01 0 04 40
11 038 0 23 56 00 1 04 56
11 039 0 16 39 03 0 04 73
11 040 0 07 73 04 1 04 73
11 041 0 05 71 02 1 04 71
11 042 0 03 42 01 0 04 39
11 043 0 03 42 01 1 04 42
11 044 0 05 71 02 1 04 71
11 045 0 23 56 00 1 04 56
11 046 0 16 39 03 1 04 39
11 047 0 07 73 04 1 04 73
11 048 0 03 42 01 1 05 42
11 049 0 23 56 00 1 05 56
11 050 0 12 47 05 1 05 47
11 051 0 07 73 04 1 05 73
11 052 0 16 39 03 1 05 39
11 053 0 05 71 02 1 05 71
11 054 0 23 56 00 1 06 56
11 055 0 24 50 06 1 06 50
11 056 0 03 42 01 1 06 42
11 057 0 16 39 03 1 06 39
11 058 0 05 71 02 1 06 71
11 059 0 07 73 04 1 06 73
11 060 0 12 47 05 0 06 50
11 061 0 16 39 03 0 06 05
11 062 0 24 50 06 1 06 50
11 063 0 23 56 00 1 06 56
11 064 0 05 71 02 1 06 71
11 065 0 03 42 01 1 06 42
11 066 0 07 73 04 1 06 73
11 067 0 12 47 05 0 06 36
11 068 0 16 39 03 1 06 39
11 069 0 05 71 02 1 06 71
11 070 0 03 42 01 1 06 42
11 071 0 23 56 00 1 06 56
11 072 0 12 47 05 1 06 47
11 073 0 24 50 06 0 06 73
11 074 0 07 73 04 1 06 73
11 075 0 23 56 00 1 06 56
11 076 0 24 50 06 0 06 71
11 077 0 05 71 02 1 06 71
11 078 0 07 73 04 1 06 73
11 079 0 16 39 03 1 06 39
11 080 0 12 47 05 1 06 47
11 081 0 03 42 01 1 06 42
11 082 0 03 42 01 1 06 42
11 083 0 07 73 04 1 06 73
11 084 0 23 56 00 1 06 56
11 085 0 24 50 06 1 06 50
11 086 0 16 39 03 1 06 39
11 087 0 05 71 02 1 06 71
11 088 0 12 47 05 0 06 54
11 089 0 24 50 06 0 06 71
11 090 0 12 47 05 0 06 42
11 091 0 07 73 04 1 06 73
11 092 0 23 56 00 1 06 56
11 093 0 03 42 01 1 06 42
11 094 0 05 71 02 1 06 71
11 095 0 16 39 03 1 06 39
11 096 0 12 47 05 1 06 47
11 097 0 24 50 06 1 06 50
11 098 0 05 71 02 1 06 71
11 099 0 03 42 01 0 06 47
11 100 0 16 39 03 1 06 39
11 101 0 07 73 04 1 06 73
11 102 0 23 56 00 1 06 56
11 103 0 23 56 00 1 06 56
11 104 0 07 73 04 1 06 73
11 105 0 24 50 06 0 06 71
11 106 0 12 47 05 1 06 47
11 107 0 05 71 02 1 06 71
11 108 0 03 42 01 1 06 42
11 109 0 16 39 03 1 06 39
11 110 0 05 71 02 1 06 71
11 111 0 24 50 06 1 06 50
11 112 0 12 47 05 1 06 47
11 113 0 07 73 04 1 06 73
11 114 0 03 42 01 0 06 47
11 115 0 23 56 00 0 06 55
11 116 0 16 39 03 1 06 39
11 117 0 05 71 02 1 06 71
11 118 0 07 73 04 1 06 73
11 119 0 03 42 01 1 06 42
11 120 0 16 39 03 1 06 39
11 121 0 23 56 00 1 06 56
11 122 0 24 50 06 1 06 50
11 123 0 12 47 05 0 06 42
11 124 0 24 50 06 1 06 50
11 125 0 05 71 02 1 06 71
11 126 0 23 56 00 1 06 56
11 127 0 07 73 04 1 06 73
11 128 0 12 47 05 1 06 47
11 129 0 03 42 01 1 06 42
11 130 0 16 39 03 1 06 39
11 131 0 23 56 00 1 07 56
11 132 0 19 21 07 1 07 21
11 133 0 24 50 06 1 07 50
11 134 0 03 42 01 1 07 42
11 100 1 25 28 00 1 00 28
11 101 1 25 28 00 1 01 28
11 102 1 06 23 01 1 01 23
11 103 1 25 28 00 1 02 28
11 104 1 23 70 02 0 02 23
11 105 1 06 23 01 1 02 23
11 106 1 23 70 02 0 02 28
11 107 1 06 23 01 0 02 28
11 108 1 25 28 00 1 02 28
11 109 1 06 23 01 1 02 23
11 110 1 25 28 00 0 02 70
11 111 1 23 70 02 1 02 70
11 112 1 23 70 02 1 02 70
11 113 1 06 23 01 1 02 23
11 114 1 25 28 00 1 02 28
11 115 1 25 28 00 1 03 28
11 116 1 23 70 02 0 03 17
11 117 1 14 17 03 0 03 12
11 118 1 06 23 01 1 03 23
11 119 1 14 17 03 1 03 17
11 120 1 06 23 01 1 03 23
11 121 1 23 70 02 1 03 70
11 122 1 25 28 00 1 03 28
11 123 1 23 70 02 1 04 70
11 124 1 06 23 01 1 04 23
11 125 1 14 17 03 1 04 17
11 126 1 10 67 04 1 04 67
11 127 1 25 28 00 1 04 28
11 128 1 23 70 02 1 05 70
11 129 1 10 67 04 0 05 17
11 130 1 14 17 03 1 05 17
11 131 1 06 23 01 1 05 23
11 132 1 25 28 00 0 05 67
11 133 1 17 18 05 0 05 67
11 134 1 25 28 00 0 05 67
11 135 1 17 18 05 0 05 68
11 136 1 23 70 02 1 05 70
11 137 1 14 17 03 1 05 17
11 138 1 06 23 01 1 05 23
11 139 1 10 67 04 1 05 67
11 140 1 17 18 05 1 05 18
11 141 1 10 67 04 0 05 17
11 142 1 23 70 02 1 05 70
11 143 1 25 28 00 0 05 23
11 144 1 14 17 03 0 05 23
11 145 1 06 23 01 1 05 23
11 146 1 17 18 05 0 05 67
11 147 1 10 67 04 0 05 18
11 148 1 14 17 03 1 05 17
11 149 1 23 70 02 1 05 70
11 150 1 25 28 00 0 05 67
11 151 1 06 23 01 0 05 67
11 152 1 14 17 03 1 05 17
11 153 1 25 28 00 0 05 23
11 154 1 17 18 05 0 05 67
11 155 1 06 23 01 1 05 23
11 156 1 10 67 04 1 05 67
11 157 1 23 70 02 1 05 70
11 158 1 14 17 03 1 05 17
11 159 1 23 70 02 1 05 70
11 160 1 25 28 00 0 05 23
11 161 1 17 18 05 0 05 23
11 162 1 06 23 01 1 05 23
11 163 1 10 67 04 1 05 67
11 164 1 25 28 00 0 05 18
11 165 1 23 70 02 1 05 70
11 166 1 17 18 05 1 05 18
11 167 1 06 23 01 1 05 23
11 168 1 10 67 04 1 05 67
11 169 1 14 17 03 1 05 17
11 170 1 25 28 00 1 05 28
11 171 1 23 70 02 1 05 70
11 172 1 06 23 01 0 05 28
11 173 1 10 67 04 0 05 23
11 174 1 14 17 03 1 05 17
11 175 1 17 18 05 0 05 23
11 176 1 10 67 04 0 05 23
11 177 1 17 18 05 1 05 18
11 178 1 25 28 00 0 05 23
11 179 1 06 23 01 1 05 23
11 180 1 14 17 03 1 05 17
11 181 1 23 70 02 1 05 70
11 182 1 23 70 02 1 05 70
11 183 1 17 18 05 0 05 67
11 184 1 10 67 04 1 05 67
11 185 1 14 17 03 1 05 17
11 186 1 25 28 00 0 05 23
11 187 1 06 23 01 1 05 23
11 188 1 14 17 03 1 05 17
11 189 1 06 23 01 0 05 72
11 190 1 25 28 00 0 05 23
11 191 1 17 18 05 1 05 18
11 192 1 23 70 02 1 05 70
11 193 1 10 67 04 0 05 17
11 194 1 14 17 03 1 05 17
11 195 1 06 23 01 1 05 23
11 196 1 10 67 04 1 05 67
11 197 1 17 18 05 1 05 18
11 198 1 25 28 00 0 05 23
11 199 1 23 70 02 1 05 70
11 200 1 25 28 00 1 05 28
11 201 1 06 23 01 0 05 67
11 202 1 14 17 03 1 05 17
11 203 1 23 70 02 1 05 70
11 204 1 10 67 04 1 05 67
11 205 1 17 18 05 0 05 23
11 206 1 25 28 00 1 05 28
11 207 1 17 18 05 1 05 18
11 208 1 23 70 02 1 05 70
11 209 1 06 23 01 1 05 23
11 210 1 14 17 03 1 05 17
11 211 1 10 67 04 1 05 67
11 212 1 17 18 05 0 06 23
11 213 1 23 70 02 1 06 70
11 214 1 10 67 04 1 06 67
11 215 1 25 28 00 0 06 23
11 216 1 14 17 03 1 06 17
11 217 1 12 22 06 1 06 22
11 218 1 06 23 01 1 06 23
11 219 1 17 18 05 1 06 18
11 220 1 06 23 01 1 06 23
11 221 1 14 17 03 1 06 17
11 222 1 12 22 06 1 06 22
11 223 1 10 67 04 1 06 67
11 224 1 25 28 00 1 06 28
11 225 1 23 70 02 1 06 70
11 226 1 10 67 04 1 07 67
11 227 1 07 65 07 1 07 65
11 228 1 23 70 02 1 07 70
11 229 1 14 17 03 1 07 17
11 230 1 12 22 06 1 07 22
11 231 1 25 28 00 0 07 23
11 232 1 06 23 01 1 07 23
11 233 1 17 18 05 1 07 18
11 234 1 12 22 06 1 07 22
