0004 0 3 15 04 0
0004 0 2 61 32 0
0004 0 3 15 15 1
0004 0 0 69 63 0
0004 0 2 61 61 1
0004 0 0 69 69 1
0004 0 3 15 15 1
0004 0 1 48 34 0
0004 0 1 48 48 1
0004 0 0 69 61 0
0004 0 3 15 15 1
0004 0 0 69 69 1
0004 0 2 61 63 0
0004 0 3 15 15 1
0004 0 2 61 61 1
0004 0 1 48 63 0
0004 0 3 15 15 1
0004 0 1 48 48 1
0004 0 2 61 61 1
0004 0 0 69 69 1
0004 0 1 48 48 1
0004 0 2 61 15 0
0004 0 1 48 48 1
0004 0 0 69 69 1
0004 0 2 61 61 1
0004 0 3 15 15 1
0004 0 1 48 48 1
0004 0 2 61 61 1
0004 0 0 69 69 1
0004 0 3 15 15 1
0004 1 2 65 12 0
0004 1 2 65 65 1
0004 1 1 68 12 0
0004 1 3 22 12 0
0004 1 1 68 68 1
0004 1 2 65 65 1
0004 1 0 31 23 0
0004 1 0 31 31 1
0004 1 1 68 68 1
0004 1 2 65 65 1
0004 1 3 22 22 1
0004 1 1 68 68 1
0004 1 0 31 32 0
0004 1 2 65 65 1
0004 1 1 68 68 1
0004 1 3 22 22 1
0004 1 0 31 31 1
0004 1 2 65 62 0
0004 1 3 22 22 1
0004 1 2 65 65 1
0004 1 0 31 31 1
0004 1 1 68 68 1
0004 1 0 31 31 1
0004 1 2 65 62 0
0004 1 0 31 31 1
0004 1 1 68 68 1
0004 1 2 65 65 1
0004 1 3 22 22 1
0004 1 0 31 31 1
0004 1 3 22 22 1
0004 1 1 68 68 1
0004 1 2 65 65 1
0004 2 0 11 12 0
0004 2 0 11 11 1
0004 2 3 79 12 0
0004 2 2 63 43 0
0004 2 1 50 63 0
0004 2 0 11 11 1
0004 2 3 79 63 0
0004 2 3 79 63 0
0004 2 2 63 63 1
0004 2 0 11 11 1
0004 2 1 50 50 1
0004 2 3 79 79 1
0004 2 3 79 79 1
0004 2 0 11 11 1
0004 2 2 63 63 1
0004 2 1 50 50 1
0004 3 2 24 12 0
0004 3 0 43 23 0
0004 3 3 75 24 0
0004 3 3 75 24 0
0004 3 3 75 24 0
0004 3 1 74 43 0
0004 3 3 75 24 0
0004 3 3 75 75 1
0004 3 1 74 43 0
0004 3 2 24 24 1
0004 3 0 43 75 0
0004 3 3 75 24 0
0004 3 2 24 24 1
0004 3 3 75 75 1
0004 3 0 43 63 0
0004 3 2 24 24 1
0004 3 3 75 75 1
0004 3 1 74 43 0
0004 3 3 75 75 1
0004 3 0 43 74 0
0004 3 0 43 43 1
0004 3 1 74 74 1
0004 3 3 75 75 1
0004 3 2 24 24 1
0004 3 3 75 75 1
0004 3 1 74 24 0
0004 3 1 74 74 1
0004 3 0 43 24 0
0004 3 3 75 75 1
0004 3 0 43 43 1
0004 3 2 24 74 0
0004 3 0 43 43 1
0004 3 3 75 75 1
0004 3 2 24 74 0
0004 3 0 43 74 0
0004 3 2 24 24 1
0004 3 0 43 74 0
0004 3 2 24 24 1
0004 3 1 74 43 0
0004 3 3 75 75 1
0004 3 1 74 24 0
0004 3 2 24 24 1
0004 3 3 75 75 1
0004 3 0 43 74 0
0004 3 3 75 75 1
0004 3 1 74 24 0
0004 3 1 74 74 1
0004 3 2 24 24 1
0004 3 3 75 75 1
0004 3 0 43 43 1
0004 3 2 24 24 1
0004 3 1 74 74 1
0004 3 3 75 75 1
0004 3 0 43 43 1
