0104 0 3 15 48 0
0104 0 2 61 48 0
0104 0 3 15 15 1
0104 0 0 69 73 0
0104 0 2 61 61 1
0104 0 0 69 69 1
0104 0 3 15 00 0
0104 0 3 15 15 1
0104 0 1 48 48 1
0104 0 2 61 62 0
0104 0 1 48 48 1
0104 0 0 69 69 1
0104 0 3 15 15 1
0104 0 2 61 61 1
0104 0 3 15 15 1
0104 0 0 69 69 1
0104 0 2 61 61 1
0104 0 1 48 48 1
0104 1 3 22 63 0
0104 1 1 68 63 0
0104 1 1 68 68 1
0104 1 0 31 63 0
0104 1 1 68 68 1
0104 1 2 65 63 0
0104 1 2 65 65 1
0104 1 3 22 22 1
0104 1 1 68 68 1
0104 1 0 31 31 1
0104 1 2 65 63 0
0104 1 2 65 65 1
0104 1 1 68 68 1
0104 1 0 31 31 1
0104 1 3 22 22 1
0104 1 3 22 22 1
0104 1 2 65 65 1
0104 1 1 68 68 1
0104 1 0 31 31 1
0104 2 0 11 17 0
0104 2 1 50 23 0
0104 2 2 63 50 0
0104 2 2 63 63 1
0104 2 1 50 50 1
0104 2 3 79 63 0
0104 2 3 79 79 1
0104 2 2 63 63 1
0104 2 0 11 11 1
0104 2 1 50 50 1
0104 2 0 11 11 1
0104 2 2 63 63 1
0104 2 1 50 50 1
0104 2 3 79 79 1
0104 3 0 43 24 0
0104 3 3 75 75 1
0104 3 0 43 43 1
0104 3 1 74 28 0
0104 3 0 43 43 1
0104 3 2 24 75 0
0104 3 0 43 43 1
0104 3 3 75 75 1
0104 3 1 74 74 1
0104 3 2 24 25 0
0104 3 1 74 74 1
0104 3 0 43 24 0
0104 3 0 43 43 1
0104 3 3 75 75 1
0104 3 2 24 74 0
0104 3 3 75 75 1
0104 3 0 43 43 1
0104 3 2 24 24 1
0104 3 1 74 74 1
0104 3 2 24 24 1
0104 3 0 43 43 1
0104 3 1 74 74 1
0104 3 3 75 75 1
