0003 2 0 79 64 0
0003 2 1 19 55 0
0003 2 0 79 19 0
0003 2 1 19 79 0
0003 2 0 79 19 0
0003 2 0 79 79 1
0003 2 1 19 01 0
0003 2 2 49 39 0
0003 2 1 19 19 1
0003 2 2 49 03 0
0003 2 0 79 79 1
0003 2 1 19 01 0
0003 2 3 33 59 0
0003 2 2 49 49 1
0003 2 1 19 19 1
0003 2 0 79 79 1
0003 2 3 33 33 1
0003 2 2 49 19 0
0003 2 3 33 33 1
0003 2 1 19 19 1
0003 2 2 49 04 0
0003 2 2 49 49 1
0003 2 1 19 19 1
0003 2 3 33 33 1
0003 2 0 79 79 1
0003 2 1 19 19 1
0003 2 3 33 33 1
0003 2 2 49 49 1
0003 2 0 79 79 1
0003 0 0 36 19 0
0003 0 1 22 55 0
0003 0 3 31 55 0
0003 0 2 39 04 0
0003 0 1 22 22 1
0003 0 0 36 36 1
0003 0 3 31 31 1
0003 0 2 39 22 0
0003 0 3 31 31 1
0003 0 0 36 36 1
0003 0 1 22 22 1
0003 0 2 39 39 1
0003 0 2 39 39 1
0003 0 1 22 22 1
0003 0 0 36 36 1
0003 0 3 31 31 1
0003 3 3 62 25 0
0003 3 1 13 22 0
0003 3 1 13 13 1
0003 3 2 46 22 0
0003 3 0 25 22 0
0003 3 0 25 25 1
0003 3 1 13 13 1
0003 3 2 46 62 0
0003 3 3 62 62 1
0003 3 0 25 13 0
0003 3 2 46 32 0
0003 3 0 25 13 0
0003 3 2 46 62 0
0003 3 2 46 46 1
0003 3 3 62 62 1
0003 3 1 13 25 0
0003 3 0 25 13 0
0003 3 2 46 25 0
0003 3 3 62 62 1
0003 3 1 13 46 0
0003 3 3 62 62 1
0003 3 2 46 25 0
0003 3 2 46 46 1
0003 3 3 62 62 1
0003 3 0 25 13 0
0003 3 3 62 62 1
0003 3 1 13 25 0
0003 3 1 13 13 1
0003 3 0 25 46 0
0003 3 1 13 25 0
0003 3 0 25 25 1
0003 3 3 62 62 1
0003 3 2 46 46 1
0003 3 1 13 25 0
0003 3 3 62 62 1
0003 3 0 25 25 1
0003 3 1 13 13 1
0003 3 2 46 46 1
0003 3 2 46 46 1
0003 3 1 13 25 0
0003 3 3 62 62 1
0003 3 0 25 25 1
0003 3 2 46 13 0
0003 3 3 62 62 1
0003 3 2 46 46 1
0003 3 0 25 25 1
0003 3 1 13 13 1
0003 3 1 13 13 1
0003 3 3 62 62 1
0003 3 0 25 25 1
0003 3 2 46 46 1
0003 1 0 11 11 1
0003 1 3 20 22 0
0003 1 1 56 33 0
0003 1 0 11 11 1
0003 1 1 56 20 0
0003 1 1 56 56 1
0003 1 2 54 44 0
0003 1 3 20 20 1
0003 1 1 56 56 1
0003 1 0 11 11 1
0003 1 2 54 54 1
0003 1 1 56 56 1
0003 1 2 54 54 1
0003 1 3 20 20 1
0003 1 0 11 11 1
