0103 2 0 79 11 0
0103 2 1 19 69 0
0103 2 0 79 79 1
0103 2 1 19 01 0
0103 2 1 19 19 1
0103 2 2 49 33 0
0103 2 0 79 79 1
0103 2 1 19 19 1
0103 2 2 49 43 0
0103 2 0 79 79 1
0103 2 1 19 19 1
0103 2 3 33 33 1
0103 2 2 49 49 1
0103 2 2 49 49 1
0103 2 1 19 19 1
0103 2 3 33 33 1
0103 2 0 79 79 1
0103 0 0 36 22 0
0103 0 3 31 22 0
0103 0 2 39 22 0
0103 0 2 39 23 0
0103 0 3 31 03 0
0103 0 2 39 39 1
0103 0 1 22 22 1
0103 0 3 31 31 1
0103 0 0 36 36 1
0103 0 1 22 22 1
0103 0 3 31 31 1
0103 0 2 39 39 1
0103 0 0 36 36 1
0103 3 0 25 25 1
0103 3 1 13 13 1
0103 3 3 62 62 1
0103 3 2 46 46 1
0103 3 1 13 25 0
0103 3 3 62 62 1
0103 3 1 13 13 1
0103 3 2 46 36 0
0103 3 2 46 46 1
0103 3 1 13 25 0
0103 3 1 13 13 1
0103 3 0 25 25 1
0103 3 3 62 62 1
0103 3 2 46 46 1
0103 3 2 46 46 1
0103 3 3 62 62 1
0103 3 1 13 13 1
0103 3 0 25 25 1
0103 1 2 54 11 0
0103 1 1 56 11 0
0103 1 3 20 22 0
0103 1 1 56 54 0
0103 1 1 56 56 1
0103 1 2 54 54 1
0103 1 3 20 20 1
0103 1 0 11 11 1
0103 1 0 11 11 1
0103 1 3 20 20 1
0103 1 2 54 54 1
0103 1 1 56 56 1
