0000 0 0 79 21 0
0000 0 1 19 57 0
0000 0 0 79 79 1
0000 0 1 19 19 1
0000 0 3 33 67 0
0000 0 1 19 19 1
0000 0 2 49 56 0
0000 0 0 79 79 1
0000 0 1 19 19 1
0000 0 2 49 33 0
0000 0 0 79 79 1
0000 0 1 19 19 1
0000 0 3 33 33 1
0000 0 2 49 56 0
0000 0 1 19 19 1
0000 0 2 49 49 1
0000 0 0 79 19 0
0000 0 0 79 79 1
0000 0 1 19 19 1
0000 0 3 33 49 0
0000 0 3 33 33 1
0000 0 0 79 79 1
0000 0 2 49 19 0
0000 0 2 49 49 1
0000 0 1 19 19 1
0000 0 0 79 49 0
0000 0 2 49 49 1
0000 0 1 19 79 0
0000 0 3 33 33 1
0000 0 1 19 19 1
0000 0 2 49 79 0
0000 0 2 49 49 1
0000 0 1 19 19 1
0000 0 3 33 33 1
0000 0 0 79 79 1
0000 0 1 19 19 1
0000 0 3 33 33 1
0000 0 2 49 49 1
0000 0 0 79 79 1
0000 1 0 36 55 0
0000 1 1 22 44 0
0000 1 3 31 77 0
0000 1 2 39 00 0
0000 1 1 22 22 1
0000 1 0 36 36 1
0000 1 3 31 44 0
0000 1 2 39 39 1
0000 1 3 31 31 1
0000 1 1 22 22 1
0000 1 0 36 36 1
0000 1 3 31 56 0
0000 1 2 39 51 0
0000 1 1 22 22 1
0000 1 3 31 31 1
0000 1 0 36 22 0
0000 1 3 31 31 1
0000 1 1 22 22 1
0000 1 2 39 39 1
0000 1 0 36 36 1
0000 1 1 22 22 1
0000 1 0 36 36 1
0000 1 3 31 31 1
0000 1 2 39 39 1
0000 2 0 25 22 0
0000 2 0 25 25 1
0000 2 1 13 66 0
0000 2 3 62 77 0
0000 2 2 46 13 0
0000 2 0 25 62 0
0000 2 2 46 46 1
0000 2 1 13 13 1
0000 2 0 25 25 1
0000 2 3 62 57 0
0000 2 0 25 25 1
0000 2 3 62 62 1
0000 2 2 46 13 0
0000 2 2 46 46 1
0000 2 0 25 13 0
0000 2 3 62 62 1
0000 2 1 13 25 0
0000 2 3 62 31 0
0000 2 2 46 13 0
0000 2 3 62 62 1
0000 2 1 13 13 1
0000 2 0 25 25 1
0000 2 2 46 46 1
0000 2 1 13 13 1
0000 2 0 25 25 1
0000 2 2 46 46 1
0000 2 3 62 62 1
0000 3 0 11 55 0
0000 3 0 11 11 1
0000 3 2 54 12 0
0000 3 3 20 55 0
0000 3 2 54 11 0
0000 3 3 20 20 1
0000 3 0 11 11 1
0000 3 2 54 22 0
0000 3 3 20 20 1
0000 3 2 54 54 1
0000 3 0 11 11 1
0000 3 1 56 11 0
0000 3 1 56 56 1
0000 3 0 11 11 1
0000 3 3 20 20 1
0000 3 2 54 54 1
0000 3 0 11 11 1
0000 3 3 20 20 1
0000 3 2 54 54 1
0000 3 1 56 56 1
