0100 0 0 79 13 0
0100 0 1 19 59 0
0100 0 0 79 79 1
0100 0 1 19 19 1
0100 0 3 33 56 0
0100 0 1 19 31 0
0100 0 0 79 01 0
0100 0 0 79 79 1
0100 0 1 19 19 1
0100 0 3 33 33 1
0100 0 2 49 43 0
0100 0 1 19 19 1
0100 0 2 49 79 0
0100 0 0 79 19 0
0100 0 3 33 33 1
0100 0 0 79 19 0
0100 0 2 49 19 0
0100 0 2 49 19 0
0100 0 3 33 33 1
0100 0 1 19 19 1
0100 0 2 49 49 1
0100 0 0 79 79 1
0100 0 2 49 19 0
0100 0 1 19 49 0
0100 0 3 33 22 0
0100 0 0 79 19 0
0100 0 1 19 19 1
0100 0 0 79 79 1
0100 0 3 33 33 1
0100 0 2 49 49 1
0100 0 3 33 33 1
0100 0 1 19 19 1
0100 0 2 49 49 1
0100 0 0 79 79 1
0100 1 1 22 54 0
0100 1 2 39 56 0
0100 1 3 31 54 0
0100 1 2 39 59 0
0100 1 1 22 22 1
0100 1 3 31 59 0
0100 1 3 31 31 1
0100 1 1 22 22 1
0100 1 2 39 79 0
0100 1 1 22 22 1
0100 1 0 36 54 0
0100 1 1 22 22 1
0100 1 2 39 19 0
0100 1 0 36 39 0
0100 1 0 36 36 1
0100 1 1 22 22 1
0100 1 2 39 39 1
0100 1 3 31 31 1
0100 1 3 31 31 1
0100 1 0 36 36 1
0100 1 2 39 39 1
0100 1 1 22 22 1
0100 2 0 25 25 1
0100 2 3 62 56 0
0100 2 2 46 25 0
0100 2 2 46 13 0
0100 2 0 25 13 0
0100 2 2 46 13 0
0100 2 3 62 56 0
0100 2 3 62 62 1
0100 2 2 46 42 0
0100 2 2 46 46 1
0100 2 3 62 62 1
0100 2 0 25 25 1
0100 2 1 13 13 1
0100 2 3 62 62 1
0100 2 1 13 13 1
0100 2 0 25 25 1
0100 2 2 46 46 1
0100 3 1 56 54 0
0100 3 0 11 54 0
0100 3 0 11 11 1
0100 3 2 54 56 0
0100 3 3 20 54 0
0100 3 2 54 54 1
0100 3 1 56 56 1
0100 3 0 11 11 1
0100 3 3 20 20 1
0100 3 3 20 20 1
0100 3 0 11 11 1
0100 3 2 54 56 0
0100 3 3 20 20 1
0100 3 2 54 56 0
0100 3 1 56 01 0
0100 3 1 56 56 1
0100 3 0 11 11 1
0100 3 3 20 20 1
0100 3 2 54 54 1
0100 3 0 11 11 1
0100 3 3 20 20 1
0100 3 2 54 54 1
0100 3 1 56 56 1
