0026 4 2 55 99 0
0026 4 2 55 55 1
0026 4 1 75 77 0
0026 4 1 75 74 0
0026 4 3 38 33 0
0026 4 0 62 66 0
0026 4 3 38 35 0
0026 4 0 62 65 0
0026 4 2 55 55 1
0026 4 1 75 38 0
0026 4 0 62 38 0
0026 4 1 75 38 0
0026 4 1 75 75 1
0026 4 0 62 75 0
0026 4 1 75 75 1
0026 4 0 62 62 1
0026 4 3 38 38 1
0026 4 2 55 55 1
0026 4 3 38 38 1
0026 4 1 75 62 0
0026 4 1 75 75 1
0026 4 0 62 62 1
0026 4 2 55 55 1
0026 4 3 38 38 1
0026 4 0 62 55 0
0026 4 1 75 75 1
0026 4 2 55 62 0
0026 4 2 55 55 1
0026 4 0 62 62 1
0026 4 3 38 38 1
0026 4 1 75 62 0
0026 4 1 75 75 1
0026 4 2 55 55 1
0026 4 0 62 62 1
0026 4 3 38 53 0
0026 4 1 75 75 1
0026 4 0 62 62 1
0026 4 2 55 55 1
0026 4 3 38 38 1
0026 4 2 55 55 1
0026 4 1 75 62 0
0026 4 3 38 38 1
0026 4 1 75 75 1
0026 4 0 62 62 1
0026 4 2 55 55 1
0026 4 1 75 75 1
0026 4 2 55 55 1
0026 4 3 38 38 1
0026 4 0 62 62 1
0026 1 3 76 99 0
0026 1 3 76 76 1
0026 1 2 33 22 0
0026 1 2 33 33 1
0026 1 1 23 11 0
0026 1 3 76 67 0
0026 1 0 73 23 0
0026 1 0 73 73 1
0026 1 2 33 73 0
0026 1 2 33 33 1
0026 1 3 76 76 1
0026 1 1 23 23 1
0026 1 0 73 33 0
0026 1 1 23 23 1
0026 1 0 73 73 1
0026 1 2 33 76 0
0026 1 2 33 33 1
0026 1 1 23 23 1
0026 1 0 73 73 1
0026 1 3 76 76 1
0026 1 2 33 33 1
0026 1 3 76 76 1
0026 1 1 23 73 0
0026 1 3 76 76 1
0026 1 2 33 33 1
0026 1 0 73 23 0
0026 1 0 73 73 1
0026 1 3 76 76 1
0026 1 2 33 33 1
0026 1 1 23 23 1
0026 1 2 33 33 1
0026 1 0 73 73 1
0026 1 1 23 23 1
0026 1 3 76 76 1
0026 3 1 15 88 0
0026 3 3 44 17 0
0026 3 2 28 15 0
0026 3 0 48 15 0
0026 3 1 15 48 0
0026 3 0 48 48 1
0026 3 1 15 15 1
0026 3 3 44 88 0
0026 3 3 44 44 1
0026 3 1 15 15 1
0026 3 0 48 44 0
0026 3 3 44 43 0
0026 3 0 48 15 0
0026 3 1 15 48 0
0026 3 0 48 15 0
0026 3 3 44 44 1
0026 3 0 48 48 1
0026 3 1 15 15 1
0026 3 2 28 15 0
0026 3 3 44 44 1
0026 3 0 48 15 0
0026 3 0 48 48 1
0026 3 1 15 15 1
0026 3 2 28 28 1
0026 3 3 44 44 1
0026 3 0 48 15 0
0026 3 0 48 48 1
0026 3 3 44 44 1
0026 3 1 15 28 0
0026 3 1 15 15 1
0026 3 0 48 48 1
0026 3 2 28 28 1
0026 3 3 44 44 1
0026 3 0 48 48 1
0026 3 1 15 15 1
0026 3 3 44 44 1
0026 3 2 28 48 0
0026 0 1 70 11 0
0026 0 0 52 66 0
0026 0 0 52 52 1
0026 0 2 11 00 0
0026 0 2 11 11 1
0026 0 3 25 77 0
0026 0 0 52 52 1
0026 0 2 11 25 0
0026 0 1 70 52 0
0026 0 0 52 55 0
0026 0 3 25 25 1
0026 0 2 11 11 1
0026 0 0 52 52 1
0026 0 1 70 70 1
0026 0 3 25 25 1
0026 0 1 70 70 1
0026 0 2 11 11 1
0026 0 0 52 52 1
0026 2 0 64 77 0
0026 2 2 14 78 0
0026 2 0 64 64 1
0026 2 3 21 14 0
0026 2 2 14 14 1
0026 2 0 64 64 1
0026 2 3 21 64 0
0026 2 2 14 14 1
0026 2 3 21 21 1
0026 2 1 72 14 0
0026 2 3 21 64 0
0026 2 0 64 64 1
0026 2 1 72 21 0
0026 2 3 21 14 0
0026 2 1 72 14 0
0026 2 3 21 14 0
0026 2 0 64 64 1
0026 2 2 14 72 0
0026 2 3 21 72 0
0026 2 2 14 64 0
0026 2 2 14 14 1
0026 2 1 72 64 0
0026 2 2 14 72 0
0026 2 1 72 72 1
0026 2 0 64 64 1
0026 2 3 21 21 1
0026 2 2 14 72 0
0026 2 2 14 14 1
0026 2 3 21 72 0
0026 2 2 14 14 1
0026 2 3 21 21 1
0026 2 0 64 64 1
0026 2 1 72 64 0
0026 2 1 72 72 1
0026 2 0 64 64 1
0026 2 2 14 72 0
0026 2 0 64 64 1
0026 2 3 21 21 1
0026 2 2 14 72 0
0026 2 2 14 14 1
0026 2 0 64 64 1
0026 2 1 72 21 0
0026 2 1 72 72 1
0026 2 2 14 21 0
0026 2 2 14 14 1
0026 2 1 72 72 1
0026 2 3 21 21 1
0026 2 0 64 64 1
0026 2 1 72 02 0
0026 2 2 14 07 0
0026 2 1 72 01 0
0026 2 0 64 06 0
0026 2 3 21 02 0
0026 2 1 72 14 0
0026 2 3 21 21 1
0026 2 0 64 64 1
0026 2 2 14 21 0
0026 2 3 21 72 0
0026 2 1 72 14 0
0026 2 3 21 16 0
0026 2 2 14 14 1
0026 2 3 21 21 1
0026 2 1 72 72 1
0026 2 0 64 64 1
0026 2 1 72 72 1
0026 2 0 64 64 1
0026 2 3 21 21 1
0026 2 2 14 14 1
