0020 4 1 39 64 0
0020 4 3 66 64 0
0020 4 1 39 39 1
0020 4 2 34 54 0
0020 4 3 66 66 1
0020 4 1 39 39 1
0020 4 2 34 54 0
0020 4 3 66 66 1
0020 4 2 34 34 1
0020 4 1 39 39 1
0020 4 0 15 64 0
0020 4 2 34 34 1
0020 4 3 66 66 1
0020 4 1 39 39 1
0020 4 0 15 15 1
0020 4 3 66 66 1
0020 4 2 34 34 1
0020 4 1 39 39 1
0020 4 0 15 15 1
0020 0 2 14 99 0
0020 0 0 11 99 0
0020 0 2 14 14 1
0020 0 1 65 99 0
0020 0 0 11 11 1
0020 0 2 14 14 1
0020 0 3 45 99 0
0020 0 1 65 14 0
0020 0 3 45 34 0
0020 0 2 14 14 1
0020 0 1 65 65 1
0020 0 0 11 11 1
0020 0 3 45 45 1
0020 0 2 14 14 1
0020 0 1 65 65 1
0020 0 0 11 11 1
0020 0 3 45 45 1
0020 1 1 23 99 0
0020 1 1 23 23 1
0020 1 3 53 45 0
0020 1 0 77 88 0
0020 1 2 57 88 0
0020 1 0 77 57 0
0020 1 3 53 44 0
0020 1 2 57 77 0
0020 1 0 77 23 0
0020 1 3 53 23 0
0020 1 3 53 53 1
0020 1 1 23 23 1
0020 1 2 57 66 0
0020 1 2 57 57 1
0020 1 1 23 23 1
0020 1 0 77 77 1
0020 1 3 53 57 0
0020 1 3 53 53 1
0020 1 0 77 77 1
0020 1 2 57 57 1
0020 1 1 23 23 1
0020 1 3 53 53 1
0020 1 0 77 77 1
0020 1 1 23 57 0
0020 1 0 77 77 1
0020 1 3 53 23 0
0020 1 0 77 77 1
0020 1 1 23 23 1
0020 1 3 53 57 0
0020 1 2 57 57 1
0020 1 0 77 77 1
0020 1 1 23 23 1
0020 1 3 53 53 1
0020 1 2 57 57 1
0020 1 1 23 23 1
0020 1 0 77 77 1
0020 1 3 53 53 1
0020 2 2 72 99 0
0020 2 2 72 72 1
0020 2 3 75 99 0
0020 2 0 21 99 0
0020 2 2 72 75 0
0020 2 2 72 72 1
0020 2 0 21 15 0
0020 2 2 72 72 1
0020 2 1 46 21 0
0020 2 1 46 46 1
0020 2 3 75 75 1
0020 2 0 21 21 1
0020 2 2 72 72 1
0020 2 3 75 75 1
0020 2 1 46 42 0
0020 2 2 72 72 1
0020 2 1 46 46 1
0020 2 0 21 21 1
0020 2 3 75 75 1
0020 2 1 46 46 1
0020 2 3 75 75 1
0020 2 0 21 21 1
0020 2 2 72 72 1
0020 3 0 56 99 0
0020 3 0 56 56 1
0020 3 3 42 99 0
0020 3 0 56 77 0
0020 3 0 56 56 1
0020 3 3 42 42 1
0020 3 1 54 56 0
0020 3 0 56 56 1
0020 3 2 32 66 0
0020 3 2 32 32 1
0020 3 1 54 56 0
0020 3 0 56 36 0
0020 3 2 32 34 0
0020 3 0 56 56 1
0020 3 1 54 52 0
0020 3 3 42 42 1
0020 3 2 32 34 0
0020 3 2 32 00 0
0020 3 0 56 52 0
0020 3 2 32 32 1
0020 3 0 56 54 0
0020 3 0 56 56 1
0020 3 1 54 56 0
0020 3 3 42 32 0
0020 3 1 54 56 0
0020 3 3 42 32 0
0020 3 3 42 42 1
0020 3 1 54 56 0
0020 3 0 56 54 0
0020 3 3 42 32 0
0020 3 2 32 42 0
0020 3 1 54 54 1
0020 3 2 32 42 0
0020 3 0 56 56 1
0020 3 2 32 54 0
0020 3 0 56 56 1
0020 3 1 54 54 1
0020 3 2 32 32 1
0020 3 3 42 42 1
0020 3 0 56 56 1
0020 3 2 32 54 0
0020 3 0 56 56 1
0020 3 1 54 54 1
0020 3 2 32 32 1
0020 3 3 42 42 1
0020 3 2 32 54 0
0020 3 3 42 42 1
0020 3 2 32 32 1
0020 3 1 54 54 1
0020 3 0 56 56 1
0020 3 0 56 56 1
0020 3 3 42 42 1
0020 3 2 32 32 1
0020 3 1 54 54 1
