0008 4 0 42 00 0
0008 4 3 48 99 0
0008 4 3 48 84 0
0008 4 0 42 42 1
0008 4 2 61 99 0
0008 4 2 61 61 1
0008 4 1 26 24 0
0008 4 1 26 26 1
0008 4 0 42 42 1
0008 4 3 48 36 0
0008 4 2 61 36 0
0008 4 2 61 61 1
0008 4 1 26 26 1
0008 4 3 48 48 1
0008 4 0 42 42 1
0008 4 0 42 42 1
0008 4 2 61 48 0
0008 4 2 61 61 1
0008 4 0 42 42 1
0008 4 3 48 48 1
0008 4 1 26 26 1
0008 4 0 42 42 1
0008 4 2 61 61 1
0008 4 3 48 48 1
0008 4 1 26 26 1
0008 0 2 18 99 0
0008 0 0 14 99 0
0008 0 1 49 99 0
0008 0 3 78 99 0
0008 0 0 14 91 0
0008 0 2 18 62 0
0008 0 2 18 18 1
0008 0 3 78 78 1
0008 0 1 49 26 0
0008 0 3 78 78 1
0008 0 0 14 14 1
0008 0 1 49 49 1
0008 0 2 18 42 0
0008 0 0 14 14 1
0008 0 2 18 18 1
0008 0 3 78 78 1
0008 0 1 49 48 0
0008 0 2 18 49 0
0008 0 1 49 49 1
0008 0 2 18 18 1
0008 0 3 78 78 1
0008 0 0 14 14 1
0008 0 0 14 14 1
0008 0 1 49 49 1
0008 0 3 78 78 1
0008 0 2 18 18 1
0008 1 3 73 62 0
0008 1 3 73 73 1
0008 1 0 44 67 0
0008 1 3 73 73 1
0008 1 0 44 44 1
0008 1 2 32 99 0
0008 1 0 44 44 1
0008 1 3 73 73 1
0008 1 1 24 44 0
0008 1 0 44 44 1
0008 1 1 24 24 1
0008 1 3 73 73 1
0008 1 2 32 24 0
0008 1 2 32 32 1
0008 1 1 24 24 1
0008 1 3 73 73 1
0008 1 0 44 44 1
0008 1 3 73 73 1
0008 1 1 24 24 1
0008 1 2 32 32 1
0008 1 0 44 44 1
0008 2 3 69 99 0
0008 2 1 34 99 0
0008 2 1 34 43 0
0008 2 1 34 34 1
0008 2 0 70 99 0
0008 2 0 70 70 1
0008 2 3 69 69 1
0008 2 2 23 34 0
0008 2 0 70 70 1
0008 2 3 69 69 1
0008 2 2 23 23 1
0008 2 1 34 34 1
0008 2 1 34 34 1
0008 2 3 69 23 0
0008 2 0 70 70 1
0008 2 3 69 23 0
0008 2 3 69 69 1
0008 2 0 70 70 1
0008 2 2 23 23 1
0008 2 1 34 34 1
0008 2 0 70 70 1
0008 2 2 23 34 0
0008 2 0 70 70 1
0008 2 2 23 23 1
0008 2 1 34 34 1
0008 2 3 69 69 1
0008 2 3 69 69 1
0008 2 2 23 23 1
0008 2 0 70 70 1
0008 2 1 34 34 1
0008 3 3 62 99 0
0008 3 0 76 99 0
0008 3 2 75 99 0
0008 3 1 58 76 0
0008 3 1 58 58 1
0008 3 2 75 75 1
0008 3 0 76 76 1
0008 3 3 62 69 0
0008 3 1 58 76 0
0008 3 1 58 58 1
0008 3 3 62 62 1
0008 3 2 75 76 0
0008 3 2 75 75 1
0008 3 0 76 76 1
0008 3 3 62 62 1
0008 3 1 58 58 1
0008 3 2 75 75 1
0008 3 3 62 62 1
0008 3 1 58 76 0
0008 3 3 62 62 1
0008 3 0 76 58 0
0008 3 2 75 75 1
0008 3 1 58 76 0
0008 3 1 58 58 1
0008 3 0 76 76 1
0008 3 3 62 62 1
0008 3 2 75 56 0
0008 3 2 75 75 1
0008 3 0 76 76 1
0008 3 3 62 62 1
0008 3 1 58 58 1
0008 3 0 76 76 1
0008 3 3 62 62 1
0008 3 1 58 58 1
0008 3 2 75 75 1
