0010 4 0 42 99 0
0010 4 3 48 99 0
0010 4 3 48 48 1
0010 4 0 42 42 1
0010 4 1 26 99 0
0010 4 0 42 42 1
0010 4 2 61 99 0
0010 4 2 61 61 1
0010 4 1 26 26 1
0010 4 3 48 48 1
0010 4 0 42 42 1
0010 4 1 26 26 1
0010 4 0 42 42 1
0010 4 3 48 48 1
0010 4 2 61 62 0
0010 1 2 18 99 0
0010 1 0 14 99 0
0010 1 2 18 18 1
0010 1 0 14 14 1
0010 1 3 78 99 0
0010 1 0 14 14 1
0010 1 2 18 18 1
0010 1 3 78 78 1
0010 1 1 49 99 0
0010 1 2 18 18 1
0010 1 1 49 99 0
0010 1 0 14 14 1
0010 1 1 49 49 1
0010 1 2 18 18 1
0010 1 3 78 78 1
0010 1 1 49 49 1
0010 1 2 18 18 1
0010 1 0 14 14 1
0010 1 3 78 78 1
0010 3 0 44 99 0
0010 3 2 32 99 0
0010 3 2 32 99 0
0010 3 3 73 99 0
0010 3 1 24 44 0
0010 3 0 44 44 1
0010 3 2 32 32 1
0010 3 3 73 61 0
0010 3 3 73 73 1
0010 3 2 32 24 0
0010 3 2 32 32 1
0010 3 1 24 61 0
0010 3 1 24 24 1
0010 3 2 32 32 1
0010 3 3 73 61 0
0010 3 0 44 44 1
0010 3 1 24 44 0
0010 3 3 73 61 0
0010 3 3 73 07 0
0010 3 3 73 73 1
0010 3 0 44 44 1
0010 3 1 24 24 1
0010 3 2 32 32 1
0010 3 3 73 61 0
0010 3 0 44 44 1
0010 3 3 73 73 1
0010 3 1 24 32 0
0010 3 0 44 44 1
0010 3 1 24 24 1
0010 3 3 73 73 1
0010 3 2 32 24 0
0010 3 2 32 32 1
0010 3 1 24 24 1
0010 3 3 73 73 1
0010 3 0 44 44 1
0010 3 3 73 73 1
0010 3 1 24 32 0
0010 3 2 32 24 0
0010 3 3 73 73 1
0010 3 1 24 32 0
0010 3 1 24 24 1
0010 3 3 73 73 1
0010 3 2 32 24 0
0010 3 1 24 24 1
0010 3 3 73 73 1
0010 3 0 44 44 1
0010 3 2 32 32 1
0010 3 1 24 24 1
0010 3 0 44 44 1
0010 3 2 32 32 1
0010 3 3 73 73 1
0010 0 0 70 00 0
0010 0 1 34 00 0
0010 0 0 70 70 1
0010 0 3 69 00 0
0010 0 3 69 69 1
0010 0 0 70 70 1
0010 0 2 23 00 0
0010 0 0 70 70 1
0010 0 2 23 23 1
0010 0 1 34 73 0
0010 0 0 70 70 1
0010 0 2 23 23 1
0010 0 1 34 34 1
0010 0 3 69 69 1
0010 0 3 69 69 1
0010 0 2 23 23 1
0010 0 0 70 70 1
0010 0 1 34 34 1
0010 2 3 62 69 0
0010 2 0 76 99 0
0010 2 2 75 62 0
0010 2 1 58 75 0
0010 2 1 58 58 1
0010 2 2 75 75 1
0010 2 0 76 62 0
0010 2 0 76 76 1
0010 2 1 58 58 1
0010 2 3 62 62 1
0010 2 2 75 62 0
0010 2 1 58 75 0
0010 2 2 75 72 0
0010 2 2 75 75 1
0010 2 3 62 58 0
0010 2 3 62 62 1
0010 2 0 76 58 0
0010 2 2 75 78 0
0010 2 1 58 75 0
0010 2 0 76 62 0
0010 2 2 75 58 0
0010 2 0 76 76 1
0010 2 3 62 58 0
0010 2 3 62 62 1
0010 2 1 58 58 1
0010 2 2 75 75 1
0010 2 0 76 62 0
0010 2 0 76 76 1
0010 2 2 75 58 0
0010 2 2 75 75 1
0010 2 3 62 58 0
0010 2 3 62 62 1
0010 2 0 76 58 0
0010 2 3 62 58 0
0010 2 1 58 04 0
0010 2 2 75 58 0
0010 2 3 62 75 0
0010 2 1 58 75 0
0010 2 2 75 75 1
0010 2 1 58 58 1
0010 2 3 62 62 1
0010 2 0 76 75 0
0010 2 1 58 58 1
0010 2 2 75 76 0
0010 2 0 76 76 1
0010 2 3 62 75 0
0010 2 2 75 75 1
0010 2 1 58 58 1
0010 2 0 76 76 1
0010 2 3 62 62 1
0010 2 0 76 62 0
0010 2 1 58 58 1
0010 2 2 75 75 1
0010 2 3 62 62 1
0010 2 0 76 76 1
0010 2 2 75 75 1
0010 2 3 62 62 1
0010 2 0 76 76 1
0010 2 1 58 58 1
