0012 4 3 55 99 0
0012 4 2 54 33 0
0012 4 3 55 55 1
0012 4 1 15 99 0
0012 4 2 54 54 1
0012 4 3 55 55 1
0012 4 0 62 55 0
0012 4 1 15 15 1
0012 4 0 62 62 1
0012 4 3 55 55 1
0012 4 2 54 54 1
0012 4 3 55 55 1
0012 4 0 62 62 1
0012 4 1 15 15 1
0012 4 2 54 54 1
0012 1 0 69 99 0
0012 1 3 11 99 0
0012 1 0 69 69 1
0012 1 2 51 77 0
0012 1 0 69 69 1
0012 1 1 17 88 0
0012 1 3 11 71 0
0012 1 2 51 51 1
0012 1 1 17 17 1
0012 1 3 11 11 1
0012 1 0 69 69 1
0012 1 0 69 69 1
0012 1 1 17 17 1
0012 1 2 51 51 1
0012 1 3 11 11 1
0012 3 0 60 99 0
0012 3 1 34 99 0
0012 3 0 60 99 0
0012 3 2 58 88 0
0012 3 3 39 99 0
0012 3 1 34 60 0
0012 3 2 58 58 1
0012 3 1 34 60 0
0012 3 1 34 34 1
0012 3 2 58 58 1
0012 3 0 60 60 1
0012 3 3 39 59 0
0012 3 2 58 58 1
0012 3 3 39 39 1
0012 3 1 34 34 1
0012 3 0 60 60 1
0012 3 0 60 60 1
0012 3 3 39 39 1
0012 3 2 58 58 1
0012 3 1 34 34 1
0012 0 1 61 04 0
0012 0 0 25 99 0
0012 0 3 59 99 0
0012 0 0 25 25 1
0012 0 1 61 62 0
0012 0 0 25 25 1
0012 0 1 61 61 1
0012 0 3 59 59 1
0012 0 2 38 77 0
0012 0 2 38 38 1
0012 0 1 61 61 1
0012 0 0 25 25 1
0012 0 3 59 59 1
0012 0 3 59 59 1
0012 0 0 25 25 1
0012 0 2 38 05 0
0012 0 0 25 25 1
0012 0 1 61 25 0
0012 0 1 61 61 1
0012 0 2 38 38 1
0012 0 3 59 59 1
0012 0 0 25 25 1
0012 0 1 61 61 1
0012 0 2 38 38 1
0012 0 0 25 25 1
0012 0 3 59 59 1
0012 2 1 28 44 0
0012 2 2 14 44 0
0012 2 1 28 28 1
0012 2 3 45 14 0
0012 2 2 14 14 1
0012 2 0 79 33 0
0012 2 3 45 45 1
0012 2 0 79 79 1
0012 2 2 14 14 1
0012 2 1 28 38 0
0012 2 3 45 45 1
0012 2 1 28 28 1
0012 2 0 79 79 1
0012 2 2 14 14 1
0012 2 2 14 14 1
0012 2 3 45 45 1
0012 2 1 28 28 1
0012 2 0 79 79 1
