0123 4 1 39 99 0
0123 4 3 66 99 0
0123 4 1 39 39 1
0123 4 2 34 87 0
0123 4 3 66 46 0
0123 4 3 66 39 0
0123 4 3 66 66 1
0123 4 1 39 39 1
0123 4 0 15 67 0
0123 4 2 34 34 1
0123 4 3 66 66 1
0123 4 1 39 39 1
0123 4 0 15 15 1
0123 4 3 66 66 1
0123 4 2 34 34 1
0123 4 1 39 39 1
0123 4 0 15 15 1
0123 2 2 14 89 0
0123 2 0 11 00 0
0123 2 2 14 34 0
0123 2 0 11 11 1
0123 2 2 14 14 1
0123 2 3 45 35 0
0123 2 1 65 34 0
0123 2 3 45 45 1
0123 2 0 11 11 1
0123 2 2 14 45 0
0123 2 2 14 14 1
0123 2 1 65 45 0
0123 2 2 14 14 1
0123 2 1 65 65 1
0123 2 0 11 11 1
0123 2 3 45 45 1
0123 2 2 14 14 1
0123 2 3 45 45 1
0123 2 1 65 65 1
0123 2 0 11 11 1
0123 0 1 23 87 0
0123 0 0 77 78 0
0123 0 2 57 76 0
0123 0 0 77 77 1
0123 0 3 53 98 0
0123 0 3 53 53 1
0123 0 2 57 77 0
0123 0 2 57 57 1
0123 0 1 23 23 1
0123 0 3 53 77 0
0123 0 0 77 53 0
0123 0 3 53 53 1
0123 0 2 57 65 0
0123 0 3 53 77 0
0123 0 2 57 57 1
0123 0 1 23 23 1
0123 0 0 77 77 1
0123 0 3 53 53 1
0123 0 0 77 77 1
0123 0 1 23 23 1
0123 0 3 53 65 0
0123 0 3 53 53 1
0123 0 0 77 77 1
0123 0 2 57 53 0
0123 0 3 53 53 1
0123 0 0 77 77 1
0123 0 1 23 23 1
0123 0 2 57 57 1
0123 0 0 77 77 1
0123 0 3 53 53 1
0123 0 1 23 23 1
0123 0 2 57 57 1
0123 3 2 72 21 0
0123 3 2 72 00 0
0123 3 1 46 01 0
0123 3 2 72 07 0
0123 3 2 72 72 1
0123 3 3 75 45 0
0123 3 0 21 32 0
0123 3 2 72 45 0
0123 3 2 72 72 1
0123 3 0 21 21 1
0123 3 1 46 72 0
0123 3 2 72 72 1
0123 3 1 46 46 1
0123 3 3 75 78 0
0123 3 1 46 46 1
0123 3 3 75 78 0
0123 3 3 75 75 1
0123 3 1 46 46 1
0123 3 0 21 11 0
0123 3 2 72 46 0
0123 3 1 46 46 1
0123 3 3 75 75 1
0123 3 0 21 11 0
0123 3 0 21 21 1
0123 3 2 72 46 0
0123 3 0 21 21 1
0123 3 3 75 75 1
0123 3 2 72 46 0
0123 3 0 21 02 0
0123 3 0 21 21 1
0123 3 2 72 75 0
0123 3 0 21 21 1
0123 3 3 75 75 1
0123 3 1 46 72 0
0123 3 0 21 21 1
0123 3 2 72 72 1
0123 3 1 46 46 1
0123 3 3 75 75 1
0123 3 2 72 72 1
0123 3 1 46 46 1
0123 3 0 21 21 1
0123 3 3 75 75 1
0123 1 2 32 89 0
0123 1 0 56 89 0
0123 1 3 42 87 0
0123 1 2 32 32 1
0123 1 0 56 56 1
0123 1 3 42 42 1
0123 1 1 54 89 0
0123 1 2 32 03 0
0123 1 0 56 56 1
0123 1 1 54 46 0
0123 1 3 42 56 0
0123 1 1 54 54 1
0123 1 0 56 56 1
0123 1 3 42 42 1
0123 1 2 32 32 1
0123 1 3 42 46 0
0123 1 3 42 46 0
0123 1 0 56 56 1
0123 1 1 54 42 0
0123 1 3 42 42 1
0123 1 1 54 54 1
0123 1 2 32 32 1
0123 1 0 56 56 1
0123 1 2 32 32 1
0123 1 0 56 56 1
0123 1 1 54 43 0
0123 1 1 54 54 1
0123 1 2 32 32 1
0123 1 3 42 43 0
0123 1 0 56 56 1
0123 1 2 32 32 1
0123 1 1 54 56 0
0123 1 0 56 56 1
0123 1 1 54 54 1
0123 1 2 32 32 1
0123 1 3 42 42 1
0123 1 0 56 56 1
0123 1 2 32 32 1
0123 1 1 54 54 1
0123 1 3 42 42 1
