0020 4 1 39 33 0
0020 4 3 66 45 0
0020 4 1 39 39 1
0020 4 2 34 54 0
0020 4 3 66 66 1
0020 4 1 39 39 1
0020 4 2 34 34 1
0020 4 0 15 55 0
0020 4 3 66 66 1
0020 4 1 39 39 1
0020 4 0 15 34 0
0020 4 2 34 34 1
0020 4 3 66 66 1
0020 4 1 39 39 1
0020 4 0 15 15 1
0020 4 3 66 66 1
0020 4 2 34 34 1
0020 4 1 39 39 1
0020 4 0 15 15 1
0020 0 2 14 66 0
0020 0 0 11 44 0
0020 0 2 14 15 0
0020 0 0 11 11 1
0020 0 2 14 14 1
0020 0 3 45 55 0
0020 0 1 65 33 0
0020 0 3 45 45 1
0020 0 0 11 14 0
0020 0 2 14 14 1
0020 0 1 65 65 1
0020 0 0 11 11 1
0020 0 3 45 45 1
0020 0 2 14 14 1
0020 0 1 65 65 1
0020 0 0 11 11 1
0020 0 3 45 45 1
0020 1 1 23 66 0
0020 1 1 23 23 1
0020 1 3 53 45 0
0020 1 0 77 44 0
0020 1 2 57 55 0
0020 1 0 77 77 1
0020 1 3 53 43 0
0020 1 3 53 53 1
0020 1 2 57 77 0
0020 1 2 57 57 1
0020 1 1 23 23 1
0020 1 3 53 53 1
0020 1 0 77 77 1
0020 1 0 77 77 1
0020 1 3 53 57 0
0020 1 3 53 53 1
0020 1 2 57 77 0
0020 1 3 53 45 0
0020 1 2 57 57 1
0020 1 1 23 23 1
0020 1 0 77 57 0
0020 1 0 77 77 1
0020 1 1 23 23 1
0020 1 3 53 53 1
0020 1 2 57 57 1
0020 1 3 53 23 0
0020 1 3 53 53 1
0020 1 0 77 77 1
0020 1 1 23 23 1
0020 1 2 57 53 0
0020 1 0 77 77 1
0020 1 1 23 23 1
0020 1 3 53 53 1
0020 1 2 57 57 1
0020 1 2 57 57 1
0020 1 0 77 77 1
0020 1 1 23 23 1
0020 1 3 53 53 1
0020 2 1 46 11 0
0020 2 2 72 54 0
0020 2 2 72 72 1
0020 2 3 75 82 0
0020 2 0 21 33 0
0020 2 2 72 72 1
0020 2 0 21 22 0
0020 2 2 72 56 0
0020 2 2 72 67 0
0020 2 1 46 23 0
0020 2 3 75 72 0
0020 2 2 72 75 0
0020 2 1 46 72 0
0020 2 0 21 52 0
0020 2 0 21 21 1
0020 2 3 75 57 0
0020 2 0 21 46 0
0020 2 0 21 21 1
0020 2 2 72 72 1
0020 2 3 75 75 1
0020 2 1 46 46 1
0020 2 0 21 21 1
0020 2 3 75 75 1
0020 2 1 46 46 1
0020 2 2 72 72 1
0020 3 2 32 54 0
0020 3 0 56 56 1
0020 3 3 42 42 1
0020 3 1 54 54 1
0020 3 2 32 32 1
0020 3 2 32 32 1
0020 3 3 42 42 1
0020 3 0 56 56 1
0020 3 1 54 54 1
