0024 4 2 55 99 0
0024 4 2 55 55 1
0024 4 1 75 99 0
0024 4 1 75 75 1
0024 4 0 62 99 0
0024 4 3 38 99 0
0024 4 0 62 75 0
0024 4 3 38 38 1
0024 4 0 62 62 1
0024 4 1 75 55 0
0024 4 0 62 38 0
0024 4 2 55 55 1
0024 4 1 75 75 1
0024 4 3 38 62 0
0024 4 0 62 62 1
0024 4 3 38 38 1
0024 4 1 75 75 1
0024 4 2 55 55 1
0024 4 1 75 75 1
0024 4 2 55 55 1
0024 4 3 38 62 0
0024 4 1 75 75 1
0024 4 0 62 75 0
0024 4 1 75 75 1
0024 4 0 62 32 0
0024 4 3 38 62 0
0024 4 1 75 75 1
0024 4 0 62 62 1
0024 4 2 55 55 1
0024 4 3 38 38 1
0024 4 0 62 75 0
0024 4 1 75 75 1
0024 4 2 55 55 1
0024 4 0 62 62 1
0024 4 3 38 38 1
0024 4 2 55 55 1
0024 4 0 62 62 1
0024 4 3 38 38 1
0024 4 1 75 75 1
0024 0 1 23 99 0
0024 0 2 33 99 0
0024 0 1 23 23 1
0024 0 0 73 99 0
0024 0 2 33 33 1
0024 0 1 23 23 1
0024 0 0 73 73 1
0024 0 3 76 99 0
0024 0 1 23 23 1
0024 0 2 33 33 1
0024 0 3 76 73 0
0024 0 1 23 23 1
0024 0 3 76 76 1
0024 0 0 73 33 0
0024 0 3 76 76 1
0024 0 0 73 73 1
0024 0 1 23 23 1
0024 0 2 33 33 1
0024 0 3 76 76 1
0024 0 2 33 33 1
0024 0 1 23 23 1
0024 0 0 73 73 1
0024 1 3 44 99 0
0024 1 0 48 99 0
0024 1 0 48 48 1
0024 1 2 28 99 0
0024 1 2 28 28 1
0024 1 3 44 44 1
0024 1 1 15 99 0
0024 1 2 28 44 0
0024 1 1 15 15 1
0024 1 0 48 44 0
0024 1 2 28 28 1
0024 1 1 15 58 0
0024 1 2 28 28 1
0024 1 3 44 44 1
0024 1 1 15 15 1
0024 1 0 48 44 0
0024 1 0 48 44 0
0024 1 2 28 15 0
0024 1 2 28 28 1
0024 1 0 48 15 0
0024 1 1 15 15 1
0024 1 0 48 15 0
0024 1 3 44 44 1
0024 1 1 15 15 1
0024 1 0 48 48 1
0024 1 2 28 24 0
0024 1 0 48 15 0
0024 1 1 15 15 1
0024 1 3 44 44 1
0024 1 0 48 48 1
0024 1 2 28 15 0
0024 1 3 44 44 1
0024 1 1 15 15 1
0024 1 0 48 28 0
0024 1 3 44 44 1
0024 1 2 28 28 1
0024 1 1 15 15 1
0024 1 0 48 48 1
0024 1 0 48 48 1
0024 1 1 15 15 1
0024 1 2 28 28 1
0024 1 3 44 44 1
0024 2 0 52 99 0
0024 2 3 25 99 0
0024 2 2 11 99 0
0024 2 3 25 99 0
0024 2 0 52 52 1
0024 2 1 70 11 0
0024 2 0 52 52 1
0024 2 2 11 70 0
0024 2 0 52 52 1
0024 2 3 25 11 0
0024 2 1 70 70 1
0024 2 0 52 52 1
0024 2 2 11 25 0
0024 2 0 52 52 1
0024 2 1 70 70 1
0024 2 3 25 11 0
0024 2 1 70 11 0
0024 2 1 70 70 1
0024 2 3 25 25 1
0024 2 0 52 52 1
0024 2 2 11 70 0
0024 2 0 52 52 1
0024 2 2 11 25 0
0024 2 2 11 11 1
0024 2 3 25 25 1
0024 2 0 52 52 1
0024 2 1 70 70 1
0024 2 0 52 52 1
0024 2 2 11 11 1
0024 2 3 25 25 1
0024 2 1 70 70 1
0024 3 0 64 99 0
0024 3 3 21 99 0
0024 3 3 21 21 1
0024 3 1 72 64 0
0024 3 0 64 72 0
0024 3 0 64 62 0
0024 3 2 14 72 0
0024 3 0 64 74 0
0024 3 2 14 64 0
0024 3 2 14 14 1
0024 3 3 21 72 0
0024 3 3 21 21 1
0024 3 2 14 14 1
0024 3 1 72 62 0
0024 3 0 64 72 0
0024 3 3 21 46 0
0024 3 1 72 14 0
0024 3 3 21 62 0
0024 3 0 64 14 0
0024 3 3 21 21 1
0024 3 2 14 64 0
0024 3 2 14 62 0
0024 3 2 14 14 1
0024 3 1 72 62 0
0024 3 2 14 14 1
0024 3 3 21 21 1
0024 3 1 72 14 0
0024 3 1 72 72 1
0024 3 0 64 14 0
0024 3 0 64 64 1
0024 3 3 21 74 0
0024 3 2 14 14 1
0024 3 3 21 74 0
0024 3 2 14 62 0
0024 3 0 64 21 0
0024 3 1 72 64 0
0024 3 0 64 14 0
0024 3 2 14 72 0
0024 3 1 72 14 0
0024 3 2 14 62 0
0024 3 1 72 62 0
0024 3 2 14 62 0
0024 3 1 72 21 0
0024 3 0 64 72 0
0024 3 3 21 74 0
0024 3 1 72 14 0
0024 3 3 21 72 0
0024 3 3 21 21 1
0024 3 1 72 14 0
0024 3 1 72 72 1
0024 3 2 14 14 1
0024 3 0 64 72 0
0024 3 3 21 62 0
0024 3 2 14 14 1
0024 3 3 21 62 0
0024 3 1 72 14 0
0024 3 1 72 14 0
0024 3 2 14 62 0
0024 3 2 14 14 1
0024 3 3 21 62 0
0024 3 0 64 72 0
0024 3 0 64 62 0
0024 3 3 21 21 1
0024 3 0 64 64 1
0024 3 1 72 72 1
0024 3 2 14 14 1
0024 3 1 72 21 0
0024 3 3 21 21 1
0024 3 2 14 14 1
0024 3 1 72 72 1
0024 3 0 64 64 1
0024 3 3 21 21 1
0024 3 0 64 72 0
0024 3 2 14 14 1
0024 3 3 21 62 0
0024 3 3 21 21 1
0024 3 1 72 72 1
0024 3 0 64 64 1
0024 3 2 14 14 1
0024 3 0 64 64 1
0024 3 1 72 72 1
0024 3 3 21 21 1
0024 3 2 14 14 1
