0012 4 3 55 55 1
0012 4 0 62 69 0
0012 4 2 54 54 1
0012 4 0 62 62 1
0012 4 3 55 55 1
0012 4 1 15 78 0
0012 4 2 54 54 1
0012 4 3 55 55 1
0012 4 0 62 62 1
0012 4 1 15 15 1
0012 4 1 15 15 1
0012 4 0 62 62 1
0012 4 3 55 55 1
0012 4 2 54 54 1
0012 0 3 11 72 0
0012 0 0 69 25 0
0012 0 3 11 11 1
0012 0 1 17 63 0
0012 0 0 69 69 1
0012 0 2 51 44 0
0012 0 0 69 16 0
0012 0 3 11 11 1
0012 0 0 69 69 1
0012 0 1 17 15 0
0012 0 2 51 17 0
0012 0 0 69 69 1
0012 0 1 17 17 1
0012 0 2 51 51 1
0012 0 3 11 11 1
0012 0 0 69 69 1
0012 0 3 11 11 1
0012 0 2 51 51 1
0012 0 1 17 17 1
0012 1 1 34 66 0
0012 1 0 60 77 0
0012 1 2 58 77 0
0012 1 3 39 77 0
0012 1 1 34 34 1
0012 1 0 60 67 0
0012 1 2 58 58 1
0012 1 1 34 34 1
0012 1 0 60 60 1
0012 1 3 39 39 1
0012 1 1 34 34 1
0012 1 2 58 58 1
0012 1 0 60 60 1
0012 1 3 39 39 1
0012 2 2 38 55 0
0012 2 0 25 44 0
0012 2 0 25 25 1
0012 2 2 38 38 1
0012 2 1 61 33 0
0012 2 1 61 61 1
0012 2 2 38 38 1
0012 2 0 25 25 1
0012 2 3 59 38 0
0012 2 3 59 59 1
0012 2 2 38 38 1
0012 2 1 61 25 0
0012 2 0 25 25 1
0012 2 1 61 61 1
0012 2 2 38 61 0
0012 2 0 25 25 1
0012 2 1 61 61 1
0012 2 3 59 59 1
0012 2 2 38 61 0
0012 2 2 38 38 1
0012 2 1 61 25 0
0012 2 3 59 58 0
0012 2 0 25 25 1
0012 2 1 61 61 1
0012 2 2 38 59 0
0012 2 1 61 25 0
0012 2 1 61 61 1
0012 2 2 38 61 0
0012 2 3 59 69 0
0012 2 1 61 25 0
0012 2 2 38 61 0
0012 2 1 61 39 0
0012 2 2 38 39 0
0012 2 3 59 58 0
0012 2 0 25 25 1
0012 2 2 38 38 1
0012 2 1 61 61 1
0012 2 3 59 59 1
0012 2 3 59 59 1
0012 2 1 61 25 0
0012 2 2 38 38 1
0012 2 3 59 59 1
0012 2 1 61 61 1
0012 2 0 25 25 1
0012 2 3 59 59 1
0012 2 1 61 25 0
0012 2 2 38 38 1
0012 2 0 25 25 1
0012 2 1 61 61 1
0012 2 3 59 59 1
0012 2 0 25 25 1
0012 2 1 61 61 1
0012 2 2 38 38 1
0012 2 3 59 69 0
0012 3 0 79 55 0
0012 3 3 45 55 0
0012 3 0 79 79 1
0012 3 1 28 79 0
0012 3 1 28 29 0
0012 3 2 14 44 0
0012 3 2 14 14 1
0012 3 3 45 45 1
0012 3 0 79 72 0
0012 3 0 79 79 1
0012 3 1 28 14 0
0012 3 3 45 45 1
0012 3 2 14 14 1
0012 3 0 79 79 1
0012 3 1 28 79 0
0012 3 2 14 14 1
0012 3 0 79 79 1
0012 3 3 45 45 1
0012 3 1 28 28 1
0012 3 1 28 28 1
0012 3 2 14 14 1
0012 3 0 79 79 1
0012 3 3 45 45 1
