0011 4 0 42 99 0
0011 4 3 48 15 0
0011 4 3 48 48 1
0011 4 0 42 04 0
0011 4 0 42 42 1
0011 4 2 61 46 0
0011 4 2 61 16 0
0011 4 1 26 06 0
0011 4 2 61 26 0
0011 4 2 61 61 1
0011 4 1 26 61 0
0011 4 0 42 42 1
0011 4 2 61 48 0
0011 4 2 61 61 1
0011 4 0 42 42 1
0011 4 3 48 61 0
0011 4 0 42 42 1
0011 4 2 61 61 1
0011 4 3 48 42 0
0011 4 3 48 48 1
0011 4 1 26 61 0
0011 4 2 61 61 1
0011 4 1 26 26 1
0011 4 3 48 48 1
0011 4 0 42 42 1
0011 4 0 42 42 1
0011 4 1 26 26 1
0011 4 2 61 61 1
0011 4 3 48 48 1
0011 3 3 78 99 0
0011 3 0 14 12 0
0011 3 2 18 12 0
0011 3 2 18 18 1
0011 3 3 78 78 1
0011 3 1 49 14 0
0011 3 3 78 78 1
0011 3 0 14 18 0
0011 3 1 49 14 0
0011 3 0 14 14 1
0011 3 2 18 49 0
0011 3 3 78 78 1
0011 3 2 18 19 0
0011 3 2 18 18 1
0011 3 1 49 14 0
0011 3 1 49 49 1
0011 3 2 18 19 0
0011 3 0 14 49 0
0011 3 3 78 78 1
0011 3 1 49 14 0
0011 3 3 78 78 1
0011 3 0 14 18 0
0011 3 3 78 78 1
0011 3 0 14 14 1
0011 3 1 49 18 0
0011 3 3 78 78 1
0011 3 0 14 14 1
0011 3 2 18 49 0
0011 3 0 14 14 1
0011 3 3 78 78 1
0011 3 1 49 18 0
0011 3 0 14 49 0
0011 3 0 14 14 1
0011 3 3 78 78 1
0011 3 2 18 18 1
0011 3 1 49 49 1
0011 3 2 18 18 1
0011 3 1 49 14 0
0011 3 3 78 78 1
0011 3 1 49 18 0
0011 3 2 18 18 1
0011 3 0 14 14 1
0011 3 3 78 78 1
0011 3 1 49 49 1
0011 3 3 78 78 1
0011 3 1 49 49 1
0011 3 2 18 18 1
0011 3 0 14 14 1
0011 2 1 24 12 0
0011 2 1 24 24 1
0011 2 0 44 24 0
0011 2 0 44 44 1
0011 2 3 73 14 0
0011 2 0 44 44 1
0011 2 3 73 73 1
0011 2 2 32 14 0
0011 2 1 24 32 0
0011 2 0 44 14 0
0011 2 3 73 17 0
0011 2 0 44 44 1
0011 2 2 32 24 0
0011 2 0 44 44 1
0011 2 2 32 24 0
0011 2 3 73 73 1
0011 2 2 32 24 0
0011 2 3 73 73 1
0011 2 1 24 24 1
0011 2 2 32 73 0
0011 2 3 73 73 1
0011 2 2 32 32 1
0011 2 0 44 44 1
0011 2 1 24 24 1
0011 2 0 44 24 0
0011 2 2 32 32 1
0011 2 0 44 44 1
0011 2 3 73 73 1
0011 2 1 24 32 0
0011 2 1 24 24 1
0011 2 2 32 32 1
0011 2 0 44 44 1
0011 2 3 73 73 1
0011 2 0 44 44 1
0011 2 1 24 24 1
0011 2 3 73 73 1
0011 2 2 32 32 1
0011 1 1 34 11 0
0011 1 2 23 11 0
0011 1 2 23 23 1
0011 1 3 69 05 0
0011 1 3 69 00 0
0011 1 2 23 23 1
0011 1 1 34 42 0
0011 1 1 34 34 1
0011 1 0 70 23 0
0011 1 0 70 70 1
0011 1 2 23 23 1
0011 1 1 34 34 1
0011 1 3 69 69 1
0011 1 2 23 70 0
0011 1 0 70 70 1
0011 1 3 69 69 1
0011 1 1 34 23 0
0011 1 3 69 69 1
0011 1 1 34 34 1
0011 1 2 23 23 1
0011 1 0 70 70 1
0011 1 0 70 70 1
0011 1 2 23 23 1
0011 1 1 34 34 1
0011 1 3 69 69 1
0011 0 2 75 11 0
0011 0 3 62 11 0
0011 0 3 62 62 1
0011 0 0 76 11 0
0011 0 1 58 11 0
0011 0 2 75 75 1
0011 0 1 58 63 0
0011 0 3 62 62 1
0011 0 2 75 75 1
0011 0 1 58 58 1
0011 0 0 76 62 0
0011 0 2 75 75 1
0011 0 1 58 58 1
0011 0 3 62 62 1
0011 0 0 76 68 0
0011 0 1 58 58 1
0011 0 2 75 75 1
0011 0 3 62 62 1
0011 0 0 76 78 0
0011 0 2 75 75 1
0011 0 1 58 58 1
0011 0 0 76 76 1
0011 0 3 62 62 1
0011 0 0 76 76 1
0011 0 3 62 62 1
0011 0 2 75 75 1
0011 0 1 58 58 1
