0022 4 1 39 48 0
0022 4 3 66 98 0
0022 4 1 39 39 1
0022 4 2 34 76 0
0022 4 3 66 66 1
0022 4 1 39 39 1
0022 4 2 34 36 0
0022 4 3 66 66 1
0022 4 2 34 34 1
0022 4 1 39 39 1
0022 4 0 15 54 0
0022 4 2 34 34 1
0022 4 3 66 66 1
0022 4 1 39 39 1
0022 4 0 15 15 1
0022 4 3 66 66 1
0022 4 2 34 34 1
0022 4 1 39 39 1
0022 4 0 15 15 1
0022 1 2 14 12 0
0022 1 0 11 14 0
0022 1 2 14 13 0
0022 1 0 11 11 1
0022 1 2 14 14 1
0022 1 3 45 18 0
0022 1 1 65 60 0
0022 1 3 45 45 1
0022 1 0 11 11 1
0022 1 2 14 14 1
0022 1 1 65 65 1
0022 1 2 14 14 1
0022 1 1 65 65 1
0022 1 0 11 11 1
0022 1 3 45 45 1
0022 3 2 57 11 0
0022 3 1 23 67 0
0022 3 1 23 33 0
0022 3 0 77 23 0
0022 3 2 57 99 0
0022 3 0 77 11 0
0022 3 3 53 11 0
0022 3 2 57 57 1
0022 3 1 23 23 1
0022 3 3 53 57 0
0022 3 0 77 23 0
0022 3 3 53 57 0
0022 3 3 53 53 1
0022 3 1 23 23 1
0022 3 2 57 53 0
0022 3 2 57 57 1
0022 3 1 23 77 0
0022 3 0 77 77 1
0022 3 1 23 23 1
0022 3 3 53 53 1
0022 3 2 57 57 1
0022 3 3 53 53 1
0022 3 0 77 77 1
0022 3 2 57 57 1
0022 3 1 23 23 1
0022 0 0 21 00 0
0022 0 0 21 21 1
0022 0 1 46 21 0
0022 0 2 72 12 0
0022 0 2 72 72 1
0022 0 1 46 46 1
0022 0 0 21 21 1
0022 0 3 75 32 0
0022 0 2 72 76 0
0022 0 2 72 72 1
0022 0 3 75 75 1
0022 0 1 46 46 1
0022 0 0 21 21 1
0022 0 0 21 21 1
0022 0 2 72 75 0
0022 0 2 72 75 0
0022 0 2 72 72 1
0022 0 0 21 21 1
0022 0 1 46 46 1
0022 0 3 75 75 1
0022 0 2 72 70 0
0022 0 1 46 46 1
0022 0 3 75 75 1
0022 0 0 21 21 1
0022 0 2 72 72 1
0022 0 3 75 75 1
0022 0 1 46 46 1
0022 0 0 21 21 1
0022 0 2 72 72 1
0022 2 1 54 11 0
0022 2 0 56 54 0
0022 2 0 56 56 1
0022 2 3 42 89 0
0022 2 0 56 56 1
0022 2 3 42 45 0
0022 2 0 56 56 1
0022 2 2 32 42 0
0022 2 0 56 56 1
0022 2 3 42 42 1
0022 2 1 54 32 0
0022 2 0 56 56 1
0022 2 2 32 32 1
0022 2 1 54 54 1
0022 2 3 42 42 1
0022 2 2 32 32 1
0022 2 1 54 54 1
0022 2 0 56 56 1
0022 2 3 42 42 1
