8240 4 3 66 98 0
8240 4 3 66 66 1
8240 4 2 32 76 0
8240 4 1 63 99 0
8240 4 1 63 63 1
8240 4 0 51 99 0
8240 4 3 66 16 0
8240 4 1 63 66 0
8240 4 1 63 36 0
8240 4 0 51 56 0
8240 4 0 51 15 0
8240 4 1 63 63 1
8240 4 2 32 32 1
8240 4 3 66 66 1
8240 4 0 51 51 1
8240 4 0 51 51 1
8240 4 1 63 63 1
8240 4 3 66 66 1
8240 4 2 32 32 1
8240 0 0 72 77 0
8240 0 1 36 77 0
8240 0 3 41 32 0
8240 0 1 36 36 1
8240 0 3 41 41 1
8240 0 2 65 98 0
8240 0 3 41 41 1
8240 0 2 65 65 1
8240 0 1 36 76 0
8240 0 0 72 72 1
8240 0 3 41 41 1
8240 0 2 65 65 1
8240 0 1 36 36 1
8240 0 3 41 41 1
8240 0 2 65 65 1
8240 0 0 72 72 1
8240 0 1 36 36 1
8240 1 3 19 88 0
8240 1 3 19 19 1
8240 1 0 59 23 0
8240 1 1 77 44 0
8240 1 2 55 11 0
8240 1 3 19 19 1
8240 1 1 77 59 0
8240 1 0 59 59 1
8240 1 3 19 19 1
8240 1 1 77 77 1
8240 1 2 55 55 1
8240 1 2 55 55 1
8240 1 0 59 59 1
8240 1 3 19 19 1
8240 1 1 77 77 1
8240 2 3 68 11 0
8240 2 2 67 68 0
8240 2 0 39 66 0
8240 2 1 31 67 0
8240 2 0 39 76 0
8240 2 1 31 39 0
8240 2 1 31 31 1
8240 2 0 39 99 0
8240 2 0 39 93 0
8240 2 1 31 88 0
8240 2 1 31 31 1
8240 2 0 39 39 1
8240 2 3 68 76 0
8240 2 1 31 31 1
8240 2 2 67 39 0
8240 2 2 67 67 1
8240 2 0 39 31 0
8240 2 2 67 68 0
8240 2 0 39 39 1
8240 2 3 68 68 1
8240 2 2 67 67 1
8240 2 1 31 39 0
8240 2 3 68 68 1
8240 2 0 39 31 0
8240 2 3 68 68 1
8240 2 2 67 67 1
8240 2 1 31 31 1
8240 2 0 39 39 1
8240 2 2 67 67 1
8240 2 0 39 31 0
8240 2 3 68 68 1
8240 2 0 39 39 1
8240 2 2 67 67 1
8240 2 1 31 31 1
8240 2 1 31 31 1
8240 2 3 68 68 1
8240 2 0 39 39 1
8240 2 2 67 67 1
8240 3 2 44 11 0
8240 3 0 50 11 0
8240 3 1 14 44 0
8240 3 1 14 14 1
8240 3 2 44 22 0
8240 3 1 14 14 1
8240 3 0 50 50 1
8240 3 3 29 67 0
8240 3 1 14 44 0
8240 3 1 14 14 1
8240 3 2 44 44 1
8240 3 0 50 14 0
8240 3 3 29 49 0
8240 3 1 14 44 0
8240 3 3 29 29 1
8240 3 1 14 14 1
8240 3 0 50 50 1
8240 3 2 44 44 1
8240 3 3 29 29 1
8240 3 0 50 50 1
8240 3 2 44 44 1
8240 3 1 14 14 1
