0127 4 2 55 25 0
0127 4 2 55 55 1
0127 4 1 75 11 0
0127 4 1 75 75 1
0127 4 0 62 34 0
0127 4 3 38 98 0
0127 4 0 62 62 1
0127 4 2 55 55 1
0127 4 1 75 75 1
0127 4 3 38 38 1
0127 4 3 38 38 1
0127 4 0 62 62 1
0127 4 1 75 75 1
0127 4 2 55 55 1
0127 2 2 33 38 0
0127 2 0 73 76 0
0127 2 1 23 33 0
0127 2 1 23 23 1
0127 2 0 73 73 1
0127 2 2 33 33 1
0127 2 3 76 76 1
0127 2 1 23 23 1
0127 2 0 73 73 1
0127 2 3 76 33 0
0127 2 3 76 76 1
0127 2 1 23 23 1
0127 2 2 33 33 1
0127 2 0 73 73 1
0127 2 1 23 23 1
0127 2 0 73 73 1
0127 2 2 33 33 1
0127 2 3 76 76 1
0127 0 1 15 64 0
0127 0 2 28 64 0
0127 0 0 48 64 0
0127 0 1 15 15 1
0127 0 2 28 28 1
0127 0 0 48 48 1
0127 0 3 44 64 0
0127 0 1 15 15 1
0127 0 0 48 38 0
0127 0 2 28 28 1
0127 0 1 15 15 1
0127 0 0 48 48 1
0127 0 3 44 44 1
0127 0 3 44 44 1
0127 0 1 15 15 1
0127 0 0 48 48 1
0127 0 2 28 38 0
0127 3 1 70 11 0
0127 3 3 25 11 0
0127 3 3 25 25 1
0127 3 2 11 70 0
0127 3 2 11 11 1
0127 3 1 70 70 1
0127 3 0 52 25 0
0127 3 3 25 25 1
0127 3 2 11 70 0
0127 3 0 52 52 1
0127 3 1 70 70 1
0127 3 2 11 11 1
0127 3 3 25 25 1
0127 3 0 52 52 1
0127 3 2 11 11 1
0127 3 1 70 70 1
0127 3 3 25 52 0
0127 1 2 14 48 0
0127 1 1 72 64 0
0127 1 2 14 14 1
0127 1 1 72 62 0
0127 1 2 14 14 1
0127 1 3 21 64 0
0127 1 3 21 32 0
0127 1 0 64 64 1
0127 1 3 21 21 1
0127 1 2 14 14 1
0127 1 1 72 72 1
0127 1 2 14 14 1
0127 1 0 64 64 1
0127 1 1 72 72 1
0127 1 3 21 21 1
