0124 4 2 55 33 0
0124 4 2 55 55 1
0124 4 1 75 75 1
0124 4 3 38 99 0
0124 4 1 75 83 0
0124 4 3 38 03 0
0124 4 0 62 55 0
0124 4 3 38 38 1
0124 4 0 62 72 0
0124 4 0 62 62 1
0124 4 2 55 55 1
0124 4 3 38 38 1
0124 4 1 75 75 1
0124 4 2 55 55 1
0124 4 1 75 75 1
0124 4 3 38 38 1
0124 4 0 62 62 1
0124 0 1 23 23 1
0124 0 2 33 33 1
0124 0 3 76 44 0
0124 0 1 23 23 1
0124 0 0 73 44 0
0124 0 1 23 23 1
0124 0 0 73 73 1
0124 0 3 76 78 0
0124 0 3 76 76 1
0124 0 1 23 23 1
0124 0 2 33 55 0
0124 0 1 23 23 1
0124 0 0 73 76 0
0124 0 0 73 76 0
0124 0 1 23 23 1
0124 0 2 33 33 1
0124 0 0 73 73 1
0124 0 3 76 76 1
0124 0 2 33 23 0
0124 0 0 73 73 1
0124 0 3 76 76 1
0124 0 2 33 33 1
0124 0 1 23 23 1
0124 0 1 23 23 1
0124 0 2 33 33 1
0124 0 0 73 73 1
0124 0 3 76 76 1
0124 1 1 15 33 0
0124 1 2 28 99 0
0124 1 3 44 14 0
0124 1 1 15 15 1
0124 1 2 28 28 1
0124 1 3 44 44 1
0124 1 0 48 15 0
0124 1 3 44 44 1
0124 1 0 48 48 1
0124 1 1 15 15 1
0124 1 2 28 28 1
0124 1 3 44 44 1
0124 1 2 28 28 1
0124 1 1 15 15 1
0124 1 0 48 44 0
0124 2 3 25 99 0
0124 2 0 52 76 0
0124 2 0 52 52 1
0124 2 2 11 11 1
0124 2 1 70 52 0
0124 2 2 11 25 0
0124 2 2 11 78 0
0124 2 1 70 23 0
0124 2 2 11 70 0
0124 2 2 11 11 1
0124 2 3 25 78 0
0124 2 3 25 25 1
0124 2 2 11 11 1
0124 2 0 52 78 0
0124 2 0 52 52 1
0124 2 3 25 25 1
0124 2 2 11 11 1
0124 2 1 70 78 0
0124 2 2 11 70 0
0124 2 1 70 70 1
0124 2 0 52 52 1
0124 2 3 25 25 1
0124 2 2 11 11 1
0124 2 3 25 25 1
0124 2 1 70 70 1
0124 2 0 52 52 1
0124 2 2 11 11 1
0124 3 0 64 99 0
0124 3 1 72 64 0
0124 3 0 64 64 1
0124 3 1 72 62 0
0124 3 3 21 44 0
0124 3 3 21 21 1
0124 3 2 14 72 0
0124 3 0 64 64 1
0124 3 1 72 72 1
0124 3 2 14 14 1
0124 3 3 21 21 1
0124 3 1 72 72 1
0124 3 2 14 64 0
0124 3 0 64 14 0
0124 3 3 21 21 1
0124 3 0 64 64 1
0124 3 1 72 72 1
0124 3 2 14 14 1
0124 3 2 14 64 0
0124 3 3 21 21 1
0124 3 0 64 72 0
0124 3 0 64 72 0
0124 3 0 64 64 1
0124 3 2 14 72 0
0124 3 0 64 64 1
0124 3 3 21 21 1
0124 3 1 72 72 1
0124 3 2 14 64 0
0124 3 0 64 72 0
0124 3 1 72 72 1
0124 3 2 14 14 1
0124 3 3 21 21 1
0124 3 0 64 64 1
0124 3 1 72 72 1
0124 3 3 21 21 1
0124 3 0 64 64 1
0124 3 2 14 14 1
