0008 4 0 42 99 0
0008 4 3 48 56 0
0008 4 3 48 48 1
0008 4 0 42 42 1
0008 4 1 26 33 0
0008 4 0 42 64 0
0008 4 2 61 99 0
0008 4 1 26 26 1
0008 4 0 42 42 1
0008 4 3 48 48 1
0008 4 2 61 61 1
0008 4 2 61 61 1
0008 4 3 48 26 0
0008 4 2 61 61 1
0008 4 1 26 26 1
0008 4 3 48 48 1
0008 4 0 42 42 1
0008 4 0 42 42 1
0008 4 2 61 61 1
0008 4 1 26 26 1
0008 4 3 48 48 1
0008 2 0 14 99 0
0008 2 3 78 99 0
0008 2 2 18 09 0
0008 2 0 14 99 0
0008 2 1 49 18 0
0008 2 3 78 78 1
0008 2 2 18 49 0
0008 2 0 14 14 1
0008 2 1 49 49 1
0008 2 2 18 78 0
0008 2 2 18 18 1
0008 2 0 14 14 1
0008 2 3 78 78 1
0008 2 1 49 14 0
0008 2 3 78 78 1
0008 2 0 14 14 1
0008 2 1 49 49 1
0008 2 2 18 14 0
0008 2 0 14 14 1
0008 2 2 18 49 0
0008 2 3 78 78 1
0008 2 2 18 18 1
0008 2 1 49 49 1
0008 2 0 14 14 1
0008 2 2 18 49 0
0008 2 1 49 49 1
0008 2 2 18 18 1
0008 2 3 78 78 1
0008 2 0 14 14 1
0008 2 0 14 14 1
0008 2 1 49 49 1
0008 2 3 78 18 0
0008 2 3 78 78 1
0008 2 1 49 49 1
0008 2 2 18 18 1
0008 2 0 14 14 1
0008 2 3 78 49 0
0008 2 3 78 78 1
0008 2 0 14 14 1
0008 2 1 49 49 1
0008 2 2 18 18 1
0008 2 3 78 78 1
0008 2 0 14 14 1
0008 2 2 18 18 1
0008 2 1 49 49 1
0008 0 0 44 99 0
0008 0 0 44 44 1
0008 0 3 73 44 0
0008 0 2 32 99 0
0008 0 3 73 73 1
0008 0 1 24 99 0
0008 0 2 32 42 0
0008 0 3 73 73 1
0008 0 1 24 24 1
0008 0 2 32 42 0
0008 0 1 24 24 1
0008 0 3 73 73 1
0008 0 2 32 32 1
0008 0 0 44 43 0
0008 0 1 24 24 1
0008 0 0 44 44 1
0008 0 2 32 32 1
0008 0 3 73 73 1
0008 0 0 44 44 1
0008 0 3 73 73 1
0008 0 2 32 32 1
0008 0 1 24 24 1
0008 3 1 34 99 0
0008 3 0 70 34 0
0008 3 3 69 33 0
0008 3 0 70 34 0
0008 3 0 70 70 1
0008 3 2 23 33 0
0008 3 3 69 69 1
0008 3 2 23 23 1
0008 3 0 70 70 1
0008 3 1 34 70 0
0008 3 3 69 69 1
0008 3 2 23 34 0
0008 3 0 70 23 0
0008 3 2 23 23 1
0008 3 0 70 70 1
0008 3 3 69 69 1
0008 3 1 34 23 0
0008 3 1 34 34 1
0008 3 2 23 23 1
0008 3 0 70 70 1
0008 3 3 69 69 1
0008 3 0 70 70 1
0008 3 1 34 23 0
0008 3 1 34 34 1
0008 3 3 69 69 1
0008 3 0 70 70 1
0008 3 2 23 23 1
0008 3 1 34 70 0
0008 3 2 23 23 1
0008 3 0 70 70 1
0008 3 3 69 69 1
0008 3 1 34 34 1
0008 3 2 23 23 1
0008 3 3 69 69 1
0008 3 1 34 34 1
0008 3 0 70 70 1
0008 1 2 75 99 0
0008 1 1 58 99 0
0008 1 0 76 99 0
0008 1 2 75 75 1
0008 1 0 76 76 1
0008 1 3 62 77 0
0008 1 0 76 76 1
0008 1 3 62 62 1
0008 1 1 58 58 1
0008 1 2 75 75 1
0008 1 3 62 62 1
0008 1 1 58 58 1
0008 1 2 75 75 1
0008 1 0 76 76 1
