0004 0 3 15 32 0
0004 0 2 61 23 0
0004 0 3 15 15 1
0004 0 0 69 54 0
0004 0 2 61 96 0
0004 0 3 15 15 1
0004 0 1 48 33 0
0004 0 1 48 48 1
0004 0 0 69 69 1
0004 0 3 15 15 1
0004 0 2 61 61 1
0004 0 3 15 15 1
0004 0 0 69 69 1
0004 0 2 61 48 0
0004 0 3 15 11 0
0004 0 3 15 15 1
0004 0 1 48 48 1
0004 0 2 61 61 1
0004 0 0 69 48 0
0004 0 1 48 48 1
0004 0 0 69 69 1
0004 0 2 61 61 1
0004 0 3 15 15 1
0004 0 1 48 48 1
0004 0 2 61 69 0
0004 0 2 61 61 1
0004 0 3 15 15 1
0004 0 1 48 48 1
0004 0 0 69 69 1
0004 0 2 61 61 1
0004 0 3 15 15 1
0004 0 0 69 48 0
0004 0 2 61 06 0
0004 0 3 15 15 1
0004 0 2 61 61 1
0004 0 1 48 48 1
0004 0 0 69 69 1
0004 0 1 48 48 1
0004 0 2 61 61 1
0004 0 0 69 69 1
0004 0 3 15 15 1
0004 1 1 68 56 0
0004 1 2 65 68 0
0004 1 2 65 56 0
0004 1 3 22 45 0
0004 1 0 31 25 0
0004 1 0 31 31 1
0004 1 1 68 68 1
0004 1 2 65 65 1
0004 1 3 22 22 1
0004 1 0 31 68 0
0004 1 3 22 14 0
0004 1 0 31 68 0
0004 1 0 31 13 0
0004 1 2 65 68 0
0004 1 1 68 68 1
0004 1 0 31 31 1
0004 1 2 65 22 0
0004 1 0 31 31 1
0004 1 3 22 68 0
0004 1 3 22 22 1
0004 1 0 31 31 1
0004 1 2 65 65 1
0004 1 1 68 68 1
0004 1 2 65 31 0
0004 1 3 22 22 1
0004 1 0 31 31 1
0004 1 2 65 68 0
0004 1 0 31 68 0
0004 1 2 65 65 1
0004 1 3 22 22 1
0004 1 0 31 31 1
0004 1 1 68 68 1
0004 1 0 31 65 0
0004 1 3 22 22 1
0004 1 2 65 65 1
0004 1 0 31 68 0
0004 1 3 22 22 1
0004 1 1 68 68 1
0004 1 0 31 31 1
0004 1 2 65 65 1
0004 1 3 22 22 1
0004 1 2 65 65 1
0004 1 0 31 31 1
0004 1 1 68 68 1
0004 2 3 79 56 0
0004 2 3 79 97 0
0004 2 2 63 65 0
0004 2 3 79 79 1
0004 2 0 11 44 0
0004 2 2 63 79 0
0004 2 2 63 63 1
0004 2 3 79 79 1
0004 2 1 50 11 0
0004 2 3 79 79 1
0004 2 0 11 11 1
0004 2 2 63 69 0
0004 2 0 11 11 1
0004 2 1 50 63 0
0004 2 3 79 69 0
0004 2 1 50 50 1
0004 2 0 11 11 1
0004 2 3 79 79 1
0004 2 2 63 63 1
0004 2 3 79 79 1
0004 2 0 11 11 1
0004 2 2 63 50 0
0004 2 0 11 11 1
0004 2 3 79 79 1
0004 2 2 63 50 0
0004 2 0 11 11 1
0004 2 1 50 50 1
0004 2 3 79 79 1
0004 2 2 63 63 1
0004 2 2 63 63 1
0004 2 0 11 11 1
0004 2 1 50 50 1
0004 2 3 79 79 1
0004 3 3 75 45 0
0004 3 2 24 34 0
0004 3 3 75 75 1
0004 3 1 74 24 0
0004 3 1 74 74 1
0004 3 2 24 45 0
0004 3 2 24 75 0
0004 3 2 24 24 1
0004 3 0 43 66 0
0004 3 3 75 74 0
0004 3 2 24 74 0
0004 3 0 43 47 0
0004 3 1 74 23 0
0004 3 3 75 75 1
0004 3 2 24 74 0
0004 3 0 43 43 1
0004 3 2 24 03 0
0004 3 2 24 24 1
0004 3 0 43 74 0
0004 3 1 74 43 0
0004 3 1 74 43 0
0004 3 1 74 74 1
0004 3 2 24 75 0
0004 3 0 43 74 0
0004 3 1 74 74 1
0004 3 3 75 75 1
0004 3 0 43 24 0
0004 3 1 74 24 0
0004 3 3 75 75 1
0004 3 2 24 74 0
0004 3 2 24 43 0
0004 3 0 43 43 1
0004 3 3 75 75 1
0004 3 2 24 24 1
0004 3 1 74 43 0
0004 3 3 75 75 1
0004 3 0 43 43 1
0004 3 2 24 24 1
0004 3 1 74 24 0
0004 3 0 43 24 0
0004 3 3 75 75 1
0004 3 1 74 24 0
0004 3 3 75 75 1
0004 3 2 24 24 1
0004 3 1 74 74 1
0004 3 0 43 43 1
0004 3 3 75 75 1
0004 3 1 74 24 0
0004 3 0 43 43 1
0004 3 1 74 24 0
0004 3 1 74 43 0
0004 3 2 24 24 1
0004 3 3 75 75 1
0004 3 0 43 23 0
0004 3 2 24 74 0
0004 3 1 74 24 0
0004 3 1 74 74 1
0004 3 0 43 43 1
0004 3 2 24 74 0
0004 3 0 43 43 1
0004 3 1 74 74 1
0004 3 2 24 24 1
0004 3 3 75 75 1
0004 3 1 74 43 0
0004 3 2 24 43 0
0004 3 3 75 75 1
0004 3 0 43 43 1
0004 3 2 24 74 0
0004 3 3 75 75 1
0004 3 2 24 34 0
0004 3 2 24 43 0
0004 3 1 74 43 0
0004 3 2 24 43 0
0004 3 2 24 24 1
0004 3 0 43 43 1
0004 3 1 74 24 0
0004 3 1 74 74 1
0004 3 2 24 43 0
0004 3 1 74 43 0
0004 3 0 43 23 0
0004 3 2 24 74 0
0004 3 0 43 43 1
0004 3 2 24 74 0
0004 3 2 24 24 1
0004 3 0 43 43 1
0004 3 1 74 43 0
0004 3 3 75 75 1
0004 3 0 43 74 0
0004 3 0 43 24 0
0004 3 0 43 43 1
0004 3 2 24 24 1
0004 3 1 74 43 0
0004 3 0 43 24 0
0004 3 0 43 43 1
0004 3 2 24 74 0
0004 3 3 75 75 1
0004 3 1 74 24 0
0004 3 0 43 43 1
0004 3 2 24 24 1
0004 3 1 74 74 1
0004 3 3 75 75 1
0004 3 3 75 75 1
0004 3 1 74 24 0
0004 3 3 75 75 1
0004 3 1 74 74 1
0004 3 2 24 43 0
0004 3 2 24 43 0
0004 3 0 43 43 1
0004 3 2 24 24 1
0004 3 3 75 75 1
0004 3 1 74 74 1
0004 3 3 75 75 1
0004 3 0 43 24 0
0004 3 0 43 43 1
0004 3 2 24 74 0
0004 3 3 75 75 1
0004 3 2 24 43 0
0004 3 0 43 23 0
0004 3 2 24 74 0
0004 3 2 24 24 1
0004 3 3 75 75 1
0004 3 0 43 43 1
0004 3 1 74 24 0
0004 3 0 43 43 1
0004 3 1 74 24 0
0004 3 0 43 74 0
0004 3 2 24 37 0
0004 3 0 43 43 1
0004 3 3 75 75 1
0004 3 2 24 24 1
0004 3 1 74 74 1
0004 3 0 43 43 1
0004 3 3 75 75 1
0004 3 1 74 24 0
0004 3 0 43 24 0
0004 3 1 74 34 0
0004 3 2 24 24 1
0004 3 3 75 74 0
0004 3 2 24 24 1
0004 3 0 43 43 1
0004 3 1 74 74 1
0004 3 3 75 75 1
0004 3 3 75 75 1
0004 3 0 43 43 1
0004 3 2 24 74 0
0004 3 1 74 74 1
0004 3 2 24 74 0
0004 3 2 24 24 1
0004 3 3 75 75 1
0004 3 0 43 43 1
0004 3 1 74 74 1
0004 3 0 43 43 1
0004 3 2 24 24 1
0004 3 1 74 74 1
0004 3 3 75 75 1
