0001 3 0 79 27 0
0001 3 1 19 45 0
0001 3 0 79 79 1
0001 3 1 19 19 1
0001 3 3 33 13 0
0001 3 1 19 19 1
0001 3 2 49 79 0
0001 3 0 79 79 1
0001 3 1 19 19 1
0001 3 2 49 49 1
0001 3 3 33 33 1
0001 3 0 79 79 1
0001 3 1 19 19 1
0001 3 3 33 33 1
0001 3 2 49 49 1
0001 2 1 22 23 0
0001 2 0 36 34 0
0001 2 3 31 64 0
0001 2 2 39 36 0
0001 2 2 39 39 1
0001 2 1 22 36 0
0001 2 3 31 36 0
0001 2 2 39 22 0
0001 2 1 22 36 0
0001 2 3 31 31 1
0001 2 1 22 36 0
0001 2 0 36 36 1
0001 2 1 22 22 1
0001 2 3 31 31 1
0001 2 2 39 39 1
0001 2 1 22 22 1
0001 2 0 36 36 1
0001 2 3 31 31 1
0001 2 2 39 39 1
0001 1 2 46 34 0
0001 1 1 13 45 0
0001 1 2 46 35 0
0001 1 3 62 78 0
0001 1 2 46 62 0
0001 1 1 13 34 0
0001 1 3 62 49 0
0001 1 1 13 13 1
0001 1 0 25 14 0
0001 1 1 13 13 1
0001 1 2 46 46 1
0001 1 3 62 62 1
0001 1 0 25 13 0
0001 1 0 25 25 1
0001 1 1 13 13 1
0001 1 2 46 46 1
0001 1 3 62 62 1
0001 1 3 62 62 1
0001 1 0 25 45 0
0001 1 2 46 46 1
0001 1 3 62 62 1
0001 1 1 13 13 1
0001 1 0 25 25 1
0001 1 0 25 25 1
0001 1 3 62 62 1
0001 1 2 46 46 1
0001 1 1 13 13 1
0001 0 2 54 54 1
0001 0 3 20 63 0
0001 0 0 11 24 0
0001 0 2 54 54 1
0001 0 0 11 20 0
0001 0 3 20 20 1
0001 0 1 56 76 0
0001 0 3 20 20 1
0001 0 2 54 54 1
0001 0 0 11 11 1
0001 0 1 56 56 1
0001 0 2 54 20 0
0001 0 3 20 11 0
0001 0 1 56 56 1
0001 0 0 11 11 1
0001 0 2 54 54 1
0001 0 3 20 11 0
0001 0 0 11 11 1
0001 0 3 20 20 1
0001 0 2 54 54 1
0001 0 1 56 56 1
0001 0 0 11 11 1
0001 0 2 54 54 1
0001 0 1 56 56 1
0001 0 3 20 20 1
