0101 3 0 79 19 0
0101 3 1 19 19 1
0101 3 0 79 79 1
0101 3 2 49 49 1
0101 3 3 33 20 0
0101 3 1 19 79 0
0101 3 0 79 79 1
0101 3 1 19 19 1
0101 3 2 49 49 1
0101 3 3 33 33 1
0101 3 0 79 79 1
0101 3 1 19 19 1
0101 3 3 33 33 1
0101 3 2 49 49 1
0101 2 1 22 52 0
0101 2 0 36 33 0
0101 2 3 31 28 0
0101 2 2 39 22 0
0101 2 2 39 39 1
0101 2 1 22 22 1
0101 2 3 31 31 1
0101 2 0 36 16 0
0101 2 2 39 22 0
0101 2 1 22 31 0
0101 2 3 31 31 1
0101 2 1 22 22 1
0101 2 0 36 36 1
0101 2 2 39 39 1
0101 2 0 36 36 1
0101 2 1 22 22 1
0101 2 3 31 31 1
0101 2 2 39 39 1
0101 1 3 62 54 0
0101 1 2 46 26 0
0101 1 1 13 54 0
0101 1 2 46 46 1
0101 1 3 62 62 1
0101 1 1 13 13 1
0101 1 0 25 56 0
0101 1 2 46 62 0
0101 1 1 13 13 1
0101 1 3 62 62 1
0101 1 0 25 25 1
0101 1 2 46 46 1
0101 1 3 62 62 1
0101 1 1 13 13 1
0101 1 2 46 46 1
0101 1 0 25 25 1
0101 0 1 56 54 0
0101 0 0 11 23 0
0101 0 0 11 11 1
0101 0 1 56 56 1
0101 0 2 54 54 1
0101 0 3 20 22 0
0101 0 2 54 54 1
0101 0 3 20 20 1
0101 0 1 56 56 1
0101 0 0 11 11 1
0101 0 0 11 11 1
0101 0 3 20 25 0
0101 0 2 54 54 1
0101 0 1 56 56 1
0101 0 0 11 11 1
0101 0 3 20 20 1
0101 0 2 54 54 1
0101 0 3 20 20 1
0101 0 1 56 56 1
0101 0 0 11 11 1
