0105 3 3 15 61 0
0105 3 2 61 61 1
0105 3 0 69 69 1
0105 3 1 48 49 0
0105 3 3 15 15 1
0105 3 0 69 69 1
0105 3 1 48 48 1
0105 3 2 61 61 1
0105 3 2 61 61 1
0105 3 0 69 69 1
0105 3 3 15 04 0
0105 3 3 15 15 1
0105 3 1 48 61 0
0105 3 1 48 48 1
0105 3 0 69 69 1
0105 3 3 15 15 1
0105 3 2 61 61 1
0105 3 3 15 15 1
0105 3 0 69 69 1
0105 3 2 61 48 0
0105 3 3 15 15 1
0105 3 2 61 61 1
0105 3 1 48 48 1
0105 3 0 69 69 1
0105 3 3 15 15 1
0105 3 1 48 48 1
0105 3 2 61 61 1
0105 3 0 69 69 1
0105 2 1 68 31 0
0105 2 1 68 68 1
0105 2 2 65 22 0
0105 2 2 65 65 1
0105 2 3 22 45 0
0105 2 2 65 65 1
0105 2 3 22 22 1
0105 2 0 31 45 0
0105 2 2 65 68 0
0105 2 3 22 68 0
0105 2 1 68 68 1
0105 2 2 65 65 1
0105 2 0 31 31 1
0105 2 3 22 22 1
0105 2 0 31 31 1
0105 2 1 68 65 0
0105 2 1 68 68 1
0105 2 0 31 31 1
0105 2 3 22 22 1
0105 2 2 65 65 1
0105 2 2 65 65 1
0105 2 1 68 68 1
0105 2 3 22 22 1
0105 2 0 31 31 1
0105 1 3 79 22 0
0105 1 0 11 11 1
0105 1 2 63 78 0
0105 1 0 11 11 1
0105 1 1 50 45 0
0105 1 0 11 11 1
0105 1 3 79 79 1
0105 1 1 50 50 1
0105 1 2 63 49 0
0105 1 0 11 11 1
0105 1 2 63 63 1
0105 1 3 79 79 1
0105 1 1 50 50 1
0105 1 0 11 11 1
0105 1 3 79 79 1
0105 1 1 50 63 0
0105 1 2 63 63 1
0105 1 0 11 11 1
0105 1 1 50 50 1
0105 1 3 79 79 1
0105 1 1 50 50 1
0105 1 0 11 11 1
0105 1 2 63 63 1
0105 1 3 79 79 1
0105 0 3 75 48 0
0105 0 2 24 24 1
0105 0 0 43 74 0
0105 0 3 75 75 1
0105 0 0 43 43 1
0105 0 2 24 24 1
0105 0 1 74 74 1
0105 0 0 43 43 1
0105 0 2 24 24 1
0105 0 3 75 73 0
0105 0 2 24 24 1
0105 0 3 75 75 1
0105 0 0 43 43 1
0105 0 1 74 74 1
0105 0 0 43 43 1
0105 0 3 75 75 1
0105 0 2 24 24 1
0105 0 1 74 74 1
