000  00  000  0 6 121 05 04200
000  00  001  0 1 045 00 02990
000  00  002  0 7 148 07 01368
000  00  003  0 3 067 02 02397
000  00  004  0 7 148 07 00816
000  00  005  0 7 148 07 00576
000  00  006  0 5 099 04 02846
000  00  007  0 5 099 05 00882
000  00  008  0 3 067 03 01203
000  00  009  0 4 081 04 00774
000  00  010  0 2 055 02 00977
000  00  011  0 1 045 01 01273
000  00  012  0 6 121 06 01331
000  00  013  0 3 067 03 02128
000  00  014  0 3 067 02 00891
000  00  015  0 6 121 06 00908
000  00  016  0 1 045 00 01699
000  00  017  0 4 081 03 01530
000  00  018  0 7 148 07 00817
000  00  019  0 6 121 05 01162
000  00  020  0 4 081 04 01700
000  00  021  0 0 037 00 01119
000  00  022  0 0 037 00 00772
000  00  023  0 5 099 05 02238
000  00  024  0 1 045 01 02597
000  00  025  0 4 081 03 01786
000  00  026  0 2 055 02 01333
000  00  027  0 5 099 05 01592
000  00  028  0 2 055 02 03804
000  00  029  0 0 037 00 01275
000  00  030  0 1 045 00 01065
000  00  031  0 2 055 01 00860
000  00  032  0 7 148 07 00877
000  00  033  0 7 148 07 00693
000  00  034  0 6 121 06 01050
000  00  035  0 3 067 03 03071
000  00  036  0 6 121 06 01049
000  00  037  0 5 099 05 01257
000  00  038  0 4 081 04 00900
000  00  039  0 6 121 05 01126
000  00  040  0 1 045 01 01566
000  00  041  0 0 037 00 00749
000  00  042  0 6 121 06 01678
000  00  043  0 5 099 05 00958
000  00  044  0 1 045 01 01250
000  00  045  0 3 067 03 01145
000  00  046  0 5 099 05 01086
000  00  047  0 6 121 06 01002
000  00  048  0 4 081 04 01595
000  00  049  0 0 037 01 02593
000  00  050  0 3 067 03 02123
000  00  051  0 7 148 07 01266
000  00  052  0 0 037 01 01926
000  00  053  0 7 148 07 01404
000  00  054  0 2 055 02 01234
000  00  055  0 0 037 00 00987
000  00  056  0 2 055 01 00782
000  00  057  0 5 099 05 03085
000  00  058  0 0 037 01 01677
000  00  059  0 0 037 00 00831
000  01  000  0 4 081 03 02160
000  01  001  0 2 055 02 01762
000  01  002  0 4 081 04 02841
000  01  003  0 4 081 04 00828
000  01  004  0 2 055 03 01101
000  01  005  0 2 055 02 00905
000  01  006  0 7 148 06 01419
000  01  007  0 3 067 03 03745
000  01  008  0 3 067 03 00872
000  01  009  0 4 081 04 01216
000  01  010  0 6 121 06 01565
000  01  011  0 4 081 05 00796
000  01  012  0 7 148 07 00800
000  01  013  0 6 121 06 00803
000  01  014  0 5 099 05 00707
000  01  015  0 3 067 03 01092
000  01  016  0 7 148 07 01993
000  01  017  0 4 081 04 03630
000  01  018  0 1 045 01 01962
000  01  019  0 7 148 06 01161
000  01  020  0 3 067 03 01933
000  01  021  0 7 148 07 00739
000  01  022  0 4 081 05 01411
000  01  023  0 7 148 07 00984
000  01  024  0 3 067 03 01271
000  01  025  0 1 045 01 01061
000  01  026  0 6 121 05 01678
000  01  027  0 3 067 03 04779
000  01  028  0 4 081 04 00944
000  01  029  0 6 121 06 00941
000  01  030  0 2 055 02 02196
000  01  031  0 6 121 06 03033
000  01  032  0 1 045 01 01432
000  01  033  0 0 037 00 00795
000  01  034  0 0 037 00 00715
000  01  035  0 4 081 03 05678
000  01  036  0 3 067 03 00822
000  01  037  0 7 148 07 01197
000  01  038  0 2 055 02 01714
000  01  039  0 4 081 04 02148
000  01  040  0 3 067 03 00842
000  01  041  0 1 045 01 01150
000  01  042  0 1 045 00 01309
000  01  043  0 4 081 03 03474
000  01  044  0 3 067 04 00820
000  01  045  0 0 037 01 01753
000  01  046  0 1 045 00 00813
000  01  047  0 0 037 00 00714
000  01  048  0 1 045 01 00777
000  01  049  0 5 099 05 02417
000  01  050  0 6 121 06 00634
000  01  051  0 5 099 06 00723
000  01  052  0 1 045 01 02779
000  01  053  0 3 067 03 01603
000  01  054  0 4 081 04 00782
000  01  055  0 2 055 03 00864
000  01  056  0 0 037 00 00987
000  01  057  0 4 081 03 02546
000  01  058  0 5 099 06 02293
000  01  059  0 6 121 06 00977
000  02  000  0 7 148 06 10166
000  02  001  0 1 045 02 02953
000  02  002  0 1 045 01 02566
000  02  003  0 6 121 05 07177
000  02  004  0 6 121 06 01307
000  02  005  0 2 055 02 01969
000  02  006  0 5 099 05 02080
000  02  007  0 7 148 07 00849
000  02  008  0 5 099 05 01218
000  02  009  0 3 067 02 01837
000  02  010  0 1 045 01 01514
000  02  011  0 1 045 01 01433
000  02  012  0 0 037 00 00663
000  02  013  0 5 099 04 04315
000  02  014  0 6 121 05 01910
000  02  015  0 3 067 03 02439
000  02  016  0 0 037 01 01423
000  02  017  0 4 081 03 01190
000  02  018  0 2 055 02 01290
000  02  019  0 2 055 02 01154
000  02  020  0 1 045 01 00899
000  02  021  0 0 037 01 01152
000  02  022  0 2 055 01 00783
000  02  023  0 4 081 03 02207
000  02  024  0 2 055 03 00741
000  02  025  0 7 148 07 00984
000  02  026  0 2 055 03 01175
000  02  027  0 6 121 06 02938
000  02  028  0 7 148 07 01023
000  02  029  0 4 081 04 01204
000  02  030  0 3 067 03 00912
000  02  031  0 5 099 04 01511
000  02  032  0 0 037 01 01335
000  02  033  0 3 067 02 00981
000  02  034  0 1 045 02 00946
000  02  035  0 3 067 03 01122
000  02  036  0 6 121 05 01815
000  02  037  0 7 148 07 00779
000  02  038  0 7 148 07 00720
000  02  039  0 3 067 03 02595
000  02  040  0 7 148 06 01708
000  02  041  0 6 121 06 00923
000  02  042  0 3 067 03 02681
000  02  043  0 3 067 02 00811
000  02  044  0 2 055 02 00886
000  02  045  0 6 121 06 02509
000  02  046  0 3 067 03 03949
000  02  047  0 6 121 06 02052
000  02  048  0 5 099 05 01086
000  02  049  0 3 067 04 01110
000  02  050  0 1 045 01 01829
000  02  051  0 6 121 06 02561
000  02  052  0 4 081 04 01894
000  02  053  0 1 045 01 01924
000  02  054  0 7 148 06 01227
000  02  055  0 5 099 05 01155
000  02  056  0 7 148 07 01433
000  02  057  0 2 055 02 03905
000  02  058  0 0 037 00 01686
000  02  059  0 4 081 03 02200
000  03  000  0 1 045 01 03966
000  03  001  0 2 055 02 01026
000  03  002  0 5 099 05 02221
000  03  003  0 1 045 01 01863
000  03  004  0 5 099 04 02543
000  03  005  0 2 055 02 03743
000  03  006  0 1 045 01 00805
000  03  007  0 0 037 00 00731
000  03  008  0 7 148 07 00938
000  03  009  0 1 045 01 02570
000  03  010  0 0 037 00 00830
000  03  011  0 3 067 03 03261
000  03  012  0 7 148 07 01051
000  03  013  0 2 055 02 03320
000  03  014  0 2 055 02 00855
000  03  015  0 2 055 02 00605
000  03  016  0 6 121 06 02175
000  03  017  0 0 037 01 01458
000  03  018  0 6 121 05 03873
000  03  019  0 7 148 07 00918
000  03  020  0 0 037 01 01834
000  03  021  0 1 045 01 01110
000  03  022  0 1 045 01 00748
000  03  023  0 3 067 03 01681
000  03  024  0 5 099 05 02294
000  03  025  0 0 037 00 01523
000  03  026  0 0 037 00 00724
000  03  027  0 2 055 02 02023
000  03  028  0 1 045 01 00966
000  03  029  0 5 099 04 04334
000  03  030  0 7 148 06 04231
000  03  031  0 7 148 07 00811
000  03  032  0 4 081 05 01126
000  03  033  0 0 037 00 02381
000  03  034  0 4 081 03 05535
000  03  035  0 6 121 06 01496
000  03  036  0 5 099 05 01284
000  03  037  0 4 081 04 00996
000  03  038  0 7 148 07 00848
000  03  039  0 7 148 07 01016
000  03  040  0 6 121 06 01183
000  03  041  0 6 121 06 00899
000  03  042  0 4 081 04 01558
000  03  043  0 0 037 01 01717
000  03  044  0 7 148 07 01047
000  03  045  0 5 099 04 02651
000  03  046  0 0 037 01 02440
000  03  047  0 0 037 00 00830
000  03  048  0 4 081 03 01708
000  03  049  0 5 099 05 01235
000  03  050  0 1 045 02 02192
000  03  051  0 6 121 06 02360
000  03  052  0 7 148 07 00688
000  03  053  0 0 037 01 02040
000  03  054  0 7 148 07 01420
000  03  055  0 6 121 05 01472
000  03  056  0 0 037 01 01830
000  03  057  0 2 055 01 01181
000  03  058  0 4 081 03 01765
000  03  059  0 5 099 04 03929
000  04  000  0 5 099 04 01799
000  04  001  0 1 045 03 01499
000  04  002  0 4 081 03 01551
000  04  003  0 5 099 04 01752
000  04  004  0 1 045 01 01614
000  04  005  0 0 037 01 00793
000  04  006  0 4 081 03 01891
000  04  007  0 7 148 07 01286
000  04  008  0 7 148 07 01170
000  04  009  0 3 067 03 02493
000  04  010  0 6 121 05 02598
000  04  011  0 4 081 04 02252
000  04  012  0 1 045 02 03792
000  04  013  0 7 148 07 01102
000  04  014  0 5 099 05 01394
000  04  015  0 1 045 01 01118
000  04  016  0 3 067 03 01691
000  04  017  0 2 055 02 00833
000  04  018  0 0 037 00 03070
000  04  019  0 5 099 04 03735
000  04  020  0 5 099 05 01648
000  04  021  0 5 099 05 00789
000  04  022  0 3 067 04 00898
000  04  023  0 4 081 04 01277
000  04  024  0 0 037 00 01872
000  04  025  0 7 148 07 01074
000  04  026  0 5 099 05 01060
000  04  027  0 6 121 06 00768
000  04  028  0 7 148 07 00915
000  04  029  0 7 148 07 00707
000  04  030  0 2 055 02 04798
000  04  031  0 5 099 05 03079
000  04  032  0 6 121 06 00706
000  04  033  0 5 099 05 00969
000  04  034  0 5 099 05 00974
000  04  035  0 0 037 00 02724
000  04  036  0 2 055 02 01482
000  04  037  0 2 055 02 01040
000  04  038  0 7 148 07 00893
000  04  039  0 1 045 02 01794
000  04  040  0 1 045 00 00991
000  04  041  0 5 099 04 02644
000  04  042  0 6 121 06 01279
000  04  043  0 4 081 04 01581
000  04  044  0 3 067 03 01215
000  04  045  0 2 055 02 01343
000  04  046  0 2 055 01 01326
000  04  047  0 2 055 02 00860
000  04  048  0 0 037 00 00934
000  04  049  0 6 121 06 02903
000  04  050  0 4 081 04 01315
000  04  051  0 1 045 01 02572
000  04  052  0 2 055 02 00843
000  04  053  0 7 148 07 00759
000  04  054  0 2 055 02 02402
000  04  055  0 6 121 06 02603
000  04  056  0 0 037 00 02464
000  04  057  0 6 121 05 05149
000  04  058  0 4 081 04 02167
000  04  059  0 6 121 05 01609
000  05  000  0 4 081 03 03407
000  05  001  0 7 148 07 00852
000  05  002  0 0 037 00 04320
000  05  003  0 1 045 01 01239
000  05  004  0 3 067 02 01063
000  05  005  0 0 037 00 01171
000  05  006  0 0 037 00 00964
000  05  007  0 6 121 06 02822
000  05  008  0 5 099 05 01038
000  05  009  0 2 055 02 03202
000  05  010  0 5 099 05 03124
000  05  011  0 6 121 06 00727
000  05  012  0 2 055 02 01678
000  05  013  0 3 067 03 01446
000  05  014  0 3 067 03 00976
000  05  015  0 4 081 04 00999
000  05  016  0 2 055 01 01834
000  05  017  0 1 045 00 02503
000  05  018  0 3 067 02 02212
000  05  019  0 3 067 03 01289
000  05  020  0 2 055 02 00949
000  05  021  0 5 099 05 01544
000  05  022  0 0 037 00 02845
000  05  023  0 5 099 04 02795
000  05  024  0 4 081 04 03063
000  05  025  0 7 148 07 01172
000  05  026  0 4 081 04 02203
000  05  027  0 2 055 03 00956
000  05  028  0 1 045 02 01703
000  05  029  0 5 099 04 02900
000  05  030  0 1 045 01 02415
000  05  031  0 0 037 00 00815
000  05  032  0 1 045 00 01695
000  05  033  0 6 121 05 04624
000  05  034  0 2 055 03 01937
000  05  035  0 5 099 04 01607
000  05  036  0 5 099 05 01081
000  05  037  0 0 037 01 01750
000  05  038  0 0 037 00 00996
000  05  039  0 4 081 03 03474
000  05  040  0 6 121 06 01337
000  05  041  0 3 067 03 01820
000  05  042  0 2 055 02 01361
000  05  043  0 2 055 02 00791
000  05  044  0 3 067 02 00737
000  05  045  0 5 099 05 01607
000  05  046  0 3 067 04 00837
000  05  047  0 0 037 00 02106
000  05  048  0 6 121 06 01799
000  05  049  0 1 045 02 01474
000  05  050  0 3 067 02 00824
000  05  051  0 4 081 04 01577
000  05  052  0 2 055 02 01192
000  05  053  0 1 045 01 01852
000  05  054  0 3 067 03 05646
000  05  055  0 4 081 04 00843
000  05  056  0 3 067 04 01828
000  05  057  0 3 067 03 01119
000  05  058  0 4 081 04 00821
000  05  059  0 7 148 07 01377
