000  00  000  0 6 121 07 01018
000  00  001  0 1 045 00 01520
000  00  002  0 7 148 07 00794
000  00  003  0 3 067 03 02568
000  00  004  0 7 148 07 01094
000  00  005  0 7 148 06 00934
000  00  006  0 5 099 04 02221
000  00  007  0 5 099 04 00903
000  00  008  0 3 067 02 01925
000  00  009  0 4 081 03 02094
000  00  010  0 2 055 01 01308
000  00  011  0 1 045 00 01445
000  00  012  0 6 121 06 02340
000  00  013  0 3 067 02 02695
000  00  014  0 3 067 03 01070
000  00  015  0 6 121 05 02784
000  00  016  0 1 045 00 01391
000  00  017  0 4 081 03 01594
000  00  018  0 7 148 07 01026
000  00  019  0 6 121 06 00741
000  00  020  0 4 081 04 00882
000  00  021  0 0 037 00 01183
000  00  022  0 0 037 00 00711
000  00  023  0 5 099 05 02189
000  00  024  0 1 045 01 01374
000  00  025  0 4 081 04 02333
000  00  026  0 2 055 02 01089
000  00  027  0 5 099 04 03748
000  00  028  0 2 055 02 01573
000  00  029  0 0 037 00 00898
000  00  030  0 1 045 01 00610
000  00  031  0 2 055 02 01046
000  00  032  0 7 148 07 01842
000  00  033  0 7 148 07 00696
000  00  034  0 6 121 06 01343
000  00  035  0 3 067 03 02145
000  00  036  0 6 121 06 02523
000  00  037  0 5 099 05 00753
000  00  038  0 4 081 04 01084
000  00  039  0 6 121 06 01552
000  00  040  0 1 045 01 01600
000  00  041  0 0 037 00 00868
000  00  042  0 6 121 06 03401
000  00  043  0 5 099 04 02055
000  00  044  0 1 045 01 01798
000  00  045  0 3 067 03 00908
000  00  046  0 5 099 05 02510
000  00  047  0 6 121 06 00802
000  00  048  0 4 081 04 01114
000  00  049  0 0 037 00 00979
000  00  050  0 3 067 03 01183
000  00  051  0 7 148 07 00971
000  00  052  0 0 037 00 01603
000  00  053  0 7 148 07 00761
000  00  054  0 2 055 02 01270
000  00  055  0 0 037 00 01107
000  00  056  0 2 055 01 01031
000  00  057  0 5 099 04 01526
000  00  058  0 0 037 00 01090
000  00  059  0 0 037 00 01082
000  01  000  0 4 081 04 01859
000  01  001  0 2 055 03 01330
000  01  002  0 4 081 04 00766
000  01  003  0 4 081 04 01437
000  01  004  0 2 055 02 02044
000  01  005  0 2 055 03 01233
000  01  006  0 7 148 07 01070
000  01  007  0 3 067 03 02105
000  01  008  0 3 067 03 01845
000  01  009  0 4 081 04 00748
000  01  010  0 6 121 06 01063
000  01  011  0 4 081 04 03571
000  01  012  0 7 148 07 00713
000  01  013  0 6 121 07 00944
000  01  014  0 5 099 05 00943
000  01  015  0 3 067 03 01557
000  01  016  0 7 148 07 00740
000  01  017  0 4 081 04 01246
000  01  018  0 1 045 01 02193
000  01  019  0 7 148 07 00949
000  01  020  0 3 067 04 02007
000  01  021  0 7 148 07 00735
000  01  022  0 4 081 04 00918
000  01  023  0 7 148 07 00697
000  01  024  0 3 067 04 00682
000  01  025  0 1 045 01 01624
000  01  026  0 6 121 06 01877
000  01  027  0 3 067 03 04191
000  01  028  0 4 081 04 00543
000  01  029  0 6 121 06 01007
000  01  030  0 2 055 02 03586
000  01  031  0 6 121 06 01821
000  01  032  0 1 045 01 02359
000  01  033  0 0 037 00 00726
000  01  034  0 0 037 00 00632
000  01  035  0 4 081 03 04574
000  01  036  0 3 067 03 00731
000  01  037  0 7 148 07 01714
000  01  038  0 2 055 02 02181
000  01  039  0 4 081 03 01243
000  01  040  0 3 067 03 01035
000  01  041  0 1 045 02 00802
000  01  042  0 1 045 01 01055
000  01  043  0 4 081 04 01587
000  01  044  0 3 067 04 00873
000  01  045  0 0 037 00 00998
000  01  046  0 1 045 01 01448
000  01  047  0 0 037 00 00729
000  01  048  0 1 045 01 00953
000  01  049  0 5 099 05 02298
000  01  050  0 6 121 06 00815
000  01  051  0 5 099 05 01249
000  01  052  0 1 045 01 02117
000  01  053  0 3 067 02 00759
000  01  054  0 4 081 04 01453
000  01  055  0 2 055 02 01220
000  01  056  0 0 037 01 01526
000  01  057  0 4 081 03 01931
000  01  058  0 5 099 04 01385
000  01  059  0 6 121 07 00951
000  02  000  0 7 148 07 00681
000  02  001  0 1 045 01 01559
000  02  002  0 1 045 01 04647
000  02  003  0 6 121 05 02472
000  02  004  0 6 121 06 01252
000  02  005  0 2 055 03 03996
000  02  006  0 5 099 04 03091
000  02  007  0 7 148 07 00754
000  02  008  0 5 099 05 00973
000  02  009  0 3 067 03 04104
000  02  010  0 1 045 01 01611
000  02  011  0 1 045 00 01133
000  02  012  0 0 037 00 00620
000  02  013  0 5 099 05 02530
000  02  014  0 6 121 06 00967
000  02  015  0 3 067 04 01062
000  02  016  0 0 037 01 01410
000  02  017  0 4 081 03 01839
000  02  018  0 2 055 02 01984
000  02  019  0 2 055 02 00844
000  02  020  0 1 045 02 00875
000  02  021  0 0 037 00 00753
000  02  022  0 2 055 02 00698
000  02  023  0 4 081 04 00926
000  02  024  0 2 055 03 01552
000  02  025  0 7 148 07 00812
000  02  026  0 2 055 03 02479
000  02  027  0 6 121 06 02617
000  02  028  0 7 148 07 01031
000  02  029  0 4 081 05 02298
000  02  030  0 3 067 03 01098
000  02  031  0 5 099 05 01602
000  02  032  0 0 037 00 04131
000  02  033  0 3 067 02 00833
000  02  034  0 1 045 01 01938
000  02  035  0 3 067 03 01556
000  02  036  0 6 121 06 02354
000  02  037  0 7 148 07 00556
000  02  038  0 7 148 07 00615
000  02  039  0 3 067 03 04005
000  02  040  0 7 148 06 01193
000  02  041  0 6 121 06 01331
000  02  042  0 3 067 04 02353
000  02  043  0 3 067 03 00850
000  02  044  0 2 055 02 00879
000  02  045  0 6 121 06 01981
000  02  046  0 3 067 04 01960
000  02  047  0 6 121 06 00968
000  02  048  0 5 099 06 00651
000  02  049  0 3 067 04 00954
000  02  050  0 1 045 01 02411
000  02  051  0 6 121 06 01384
000  02  052  0 4 081 04 01709
000  02  053  0 1 045 02 01737
000  02  054  0 7 148 07 03063
000  02  055  0 5 099 05 01157
000  02  056  0 7 148 07 00857
000  02  057  0 2 055 02 02548
000  02  058  0 0 037 01 01396
000  02  059  0 4 081 03 03028
000  03  000  0 1 045 01 03125
000  03  001  0 2 055 02 01001
000  03  002  0 5 099 05 02439
000  03  003  0 1 045 01 02138
000  03  004  0 5 099 04 03517
000  03  005  0 2 055 02 02978
000  03  006  0 1 045 01 01621
000  03  007  0 0 037 00 00714
000  03  008  0 7 148 07 00831
000  03  009  0 1 045 01 01851
000  03  010  0 0 037 00 00846
000  03  011  0 3 067 02 02372
000  03  012  0 7 148 07 01146
000  03  013  0 2 055 03 02455
000  03  014  0 2 055 02 00757
000  03  015  0 2 055 03 01448
000  03  016  0 6 121 06 03836
000  03  017  0 0 037 01 01985
000  03  018  0 6 121 06 01182
000  03  019  0 7 148 07 00781
000  03  020  0 0 037 01 02713
000  03  021  0 1 045 00 00819
000  03  022  0 1 045 00 00732
000  03  023  0 3 067 02 00971
000  03  024  0 5 099 05 02748
000  03  025  0 0 037 00 01168
000  03  026  0 0 037 00 00591
000  03  027  0 2 055 02 01853
000  03  028  0 1 045 01 00832
000  03  029  0 5 099 05 09051
000  03  030  0 7 148 07 00999
000  03  031  0 7 148 06 00792
000  03  032  0 4 081 04 02201
000  03  033  0 0 037 00 02184
000  03  034  0 4 081 04 03454
000  03  035  0 6 121 06 01070
000  03  036  0 5 099 05 01481
000  03  037  0 4 081 04 03068
000  03  038  0 7 148 07 00896
000  03  039  0 7 148 07 02129
000  03  040  0 6 121 06 01328
000  03  041  0 6 121 06 00797
000  03  042  0 4 081 04 02478
000  03  043  0 0 037 01 01607
000  03  044  0 7 148 07 00826
000  03  045  0 5 099 05 01023
000  03  046  0 0 037 01 02593
000  03  047  0 0 037 00 00843
000  03  048  0 4 081 03 02310
000  03  049  0 5 099 05 01930
000  03  050  0 1 045 02 02100
000  03  051  0 6 121 06 03837
000  03  052  0 7 148 07 00559
000  03  053  0 0 037 01 01836
000  03  054  0 7 148 07 00912
000  03  055  0 6 121 05 01801
000  03  056  0 0 037 00 01097
000  03  057  0 2 055 02 03013
000  03  058  0 4 081 04 03193
000  03  059  0 5 099 05 01185
000  04  000  0 5 099 05 02855
000  04  001  0 1 045 01 02746
000  04  002  0 4 081 04 05469
000  04  003  0 5 099 05 01019
000  04  004  0 1 045 01 02583
000  04  005  0 0 037 00 00796
000  04  006  0 4 081 04 02714
000  04  007  0 7 148 07 00997
000  04  008  0 7 148 07 01124
000  04  009  0 3 067 04 01905
000  04  010  0 6 121 06 01592
000  04  011  0 4 081 04 05189
000  04  012  0 1 045 01 01798
000  04  013  0 7 148 07 00786
000  04  014  0 5 099 05 04168
000  04  015  0 1 045 01 02179
000  04  016  0 3 067 03 01711
000  04  017  0 2 055 02 00740
000  04  018  0 0 037 00 00888
000  04  019  0 5 099 04 01805
000  04  020  0 5 099 05 01137
000  04  021  0 5 099 06 01155
000  04  022  0 3 067 04 01626
000  04  023  0 4 081 03 02479
000  04  024  0 0 037 00 02691
000  04  025  0 7 148 07 00776
000  04  026  0 5 099 05 01108
000  04  027  0 6 121 06 00698
000  04  028  0 7 148 07 00591
000  04  029  0 7 148 07 00840
000  04  030  0 2 055 02 02170
000  04  031  0 5 099 05 01933
000  04  032  0 6 121 06 00835
000  04  033  0 5 099 05 01771
000  04  034  0 5 099 05 01631
000  04  035  0 0 037 01 02622
000  04  036  0 2 055 02 01221
000  04  037  0 2 055 02 02849
000  04  038  0 7 148 07 00710
000  04  039  0 1 045 01 01661
000  04  040  0 1 045 01 01141
000  04  041  0 5 099 04 02304
000  04  042  0 6 121 06 01140
000  04  043  0 4 081 05 00964
000  04  044  0 3 067 03 06050
000  04  045  0 2 055 02 01686
000  04  046  0 2 055 02 00801
000  04  047  0 2 055 02 00713
000  04  048  0 0 037 00 01730
000  04  049  0 6 121 06 02295
000  04  050  0 4 081 04 01245
000  04  051  0 1 045 01 02762
000  04  052  0 2 055 01 00857
000  04  053  0 7 148 07 01517
000  04  054  0 2 055 02 02202
000  04  055  0 6 121 06 02163
000  04  056  0 0 037 01 01950
000  04  057  0 6 121 06 05783
000  04  058  0 4 081 04 01119
000  04  059  0 6 121 06 00945
000  05  000  0 4 081 05 05463
000  05  001  0 7 148 07 00753
000  05  002  0 0 037 00 01687
000  05  003  0 1 045 01 02790
000  05  004  0 3 067 03 02777
000  05  005  0 0 037 00 00988
000  05  006  0 0 037 00 00744
000  05  007  0 6 121 06 02235
000  05  008  0 5 099 05 02695
000  05  009  0 2 055 02 01961
000  05  010  0 5 099 05 05853
000  05  011  0 6 121 06 01101
000  05  012  0 2 055 02 03406
000  05  013  0 3 067 02 00788
000  05  014  0 3 067 03 03689
000  05  015  0 4 081 04 00814
000  05  016  0 2 055 02 03196
000  05  017  0 1 045 01 00835
000  05  018  0 3 067 03 02950
000  05  019  0 3 067 03 00810
000  05  020  0 2 055 02 01047
000  05  021  0 5 099 05 01533
000  05  022  0 0 037 00 01230
000  05  023  0 5 099 05 06429
000  05  024  0 4 081 04 01125
000  05  025  0 7 148 07 00738
000  05  026  0 4 081 05 04366
000  05  027  0 2 055 03 01027
000  05  028  0 1 045 02 02061
000  05  029  0 5 099 04 05454
000  05  030  0 1 045 01 02281
000  05  031  0 0 037 00 02299
000  05  032  0 1 045 01 01464
000  05  033  0 6 121 06 02352
000  05  034  0 2 055 02 02615
000  05  035  0 5 099 05 07694
000  05  036  0 5 099 05 00870
000  05  037  0 0 037 00 02513
000  05  038  0 0 037 00 00785
000  05  039  0 4 081 03 02840
000  05  040  0 6 121 06 02235
000  05  041  0 3 067 04 02770
000  05  042  0 2 055 02 01329
000  05  043  0 2 055 02 01802
000  05  044  0 3 067 03 01508
000  05  045  0 5 099 05 05422
000  05  046  0 3 067 03 01898
000  05  047  0 0 037 00 02471
000  05  048  0 6 121 06 01440
000  05  049  0 1 045 01 03013
000  05  050  0 3 067 03 02344
000  05  051  0 4 081 04 03865
000  05  052  0 2 055 02 01248
000  05  053  0 1 045 01 00850
000  05  054  0 3 067 03 01514
000  05  055  0 4 081 04 01367
000  05  056  0 3 067 04 00855
000  05  057  0 3 067 04 04629
000  05  058  0 4 081 04 00908
000  05  059  0 7 148 07 00940
