000  00  000  0 6 121 07 01588
000  00  001  0 1 045 00 07490
000  00  002  0 7 148 07 00656
000  00  003  0 3 067 02 01736
000  00  004  0 7 148 07 00755
000  00  005  0 7 148 07 00586
000  00  006  0 5 099 05 01448
000  00  007  0 5 099 04 01423
000  00  008  0 3 067 03 01491
000  00  009  0 4 081 04 00663
000  00  010  0 2 055 02 01724
000  00  011  0 1 045 00 00832
000  00  012  0 6 121 07 00875
000  00  013  0 3 067 03 01785
000  00  014  0 3 067 03 00708
000  00  015  0 6 121 06 01502
000  00  016  0 1 045 01 02591
000  00  017  0 4 081 04 01933
000  00  018  0 7 148 07 00647
000  00  019  0 6 121 06 00864
000  00  020  0 4 081 04 02109
000  00  021  0 0 037 00 01047
000  00  022  0 0 037 00 00743
000  00  023  0 5 099 05 01605
000  00  024  0 1 045 01 01925
000  00  025  0 4 081 03 02007
000  00  026  0 2 055 02 04015
000  00  027  0 5 099 05 02328
000  00  028  0 2 055 02 01874
000  00  029  0 0 037 00 01280
000  00  030  0 1 045 01 00741
000  00  031  0 2 055 02 00754
000  00  032  0 7 148 07 00789
000  00  033  0 7 148 07 00760
000  00  034  0 6 121 06 01722
000  00  035  0 3 067 03 02478
000  00  036  0 6 121 06 01866
000  00  037  0 5 099 05 00925
000  00  038  0 4 081 04 01601
000  00  039  0 6 121 06 02319
000  00  040  0 1 045 01 02192
000  00  041  0 0 037 00 00653
000  00  042  0 6 121 06 01543
000  00  043  0 5 099 05 02231
000  00  044  0 1 045 01 01466
000  00  045  0 3 067 03 00884
000  00  046  0 5 099 05 02232
000  00  047  0 6 121 06 01570
000  00  048  0 4 081 04 01712
000  00  049  0 0 037 00 00914
000  00  050  0 3 067 03 01686
000  00  051  0 7 148 07 00711
000  00  052  0 0 037 00 00788
000  00  053  0 7 148 07 00664
000  00  054  0 2 055 02 01226
000  00  055  0 0 037 00 01093
000  00  056  0 2 055 01 02536
000  00  057  0 5 099 05 02620
000  00  058  0 0 037 00 01145
000  00  059  0 0 037 00 00747
000  01  000  0 4 081 03 01779
000  01  001  0 2 055 02 01376
000  01  002  0 4 081 03 02359
000  01  003  0 4 081 04 00770
000  01  004  0 2 055 03 00947
000  01  005  0 2 055 02 00834
000  01  006  0 7 148 07 00760
000  01  007  0 3 067 03 03892
000  01  008  0 3 067 03 00733
000  01  009  0 4 081 04 00803
000  01  010  0 6 121 06 01340
000  01  011  0 4 081 04 02241
000  01  012  0 7 148 07 00691
000  01  013  0 6 121 06 01182
000  01  014  0 5 099 05 00700
000  01  015  0 3 067 03 01100
000  01  016  0 7 148 07 00652
000  01  017  0 4 081 05 02095
000  01  018  0 1 045 01 01612
000  01  019  0 7 148 07 00697
000  01  020  0 3 067 03 02542
000  01  021  0 7 148 07 00590
000  01  022  0 4 081 04 02359
000  01  023  0 7 148 07 02137
000  01  024  0 3 067 03 04092
000  01  025  0 1 045 01 01160
000  01  026  0 6 121 06 03109
000  01  027  0 3 067 03 01482
000  01  028  0 4 081 03 00694
000  01  029  0 6 121 05 02125
000  01  030  0 2 055 02 01539
000  01  031  0 6 121 06 01970
000  01  032  0 1 045 01 03380
000  01  033  0 0 037 00 00689
000  01  034  0 0 037 00 00881
000  01  035  0 4 081 03 01367
000  01  036  0 3 067 03 01111
000  01  037  0 7 148 07 00612
000  01  038  0 2 055 02 01623
000  01  039  0 4 081 04 01706
000  01  040  0 3 067 04 01386
000  01  041  0 1 045 02 01944
000  01  042  0 1 045 00 01719
000  01  043  0 4 081 03 04370
000  01  044  0 3 067 04 01022
000  01  045  0 0 037 00 00919
000  01  046  0 1 045 01 00802
000  01  047  0 0 037 00 00706
000  01  048  0 1 045 01 00862
000  01  049  0 5 099 04 02011
000  01  050  0 6 121 07 01064
000  01  051  0 5 099 06 01278
000  01  052  0 1 045 01 01883
000  01  053  0 3 067 03 03658
000  01  054  0 4 081 04 00771
000  01  055  0 2 055 02 00843
000  01  056  0 0 037 00 00955
000  01  057  0 4 081 03 01030
000  01  058  0 5 099 05 01778
000  01  059  0 6 121 06 00715
000  02  000  0 7 148 07 00666
000  02  001  0 1 045 02 02989
000  02  002  0 1 045 01 01527
000  02  003  0 6 121 06 01324
000  02  004  0 6 121 06 00884
000  02  005  0 2 055 02 01488
000  02  006  0 5 099 05 02118
000  02  007  0 7 148 07 01019
000  02  008  0 5 099 05 01105
000  02  009  0 3 067 03 02344
000  02  010  0 1 045 01 01619
000  02  011  0 1 045 01 00747
000  02  012  0 0 037 00 00655
000  02  013  0 5 099 04 02723
000  02  014  0 6 121 06 00895
000  02  015  0 3 067 04 01975
000  02  016  0 0 037 01 03006
000  02  017  0 4 081 03 01434
000  02  018  0 2 055 03 01148
000  02  019  0 2 055 02 01312
000  02  020  0 1 045 01 01488
000  02  021  0 0 037 00 00698
000  02  022  0 2 055 01 00654
000  02  023  0 4 081 04 01309
000  02  024  0 2 055 03 00775
000  02  025  0 7 148 07 00850
000  02  026  0 2 055 02 02710
000  02  027  0 6 121 05 02462
000  02  028  0 7 148 07 00683
000  02  029  0 4 081 05 02041
000  02  030  0 3 067 03 01718
000  02  031  0 5 099 05 00899
000  02  032  0 0 037 01 01367
000  02  033  0 3 067 02 01102
000  02  034  0 1 045 00 00911
000  02  035  0 3 067 03 01856
000  02  036  0 6 121 06 02333
000  02  037  0 7 148 07 00916
000  02  038  0 7 148 07 00922
000  02  039  0 3 067 04 06998
000  02  040  0 7 148 07 00598
000  02  041  0 6 121 06 00748
000  02  042  0 3 067 04 01251
000  02  043  0 3 067 03 02258
000  02  044  0 2 055 02 00674
000  02  045  0 6 121 06 02340
000  02  046  0 3 067 04 02043
000  02  047  0 6 121 05 01690
000  02  048  0 5 099 05 01699
000  02  049  0 3 067 03 04143
000  02  050  0 1 045 01 01052
000  02  051  0 6 121 06 01739
000  02  052  0 4 081 04 01533
000  02  053  0 1 045 01 01461
000  02  054  0 7 148 07 00742
000  02  055  0 5 099 05 06051
000  02  056  0 7 148 07 00869
000  02  057  0 2 055 02 04713
000  02  058  0 0 037 00 01503
000  02  059  0 4 081 03 01357
000  03  000  0 1 045 01 02178
000  03  001  0 2 055 02 01407
000  03  002  0 5 099 04 03017
000  03  003  0 1 045 01 02959
000  03  004  0 5 099 04 03307
000  03  005  0 2 055 02 01332
000  03  006  0 1 045 01 00856
000  03  007  0 0 037 00 00850
000  03  008  0 7 148 07 00763
000  03  009  0 1 045 01 03112
000  03  010  0 0 037 00 00688
000  03  011  0 3 067 03 03237
000  03  012  0 7 148 07 00793
000  03  013  0 2 055 02 01847
000  03  014  0 2 055 02 00871
000  03  015  0 2 055 02 00721
000  03  016  0 6 121 06 02358
000  03  017  0 0 037 01 05256
000  03  018  0 6 121 06 02640
000  03  019  0 7 148 07 00842
000  03  020  0 0 037 01 01607
000  03  021  0 1 045 01 01212
000  03  022  0 1 045 01 01009
000  03  023  0 3 067 03 00985
000  03  024  0 5 099 05 01509
000  03  025  0 0 037 00 01315
000  03  026  0 0 037 00 00707
000  03  027  0 2 055 02 01923
000  03  028  0 1 045 01 00757
000  03  029  0 5 099 05 03376
000  03  030  0 7 148 07 00672
000  03  031  0 7 148 07 00643
000  03  032  0 4 081 04 05540
000  03  033  0 0 037 01 01390
000  03  034  0 4 081 03 01713
000  03  035  0 6 121 06 03176
000  03  036  0 5 099 05 00825
000  03  037  0 4 081 04 00886
000  03  038  0 7 148 07 00973
000  03  039  0 7 148 07 00722
000  03  040  0 6 121 06 00916
000  03  041  0 6 121 06 01283
000  03  042  0 4 081 04 01063
000  03  043  0 0 037 00 01572
000  03  044  0 7 148 07 00749
000  03  045  0 5 099 05 03096
000  03  046  0 0 037 01 01977
000  03  047  0 0 037 00 00713
000  03  048  0 4 081 03 01605
000  03  049  0 5 099 04 02100
000  03  050  0 1 045 01 02785
000  03  051  0 6 121 06 02235
000  03  052  0 7 148 07 00755
000  03  053  0 0 037 00 01166
000  03  054  0 7 148 07 00741
000  03  055  0 6 121 05 04152
000  03  056  0 0 037 00 01206
000  03  057  0 2 055 02 02483
000  03  058  0 4 081 04 01222
000  03  059  0 5 099 05 01747
000  04  000  0 5 099 05 03587
000  04  001  0 1 045 01 01920
000  04  002  0 4 081 04 03059
000  04  003  0 5 099 05 01037
000  04  004  0 1 045 01 02427
000  04  005  0 0 037 00 00850
000  04  006  0 4 081 03 02520
000  04  007  0 7 148 07 00674
000  04  008  0 7 148 06 01530
000  04  009  0 3 067 02 04080
000  04  010  0 6 121 06 02096
000  04  011  0 4 081 04 02998
000  04  012  0 1 045 01 03135
000  04  013  0 7 148 07 00864
000  04  014  0 5 099 05 02715
000  04  015  0 1 045 01 02743
000  04  016  0 3 067 03 01445
000  04  017  0 2 055 02 00877
000  04  018  0 0 037 00 00761
000  04  019  0 5 099 05 02415
000  04  020  0 5 099 05 00917
000  04  021  0 5 099 05 00849
000  04  022  0 3 067 04 00837
000  04  023  0 4 081 04 01381
000  04  024  0 0 037 00 02592
000  04  025  0 7 148 07 00690
000  04  026  0 5 099 05 04118
000  04  027  0 6 121 06 00838
000  04  028  0 7 148 07 00876
000  04  029  0 7 148 06 02210
000  04  030  0 2 055 03 02733
000  04  031  0 5 099 05 03084
000  04  032  0 6 121 06 01059
000  04  033  0 5 099 05 00931
000  04  034  0 5 099 05 00857
000  04  035  0 0 037 00 01588
000  04  036  0 2 055 02 02953
000  04  037  0 2 055 02 00835
000  04  038  0 7 148 07 00768
000  04  039  0 1 045 01 03585
000  04  040  0 1 045 01 02558
000  04  041  0 5 099 05 02263
000  04  042  0 6 121 06 00702
000  04  043  0 4 081 05 00882
000  04  044  0 3 067 03 02614
000  04  045  0 2 055 02 00898
000  04  046  0 2 055 02 00996
000  04  047  0 2 055 02 01668
000  04  048  0 0 037 00 01309
000  04  049  0 6 121 06 02203
000  04  050  0 4 081 04 03699
000  04  051  0 1 045 02 03221
000  04  052  0 2 055 02 01319
000  04  053  0 7 148 06 01116
000  04  054  0 2 055 02 01913
000  04  055  0 6 121 06 01362
000  04  056  0 0 037 00 03758
000  04  057  0 6 121 06 01601
000  04  058  0 4 081 04 01996
000  04  059  0 6 121 07 01256
000  05  000  0 4 081 05 03932
000  05  001  0 7 148 07 00690
000  05  002  0 0 037 01 02146
000  05  003  0 1 045 00 00830
000  05  004  0 3 067 02 01395
000  05  005  0 0 037 00 01828
000  05  006  0 0 037 00 00848
000  05  007  0 6 121 06 01400
000  05  008  0 5 099 04 01178
000  05  009  0 2 055 01 04486
000  05  010  0 5 099 04 02198
000  05  011  0 6 121 06 01517
000  05  012  0 2 055 02 02314
000  05  013  0 3 067 02 00867
000  05  014  0 3 067 03 01961
000  05  015  0 4 081 04 01403
000  05  016  0 2 055 03 00939
000  05  017  0 1 045 01 01363
000  05  018  0 3 067 04 01166
000  05  019  0 3 067 03 01647
000  05  020  0 2 055 02 01014
000  05  021  0 5 099 05 01569
000  05  022  0 0 037 00 01615
000  05  023  0 5 099 05 03007
000  05  024  0 4 081 04 01131
000  05  025  0 7 148 07 00639
000  05  026  0 4 081 04 02405
000  05  027  0 2 055 02 03064
000  05  028  0 1 045 01 01398
000  05  029  0 5 099 05 02730
000  05  030  0 1 045 01 01728
000  05  031  0 0 037 00 00803
000  05  032  0 1 045 01 01199
000  05  033  0 6 121 06 02825
000  05  034  0 2 055 02 02949
000  05  035  0 5 099 05 02082
000  05  036  0 5 099 05 02969
000  05  037  0 0 037 00 01793
000  05  038  0 0 037 00 01064
000  05  039  0 4 081 03 04793
000  05  040  0 6 121 06 01356
000  05  041  0 3 067 04 02420
000  05  042  0 2 055 02 01037
000  05  043  0 2 055 02 01598
000  05  044  0 3 067 03 01157
000  05  045  0 5 099 05 02813
000  05  046  0 3 067 04 00777
000  05  047  0 0 037 01 02470
000  05  048  0 6 121 06 01327
000  05  049  0 1 045 02 02417
000  05  050  0 3 067 02 01294
000  05  051  0 4 081 03 01352
000  05  052  0 2 055 03 00919
000  05  053  0 1 045 00 01830
000  05  054  0 3 067 02 01015
000  05  055  0 4 081 04 01387
000  05  056  0 3 067 03 02198
000  05  057  0 3 067 03 00790
000  05  058  0 4 081 04 00800
000  05  059  0 7 148 07 00829
