000  00  000  1 6 181 07 01093
000  00  001  1 1 067 01 02276
000  00  002  1 7 221 07 00942
000  00  003  1 3 099 03 07057
000  00  004  1 7 221 06 01874
000  00  005  1 7 221 06 01279
000  00  006  1 5 148 04 01539
000  00  007  1 5 148 05 01956
000  00  008  1 3 099 03 01228
000  00  009  1 4 121 04 00753
000  00  010  1 2 081 01 01250
000  00  011  1 1 067 00 01362
000  00  012  1 6 181 06 00999
000  00  013  1 3 099 03 01523
000  00  014  1 3 099 03 02383
000  00  015  1 6 181 06 00995
000  00  016  1 1 067 00 02113
000  00  017  1 4 121 03 01421
000  00  018  1 7 221 07 00643
000  00  019  1 6 181 06 00732
000  00  020  1 4 121 04 01468
000  00  021  1 0 055 00 01198
000  00  022  1 0 055 00 00853
000  00  023  1 5 148 05 02212
000  00  024  1 1 067 01 01772
000  00  025  1 4 121 04 01347
000  00  026  1 2 081 03 01881
000  00  027  1 5 148 06 01049
000  00  028  1 2 081 02 03697
000  00  029  1 0 055 00 01701
000  00  030  1 1 067 01 00932
000  00  031  1 2 081 03 01773
000  00  032  1 7 221 07 00948
000  00  033  1 7 221 07 00728
000  00  034  1 6 181 06 01225
000  00  035  1 3 099 03 01429
000  00  036  1 6 181 06 01231
000  00  037  1 5 148 05 01502
000  00  038  1 4 121 04 00828
000  00  039  1 6 181 06 02457
000  00  040  1 1 067 02 01625
000  00  041  1 0 055 00 00803
000  00  042  1 6 181 06 01103
000  00  043  1 5 148 05 00813
000  00  044  1 1 067 02 01789
000  00  045  1 3 099 03 01222
000  00  046  1 5 148 05 02099
000  00  047  1 6 181 06 00786
000  00  048  1 4 121 04 02930
000  00  049  1 0 055 01 01980
000  00  050  1 3 099 03 01685
000  00  051  1 7 221 07 00756
000  00  052  1 0 055 00 00855
000  00  053  1 7 221 07 00633
000  00  054  1 2 081 02 01432
000  00  055  1 0 055 01 02615
000  00  056  1 2 081 01 00775
000  00  057  1 5 148 05 01819
000  00  058  1 0 055 00 01303
000  00  059  1 0 055 00 00859
000  01  000  1 4 121 04 02711
000  01  001  1 2 081 03 00942
000  01  002  1 4 121 04 01276
000  01  003  1 4 121 04 00801
000  01  004  1 2 081 03 00897
000  01  005  1 2 081 02 00779
000  01  006  1 7 221 07 00665
000  01  007  1 3 099 03 01701
000  01  008  1 3 099 03 00795
000  01  009  1 4 121 04 00756
000  01  010  1 6 181 06 01200
000  01  011  1 4 121 05 02562
000  01  012  1 7 221 07 00639
000  01  013  1 6 181 06 01505
000  01  014  1 5 148 05 01047
000  01  015  1 3 099 03 01033
000  01  016  1 7 221 07 00671
000  01  017  1 4 121 04 01946
000  01  018  1 1 067 01 01754
000  01  019  1 7 221 07 00711
000  01  020  1 3 099 04 02898
000  01  021  1 7 221 07 00679
000  01  022  1 4 121 03 00870
000  01  023  1 7 221 07 00569
000  01  024  1 3 099 03 01249
000  01  025  1 1 067 01 01820
000  01  026  1 6 181 06 01121
000  01  027  1 3 099 03 03754
000  01  028  1 4 121 04 01042
000  01  029  1 6 181 06 01202
000  01  030  1 2 081 02 01494
000  01  031  1 6 181 06 00934
000  01  032  1 1 067 02 02806
000  01  033  1 0 055 00 00984
000  01  034  1 0 055 00 01298
000  01  035  1 4 121 04 03100
000  01  036  1 3 099 04 00943
000  01  037  1 7 221 07 00666
000  01  038  1 2 081 01 03999
000  01  039  1 4 121 03 02243
000  01  040  1 3 099 04 00830
000  01  041  1 1 067 01 01188
000  01  042  1 1 067 01 00650
000  01  043  1 4 121 04 01835
000  01  044  1 3 099 04 00803
000  01  045  1 0 055 00 01475
000  01  046  1 1 067 00 00668
000  01  047  1 0 055 00 00716
000  01  048  1 1 067 01 00920
000  01  049  1 5 148 05 02496
000  01  050  1 6 181 06 00737
000  01  051  1 5 148 05 00756
000  01  052  1 1 067 01 01839
000  01  053  1 3 099 03 03792
000  01  054  1 4 121 04 00984
000  01  055  1 2 081 03 00681
000  01  056  1 0 055 01 01001
000  01  057  1 4 121 04 02021
000  01  058  1 5 148 05 01459
000  01  059  1 6 181 07 00650
000  02  000  1 7 221 07 00690
000  02  001  1 1 067 01 02245
000  02  002  1 1 067 01 00996
000  02  003  1 6 181 06 01052
000  02  004  1 6 181 07 01191
000  02  005  1 2 081 02 02381
000  02  006  1 5 148 05 02006
000  02  007  1 7 221 07 00885
000  02  008  1 5 148 05 00873
000  02  009  1 3 099 03 02211
000  02  010  1 1 067 02 01258
000  02  011  1 1 067 01 00979
000  02  012  1 0 055 00 00992
000  02  013  1 5 148 05 02869
000  02  014  1 6 181 06 00770
000  02  015  1 3 099 03 02574
000  02  016  1 0 055 01 02456
000  02  017  1 4 121 04 01502
000  02  018  1 2 081 02 01722
000  02  019  1 2 081 02 00735
000  02  020  1 1 067 01 01065
000  02  021  1 0 055 00 00939
000  02  022  1 2 081 02 03427
000  02  023  1 4 121 04 01345
000  02  024  1 2 081 03 01152
000  02  025  1 7 221 07 00788
000  02  026  1 2 081 02 01868
000  02  027  1 6 181 06 00862
000  02  028  1 7 221 07 00764
000  02  029  1 4 121 04 02783
000  02  030  1 3 099 03 01082
000  02  031  1 5 148 04 00964
000  02  032  1 0 055 00 02997
000  02  033  1 3 099 03 02606
000  02  034  1 1 067 01 04828
000  02  035  1 3 099 04 01938
000  02  036  1 6 181 06 01160
000  02  037  1 7 221 07 01329
000  02  038  1 7 221 07 00731
000  02  039  1 3 099 04 01643
000  02  040  1 7 221 07 00644
000  02  041  1 6 181 06 00834
000  02  042  1 3 099 04 01024
000  02  043  1 3 099 04 01001
000  02  044  1 2 081 02 01328
000  02  045  1 6 181 05 02326
000  02  046  1 3 099 03 02536
000  02  047  1 6 181 06 01073
000  02  048  1 5 148 05 01279
000  02  049  1 3 099 04 00869
000  02  050  1 1 067 02 01564
000  02  051  1 6 181 06 01034
000  02  052  1 4 121 04 02314
000  02  053  1 1 067 02 03793
000  02  054  1 7 221 07 00692
000  02  055  1 5 148 05 02260
000  02  056  1 7 221 07 00710
000  02  057  1 2 081 03 01567
000  02  058  1 0 055 01 01343
000  02  059  1 4 121 03 02865
000  03  000  1 1 067 02 01465
000  03  001  1 2 081 02 01643
000  03  002  1 5 148 05 03818
000  03  003  1 1 067 01 02785
000  03  004  1 5 148 05 02268
000  03  005  1 2 081 02 02203
000  03  006  1 1 067 01 01187
000  03  007  1 0 055 00 00817
000  03  008  1 7 221 07 01743
000  03  009  1 1 067 01 02593
000  03  010  1 0 055 00 01103
000  03  011  1 3 099 03 02092
000  03  012  1 7 221 06 01046
000  03  013  1 2 081 02 03432
000  03  014  1 2 081 02 00823
000  03  015  1 2 081 02 00712
000  03  016  1 6 181 06 01881
000  03  017  1 0 055 01 01560
000  03  018  1 6 181 06 01993
000  03  019  1 7 221 07 00674
000  03  020  1 0 055 00 01465
000  03  021  1 1 067 02 01811
000  03  022  1 1 067 01 01676
000  03  023  1 3 099 02 02487
000  03  024  1 5 148 05 01326
000  03  025  1 0 055 00 01549
000  03  026  1 0 055 00 00770
000  03  027  1 2 081 02 01351
000  03  028  1 1 067 02 01749
000  03  029  1 5 148 05 01674
000  03  030  1 7 221 07 00848
000  03  031  1 7 221 07 00691
000  03  032  1 4 121 05 00780
000  03  033  1 0 055 00 01946
000  03  034  1 4 121 04 04074
000  03  035  1 6 181 05 01571
000  03  036  1 5 148 05 01058
000  03  037  1 4 121 04 00994
000  03  038  1 7 221 07 00705
000  03  039  1 7 221 07 00685
000  03  040  1 6 181 06 00845
000  03  041  1 6 181 06 01990
000  03  042  1 4 121 04 00939
000  03  043  1 0 055 00 03010
000  03  044  1 7 221 07 00650
000  03  045  1 5 148 05 01654
000  03  046  1 0 055 01 01896
000  03  047  1 0 055 00 01538
000  03  048  1 4 121 04 02179
000  03  049  1 5 148 05 02300
000  03  050  1 1 067 02 02103
000  03  051  1 6 181 06 02288
000  03  052  1 7 221 07 00677
000  03  053  1 0 055 00 01598
000  03  054  1 7 221 07 00895
000  03  055  1 6 181 06 02816
000  03  056  1 0 055 00 02262
000  03  057  1 2 081 02 02250
000  03  058  1 4 121 04 01945
000  03  059  1 5 148 05 00904
000  04  000  1 5 148 05 02124
000  04  001  1 1 067 02 02663
000  04  002  1 4 121 03 01779
000  04  003  1 5 148 05 01553
000  04  004  1 1 067 01 01907
000  04  005  1 0 055 00 00782
000  04  006  1 4 121 03 01988
000  04  007  1 7 221 07 00923
000  04  008  1 7 221 07 00924
000  04  009  1 3 099 03 01754
000  04  010  1 6 181 06 01666
000  04  011  1 4 121 04 01360
000  04  012  1 1 067 01 02143
000  04  013  1 7 221 07 00996
000  04  014  1 5 148 05 02288
000  04  015  1 1 067 01 02182
000  04  016  1 3 099 02 01063
000  04  017  1 2 081 02 02519
000  04  018  1 0 055 01 00902
000  04  019  1 5 148 05 04180
000  04  020  1 5 148 05 00935
000  04  021  1 5 148 05 00634
000  04  022  1 3 099 04 00851
000  04  023  1 4 121 04 01445
000  04  024  1 0 055 00 01403
000  04  025  1 7 221 07 00919
000  04  026  1 5 148 05 01891
000  04  027  1 6 181 06 01036
000  04  028  1 7 221 07 00713
000  04  029  1 7 221 07 00676
000  04  030  1 2 081 02 02587
000  04  031  1 5 148 05 02561
000  04  032  1 6 181 06 01383
000  04  033  1 5 148 05 01171
000  04  034  1 5 148 05 00868
000  04  035  1 0 055 00 01802
000  04  036  1 2 081 02 01231
000  04  037  1 2 081 02 02032
000  04  038  1 7 221 07 01628
000  04  039  1 1 067 01 03721
000  04  040  1 1 067 01 00768
000  04  041  1 5 148 05 02528
000  04  042  1 6 181 06 01005
000  04  043  1 4 121 04 03004
000  04  044  1 3 099 03 03106
000  04  045  1 2 081 02 01054
000  04  046  1 2 081 02 00842
000  04  047  1 2 081 02 00728
000  04  048  1 0 055 00 02602
000  04  049  1 6 181 06 02707
000  04  050  1 4 121 04 01362
000  04  051  1 1 067 01 01940
000  04  052  1 2 081 01 01858
000  04  053  1 7 221 07 00831
000  04  054  1 2 081 02 04143
000  04  055  1 6 181 06 01068
000  04  056  1 0 055 00 02732
000  04  057  1 6 181 06 01241
000  04  058  1 4 121 04 02588
000  04  059  1 6 181 07 00951
000  05  000  1 4 121 04 05974
000  05  001  1 7 221 07 00810
000  05  002  1 0 055 00 04296
000  05  003  1 1 067 01 01021
000  05  004  1 3 099 03 01785
000  05  005  1 0 055 00 01738
000  05  006  1 0 055 00 00743
000  05  007  1 6 181 06 01762
000  05  008  1 5 148 05 01368
000  05  009  1 2 081 03 03575
000  05  010  1 5 148 06 01710
000  05  011  1 6 181 06 01465
000  05  012  1 2 081 03 03426
000  05  013  1 3 099 03 01412
000  05  014  1 3 099 03 01243
000  05  015  1 4 121 04 01108
000  05  016  1 2 081 03 01026
000  05  017  1 1 067 01 01616
000  05  018  1 3 099 03 01713
000  05  019  1 3 099 03 00800
000  05  020  1 2 081 03 01681
000  05  021  1 5 148 05 01737
000  05  022  1 0 055 00 01337
000  05  023  1 5 148 05 03014
000  05  024  1 4 121 04 01276
000  05  025  1 7 221 07 00703
000  05  026  1 4 121 05 01763
000  05  027  1 2 081 02 03408
000  05  028  1 1 067 01 01038
000  05  029  1 5 148 05 02858
000  05  030  1 1 067 01 03422
000  05  031  1 0 055 00 01030
000  05  032  1 1 067 00 00641
000  05  033  1 6 181 06 01061
000  05  034  1 2 081 02 02462
000  05  035  1 5 148 05 01909
000  05  036  1 5 148 05 02572
000  05  037  1 0 055 01 02327
000  05  038  1 0 055 00 00847
000  05  039  1 4 121 04 06761
000  05  040  1 6 181 06 01644
000  05  041  1 3 099 03 03130
000  05  042  1 2 081 02 01266
000  05  043  1 2 081 02 04065
000  05  044  1 3 099 03 01195
000  05  045  1 5 148 05 04150
000  05  046  1 3 099 04 01330
000  05  047  1 0 055 00 01617
000  05  048  1 6 181 06 01179
000  05  049  1 1 067 01 02586
000  05  050  1 3 099 03 01383
000  05  051  1 4 121 05 01763
000  05  052  1 2 081 02 01748
000  05  053  1 1 067 01 02407
000  05  054  1 3 099 02 01741
000  05  055  1 4 121 04 01440
000  05  056  1 3 099 03 01248
000  05  057  1 3 099 03 00886
000  05  058  1 4 121 04 01011
000  05  059  1 7 221 07 00858
