001  00  000  1 6 181 06 02786
001  00  001  1 1 067 01 03155
001  00  002  1 7 221 07 01369
001  00  003  1 3 099 03 03371
001  00  004  1 7 221 07 01293
001  00  005  1 7 221 07 01636
001  00  006  1 5 148 05 05557
001  00  007  1 5 148 05 01145
001  00  008  1 3 099 03 02793
001  00  009  1 4 121 04 01305
001  00  010  1 2 081 01 03631
001  00  011  1 1 067 01 01991
001  00  012  1 6 181 06 01658
001  00  013  1 3 099 03 02833
001  00  014  1 3 099 03 00993
001  00  015  1 6 181 06 01338
001  00  016  1 1 067 01 06892
001  00  017  1 4 121 04 03081
001  00  018  1 7 221 07 01192
001  00  019  1 6 181 06 01228
001  00  020  1 4 121 04 03664
001  00  021  1 0 055 00 01331
001  00  022  1 0 055 00 00757
001  00  023  1 5 148 05 07034
001  00  024  1 1 067 01 01553
001  00  025  1 4 121 04 10647
001  00  026  1 2 081 02 03322
001  00  027  1 5 148 05 05677
001  00  028  1 2 081 02 04817
001  00  029  1 0 055 00 00945
001  00  030  1 1 067 01 02378
001  00  031  1 2 081 02 01832
001  00  032  1 7 221 07 01270
001  00  033  1 7 221 07 01304
001  00  034  1 6 181 06 01360
001  00  035  1 3 099 03 07320
001  00  036  1 6 181 06 02221
001  00  037  1 5 148 05 04456
001  00  038  1 4 121 04 01313
001  00  039  1 6 181 06 01122
001  00  040  1 1 067 01 03049
001  00  041  1 0 055 00 00742
001  00  042  1 6 181 06 01631
001  00  043  1 5 148 05 01592
001  00  044  1 1 067 01 01639
001  00  045  1 3 099 03 05784
001  00  046  1 5 148 05 07407
001  00  047  1 6 181 06 00916
001  00  048  1 4 121 04 04384
001  00  049  1 0 055 00 01472
001  00  050  1 3 099 03 10385
001  00  051  1 7 221 07 01093
001  00  052  1 0 055 00 03863
001  00  053  1 7 221 07 01195
001  00  054  1 2 081 02 08263
001  00  055  1 0 055 00 00928
001  00  056  1 2 081 01 01060
001  00  057  1 5 148 05 06032
001  00  058  1 0 055 00 01350
001  00  059  1 0 055 00 02497
001  01  000  1 4 121 04 03712
001  01  001  1 2 081 02 04301
001  01  002  1 4 121 04 01936
001  01  003  1 4 121 04 02198
001  01  004  1 2 081 02 03960
001  01  005  1 2 081 02 00819
001  01  006  1 7 221 07 02105
001  01  007  1 3 099 03 01695
001  01  008  1 3 099 03 01070
001  01  009  1 4 121 04 01949
001  01  010  1 6 181 06 01267
001  01  011  1 4 121 04 02190
001  01  012  1 7 221 07 01336
001  01  013  1 6 181 06 01230
001  01  014  1 5 148 05 02555
001  01  015  1 3 099 03 03136
001  01  016  1 7 221 07 06243
001  01  017  1 4 121 05 02053
001  01  018  1 1 067 01 06317
001  01  019  1 7 221 07 01889
001  01  020  1 3 099 03 06597
001  01  021  1 7 221 07 01175
001  01  022  1 4 121 05 02920
001  01  023  1 7 221 07 01320
001  01  024  1 3 099 03 09758
001  01  025  1 1 067 01 02910
001  01  026  1 6 181 06 02378
001  01  027  1 3 099 04 01909
001  01  028  1 4 121 04 01450
001  01  029  1 6 181 06 02787
001  01  030  1 2 081 02 03297
001  01  031  1 6 181 06 01417
001  01  032  1 1 067 01 03679
001  01  033  1 0 055 00 00959
001  01  034  1 0 055 00 00742
001  01  035  1 4 121 04 03176
001  01  036  1 3 099 03 01434
001  01  037  1 7 221 07 01537
001  01  038  1 2 081 02 09026
001  01  039  1 4 121 04 07248
001  01  040  1 3 099 03 00819
001  01  041  1 1 067 01 01272
001  01  042  1 1 067 01 01728
001  01  043  1 4 121 04 02522
001  01  044  1 3 099 03 06409
001  01  045  1 0 055 00 02078
001  01  046  1 1 067 01 03353
001  01  047  1 0 055 00 01271
001  01  048  1 1 067 01 00743
001  01  049  1 5 148 05 07816
001  01  050  1 6 181 06 01620
001  01  051  1 5 148 05 01606
001  01  052  1 1 067 01 02829
001  01  053  1 3 099 03 05071
001  01  054  1 4 121 04 02459
001  01  055  1 2 081 02 02440
001  01  056  1 0 055 00 01569
001  01  057  1 4 121 04 08230
001  01  058  1 5 148 05 01795
001  01  059  1 6 181 06 01767
001  02  000  1 7 221 07 01612
001  02  001  1 1 067 01 04033
001  02  002  1 1 067 01 00800
001  02  003  1 6 181 06 02547
001  02  004  1 6 181 06 00711
001  02  005  1 2 081 02 02538
001  02  006  1 5 148 05 06617
001  02  007  1 7 221 07 01379
001  02  008  1 5 148 05 12808
001  02  009  1 3 099 04 02574
001  02  010  1 1 067 01 06190
001  02  011  1 1 067 01 00684
001  02  012  1 0 055 00 00669
001  02  013  1 5 148 05 02514
001  02  014  1 6 181 06 01136
001  02  015  1 3 099 03 04332
001  02  016  1 0 055 01 02092
001  02  017  1 4 121 04 03146
001  02  018  1 2 081 03 01306
001  02  019  1 2 081 02 01386
001  02  020  1 1 067 01 01937
001  02  021  1 0 055 00 00673
001  02  022  1 2 081 02 02587
001  02  023  1 4 121 04 03618
001  02  024  1 2 081 02 02744
001  02  025  1 7 221 07 01456
001  02  026  1 2 081 02 08521
001  02  027  1 6 181 06 01409
001  02  028  1 7 221 07 03564
001  02  029  1 4 121 04 02592
001  02  030  1 3 099 03 01881
001  02  031  1 5 148 05 04731
001  02  032  1 0 055 00 01592
001  02  033  1 3 099 02 01617
001  02  034  1 1 067 01 01390
001  02  035  1 3 099 03 02096
001  02  036  1 6 181 06 04898
001  02  037  1 7 221 07 01028
001  02  038  1 7 221 07 03596
001  02  039  1 3 099 03 07794
001  02  040  1 7 221 07 01895
001  02  041  1 6 181 06 01566
001  02  042  1 3 099 02 11516
001  02  043  1 3 099 03 02254
001  02  044  1 2 081 02 01155
001  02  045  1 6 181 06 01827
001  02  046  1 3 099 03 03096
001  02  047  1 6 181 06 01154
001  02  048  1 5 148 05 04136
001  02  049  1 3 099 03 03185
001  02  050  1 1 067 01 02564
001  02  051  1 6 181 06 01224
001  02  052  1 4 121 05 02969
001  02  053  1 1 067 01 06157
001  02  054  1 7 221 07 02530
001  02  055  1 5 148 05 01787
001  02  056  1 7 221 07 05561
001  02  057  1 2 081 02 03321
001  02  058  1 0 055 00 01046
001  02  059  1 4 121 04 04084
001  03  000  1 1 067 02 07158
001  03  001  1 2 081 02 01698
001  03  002  1 5 148 05 01582
001  03  003  1 1 067 01 03157
001  03  004  1 5 148 05 02575
001  03  005  1 2 081 02 03882
001  03  006  1 1 067 01 01365
001  03  007  1 0 055 00 00899
001  03  008  1 7 221 07 01172
001  03  009  1 1 067 01 03118
001  03  010  1 0 055 00 09673
001  03  011  1 3 099 03 02019
001  03  012  1 7 221 06 01459
001  03  013  1 2 081 03 05789
001  03  014  1 2 081 02 01776
001  03  015  1 2 081 02 00904
001  03  016  1 6 181 06 01338
001  03  017  1 0 055 00 01370
001  03  018  1 6 181 06 03756
001  03  019  1 7 221 07 00914
001  03  020  1 0 055 00 01247
001  03  021  1 1 067 01 01243
001  03  022  1 1 067 01 01460
001  03  023  1 3 099 03 02419
001  03  024  1 5 148 05 02967
001  03  025  1 0 055 01 07494
001  03  026  1 0 055 00 00815
001  03  027  1 2 081 02 02599
001  03  028  1 1 067 01 01342
001  03  029  1 5 148 05 02522
001  03  030  1 7 221 07 01284
001  03  031  1 7 221 07 01432
001  03  032  1 4 121 04 07822
001  03  033  1 0 055 00 01588
001  03  034  1 4 121 04 02627
001  03  035  1 6 181 06 01406
001  03  036  1 5 148 05 01211
001  03  037  1 4 121 04 03474
001  03  038  1 7 221 07 01956
001  03  039  1 7 221 07 01212
001  03  040  1 6 181 06 01057
001  03  041  1 6 181 06 11076
001  03  042  1 4 121 04 02620
001  03  043  1 0 055 00 01610
001  03  044  1 7 221 07 02456
001  03  045  1 5 148 05 01504
001  03  046  1 0 055 00 01179
001  03  047  1 0 055 00 00683
001  03  048  1 4 121 03 03371
001  03  049  1 5 148 05 01362
001  03  050  1 1 067 01 01666
001  03  051  1 6 181 06 09423
001  03  052  1 7 221 07 00809
001  03  053  1 0 055 00 01141
001  03  054  1 7 221 07 01326
001  03  055  1 6 181 06 01056
001  03  056  1 0 055 00 09472
001  03  057  1 2 081 02 05217
001  03  058  1 4 121 04 02970
001  03  059  1 5 148 05 02069
001  04  000  1 5 148 05 10910
001  04  001  1 1 067 01 04854
001  04  002  1 4 121 04 02352
001  04  003  1 5 148 05 01180
001  04  004  1 1 067 01 01268
001  04  005  1 0 055 00 00961
001  04  006  1 4 121 04 03527
001  04  007  1 7 221 07 02023
001  04  008  1 7 221 07 01928
001  04  009  1 3 099 03 03886
001  04  010  1 6 181 06 01586
001  04  011  1 4 121 04 03097
001  04  012  1 1 067 01 01962
001  04  013  1 7 221 07 01644
001  04  014  1 5 148 05 02352
001  04  015  1 1 067 01 01659
001  04  016  1 3 099 02 03287
001  04  017  1 2 081 02 01446
001  04  018  1 0 055 00 00936
001  04  019  1 5 148 05 07331
001  04  020  1 5 148 05 02136
001  04  021  1 5 148 04 00744
001  04  022  1 3 099 03 03921
001  04  023  1 4 121 04 01859
001  04  024  1 0 055 00 01169
001  04  025  1 7 221 07 13992
001  04  026  1 5 148 05 18762
001  04  027  1 6 181 06 01015
001  04  028  1 7 221 07 00877
001  04  029  1 7 221 07 01094
001  04  030  1 2 081 02 02621
001  04  031  1 5 148 05 06264
001  04  032  1 6 181 06 01117
001  04  033  1 5 148 05 02694
001  04  034  1 5 148 05 00717
001  04  035  1 0 055 00 01335
001  04  036  1 2 081 02 02802
001  04  037  1 2 081 02 01739
001  04  038  1 7 221 07 01423
001  04  039  1 1 067 01 02132
001  04  040  1 1 067 01 00847
001  04  041  1 5 148 05 02524
001  04  042  1 6 181 06 01028
001  04  043  1 4 121 05 01078
001  04  044  1 3 099 03 01405
001  04  045  1 2 081 02 02091
001  04  046  1 2 081 02 00625
001  04  047  1 2 081 02 00736
001  04  048  1 0 055 00 01130
001  04  049  1 6 181 06 02355
001  04  050  1 4 121 04 05742
001  04  051  1 1 067 01 01369
001  04  052  1 2 081 01 00822
001  04  053  1 7 221 07 01391
001  04  054  1 2 081 02 02897
001  04  055  1 6 181 06 03430
001  04  056  1 0 055 00 06143
001  04  057  1 6 181 06 04371
001  04  058  1 4 121 04 02429
001  04  059  1 6 181 06 01453
001  05  000  1 4 121 04 08329
001  05  001  1 7 221 07 01255
001  05  002  1 0 055 00 01322
001  05  003  1 1 067 01 01114
001  05  004  1 3 099 03 02269
001  05  005  1 0 055 00 01116
001  05  006  1 0 055 00 00754
001  05  007  1 6 181 06 05101
001  05  008  1 5 148 05 02078
001  05  009  1 2 081 02 03249
001  05  010  1 5 148 04 01534
001  05  011  1 6 181 06 01540
001  05  012  1 2 081 02 01608
001  05  013  1 3 099 03 02515
001  05  014  1 3 099 03 03347
001  05  015  1 4 121 04 01767
001  05  016  1 2 081 02 01951
001  05  017  1 1 067 02 01078
001  05  018  1 3 099 03 02340
001  05  019  1 3 099 03 02149
001  05  020  1 2 081 02 01134
001  05  021  1 5 148 05 04980
001  05  022  1 0 055 00 04330
001  05  023  1 5 148 04 02363
001  05  024  1 4 121 04 03450
001  05  025  1 7 221 07 01053
001  05  026  1 4 121 04 03221
001  05  027  1 2 081 02 02640
001  05  028  1 1 067 01 01214
001  05  029  1 5 148 05 03634
001  05  030  1 1 067 01 01383
001  05  031  1 0 055 00 00934
001  05  032  1 1 067 01 01111
001  05  033  1 6 181 06 02717
001  05  034  1 2 081 02 02198
001  05  035  1 5 148 05 03349
001  05  036  1 5 148 05 01148
001  05  037  1 0 055 00 02196
001  05  038  1 0 055 00 00981
001  05  039  1 4 121 03 03019
001  05  040  1 6 181 06 01335
001  05  041  1 3 099 03 07712
001  05  042  1 2 081 03 01626
001  05  043  1 2 081 02 01311
001  05  044  1 3 099 03 01083
001  05  045  1 5 148 05 05264
001  05  046  1 3 099 04 06808
001  05  047  1 0 055 00 02231
001  05  048  1 6 181 06 04195
001  05  049  1 1 067 01 03132
001  05  050  1 3 099 03 02254
001  05  051  1 4 121 04 01353
001  05  052  1 2 081 02 03407
001  05  053  1 1 067 01 01457
001  05  054  1 3 099 03 03983
001  05  055  1 4 121 04 00981
001  05  056  1 3 099 03 01467
001  05  057  1 3 099 03 01311
001  05  058  1 4 121 04 01367
001  05  059  1 7 221 07 01221
