007 0 00 1 5 8 4 0 0 0.807945 0
007 0 01 1 3 3 8 1 1 0.684101 0
007 0 02 1 1 7 6 1 1 0.911444 0
007 0 03 1 1 6 4 0 0 0.565021 0
007 0 04 1 3 8 7 1 1 0.791396 0
007 0 05 1 3 8 7 1 1 0.528481 0
007 0 06 1 3 8 4 0 0 0.864531 0
007 0 07 1 5 7 6 1 1 0.638018 0
007 0 08 1 5 4 3 0 0 0.472693 0
007 0 09 1 5 3 6 1 1 0.552971 0
007 0 10 1 3 3 4 0 0 0.643180 0
007 0 11 1 3 4 6 1 1 0.704637 0
007 0 12 1 5 6 8 1 1 0.518999 0
007 0 13 1 5 2 4 0 0 0.786742 0
007 0 14 1 5 8 3 0 0 1.150371 0
007 0 15 1 3 8 2 0 0 0.531641 0
007 0 16 1 3 8 3 0 0 0.478274 0
007 0 17 1 5 2 7 1 1 0.586443 0
007 0 18 1 1 7 2 0 0 0.439433 0
007 0 19 1 1 2 3 0 0 0.431801 0
007 0 20 1 1 3 4 0 0 0.508846 0
007 0 21 1 1 8 4 0 0 0.448143 0
007 0 22 1 5 2 8 1 1 0.483309 0
007 0 23 1 3 7 3 0 0 0.425243 0
007 0 24 1 5 4 3 0 0 0.330169 0
007 0 25 1 1 6 7 1 1 0.458344 0
007 0 26 1 3 4 2 0 0 0.408963 0
007 0 27 1 3 6 3 0 0 0.374288 0
007 0 28 1 3 2 3 0 0 0.395122 0
007 0 29 1 5 4 6 1 1 0.450510 0
007 0 30 1 1 8 4 0 0 0.422954 0
007 0 31 1 3 8 2 0 0 0.467097 0
007 0 32 1 5 4 7 1 1 0.428421 0
007 0 33 1 3 3 2 0 0 0.403836 0
007 0 34 1 3 4 3 0 0 0.407410 0
007 0 35 1 5 4 8 1 1 0.476163 0
007 0 36 1 5 8 7 1 1 0.523848 0
007 0 37 1 1 7 4 0 0 0.445812 0
007 0 38 1 5 8 4 0 0 0.399034 0
007 0 39 1 5 4 2 0 0 0.385676 0
007 0 40 1 3 6 2 0 0 0.435626 0
007 0 41 1 5 8 3 0 0 0.410758 0
007 0 42 1 3 4 8 1 1 0.386675 0
007 0 43 1 5 6 7 1 1 0.392630 0
007 0 44 1 3 3 7 1 1 0.564735 0
007 0 45 1 3 4 8 1 1 0.409242 0
007 0 46 1 3 6 2 0 0 0.379349 0
007 0 47 1 1 8 2 0 0 0.389249 0
007 0 48 1 1 2 8 1 1 0.453594 0
007 0 49 1 5 3 7 1 1 0.430704 0
007 0 50 1 3 3 2 0 0 0.400764 0
007 0 51 1 1 2 8 1 1 0.369519 0
007 0 52 1 3 2 6 1 1 0.659309 0
007 0 53 1 1 3 2 0 0 0.415224 0
007 0 54 1 1 4 2 0 0 0.378078 0
007 0 55 1 1 8 6 1 1 0.377198 0
007 0 56 1 5 3 6 1 1 0.372512 0
007 0 57 1 5 6 3 0 0 0.416937 0
007 0 58 1 3 2 4 0 0 0.392749 0
007 0 59 1 5 2 8 1 1 0.389988 0
007 1 00 1 3 3 7 1 1 0.489435 0
007 1 01 1 1 2 8 1 1 0.638539 0
007 1 02 1 3 8 7 1 1 0.549962 0
007 1 03 1 1 8 7 1 1 0.469496 0
007 1 04 1 5 8 4 0 0 0.511991 0
007 1 05 1 1 4 8 1 1 0.426516 0
007 1 06 1 3 7 2 0 0 0.399261 0
007 1 07 1 3 7 8 1 1 0.367430 0
007 1 08 1 1 7 6 1 1 0.564524 0
007 1 09 1 3 8 4 0 0 0.487886 0
007 1 10 1 5 2 4 0 0 0.462065 0
007 1 11 1 3 2 7 1 1 0.494074 0
007 1 12 1 1 2 3 0 0 0.397738 0
007 1 13 1 3 8 6 1 1 0.373902 0
007 1 14 1 5 2 3 0 0 0.610846 0
007 1 15 1 1 3 4 0 0 0.710852 0
007 1 16 1 1 6 2 0 0 0.446788 0
007 1 17 1 5 3 8 1 1 0.462650 0
007 1 18 1 3 2 6 1 1 0.557166 0
007 1 19 1 5 2 3 0 0 0.497567 0
007 1 20 1 3 4 7 1 1 0.542692 0
007 1 21 1 5 3 4 0 0 0.594489 0
007 1 22 1 1 4 8 1 1 0.428279 0
007 1 23 1 1 7 8 1 1 0.447439 0
007 1 24 1 1 2 7 1 1 0.724711 0
007 1 25 1 5 2 3 0 0 0.413232 0
007 1 26 1 5 4 8 1 1 0.435081 0
007 1 27 1 3 3 8 1 1 0.585247 0
007 1 28 1 3 8 6 1 1 0.508963 0
007 1 29 1 3 7 6 1 1 0.393223 0
007 1 30 1 5 4 8 1 1 0.513539 0
007 1 31 1 3 7 6 1 1 0.370271 0
007 1 32 1 1 4 2 0 0 0.401875 0
007 1 33 1 5 4 2 0 0 0.388521 0
007 1 34 1 5 3 4 0 0 0.457342 0
007 1 35 1 1 8 3 0 0 0.449238 0
007 1 36 1 3 7 8 1 1 0.427484 0
007 1 37 1 5 8 2 0 0 0.416317 0
007 1 38 1 5 2 8 1 1 0.468465 0
007 1 39 1 1 3 6 1 1 0.550427 0
007 1 40 1 3 3 6 1 1 0.458553 0
007 1 41 1 5 6 2 0 0 0.381479 0
007 1 42 1 3 6 4 0 0 0.475295 0
007 1 43 1 3 6 8 1 1 0.395877 0
007 1 44 1 1 2 3 0 0 0.397432 0
007 1 45 1 1 4 3 0 0 0.413111 0
007 1 46 1 5 7 2 0 0 0.445968 0
007 1 47 1 3 8 4 0 0 0.663589 0
007 1 48 1 1 8 7 1 1 0.466398 0
007 1 49 1 1 4 8 1 1 0.439089 0
007 1 50 1 3 4 7 1 1 0.412216 0
007 1 51 1 3 6 7 1 1 0.374725 0
007 1 52 1 3 4 8 1 1 0.436451 0
007 1 53 1 3 3 4 0 0 0.529329 0
007 1 54 1 3 6 7 1 1 0.826708 0
007 1 55 1 3 2 8 1 1 0.459406 0
007 1 56 1 1 6 2 0 0 0.423769 0
007 1 57 1 1 2 6 1 1 0.546975 0
007 1 58 1 1 6 3 0 0 0.550166 0
007 1 59 1 1 3 7 1 1 0.499518 0
007 2 00 1 5 7 6 1 1 0.448931 0
007 2 01 1 5 2 7 1 1 0.524548 0
007 2 02 1 1 6 8 1 1 0.482127 0
007 2 03 1 5 4 2 0 0 0.450972 0
007 2 04 1 3 6 8 1 1 0.415622 0
007 2 05 1 5 6 4 0 0 0.429279 0
007 2 06 1 5 2 6 1 1 0.473027 0
007 2 07 1 1 4 2 0 0 0.404299 0
007 2 08 1 5 6 2 0 0 0.475371 0
007 2 09 1 3 3 2 0 0 0.477525 0
007 2 10 1 5 4 8 1 1 0.457232 0
007 2 11 1 1 8 2 0 0 0.391902 0
007 2 12 1 1 4 2 0 0 0.404112 0
007 2 13 1 5 2 4 0 0 0.467298 0
007 2 14 1 1 6 2 0 0 0.382565 0
007 2 15 1 1 3 8 1 1 0.392506 0
007 2 16 1 1 4 8 1 1 0.584267 0
007 2 17 1 3 7 4 0 0 0.497323 0
007 2 18 1 3 6 3 0 0 0.453055 0
007 2 19 1 1 6 8 1 1 0.434144 0
007 2 20 1 1 4 6 1 1 0.761656 0
007 2 21 1 1 7 8 1 1 0.396228 0
007 2 22 1 1 8 6 1 1 0.361876 0
007 2 23 1 1 6 7 1 1 0.396363 0
007 2 24 1 3 7 3 0 0 0.397142 0
007 2 25 1 3 7 6 1 1 0.395496 0
007 2 26 1 1 7 2 0 0 0.445455 0
007 2 27 1 1 7 2 0 0 0.451202 0
007 2 28 1 1 7 8 1 1 0.445844 0
007 2 29 1 3 2 4 0 0 0.445646 0
007 2 30 1 3 4 2 0 0 0.534977 0
007 2 31 1 5 7 4 0 0 0.491855 0
007 2 32 1 1 8 4 1 0 0.425922 0
007 2 33 1 3 2 7 1 1 0.541373 0
007 2 34 1 5 7 2 0 0 0.473494 0
007 2 35 1 5 3 4 0 0 0.488382 0
007 2 36 1 1 7 8 1 1 0.525862 0
007 2 37 1 3 8 6 1 1 0.515583 0
007 2 38 1 1 3 6 1 1 0.454470 0
007 2 39 1 3 4 8 1 1 0.513604 0
007 2 40 1 3 6 7 1 1 0.399981 0
007 2 41 1 1 2 3 0 0 0.501788 0
007 2 42 1 3 4 6 1 1 0.942032 0
007 2 43 1 1 8 2 0 0 0.964788 0
007 2 44 1 1 8 4 0 0 0.516048 0
007 2 45 1 1 3 4 0 0 0.457440 0
007 2 46 1 3 2 3 0 0 0.652883 0
007 2 47 1 5 6 3 0 0 0.435361 0
007 2 48 1 5 6 8 1 1 0.827096 0
007 2 49 1 3 8 4 0 0 0.541594 0
007 2 50 1 3 2 6 1 1 0.515259 0
007 2 51 1 3 6 2 0 0 0.491869 0
007 2 52 1 5 4 6 1 1 0.746435 0
007 2 53 1 1 6 4 0 0 0.511614 0
007 2 54 1 5 2 6 1 1 0.558755 0
007 2 55 1 1 6 8 1 1 0.463546 0
007 2 56 1 5 6 8 1 1 0.394471 0
007 2 57 1 1 4 8 1 1 0.414571 0
007 2 58 1 5 3 2 0 0 0.499054 0
007 2 59 1 5 8 6 1 1 0.445096 0
007 3 00 1 5 8 7 1 1 0.402631 0
007 3 01 1 1 6 2 0 0 0.444518 0
007 3 02 1 1 4 7 1 1 0.648913 0
007 3 03 1 5 4 7 1 1 0.581684 0
007 3 04 1 3 2 8 1 1 0.363356 0
007 3 05 1 3 8 6 1 1 0.511953 0
007 3 06 1 1 2 4 0 0 0.690090 0
007 3 07 1 5 7 8 1 1 0.382480 0
007 3 08 1 3 3 8 1 1 0.454782 0
007 3 09 1 1 3 6 1 1 0.563613 0
007 3 10 1 3 4 8 1 1 0.397703 0
007 3 11 1 1 7 4 0 0 0.450511 0
007 3 12 1 3 4 2 0 0 0.594582 0
007 3 13 1 5 6 7 1 1 0.648577 0
007 3 14 1 1 8 7 1 1 0.369971 0
007 3 15 1 5 4 7 1 1 0.319230 0
007 3 16 1 5 4 2 0 0 0.362048 0
007 3 17 1 1 8 3 0 0 0.407645 0
007 3 18 1 1 4 7 1 1 0.408665 0
007 3 19 1 3 8 4 0 0 0.493422 0
007 3 20 1 5 3 7 1 1 0.440094 0
007 3 21 1 1 3 2 0 0 0.434490 0
007 3 22 1 1 7 2 0 0 0.453226 0
007 3 23 1 5 8 3 1 0 0.400454 0
007 3 24 1 1 3 6 1 1 0.570765 0
007 3 25 1 5 2 8 1 1 0.556898 0
007 3 26 1 3 4 2 0 0 0.412944 0
007 3 27 1 1 6 4 0 0 0.501215 0
007 3 28 1 3 6 8 1 1 0.467637 0
007 3 29 1 5 8 6 1 1 0.973552 0
007 3 30 1 3 7 3 0 0 0.461626 0
007 3 31 1 5 6 2 0 0 0.733663 0
007 3 32 1 5 3 7 1 1 0.509712 0
007 3 33 1 1 6 3 0 0 0.944452 0
007 3 34 1 5 3 2 0 0 0.411531 0
007 3 35 1 5 7 8 1 1 0.649349 0
007 3 36 1 5 8 2 0 0 0.566267 0
007 3 37 1 5 4 8 1 1 0.473417 0
007 3 38 1 1 8 7 1 1 0.677558 0
007 3 39 1 3 2 6 1 1 0.509359 0
007 3 40 1 1 6 2 0 0 0.442625 0
007 3 41 1 3 8 2 0 0 0.387993 0
007 3 42 1 3 8 4 0 0 0.587746 0
007 3 43 1 1 8 3 0 0 0.392027 0
007 3 44 1 5 3 8 1 1 0.520671 0
007 3 45 1 3 6 2 0 0 0.436763 0
007 3 46 1 5 2 3 0 0 0.403975 0
007 3 47 1 3 4 2 0 0 0.396182 0
007 3 48 1 3 6 3 0 0 0.364284 0
007 3 49 1 3 7 8 1 1 0.450299 0
007 3 50 1 5 7 4 0 0 0.443901 0
007 3 51 1 5 7 6 1 1 0.745340 0
007 3 52 1 5 2 6 1 1 0.469376 0
007 3 53 1 1 3 7 1 1 0.435947 0
007 3 54 1 5 3 2 0 0 0.367152 0
007 3 55 1 3 3 6 1 1 0.480460 0
007 3 56 1 5 6 3 0 0 0.441185 0
007 3 57 1 3 2 7 1 1 0.403363 0
007 3 58 1 1 6 8 1 1 0.425890 0
007 3 59 1 1 7 4 0 0 0.521521 0
007 4 00 1 5 8 7 1 1 0.404918 0
007 4 01 1 1 8 2 0 0 0.474000 0
007 4 02 1 1 7 3 0 0 0.416630 0
007 4 03 1 3 3 6 1 1 0.351554 0
007 4 04 1 1 2 4 0 0 0.413227 0
007 4 05 1 5 6 2 0 0 0.541355 0
007 4 06 1 3 4 2 0 0 0.362654 0
007 4 07 1 5 3 2 0 0 0.388510 0
007 4 08 1 3 3 8 1 1 0.441397 0
007 4 09 1 5 4 7 1 1 0.421469 0
007 4 10 1 5 2 3 0 0 0.516673 0
007 4 11 1 1 7 2 0 0 0.469038 0
007 4 12 1 5 8 6 1 1 0.454846 0
007 4 13 1 3 6 4 0 0 0.500813 0
007 4 14 1 1 4 7 1 1 0.434040 0
007 4 15 1 1 2 6 1 1 0.578631 0
007 4 16 1 1 3 8 1 1 0.508088 0
007 4 17 1 5 7 8 1 1 0.390113 0
007 4 18 1 1 6 4 0 0 0.614774 0
007 4 19 1 5 8 2 0 0 0.866694 0
007 4 20 1 5 2 3 0 0 0.468337 0
007 4 21 1 5 8 6 1 1 0.423502 0
007 4 22 1 1 4 6 1 1 0.375005 0
007 4 23 1 3 7 3 0 0 0.368054 0
007 4 24 1 3 3 2 0 0 0.385706 0
007 4 25 1 1 7 6 1 1 0.425063 0
007 4 26 1 3 3 4 0 0 0.596942 0
007 4 27 1 5 6 7 1 1 0.406009 0
007 4 28 1 3 8 6 1 1 0.553628 0
007 4 29 1 3 6 8 1 1 0.382352 0
007 4 30 1 1 8 2 0 0 0.443715 0
007 4 31 1 3 6 2 0 0 0.443636 0
007 4 32 1 5 7 3 0 0 0.492174 0
007 4 33 1 1 7 3 0 0 0.420706 0
007 4 34 1 1 2 7 1 1 0.434933 0
007 4 35 1 1 3 8 1 1 0.514334 0
007 4 36 1 1 3 6 1 1 0.431594 0
007 4 37 1 3 2 4 0 0 0.589828 0
007 4 38 1 3 4 3 0 0 0.578405 0
007 4 39 1 1 2 8 1 1 0.437483 0
007 4 40 1 3 2 4 0 0 0.622575 0
007 4 41 1 3 4 6 1 1 0.532142 0
007 4 42 1 5 3 8 1 1 0.647659 0
007 4 43 1 1 8 6 1 1 0.840615 0
007 4 44 1 5 8 4 0 0 0.532604 0
007 4 45 1 5 7 4 0 0 0.495536 0
007 4 46 1 1 4 7 1 1 0.467565 0
007 4 47 1 1 8 3 0 0 0.494649 0
007 4 48 1 1 2 7 1 1 0.666084 0
007 4 49 1 3 2 3 0 0 0.476423 0
007 4 50 1 1 2 6 1 1 0.473344 0
007 4 51 1 1 2 6 1 1 0.451613 0
007 4 52 1 5 7 6 1 1 0.409931 0
007 4 53 1 5 7 6 1 1 0.385710 0
007 4 54 1 5 4 7 1 1 0.449245 0
007 4 55 1 1 4 2 0 0 0.493136 0
007 4 56 1 5 2 6 1 1 0.557598 0
007 4 57 1 1 2 6 1 1 0.408928 0
007 4 58 1 3 8 7 1 1 0.387725 0
007 4 59 1 1 2 4 0 0 0.465501 0
007 5 00 1 3 3 6 1 1 0.448360 0
007 5 01 1 3 2 4 0 0 0.421215 0
007 5 02 1 3 7 2 0 0 0.487336 0
007 5 03 1 3 2 8 1 1 0.413341 0
007 5 04 1 1 3 7 1 1 0.624023 0
007 5 05 1 5 7 3 0 0 0.470112 0
007 5 06 1 1 4 6 1 1 0.864630 0
007 5 07 1 5 6 7 1 1 0.460208 0
007 5 08 1 5 6 7 1 1 0.413011 0
007 5 09 1 3 7 8 1 1 0.443360 0
007 5 10 1 3 7 6 1 1 0.355970 0
007 5 11 1 5 7 8 1 1 0.365399 0
007 5 12 1 5 7 4 0 0 0.442847 0
007 5 13 1 5 4 7 1 1 0.461668 0
007 5 14 1 3 8 7 1 1 0.387582 0
007 5 15 1 1 8 6 1 1 0.438093 0
007 5 16 1 3 7 8 1 1 0.416252 0
007 5 17 1 3 6 3 0 0 0.444144 0
007 5 18 1 3 6 7 1 1 0.874455 0
007 5 19 1 1 3 7 1 1 0.386817 0
007 5 20 1 3 3 2 0 0 0.431241 0
007 5 21 1 5 3 2 0 0 0.390632 0
007 5 22 1 3 7 2 0 0 0.443391 0
007 5 23 1 5 3 6 1 1 0.451177 0
007 5 24 1 1 8 3 0 0 0.459508 0
007 5 25 1 3 3 8 1 1 0.417677 0
007 5 26 1 1 3 2 0 0 0.789050 0
007 5 27 1 3 7 3 0 0 0.627235 0
007 5 28 1 3 4 3 0 0 0.451854 0
007 5 29 1 1 8 4 1 0 0.680930 0
007 5 30 1 5 8 7 1 1 0.445572 0
007 5 31 1 5 3 6 1 1 0.690116 0
007 5 32 1 3 3 7 1 1 0.456382 0
007 5 33 1 3 2 3 0 0 0.412647 0
007 5 34 1 1 4 7 1 1 0.503099 0
007 5 35 1 3 3 7 1 1 0.412549 0
007 5 36 1 3 7 4 0 0 0.470816 0
007 5 37 1 1 4 3 0 0 0.519485 0
007 5 38 1 1 4 3 0 0 0.649413 0
007 5 39 1 3 7 4 0 0 0.953409 0
007 5 40 1 3 8 2 0 0 0.818385 0
007 5 41 1 3 2 8 1 1 0.783961 0
007 5 42 1 1 3 2 0 0 0.587381 0
007 5 43 1 5 6 2 0 0 0.434382 0
007 5 44 1 1 6 3 0 0 0.497335 0
007 5 45 1 3 2 7 1 1 0.610747 0
007 5 46 1 5 6 4 0 0 0.550181 0
007 5 47 1 3 3 7 1 1 0.711774 0
007 5 48 1 1 2 7 1 1 0.505514 0
007 5 49 1 3 8 3 0 0 0.480217 0
007 5 50 1 1 6 3 0 0 0.531598 0
007 5 51 1 1 3 4 0 0 0.789282 0
007 5 52 1 5 7 8 1 1 0.458367 0
007 5 53 1 1 7 2 0 0 0.447823 0
007 5 54 1 1 4 8 1 1 0.500368 0
007 5 55 1 1 7 4 0 0 0.534903 0
007 5 56 1 5 7 2 0 0 0.544303 0
007 5 57 1 1 7 4 0 0 0.823319 0
007 5 58 1 1 3 4 0 0 0.505722 0
007 5 59 1 5 3 4 0 0 0.403794 0
007 6 00 1 3 7 4 0 0 0.635253 0
007 6 01 1 1 6 4 0 0 0.416577 0
007 6 02 1 3 3 7 1 1 0.515219 0
007 6 03 1 5 4 6 1 1 0.494520 0
007 6 04 1 5 6 3 0 0 0.512423 0
007 6 05 1 5 6 8 1 1 0.467250 0
007 6 06 1 1 6 7 1 1 0.513357 0
007 6 07 1 5 6 3 0 0 0.593457 0
007 6 08 1 1 2 4 0 0 0.487247 0
007 6 09 1 5 8 3 0 0 0.589765 0
007 6 10 1 3 6 4 0 0 0.954842 0
007 6 11 1 5 7 3 0 0 1.055597 0
007 6 12 1 1 6 3 0 0 0.442469 0
007 6 13 1 3 6 4 0 0 0.475642 0
007 6 14 1 3 8 3 0 0 0.461335 0
007 6 15 1 5 4 2 0 0 0.447035 0
007 6 16 1 1 6 2 0 0 0.428361 0
007 6 17 1 1 4 7 1 1 0.518883 0
007 6 18 1 1 7 3 0 0 0.531367 0
007 6 19 1 1 2 7 1 1 0.472611 0
007 6 20 1 1 7 6 1 1 0.557079 0
007 6 21 1 3 3 2 0 0 0.405183 0
007 6 22 1 1 6 8 1 1 0.518110 0
007 6 23 1 3 8 7 1 1 0.410755 0
007 6 24 1 5 7 4 0 0 0.561062 0
007 6 25 1 5 3 7 1 1 0.448942 0
007 6 26 1 1 8 6 1 1 0.473856 0
007 6 27 1 3 7 2 0 0 0.544383 0
007 6 28 1 1 3 8 1 1 0.452614 0
007 6 29 1 1 6 3 0 0 0.769192 0
007 6 30 1 3 6 8 1 1 0.439049 0
007 6 31 1 3 4 7 1 1 0.406805 0
007 6 32 1 3 3 8 1 1 0.432636 0
007 6 33 1 3 4 3 0 0 0.506890 0
007 6 34 1 3 6 3 0 0 0.579189 0
007 6 35 1 5 8 4 0 0 0.655746 0
007 6 36 1 1 2 4 0 0 0.459024 0
007 6 37 1 3 2 6 1 1 0.458726 0
007 6 38 1 5 2 8 1 1 0.496409 0
007 6 39 1 3 8 3 0 0 0.680789 0
007 6 40 1 1 7 8 1 1 0.459443 0
007 6 41 1 5 3 8 1 1 0.409699 0
007 6 42 1 5 6 7 1 1 0.415679 0
007 6 43 1 1 2 8 1 1 0.403290 0
007 6 44 1 5 8 7 1 1 0.409496 0
007 6 45 1 3 7 4 0 0 0.492037 0
007 6 46 1 5 4 6 0 1 0.714231 0
007 6 47 1 3 3 6 1 1 0.631755 0
007 6 48 1 5 6 2 0 0 0.807844 0
007 6 49 1 3 7 6 1 1 0.401134 0
007 6 50 1 5 7 3 0 0 0.519150 0
007 6 51 1 1 7 6 1 1 0.441763 0
007 6 52 1 5 3 4 0 0 0.458152 0
007 6 53 1 5 2 7 1 1 0.496187 0
007 6 54 1 1 2 7 1 1 0.424651 0
007 6 55 1 5 2 7 1 1 0.378242 0
007 6 56 1 5 8 7 1 1 0.346490 0
007 6 57 1 1 2 3 0 0 0.550327 0
007 6 58 1 3 2 7 1 1 0.586775 0
007 6 59 1 1 4 3 0 0 0.862321 0
007 7 00 1 1 3 6 1 1 0.401085 0
007 7 01 1 5 4 6 1 1 0.393633 0
007 7 02 1 3 3 4 0 0 0.525549 0
007 7 03 1 3 8 3 0 0 0.578618 0
007 7 04 1 3 4 6 1 1 0.429254 0
007 7 05 1 3 7 3 0 0 0.634217 0
007 7 06 1 3 8 2 0 0 0.494709 0
007 7 07 1 1 7 3 0 0 0.483311 0
007 7 08 1 5 6 8 1 1 0.479410 0
007 7 09 1 5 6 4 0 0 0.489516 0
007 7 10 1 3 6 4 0 0 0.571263 0
007 7 11 1 5 2 4 0 0 0.446301 0
007 7 12 1 5 3 7 1 1 0.495714 0
007 7 13 1 3 2 8 1 1 0.415673 0
007 7 14 1 3 2 8 1 1 0.405590 0
007 7 15 1 1 3 7 1 1 0.444645 0
007 7 16 1 3 6 8 1 1 0.384780 0
007 7 17 1 5 6 8 1 1 0.404678 0
007 7 18 1 1 6 7 1 1 0.468630 0
007 7 19 1 1 8 7 1 1 0.392389 0
007 7 20 1 3 8 3 0 0 0.521643 0
007 7 21 1 3 2 4 0 0 0.526077 0
007 7 22 1 5 6 4 0 0 0.480603 0
007 7 23 1 3 4 3 0 0 0.425882 0
007 7 24 1 5 7 3 0 0 0.494400 0
007 7 25 1 3 4 7 1 1 0.450599 0
007 7 26 1 5 4 3 0 0 0.445126 0
007 7 27 1 5 6 3 0 0 0.611435 0
007 7 28 1 1 4 6 1 1 0.527312 0
007 7 29 1 1 4 3 0 0 0.504790 0
007 7 30 1 3 4 3 0 0 0.460475 0
007 7 31 1 1 2 6 1 1 0.447011 0
007 7 32 1 1 7 6 1 1 0.425872 0
007 7 33 1 1 4 2 0 0 0.611924 0
007 7 34 1 1 6 8 1 1 0.549718 0
007 7 35 1 1 7 3 0 0 0.668105 0
007 7 36 1 5 6 4 0 0 0.571298 0
007 7 37 1 5 3 2 0 0 0.470648 0
007 7 38 1 3 3 6 1 1 0.524923 0
007 7 39 1 1 4 6 1 1 0.423055 0
007 7 40 1 1 2 8 1 1 0.413049 0
007 7 41 1 5 8 3 0 0 0.481564 0
007 7 42 1 1 2 4 0 0 0.470542 0
007 7 43 1 1 3 2 0 0 0.451551 0
007 7 44 1 5 8 4 0 0 0.527741 0
007 7 45 1 5 4 3 0 0 0.414405 0
007 7 46 1 1 3 7 1 1 0.851630 0
007 7 47 1 1 3 2 0 0 0.470521 0
007 7 48 1 5 7 3 0 0 0.818456 0
007 7 49 1 3 4 7 1 1 0.535914 0
007 7 50 1 1 4 6 1 1 0.493318 0
007 7 51 1 5 8 2 0 0 0.448256 0
007 7 52 1 3 6 4 0 0 0.555024 0
007 7 53 1 5 6 4 0 0 0.533771 0
007 7 54 1 5 3 7 1 1 0.627597 0
007 7 55 1 3 6 7 1 1 0.452380 0
007 7 56 1 1 6 4 0 0 0.632440 0
007 7 57 1 1 6 7 1 1 0.483174 0
007 7 58 1 3 7 6 1 1 1.368554 0
007 7 59 1 5 7 2 0 0 0.456803 0
007 8 00 1 5 7 2 0 0 0.489495 0
007 8 01 1 5 3 8 1 1 0.483268 0
007 8 02 1 5 7 6 1 1 0.373550 0
007 8 03 1 5 2 6 1 1 0.443077 0
007 8 04 1 3 4 6 1 1 0.326122 0
007 8 05 1 3 6 3 0 0 0.404961 0
007 8 06 1 1 7 4 0 0 0.521433 0
007 8 07 1 5 2 8 1 1 0.444012 0
007 8 08 1 5 4 3 0 0 0.405741 0
007 8 09 1 5 2 6 0 1 0.409749 0
007 8 10 1 3 3 4 0 0 0.381941 0
007 8 11 1 1 3 8 1 1 0.394704 0
007 8 12 1 1 8 6 1 1 0.333510 0
007 8 13 1 1 8 2 0 0 0.477644 0
007 8 14 1 1 2 3 0 0 0.450785 0
007 8 15 1 5 8 6 1 1 0.352580 0
007 8 16 1 3 8 6 1 1 0.425106 0
007 8 17 1 1 3 4 0 0 0.496778 0
007 8 18 1 5 3 8 1 1 0.457746 0
007 8 19 1 5 7 4 0 0 0.797867 0
007 8 20 1 5 2 4 0 0 0.464010 0
007 8 21 1 1 7 8 1 1 0.529122 0
007 8 22 1 3 2 3 0 0 0.587682 0
007 8 23 1 5 4 2 0 0 0.437965 0
007 8 24 1 3 4 6 1 1 0.416226 0
007 8 25 1 3 7 2 0 0 0.501494 0
007 8 26 1 3 6 7 1 1 0.522235 0
007 8 27 1 5 2 7 1 1 0.422446 0
007 8 28 1 5 3 6 1 1 0.499225 0
007 8 29 1 1 8 3 0 0 0.480443 0
007 8 30 1 1 7 3 0 0 0.450322 0
007 8 31 1 5 8 3 0 0 0.493461 0
007 8 32 1 5 8 6 1 1 0.669492 0
007 8 33 1 1 3 8 1 1 0.567655 0
007 8 34 1 1 8 7 1 1 0.655663 0
007 8 35 1 5 3 4 0 0 0.444699 0
007 8 36 1 3 7 8 1 1 0.461391 0
007 8 37 1 5 8 2 0 0 0.758166 0
007 8 38 1 3 6 2 0 0 0.466596 0
007 8 39 1 3 4 8 1 1 0.509824 0
007 8 40 1 3 4 7 1 1 0.487165 0
007 8 41 1 5 3 6 1 1 0.549243 0
007 8 42 1 3 7 2 0 0 0.468284 0
007 8 43 1 3 2 3 0 0 0.618112 0
007 8 44 1 3 2 7 1 1 0.707874 0
007 8 45 1 5 4 3 0 0 0.664926 0
007 8 46 1 3 8 2 0 0 0.525037 0
007 8 47 1 3 7 4 0 0 0.542942 0
007 8 48 1 3 2 6 1 1 0.533803 0
007 8 49 1 5 2 7 1 1 0.485499 0
007 8 50 1 5 7 8 1 1 0.505282 0
007 8 51 1 5 8 2 0 0 0.499488 0
007 8 52 1 1 6 7 1 1 0.870585 0
007 8 53 1 5 2 4 0 0 0.662756 0
007 8 54 1 5 4 6 1 1 0.612213 0
007 8 55 1 5 7 2 0 0 0.535412 0
007 8 56 1 3 3 4 0 0 0.561542 0
007 8 57 1 5 4 8 1 1 0.507341 0
007 8 58 1 1 8 4 0 0 0.569814 0
007 8 59 1 1 4 3 0 0 0.756199 0
007 9 00 0 12 8 2 1 1 1.429677 0
007 9 01 0 12 2 3 0 0 0.502240 0
007 9 02 0 12 6 7 1 1 0.677443 0
007 9 03 0 12 4 7 1 0 0.759107 0
007 9 04 0 1 6 3 1 1 1.439935 0
007 9 05 0 5 6 2 1 1 0.750374 0
007 9 06 0 12 4 3 0 0 0.448889 0
007 9 07 0 1 2 6 0 0 1.049092 0
007 9 08 0 12 8 3 0 1 1.946598 0
007 9 09 0 12 6 7 1 1 0.486440 0
007 9 10 0 12 6 4 1 1 1.102942 0
007 9 11 0 1 2 7 1 0 1.853654 0
007 9 12 0 5 7 8 0 1 0.752789 0
007 9 13 0 1 6 7 1 1 1.020144 0
007 9 14 0 12 4 7 0 0 0.721758 0
007 9 15 0 3 2 7 0 0 1.482849 0
007 9 16 0 12 2 3 1 0 0.924829 0
007 9 17 0 12 4 6 0 0 1.377762 0
007 9 18 0 3 3 7 1 0 0.681567 0
007 9 19 0 5 3 7 0 0 0.627751 0
007 9 20 0 12 3 2 0 0 1.408285 0
007 9 21 0 12 6 3 1 1 1.247339 0
007 9 22 0 1 4 2 1 0 1.722485 0
007 9 23 0 3 4 3 0 0 1.790751 0
007 9 24 0 12 3 8 0 0 0.840612 0
007 9 25 0 12 2 4 0 0 0.415576 0
007 9 26 0 12 2 6 0 0 0.363777 0
007 9 27 0 3 6 2 1 1 1.025602 0
007 9 28 0 1 7 3 1 1 1.023286 0
007 9 29 0 5 8 2 1 1 1.145695 0
007 9 30 0 5 2 7 1 0 1.312191 0
007 9 31 0 3 8 4 1 1 0.406354 0
007 9 32 0 1 4 8 0 0 1.263373 0
007 9 33 0 3 6 4 1 1 0.693027 0
007 9 34 0 12 3 2 1 0 1.071092 0
007 9 35 0 12 8 2 1 1 0.520984 0
007 9 36 0 1 8 6 1 1 0.531052 0
007 9 37 0 5 7 4 1 1 0.466698 0
007 9 38 0 1 3 7 1 0 1.077396 0
007 9 39 0 1 2 6 1 0 0.654572 0
007 9 40 0 3 8 7 1 1 0.440980 0
007 9 41 0 5 8 7 1 1 0.465425 0
007 9 42 0 12 8 4 1 1 0.570362 0
007 9 43 0 12 6 7 1 1 0.536702 0
007 9 44 0 12 8 6 1 1 0.326570 0
007 9 45 0 12 8 6 1 1 0.425986 0
007 9 46 0 12 6 8 1 1 0.408985 0
007 9 47 0 5 3 4 0 0 0.622214 0
007 9 48 0 5 4 6 0 0 1.382146 0
007 9 49 0 12 2 6 0 0 0.415655 0
007 9 50 0 12 6 3 1 1 0.925438 0
007 9 51 0 1 6 4 1 1 1.281710 0
007 9 52 0 1 3 8 1 0 2.050519 0
007 9 53 0 3 8 3 1 1 0.697860 0
007 9 54 0 12 3 7 0 0 0.544577 0
007 9 55 0 12 8 4 1 1 0.383449 0
007 9 56 0 5 4 7 0 0 0.581031 0
007 9 57 0 12 2 8 0 0 0.413847 0
007 9 58 0 1 4 7 0 0 1.003654 0
007 9 59 0 12 2 7 0 0 0.934093 0
007 10 00 0 1 2 3 1 0 0.909490 0
007 10 01 0 3 7 4 1 1 0.685535 0
007 10 02 0 12 3 4 0 0 0.388419 0
007 10 03 0 1 4 6 0 0 1.163907 0
007 10 04 0 12 2 4 0 0 0.367111 0
007 10 05 0 3 7 6 1 1 0.960356 0
007 10 06 0 12 7 3 1 1 0.450461 0
007 10 07 0 12 2 6 0 0 0.331947 0
007 10 08 0 5 6 4 1 1 0.762122 0
007 10 09 0 1 4 7 0 0 1.195031 0
007 10 10 0 3 2 6 1 0 1.301027 0
007 10 11 0 12 2 7 0 0 0.395080 0
007 10 12 0 12 4 6 0 0 0.488004 0
007 10 13 0 3 3 8 0 0 0.569624 0
007 10 14 0 12 3 2 0 0 0.288604 0
007 10 15 0 1 8 4 0 1 1.128726 0
007 10 16 0 3 3 4 1 0 0.404995 0
007 10 17 0 5 7 2 1 1 0.869202 0
007 10 18 0 5 2 8 0 0 0.378490 0
007 10 19 0 3 8 4 1 1 0.672001 0
007 10 20 0 12 6 8 1 1 0.650017 0
007 10 21 0 5 4 2 1 0 1.895847 0
007 10 22 0 12 2 8 0 0 1.272333 0
007 10 23 0 12 4 8 0 0 0.724367 0
007 10 24 0 12 8 3 1 1 0.600746 0
007 10 25 0 3 2 8 0 0 0.701328 0
007 10 26 0 3 4 2 1 0 0.669056 0
007 10 27 0 12 4 6 0 0 0.619796 0
007 10 28 0 1 7 2 1 1 0.968479 0
007 10 29 0 12 2 6 0 0 0.651571 0
007 10 30 0 1 7 8 0 1 1.318818 0
007 10 31 0 5 6 4 1 1 0.593430 0
007 10 32 0 1 7 6 0 1 0.887948 0
007 10 33 0 1 7 2 1 1 2.534039 0
007 10 34 0 12 4 8 0 0 0.517101 0
007 10 35 0 1 3 4 1 0 1.001850 0
007 10 36 0 12 3 7 0 0 0.502571 0
007 10 37 0 3 6 3 0 1 0.973220 0
007 10 38 0 5 2 3 0 0 0.768509 0
007 10 39 0 1 8 3 1 1 1.002444 0
007 10 40 0 1 8 2 1 1 1.044096 0
007 10 41 0 1 8 7 0 1 1.885945 0
007 10 42 0 12 2 6 0 0 0.385511 0
007 10 43 0 1 8 6 0 1 1.043813 0
007 10 44 0 1 3 7 1 0 0.842292 0
007 10 45 0 12 8 4 1 1 0.552807 0
007 10 46 0 12 8 3 1 1 0.923181 0
007 10 47 0 3 8 2 1 1 0.982512 0
007 10 48 0 12 7 6 1 1 0.429009 0
007 10 49 0 3 8 2 1 1 0.383847 0
007 10 50 0 1 3 2 1 0 0.840832 0
007 10 51 0 12 3 2 1 0 0.562287 0
007 10 52 0 5 2 3 0 0 1.895051 0
007 10 53 0 5 8 7 1 1 0.398191 0
007 10 54 0 12 4 2 0 0 0.588701 0
007 10 55 0 1 4 7 1 0 0.951583 0
007 10 56 0 1 6 3 1 1 1.614806 0
007 10 57 0 3 8 4 1 1 0.666051 0
007 10 58 0 3 6 7 0 1 0.803764 0
007 10 59 0 3 6 3 1 1 1.489246 0
007 11 00 0 12 2 7 0 0 0.651763 0
007 11 01 0 3 3 4 0 0 1.138389 0
007 11 02 0 3 8 7 1 1 0.321773 0
007 11 03 0 1 8 2 0 1 0.815340 0
007 11 04 0 12 8 3 1 1 0.349481 0
007 11 05 0 1 6 3 1 1 0.943270 0
007 11 06 0 1 3 6 0 0 1.582481 0
007 11 07 0 1 7 3 1 1 0.632148 0
007 11 08 0 12 6 2 0 1 0.518504 0
007 11 09 0 12 4 2 0 0 2.181014 0
007 11 10 0 3 3 2 1 0 0.931947 0
007 11 11 0 5 7 8 1 1 0.497970 0
007 11 12 0 12 2 8 0 0 0.348650 0
007 11 13 0 12 4 3 0 0 0.850690 0
007 11 14 0 5 6 8 1 1 1.441831 0
007 11 15 0 12 3 7 0 0 0.770593 0
007 11 16 0 5 6 7 1 1 0.644822 0
007 11 17 0 12 3 4 0 0 0.392078 0
007 11 18 0 5 3 8 0 0 0.807421 0
007 11 19 0 5 4 8 0 0 0.873983 0
007 11 20 0 12 3 6 0 0 0.575319 0
007 11 21 0 1 6 4 1 1 0.791619 0
007 11 22 0 1 2 7 0 0 0.943667 0
007 11 23 0 12 7 2 1 1 1.017824 0
007 11 24 0 3 7 8 1 1 0.977259 0
007 11 25 0 12 7 3 1 1 0.418593 0
007 11 26 0 1 7 4 1 1 0.983872 0
007 11 27 0 1 6 2 1 1 0.990431 0
007 11 28 0 1 4 6 0 0 1.250323 0
007 11 29 0 12 4 2 1 0 0.735590 0
007 11 30 0 1 2 6 1 0 1.716779 0
007 11 31 0 12 4 2 1 0 0.682727 0
007 11 32 0 12 4 8 0 0 0.759098 0
007 11 33 0 5 3 2 1 0 0.728736 0
007 11 34 0 12 4 7 0 0 0.754758 0
007 11 35 0 1 6 7 1 1 1.126054 0
007 11 36 0 12 2 8 0 0 1.179739 0
007 11 37 0 12 4 3 0 0 0.595469 0
007 11 38 0 12 4 6 0 0 1.272409 0
007 11 39 0 12 4 2 0 0 0.586903 0
007 11 40 0 1 4 3 1 0 2.121608 0
007 11 41 0 5 8 2 1 1 0.688206 0
007 11 42 0 1 4 2 1 0 0.678552 0
007 11 43 0 3 7 8 1 1 1.221949 0
007 11 44 0 1 3 7 1 0 1.828357 0
007 11 45 0 5 8 4 1 1 0.542395 0
007 11 46 0 12 2 3 0 0 0.623926 0
007 11 47 0 3 6 3 0 1 1.049576 0
007 11 48 0 5 4 7 0 0 0.852651 0
007 11 49 0 12 3 8 0 0 0.750918 0
007 11 50 0 1 8 7 0 1 1.675157 0
007 11 51 0 1 3 8 0 0 1.508491 0
007 11 52 0 1 4 2 1 0 4.300164 0
007 11 53 0 12 6 8 0 1 0.651454 0
007 11 54 0 5 8 3 1 1 1.582223 0
007 11 55 0 5 6 2 1 1 0.762071 0
007 11 56 0 3 3 6 1 0 0.451279 0
007 11 57 0 1 6 2 1 1 1.154785 0
007 11 58 0 3 2 3 1 0 0.802983 0
007 11 59 0 5 6 8 1 1 0.540445 0
007 12 00 0 5 6 7 1 1 0.604793 0
007 12 01 0 12 8 4 1 1 1.161439 0
007 12 02 0 1 6 2 0 1 0.911325 0
007 12 03 0 12 6 4 1 1 0.419923 0
007 12 04 0 3 6 7 1 1 1.464581 0
007 12 05 0 12 4 6 1 0 0.803007 0
007 12 06 0 5 8 6 1 1 0.858538 0
007 12 07 0 1 6 8 0 1 1.158881 0
007 12 08 0 12 4 8 0 0 0.378457 0
007 12 09 0 5 2 7 0 0 1.638953 0
007 12 10 0 5 8 2 0 1 0.727890 0
007 12 11 0 12 8 6 1 1 0.445816 0
007 12 12 0 12 2 4 0 0 0.401135 0
007 12 13 0 5 4 3 0 0 0.898397 0
007 12 14 0 12 8 4 1 1 1.011418 0
007 12 15 0 3 6 7 0 1 0.913332 0
007 12 16 0 12 7 3 1 1 0.552218 0
007 12 17 0 3 6 8 1 1 1.149572 0
007 12 18 0 3 3 8 1 0 0.800777 0
007 12 19 0 5 6 4 1 1 1.141849 0
007 12 20 0 1 7 8 0 1 1.019743 0
007 12 21 0 3 2 3 0 0 1.063528 0
007 12 22 0 3 4 6 0 0 1.536573 0
007 12 23 0 5 2 7 0 0 0.671118 0
007 12 24 0 12 6 4 1 1 0.643748 0
007 12 25 0 3 4 7 1 0 0.966737 0
007 12 26 0 5 3 2 0 0 1.367874 0
007 12 27 0 12 6 3 1 1 0.651824 0
007 12 28 0 3 8 6 1 1 0.642967 0
007 12 29 0 5 2 4 0 0 0.606659 0
007 12 30 0 3 7 4 1 1 0.726799 0
007 12 31 0 1 3 6 0 0 1.939836 0
007 12 32 0 3 6 8 0 1 1.246620 0
007 12 33 0 12 4 8 0 0 0.736887 0
007 12 34 0 1 3 8 0 0 1.353279 0
007 12 35 0 1 8 2 1 1 0.824138 0
007 12 36 0 5 4 3 0 0 0.631974 0
007 12 37 0 3 7 2 0 1 0.961084 0
007 12 38 0 12 3 6 0 0 0.557714 0
007 12 39 0 12 2 8 1 0 1.211315 0
007 12 40 0 5 6 7 0 1 1.673369 0
007 12 41 0 5 3 4 0 0 0.609219 0
007 12 42 0 12 2 8 0 0 0.779419 0
007 12 43 0 3 6 2 1 1 0.860703 0
007 12 44 0 1 3 2 0 0 1.054952 0
007 12 45 0 3 4 8 1 0 1.447022 0
007 12 46 0 1 2 4 0 0 1.092969 0
007 12 47 0 5 4 7 0 0 1.789084 0
007 12 48 0 5 7 6 1 1 1.144697 0
007 12 49 0 3 7 6 0 1 0.987295 0
007 12 50 0 1 7 6 1 1 0.803539 0
007 12 51 0 12 6 2 1 1 1.239716 0
007 12 52 0 3 8 7 1 1 1.052897 0
007 12 53 0 5 7 6 1 1 0.613293 0
007 12 54 0 3 3 7 1 0 0.956065 0
007 12 55 0 12 7 6 1 1 0.514631 0
007 12 56 0 12 7 6 1 1 0.449559 0
007 12 57 0 12 4 8 0 0 0.560041 0
007 12 58 0 5 8 3 1 1 0.879698 0
007 12 59 0 1 4 8 0 0 1.005035 0
