014 0 00 1 2 6 7 1 1 21.386585 0
014 0 01 1 2 3 7 1 1 8.048676 0
014 0 02 1 2 4 2 0 0 5.336199 0
014 0 03 1 5 3 4 0 0 5.639074 0
014 0 04 1 5 6 7 1 1 4.715306 0
014 0 05 1 2 4 6 1 1 3.278692 0
014 0 06 1 2 7 4 0 0 4.415643 0
014 0 07 1 5 6 7 1 1 2.588206 0
014 0 08 1 4 3 4 0 0 2.883911 0
014 0 09 1 2 2 4 0 0 2.379169 0
014 0 10 1 5 8 4 0 0 3.144535 0
014 0 11 1 4 6 8 1 1 3.437947 0
014 0 12 1 4 2 3 0 0 2.751555 0
014 0 13 1 5 7 4 0 0 3.324746 0
014 0 14 1 5 4 7 1 1 3.552880 0
014 0 15 1 2 2 4 0 0 2.344905 0
014 0 16 1 4 3 7 1 1 2.177109 0
014 0 17 1 5 6 2 0 0 2.116815 0
014 0 18 1 4 2 6 1 1 1.589687 0
014 0 19 1 2 3 2 0 0 2.037329 0
014 0 20 1 2 2 4 0 0 1.674818 0
014 0 21 1 2 6 7 1 1 3.876093 0
014 0 22 1 5 7 6 0 1 12.254827 0
014 0 23 1 5 2 4 0 0 0.970875 0
014 0 24 1 2 2 8 1 1 4.361096 0
014 0 25 1 5 8 4 0 0 0.921523 0
014 0 26 1 2 3 4 0 0 1.293624 0
014 0 27 1 5 4 2 0 0 1.580203 0
014 0 28 1 5 8 2 0 0 1.440487 0
014 0 29 1 4 6 7 1 1 1.340841 0
014 0 30 1 2 8 2 0 0 1.487453 0
014 0 31 1 5 3 2 0 0 1.765225 0
014 0 32 1 4 8 3 0 0 2.107305 0
014 0 33 1 5 8 7 1 1 1.732173 0
014 0 34 1 4 6 7 1 1 1.658903 0
014 0 35 1 2 3 7 1 1 1.432336 0
014 0 36 1 4 7 6 1 1 1.211272 0
014 0 37 1 5 2 6 1 1 1.365250 0
014 0 38 1 2 3 4 0 0 1.194749 0
014 0 39 1 2 4 8 1 1 1.314778 0
014 0 40 1 2 2 7 1 1 1.323443 0
014 0 41 1 2 7 3 0 0 1.121542 0
014 0 42 1 5 3 2 0 0 1.249573 0
014 0 43 1 2 4 3 0 0 1.055855 0
014 0 44 1 2 7 2 0 0 1.061864 0
014 0 45 1 2 3 4 0 0 0.919038 0
014 0 46 1 4 6 4 0 0 0.983141 0
014 0 47 1 5 2 8 1 1 0.823191 0
014 0 48 1 5 4 6 1 1 1.018049 0
014 0 49 1 2 6 2 0 0 1.116562 0
014 0 50 1 5 6 2 0 0 0.918604 0
014 0 51 1 2 4 8 1 1 1.081028 0
014 0 52 1 2 6 3 0 0 1.064113 0
014 0 53 1 5 7 8 1 1 0.876753 0
014 0 54 1 5 6 3 0 0 1.133270 0
014 0 55 1 5 4 3 0 0 0.978015 0
014 0 56 1 5 2 6 1 1 0.747446 0
014 0 57 1 5 7 4 0 0 1.188825 0
014 0 58 1 5 8 2 0 0 0.982815 0
014 0 59 1 2 4 6 1 1 0.937785 0
014 1 00 1 5 4 8 1 1 1.079297 0
014 1 01 1 2 6 4 0 0 1.211570 0
014 1 02 1 2 6 4 0 0 1.084856 0
014 1 03 1 4 6 8 1 1 0.993002 0
014 1 04 1 2 7 4 0 0 1.591315 0
014 1 05 1 5 4 8 1 1 0.767734 0
014 1 06 1 5 6 7 1 1 1.105076 0
014 1 07 1 4 6 3 0 0 0.897775 0
014 1 08 1 2 2 7 1 1 0.929893 0
014 1 09 1 2 6 8 1 1 0.833370 0
014 1 10 1 5 2 8 1 1 0.798140 0
014 1 11 1 5 7 6 1 1 0.862841 0
014 1 12 1 5 2 7 1 1 0.740124 0
014 1 13 1 5 3 8 1 1 0.908447 0
014 1 14 1 5 4 6 1 1 1.086777 0
014 1 15 1 4 4 7 1 1 0.938468 0
014 1 16 1 4 6 2 0 0 0.779935 0
014 1 17 1 2 6 2 0 0 0.749441 0
014 1 18 1 2 8 6 1 1 0.785403 0
014 1 19 1 5 4 7 1 1 0.789042 0
014 1 20 1 4 8 4 0 0 0.665257 0
014 1 21 1 2 2 8 1 1 0.848932 0
014 1 22 1 5 2 6 1 1 0.763057 0
014 1 23 1 5 8 7 1 1 0.909147 0
014 1 24 1 5 3 8 1 1 0.832095 0
014 1 25 1 4 4 8 1 1 0.802090 0
014 1 26 1 5 7 2 0 0 0.774836 0
014 1 27 1 4 7 4 0 0 1.356838 0
014 1 28 1 4 3 6 1 1 0.793459 0
014 1 29 1 2 6 4 0 0 0.869814 0
014 1 30 1 4 6 7 1 1 1.994691 0
014 1 31 1 4 3 8 1 1 0.704658 0
014 1 32 1 4 6 3 0 0 0.720673 0
014 1 33 1 5 2 7 1 1 0.675066 0
014 1 34 1 4 4 3 0 0 0.724603 0
014 1 35 1 5 6 4 0 0 0.999072 0
014 1 36 1 4 4 6 1 1 4.487714 0
014 1 37 1 5 8 7 1 1 0.746699 0
014 1 38 1 2 8 7 1 1 0.504165 0
014 1 39 1 5 8 2 0 0 0.506520 0
014 1 40 1 5 4 7 1 1 0.531684 0
014 1 41 1 2 8 7 1 1 0.638197 0
014 1 42 1 5 4 8 1 1 0.516554 0
014 1 43 1 2 2 4 0 0 0.553349 0
014 1 44 1 2 7 6 1 1 0.469662 0
014 1 45 1 2 8 2 0 0 0.440456 0
014 1 46 1 4 3 7 1 1 0.388852 0
014 1 47 1 5 4 2 0 0 0.437660 0
014 1 48 1 4 3 8 1 1 0.442859 0
014 1 49 1 4 4 7 1 1 0.478316 0
014 1 50 1 5 4 6 1 1 0.531178 0
014 1 51 1 5 4 2 0 0 0.396266 0
014 1 52 1 5 8 7 1 1 0.459082 0
014 1 53 1 5 6 7 1 1 0.438411 0
014 1 54 1 2 4 6 1 1 0.543526 0
014 1 55 1 2 8 6 1 1 0.700247 0
014 1 56 1 5 8 2 0 0 0.474458 0
014 1 57 1 4 6 3 0 0 0.533005 0
014 1 58 1 4 8 2 0 0 0.555176 0
014 1 59 1 4 6 3 0 0 0.465470 0
014 2 00 1 4 3 8 1 1 0.693959 0
014 2 01 1 2 4 7 1 1 0.568965 0
014 2 02 1 2 3 4 0 0 0.461940 0
014 2 03 1 2 3 8 1 1 0.429928 0
014 2 04 1 4 2 6 1 1 0.819246 0
014 2 05 1 5 3 8 1 1 0.411845 0
014 2 06 1 4 7 3 0 0 0.460763 0
014 2 07 1 4 7 2 0 0 0.490479 0
014 2 08 1 2 7 4 1 0 0.587978 0
014 2 09 1 2 8 3 0 0 0.942655 0
014 2 10 1 2 8 2 0 0 0.449981 0
014 2 11 1 4 6 7 1 1 0.727508 0
014 2 12 1 4 4 2 0 0 0.603795 0
014 2 13 1 5 2 3 0 0 0.846744 0
014 2 14 1 5 7 4 0 0 0.684992 0
014 2 15 1 4 8 2 0 0 0.532484 0
014 2 16 1 4 6 8 1 1 0.670726 0
014 2 17 1 2 6 8 1 1 0.866470 0
014 2 18 1 4 4 8 1 1 0.451993 0
014 2 19 1 4 6 3 0 0 0.563855 0
014 2 20 1 5 2 3 0 0 1.036726 0
014 2 21 1 4 8 2 0 0 0.497319 0
014 2 22 1 4 6 8 1 1 0.631633 0
014 2 23 1 4 8 6 1 1 0.669723 0
014 2 24 1 4 3 2 0 0 0.460679 0
014 2 25 1 4 6 8 1 1 0.566765 0
014 2 26 1 4 2 3 0 0 1.528297 0
014 2 27 1 4 8 3 0 0 0.421524 0
014 2 28 1 5 3 7 1 1 0.505017 0
014 2 29 1 4 6 4 0 0 0.558485 0
014 2 30 1 5 4 2 0 0 0.449815 0
014 2 31 1 2 3 2 0 0 0.395722 0
014 2 32 1 4 2 6 1 1 0.546262 0
014 2 33 1 4 2 4 0 0 0.397885 0
014 2 34 1 4 3 4 0 0 0.399432 0
014 2 35 1 5 8 3 0 0 0.571924 0
014 2 36 1 4 7 6 1 1 0.485605 0
014 2 37 1 4 4 7 1 1 1.176826 0
014 2 38 1 4 3 7 1 1 0.577629 0
014 2 39 1 4 8 4 0 0 0.665594 0
014 2 40 1 2 2 3 0 0 0.523613 0
014 2 41 1 5 6 8 1 1 0.512786 0
014 2 42 1 5 2 3 0 0 0.583036 0
014 2 43 1 2 7 4 0 0 0.639607 0
014 2 44 1 5 6 4 0 0 0.463163 0
014 2 45 1 4 7 8 1 1 0.530126 0
014 2 46 1 2 4 7 1 1 0.598222 0
014 2 47 1 2 2 8 1 1 0.745869 0
014 2 48 1 5 8 6 1 1 0.880790 0
014 2 49 1 4 7 6 1 1 0.611629 0
014 2 50 1 2 2 6 1 1 0.454780 0
014 2 51 1 2 6 7 1 1 0.518172 0
014 2 52 1 4 3 8 1 1 0.439025 0
014 2 53 1 5 3 4 0 0 0.505416 0
014 2 54 1 2 7 4 0 0 0.485621 0
014 2 55 1 5 4 6 1 1 0.671404 0
014 2 56 1 4 2 4 0 0 0.543973 0
014 2 57 1 2 3 2 0 0 0.558164 0
014 2 58 1 4 7 2 0 0 0.488125 0
014 2 59 1 4 2 6 1 1 0.529508 0
014 3 00 1 2 8 3 0 0 1.132455 0
014 3 01 1 4 4 2 0 0 0.439206 0
014 3 02 1 5 8 2 0 0 0.390574 0
014 3 03 1 2 4 3 0 0 0.361264 0
014 3 04 1 2 3 2 0 0 0.401205 0
014 3 05 1 5 8 6 1 1 0.419857 0
014 3 06 1 2 2 8 1 1 0.477568 0
014 3 07 1 5 2 3 0 0 0.477652 0
014 3 08 1 5 2 4 0 0 0.718876 0
014 3 09 1 5 6 8 1 1 0.549467 0
014 3 10 1 5 3 6 1 1 1.047335 0
014 3 11 1 2 7 8 1 1 0.828366 0
014 3 12 1 4 8 7 1 1 0.615726 0
014 3 13 1 2 7 8 1 1 0.428414 0
014 3 14 1 4 3 6 1 1 0.604856 0
014 3 15 1 4 7 3 0 0 0.549291 0
014 3 16 1 5 7 3 0 0 0.561183 0
014 3 17 1 5 4 2 0 0 0.662902 0
014 3 18 1 5 2 4 0 0 0.549128 0
014 3 19 1 2 3 4 0 0 0.486898 0
014 3 20 1 2 8 2 0 0 0.458098 0
014 3 21 1 5 7 2 0 0 0.431960 0
014 3 22 1 4 4 8 1 1 0.489694 0
014 3 23 1 4 4 6 1 1 0.590577 0
014 3 24 1 2 4 2 0 0 0.484081 0
014 3 25 1 2 3 7 1 1 0.466864 0
014 3 26 1 2 4 7 1 1 0.415393 0
014 3 27 1 4 2 6 1 1 0.408587 0
014 3 28 1 5 6 4 0 0 0.505568 0
014 3 29 1 5 6 3 0 0 0.628762 0
014 3 30 1 4 8 6 1 1 0.404959 0
014 3 31 1 2 7 3 0 0 0.554915 0
014 3 32 1 4 6 4 0 0 0.622298 0
014 3 33 1 2 6 3 0 0 0.426264 0
014 3 34 1 2 7 2 0 0 0.382851 0
014 3 35 1 5 4 8 1 1 0.499432 0
014 3 36 1 2 7 6 1 1 0.482091 0
014 3 37 1 4 7 4 0 0 0.658182 0
014 3 38 1 4 4 2 0 0 0.454197 0
014 3 39 1 4 6 2 0 0 0.436489 0
014 3 40 1 4 2 4 0 0 0.533259 0
014 3 41 1 5 2 8 1 1 0.454537 0
014 3 42 1 4 3 6 1 1 0.526689 0
014 3 43 1 5 4 8 1 1 0.518736 0
014 3 44 1 5 4 3 0 0 0.647747 0
014 3 45 1 5 8 4 0 0 0.665937 0
014 3 46 1 4 3 2 0 0 0.406108 0
014 3 47 1 5 7 6 1 1 0.550629 0
014 3 48 1 5 2 3 0 0 0.537157 0
014 3 49 1 5 8 2 0 0 0.472581 0
014 3 50 1 4 4 2 0 0 0.356859 0
014 3 51 1 5 2 6 1 1 0.593772 0
014 3 52 1 5 2 8 1 1 0.650881 0
014 3 53 1 5 8 4 0 0 0.562141 0
014 3 54 1 2 3 8 1 1 0.609907 0
014 3 55 1 5 3 6 1 1 0.518378 0
014 3 56 1 4 3 8 1 1 0.468153 0
014 3 57 1 4 2 8 1 1 0.397613 0
014 3 58 1 4 4 8 1 1 0.567600 0
014 3 59 1 5 3 8 1 1 0.425131 0
014 4 00 1 4 7 8 1 1 0.505099 0
014 4 01 1 2 4 3 0 0 0.594902 0
014 4 02 1 2 8 4 0 0 0.668422 0
014 4 03 1 5 2 7 1 1 0.481840 0
014 4 04 1 2 4 3 0 0 0.447383 0
014 4 05 1 2 7 3 0 0 0.364790 0
014 4 06 1 4 6 2 0 0 0.432601 0
014 4 07 1 4 7 4 0 0 0.476530 0
014 4 08 1 5 6 4 0 0 0.405869 0
014 4 09 1 4 2 8 1 1 0.721888 0
014 4 10 1 4 3 2 0 0 0.594650 0
014 4 11 1 4 4 3 1 0 0.639960 0
014 4 12 1 5 7 2 0 0 0.641118 0
014 4 13 1 5 2 7 1 1 0.510280 0
014 4 14 1 4 7 8 1 1 0.529812 0
014 4 15 1 4 3 4 0 0 0.746513 0
014 4 16 1 4 4 6 1 1 0.602655 0
014 4 17 1 5 6 3 0 0 0.531072 0
014 4 18 1 4 8 3 0 0 0.570460 0
014 4 19 1 4 4 2 0 0 0.498280 0
014 4 20 1 4 7 3 0 0 0.467547 0
014 4 21 1 4 7 8 1 1 0.556606 0
014 4 22 1 2 6 2 0 0 0.442237 0
014 4 23 1 2 7 2 0 0 0.390931 0
014 4 24 1 4 8 6 1 1 0.490882 0
014 4 25 1 4 8 6 1 1 0.544220 0
014 4 26 1 2 6 7 1 1 0.766349 0
014 4 27 1 5 6 8 1 1 0.586389 0
014 4 28 1 2 8 7 1 1 0.713716 0
014 4 29 1 4 4 8 1 1 0.507911 0
014 4 30 1 5 3 4 0 0 0.519206 0
014 4 31 1 5 8 7 1 1 0.915342 0
014 4 32 1 2 7 3 0 0 0.539894 0
014 4 33 1 2 6 4 0 0 0.522822 0
014 4 34 1 5 6 7 1 1 0.503225 0
014 4 35 1 4 8 4 0 0 1.197450 0
014 4 36 1 4 3 4 0 0 0.524669 0
014 4 37 1 5 8 6 1 1 0.468061 0
014 4 38 1 2 8 4 0 0 0.500956 0
014 4 39 1 4 2 3 0 0 0.511667 0
014 4 40 1 5 3 6 1 1 0.780995 0
014 4 41 1 5 8 3 0 0 0.483060 0
014 4 42 1 5 3 6 1 1 0.504728 0
014 4 43 1 2 7 3 0 0 0.670187 0
014 4 44 1 5 7 3 0 0 0.419095 0
014 4 45 1 5 7 3 0 0 0.386962 0
014 4 46 1 4 7 2 0 0 0.534049 0
014 4 47 1 5 3 2 0 0 0.396531 0
014 4 48 1 5 7 6 1 1 0.403705 0
014 4 49 1 4 2 4 0 0 0.531961 0
014 4 50 1 2 4 2 0 0 0.464223 0
014 4 51 1 4 2 7 1 1 0.668728 0
014 4 52 1 4 6 7 1 1 0.634355 0
014 4 53 1 5 3 7 1 1 0.455929 0
014 4 54 1 2 3 4 0 0 0.718960 0
014 4 55 1 4 8 7 1 1 0.577552 0
014 4 56 1 4 2 7 1 1 0.611714 0
014 4 57 1 4 8 6 1 1 0.658092 0
014 4 58 1 2 6 3 0 0 0.561062 0
014 4 59 1 4 2 8 1 1 0.536076 0
014 5 00 1 2 7 3 0 0 0.448384 0
014 5 01 1 4 2 6 1 1 2.212411 0
014 5 02 1 4 2 8 1 1 0.478131 0
014 5 03 1 5 2 6 1 1 0.618216 0
014 5 04 1 5 6 4 0 0 0.557317 0
014 5 05 1 5 6 4 0 0 0.467927 0
014 5 06 1 5 4 3 0 0 0.513184 0
014 5 07 1 4 7 2 0 0 0.661795 0
014 5 08 1 4 2 8 1 1 0.581466 0
014 5 09 1 5 4 6 1 1 0.587931 0
014 5 10 1 2 7 6 1 1 0.611336 0
014 5 11 1 5 7 2 0 0 0.525234 0
014 5 12 1 4 8 4 0 0 0.828398 0
014 5 13 1 4 2 4 0 0 0.480024 0
014 5 14 1 2 4 6 1 1 0.650474 0
014 5 15 1 2 2 7 1 1 0.601300 0
014 5 16 1 4 2 8 1 1 0.830172 0
014 5 17 1 5 4 2 0 0 0.445758 0
014 5 18 1 2 4 8 1 1 0.489621 0
014 5 19 1 5 6 3 0 0 0.478074 0
014 5 20 1 5 7 8 1 1 0.494043 0
014 5 21 1 5 4 3 0 0 0.389696 0
014 5 22 1 2 8 6 1 1 0.514567 0
014 5 23 1 4 4 8 1 1 0.540140 0
014 5 24 1 5 4 7 1 1 0.509229 0
014 5 25 1 2 8 4 0 0 0.713901 0
014 5 26 1 5 6 2 0 0 0.507875 0
014 5 27 1 2 4 7 1 1 0.433986 0
014 5 28 1 2 6 8 1 1 0.480834 0
014 5 29 1 2 4 8 1 1 0.406935 0
014 5 30 1 5 6 8 1 1 0.495446 0
014 5 31 1 4 8 3 0 0 0.472977 0
014 5 32 1 4 8 7 1 1 0.531317 0
014 5 33 1 4 6 7 1 1 0.649492 0
014 5 34 1 4 8 7 1 1 0.640154 0
014 5 35 1 5 7 6 1 1 0.456216 0
014 5 36 1 2 2 4 0 0 0.533803 0
014 5 37 1 2 3 7 1 1 0.466351 0
014 5 38 1 5 3 4 0 0 0.511207 0
014 5 39 1 5 8 7 1 1 0.553238 0
014 5 40 1 2 8 4 0 0 0.572635 0
014 5 41 1 2 8 6 0 1 0.490887 0
014 5 42 1 4 8 4 0 0 0.495830 0
014 5 43 1 2 7 4 0 0 0.418990 0
014 5 44 1 2 7 8 1 1 0.501294 0
014 5 45 1 2 8 3 0 0 1.003702 0
014 5 46 1 4 4 7 1 1 0.480666 0
014 5 47 1 5 4 7 1 1 0.446668 0
014 5 48 1 5 2 7 1 1 0.434315 0
014 5 49 1 4 7 8 1 1 0.930680 0
014 5 50 1 4 6 8 1 1 0.398394 0
014 5 51 1 2 8 7 1 1 0.506064 0
014 5 52 1 4 3 7 1 1 0.471747 0
014 5 53 1 5 2 8 1 1 1.001900 0
014 5 54 1 4 6 4 0 0 0.549113 0
014 5 55 1 5 3 8 1 1 0.554240 0
014 5 56 1 2 7 8 1 1 0.590844 0
014 5 57 1 2 2 7 1 1 0.597141 0
014 5 58 1 5 8 3 0 0 0.721643 0
014 5 59 1 2 2 8 1 1 0.517510 0
014 6 00 1 4 8 2 0 0 0.476446 0
014 6 01 1 5 7 8 1 1 1.225640 0
014 6 02 1 5 7 3 0 0 0.545112 0
014 6 03 1 2 6 3 0 0 0.441495 0
014 6 04 1 5 3 4 0 0 0.465359 0
014 6 05 1 2 8 3 0 0 0.466835 0
014 6 06 1 4 4 6 1 1 0.645866 0
014 6 07 1 5 3 7 1 1 0.647133 0
014 6 08 1 2 3 2 0 0 0.909213 0
014 6 09 1 2 3 8 1 1 1.216687 0
014 6 10 1 5 6 3 1 0 0.440510 0
014 6 11 1 5 6 3 0 0 0.543521 0
014 6 12 1 4 3 8 1 1 0.666491 0
014 6 13 1 4 4 3 0 0 0.724312 0
014 6 14 1 2 3 6 1 1 0.824486 0
014 6 15 1 2 3 7 1 1 1.266028 0
014 6 16 1 2 3 6 1 1 0.623205 0
014 6 17 1 4 8 6 1 1 0.590296 0
014 6 18 1 2 6 7 1 1 0.425037 0
014 6 19 1 2 8 2 0 0 0.513817 0
014 6 20 1 4 7 2 0 0 0.457267 0
014 6 21 1 4 3 4 0 0 0.490544 0
014 6 22 1 2 8 7 1 1 0.855479 0
014 6 23 1 5 8 4 0 0 0.505408 0
014 6 24 1 2 6 3 0 0 0.505078 0
014 6 25 1 2 2 6 1 1 0.754812 0
014 6 26 1 5 4 7 1 1 0.774631 0
014 6 27 1 5 3 2 0 0 0.397849 0
014 6 28 1 2 4 3 0 0 0.831559 0
014 6 29 1 4 8 7 1 1 0.449974 0
014 6 30 1 2 4 2 0 0 0.786147 0
014 6 31 1 2 6 7 1 1 0.645413 0
014 6 32 1 5 2 7 1 1 0.546185 0
014 6 33 1 5 6 2 0 0 0.496829 0
014 6 34 1 5 7 8 1 1 0.769052 0
014 6 35 1 2 6 2 0 0 0.440246 0
014 6 36 1 5 3 6 1 1 0.832918 0
014 6 37 1 2 7 2 0 0 0.504807 0
014 6 38 1 4 8 2 0 0 0.479728 0
014 6 39 1 4 6 2 0 0 0.434527 0
014 6 40 1 5 6 2 0 0 0.430359 0
014 6 41 1 2 3 6 1 1 0.476346 0
014 6 42 1 5 6 2 0 0 0.529361 0
014 6 43 1 2 3 8 1 1 0.450211 0
014 6 44 1 2 8 6 1 1 0.780834 0
014 6 45 1 5 7 3 0 0 0.454505 0
014 6 46 1 4 2 3 0 0 0.591393 0
014 6 47 1 2 2 6 1 1 0.518508 0
014 6 48 1 2 2 4 0 0 0.715410 0
014 6 49 1 4 2 7 1 1 0.669705 0
014 6 50 1 5 7 4 0 0 0.447057 0
014 6 51 1 4 8 4 0 0 0.606380 0
014 6 52 1 4 4 6 1 1 1.099210 0
014 6 53 1 4 6 2 0 0 0.457307 0
014 6 54 1 2 4 2 0 0 0.447702 0
014 6 55 1 4 3 2 0 0 0.415612 0
014 6 56 1 2 2 3 0 0 0.697792 0
014 6 57 1 4 2 3 0 0 0.382425 0
014 6 58 1 5 3 2 0 0 0.515639 0
014 6 59 1 5 8 6 1 1 0.987519 0
014 7 00 1 5 8 3 0 0 0.491612 0
014 7 01 1 4 7 4 1 0 0.909838 0
014 7 02 1 2 3 8 1 1 0.656723 0
014 7 03 1 4 4 3 0 0 0.514922 0
014 7 04 1 5 8 6 1 1 1.158063 0
014 7 05 1 2 4 8 1 1 0.659215 0
014 7 06 1 4 3 6 1 1 0.449982 0
014 7 07 1 4 4 7 1 1 0.519266 0
014 7 08 1 4 4 3 0 0 0.398642 0
014 7 09 1 2 8 2 0 0 0.399186 0
014 7 10 1 2 6 8 1 1 0.492618 0
014 7 11 1 2 2 3 0 0 0.592740 0
014 7 12 1 5 8 3 0 0 0.477600 0
014 7 13 1 4 2 3 0 0 0.423764 0
014 7 14 1 2 3 6 1 1 3.605299 0
014 7 15 1 5 3 2 0 0 0.383235 0
014 7 16 1 2 4 7 1 1 0.386694 0
014 7 17 1 4 2 7 1 1 0.415418 0
014 7 18 1 5 6 8 1 1 0.427621 0
014 7 19 1 5 3 8 1 1 0.392678 0
014 7 20 1 4 4 6 1 1 0.528981 0
014 7 21 1 2 2 6 1 1 0.456130 0
014 7 22 1 4 7 3 0 0 0.536770 0
014 7 23 1 4 2 4 0 0 0.668307 0
014 7 24 1 4 6 4 0 0 0.436322 0
014 7 25 1 4 4 7 1 1 0.553161 0
014 7 26 1 2 7 8 1 1 1.053429 0
014 7 27 1 4 3 7 1 1 1.022896 0
014 7 28 1 4 8 7 1 1 1.776235 0
014 7 29 1 2 7 2 0 0 3.238270 0
014 7 30 1 2 3 2 0 0 1.129561 0
014 7 31 1 2 2 3 0 0 0.524068 0
014 7 32 1 2 7 8 1 1 0.528992 0
014 7 33 1 5 2 6 1 1 0.531878 0
014 7 34 1 5 7 2 0 0 0.481287 0
014 7 35 1 2 7 6 1 1 0.609341 0
014 7 36 1 5 7 6 1 1 0.616283 0
014 7 37 1 4 3 6 1 1 0.594327 0
014 7 38 1 2 7 6 1 1 0.752093 0
014 7 39 1 5 7 3 0 0 0.558315 0
014 7 40 1 2 2 7 1 1 0.755783 0
014 7 41 1 4 6 2 0 0 0.868929 0
014 7 42 1 2 3 8 1 1 0.552950 0
014 7 43 1 2 6 3 0 0 0.617998 0
014 7 44 1 5 2 8 1 1 0.546491 0
014 7 45 1 2 8 7 1 1 0.499464 0
014 7 46 1 2 8 3 0 0 0.748984 0
014 7 47 1 5 8 3 0 0 0.450926 0
014 7 48 1 2 4 6 1 1 0.727787 0
014 7 49 1 4 2 7 1 1 0.468963 0
014 7 50 1 5 6 7 1 1 0.443269 0
014 7 51 1 5 2 4 0 0 0.532730 0
014 7 52 1 2 6 8 1 1 0.538324 0
014 7 53 1 2 4 8 1 1 0.463108 0
014 7 54 1 2 3 7 1 1 0.414489 0
014 7 55 1 5 4 6 1 1 0.534218 0
014 7 56 1 5 2 3 0 0 0.452696 0
014 7 57 1 2 4 2 0 0 0.386907 0
014 7 58 1 4 8 2 0 0 0.467371 0
014 7 59 1 4 3 6 1 1 0.612776 0
014 8 00 1 2 8 6 1 1 0.519590 0
014 8 01 1 2 8 4 0 0 0.477250 0
014 8 02 1 2 6 8 1 1 0.403748 0
014 8 03 1 2 6 2 0 0 0.419191 0
014 8 04 1 4 4 3 0 0 0.516623 0
014 8 05 1 4 7 4 1 0 0.497693 0
014 8 06 1 5 7 4 0 0 0.964338 0
014 8 07 1 5 3 7 1 1 0.564487 0
014 8 08 1 4 7 6 1 1 0.706010 0
014 8 09 1 4 7 2 0 0 0.469311 0
014 8 10 1 5 6 8 1 1 0.606474 0
014 8 11 1 4 3 2 0 0 0.546697 0
014 8 12 1 2 2 8 1 1 0.490814 0
014 8 13 1 4 7 6 1 1 0.872717 0
014 8 14 1 2 3 6 1 1 0.738243 0
014 8 15 1 5 3 7 1 1 0.479496 0
014 8 16 1 4 2 7 1 1 0.501644 0
014 8 17 1 5 4 8 1 1 1.024094 0
014 8 18 1 5 2 4 0 0 0.743198 0
014 8 19 1 4 8 3 0 0 0.638561 0
014 8 20 1 4 7 3 0 0 0.506661 0
014 8 21 1 2 7 6 1 1 0.648612 0
014 8 22 1 5 2 4 0 0 0.528891 0
014 8 23 1 4 3 4 0 0 0.505798 0
014 8 24 1 2 8 3 0 0 0.533394 0
014 8 25 1 2 7 2 0 0 0.805596 0
014 8 26 1 4 6 4 0 0 0.948570 0
014 8 27 1 5 4 3 0 0 0.570503 0
014 8 28 1 4 6 3 0 0 0.567510 0
014 8 29 1 4 7 6 1 1 0.879085 0
014 8 30 1 2 6 4 0 0 0.624013 0
014 8 31 1 2 2 6 1 1 0.475012 0
014 8 32 1 2 4 3 0 0 0.575341 0
014 8 33 1 2 8 4 0 0 0.499819 0
014 8 34 1 2 3 6 1 1 0.796725 0
014 8 35 1 5 7 8 1 1 0.512771 0
014 8 36 1 5 3 7 1 1 0.462465 0
014 8 37 1 5 7 4 0 0 0.573775 0
014 8 38 1 2 6 2 0 0 0.635353 0
014 8 39 1 2 2 3 0 0 0.694812 0
014 8 40 1 5 8 6 1 1 0.637513 0
014 8 41 1 5 7 2 0 0 0.537550 0
014 8 42 1 4 3 2 0 0 0.405036 0
014 8 43 1 2 2 3 0 0 0.704401 0
014 8 44 1 4 8 3 0 0 0.579414 0
014 8 45 1 5 7 8 1 1 0.622110 0
014 8 46 1 5 8 4 0 0 0.577945 0
014 8 47 1 5 4 3 0 0 0.825274 0
014 8 48 1 2 4 6 1 1 0.701809 0
014 8 49 1 2 4 7 1 1 0.436310 0
014 8 50 1 5 3 4 0 0 0.460188 0
014 8 51 1 4 3 7 1 1 0.484079 0
014 8 52 1 2 2 6 1 1 1.011027 0
014 8 53 1 2 2 7 1 1 0.589350 0
014 8 54 1 4 7 3 0 0 0.463572 0
014 8 55 1 4 7 4 0 0 0.637059 0
014 8 56 1 5 3 6 1 1 0.477752 0
014 8 57 1 2 6 4 0 0 0.498930 0
014 8 58 1 4 7 8 1 1 0.464064 0
014 8 59 1 4 4 2 0 0 0.468643 0
014 9 00 0 4 6 2 1 1 2.706234 0
014 9 01 0 5 6 7 1 1 0.995576 0
014 9 02 0 12 8 3 0 1 0.719324 0
014 9 03 0 4 6 7 0 1 1.040427 0
014 9 04 0 4 4 6 0 0 0.917869 0
014 9 05 0 2 4 6 1 0 1.420732 0
014 9 06 0 2 2 7 0 0 0.777318 0
014 9 07 0 2 8 6 1 1 1.238891 0
014 9 08 0 2 2 4 1 0 1.267447 0
014 9 09 0 5 8 2 1 1 0.782310 0
014 9 10 0 2 3 4 0 0 1.022252 0
014 9 11 0 12 2 8 0 0 0.897843 0
014 9 12 0 2 8 6 1 1 1.136240 0
014 9 13 0 4 6 8 1 1 0.874476 0
014 9 14 0 2 7 8 1 1 0.811701 0
014 9 15 0 12 2 3 0 0 0.710053 0
014 9 16 0 12 2 6 0 0 0.609917 0
014 9 17 0 5 3 7 0 0 1.193754 0
014 9 18 0 2 3 6 1 0 1.451946 0
014 9 19 0 2 3 4 1 0 2.983423 0
014 9 20 0 12 7 4 1 1 0.823788 0
014 9 21 0 2 7 2 0 1 1.707301 0
014 9 22 0 12 8 4 1 1 0.555931 0
014 9 23 0 12 7 8 1 1 0.822143 0
014 9 24 0 2 3 4 0 0 0.719560 0
014 9 25 0 2 6 4 0 1 1.014642 0
014 9 26 0 12 7 3 1 1 0.785892 0
014 9 27 0 4 4 8 0 0 1.186402 0
014 9 28 0 12 7 2 1 1 1.282438 0
014 9 29 0 12 3 8 0 0 0.561967 0
014 9 30 0 5 2 8 0 0 0.779542 0
014 9 31 0 4 4 8 0 0 0.951706 0
014 9 32 0 12 2 7 0 0 0.983311 0
014 9 33 0 4 2 8 0 0 0.756068 0
014 9 34 0 4 2 3 0 0 1.405900 0
014 9 35 0 2 3 2 0 0 0.801147 0
014 9 36 0 4 6 2 1 1 0.523952 0
014 9 37 0 4 2 6 0 0 0.825613 0
014 9 38 0 12 4 6 1 0 1.414810 0
014 9 39 0 4 8 7 1 1 2.002352 0
014 9 40 0 2 2 8 0 0 0.749636 0
014 9 41 0 2 4 8 0 0 1.300657 0
014 9 42 0 2 2 6 0 0 1.169568 0
014 9 43 0 4 7 3 1 1 1.368958 0
014 9 44 0 4 7 2 1 1 1.562475 0
014 9 45 0 2 2 8 0 0 0.934259 0
014 9 46 0 12 4 2 1 0 0.710295 0
014 9 47 0 5 7 4 0 1 1.244756 0
014 9 48 0 4 3 7 0 0 1.276125 0
014 9 49 0 12 2 6 0 0 0.681883 0
014 9 50 0 12 4 3 0 0 0.977209 0
014 9 51 0 12 4 7 0 0 0.686049 0
014 9 52 0 5 2 3 0 0 0.773105 0
014 9 53 0 4 8 3 1 1 0.818771 0
014 9 54 0 2 8 6 0 1 1.191071 0
014 9 55 0 5 6 3 1 1 1.558996 0
014 9 56 0 4 7 8 0 1 0.900245 0
014 9 57 0 2 2 3 0 0 0.674968 0
014 9 58 0 12 6 8 1 1 0.613834 0
014 9 59 0 5 8 3 1 1 1.363343 0
014 10 00 0 5 2 8 0 0 0.687823 0
014 10 01 0 5 3 7 1 0 1.059032 0
014 10 02 0 2 6 2 1 1 2.290840 0
014 10 03 0 5 4 2 0 0 0.620430 0
014 10 04 0 2 2 7 0 0 0.661477 0
014 10 05 0 12 8 3 1 1 0.816727 0
014 10 06 0 4 4 6 0 0 1.315416 0
014 10 07 0 12 6 7 1 1 0.791772 0
014 10 08 0 2 7 4 1 1 1.303947 0
014 10 09 0 12 7 6 1 1 0.558135 0
014 10 10 0 12 2 7 0 0 0.439292 0
014 10 11 0 12 3 7 0 0 0.813514 0
014 10 12 0 12 4 8 0 0 0.863445 0
014 10 13 0 12 8 2 1 1 0.838204 0
014 10 14 0 4 7 4 1 1 0.767063 0
014 10 15 0 5 8 3 1 1 1.549135 0
014 10 16 0 12 6 2 1 1 1.065253 0
014 10 17 0 2 6 7 0 1 0.979320 0
014 10 18 0 4 6 8 1 1 0.842197 0
014 10 19 0 4 2 4 0 0 0.492648 0
014 10 20 0 2 8 4 1 1 1.167283 0
014 10 21 0 2 6 8 0 1 0.987123 0
014 10 22 0 5 8 4 1 1 0.582634 0
014 10 23 0 4 3 7 0 0 0.811793 0
014 10 24 0 12 4 7 0 0 0.614226 0
014 10 25 0 4 4 7 0 0 0.542879 0
014 10 26 0 12 2 3 0 0 0.452089 0
014 10 27 0 5 4 7 0 0 1.017357 0
014 10 28 0 12 6 3 1 1 1.046846 0
014 10 29 0 2 2 7 0 0 0.831300 0
014 10 30 0 2 3 4 1 0 0.925312 0
014 10 31 0 12 3 4 0 0 0.535448 0
014 10 32 0 4 2 6 1 0 2.236217 0
014 10 33 0 12 2 4 0 0 0.674867 0
014 10 34 0 5 2 4 0 0 0.773186 0
014 10 35 0 5 2 7 0 0 0.419958 0
014 10 36 0 5 6 7 1 1 0.624916 0
014 10 37 0 12 4 3 0 0 0.528908 0
014 10 38 0 12 8 6 1 1 0.583026 0
014 10 39 0 2 6 4 1 1 0.755942 0
014 10 40 0 12 4 7 0 0 0.799568 0
014 10 41 0 4 3 8 1 0 0.808923 0
014 10 42 0 12 6 7 1 1 1.196064 0
014 10 43 0 12 7 3 0 1 0.593676 0
014 10 44 0 2 8 2 0 1 1.163123 0
014 10 45 0 12 8 3 1 1 1.037569 0
014 10 46 0 5 7 8 0 1 0.642640 0
014 10 47 0 12 4 6 0 0 0.553373 0
014 10 48 0 12 3 8 0 0 0.662324 0
014 10 49 0 12 8 7 1 1 0.882167 0
014 10 50 0 4 7 6 1 1 0.848619 0
014 10 51 0 2 2 7 0 0 1.375622 0
014 10 52 0 12 2 6 0 0 0.442192 0
014 10 53 0 12 4 7 0 0 0.701312 0
014 10 54 0 5 2 7 0 0 1.204605 0
014 10 55 0 12 8 6 1 1 0.921724 0
014 10 56 0 12 4 6 0 0 0.801181 0
014 10 57 0 4 3 7 0 0 0.653285 0
014 10 58 0 5 8 4 1 1 1.979510 0
014 10 59 0 5 3 2 0 0 1.112339 0
014 11 00 0 12 3 2 0 0 0.524350 0
014 11 01 0 5 2 6 1 0 2.991935 0
014 11 02 0 2 8 7 1 1 1.044846 0
014 11 03 0 12 2 8 0 0 0.431370 0
014 11 04 0 12 3 7 0 0 0.968572 0
014 11 05 0 5 4 8 1 0 2.120907 0
014 11 06 0 2 7 3 0 1 1.179389 0
014 11 07 0 4 4 7 0 0 0.738209 0
014 11 08 0 4 2 4 0 0 0.606193 0
014 11 09 0 2 7 6 0 1 1.017506 0
014 11 10 0 12 3 4 0 0 0.551886 0
014 11 11 0 5 7 3 1 1 0.401182 0
014 11 12 0 5 3 7 0 0 0.676266 0
014 11 13 0 5 6 8 1 1 1.333570 0
014 11 14 0 12 7 6 1 1 0.974316 0
014 11 15 0 2 8 4 0 1 1.034079 0
014 11 16 0 12 3 8 0 0 0.623243 0
014 11 17 0 4 7 3 1 1 0.909327 0
014 11 18 0 2 4 6 1 0 1.148246 0
014 11 19 0 2 3 2 0 0 0.515737 0
014 11 20 0 12 8 2 1 1 0.730843 0
014 11 21 0 5 2 3 0 0 1.146979 0
014 11 22 0 12 3 6 1 0 0.936301 0
014 11 23 0 5 7 8 0 1 1.161210 0
014 11 24 0 12 8 2 1 1 1.597207 0
014 11 25 0 2 2 3 0 0 0.710860 0
014 11 26 0 2 8 6 0 1 2.113103 0
014 11 27 0 2 7 2 1 1 0.929093 0
014 11 28 0 12 3 4 0 0 0.682291 0
014 11 29 0 4 2 7 0 0 0.611986 0
014 11 30 0 2 2 8 1 0 0.692740 0
014 11 31 0 12 3 2 0 0 0.592237 0
014 11 32 0 12 6 8 1 1 0.695782 0
014 11 33 0 12 6 7 1 1 0.598162 0
014 11 34 0 2 3 6 0 0 0.610495 0
014 11 35 0 2 6 7 1 1 0.814722 0
014 11 36 0 12 6 4 1 1 0.650909 0
014 11 37 0 2 3 7 0 0 0.652874 0
014 11 38 0 4 7 6 1 1 0.964140 0
014 11 39 0 5 2 8 0 0 0.421967 0
014 11 40 0 5 4 3 1 0 0.868345 0
014 11 41 0 12 6 3 1 1 1.022277 0
014 11 42 0 12 8 7 1 1 0.953284 0
014 11 43 0 5 8 3 1 1 0.776451 0
014 11 44 0 2 2 6 0 0 0.872436 0
014 11 45 0 12 4 2 0 0 1.422818 0
014 11 46 0 4 4 6 0 0 1.512580 0
014 11 47 0 5 7 6 1 1 1.027193 0
014 11 48 0 5 4 6 0 0 0.828776 0
014 11 49 0 2 7 3 0 1 0.914226 0
014 11 50 0 2 4 7 0 0 1.104637 0
014 11 51 0 5 7 2 1 1 0.822861 0
014 11 52 0 5 3 2 0 0 1.335676 0
014 11 53 0 5 3 4 0 0 1.317603 0
014 11 54 0 12 6 2 1 1 1.095002 0
014 11 55 0 2 8 7 1 1 4.350538 0
014 11 56 0 5 2 3 0 0 0.859433 0
014 11 57 0 5 6 2 1 1 0.616206 0
014 11 58 0 2 3 2 1 0 1.525492 0
014 11 59 0 4 3 2 0 0 2.012370 0
014 12 00 0 2 6 4 0 1 0.935731 0
014 12 01 0 5 3 2 0 0 0.469265 0
014 12 02 0 2 3 7 1 0 0.542666 0
014 12 03 0 4 7 2 1 1 0.850158 0
014 12 04 0 12 7 3 1 1 0.807179 0
014 12 05 0 2 6 7 0 1 1.100405 0
014 12 06 0 5 7 3 1 1 0.601655 0
014 12 07 0 4 2 8 0 0 0.631477 0
014 12 08 0 4 8 2 1 1 0.636327 0
014 12 09 0 2 7 4 1 1 1.821023 0
014 12 10 0 2 2 6 1 0 0.943005 0
014 12 11 0 2 8 2 1 1 0.838578 0
014 12 12 0 2 8 2 1 1 0.696615 0
014 12 13 0 2 7 3 0 1 0.783391 0
014 12 14 0 4 6 3 1 1 1.607930 0
014 12 15 0 4 7 4 1 1 0.637722 0
014 12 16 0 5 7 4 1 1 0.443333 0
014 12 17 0 12 8 7 1 1 0.598567 0
014 12 18 0 2 4 3 0 0 0.549335 0
014 12 19 0 2 4 8 0 0 1.134714 0
014 12 20 0 2 6 7 1 1 0.953915 0
014 12 21 0 12 7 4 1 1 0.935316 0
014 12 22 0 5 6 8 1 1 0.831793 0
014 12 23 0 4 8 7 1 1 0.538055 0
014 12 24 0 2 4 6 1 0 0.589282 0
014 12 25 0 5 4 3 0 0 0.531720 0
014 12 26 0 2 4 3 0 0 0.751465 0
014 12 27 0 5 2 4 0 0 0.695570 0
014 12 28 0 2 6 2 0 1 0.599612 0
014 12 29 0 5 8 7 1 1 1.141061 0
014 12 30 0 12 7 4 1 1 1.239284 0
014 12 31 0 12 4 6 0 0 0.981985 0
014 12 32 0 5 7 6 1 1 1.103543 0
014 12 33 0 12 2 3 0 0 0.653726 0
014 12 34 0 12 3 2 0 0 2.845824 0
014 12 35 0 2 4 2 0 0 0.737082 0
014 12 36 0 12 6 3 1 1 1.770051 0
014 12 37 0 12 4 8 0 0 0.611422 0
014 12 38 0 2 6 8 1 1 1.366449 0
014 12 39 0 4 7 6 1 1 1.121309 0
014 12 40 0 12 6 8 1 1 0.547954 0
014 12 41 0 12 2 4 0 0 1.901371 0
014 12 42 0 12 2 7 0 0 0.535813 0
014 12 43 0 5 6 3 1 1 1.402726 0
014 12 44 0 12 6 3 1 1 0.697820 0
014 12 45 0 4 8 4 1 1 0.892087 0
014 12 46 0 4 6 4 1 1 0.562770 0
014 12 47 0 12 2 8 0 0 0.767168 0
014 12 48 0 5 7 6 0 1 0.751261 0
014 12 49 0 12 7 4 1 1 0.829001 0
014 12 50 0 4 6 7 0 1 1.204708 0
014 12 51 0 2 3 7 1 0 0.707581 0
014 12 52 0 12 7 3 0 1 0.534298 0
014 12 53 0 5 3 8 0 0 2.165157 0
014 12 54 0 12 7 2 1 1 0.965991 0
014 12 55 0 12 8 3 1 1 0.958753 0
014 12 56 0 5 4 6 0 0 0.798845 0
014 12 57 0 12 4 3 0 0 0.693339 0
014 12 58 0 12 8 3 1 1 0.508546 0
014 12 59 0 12 8 6 1 1 0.825128 0
