002 0 00 1 2 4 2 0 0 14.668737 0
002 0 01 1 3 6 2 0 0 16.779959 0
002 0 02 1 3 4 2 0 0 20.748983 0
002 0 03 1 2 6 7 1 1 6.862612 0
002 0 04 1 3 8 7 1 1 6.596127 0
002 0 05 1 3 2 6 1 1 6.032939 0
002 0 06 1 2 4 8 1 1 7.397802 0
002 0 07 1 3 8 4 0 0 5.836702 0
002 0 08 1 6 8 3 0 0 5.817196 0
002 0 09 1 2 7 3 0 0 5.478547 0
002 0 10 1 2 7 3 0 0 4.639452 0
002 0 11 1 2 2 7 1 1 4.755236 0
002 0 12 1 6 7 2 0 0 4.357234 0
002 0 13 1 2 7 8 1 1 3.843212 0
002 0 14 1 2 6 2 0 0 4.497119 0
002 0 15 1 6 2 7 1 1 4.699110 0
002 0 16 1 2 2 8 1 1 4.800263 0
002 0 17 1 6 7 6 1 1 4.737291 0
002 0 18 1 2 3 4 0 0 4.464128 0
002 0 19 1 6 8 4 0 0 4.365565 0
002 0 20 1 2 2 8 1 1 4.474464 0
002 0 21 1 6 6 3 0 0 4.838378 0
002 0 22 1 3 4 6 1 1 5.283228 0
002 0 23 1 6 6 4 0 0 4.572227 0
002 0 24 1 3 3 4 0 0 4.573219 0
002 0 25 1 6 6 8 1 1 4.670289 0
002 0 26 1 2 6 4 0 0 4.306208 0
002 0 27 1 3 8 3 1 0 2.873268 0
002 0 28 1 2 4 6 1 1 3.518012 0
002 0 29 1 3 6 4 0 0 2.156093 0
002 0 30 1 6 2 3 0 0 2.522300 0
002 0 31 1 2 3 4 0 0 2.081423 0
002 0 32 1 3 6 8 1 1 4.421677 0
002 0 33 1 2 4 7 1 1 4.677590 0
002 0 34 1 2 8 6 1 1 4.445525 0
002 0 35 1 3 2 6 1 1 4.441689 0
002 0 36 1 2 2 4 0 0 3.217556 0
002 0 37 1 3 4 2 0 0 4.337630 0
002 0 38 1 6 4 6 1 1 2.304363 0
002 0 39 1 3 6 3 0 0 1.747113 0
002 0 40 1 3 3 8 1 1 1.945550 0
002 0 41 1 3 6 3 0 0 3.213305 0
002 0 42 1 6 7 2 0 0 2.241798 0
002 0 43 1 6 8 6 1 1 2.402288 0
002 0 44 1 3 6 8 1 1 3.302114 0
002 0 45 1 6 3 6 1 1 2.668817 0
002 0 46 1 2 4 3 0 0 1.643637 0
002 0 47 1 6 6 7 1 1 3.082657 0
002 0 48 1 3 6 3 0 0 2.705461 0
002 0 49 1 3 8 7 1 1 2.168889 0
002 0 50 1 2 2 4 0 0 2.582645 0
002 0 51 1 2 7 8 1 1 1.855913 0
002 0 52 1 6 4 2 0 0 1.733772 0
002 0 53 1 2 8 3 0 0 3.289353 0
002 0 54 1 6 4 6 1 1 2.784412 0
002 0 55 1 3 3 4 0 0 2.028141 0
002 0 56 1 6 8 7 1 1 1.838510 0
002 0 57 1 3 2 7 1 1 1.958492 0
002 0 58 1 6 7 4 0 0 2.035056 0
002 0 59 1 3 6 3 0 0 1.215784 0
002 1 00 1 3 7 2 0 0 1.761215 0
002 1 01 1 2 3 8 1 1 1.638711 0
002 1 02 1 6 7 8 1 1 1.914297 0
002 1 03 1 3 2 6 1 1 1.959307 0
002 1 04 1 6 4 8 1 1 2.386051 0
002 1 05 1 3 4 8 1 1 2.302883 0
002 1 06 1 6 8 7 1 1 1.621613 0
002 1 07 1 6 7 4 0 0 2.059056 0
002 1 08 1 2 8 4 0 0 1.140863 0
002 1 09 1 6 4 8 1 1 1.237798 0
002 1 10 1 6 6 3 0 0 2.200824 0
002 1 11 1 3 6 3 0 0 1.121811 0
002 1 12 1 3 2 3 0 0 1.665608 0
002 1 13 1 2 7 2 0 0 1.859494 0
002 1 14 1 6 4 3 0 0 1.206748 0
002 1 15 1 3 4 6 1 1 1.446091 0
002 1 16 1 3 2 4 0 0 1.407383 0
002 1 17 1 3 8 6 1 1 1.259925 0
002 1 18 1 6 6 2 0 0 1.571052 0
002 1 19 1 6 2 7 1 1 1.530458 0
002 1 20 1 3 7 2 0 0 1.233014 0
002 1 21 1 3 3 6 1 1 1.477190 0
002 1 22 1 6 7 4 0 0 2.190410 0
002 1 23 1 3 6 7 1 1 1.593353 0
002 1 24 1 6 7 2 0 0 1.374545 0
002 1 25 1 3 8 6 1 1 1.318042 0
002 1 26 1 3 4 2 0 0 1.333470 0
002 1 27 1 3 2 8 1 1 1.647161 0
002 1 28 1 6 2 4 0 0 2.284135 0
002 1 29 1 6 4 2 0 0 1.189232 0
002 1 30 1 6 2 6 1 1 1.337587 0
002 1 31 1 2 2 6 1 1 1.106307 0
002 1 32 1 3 8 2 0 0 1.182792 0
002 1 33 1 2 4 2 0 0 1.395026 0
002 1 34 1 6 7 6 1 1 1.480215 0
002 1 35 1 6 7 2 0 0 1.621630 0
002 1 36 1 2 8 4 0 0 1.501284 0
002 1 37 1 6 4 3 0 0 1.653280 0
002 1 38 1 2 2 8 1 1 1.551361 0
002 1 39 1 2 7 3 0 0 1.267444 0
002 1 40 1 2 6 4 0 0 1.406675 0
002 1 41 1 3 8 4 0 0 1.703002 0
002 1 42 1 6 6 7 1 1 1.594755 0
002 1 43 1 3 3 7 1 1 1.304771 0
002 1 44 1 2 7 2 0 0 1.593926 0
002 1 45 1 3 3 7 1 1 1.262732 0
002 1 46 1 2 3 6 1 1 3.728364 0
002 1 47 1 6 7 2 0 0 1.523452 0
002 1 48 1 6 6 3 0 0 1.691633 0
002 1 49 1 6 2 7 1 1 1.624674 0
002 1 50 1 2 6 7 1 1 1.498640 0
002 1 51 1 3 3 7 1 1 1.609625 0
002 1 52 1 2 7 8 1 1 1.623229 0
002 1 53 1 6 2 4 0 0 2.125683 0
002 1 54 1 3 2 7 1 1 3.568492 0
002 1 55 1 3 2 4 0 0 1.414322 0
002 1 56 1 3 7 4 0 0 1.176244 0
002 1 57 1 3 8 7 1 1 1.321900 0
002 1 58 1 6 4 7 1 1 1.139104 0
002 1 59 1 3 7 6 1 1 1.249858 0
002 2 00 1 6 3 7 1 1 1.455962 0
002 2 01 1 2 2 7 1 1 0.855293 0
002 2 02 1 2 2 6 1 1 1.747371 0
002 2 03 1 6 8 3 0 0 1.265483 0
002 2 04 1 2 6 7 1 1 1.366177 0
002 2 05 1 6 2 4 0 0 1.664381 0
002 2 06 1 2 2 3 0 0 1.198017 0
002 2 07 1 3 8 6 1 1 1.168102 0
002 2 08 1 2 6 3 0 0 1.179796 0
002 2 09 1 3 6 4 0 0 1.156361 0
002 2 10 1 3 7 3 0 0 1.436641 0
002 2 11 1 2 3 7 1 1 1.165742 0
002 2 12 1 3 2 8 1 1 1.404460 0
002 2 13 1 2 6 2 0 0 1.322583 0
002 2 14 1 6 6 8 1 1 1.074293 0
002 2 15 1 6 8 6 1 1 1.927863 0
002 2 16 1 6 8 7 1 1 1.558396 0
002 2 17 1 2 2 6 1 1 1.498535 0
002 2 18 1 2 3 7 1 1 1.670002 0
002 2 19 1 3 2 8 1 1 2.939044 0
002 2 20 1 6 2 6 1 1 1.650663 0
002 2 21 1 2 2 4 0 0 1.537878 0
002 2 22 1 6 4 6 1 1 1.226937 0
002 2 23 1 3 4 7 1 1 1.243458 0
002 2 24 1 2 8 2 0 0 1.585960 0
002 2 25 1 6 8 4 0 0 1.063163 0
002 2 26 1 2 4 6 1 1 1.421576 0
002 2 27 1 2 4 3 0 0 1.224386 0
002 2 28 1 2 2 7 1 1 1.550311 0
002 2 29 1 2 4 3 0 0 1.159675 0
002 2 30 1 3 8 2 0 0 1.182581 0
002 2 31 1 2 6 3 0 0 1.443576 0
002 2 32 1 6 7 2 0 0 1.409953 0
002 2 33 1 6 6 2 0 0 2.099727 0
002 2 34 1 2 8 3 0 0 1.648917 0
002 2 35 1 2 3 2 0 0 1.341763 0
002 2 36 1 6 3 7 1 1 1.602797 0
002 2 37 1 6 6 2 0 0 1.913813 0
002 2 38 1 3 2 6 1 1 1.460094 0
002 2 39 1 6 3 6 1 1 1.395658 0
002 2 40 1 3 7 8 1 1 1.729752 0
002 2 41 1 2 6 8 1 1 1.626249 0
002 2 42 1 2 8 3 0 0 1.173764 0
002 2 43 1 2 8 3 0 0 1.602079 0
002 2 44 1 3 8 7 1 1 2.020806 0
002 2 45 1 3 8 3 0 0 1.138491 0
002 2 46 1 3 8 4 0 0 1.079431 0
002 2 47 1 2 7 3 0 0 1.755459 0
002 2 48 1 2 6 7 1 1 1.131790 0
002 2 49 1 2 3 2 0 0 1.070162 0
002 2 50 1 3 2 8 1 1 1.261604 0
002 2 51 1 2 8 3 0 0 1.416748 0
002 2 52 1 3 4 2 0 0 1.044733 0
002 2 53 1 6 6 8 1 1 1.268841 0
002 2 54 1 6 3 8 1 1 1.026274 0
002 2 55 1 2 7 2 0 0 1.187830 0
002 2 56 1 2 6 2 0 0 0.865650 0
002 2 57 1 2 3 2 0 0 0.958809 0
002 2 58 1 2 2 3 0 0 0.952312 0
002 2 59 1 3 8 4 0 0 1.000488 0
002 3 00 1 2 7 4 0 0 0.995042 0
002 3 01 1 3 7 3 0 0 0.831530 0
002 3 02 1 6 3 8 1 1 0.963385 0
002 3 03 1 6 4 3 0 0 1.081853 0
002 3 04 1 6 4 7 1 1 0.775110 0
002 3 05 1 3 4 6 1 1 1.067580 0
002 3 06 1 2 3 8 1 1 1.133606 0
002 3 07 1 2 7 6 1 1 1.067416 0
002 3 08 1 6 7 8 1 1 1.373969 0
002 3 09 1 3 8 7 1 1 1.112235 0
002 3 10 1 2 8 2 0 0 0.887536 0
002 3 11 1 6 7 8 1 1 0.844067 0
002 3 12 1 3 6 4 0 0 0.899073 0
002 3 13 1 3 2 7 1 1 1.140282 0
002 3 14 1 6 3 6 1 1 1.051697 0
002 3 15 1 6 8 7 1 1 0.944790 0
002 3 16 1 3 6 8 1 1 1.029201 0
002 3 17 1 6 6 7 1 1 0.969760 0
002 3 18 1 3 8 2 0 0 0.760984 0
002 3 19 1 6 3 4 0 0 0.897087 0
002 3 20 1 3 6 8 1 1 0.686476 0
002 3 21 1 3 7 8 1 1 0.651878 0
002 3 22 1 3 6 2 0 0 0.702562 0
002 3 23 1 6 2 7 1 1 0.599087 0
002 3 24 1 3 4 3 0 0 0.795517 0
002 3 25 1 2 3 2 0 0 0.838558 0
002 3 26 1 3 3 2 0 0 0.790783 0
002 3 27 1 6 7 3 0 0 1.507055 0
002 3 28 1 6 2 7 1 1 0.783587 0
002 3 29 1 3 8 3 0 0 0.788188 0
002 3 30 1 6 3 2 0 0 0.921208 0
002 3 31 1 6 8 4 0 0 0.942984 0
002 3 32 1 6 4 6 1 1 1.095431 0
002 3 33 1 3 3 8 1 1 1.182611 0
002 3 34 1 3 6 7 1 1 1.020185 0
002 3 35 1 3 3 6 1 1 1.026761 0
002 3 36 1 6 2 8 1 1 1.197299 0
002 3 37 1 2 7 3 0 0 0.864649 0
002 3 38 1 6 3 6 1 1 0.944671 0
002 3 39 1 6 2 3 0 0 0.610184 0
002 3 40 1 2 8 6 1 1 0.702723 0
002 3 41 1 6 3 8 1 1 0.774057 0
002 3 42 1 6 7 8 1 1 0.953625 0
002 3 43 1 2 8 3 0 0 0.774952 0
002 3 44 1 2 3 4 0 0 0.758405 0
002 3 45 1 3 4 2 1 0 0.783174 0
002 3 46 1 2 4 7 1 1 1.721107 0
002 3 47 1 2 4 7 1 1 1.133447 0
002 3 48 1 6 2 6 1 1 1.322999 0
002 3 49 1 2 8 2 0 0 2.567288 0
002 3 50 1 2 8 4 0 0 0.859069 0
002 3 51 1 6 2 7 1 1 1.160768 0
002 3 52 1 3 2 6 1 1 1.358970 0
002 3 53 1 3 6 2 0 0 1.964850 0
002 3 54 1 2 8 7 1 1 2.147050 0
002 3 55 1 3 4 8 1 1 1.271866 0
002 3 56 1 3 4 2 0 0 0.779608 0
002 3 57 1 2 6 3 0 0 0.951653 0
002 3 58 1 3 7 6 1 1 1.167791 0
002 3 59 1 3 8 6 1 1 1.156467 0
002 4 00 1 2 6 8 1 1 1.303748 0
002 4 01 1 6 3 7 1 1 0.939204 0
002 4 02 1 3 4 3 0 0 0.646574 0
002 4 03 1 3 4 8 1 1 0.861848 0
002 4 04 1 3 3 7 1 1 0.759528 0
002 4 05 1 2 4 7 1 1 0.948655 0
002 4 06 1 3 4 7 1 1 0.729762 0
002 4 07 1 3 2 7 1 1 1.102449 0
002 4 08 1 3 3 2 0 0 0.919052 0
002 4 09 1 3 8 2 0 0 1.450250 0
002 4 10 1 2 3 6 1 1 1.744061 0
002 4 11 1 6 2 8 1 1 0.930013 0
002 4 12 1 2 6 7 1 1 1.031540 0
002 4 13 1 3 7 6 1 1 1.682149 0
002 4 14 1 6 6 4 0 0 0.819531 0
002 4 15 1 2 2 7 1 1 0.877099 0
002 4 16 1 2 6 8 1 1 0.864955 0
002 4 17 1 6 7 6 1 1 1.028126 0
002 4 18 1 2 2 4 0 0 0.877024 0
002 4 19 1 2 6 8 1 1 0.777970 0
002 4 20 1 3 7 8 1 1 0.932097 0
002 4 21 1 2 4 6 1 1 2.082951 0
002 4 22 1 6 3 2 0 0 1.548683 0
002 4 23 1 6 4 8 1 1 1.090941 0
002 4 24 1 6 7 3 0 0 2.369745 0
002 4 25 1 6 3 7 1 1 0.872687 0
002 4 26 1 2 2 8 1 1 1.588995 0
002 4 27 1 2 8 4 0 0 1.549960 0
002 4 28 1 2 2 8 1 1 0.805227 0
002 4 29 1 3 3 2 0 0 2.107313 0
002 4 30 1 3 7 6 1 1 1.137983 0
002 4 31 1 3 7 2 0 0 0.642394 0
002 4 32 1 6 8 3 0 0 1.238503 0
002 4 33 1 3 7 4 0 0 1.059475 0
002 4 34 1 2 7 3 0 0 0.946121 0
002 4 35 1 3 6 2 0 0 1.303011 0
002 4 36 1 3 4 3 0 0 0.742720 0
002 4 37 1 6 6 2 0 0 1.018020 0
002 4 38 1 2 4 7 1 1 0.919199 0
002 4 39 1 3 7 4 0 0 1.477203 0
002 4 40 1 6 8 7 1 1 1.023411 0
002 4 41 1 2 2 4 0 0 0.751638 0
002 4 42 1 2 7 4 0 0 1.031373 0
002 4 43 1 6 4 7 1 1 0.970405 0
002 4 44 1 3 3 4 0 0 0.929026 0
002 4 45 1 2 7 2 0 0 1.012021 0
002 4 46 1 3 6 8 1 1 0.957008 0
002 4 47 1 2 6 3 0 0 0.778778 0
002 4 48 1 2 7 4 0 0 1.049772 0
002 4 49 1 6 2 3 0 0 0.897758 0
002 4 50 1 2 2 6 1 1 1.143000 0
002 4 51 1 2 6 2 0 0 0.871627 0
002 4 52 1 2 7 4 0 0 0.813063 0
002 4 53 1 2 4 8 1 1 0.686752 0
002 4 54 1 3 3 2 0 0 0.646623 0
002 4 55 1 6 4 2 0 0 0.768779 0
002 4 56 1 3 4 8 1 1 0.969046 0
002 4 57 1 2 4 3 0 0 0.769013 0
002 4 58 1 3 3 8 1 1 0.911934 0
002 4 59 1 2 3 6 1 1 0.846564 0
002 5 00 1 3 6 3 0 0 0.958851 0
002 5 01 1 2 8 6 1 1 0.996771 0
002 5 02 1 3 3 8 1 1 0.798760 0
002 5 03 1 6 3 7 1 1 1.077036 0
002 5 04 1 2 4 8 1 1 1.288455 0
002 5 05 1 6 2 6 1 1 0.918643 0
002 5 06 1 6 2 6 1 1 0.841806 0
002 5 07 1 6 4 8 1 1 0.801662 0
002 5 08 1 6 7 3 0 0 0.751234 0
002 5 09 1 6 7 8 1 1 1.183431 0
002 5 10 1 2 2 7 1 1 0.818217 0
002 5 11 1 2 8 2 0 0 0.636043 0
002 5 12 1 2 3 6 1 1 0.736693 0
002 5 13 1 3 6 2 0 0 0.783017 0
002 5 14 1 6 2 4 0 0 0.659132 0
002 5 15 1 2 3 7 1 1 0.737305 0
002 5 16 1 2 4 6 1 1 0.767854 0
002 5 17 1 6 6 4 0 0 0.775465 0
002 5 18 1 3 4 8 1 1 0.706753 0
002 5 19 1 6 2 8 1 1 0.684817 0
002 5 20 1 3 7 4 0 0 0.677595 0
002 5 21 1 6 6 8 1 1 0.634689 0
002 5 22 1 6 8 6 1 1 0.792286 0
002 5 23 1 6 2 3 0 0 0.626670 0
002 5 24 1 2 4 2 0 0 0.647813 0
002 5 25 1 6 2 4 0 0 0.531283 0
002 5 26 1 6 7 3 0 0 0.791466 0
002 5 27 1 3 4 3 0 0 0.730683 0
002 5 28 1 2 6 4 0 0 0.635438 0
002 5 29 1 3 4 3 0 0 0.675843 0
002 5 30 1 6 6 3 0 0 0.852096 0
002 5 31 1 6 6 2 0 0 0.855794 0
002 5 32 1 6 4 3 0 0 0.827023 0
002 5 33 1 6 6 4 0 0 0.774074 0
002 5 34 1 2 7 4 0 0 0.796187 0
002 5 35 1 6 8 2 0 0 1.003740 0
002 5 36 1 3 6 7 1 1 0.863577 0
002 5 37 1 3 8 6 1 1 0.798595 0
002 5 38 1 2 6 8 1 1 0.685770 0
002 5 39 1 6 4 2 0 0 0.675165 0
002 5 40 1 6 8 6 1 1 0.881171 0
002 5 41 1 6 7 4 0 0 0.623581 0
002 5 42 1 3 6 2 0 0 0.718738 0
002 5 43 1 6 8 4 0 0 0.817387 0
002 5 44 1 3 8 7 1 1 0.699175 0
002 5 45 1 6 8 2 0 0 0.718604 0
002 5 46 1 3 2 6 1 1 1.009264 0
002 5 47 1 2 6 2 0 0 0.712637 0
002 5 48 1 6 8 2 0 0 0.951702 0
002 5 49 1 2 8 4 0 0 1.102373 0
002 5 50 1 3 6 7 1 1 0.766268 0
002 5 51 1 6 7 3 0 0 0.875317 0
002 5 52 1 2 8 6 1 1 1.035359 0
002 5 53 1 6 3 2 0 0 0.663999 0
002 5 54 1 6 2 8 1 1 0.993403 0
002 5 55 1 2 8 7 1 1 1.030818 0
002 5 56 1 2 7 2 0 0 0.632568 0
002 5 57 1 6 4 7 1 1 0.729527 0
002 5 58 1 2 4 3 1 0 0.757007 0
002 5 59 1 3 4 7 1 1 1.114956 0
002 6 00 1 3 8 2 0 0 0.920083 0
002 6 01 1 2 7 6 1 1 2.116358 0
002 6 02 1 2 3 2 0 0 1.238457 0
002 6 03 1 2 3 4 0 0 1.955874 0
002 6 04 1 3 2 4 0 0 2.145372 0
002 6 05 1 2 3 8 1 1 1.141300 0
002 6 06 1 2 6 4 0 0 1.135044 0
002 6 07 1 2 4 6 1 1 1.345266 0
002 6 08 1 6 2 6 1 1 1.171856 0
002 6 09 1 6 7 4 0 0 1.249735 0
002 6 10 1 6 8 7 1 1 1.326075 0
002 6 11 1 6 8 2 0 0 1.945951 0
002 6 12 1 2 4 8 1 1 1.840161 0
002 6 13 1 2 2 8 1 1 1.163777 0
002 6 14 1 6 3 7 1 1 3.757996 0
002 6 15 1 6 8 2 0 0 1.038193 0
002 6 16 1 3 6 4 0 0 5.136813 0
002 6 17 1 3 2 7 1 1 1.120125 0
002 6 18 1 2 3 4 0 0 0.961638 0
002 6 19 1 3 2 7 1 1 1.100005 0
002 6 20 1 6 3 2 0 0 0.995933 0
002 6 21 1 6 3 8 1 1 1.136408 0
002 6 22 1 6 8 4 0 0 1.638941 0
002 6 23 1 3 6 4 0 0 1.077077 0
002 6 24 1 3 2 3 0 0 1.372422 0
002 6 25 1 2 4 2 0 0 1.312941 0
002 6 26 1 3 2 8 1 1 1.210845 0
002 6 27 1 3 6 7 1 1 1.841174 0
002 6 28 1 6 3 8 1 1 1.145281 0
002 6 29 1 3 6 7 1 1 1.188050 0
002 6 30 1 2 2 6 1 1 1.299142 0
002 6 31 1 2 2 3 0 0 1.145618 0
002 6 32 1 3 8 3 0 0 1.002421 0
002 6 33 1 2 7 6 1 1 1.123996 0
002 6 34 1 2 2 3 0 0 1.224651 0
002 6 35 1 2 2 3 0 0 1.047167 0
002 6 36 1 3 3 8 1 1 1.228037 0
002 6 37 1 6 4 7 1 1 1.063832 0
002 6 38 1 3 3 2 0 0 1.099855 0
002 6 39 1 2 4 6 1 1 1.263707 0
002 6 40 1 6 3 6 1 1 1.413493 0
002 6 41 1 2 2 6 1 1 1.246707 0
002 6 42 1 2 4 2 0 0 1.197579 0
002 6 43 1 2 8 6 1 1 1.135832 0
002 6 44 1 3 2 4 0 0 0.929421 0
002 6 45 1 2 3 7 1 1 1.375574 0
002 6 46 1 3 3 4 0 0 1.001387 0
002 6 47 1 6 2 4 0 0 0.917130 0
002 6 48 1 3 7 6 1 1 1.677814 0
002 6 49 1 3 8 2 0 0 1.244173 0
002 6 50 1 3 4 7 1 1 1.017324 0
002 6 51 1 3 2 3 0 0 0.993910 0
002 6 52 1 6 6 4 0 0 1.520549 0
002 6 53 1 6 8 3 0 0 1.644799 0
002 6 54 1 2 8 7 1 1 1.286637 0
002 6 55 1 3 4 8 1 1 0.990732 0
002 6 56 1 2 8 2 0 0 1.310521 0
002 6 57 1 3 3 6 1 1 1.334621 0
002 6 58 1 3 7 4 0 0 1.081559 0
002 6 59 1 2 7 6 1 1 1.018417 0
002 7 00 1 3 7 2 0 0 1.512378 0
002 7 01 1 6 4 6 1 1 1.283872 0
002 7 02 1 6 8 6 1 1 0.987843 0
002 7 03 1 3 3 4 0 0 1.254358 0
002 7 04 1 2 3 4 0 0 0.980233 0
002 7 05 1 3 8 3 0 0 1.184250 0
002 7 06 1 6 7 6 1 1 2.233758 0
002 7 07 1 3 4 6 1 1 1.033539 0
002 7 08 1 3 3 4 0 0 1.343600 0
002 7 09 1 2 6 3 0 0 1.060537 0
002 7 10 1 2 3 2 0 0 1.046837 0
002 7 11 1 2 7 8 1 1 1.236238 0
002 7 12 1 3 4 6 1 1 0.978841 0
002 7 13 1 2 4 3 0 0 1.024111 0
002 7 14 1 3 8 3 0 0 1.065759 0
002 7 15 1 2 7 8 1 1 1.843539 0
002 7 16 1 6 4 8 1 1 1.221594 0
002 7 17 1 2 4 8 1 1 0.981437 0
002 7 18 1 6 7 4 0 0 1.042122 0
002 7 19 1 6 6 3 0 0 1.296552 0
002 7 20 1 6 8 2 0 0 1.301091 0
002 7 21 1 2 3 7 1 1 1.155795 0
002 7 22 1 6 3 4 0 0 1.045349 0
002 7 23 1 2 8 7 1 1 1.519921 0
002 7 24 1 2 8 4 0 0 0.946947 0
002 7 25 1 2 2 3 0 0 1.638809 0
002 7 26 1 2 6 2 0 0 1.069060 0
002 7 27 1 6 2 3 0 0 1.183725 0
002 7 28 1 6 6 7 1 1 1.220396 0
002 7 29 1 2 3 8 1 1 1.147555 0
002 7 30 1 2 6 8 1 1 1.489048 0
002 7 31 1 6 4 7 1 1 2.095802 0
002 7 32 1 6 4 2 0 0 1.432411 0
002 7 33 1 2 4 2 0 0 1.610628 0
002 7 34 1 6 7 6 1 1 1.170112 0
002 7 35 1 3 8 4 0 0 1.467409 0
002 7 36 1 3 2 4 0 0 1.069933 0
002 7 37 1 3 3 7 1 1 1.730066 0
002 7 38 1 3 2 3 0 0 1.055462 0
002 7 39 1 6 3 4 0 0 0.951370 0
002 7 40 1 3 4 7 1 1 1.295058 0
002 7 41 1 2 7 8 1 1 2.222580 0
002 7 42 1 3 3 6 1 1 0.990131 0
002 7 43 1 3 7 2 0 0 2.237039 0
002 7 44 1 6 3 6 1 1 1.948544 0
002 7 45 1 6 7 3 0 0 1.042971 0
002 7 46 1 6 3 4 0 0 1.018382 0
002 7 47 1 3 4 6 1 1 1.457265 0
002 7 48 1 3 4 3 0 0 1.054316 0
002 7 49 1 6 6 7 1 1 1.434976 0
002 7 50 1 3 2 8 1 1 1.293231 0
002 7 51 1 3 2 4 0 0 1.311714 0
002 7 52 1 2 4 7 1 1 1.275565 0
002 7 53 1 6 4 6 1 1 2.080086 0
002 7 54 1 2 7 6 1 1 0.740359 0
002 7 55 1 6 6 3 0 0 1.169275 0
002 7 56 1 6 8 6 1 1 1.917693 0
002 7 57 1 6 8 4 0 0 1.904849 0
002 7 58 1 3 7 2 0 0 0.978706 0
002 7 59 1 6 6 4 0 0 1.062260 0
002 8 00 1 3 8 6 1 1 1.244903 0
002 8 01 1 2 2 4 0 0 1.100377 0
002 8 02 1 6 3 4 0 0 0.798495 0
002 8 03 1 6 8 3 0 0 1.443439 0
002 8 04 1 2 8 7 1 1 1.039193 0
002 8 05 1 3 3 2 0 0 1.231976 0
002 8 06 1 6 3 2 0 0 1.081866 0
002 8 07 1 2 7 4 0 0 1.701543 0
002 8 08 1 2 6 4 0 0 1.175592 0
002 8 09 1 2 3 6 1 1 1.297346 0
002 8 10 1 3 8 4 0 0 1.263895 0
002 8 11 1 6 6 2 0 0 1.154669 0
002 8 12 1 3 3 6 1 1 1.161912 0
002 8 13 1 3 7 8 1 1 0.952436 0
002 8 14 1 3 7 3 0 0 1.299351 0
002 8 15 1 6 6 8 1 1 1.238212 0
002 8 16 1 3 7 8 1 1 1.652516 0
002 8 17 1 3 7 6 1 1 1.184201 0
002 8 18 1 6 4 2 0 0 2.064350 0
002 8 19 1 2 8 2 0 0 1.013071 0
002 8 20 1 3 2 3 0 0 1.129857 0
002 8 21 1 6 2 3 0 0 0.946060 0
002 8 22 1 2 6 7 1 1 1.417020 0
002 8 23 1 2 6 3 0 0 2.576531 0
002 8 24 1 3 4 7 1 1 0.874139 0
002 8 25 1 6 8 3 0 0 0.776304 0
002 8 26 1 3 6 8 1 1 0.912620 0
002 8 27 1 2 3 7 1 1 1.154361 0
002 8 28 1 3 6 4 0 0 1.167904 0
002 8 29 1 6 7 6 1 1 0.956389 0
002 8 30 1 2 8 7 1 1 1.320914 0
002 8 31 1 2 6 4 0 0 0.708296 0
002 8 32 1 6 4 3 0 0 0.615738 0
002 8 33 1 3 3 6 1 1 1.373727 0
002 8 34 1 6 4 8 1 1 1.033331 0
002 8 35 1 2 7 6 1 1 1.284506 0
002 8 36 1 3 7 3 0 0 0.691235 0
002 8 37 1 3 7 3 0 0 1.059776 0
002 8 38 1 6 2 8 1 1 1.816478 0
002 8 39 1 2 3 8 1 1 0.913743 0
002 8 40 1 3 7 3 0 0 0.865474 0
002 8 41 1 2 8 6 1 1 1.058727 0
002 8 42 1 6 3 8 1 1 0.917616 0
002 8 43 1 6 2 8 1 1 1.621704 0
002 8 44 1 6 4 3 0 0 2.512295 0
002 8 45 1 3 7 4 0 0 0.791406 0
002 8 46 1 6 6 7 1 1 1.242509 0
002 8 47 1 3 3 8 1 1 1.594395 0
002 8 48 1 2 2 7 1 1 0.917260 0
002 8 49 1 6 6 8 1 1 0.840979 0
002 8 50 1 6 7 8 1 1 0.692119 0
002 8 51 1 3 7 8 1 1 0.616884 0
002 8 52 1 2 3 6 1 1 0.748337 0
002 8 53 1 6 3 2 0 0 0.644579 0
002 8 54 1 6 3 4 0 0 0.684295 0
002 8 55 1 2 7 2 0 0 0.611616 0
002 8 56 1 2 4 8 1 1 0.589218 0
002 8 57 1 3 2 3 0 0 0.713008 0
002 8 58 1 3 3 7 1 1 0.675362 0
002 8 59 1 2 3 8 1 1 0.767721 0
002 9 00 0 12 2 4 0 0 1.906257 0
002 9 01 0 2 4 6 0 0 3.134876 0
002 9 02 0 3 8 7 0 1 2.055716 0
002 9 03 0 3 8 2 1 1 0.954404 0
002 9 04 0 2 6 8 1 1 2.434859 0
002 9 05 0 6 8 4 1 1 1.957369 0
002 9 06 0 6 8 6 1 1 1.495004 0
002 9 07 0 12 3 4 0 0 1.093485 0
002 9 08 0 6 2 8 0 0 1.301237 0
002 9 09 0 12 7 4 1 1 1.116315 0
002 9 10 0 2 4 7 0 0 2.077373 0
002 9 11 0 6 2 7 0 0 0.997506 0
002 9 12 0 2 6 7 1 1 2.234333 0
002 9 13 0 2 7 6 1 1 2.633245 0
002 9 14 0 2 2 4 0 0 1.523033 0
002 9 15 0 2 4 6 0 0 3.001174 0
002 9 16 0 3 4 6 0 0 1.940841 0
002 9 17 0 12 7 3 1 1 1.352606 0
002 9 18 0 12 8 6 0 1 1.225262 0
002 9 19 0 12 7 4 1 1 2.465583 0
002 9 20 0 3 6 2 1 1 2.196915 0
002 9 21 0 3 7 4 0 1 1.874254 0
002 9 22 0 12 8 7 1 1 1.434531 0
002 9 23 0 6 4 7 0 0 0.695304 0
002 9 24 0 12 2 8 0 0 1.171274 0
002 9 25 0 6 6 3 0 1 1.399870 0
002 9 26 0 6 8 7 1 1 1.890554 0
002 9 27 0 12 6 2 0 1 1.949415 0
002 9 28 0 2 8 2 1 1 1.129215 0
002 9 29 0 12 6 3 1 1 1.554828 0
002 9 30 0 12 8 4 0 1 3.767947 0
002 9 31 0 12 7 6 1 1 1.019608 0
002 9 32 0 2 7 3 1 1 2.137691 0
002 9 33 0 6 2 3 0 0 0.999317 0
002 9 34 0 6 4 8 0 0 1.400551 0
002 9 35 0 12 2 4 0 0 1.126733 0
002 9 36 0 12 4 6 0 0 1.401779 0
002 9 37 0 2 2 7 1 0 1.397531 0
002 9 38 0 12 8 7 1 1 0.915848 0
002 9 39 0 12 2 7 0 0 0.819183 0
002 9 40 0 2 6 7 0 1 2.014680 0
002 9 41 0 12 3 7 0 0 0.833586 0
002 9 42 0 12 3 6 0 0 0.923976 0
002 9 43 0 6 4 6 0 0 0.731921 0
002 9 44 0 2 6 2 0 1 1.520866 0
002 9 45 0 2 3 4 1 0 1.629935 0
002 9 46 0 12 8 4 1 1 0.903570 0
002 9 47 0 6 3 8 0 0 0.728547 0
002 9 48 0 12 6 2 1 1 1.083660 0
002 9 49 0 3 7 3 0 1 2.867097 0
002 9 50 0 3 3 7 0 0 1.353803 0
002 9 51 0 12 3 6 0 0 1.880364 0
002 9 52 0 12 4 6 0 0 0.912534 0
002 9 53 0 12 8 6 1 1 0.818611 0
002 9 54 0 2 4 8 0 0 1.576439 0
002 9 55 0 6 3 6 0 0 0.687512 0
002 9 56 0 6 2 7 0 0 0.529060 0
002 9 57 0 12 4 3 0 0 0.909102 0
002 9 58 0 2 8 4 1 1 1.273626 0
002 9 59 0 3 4 7 0 0 1.465608 0
002 10 00 0 12 3 2 0 0 1.121976 0
002 10 01 0 2 7 2 0 1 1.264351 0
002 10 02 0 3 4 3 0 0 1.905749 0
002 10 03 0 6 6 7 1 1 0.768108 0
002 10 04 0 6 2 8 0 0 0.811066 0
002 10 05 0 12 4 8 0 0 0.839000 0
002 10 06 0 12 7 4 1 1 0.732461 0
002 10 07 0 3 4 3 0 0 1.751191 0
002 10 08 0 12 6 2 0 1 0.875248 0
002 10 09 0 12 3 7 0 0 1.309550 0
002 10 10 0 3 4 7 1 0 1.139486 0
002 10 11 0 3 2 4 1 0 1.149603 0
002 10 12 0 12 7 6 1 1 1.043830 0
002 10 13 0 6 8 3 1 1 2.361549 0
002 10 14 0 6 3 4 0 0 0.877874 0
002 10 15 0 6 2 6 0 0 2.827969 0
002 10 16 0 3 6 8 0 1 1.351604 0
002 10 17 0 12 3 8 0 0 0.900888 0
002 10 18 0 12 4 3 0 0 0.705599 0
002 10 19 0 2 2 6 1 0 1.037642 0
002 10 20 0 3 7 6 0 1 1.578373 0
002 10 21 0 3 2 3 0 0 2.274948 0
002 10 22 0 2 3 8 0 0 1.716437 0
002 10 23 0 12 3 4 0 0 0.616883 0
002 10 24 0 3 3 6 1 0 1.134051 0
002 10 25 0 6 3 7 0 0 1.368840 0
002 10 26 0 12 2 3 0 0 1.213612 0
002 10 27 0 6 8 4 1 1 1.151583 0
002 10 28 0 6 6 4 1 1 1.101344 0
002 10 29 0 12 7 4 1 1 2.214906 0
002 10 30 0 12 7 8 1 1 1.195717 0
002 10 31 0 12 4 3 0 0 1.006739 0
002 10 32 0 12 7 3 1 1 2.333818 0
002 10 33 0 2 2 4 1 0 2.152538 0
002 10 34 0 3 4 8 0 0 1.151503 0
002 10 35 0 12 7 2 1 1 1.320592 0
002 10 36 0 12 7 6 0 1 2.565435 0
002 10 37 0 6 7 8 0 1 1.325503 0
002 10 38 0 3 8 6 0 1 1.301663 0
002 10 39 0 12 3 4 0 0 0.826919 0
002 10 40 0 12 8 3 1 1 1.090237 0
002 10 41 0 2 8 3 1 1 1.726179 0
002 10 42 0 3 7 3 1 1 1.060352 0
002 10 43 0 6 8 2 1 1 1.775459 0
002 10 44 0 12 8 3 1 1 1.345519 0
002 10 45 0 2 2 7 0 0 1.637918 0
002 10 46 0 12 2 4 0 0 1.394054 0
002 10 47 0 3 3 8 1 0 1.439614 0
002 10 48 0 6 4 3 0 0 0.720330 0
002 10 49 0 2 3 6 0 0 0.926913 0
002 10 50 0 3 3 7 1 0 2.496580 0
002 10 51 0 2 8 6 0 1 0.822543 0
002 10 52 0 12 6 4 1 1 1.182065 0
002 10 53 0 6 7 4 1 1 1.244427 0
002 10 54 0 3 2 6 0 0 0.834818 0
002 10 55 0 6 6 8 1 1 2.975454 0
002 10 56 0 2 2 6 0 0 1.089334 0
002 10 57 0 12 3 4 0 0 1.527123 0
002 10 58 0 12 7 8 0 1 1.649128 0
002 10 59 0 6 2 4 1 0 1.381285 0
002 11 00 0 12 8 2 1 1 1.179722 0
002 11 01 0 12 3 8 0 0 1.062633 0
002 11 02 0 12 8 4 1 1 0.958884 0
002 11 03 0 12 3 8 0 0 0.431293 0
002 11 04 0 6 2 4 1 0 0.745781 0
002 11 05 0 12 7 6 0 1 1.325321 0
002 11 06 0 3 7 2 1 1 1.016027 0
002 11 07 0 6 8 2 0 1 1.581258 0
002 11 08 0 3 6 3 1 1 1.000022 0
002 11 09 0 12 8 6 1 1 1.439111 0
002 11 10 0 3 6 3 0 1 0.714331 0
002 11 11 0 2 6 2 0 1 0.926808 0
002 11 12 0 3 4 6 1 0 1.064660 0
002 11 13 0 3 8 7 1 1 1.356221 0
002 11 14 0 12 3 8 0 0 0.837043 0
002 11 15 0 12 4 3 0 0 1.054470 0
002 11 16 0 6 8 3 1 1 1.006554 0
002 11 17 0 12 7 8 1 1 1.015589 0
002 11 18 0 12 7 4 1 1 0.427271 0
002 11 19 0 2 7 4 1 1 3.113707 0
002 11 20 0 2 2 8 0 0 0.995005 0
002 11 21 0 12 8 3 1 1 1.152451 0
002 11 22 0 2 2 8 0 0 1.267430 0
002 11 23 0 3 6 3 0 1 0.655127 0
002 11 24 0 2 3 4 1 0 1.021683 0
002 11 25 0 3 7 2 1 1 1.395880 0
002 11 26 0 12 7 3 1 1 0.785648 0
002 11 27 0 2 2 4 0 0 0.861572 0
002 11 28 0 2 8 4 0 1 2.016402 0
002 11 29 0 2 4 3 1 0 0.651589 0
002 11 30 0 6 7 3 1 1 0.997783 0
002 11 31 0 2 7 2 0 1 0.671370 0
002 11 32 0 6 7 6 1 1 1.609989 0
002 11 33 0 12 4 8 0 0 1.143974 0
002 11 34 0 3 7 4 1 1 0.936467 0
002 11 35 0 2 3 2 0 0 0.914402 0
002 11 36 0 3 8 4 1 1 0.863997 0
002 11 37 0 12 8 6 1 1 0.800824 0
002 11 38 0 6 4 3 0 0 0.929189 0
002 11 39 0 2 7 3 0 1 0.686792 0
002 11 40 0 3 3 4 1 0 0.562801 0
002 11 41 0 12 4 8 0 0 0.611517 0
002 11 42 0 2 4 8 1 0 1.387375 0
002 11 43 0 2 6 2 0 1 1.049562 0
002 11 44 0 6 3 7 1 0 0.917362 0
002 11 45 0 12 3 7 0 0 1.423417 0
002 11 46 0 2 6 4 0 1 0.922317 0
002 11 47 0 2 8 7 1 1 0.747998 0
002 11 48 0 6 4 2 0 0 0.643323 0
002 11 49 0 2 3 6 1 0 1.196265 0
002 11 50 0 3 6 4 1 1 0.915625 0
002 11 51 0 6 8 2 1 1 0.901997 0
002 11 52 0 3 3 4 0 0 0.757436 0
002 11 53 0 12 2 6 0 0 1.272215 0
002 11 54 0 2 6 4 1 1 1.033072 0
002 11 55 0 2 3 7 0 0 0.625975 0
002 11 56 0 12 6 7 0 1 1.709594 0
002 11 57 0 12 6 8 1 1 3.486856 0
002 11 58 0 12 3 2 0 0 2.421954 0
002 11 59 0 2 4 7 0 0 1.431336 0
002 12 00 0 12 8 2 1 1 1.314888 0
002 12 01 0 6 4 8 0 0 0.881928 0
002 12 02 0 12 8 4 1 1 1.487559 0
002 12 03 0 12 8 2 1 1 2.191049 0
002 12 04 0 6 6 3 0 1 0.803357 0
002 12 05 0 3 6 7 0 1 1.778247 0
002 12 06 0 12 8 3 1 1 1.439421 0
002 12 07 0 2 2 4 0 0 1.035536 0
002 12 08 0 2 7 3 0 1 1.127669 0
002 12 09 0 2 3 2 1 0 3.223578 0
002 12 10 0 6 3 2 0 0 0.703025 0
002 12 11 0 6 3 6 0 0 2.114352 0
002 12 12 0 12 6 3 1 1 1.948723 0
002 12 13 0 6 4 7 1 0 1.041070 0
002 12 14 0 3 4 8 0 0 1.023074 0
002 12 15 0 2 7 8 1 1 2.129352 0
002 12 16 0 12 7 3 1 1 1.092156 0
002 12 17 0 12 2 6 0 0 0.845148 0
002 12 18 0 12 6 4 1 1 1.209845 0
002 12 19 0 2 8 7 1 1 0.967838 0
002 12 20 0 2 4 8 0 0 1.178746 0
002 12 21 0 2 7 8 0 1 1.096872 0
002 12 22 0 2 3 7 1 0 1.217795 0
002 12 23 0 2 8 6 1 1 1.890700 0
002 12 24 0 6 6 4 0 1 1.211031 0
002 12 25 0 12 2 3 0 0 1.685757 0
002 12 26 0 2 4 7 1 0 1.108538 0
002 12 27 0 2 8 7 1 1 1.333838 0
002 12 28 0 12 8 2 1 1 1.179370 0
002 12 29 0 3 2 4 0 0 1.244559 0
002 12 30 0 3 3 8 0 0 1.098072 0
002 12 31 0 12 6 8 1 1 0.897924 0
002 12 32 0 3 3 6 0 0 0.967288 0
002 12 33 0 2 3 6 1 0 1.402809 0
002 12 34 0 12 3 8 0 0 0.778581 0
002 12 35 0 6 8 6 0 1 0.940129 0
002 12 36 0 2 2 7 1 0 1.373307 0
002 12 37 0 3 3 7 0 0 0.737177 0
002 12 38 0 3 3 2 0 0 1.480058 0
002 12 39 0 3 6 4 0 1 1.157822 0
002 12 40 0 3 6 2 1 1 1.067832 0
002 12 41 0 6 4 2 1 0 0.704274 0
002 12 42 0 3 4 3 0 0 1.110522 0
002 12 43 0 2 6 3 0 1 0.700382 0
002 12 44 0 3 3 2 0 0 1.851884 0
002 12 45 0 2 7 4 1 1 2.544598 0
002 12 46 0 2 6 3 0 1 1.929691 0
002 12 47 0 12 3 7 0 0 1.950353 0
002 12 48 0 12 2 4 0 0 1.951794 0
002 12 49 0 6 7 8 1 1 1.206248 0
002 12 50 0 12 6 8 1 1 1.569957 0
002 12 51 0 2 4 3 0 0 0.799349 0
002 12 52 0 2 7 8 1 1 1.196781 0
002 12 53 0 6 6 2 0 1 1.878048 0
002 12 54 0 12 2 8 0 0 1.135358 0
002 12 55 0 6 7 4 1 1 1.111302 0
002 12 56 0 2 4 6 1 0 1.473776 0
002 12 57 0 6 4 3 0 0 0.984220 0
002 12 58 0 6 3 8 1 0 0.834647 0
002 12 59 0 12 2 8 0 0 0.665661 0
