000 0 00 1 2 6 8 1 1 9.385094 0
000 0 01 1 4 7 3 0 0 3.138689 0
000 0 02 1 5 4 3 0 0 2.698390 0
000 0 03 1 2 8 2 0 0 2.109911 0
000 0 04 1 5 8 2 0 0 1.620559 0
000 0 05 1 2 4 7 1 1 1.788181 0
000 0 06 1 2 7 8 1 1 1.436349 0
000 0 07 1 4 7 6 1 1 1.953141 0
000 0 08 1 5 7 2 0 0 1.887832 0
000 0 09 1 2 2 8 1 1 2.105220 0
000 0 10 1 5 3 7 1 1 1.155193 0
000 0 11 1 2 7 3 0 0 1.009590 0
000 0 12 1 4 3 8 1 1 1.230478 0
000 0 13 1 4 8 3 0 0 1.302239 0
000 0 14 1 5 6 8 1 1 1.163954 0
000 0 15 1 5 4 2 0 0 0.976560 0
000 0 16 1 4 2 8 1 1 1.104415 0
000 0 17 1 5 7 8 1 1 1.025408 0
000 0 18 1 4 2 4 0 0 1.207271 0
000 0 19 1 2 2 8 1 1 0.950365 0
000 0 20 1 4 3 8 1 1 1.038511 0
000 0 21 1 5 6 2 0 0 0.973887 0
000 0 22 1 4 3 6 1 1 0.914219 0
000 0 23 1 2 7 3 0 0 1.139290 0
000 0 24 1 2 7 4 0 0 0.884442 0
000 0 25 1 4 6 4 0 0 1.373435 0
000 0 26 1 5 4 6 1 1 0.776256 0
000 0 27 1 2 6 4 0 0 0.852091 0
000 0 28 1 4 4 7 1 1 0.678908 0
000 0 29 1 2 3 4 0 0 0.793071 0
000 0 30 1 5 6 4 0 0 0.919630 0
000 0 31 1 5 2 6 1 1 0.915591 0
000 0 32 1 2 7 4 0 0 0.745866 0
000 0 33 1 2 3 6 1 1 0.630784 0
000 0 34 1 4 8 7 1 1 0.623974 0
000 0 35 1 4 3 7 1 1 0.603146 0
000 0 36 1 2 4 2 0 0 0.654940 0
000 0 37 1 4 3 7 1 1 1.377952 0
000 0 38 1 5 4 3 0 0 0.935166 0
000 0 39 1 5 3 2 0 0 0.631492 0
000 0 40 1 2 7 3 0 0 1.847789 0
000 0 41 1 5 2 4 0 0 0.955487 0
000 0 42 1 2 4 8 1 1 0.744589 0
000 0 43 1 4 6 8 1 1 2.270174 0
000 0 44 1 4 2 7 1 1 0.758490 0
000 0 45 1 4 7 6 1 1 0.912496 0
000 0 46 1 4 8 2 0 0 0.837785 0
000 0 47 1 5 6 8 1 1 0.892384 0
000 0 48 1 5 8 7 1 1 0.828534 0
000 0 49 1 5 7 3 0 0 0.722755 0
000 0 50 1 4 3 2 0 0 0.933593 0
000 0 51 1 4 3 8 1 1 0.725829 0
000 0 52 1 5 3 6 1 1 0.717333 0
000 0 53 1 4 7 4 0 0 0.753727 0
000 0 54 1 2 2 4 0 0 0.658986 0
000 0 55 1 5 8 4 0 0 0.650834 0
000 0 56 1 4 7 4 0 0 0.661943 0
000 0 57 1 2 2 6 1 1 0.591824 0
000 0 58 1 4 6 4 0 0 0.638323 0
000 0 59 1 5 2 8 1 1 0.685942 0
000 1 00 1 2 2 6 1 1 1.645557 0
000 1 01 1 2 7 8 1 1 0.795507 0
000 1 02 1 4 8 2 0 0 0.614083 0
000 1 03 1 2 8 7 1 1 0.607617 0
000 1 04 1 5 4 7 1 1 0.634736 0
000 1 05 1 4 2 7 1 1 0.614146 0
000 1 06 1 5 4 6 1 1 0.688311 0
000 1 07 1 5 7 6 1 1 0.612180 0
000 1 08 1 2 6 4 0 0 0.602384 0
000 1 09 1 2 8 4 0 0 0.573675 0
000 1 10 1 5 4 6 1 1 0.595020 0
000 1 11 1 2 8 4 0 0 0.613165 0
000 1 12 1 4 6 8 1 1 0.570458 0
000 1 13 1 2 7 8 1 1 0.546563 0
000 1 14 1 2 7 4 0 0 0.581340 0
000 1 15 1 2 2 6 1 1 0.560207 0
000 1 16 1 4 3 6 1 1 0.536016 0
000 1 17 1 5 7 4 0 0 0.587831 0
000 1 18 1 5 2 7 1 1 0.575959 0
000 1 19 1 5 8 2 0 0 0.611376 0
000 1 20 1 2 3 4 0 0 0.666714 0
000 1 21 1 4 6 3 0 0 0.835151 0
000 1 22 1 5 8 7 1 1 0.854350 0
000 1 23 1 5 4 6 1 1 0.695275 0
000 1 24 1 2 7 3 0 0 0.664041 0
000 1 25 1 4 2 8 1 1 0.557482 0
000 1 26 1 5 8 3 0 0 0.690777 0
000 1 27 1 4 8 7 1 1 0.614929 0
000 1 28 1 2 3 2 0 0 0.622019 0
000 1 29 1 4 7 4 0 0 0.868173 0
000 1 30 1 5 8 4 0 0 0.569588 0
000 1 31 1 2 4 2 0 0 0.682698 0
000 1 32 1 2 3 8 1 1 0.699097 0
000 1 33 1 2 3 8 1 1 0.684811 0
000 1 34 1 4 4 6 1 1 0.636817 0
000 1 35 1 4 2 8 1 1 0.588533 0
000 1 36 1 2 8 2 0 0 0.617849 0
000 1 37 1 2 3 2 0 0 0.709881 0
000 1 38 1 5 2 8 1 1 0.616845 0
000 1 39 1 4 7 2 0 0 0.565391 0
000 1 40 1 4 7 6 1 1 0.699190 0
000 1 41 1 4 8 2 0 0 0.566823 0
000 1 42 1 5 6 7 1 1 0.601565 0
000 1 43 1 4 4 3 0 0 0.575186 0
000 1 44 1 5 6 3 0 0 0.574515 0
000 1 45 1 5 6 4 0 0 0.542420 0
000 1 46 1 4 6 8 1 1 0.571976 0
000 1 47 1 2 7 8 1 1 0.553449 0
000 1 48 1 5 7 6 1 1 0.496314 0
000 1 49 1 2 6 7 1 1 0.513601 0
000 1 50 1 5 3 2 0 0 0.522866 0
000 1 51 1 2 6 2 0 0 0.530013 0
000 1 52 1 4 3 8 1 1 0.582212 0
000 1 53 1 4 8 4 0 0 0.535976 0
000 1 54 1 5 7 8 1 1 0.706086 0
000 1 55 1 2 2 6 1 1 0.702888 0
000 1 56 1 5 8 6 1 1 0.557198 0
000 1 57 1 4 4 2 0 0 0.639737 0
000 1 58 1 2 3 2 0 0 0.563650 0
000 1 59 1 5 8 4 0 0 0.486798 0
000 2 00 1 4 8 7 1 1 0.953126 0
000 2 01 1 2 8 6 1 1 0.541907 0
000 2 02 1 4 6 3 0 0 0.685957 0
000 2 03 1 5 8 4 0 0 0.514533 0
000 2 04 1 4 8 6 1 1 0.663919 0
000 2 05 1 4 3 4 0 0 0.570668 0
000 2 06 1 2 8 7 1 1 0.527193 0
000 2 07 1 5 3 7 1 1 0.584581 0
000 2 08 1 5 2 7 1 1 0.507715 0
000 2 09 1 2 4 7 1 1 0.542022 0
000 2 10 1 2 3 7 1 1 0.601778 0
000 2 11 1 5 4 6 1 1 0.574923 0
000 2 12 1 2 4 2 0 0 0.830966 0
000 2 13 1 5 2 7 1 1 0.608018 0
000 2 14 1 5 3 6 1 1 0.567506 0
000 2 15 1 5 8 4 0 0 0.610771 0
000 2 16 1 2 6 4 0 0 0.568058 0
000 2 17 1 4 4 3 0 0 0.581031 0
000 2 18 1 5 4 8 1 1 0.501474 0
000 2 19 1 5 6 7 1 1 0.577920 0
000 2 20 1 4 4 8 1 1 0.593462 0
000 2 21 1 4 7 8 1 1 0.502762 0
000 2 22 1 5 4 8 1 1 0.551779 0
000 2 23 1 2 3 4 0 0 0.597565 0
000 2 24 1 2 4 3 0 0 0.520769 0
000 2 25 1 2 6 3 0 0 0.567033 0
000 2 26 1 2 3 2 0 0 0.590796 0
000 2 27 1 4 3 4 0 0 0.539329 0
000 2 28 1 5 3 2 0 0 0.476167 0
000 2 29 1 4 8 3 0 0 0.535666 0
000 2 30 1 2 3 7 1 1 0.738366 0
000 2 31 1 2 3 7 1 1 0.575750 0
000 2 32 1 5 4 7 1 1 0.518549 0
000 2 33 1 2 6 2 0 0 0.623415 0
000 2 34 1 5 6 8 1 1 0.539182 0
000 2 35 1 2 4 3 0 0 0.520176 0
000 2 36 1 4 2 4 0 0 0.535571 0
000 2 37 1 2 4 6 1 1 0.570068 0
000 2 38 1 4 6 3 0 0 0.627257 0
000 2 39 1 4 4 6 1 1 0.533642 0
000 2 40 1 2 4 8 1 1 0.486506 0
000 2 41 1 4 4 8 1 1 0.640849 0
000 2 42 1 4 2 7 1 1 0.580635 0
000 2 43 1 5 4 7 1 1 0.620619 0
000 2 44 1 5 3 8 1 1 0.596750 0
000 2 45 1 2 8 6 1 1 0.536129 0
000 2 46 1 5 7 8 1 1 0.466297 0
000 2 47 1 5 6 2 0 0 0.527626 0
000 2 48 1 5 2 3 0 0 0.484238 0
000 2 49 1 4 4 7 1 1 0.498667 0
000 2 50 1 2 8 4 0 0 0.650385 0
000 2 51 1 2 2 3 0 0 0.529207 0
000 2 52 1 4 8 4 0 0 0.521865 0
000 2 53 1 5 7 4 0 0 0.447350 0
000 2 54 1 4 4 6 1 1 0.565093 0
000 2 55 1 5 8 3 0 0 0.558013 0
000 2 56 1 2 7 6 1 1 0.533745 0
000 2 57 1 2 8 3 0 0 0.604808 0
000 2 58 1 2 3 4 0 0 0.642752 0
000 2 59 1 4 8 6 1 1 0.566432 0
000 3 00 1 4 8 3 0 0 0.612834 0
000 3 01 1 5 7 4 0 0 0.564425 0
000 3 02 1 4 6 4 0 0 0.481766 0
000 3 03 1 5 4 2 0 0 0.572157 0
000 3 04 1 2 8 3 0 0 0.495123 0
000 3 05 1 4 8 3 0 0 0.610710 0
000 3 06 1 4 3 7 1 1 0.573569 0
000 3 07 1 5 3 7 1 1 0.540663 0
000 3 08 1 4 6 2 0 0 0.516316 0
000 3 09 1 5 7 6 1 1 0.736649 0
000 3 10 1 5 8 2 0 0 0.649382 0
000 3 11 1 4 3 6 1 1 0.642298 0
000 3 12 1 2 8 6 1 1 0.559990 0
000 3 13 1 4 3 6 1 1 0.602922 0
000 3 14 1 5 6 8 1 1 0.561995 0
000 3 15 1 4 7 3 0 0 0.523541 0
000 3 16 1 5 8 6 1 1 0.558179 0
000 3 17 1 5 2 4 0 0 0.643312 0
000 3 18 1 2 2 3 0 0 0.533060 0
000 3 19 1 5 4 2 0 0 0.581680 0
000 3 20 1 4 6 3 0 0 0.617374 0
000 3 21 1 4 3 8 1 1 0.669804 0
000 3 22 1 4 3 2 0 0 0.486536 0
000 3 23 1 2 8 7 1 1 0.515395 0
000 3 24 1 2 7 6 1 1 0.515959 0
000 3 25 1 2 2 7 1 1 0.527606 0
000 3 26 1 5 7 4 0 0 0.699551 0
000 3 27 1 5 3 4 0 0 0.581816 0
000 3 28 1 2 7 2 0 0 0.593743 0
000 3 29 1 2 4 3 0 0 0.707151 0
000 3 30 1 5 2 3 0 0 1.464119 0
000 3 31 1 4 4 2 0 0 0.488487 0
000 3 32 1 4 3 2 0 0 0.485954 0
000 3 33 1 2 6 7 1 1 0.704888 0
000 3 34 1 5 8 7 1 1 0.600693 0
000 3 35 1 4 7 8 1 1 0.515204 0
000 3 36 1 2 4 8 1 1 0.425365 0
000 3 37 1 2 3 2 0 0 0.601988 0
000 3 38 1 5 7 3 0 0 0.598006 0
000 3 39 1 2 7 3 0 0 0.537411 0
000 3 40 1 2 8 6 1 1 0.498655 0
000 3 41 1 2 2 6 1 1 0.478694 0
000 3 42 1 2 7 4 0 0 0.559850 0
000 3 43 1 2 7 2 0 0 0.493445 0
000 3 44 1 4 6 8 1 1 0.465668 0
000 3 45 1 2 3 6 1 1 0.527255 0
000 3 46 1 2 4 6 1 1 0.505326 0
000 3 47 1 5 7 8 1 1 0.494041 0
000 3 48 1 2 7 8 1 1 0.485826 0
000 3 49 1 4 3 8 1 1 0.541405 0
000 3 50 1 2 8 6 1 1 0.477354 0
000 3 51 1 4 6 8 1 1 0.514057 0
000 3 52 1 5 3 6 1 1 0.598959 0
000 3 53 1 4 3 2 0 0 0.782816 0
000 3 54 1 4 8 7 1 1 0.603959 0
000 3 55 1 2 4 6 1 1 0.560380 0
000 3 56 1 2 4 3 0 0 0.571761 0
000 3 57 1 5 2 7 1 1 0.811737 0
000 3 58 1 4 3 6 1 1 0.629064 0
000 3 59 1 4 8 6 1 1 0.615979 0
000 4 00 1 4 8 7 1 1 0.626372 0
000 4 01 1 2 4 3 0 0 0.617052 0
000 4 02 1 2 3 7 1 1 0.548488 0
000 4 03 1 4 2 4 0 0 0.695346 0
000 4 04 1 4 8 2 0 0 0.624768 0
000 4 05 1 4 8 2 0 0 0.675925 0
000 4 06 1 5 3 6 1 1 0.652491 0
000 4 07 1 4 2 6 1 1 0.570770 0
000 4 08 1 5 7 6 1 1 0.555355 0
000 4 09 1 4 3 2 0 0 0.590068 0
000 4 10 1 4 8 6 1 1 0.602835 0
000 4 11 1 4 3 6 1 1 0.539490 0
000 4 12 1 2 6 7 1 1 0.503409 0
000 4 13 1 2 6 7 1 1 0.534466 0
000 4 14 1 4 4 6 1 1 0.636149 0
000 4 15 1 5 8 4 0 0 0.609750 0
000 4 16 1 5 4 3 0 0 0.763501 0
000 4 17 1 2 7 6 1 1 0.809394 0
000 4 18 1 4 2 7 1 1 0.646908 0
000 4 19 1 5 7 6 1 1 0.581058 0
000 4 20 1 4 6 7 1 1 0.683058 0
000 4 21 1 5 3 8 1 1 0.589515 0
000 4 22 1 4 7 3 0 0 0.531982 0
000 4 23 1 2 3 6 1 1 0.675919 0
000 4 24 1 4 7 8 1 1 0.624378 0
000 4 25 1 4 2 6 1 1 0.665723 0
000 4 26 1 5 2 6 1 1 1.122772 0
000 4 27 1 4 4 3 0 0 0.915506 0
000 4 28 1 2 6 8 1 1 0.599988 0
000 4 29 1 5 2 7 1 1 0.570985 0
000 4 30 1 2 3 8 1 1 0.453987 0
000 4 31 1 2 2 8 1 1 0.459172 0
000 4 32 1 5 6 2 0 0 0.514753 0
000 4 33 1 5 6 3 0 0 0.538308 0
000 4 34 1 2 4 8 1 1 0.612309 0
000 4 35 1 4 7 6 1 1 0.620131 0
000 4 36 1 2 6 3 0 0 0.526540 0
000 4 37 1 4 4 2 0 0 0.547013 0
000 4 38 1 5 3 7 1 1 0.555353 0
000 4 39 1 2 2 3 0 0 0.589538 0
000 4 40 1 2 3 4 0 0 0.682893 0
000 4 41 1 2 4 7 1 1 0.541416 0
000 4 42 1 2 3 7 1 1 0.527188 0
000 4 43 1 2 2 7 1 1 0.494048 0
000 4 44 1 5 3 6 1 1 0.732581 0
000 4 45 1 4 7 2 0 0 0.603259 0
000 4 46 1 5 3 2 0 0 0.557571 0
000 4 47 1 2 2 3 0 0 0.681948 0
000 4 48 1 5 7 3 0 0 0.676135 0
000 4 49 1 5 6 4 0 0 0.554968 0
000 4 50 1 5 3 4 0 0 0.511512 0
000 4 51 1 2 3 8 1 1 0.534220 0
000 4 52 1 2 8 6 1 1 0.655370 0
000 4 53 1 5 2 8 1 1 1.254313 0
000 4 54 1 5 4 3 0 0 0.629957 0
000 4 55 1 2 6 3 0 0 0.505555 0
000 4 56 1 4 6 7 1 1 0.576251 0
000 4 57 1 2 2 8 1 1 0.467767 0
000 4 58 1 4 4 7 1 1 0.444745 0
000 4 59 1 2 6 2 0 0 0.637658 0
000 5 00 1 5 6 3 0 0 0.716595 0
000 5 01 1 4 3 2 0 0 0.477701 0
000 5 02 1 2 8 2 0 0 0.446690 0
000 5 03 1 2 2 7 1 1 0.555415 0
000 5 04 1 5 7 8 1 1 0.466084 0
000 5 05 1 2 6 2 0 0 0.572158 0
000 5 06 1 5 2 3 0 0 0.673799 0
000 5 07 1 4 8 4 0 0 0.540519 0
000 5 08 1 4 2 3 0 0 0.562919 0
000 5 09 1 5 7 3 0 0 0.633538 0
000 5 10 1 2 8 4 0 0 0.797637 0
000 5 11 1 4 4 7 1 1 0.562942 0
000 5 12 1 5 4 8 1 1 0.612271 0
000 5 13 1 2 6 2 0 0 0.523783 0
000 5 14 1 5 7 2 0 0 0.544019 0
000 5 15 1 5 2 6 1 1 0.567551 0
000 5 16 1 2 4 6 1 1 0.500308 0
000 5 17 1 4 8 2 0 0 0.523583 0
000 5 18 1 5 6 4 0 0 0.583381 0
000 5 19 1 2 8 2 0 0 0.634893 0
000 5 20 1 4 2 3 0 0 0.684358 0
000 5 21 1 5 2 3 0 0 0.587996 0
000 5 22 1 2 6 4 0 0 0.529992 0
000 5 23 1 5 3 2 0 0 0.796813 0
000 5 24 1 4 4 2 0 0 0.452337 0
000 5 25 1 2 6 8 1 1 0.626144 0
000 5 26 1 2 7 2 0 0 0.531361 0
000 5 27 1 2 4 7 1 1 0.532065 0
000 5 28 1 5 2 3 0 0 0.608647 0
000 5 29 1 4 4 7 1 1 0.624053 0
000 5 30 1 5 8 7 1 1 0.546653 0
000 5 31 1 2 4 2 0 0 0.566528 0
000 5 32 1 4 4 2 0 0 0.576387 0
000 5 33 1 2 2 4 0 0 0.641635 0
000 5 34 1 5 4 8 1 1 0.716878 0
000 5 35 1 2 7 2 0 0 0.514564 0
000 5 36 1 4 3 4 0 0 0.551656 0
000 5 37 1 2 4 2 0 0 0.428702 0
000 5 38 1 4 7 3 0 0 0.417148 0
000 5 39 1 5 3 4 0 0 0.464935 0
000 5 40 1 4 7 4 0 0 0.414496 0
000 5 41 1 4 7 2 0 0 0.473290 0
000 5 42 1 2 7 8 1 1 0.672059 0
000 5 43 1 4 8 4 0 0 0.606902 0
000 5 44 1 4 7 2 0 0 0.535468 0
000 5 45 1 2 2 7 1 1 0.634743 0
000 5 46 1 4 6 3 0 0 0.613846 0
000 5 47 1 4 6 7 1 1 0.541916 0
000 5 48 1 2 7 4 0 0 0.604937 0
000 5 49 1 4 2 6 1 1 0.665178 0
000 5 50 1 4 6 7 1 1 0.600185 0
000 5 51 1 5 2 4 0 0 0.663210 0
000 5 52 1 5 4 2 0 0 0.578523 0
000 5 53 1 4 8 6 1 1 0.657650 0
000 5 54 1 2 4 6 1 1 0.724035 0
000 5 55 1 2 2 4 0 0 0.641554 0
000 5 56 1 4 4 3 0 0 0.537228 0
000 5 57 1 2 6 7 1 1 0.793017 0
000 5 58 1 4 4 8 1 1 0.506889 0
000 5 59 1 4 6 7 1 1 0.537955 0
000 6 00 1 2 8 3 0 0 0.684479 0
000 6 01 1 4 8 4 0 0 0.557490 0
000 6 02 1 5 6 8 1 1 0.510181 0
000 6 03 1 2 2 3 0 0 0.594080 0
000 6 04 1 4 6 2 0 0 0.544544 0
000 6 05 1 5 8 6 1 1 0.502635 0
000 6 06 1 2 4 2 0 0 0.536761 0
000 6 07 1 4 4 8 1 1 0.562586 0
000 6 08 1 2 6 8 1 1 0.538133 0
000 6 09 1 2 3 6 1 1 0.589658 0
000 6 10 1 5 7 2 0 0 0.554142 0
000 6 11 1 5 3 8 1 1 0.731846 0
000 6 12 1 4 7 3 0 0 0.596576 0
000 6 13 1 4 4 3 0 0 0.603724 0
000 6 14 1 5 8 2 0 0 0.543173 0
000 6 15 1 4 7 3 0 0 0.524952 0
000 6 16 1 4 7 8 1 1 0.587215 0
000 6 17 1 2 8 3 0 0 0.815880 0
000 6 18 1 5 3 8 1 1 0.940150 0
000 6 19 1 4 7 8 1 1 0.509881 0
000 6 20 1 4 4 8 1 1 0.485072 0
000 6 21 1 5 6 2 0 0 0.479117 0
000 6 22 1 2 7 6 1 1 0.857651 0
000 6 23 1 5 6 3 0 0 0.477601 0
000 6 24 1 2 3 2 0 0 0.488438 0
000 6 25 1 2 7 3 0 0 0.550462 0
000 6 26 1 2 2 7 1 1 0.553632 0
000 6 27 1 5 6 7 1 1 0.826268 0
000 6 28 1 2 3 6 1 1 0.515076 0
000 6 29 1 4 6 4 0 0 0.559694 0
000 6 30 1 4 4 6 1 1 0.630834 0
000 6 31 1 4 3 4 0 0 0.657199 0
000 6 32 1 2 8 7 1 1 0.507632 0
000 6 33 1 2 4 6 1 1 0.628597 0
000 6 34 1 4 3 7 1 1 0.658073 0
000 6 35 1 2 7 2 0 0 0.676320 0
000 6 36 1 5 6 8 1 1 0.504393 0
000 6 37 1 4 2 4 0 0 0.571704 0
000 6 38 1 5 2 6 1 1 0.654038 0
000 6 39 1 5 8 3 0 0 0.621895 0
000 6 40 1 4 7 4 0 0 0.463224 0
000 6 41 1 4 3 4 0 0 1.944089 0
000 6 42 1 5 8 6 1 1 1.494246 0
000 6 43 1 4 4 8 1 1 0.588740 0
000 6 44 1 5 3 6 1 1 0.497198 0
000 6 45 1 4 2 4 0 0 0.643754 0
000 6 46 1 4 2 3 0 0 0.583587 0
000 6 47 1 2 6 4 0 0 0.522573 0
000 6 48 1 2 4 7 1 1 0.775085 0
000 6 49 1 2 6 3 0 0 0.640513 0
000 6 50 1 4 6 2 0 0 0.566677 0
000 6 51 1 5 7 2 0 0 0.528548 0
000 6 52 1 2 8 2 0 0 0.542499 0
000 6 53 1 5 4 8 1 1 0.619405 0
000 6 54 1 5 3 8 1 1 0.522492 0
000 6 55 1 4 2 3 0 0 0.672461 0
000 6 56 1 4 4 2 0 0 0.539544 0
000 6 57 1 2 2 8 1 1 0.646562 0
000 6 58 1 4 8 4 0 0 0.619810 0
000 6 59 1 4 2 3 0 0 0.668725 0
000 7 00 1 5 7 8 1 1 0.571006 0
000 7 01 1 4 6 2 0 0 0.555972 0
000 7 02 1 5 3 7 1 1 0.764386 0
000 7 03 1 4 6 2 0 0 0.604401 0
000 7 04 1 5 8 3 0 0 0.636492 0
000 7 05 1 2 6 7 1 1 0.741987 0
000 7 06 1 4 8 3 0 0 1.550504 0
000 7 07 1 5 4 6 1 1 0.585409 0
000 7 08 1 5 2 4 0 0 0.629022 0
000 7 09 1 2 3 6 1 1 0.549585 0
000 7 10 1 2 6 3 0 0 0.535716 0
000 7 11 1 4 4 6 1 1 0.595346 0
000 7 12 1 4 2 8 1 1 0.553754 0
000 7 13 1 2 8 3 0 0 0.622142 0
000 7 14 1 5 4 7 1 1 1.212942 0
000 7 15 1 4 8 7 1 1 0.448366 0
000 7 16 1 5 4 3 0 0 0.425502 0
000 7 17 1 5 6 4 0 0 0.529634 0
000 7 18 1 4 7 4 0 0 0.563798 0
000 7 19 1 4 8 3 0 0 0.609720 0
000 7 20 1 5 8 2 0 0 0.512796 0
000 7 21 1 4 6 7 1 1 0.648065 0
000 7 22 1 4 2 6 1 1 0.840948 0
000 7 23 1 5 6 4 0 0 0.727481 0
000 7 24 1 5 2 7 1 1 0.679341 0
000 7 25 1 5 2 8 1 1 0.612063 0
000 7 26 1 2 2 4 0 0 0.487116 0
000 7 27 1 2 8 3 0 0 0.779027 0
000 7 28 1 5 3 2 0 0 0.451425 0
000 7 29 1 5 2 4 0 0 0.541021 0
000 7 30 1 4 3 4 0 0 0.466450 0
000 7 31 1 5 6 3 0 0 0.570284 0
000 7 32 1 4 4 7 1 1 0.540692 0
000 7 33 1 4 6 8 1 1 0.533620 0
000 7 34 1 4 4 3 0 0 0.582739 0
000 7 35 1 5 3 4 0 0 0.561807 0
000 7 36 1 4 2 6 1 1 0.567711 0
000 7 37 1 4 8 6 1 1 0.535180 0
000 7 38 1 4 7 2 0 0 0.535687 0
000 7 39 1 5 6 7 1 1 0.553856 0
000 7 40 1 4 2 7 1 1 0.543078 0
000 7 41 1 5 2 8 1 1 0.560788 0
000 7 42 1 5 6 7 1 1 0.618301 0
000 7 43 1 2 3 8 1 1 0.552220 0
000 7 44 1 2 7 6 1 1 0.477392 0
000 7 45 1 2 7 6 1 1 0.563623 0
000 7 46 1 5 3 4 0 0 0.710089 0
000 7 47 1 5 6 7 1 1 0.653439 0
000 7 48 1 2 6 4 0 0 0.564435 0
000 7 49 1 5 3 8 1 1 0.581531 0
000 7 50 1 5 3 4 0 0 0.882175 0
000 7 51 1 5 2 3 0 0 0.535331 0
000 7 52 1 5 7 4 0 0 0.665179 0
000 7 53 1 5 7 3 0 0 0.580351 0
000 7 54 1 2 6 8 1 1 0.519440 0
000 7 55 1 2 2 8 1 1 0.466216 0
000 7 56 1 5 6 2 0 0 0.701250 0
000 7 57 1 5 4 2 0 0 0.482233 0
000 7 58 1 4 2 4 0 0 0.611282 0
000 7 59 1 2 2 7 1 1 0.633010 0
000 8 00 1 5 8 6 1 1 0.630848 0
000 8 01 1 4 6 4 0 0 0.582184 0
000 8 02 1 4 2 3 0 0 0.580069 0
000 8 03 1 2 4 8 1 1 0.533323 0
000 8 04 1 5 7 6 1 1 0.511233 0
000 8 05 1 2 3 8 1 1 0.461491 0
000 8 06 1 4 6 4 0 0 0.584419 0
000 8 07 1 5 8 6 1 1 0.457172 0
000 8 08 1 2 8 7 1 1 0.394421 0
000 8 09 1 2 4 8 1 1 0.444469 0
000 8 10 1 4 3 7 1 1 0.457673 0
000 8 11 1 4 3 7 1 1 0.456934 0
000 8 12 1 2 2 4 0 0 0.529140 0
000 8 13 1 2 3 4 0 0 0.711361 0
000 8 14 1 2 8 4 0 0 0.491885 0
000 8 15 1 4 7 2 0 0 0.584555 0
000 8 16 1 2 6 3 0 0 0.445304 0
000 8 17 1 5 4 3 0 0 0.411928 0
000 8 18 1 4 6 3 0 0 0.459314 0
000 8 19 1 5 8 7 1 1 0.541527 0
000 8 20 1 4 2 7 0 1 0.427885 0
000 8 21 1 2 4 7 1 1 0.993234 0
000 8 22 1 4 7 6 1 1 0.653232 0
000 8 23 1 5 2 4 0 0 1.468370 0
000 8 24 1 2 4 3 0 0 0.661854 0
000 8 25 1 5 8 7 1 1 0.504161 0
000 8 26 1 5 7 3 0 0 1.069030 0
000 8 27 1 5 4 2 0 0 0.533456 0
000 8 28 1 2 8 7 1 1 0.609972 0
000 8 29 1 4 6 2 0 0 0.560468 0
000 8 30 1 5 2 6 1 1 1.102865 0
000 8 31 1 5 4 7 1 1 0.506256 0
000 8 32 1 5 6 2 0 0 0.529174 0
000 8 33 1 5 4 7 1 1 0.608397 0
000 8 34 1 5 7 2 0 0 0.721786 0
000 8 35 1 5 3 7 1 1 0.603712 0
000 8 36 1 5 2 6 1 1 0.584848 0
000 8 37 1 4 7 6 1 1 0.493116 0
000 8 38 1 2 6 2 0 0 0.529343 0
000 8 39 1 2 7 4 0 0 0.555030 0
000 8 40 1 4 7 8 1 1 0.541969 0
000 8 41 1 5 7 4 0 0 0.570938 0
000 8 42 1 4 2 8 1 1 0.760006 0
000 8 43 1 4 2 6 1 1 0.566596 0
000 8 44 1 2 2 6 1 1 0.446512 0
000 8 45 1 5 8 3 0 0 0.973271 0
000 8 46 1 5 7 2 0 0 0.565970 0
000 8 47 1 4 2 8 1 1 0.572230 0
000 8 48 1 2 2 4 0 0 0.625829 0
000 8 49 1 2 8 4 0 0 0.537018 0
000 8 50 1 2 7 2 0 0 0.498355 0
000 8 51 1 5 4 8 1 1 0.588794 0
000 8 52 1 2 8 2 0 0 0.541089 0
000 8 53 1 5 8 3 0 0 0.575468 0
000 8 54 1 5 2 8 1 1 0.621473 0
000 8 55 1 5 8 2 0 0 0.550060 0
000 8 56 1 2 2 3 0 0 0.575650 0
000 8 57 1 2 6 8 1 1 0.503236 0
000 8 58 1 2 3 7 1 1 0.579088 0
000 8 59 1 5 6 3 0 0 0.535451 0
000 9 00 0 12 8 2 0 1 4.500441 0
000 9 01 0 2 4 6 1 0 3.356720 0
000 9 02 0 5 6 3 0 1 1.433128 0
000 9 03 0 12 4 8 1 0 0.892689 0
000 9 04 0 2 7 2 0 1 0.615260 0
000 9 05 0 12 6 4 0 1 0.930111 0
000 9 06 0 12 7 4 0 1 1.425011 0
000 9 07 0 12 2 8 1 0 0.675666 0
000 9 08 0 12 8 3 0 1 1.802117 0
000 9 09 0 12 3 4 0 0 0.653394 0
000 9 10 0 5 6 2 0 1 0.487923 0
000 9 11 0 12 7 3 0 1 0.642196 0
000 9 12 0 2 4 3 0 0 0.645269 0
000 9 13 0 2 6 2 0 1 0.497048 0
000 9 14 0 2 3 8 1 0 1.545060 0
000 9 15 0 4 8 3 0 1 0.597621 0
000 9 16 0 2 2 7 1 0 0.636587 0
000 9 17 0 5 2 3 0 0 0.574238 0
000 9 18 0 4 4 6 1 0 0.627335 0
000 9 19 0 2 7 2 0 1 0.552054 0
000 9 20 0 5 4 2 0 0 0.540768 0
000 9 21 0 12 8 3 0 1 1.144225 0
000 9 22 0 2 7 2 0 1 0.507213 0
000 9 23 0 12 2 6 1 0 0.538167 0
000 9 24 0 5 2 6 1 0 0.632823 0
000 9 25 0 5 4 7 1 0 0.535629 0
000 9 26 0 4 6 3 0 1 0.599662 0
000 9 27 0 5 6 7 1 1 0.509999 0
000 9 28 0 5 6 2 0 1 0.525920 0
000 9 29 0 2 2 6 1 0 0.651036 0
000 9 30 0 5 3 6 1 0 0.609714 0
000 9 31 0 12 7 6 1 1 0.593582 0
000 9 32 0 12 8 2 0 1 0.669468 0
000 9 33 0 12 7 4 0 1 0.587267 0
000 9 34 0 2 2 6 1 0 0.721627 0
000 9 35 0 2 7 6 1 1 0.741148 0
000 9 36 0 12 8 6 1 1 0.499160 0
000 9 37 0 12 7 2 0 1 0.631439 0
000 9 38 0 5 3 6 1 0 0.632353 0
000 9 39 0 12 6 2 0 1 0.538491 0
000 9 40 0 12 4 8 1 0 0.722058 0
000 9 41 0 12 7 4 0 1 0.508589 0
000 9 42 0 4 8 4 0 1 0.519669 0
000 9 43 0 12 8 4 0 1 0.553471 0
000 9 44 0 2 2 7 1 0 0.651234 0
000 9 45 0 12 7 6 1 1 0.596855 0
000 9 46 0 4 4 2 0 0 0.538428 0
000 9 47 0 4 2 7 1 0 0.605640 0
000 9 48 0 12 6 7 1 1 0.531012 0
000 9 49 0 12 7 4 0 1 0.589885 0
000 9 50 0 12 6 8 1 1 0.593791 0
000 9 51 0 12 2 7 1 0 0.603175 0
000 9 52 0 2 4 8 1 0 0.504879 0
000 9 53 0 4 7 4 0 1 0.509315 0
000 9 54 0 2 7 6 1 1 0.618561 0
000 9 55 0 2 6 8 1 1 0.584883 0
000 9 56 0 2 6 4 0 1 0.571455 0
000 9 57 0 4 6 4 0 1 0.538033 0
000 9 58 0 2 8 6 1 1 0.672145 0
000 9 59 0 2 7 3 0 1 0.527141 0
000 10 00 0 4 3 8 1 0 0.615160 0
000 10 01 0 5 7 8 1 1 0.475229 0
000 10 02 0 12 4 2 0 0 0.587479 0
000 10 03 0 5 3 7 1 0 1.397933 0
000 10 04 0 4 8 4 0 1 0.661843 0
000 10 05 0 2 6 8 1 1 0.435622 0
000 10 06 0 12 8 2 0 1 0.575106 0
000 10 07 0 5 2 8 1 0 0.640053 0
000 10 08 0 12 4 8 1 0 0.590565 0
000 10 09 0 12 2 7 1 0 0.516277 0
000 10 10 0 5 2 7 1 0 0.491067 0
000 10 11 0 4 7 3 0 1 0.544451 0
000 10 12 0 2 3 4 0 0 1.301899 0
000 10 13 0 2 8 2 0 1 0.542688 0
000 10 14 0 2 8 4 0 1 0.469037 0
000 10 15 0 4 3 6 1 0 0.821463 0
000 10 16 0 5 3 4 0 0 1.421003 0
000 10 17 0 4 4 8 1 0 0.895820 0
000 10 18 0 12 8 7 1 1 0.529127 0
000 10 19 0 5 2 6 1 0 0.542867 0
000 10 20 0 4 8 7 1 1 0.873560 0
000 10 21 0 4 2 6 1 0 1.462798 0
000 10 22 0 2 7 4 0 1 0.735695 0
000 10 23 0 5 2 4 0 0 0.602389 0
000 10 24 0 2 6 4 0 1 0.582147 0
000 10 25 0 12 4 3 0 0 0.591364 0
000 10 26 0 5 8 3 0 1 0.524401 0
000 10 27 0 4 3 4 0 0 0.445542 0
000 10 28 0 4 8 6 1 1 0.660342 0
000 10 29 0 12 3 8 1 0 0.487388 0
000 10 30 0 12 7 3 0 1 0.706191 0
000 10 31 0 2 6 7 1 1 0.620573 0
000 10 32 0 2 4 7 1 0 0.505963 0
000 10 33 0 12 2 8 1 0 0.614622 0
000 10 34 0 12 6 3 0 1 0.596558 0
000 10 35 0 2 6 8 1 1 0.583409 0
000 10 36 0 12 8 7 1 1 0.513772 0
000 10 37 0 5 3 6 1 0 0.529680 0
000 10 38 0 2 4 2 0 0 0.551344 0
000 10 39 0 2 4 6 1 0 0.604235 0
000 10 40 0 2 2 8 1 0 0.589841 0
000 10 41 0 12 8 6 1 1 0.554307 0
000 10 42 0 5 4 8 1 0 0.542038 0
000 10 43 0 12 2 8 1 0 0.758017 0
000 10 44 0 12 8 4 0 1 0.611299 0
000 10 45 0 2 7 8 1 1 0.498440 0
000 10 46 0 2 3 2 0 0 0.719098 0
000 10 47 0 4 6 8 1 1 0.529468 0
000 10 48 0 12 2 6 1 0 0.602178 0
000 10 49 0 12 3 8 1 0 0.538897 0
000 10 50 0 12 6 4 0 1 0.510780 0
000 10 51 0 2 3 7 1 0 0.622423 0
000 10 52 0 2 3 2 0 0 0.512733 0
000 10 53 0 12 6 3 0 1 0.537724 0
000 10 54 0 5 4 3 0 0 0.531492 0
000 10 55 0 4 8 2 0 1 0.497394 0
000 10 56 0 5 2 4 0 0 0.693722 0
000 10 57 0 5 6 3 0 1 0.635895 0
000 10 58 0 12 2 3 0 0 0.477639 0
000 10 59 0 2 8 3 0 1 0.524969 0
000 11 00 0 2 2 3 0 0 1.191795 0
000 11 01 0 12 8 7 1 1 0.542187 0
000 11 02 0 12 8 4 0 1 0.509078 0
000 11 03 0 2 3 7 1 0 0.573123 0
000 11 04 0 2 3 7 1 0 0.464100 0
000 11 05 0 5 3 2 0 0 0.502703 0
000 11 06 0 5 3 7 1 0 0.589093 0
000 11 07 0 4 2 6 1 0 0.505386 0
000 11 08 0 12 4 7 1 0 0.505190 0
000 11 09 0 12 3 6 1 0 0.572416 0
000 11 10 0 12 4 6 1 0 0.536348 0
000 11 11 0 12 3 7 1 0 0.530988 0
000 11 12 0 4 2 7 1 0 0.494220 0
000 11 13 0 5 8 6 1 1 0.504428 0
000 11 14 0 2 3 8 1 0 0.553568 0
000 11 15 0 4 3 2 0 0 0.494290 0
000 11 16 0 5 4 8 1 0 0.583931 0
000 11 17 0 4 7 2 0 1 0.569469 0
000 11 18 0 5 3 8 1 0 0.578386 0
000 11 19 0 12 3 4 0 0 0.772090 0
000 11 20 0 12 6 7 1 1 0.740841 0
000 11 21 0 12 3 4 0 0 0.675828 0
000 11 22 0 12 4 3 0 0 0.601440 0
000 11 23 0 2 8 7 1 1 0.501036 0
000 11 24 0 5 3 4 0 0 0.480515 0
000 11 25 0 5 4 6 1 0 0.723822 0
000 11 26 0 2 2 4 0 0 0.631427 0
000 11 27 0 4 7 3 0 1 0.640057 0
000 11 28 0 5 8 2 0 1 0.548118 0
000 11 29 0 4 3 2 0 0 0.522280 0
000 11 30 0 12 2 6 1 0 0.611694 0
000 11 31 0 5 4 6 1 0 0.597878 0
000 11 32 0 12 2 4 0 0 0.707733 0
000 11 33 0 5 3 2 0 0 0.599464 0
000 11 34 0 12 6 3 0 1 0.510969 0
000 11 35 0 12 6 7 1 1 0.482805 0
000 11 36 0 2 6 3 0 1 0.615530 0
000 11 37 0 2 8 7 1 1 0.589756 0
000 11 38 0 12 2 3 0 0 0.659806 0
000 11 39 0 12 7 8 1 1 0.461610 0
000 11 40 0 4 2 8 1 0 0.536885 0
000 11 41 0 2 8 3 0 1 0.522058 0
000 11 42 0 2 4 8 1 0 0.515977 0
000 11 43 0 2 6 4 0 1 0.503451 0
000 11 44 0 2 6 8 1 1 0.488612 0
000 11 45 0 12 4 2 0 0 0.466227 0
000 11 46 0 12 6 7 1 1 0.410021 0
000 11 47 0 4 6 2 0 1 0.506770 0
000 11 48 0 5 7 3 0 1 0.565298 0
000 11 49 0 2 3 2 0 0 0.506321 0
000 11 50 0 4 4 3 0 0 0.395990 0
000 11 51 0 4 7 8 1 1 0.484560 0
000 11 52 0 12 4 6 1 0 0.738314 0
000 11 53 0 2 7 3 0 1 0.711314 0
000 11 54 0 4 8 2 0 1 0.544789 0
000 11 55 0 4 6 2 0 1 0.491197 0
000 11 56 0 12 7 2 0 1 0.490546 0
000 11 57 0 12 2 7 1 0 0.790804 0
000 11 58 0 2 8 6 1 1 0.741893 0
000 11 59 0 12 6 8 1 1 0.592622 0
000 12 00 0 12 3 6 1 0 0.737433 0
000 12 01 0 12 7 8 1 1 0.475494 0
000 12 02 0 2 4 3 0 0 0.589491 0
000 12 03 0 5 2 3 0 0 0.567221 0
000 12 04 0 5 6 2 0 1 0.564253 0
000 12 05 0 5 6 8 1 1 0.500229 0
000 12 06 0 12 4 6 1 0 0.662701 0
000 12 07 0 12 2 6 1 0 0.543745 0
000 12 08 0 4 7 4 0 1 0.560303 0
000 12 09 0 4 6 3 0 1 0.523682 0
000 12 10 0 5 6 4 0 1 0.441670 0
000 12 11 0 2 7 8 1 1 0.549744 0
000 12 12 0 2 3 2 0 0 0.492507 0
000 12 13 0 4 6 3 0 1 0.482736 0
000 12 14 0 12 3 8 1 0 0.602580 0
000 12 15 0 2 6 2 0 1 0.531692 0
000 12 16 0 12 2 4 0 0 0.671611 0
000 12 17 0 12 3 8 1 0 0.599947 0
000 12 18 0 12 3 7 1 0 0.674600 0
000 12 19 0 5 8 2 0 1 1.171910 0
000 12 20 0 4 7 8 1 1 0.509742 0
000 12 21 0 12 3 2 0 0 0.462238 0
000 12 22 0 5 8 6 1 1 0.836847 0
000 12 23 0 2 4 3 0 0 0.528315 0
000 12 24 0 2 8 6 1 1 0.928753 0
000 12 25 0 4 6 7 1 1 0.559680 0
000 12 26 0 12 4 7 1 0 0.771058 0
000 12 27 0 4 4 3 0 0 0.689339 0
000 12 28 0 12 4 6 1 0 0.777987 0
000 12 29 0 12 6 2 0 1 0.770287 0
000 12 30 0 12 3 7 1 0 0.643170 0
000 12 31 0 12 3 6 1 0 0.591666 0
000 12 32 0 5 6 7 1 1 0.460613 0
000 12 33 0 12 2 7 1 0 0.578476 0
000 12 34 0 2 8 3 0 1 0.909748 0
000 12 35 0 5 8 7 1 1 0.663526 0
000 12 36 0 5 7 2 0 1 0.712006 0
000 12 37 0 4 7 4 0 1 0.718801 0
000 12 38 0 5 6 3 0 1 0.548788 0
000 12 39 0 12 8 7 1 1 0.546383 0
000 12 40 0 4 3 7 1 0 0.471405 0
000 12 41 0 4 4 7 1 0 0.431462 0
000 12 42 0 2 8 4 0 1 0.586909 0
000 12 43 0 5 3 2 0 0 0.424556 0
000 12 44 0 4 3 4 0 0 0.795969 0
000 12 45 0 5 4 2 0 0 0.520643 0
000 12 46 0 4 6 4 0 1 0.531942 0
000 12 47 0 2 2 7 1 0 0.516727 0
000 12 48 0 5 8 4 0 1 0.594036 0
000 12 49 0 12 7 4 0 1 0.612140 0
000 12 50 0 2 3 6 1 0 0.732925 0
000 12 51 0 12 2 8 1 0 0.576024 0
000 12 52 0 5 4 8 1 0 0.515116 0
000 12 53 0 2 6 3 0 1 0.632526 0
000 12 54 0 4 6 8 1 1 0.520516 0
000 12 55 0 12 3 4 0 0 0.713908 0
000 12 56 0 5 4 2 0 0 0.609243 0
000 12 57 0 12 4 3 0 0 0.440103 0
000 12 58 0 12 8 4 0 1 0.697299 0
000 12 59 0 12 8 7 1 1 0.561776 0
