013 0 00 1 4 3 7 1 1 8.366055 0
013 0 01 1 4 4 2 0 0 3.325387 0
013 0 02 1 4 7 4 0 0 1.371300 0
013 0 03 1 1 6 8 1 1 1.567136 0
013 0 04 1 4 6 4 0 0 1.717560 0
013 0 05 1 4 2 4 0 0 1.374990 0
013 0 06 1 4 7 2 0 0 3.027582 0
013 0 07 1 4 4 3 0 0 0.678000 0
013 0 08 1 5 3 7 1 1 0.954022 0
013 0 09 1 5 3 4 0 0 0.592265 0
013 0 10 1 5 3 2 0 0 1.675969 0
013 0 11 1 5 4 6 1 1 0.728406 0
013 0 12 1 5 7 4 0 0 1.629661 0
013 0 13 1 5 3 7 1 1 0.622673 0
013 0 14 1 4 6 8 1 1 0.913193 0
013 0 15 1 5 6 2 0 0 1.118935 0
013 0 16 1 1 6 7 1 1 0.686424 0
013 0 17 1 4 6 8 1 1 1.722123 0
013 0 18 1 5 2 7 1 1 6.065226 0
013 0 19 1 1 4 7 1 1 0.716920 0
013 0 20 1 4 4 3 0 0 0.836881 0
013 0 21 1 1 3 7 1 1 1.049946 0
013 0 22 1 1 8 4 0 0 0.654158 0
013 0 23 1 5 2 8 1 1 0.625288 0
013 0 24 1 4 3 7 1 1 0.899312 0
013 0 25 1 4 2 3 0 0 0.713474 0
013 0 26 1 1 7 8 1 1 0.891421 0
013 0 27 1 1 6 7 1 1 0.793421 0
013 0 28 1 1 4 8 1 1 0.481887 0
013 0 29 1 1 3 8 1 1 0.530501 0
013 0 30 1 5 4 2 0 0 0.536915 0
013 0 31 1 4 6 3 0 0 0.518737 0
013 0 32 1 5 3 6 1 1 0.620833 0
013 0 33 1 5 2 6 1 1 0.585216 0
013 0 34 1 4 3 7 1 1 0.552233 0
013 0 35 1 5 6 8 1 1 0.424591 0
013 0 36 1 4 7 3 0 0 0.585862 0
013 0 37 1 1 8 6 1 1 0.673711 0
013 0 38 1 5 4 3 0 0 0.647233 0
013 0 39 1 1 7 2 0 0 0.673355 0
013 0 40 1 1 4 6 1 1 0.947043 0
013 0 41 1 1 3 8 1 1 0.561280 0
013 0 42 1 5 4 7 0 1 0.719667 0
013 0 43 1 5 8 6 1 1 1.982798 0
013 0 44 1 4 2 3 0 0 1.410663 0
013 0 45 1 4 2 3 0 0 0.838565 0
013 0 46 1 1 2 6 1 1 0.670453 0
013 0 47 1 1 7 4 0 0 0.641899 0
013 0 48 1 5 8 2 0 0 2.558479 0
013 0 49 1 4 4 7 1 1 0.680758 0
013 0 50 1 5 8 2 0 0 0.594405 0
013 0 51 1 5 7 8 1 1 0.561085 0
013 0 52 1 1 3 6 1 1 0.725738 0
013 0 53 1 1 3 2 0 0 0.979865 0
013 0 54 1 5 6 7 1 1 1.571643 0
013 0 55 1 5 4 8 1 1 0.628817 0
013 0 56 1 4 7 4 0 0 0.709488 0
013 0 57 1 4 4 3 0 0 0.641405 0
013 0 58 1 5 2 8 1 1 0.699858 0
013 0 59 1 4 4 6 1 1 1.526018 0
013 1 00 1 5 6 3 0 0 8.852712 0
013 1 01 1 4 6 3 0 0 2.077481 0
013 1 02 1 4 2 7 1 1 3.056377 0
013 1 03 1 1 4 2 0 0 0.758593 0
013 1 04 1 4 7 6 1 1 2.186171 0
013 1 05 1 5 3 8 1 1 0.541782 0
013 1 06 1 5 6 4 0 0 0.594414 0
013 1 07 1 4 4 6 1 1 0.558835 0
013 1 08 1 1 8 7 1 1 0.810853 0
013 1 09 1 5 2 6 1 1 0.596348 0
013 1 10 1 5 7 4 0 0 1.274336 0
013 1 11 1 4 7 2 0 0 0.604457 0
013 1 12 1 5 2 7 1 1 0.649919 0
013 1 13 1 5 7 2 0 0 0.599804 0
013 1 14 1 1 8 2 0 0 0.559229 0
013 1 15 1 4 7 4 0 0 1.150212 0
013 1 16 1 1 8 7 1 1 0.779623 0
013 1 17 1 4 6 8 1 1 0.718146 0
013 1 18 1 4 3 8 1 1 0.614503 0
013 1 19 1 1 2 7 1 1 0.820969 0
013 1 20 1 1 6 8 1 1 1.001889 0
013 1 21 1 5 2 3 0 0 0.931039 0
013 1 22 1 1 6 7 1 1 0.812798 0
013 1 23 1 4 8 4 0 0 1.336976 0
013 1 24 1 1 6 2 0 0 0.709719 0
013 1 25 1 5 8 4 0 0 0.590016 0
013 1 26 1 4 8 2 0 0 0.617450 0
013 1 27 1 4 7 2 0 0 0.747577 0
013 1 28 1 5 8 2 0 0 0.773931 0
013 1 29 1 1 8 2 0 0 0.599905 0
013 1 30 1 4 2 4 0 0 0.612862 0
013 1 31 1 5 2 8 1 1 0.685364 0
013 1 32 1 5 4 7 1 1 1.029378 0
013 1 33 1 4 4 2 0 0 0.589975 0
013 1 34 1 1 2 3 0 0 1.917358 0
013 1 35 1 1 4 6 1 1 0.902681 0
013 1 36 1 5 7 8 1 1 0.525468 0
013 1 37 1 1 7 3 0 0 0.600336 0
013 1 38 1 1 2 3 0 0 0.545733 0
013 1 39 1 5 6 7 1 1 0.630835 0
013 1 40 1 1 6 7 1 1 0.515687 0
013 1 41 1 5 2 3 0 0 1.813660 0
013 1 42 1 1 8 4 0 0 0.692444 0
013 1 43 1 5 8 4 0 0 0.651878 0
013 1 44 1 1 7 8 1 1 0.522736 0
013 1 45 1 5 3 8 1 1 2.330617 0
013 1 46 1 5 8 2 0 0 0.648320 0
013 1 47 1 1 8 4 0 0 0.672085 0
013 1 48 1 4 2 7 1 1 0.563929 0
013 1 49 1 4 6 7 1 1 0.526302 0
013 1 50 1 4 8 3 0 0 0.628145 0
013 1 51 1 1 6 4 0 0 1.036432 0
013 1 52 1 4 2 4 0 0 0.528413 0
013 1 53 1 5 6 3 0 0 0.613920 0
013 1 54 1 4 7 4 0 0 0.433263 0
013 1 55 1 4 3 7 1 1 0.583249 0
013 1 56 1 1 3 8 1 1 0.676470 0
013 1 57 1 1 6 2 0 0 0.571462 0
013 1 58 1 1 4 8 1 1 0.896130 0
013 1 59 1 4 3 4 0 0 0.617700 0
013 2 00 1 4 7 3 0 0 2.009852 0
013 2 01 1 5 4 3 0 0 0.579415 0
013 2 02 1 4 8 6 1 1 0.530904 0
013 2 03 1 1 6 2 0 0 0.567670 0
013 2 04 1 5 8 7 1 1 0.611244 0
013 2 05 1 1 3 8 1 1 0.635980 0
013 2 06 1 4 8 3 0 0 0.703153 0
013 2 07 1 5 8 4 0 0 0.744541 0
013 2 08 1 5 7 6 1 1 0.771622 0
013 2 09 1 4 3 2 0 0 0.544389 0
013 2 10 1 5 4 3 0 0 0.713769 0
013 2 11 1 1 4 7 1 1 0.608447 0
013 2 12 1 4 3 2 0 0 0.531731 0
013 2 13 1 4 6 3 0 0 0.628553 0
013 2 14 1 4 7 4 0 0 0.548451 0
013 2 15 1 4 2 3 0 0 0.491817 0
013 2 16 1 4 3 8 1 1 0.561653 0
013 2 17 1 4 2 6 1 1 0.888912 0
013 2 18 1 4 8 6 1 1 0.591996 0
013 2 19 1 1 2 4 0 0 1.393336 0
013 2 20 1 1 2 6 1 1 1.239834 0
013 2 21 1 1 6 3 0 0 0.897981 0
013 2 22 1 1 8 3 0 0 0.491768 0
013 2 23 1 5 4 3 0 0 0.564421 0
013 2 24 1 5 7 6 1 1 0.543402 0
013 2 25 1 4 8 4 0 0 1.138380 0
013 2 26 1 1 2 8 1 1 0.498461 0
013 2 27 1 5 7 3 0 0 0.647282 0
013 2 28 1 4 4 2 0 0 0.817825 0
013 2 29 1 5 4 7 1 1 0.587048 0
013 2 30 1 5 8 6 1 1 1.635919 0
013 2 31 1 5 4 8 1 1 0.582684 0
013 2 32 1 4 7 6 1 1 0.572448 0
013 2 33 1 1 2 3 0 0 0.719951 0
013 2 34 1 1 7 4 0 0 0.646389 0
013 2 35 1 4 8 7 1 1 0.727060 0
013 2 36 1 1 3 6 1 1 1.141323 0
013 2 37 1 5 2 4 0 0 0.860655 0
013 2 38 1 1 8 4 0 0 0.572593 0
013 2 39 1 5 3 2 0 0 1.210567 0
013 2 40 1 1 8 3 0 0 0.596446 0
013 2 41 1 1 2 7 1 1 0.531553 0
013 2 42 1 1 7 3 0 0 0.634319 0
013 2 43 1 1 7 3 0 0 0.502913 0
013 2 44 1 4 8 7 1 1 0.654195 0
013 2 45 1 1 4 7 1 1 0.585907 0
013 2 46 1 5 2 7 1 1 0.481989 0
013 2 47 1 4 2 6 1 1 0.827503 0
013 2 48 1 5 4 7 1 1 0.574837 0
013 2 49 1 1 8 7 1 1 0.657907 0
013 2 50 1 1 3 6 1 1 0.632794 0
013 2 51 1 4 3 6 1 1 0.495359 0
013 2 52 1 1 2 7 1 1 0.574431 0
013 2 53 1 1 2 4 0 0 0.673199 0
013 2 54 1 5 8 3 0 0 0.617096 0
013 2 55 1 5 6 8 1 1 0.706364 0
013 2 56 1 4 4 2 0 0 0.919772 0
013 2 57 1 1 4 2 0 0 0.538086 0
013 2 58 1 4 4 6 1 1 0.751545 0
013 2 59 1 1 4 3 0 0 0.806784 0
013 3 00 1 1 4 8 1 1 0.865369 0
013 3 01 1 1 6 4 0 0 0.694745 0
013 3 02 1 1 7 3 0 0 0.922309 0
013 3 03 1 1 4 7 1 1 0.812573 0
013 3 04 1 5 6 8 1 1 0.753259 0
013 3 05 1 4 8 7 0 1 0.654847 0
013 3 06 1 5 7 6 1 1 1.323203 0
013 3 07 1 4 6 7 1 1 0.630258 0
013 3 08 1 1 2 6 1 1 0.962397 0
013 3 09 1 5 3 7 1 1 0.619820 0
013 3 10 1 4 2 8 1 1 0.548309 0
013 3 11 1 4 8 7 1 1 0.443819 0
013 3 12 1 5 8 6 1 1 1.051432 0
013 3 13 1 5 2 6 1 1 0.592358 0
013 3 14 1 5 7 3 0 0 1.065937 0
013 3 15 1 5 4 3 0 0 0.565785 0
013 3 16 1 1 6 4 0 0 1.114576 0
013 3 17 1 1 7 3 0 0 0.769410 0
013 3 18 1 1 3 6 1 1 1.204720 0
013 3 19 1 5 8 6 1 1 0.544421 0
013 3 20 1 1 6 7 1 1 0.668599 0
013 3 21 1 1 6 8 1 1 0.618354 0
013 3 22 1 1 3 8 1 1 0.451791 0
013 3 23 1 1 7 4 0 0 0.642710 0
013 3 24 1 1 6 3 0 0 0.941395 0
013 3 25 1 5 7 2 0 0 0.681390 0
013 3 26 1 5 2 3 0 0 0.602782 0
013 3 27 1 4 6 2 0 0 0.504295 0
013 3 28 1 1 7 4 0 0 0.825289 0
013 3 29 1 1 3 4 0 0 0.500748 0
013 3 30 1 4 4 7 1 1 0.643969 0
013 3 31 1 1 3 6 1 1 1.164331 0
013 3 32 1 5 3 2 0 0 0.956672 0
013 3 33 1 5 8 3 0 0 0.706457 0
013 3 34 1 5 7 6 1 1 2.431093 0
013 3 35 1 4 2 4 0 0 0.600475 0
013 3 36 1 1 8 3 0 0 0.532179 0
013 3 37 1 1 6 2 0 0 0.510015 0
013 3 38 1 4 6 3 0 0 1.056273 0
013 3 39 1 4 4 8 1 1 0.632882 0
013 3 40 1 1 7 6 1 1 0.654921 0
013 3 41 1 1 3 7 1 1 0.659387 0
013 3 42 1 5 8 7 1 1 0.671045 0
013 3 43 1 5 2 4 0 0 0.729029 0
013 3 44 1 1 7 4 0 0 0.563545 0
013 3 45 1 4 7 6 1 1 0.640570 0
013 3 46 1 1 4 2 0 0 0.493047 0
013 3 47 1 1 2 8 1 1 0.601839 0
013 3 48 1 5 3 8 1 1 0.628787 0
013 3 49 1 1 6 8 1 1 0.503180 0
013 3 50 1 5 2 6 1 1 1.387535 0
013 3 51 1 5 3 7 1 1 0.557187 0
013 3 52 1 5 7 2 0 0 0.669776 0
013 3 53 1 5 3 2 0 0 0.456113 0
013 3 54 1 4 2 8 1 1 0.785933 0
013 3 55 1 1 2 4 0 0 0.894335 0
013 3 56 1 5 8 6 1 1 0.593966 0
013 3 57 1 5 7 3 0 0 1.174487 0
013 3 58 1 4 4 6 1 1 0.687718 0
013 3 59 1 5 6 8 1 1 0.498559 0
013 4 00 1 4 8 6 1 1 1.242660 0
013 4 01 1 4 7 3 0 0 0.639448 0
013 4 02 1 1 7 6 1 1 0.497980 0
013 4 03 1 5 7 3 0 0 0.843197 0
013 4 04 1 4 4 7 1 1 0.524768 0
013 4 05 1 5 6 4 0 0 0.646493 0
013 4 06 1 5 7 3 0 0 0.567071 0
013 4 07 1 4 2 8 1 1 0.486283 0
013 4 08 1 4 7 3 0 0 0.548110 0
013 4 09 1 5 6 4 0 0 1.573820 0
013 4 10 1 1 3 2 0 0 0.490588 0
013 4 11 1 5 6 7 1 1 0.517202 0
013 4 12 1 5 2 6 1 1 1.110016 0
013 4 13 1 1 4 3 0 0 0.786820 0
013 4 14 1 1 4 3 0 0 0.470179 0
013 4 15 1 1 4 6 1 1 0.635706 0
013 4 16 1 4 8 6 1 1 0.544703 0
013 4 17 1 1 2 6 1 1 0.654655 0
013 4 18 1 4 8 3 0 0 0.550299 0
013 4 19 1 4 6 8 1 1 0.458098 0
013 4 20 1 4 7 8 1 1 0.523751 0
013 4 21 1 4 2 7 1 1 1.037583 0
013 4 22 1 4 4 8 1 1 0.470413 0
013 4 23 1 5 6 3 0 0 2.644665 0
013 4 24 1 5 3 2 0 0 0.877551 0
013 4 25 1 1 2 3 0 0 1.240541 0
013 4 26 1 1 4 7 1 1 0.831570 0
013 4 27 1 4 3 2 0 0 0.606887 0
013 4 28 1 4 7 3 0 0 1.280082 0
013 4 29 1 1 3 4 0 0 1.319182 0
013 4 30 1 5 2 8 1 1 0.673909 0
013 4 31 1 5 3 6 1 1 3.940120 0
013 4 32 1 4 2 3 0 0 0.614123 0
013 4 33 1 5 4 2 0 0 0.668946 0
013 4 34 1 1 4 6 1 1 0.580818 0
013 4 35 1 5 8 3 0 0 0.570633 0
013 4 36 1 4 4 7 1 1 0.541023 0
013 4 37 1 1 3 8 1 1 0.512837 0
013 4 38 1 4 4 8 1 1 0.440746 0
013 4 39 1 1 4 3 0 0 0.864053 0
013 4 40 1 5 4 8 1 1 0.690438 0
013 4 41 1 5 6 4 0 0 0.964492 0
013 4 42 1 1 2 4 0 0 0.536218 0
013 4 43 1 1 3 2 0 0 0.840431 0
013 4 44 1 1 3 4 0 0 0.808518 0
013 4 45 1 5 7 8 1 1 0.582699 0
013 4 46 1 5 3 2 0 0 0.496059 0
013 4 47 1 5 8 4 0 0 0.552802 0
013 4 48 1 1 2 7 1 1 0.701031 0
013 4 49 1 1 7 8 1 1 0.677139 0
013 4 50 1 1 2 8 1 1 0.703314 0
013 4 51 1 4 6 3 0 0 0.715006 0
013 4 52 1 5 8 4 0 0 0.653118 0
013 4 53 1 5 2 4 0 0 0.628431 0
013 4 54 1 5 3 6 1 1 0.561911 0
013 4 55 1 4 3 8 1 1 0.862543 0
013 4 56 1 5 2 4 0 0 0.773567 0
013 4 57 1 5 8 2 0 0 0.713360 0
013 4 58 1 4 3 6 1 1 0.987264 0
013 4 59 1 1 8 6 1 1 0.492976 0
013 5 00 1 1 7 4 0 0 1.561796 0
013 5 01 1 5 2 4 0 0 0.543457 0
013 5 02 1 4 2 6 1 1 0.579863 0
013 5 03 1 1 3 6 1 1 0.619352 0
013 5 04 1 5 3 4 0 0 0.919063 0
013 5 05 1 5 6 8 1 1 0.791889 0
013 5 06 1 1 4 6 1 1 1.276941 0
013 5 07 1 1 6 3 0 0 0.784630 0
013 5 08 1 4 7 2 0 0 0.547069 0
013 5 09 1 4 6 7 1 1 3.210344 0
013 5 10 1 4 4 2 0 0 0.619270 0
013 5 11 1 4 2 8 1 1 0.847574 0
013 5 12 1 1 8 4 0 0 1.023721 0
013 5 13 1 1 8 2 0 0 0.746710 0
013 5 14 1 4 7 8 1 1 0.684702 0
013 5 15 1 4 7 8 1 1 0.501285 0
013 5 16 1 4 7 8 1 1 0.550009 0
013 5 17 1 4 6 8 1 1 0.491708 0
013 5 18 1 1 4 8 1 1 0.402825 0
013 5 19 1 1 2 8 1 1 0.374353 0
013 5 20 1 5 4 7 1 1 0.670096 0
013 5 21 1 4 8 6 1 1 0.979423 0
013 5 22 1 4 4 6 1 1 0.509363 0
013 5 23 1 1 4 3 0 0 0.882938 0
013 5 24 1 1 7 6 1 1 1.149357 0
013 5 25 1 5 8 7 1 1 0.458390 0
013 5 26 1 4 4 3 0 0 0.674016 0
013 5 27 1 5 6 7 1 1 0.795749 0
013 5 28 1 4 8 2 0 0 0.622357 0
013 5 29 1 1 3 4 0 0 1.587393 0
013 5 30 1 5 7 2 0 0 0.639741 0
013 5 31 1 4 7 2 0 0 0.490351 0
013 5 32 1 5 6 2 0 0 0.473521 0
013 5 33 1 4 2 6 1 1 0.950624 0
013 5 34 1 4 3 7 1 1 1.849521 0
013 5 35 1 5 2 6 1 1 1.119461 0
013 5 36 1 1 6 2 0 0 0.584277 0
013 5 37 1 1 8 6 1 1 0.688567 0
013 5 38 1 4 7 6 1 1 0.472166 0
013 5 39 1 1 6 3 0 0 0.554342 0
013 5 40 1 4 6 7 1 1 0.512248 0
013 5 41 1 4 8 3 0 0 0.756814 0
013 5 42 1 4 3 6 1 1 0.618750 0
013 5 43 1 5 7 4 0 0 1.022466 0
013 5 44 1 4 3 8 1 1 0.671668 0
013 5 45 1 5 8 2 0 0 0.653780 0
013 5 46 1 4 3 4 0 0 1.100832 0
013 5 47 1 4 4 2 0 0 0.591274 0
013 5 48 1 4 6 2 0 0 0.518730 0
013 5 49 1 1 4 2 0 0 0.499823 0
013 5 50 1 5 7 6 1 1 0.650468 0
013 5 51 1 1 7 8 1 1 0.686547 0
013 5 52 1 1 2 7 1 1 0.811768 0
013 5 53 1 4 3 4 0 0 0.645082 0
013 5 54 1 1 3 2 0 0 0.517274 0
013 5 55 1 1 3 4 0 0 1.144301 0
013 5 56 1 1 2 7 1 1 1.439937 0
013 5 57 1 5 6 2 0 0 0.599397 0
013 5 58 1 5 8 3 0 0 0.821168 0
013 5 59 1 5 3 6 1 1 0.675995 0
013 6 00 1 4 8 4 0 0 1.758251 0
013 6 01 1 4 3 4 0 0 0.508643 0
013 6 02 1 4 6 2 0 0 0.576518 0
013 6 03 1 4 6 2 0 0 0.468226 0
013 6 04 1 4 4 3 0 0 0.860403 0
013 6 05 1 5 4 8 1 1 0.503897 0
013 6 06 1 5 2 3 0 0 0.544392 0
013 6 07 1 5 7 8 1 1 0.441734 0
013 6 08 1 5 2 4 0 0 0.572798 0
013 6 09 1 5 6 7 1 1 0.639037 0
013 6 10 1 4 7 8 1 1 0.433951 0
013 6 11 1 5 7 4 0 0 0.505458 0
013 6 12 1 4 2 3 0 0 0.616028 0
013 6 13 1 4 2 4 0 0 0.645829 0
013 6 14 1 1 7 2 0 0 0.482115 0
013 6 15 1 4 7 6 1 1 0.495964 0
013 6 16 1 4 6 4 0 0 0.538824 0
013 6 17 1 5 4 6 1 1 0.403672 0
013 6 18 1 5 7 4 0 0 0.573965 0
013 6 19 1 1 4 6 1 1 0.640834 0
013 6 20 1 1 6 3 0 0 0.523611 0
013 6 21 1 4 8 4 0 0 0.418999 0
013 6 22 1 5 7 3 0 0 0.482098 0
013 6 23 1 5 3 8 1 1 0.500857 0
013 6 24 1 5 4 6 1 1 0.476002 0
013 6 25 1 4 7 2 0 0 0.492932 0
013 6 26 1 1 8 3 0 0 0.656402 0
013 6 27 1 1 3 2 0 0 0.726465 0
013 6 28 1 5 3 8 1 1 0.503750 0
013 6 29 1 5 3 4 0 0 0.626379 0
013 6 30 1 4 4 3 0 0 0.487542 0
013 6 31 1 1 6 8 1 1 0.539532 0
013 6 32 1 1 7 8 1 1 0.483721 0
013 6 33 1 5 8 3 0 0 0.513415 0
013 6 34 1 5 7 2 0 0 0.501443 0
013 6 35 1 5 3 6 1 1 0.503538 0
013 6 36 1 4 6 4 0 0 0.514055 0
013 6 37 1 4 6 4 0 0 0.576529 0
013 6 38 1 1 7 6 1 1 0.635001 0
013 6 39 1 5 6 4 0 0 0.554730 0
013 6 40 1 5 4 2 0 0 0.482396 0
013 6 41 1 1 8 7 1 1 0.496592 0
013 6 42 1 4 6 8 1 1 0.509772 0
013 6 43 1 1 8 2 0 0 0.624237 0
013 6 44 1 1 4 2 0 0 0.461221 0
013 6 45 1 5 4 2 0 0 0.452635 0
013 6 46 1 1 8 3 0 0 0.651349 0
013 6 47 1 4 6 7 1 1 0.481416 0
013 6 48 1 1 8 7 1 1 0.440990 0
013 6 49 1 5 2 7 1 1 0.435562 0
013 6 50 1 5 4 6 1 1 0.447004 0
013 6 51 1 5 6 2 0 0 0.747140 0
013 6 52 1 5 6 2 0 0 0.747233 0
013 6 53 1 4 8 2 0 0 0.485398 0
013 6 54 1 4 3 7 1 1 0.825473 0
013 6 55 1 4 6 2 0 0 0.799766 0
013 6 56 1 1 6 7 1 1 0.608228 0
013 6 57 1 5 3 7 1 1 0.398236 0
013 6 58 1 5 4 6 1 1 0.838123 0
013 6 59 1 1 2 6 1 1 0.393114 0
013 7 00 1 1 6 4 0 0 1.758793 0
013 7 01 1 4 3 2 0 0 0.614142 0
013 7 02 1 4 8 3 0 0 0.499620 0
013 7 03 1 5 7 2 0 0 0.430879 0
013 7 04 1 1 7 3 0 0 0.429199 0
013 7 05 1 4 3 8 1 1 0.522338 0
013 7 06 1 1 3 7 1 1 0.467249 0
013 7 07 1 4 3 4 0 0 0.531953 0
013 7 08 1 4 2 6 1 1 0.413132 0
013 7 09 1 5 7 8 1 1 0.402925 0
013 7 10 1 1 2 3 0 0 0.783340 0
013 7 11 1 1 8 2 0 0 0.475426 0
013 7 12 1 4 6 2 0 0 0.455581 0
013 7 13 1 1 2 3 0 0 0.488950 0
013 7 14 1 5 2 8 0 1 0.597354 0
013 7 15 1 4 3 6 1 1 -1.000000 0
013 7 16 1 1 6 4 0 0 1.085590 0
013 7 17 1 4 8 3 0 0 0.561426 0
013 7 18 1 4 8 2 0 0 0.527179 0
013 7 19 1 4 6 4 0 0 0.782186 0
013 7 20 1 1 4 2 0 0 0.446955 0
013 7 21 1 1 6 2 0 0 0.428764 0
013 7 22 1 5 4 2 0 0 0.475394 0
013 7 23 1 1 4 8 1 1 0.491675 0
013 7 24 1 1 7 2 0 0 0.469991 0
013 7 25 1 5 3 4 0 0 0.573386 0
013 7 26 1 1 6 3 0 0 0.577346 0
013 7 27 1 1 2 8 1 1 0.507614 0
013 7 28 1 5 2 8 1 1 0.563737 0
013 7 29 1 4 8 6 1 1 0.689936 0
013 7 30 1 1 3 7 1 1 0.683098 0
013 7 31 1 4 4 8 1 1 0.667848 0
013 7 32 1 5 3 4 0 0 0.597799 0
013 7 33 1 1 8 6 1 1 0.606476 0
013 7 34 1 4 4 7 1 1 0.489204 0
013 7 35 1 5 6 8 1 1 0.469656 0
013 7 36 1 5 7 6 1 1 0.499098 0
013 7 37 1 4 4 8 1 1 0.348572 0
013 7 38 1 4 7 3 0 0 0.582366 0
013 7 39 1 4 4 7 1 1 1.157726 0
013 7 40 1 4 7 8 1 1 0.446676 0
013 7 41 1 5 4 3 0 0 0.563472 0
013 7 42 1 1 3 7 1 1 1.006214 0
013 7 43 1 4 8 7 1 1 0.431639 0
013 7 44 1 5 4 8 1 1 0.495040 0
013 7 45 1 5 8 7 1 1 0.477310 0
013 7 46 1 5 3 8 1 1 0.407732 0
013 7 47 1 4 2 7 1 1 0.503830 0
013 7 48 1 5 2 7 1 1 0.402104 0
013 7 49 1 5 7 8 1 1 0.444349 0
013 7 50 1 5 2 7 1 1 0.883178 0
013 7 51 1 1 8 2 0 0 0.538034 0
013 7 52 1 1 2 8 1 1 0.302975 0
013 7 53 1 5 4 8 1 1 0.575426 0
013 7 54 1 1 3 2 0 0 0.546087 0
013 7 55 1 4 8 4 0 0 0.500378 0
013 7 56 1 5 6 3 0 0 0.551484 0
013 7 57 1 5 4 2 0 0 0.942760 0
013 7 58 1 4 7 4 0 0 0.571080 0
013 7 59 1 4 3 8 1 1 0.394357 0
013 8 00 1 1 7 6 1 1 0.630747 0
013 8 01 1 4 7 6 1 1 0.418029 0
013 8 02 1 4 3 6 1 1 0.574070 0
013 8 03 1 1 4 8 1 1 0.439040 0
013 8 04 1 1 2 6 1 1 0.522043 0
013 8 05 1 4 3 2 0 0 0.564308 0
013 8 06 1 4 2 8 1 1 0.486072 0
013 8 07 1 4 2 4 0 0 1.133952 0
013 8 08 1 5 8 7 1 1 0.556779 0
013 8 09 1 4 2 8 1 1 0.448853 0
013 8 10 1 1 3 4 0 0 0.618725 0
013 8 11 1 5 8 7 1 1 0.448805 0
013 8 12 1 1 7 6 1 1 1.100747 0
013 8 13 1 5 4 7 1 1 0.482994 0
013 8 14 1 1 8 6 1 1 0.371417 0
013 8 15 1 5 3 6 1 1 0.408799 0
013 8 16 1 4 8 2 1 0 0.303213 0
013 8 17 1 5 6 3 0 0 0.590079 0
013 8 18 1 1 4 3 0 0 0.432774 0
013 8 19 1 5 7 4 0 0 4.555731 0
013 8 20 1 1 4 7 1 1 0.990053 0
013 8 21 1 1 8 3 0 0 0.585464 0
013 8 22 1 5 2 3 0 0 1.041786 0
013 8 23 1 1 8 4 0 0 0.538590 0
013 8 24 1 4 4 6 1 1 0.627515 0
013 8 25 1 5 8 3 0 0 2.360067 0
013 8 26 1 5 6 7 1 1 0.410685 0
013 8 27 1 4 8 7 1 1 0.370476 0
013 8 28 1 1 8 7 1 1 0.405467 0
013 8 29 1 4 2 6 1 1 0.763571 0
013 8 30 1 5 3 7 1 1 0.543585 0
013 8 31 1 1 6 4 0 0 4.077004 0
013 8 32 1 1 7 8 1 1 1.199343 0
013 8 33 1 5 3 4 0 0 0.760210 0
013 8 34 1 4 3 4 0 0 1.019073 0
013 8 35 1 4 2 7 1 1 2.177842 0
013 8 36 1 1 7 2 0 0 1.041997 0
013 8 37 1 1 8 6 1 1 0.470602 0
013 8 38 1 4 6 4 0 0 0.549486 0
013 8 39 1 4 2 7 1 1 0.615604 0
013 8 40 1 5 6 4 0 0 1.297668 0
013 8 41 1 4 6 3 0 0 0.769806 0
013 8 42 1 1 2 4 0 0 0.745801 0
013 8 43 1 5 8 4 0 0 0.542269 0
013 8 44 1 4 3 6 1 1 1.293148 0
013 8 45 1 4 8 2 0 0 0.511400 0
013 8 46 1 4 6 7 1 1 0.496789 0
013 8 47 1 1 7 2 0 0 0.843237 0
013 8 48 1 1 2 4 0 0 0.721003 0
013 8 49 1 5 6 2 0 0 0.589245 0
013 8 50 1 5 8 6 1 1 0.478054 0
013 8 51 1 1 7 2 0 0 0.784002 0
013 8 52 1 5 2 3 0 0 0.577593 0
013 8 53 1 1 3 7 1 1 0.524813 0
013 8 54 1 4 3 2 0 0 0.581666 0
013 8 55 1 4 4 8 1 1 0.728852 0
013 8 56 1 4 8 4 0 0 0.656360 0
013 8 57 1 1 6 8 1 1 0.402725 0
013 8 58 1 5 4 6 1 1 0.599693 0
013 8 59 1 5 6 3 0 0 0.760845 0
013 9 00 0 12 4 3 0 0 2.743746 0
013 9 01 0 12 8 4 1 1 1.285301 0
013 9 02 0 1 3 8 1 0 1.265298 0
013 9 03 0 1 3 2 0 0 1.787898 0
013 9 04 0 4 6 2 1 1 1.224072 0
013 9 05 0 4 2 4 1 0 1.033423 0
013 9 06 0 1 3 7 1 0 1.522501 0
013 9 07 0 1 4 7 1 0 1.012328 0
013 9 08 0 4 3 7 0 0 1.113961 0
013 9 09 0 12 6 4 1 1 1.005618 0
013 9 10 0 12 8 7 1 1 1.721548 0
013 9 11 0 12 7 6 1 1 1.252180 0
013 9 12 0 1 8 6 1 1 1.600162 0
013 9 13 0 5 3 2 0 0 0.932747 0
013 9 14 0 1 6 7 1 1 1.728932 0
013 9 15 0 4 8 6 1 1 0.941897 0
013 9 16 0 12 7 6 1 1 0.896441 0
013 9 17 0 1 7 3 1 1 1.262496 0
013 9 18 0 4 8 6 1 1 0.985457 0
013 9 19 0 12 2 3 0 0 0.718062 0
013 9 20 0 5 4 2 1 0 1.237077 0
013 9 21 0 12 8 7 1 1 1.022653 0
013 9 22 0 12 8 7 1 1 2.221346 0
013 9 23 0 4 7 3 1 1 1.397720 0
013 9 24 0 1 3 4 1 0 1.094968 0
013 9 25 0 12 3 8 0 0 1.131181 0
013 9 26 0 12 3 2 0 0 1.467008 0
013 9 27 0 4 6 7 1 1 1.198228 0
013 9 28 0 5 6 4 1 1 1.361956 0
013 9 29 0 1 6 4 0 1 0.899743 0
013 9 30 0 12 6 3 1 1 1.117740 0
013 9 31 0 5 3 4 0 0 1.220433 0
013 9 32 0 5 3 4 1 0 1.148062 0
013 9 33 0 12 3 4 0 0 1.531608 0
013 9 34 0 12 3 6 0 0 1.499077 0
013 9 35 0 12 6 3 1 1 1.549448 0
013 9 36 0 1 4 6 0 0 1.684659 0
013 9 37 0 12 7 3 1 1 1.919326 0
013 9 38 0 12 6 3 1 1 1.046196 0
013 9 39 0 1 6 3 1 1 1.284281 0
013 9 40 0 4 4 3 0 0 2.841685 0
013 9 41 0 12 4 8 0 0 1.221138 0
013 9 42 0 12 2 4 0 0 2.335432 0
013 9 43 0 12 7 2 1 1 0.735106 0
013 9 44 0 1 2 8 1 0 0.947082 0
013 9 45 0 4 7 4 0 1 0.995929 0
013 9 46 0 1 3 6 1 0 0.668449 0
013 9 47 0 12 8 3 1 1 0.817231 0
013 9 48 0 12 3 2 0 0 0.954653 0
013 9 49 0 12 8 2 1 1 1.179607 0
013 9 50 0 12 4 8 0 0 0.872184 0
013 9 51 0 5 7 3 1 1 1.593574 0
013 9 52 0 1 4 3 0 0 0.916926 0
013 9 53 0 5 3 8 1 0 0.764884 0
013 9 54 0 1 3 2 0 0 0.771930 0
013 9 55 0 12 3 7 1 0 1.413879 0
013 9 56 0 1 4 8 1 0 1.307630 0
013 9 57 0 12 3 8 0 0 0.991446 0
013 9 58 0 4 6 7 1 1 0.928224 0
013 9 59 0 1 2 3 0 0 0.779122 0
013 10 00 0 12 8 6 1 1 1.177230 0
013 10 01 0 1 7 3 0 1 1.322593 0
013 10 02 0 12 3 2 1 0 0.605781 0
013 10 03 0 4 6 3 0 1 0.511526 0
013 10 04 0 12 7 3 1 1 1.401638 0
013 10 05 0 12 3 4 0 0 0.631110 0
013 10 06 0 1 4 6 1 0 0.498090 0
013 10 07 0 12 2 7 0 0 0.709352 0
013 10 08 0 5 7 6 1 1 0.666564 0
013 10 09 0 5 3 7 1 0 0.733891 0
013 10 10 0 1 3 7 1 0 0.846552 0
013 10 11 0 4 7 8 1 1 0.845418 0
013 10 12 0 1 8 6 1 1 0.766148 0
013 10 13 0 12 6 8 1 1 1.902082 0
013 10 14 0 12 2 4 0 0 1.004254 0
013 10 15 0 1 7 4 0 1 0.586672 0
013 10 16 0 12 8 4 1 1 0.348999 0
013 10 17 0 4 2 7 0 0 0.782289 0
013 10 18 0 4 6 8 1 1 0.412261 0
013 10 19 0 12 2 7 0 0 0.229896 0
013 10 20 0 12 8 7 1 1 -1.000000 0
013 10 21 0 12 6 4 1 1 0.750078 0
013 10 22 0 4 3 6 0 0 0.881265 0
013 10 23 0 5 7 8 0 1 0.530380 0
013 10 24 0 12 7 8 1 1 0.480079 0
013 10 25 0 4 2 6 0 0 0.581405 0
013 10 26 0 1 2 3 1 0 0.550204 0
013 10 27 0 4 7 8 0 1 0.557339 0
013 10 28 0 1 4 2 1 0 0.379940 0
013 10 29 0 1 4 7 1 0 0.748261 0
013 10 30 0 12 8 4 0 1 0.654403 0
013 10 31 0 12 4 3 1 0 0.492177 0
013 10 32 0 4 7 6 1 1 1.375687 0
013 10 33 0 12 4 8 0 0 0.513190 0
013 10 34 0 5 2 8 1 0 0.919085 0
013 10 35 0 1 6 3 1 1 1.397222 0
013 10 36 0 5 6 4 0 1 1.083481 0
013 10 37 0 1 4 2 0 0 1.231159 0
013 10 38 0 1 8 7 0 1 0.909649 0
013 10 39 0 5 3 8 0 0 1.018878 0
013 10 40 0 5 7 4 1 1 0.812886 0
013 10 41 0 5 3 7 1 0 1.239860 0
013 10 42 0 1 2 8 0 0 1.739548 0
013 10 43 0 1 7 2 0 1 0.809285 0
013 10 44 0 12 6 2 1 1 0.832521 0
013 10 45 0 1 6 4 0 1 0.990879 0
013 10 46 0 4 3 2 1 0 0.633294 0
013 10 47 0 12 6 8 1 1 0.861180 0
013 10 48 0 5 7 4 0 1 0.905839 0
013 10 49 0 1 8 6 1 1 0.761945 0
013 10 50 0 5 6 8 0 1 1.236398 0
013 10 51 0 1 7 8 1 1 0.623466 0
013 10 52 0 12 3 8 0 0 0.777402 0
013 10 53 0 12 4 3 0 0 0.882715 0
013 10 54 0 5 2 3 0 0 0.793702 0
013 10 55 0 1 2 8 1 0 0.567292 0
013 10 56 0 12 4 2 0 0 0.736450 0
013 10 57 0 12 6 4 1 1 0.618694 0
013 10 58 0 12 7 3 1 1 0.762505 0
013 10 59 0 12 6 7 1 1 1.320996 0
013 11 00 0 4 4 7 0 0 1.302534 0
013 11 01 0 5 7 8 1 1 0.943852 0
013 11 02 0 12 4 6 0 0 1.028926 0
013 11 03 0 12 2 4 0 0 0.748059 0
013 11 04 0 4 2 7 1 0 1.533716 0
013 11 05 0 12 2 7 0 0 0.547882 0
013 11 06 0 5 6 4 1 1 0.860644 0
013 11 07 0 12 7 4 0 1 0.935007 0
013 11 08 0 12 7 3 1 1 1.500054 0
013 11 09 0 12 6 4 0 1 0.918522 0
013 11 10 0 4 3 8 1 0 0.735960 0
013 11 11 0 5 6 7 1 1 0.757627 0
013 11 12 0 1 3 2 0 0 1.769670 0
013 11 13 0 5 4 3 0 0 0.693254 0
013 11 14 0 1 2 4 0 0 1.379578 0
013 11 15 0 1 7 4 0 1 0.782712 0
013 11 16 0 1 6 7 1 1 0.917571 0
013 11 17 0 12 4 8 0 0 0.653266 0
013 11 18 0 12 7 2 1 1 1.344401 0
013 11 19 0 12 2 4 0 0 0.791070 0
013 11 20 0 4 8 2 1 1 0.732099 0
013 11 21 0 1 2 6 0 0 0.818378 0
013 11 22 0 1 7 8 1 1 0.385268 0
013 11 23 0 12 8 3 1 1 1.394818 0
013 11 24 0 1 2 4 1 0 1.117166 0
013 11 25 0 1 8 2 1 1 0.673156 0
013 11 26 0 1 8 2 0 1 1.000387 0
013 11 27 0 1 2 6 1 0 0.779821 0
013 11 28 0 4 2 3 0 0 1.451378 0
013 11 29 0 5 7 4 1 1 0.610639 0
013 11 30 0 1 2 6 0 0 0.483802 0
013 11 31 0 12 6 7 1 1 0.332851 0
013 11 32 0 4 4 7 1 0 0.232001 0
013 11 33 0 5 4 3 0 0 -1.000000 0
013 11 34 0 4 7 2 1 1 0.930611 0
013 11 35 0 1 4 8 0 0 0.454518 0
013 11 36 0 1 8 3 1 1 0.226481 0
013 11 37 0 5 4 8 0 0 0.607701 0
013 11 38 0 5 2 8 0 0 0.788509 0
013 11 39 0 5 8 7 1 1 1.095815 0
013 11 40 0 1 4 7 0 0 0.752408 0
013 11 41 0 12 8 3 1 1 0.948153 0
013 11 42 0 5 7 6 1 1 1.241964 0
013 11 43 0 1 8 3 1 1 0.724310 0
013 11 44 0 1 2 8 0 0 0.661045 0
013 11 45 0 5 6 3 1 1 0.450853 0
013 11 46 0 5 7 2 1 1 1.168964 0
013 11 47 0 1 4 6 0 0 0.709788 0
013 11 48 0 5 8 3 1 1 0.997313 0
013 11 49 0 1 8 7 0 1 1.051591 0
013 11 50 0 12 6 2 1 1 0.893821 0
013 11 51 0 1 7 2 1 1 0.890001 0
013 11 52 0 12 3 6 0 0 0.636662 0
013 11 53 0 4 4 3 1 0 0.384281 0
013 11 54 0 1 2 4 1 0 0.763544 0
013 11 55 0 5 6 2 1 1 0.742183 0
013 11 56 0 12 2 6 0 0 1.022957 0
013 11 57 0 12 8 2 1 1 0.843451 0
013 11 58 0 1 3 4 0 0 0.998021 0
013 11 59 0 1 7 2 1 1 0.527151 0
013 12 00 0 1 7 6 1 1 0.401739 0
013 12 01 0 1 3 6 1 0 1.118677 0
013 12 02 0 5 8 3 1 1 1.049781 0
013 12 03 0 5 6 3 1 1 0.914106 0
013 12 04 0 5 4 7 0 0 1.018037 0
013 12 05 0 1 7 4 1 1 0.781362 0
013 12 06 0 12 8 4 1 1 0.750294 0
013 12 07 0 4 6 4 1 1 0.742425 0
013 12 08 0 4 7 4 1 1 0.872417 0
013 12 09 0 12 2 3 0 0 0.807704 0
013 12 10 0 1 6 8 1 1 0.912101 0
013 12 11 0 4 4 6 0 0 0.787584 0
013 12 12 0 1 7 6 1 1 0.673880 0
013 12 13 0 12 8 6 1 1 0.574588 0
013 12 14 0 5 7 2 0 1 0.900990 0
013 12 15 0 1 8 7 1 1 0.545332 0
013 12 16 0 12 3 2 0 0 2.517321 0
013 12 17 0 12 4 2 1 0 2.954791 0
013 12 18 0 12 6 2 0 1 0.467287 0
013 12 19 0 5 8 2 1 1 0.356053 0
013 12 20 0 5 3 2 0 0 0.748179 0
013 12 21 0 12 8 3 1 1 0.921829 0
013 12 22 0 12 2 4 0 0 0.942052 0
013 12 23 0 1 6 7 1 1 1.005418 0
013 12 24 0 1 7 3 0 1 7.525762 0
013 12 25 0 12 7 4 1 1 0.451909 0
013 12 26 0 4 3 4 0 0 1.297795 0
013 12 27 0 12 7 6 0 1 1.167256 0
013 12 28 0 12 4 2 1 0 -1.000000 0
013 12 29 0 12 6 3 1 1 0.633214 0
013 12 30 0 1 8 3 1 1 0.876175 0
013 12 31 0 1 6 4 1 1 1.866931 0
013 12 32 0 12 6 2 1 1 0.748850 0
013 12 33 0 12 6 8 0 1 1.478582 0
013 12 34 0 12 4 2 1 0 0.486418 0
013 12 35 0 4 8 3 0 1 0.382708 0
013 12 36 0 1 7 6 1 1 0.764207 0
013 12 37 0 12 4 3 0 0 0.452632 0
013 12 38 0 1 6 8 0 1 1.056138 0
013 12 39 0 4 2 8 0 0 0.950113 0
013 12 40 0 1 2 3 1 0 1.146700 0
013 12 41 0 4 8 7 0 1 1.082394 0
013 12 42 0 4 3 7 0 0 0.662889 0
013 12 43 0 1 6 8 1 1 0.635430 0
013 12 44 0 12 6 3 1 1 1.097260 0
013 12 45 0 5 8 6 0 1 0.775162 0
013 12 46 0 12 2 7 0 0 0.577746 0
013 12 47 0 5 6 7 0 1 1.197559 0
013 12 48 0 4 6 3 1 1 0.682117 0
013 12 49 0 4 3 8 0 0 0.765969 0
013 12 50 0 5 6 2 1 1 0.720063 0
013 12 51 0 5 8 7 1 1 1.366651 0
013 12 52 0 12 3 4 0 0 0.575142 0
013 12 53 0 1 8 4 1 1 0.822496 0
013 12 54 0 12 7 4 1 1 0.736603 0
013 12 55 0 1 2 4 1 0 0.934720 0
013 12 56 0 12 3 7 0 0 0.682370 0
013 12 57 0 12 2 8 1 0 0.794885 0
013 12 58 0 5 7 6 1 1 0.783834 0
013 12 59 0 1 3 2 1 0 0.854972 0
