024 0 00 1 5 3 7 1 1 5.797151 0
024 0 01 1 4 7 4 0 0 5.616633 0
024 0 02 1 2 4 3 0 0 1.204409 0
024 0 03 1 4 3 8 1 1 0.881558 0
024 0 04 1 5 2 8 1 1 0.881339 0
024 0 05 1 2 6 7 1 1 1.683196 0
024 0 06 1 2 4 8 1 1 4.594798 0
024 0 07 1 5 2 7 1 1 4.513765 0
024 0 08 1 2 7 3 0 0 4.627777 0
024 0 09 1 2 6 8 1 1 4.667070 0
024 0 10 1 5 6 3 0 0 4.592190 0
024 0 11 1 5 2 8 1 1 4.496931 0
024 0 12 1 4 4 8 1 1 4.523919 0
024 0 13 1 5 7 3 0 0 4.500657 0
024 0 14 1 5 8 6 1 1 4.381424 0
024 0 15 1 2 2 7 1 1 4.409694 0
024 0 16 1 5 7 2 0 0 4.340551 0
024 0 17 1 4 7 6 1 1 4.517202 0
024 0 18 1 2 8 2 0 0 4.361819 0
024 0 19 1 5 3 4 0 0 4.333890 0
024 0 20 1 2 7 4 0 0 4.420436 0
024 0 21 1 4 7 6 1 1 4.445809 0
024 0 22 1 4 7 3 0 0 4.600814 0
024 0 23 1 5 6 4 0 0 4.515967 0
024 0 24 1 4 3 4 0 0 4.455280 0
024 0 25 1 5 2 6 1 1 4.327021 0
024 0 26 1 2 4 7 1 1 4.472348 0
024 0 27 1 5 3 2 0 0 4.734536 0
024 0 28 1 4 3 4 0 0 4.437747 0
024 0 29 1 4 7 8 1 1 4.362164 0
024 0 30 1 4 4 6 1 1 4.491053 0
024 0 31 1 4 8 3 0 0 4.385973 0
024 0 32 1 2 2 6 1 1 4.430890 0
024 0 33 1 4 2 4 0 0 4.372662 0
024 0 34 1 4 6 2 0 0 4.378291 0
024 0 35 1 4 8 3 0 0 4.341588 0
024 0 36 1 4 4 3 0 0 4.490051 0
024 0 37 1 5 6 3 0 0 5.276705 0
024 0 38 1 2 7 8 1 1 4.468756 0
024 0 39 1 5 8 3 0 0 4.396951 0
024 0 40 1 5 4 3 0 0 4.355112 0
024 0 41 1 4 3 8 1 1 4.450717 0
024 0 42 1 2 7 6 1 1 4.294673 0
024 0 43 1 2 2 6 1 1 4.369266 0
024 0 44 1 2 3 7 1 1 4.439178 0
024 0 45 1 5 3 6 1 1 4.302560 0
024 0 46 1 5 7 6 1 1 4.461348 0
024 0 47 1 2 4 8 1 1 4.422847 0
024 0 48 1 4 7 8 1 1 4.386796 0
024 0 49 1 5 8 6 1 1 4.557725 0
024 0 50 1 4 7 8 1 1 4.408025 0
024 0 51 1 2 7 8 1 1 4.425207 0
024 0 52 1 2 6 3 0 0 4.296416 0
024 0 53 1 4 7 6 1 1 4.418903 0
024 0 54 1 5 2 8 1 1 4.290176 0
024 0 55 1 2 7 2 0 0 3.977135 0
024 0 56 1 2 7 3 0 0 4.315432 0
024 0 57 1 2 7 3 0 0 4.438398 0
024 0 58 1 4 2 6 1 1 4.332498 0
024 0 59 1 2 3 2 0 0 4.328811 0
024 1 00 1 4 4 3 0 0 0.704218 0
024 1 01 1 4 6 3 0 0 4.276489 0
024 1 02 1 5 6 7 1 1 4.382454 0
024 1 03 1 5 2 3 0 0 4.295622 0
024 1 04 1 5 6 8 1 1 4.328380 0
024 1 05 1 2 8 6 0 1 4.293862 0
024 1 06 1 4 4 7 1 1 0.931894 0
024 1 07 1 4 4 2 0 0 4.431280 0
024 1 08 1 2 3 8 1 1 4.813251 0
024 1 09 1 2 6 8 1 1 4.506789 0
024 1 10 1 5 4 7 1 1 4.303644 0
024 1 11 1 2 8 6 1 1 4.372745 0
024 1 12 1 2 2 3 0 0 4.479398 0
024 1 13 1 2 4 6 1 1 4.485726 0
024 1 14 1 4 8 2 0 0 4.470121 0
024 1 15 1 4 4 8 1 1 4.274731 0
024 1 16 1 2 3 2 0 0 4.318325 0
024 1 17 1 2 4 2 0 0 4.340062 0
024 1 18 1 2 8 2 0 0 4.261015 0
024 1 19 1 2 2 3 0 0 4.318507 0
024 1 20 1 4 7 3 0 0 4.430057 0
024 1 21 1 5 8 7 1 1 4.332627 0
024 1 22 1 4 8 6 1 1 4.273823 0
024 1 23 1 2 2 7 1 1 4.309259 0
024 1 24 1 5 2 8 1 1 4.274848 0
024 1 25 1 4 8 3 0 0 4.279233 0
024 1 26 1 5 7 6 1 1 4.284067 0
024 1 27 1 2 4 6 1 1 4.322331 0
024 1 28 1 5 8 6 1 1 4.310460 0
024 1 29 1 4 7 8 1 1 4.425060 0
024 1 30 1 2 4 7 1 1 4.352943 0
024 1 31 1 4 4 7 1 1 4.369548 0
024 1 32 1 5 7 6 1 1 4.341394 0
024 1 33 1 2 2 3 0 0 4.298793 0
024 1 34 1 5 7 4 0 0 4.385229 0
024 1 35 1 4 8 2 0 0 4.295513 0
024 1 36 1 5 7 4 0 0 4.348249 0
024 1 37 1 5 6 8 1 1 4.446710 0
024 1 38 1 5 6 4 0 0 4.312691 0
024 1 39 1 2 7 4 0 0 4.317672 0
024 1 40 1 2 3 2 0 0 4.305871 0
024 1 41 1 4 8 7 1 1 4.319217 0
024 1 42 1 4 4 6 1 1 4.352171 0
024 1 43 1 2 6 3 0 0 4.297844 0
024 1 44 1 4 6 7 1 1 4.490671 0
024 1 45 1 4 4 8 1 1 4.329472 0
024 1 46 1 4 8 4 0 0 4.385365 0
024 1 47 1 4 8 7 1 1 4.262433 0
024 1 48 1 5 2 8 1 1 4.474750 0
024 1 49 1 5 2 3 0 0 4.305153 0
024 1 50 1 5 2 4 0 0 4.349695 0
024 1 51 1 2 7 4 0 0 4.270873 0
024 1 52 1 5 7 3 0 0 4.303602 0
024 1 53 1 2 2 4 0 0 4.420770 0
024 1 54 1 4 7 2 0 0 4.275743 0
024 1 55 1 4 7 2 0 0 4.319485 0
024 1 56 1 5 8 7 1 1 4.341624 0
024 1 57 1 5 7 3 0 0 4.442439 0
024 1 58 1 4 7 2 0 0 4.314362 0
024 1 59 1 5 7 4 0 0 4.290963 0
024 2 00 1 2 4 6 1 1 0.819004 0
024 2 01 1 5 4 3 0 0 4.306149 0
024 2 02 1 5 2 4 0 0 4.317016 0
024 2 03 1 5 4 8 1 1 4.227067 0
024 2 04 1 2 2 8 1 1 4.385716 0
024 2 05 1 4 8 6 1 1 4.302103 0
024 2 06 1 4 3 6 1 1 4.259719 0
024 2 07 1 2 2 7 1 1 4.339555 0
024 2 08 1 4 4 7 1 1 4.355893 0
024 2 09 1 5 7 4 0 0 4.308275 0
024 2 10 1 2 7 3 0 0 4.316532 0
024 2 11 1 2 3 7 1 1 4.333017 0
024 2 12 1 2 4 7 1 1 4.349759 0
024 2 13 1 5 6 8 1 1 4.302236 0
024 2 14 1 2 6 7 1 1 4.360657 0
024 2 15 1 2 4 2 0 0 4.386189 0
024 2 16 1 5 4 6 1 1 4.308128 0
024 2 17 1 5 8 2 0 0 4.301892 0
024 2 18 1 4 4 6 1 1 4.279184 0
024 2 19 1 2 8 4 0 0 4.278263 0
024 2 20 1 5 6 2 0 0 4.417709 0
024 2 21 1 2 7 6 1 1 4.334154 0
024 2 22 1 4 8 7 1 1 4.466118 0
024 2 23 1 5 4 8 1 1 4.299226 0
024 2 24 1 5 8 4 0 0 4.349426 0
024 2 25 1 4 3 2 0 0 4.484439 0
024 2 26 1 2 7 2 0 0 4.359668 0
024 2 27 1 5 3 4 0 0 4.401998 0
024 2 28 1 4 2 6 1 1 4.304475 0
024 2 29 1 4 2 3 0 0 4.351572 0
024 2 30 1 2 6 4 0 0 4.366034 0
024 2 31 1 4 4 6 1 1 4.312879 0
024 2 32 1 2 4 3 0 0 4.458549 0
024 2 33 1 5 3 8 1 1 4.408806 0
024 2 34 1 4 8 7 1 1 4.387282 0
024 2 35 1 4 7 2 0 0 4.472295 0
024 2 36 1 4 8 3 0 0 4.408852 0
024 2 37 1 4 8 4 0 0 4.468167 0
024 2 38 1 2 3 4 0 0 4.306321 0
024 2 39 1 5 3 4 0 0 4.342159 0
024 2 40 1 5 7 8 1 1 4.597786 0
024 2 41 1 2 7 8 1 1 4.325727 0
024 2 42 1 4 6 4 0 0 4.249557 0
024 2 43 1 5 6 2 0 0 4.337921 0
024 2 44 1 4 2 3 0 0 4.340250 0
024 2 45 1 2 4 2 0 0 4.407128 0
024 2 46 1 2 4 2 0 0 4.430468 0
024 2 47 1 5 3 2 0 0 4.375244 0
024 2 48 1 2 2 6 1 1 4.557736 0
024 2 49 1 5 8 7 1 1 4.447621 0
024 2 50 1 4 7 3 0 0 4.414678 0
024 2 51 1 4 2 3 0 0 4.471462 0
024 2 52 1 5 7 4 0 0 4.416173 0
024 2 53 1 4 4 3 0 0 4.273373 0
024 2 54 1 2 4 6 1 1 4.291822 0
024 2 55 1 5 4 6 1 1 4.024373 0
024 2 56 1 4 6 4 0 0 4.273301 0
024 2 57 1 4 3 6 1 1 4.308653 0
024 2 58 1 5 3 2 0 0 4.296757 0
024 2 59 1 5 8 6 1 1 4.346801 0
024 3 00 1 5 2 6 1 1 4.266993 0
024 3 01 1 5 3 7 1 1 4.355771 0
024 3 02 1 5 7 2 0 0 4.251697 0
024 3 03 1 4 4 8 1 1 4.258825 0
024 3 04 1 5 2 3 0 0 4.263602 0
024 3 05 1 5 3 6 1 1 4.195754 0
024 3 06 1 2 8 6 1 1 3.787290 0
024 3 07 1 5 3 6 1 1 1.514003 0
024 3 08 1 5 6 3 0 0 0.891121 0
024 3 09 1 2 6 4 0 0 0.721898 0
024 3 10 1 5 6 2 0 0 0.680093 0
024 3 11 1 4 7 8 1 1 0.677509 0
024 3 12 1 5 7 2 0 0 0.520998 0
024 3 13 1 2 6 8 1 1 0.485441 0
024 3 14 1 5 3 7 1 1 0.551193 0
024 3 15 1 4 3 7 1 1 0.454829 0
024 3 16 1 4 3 8 1 1 0.457879 0
024 3 17 1 4 6 2 0 0 0.506230 0
024 3 18 1 2 3 4 0 0 0.922505 0
024 3 19 1 2 3 7 0 1 0.902199 0
024 3 20 1 4 4 2 0 0 0.590964 0
024 3 21 1 4 8 4 0 0 0.547739 0
024 3 22 1 5 6 8 1 1 0.546130 0
024 3 23 1 5 6 8 1 1 0.521975 0
024 3 24 1 5 6 4 0 0 0.565070 0
024 3 25 1 5 4 2 0 0 0.571935 0
024 3 26 1 2 7 2 0 0 0.517133 0
024 3 27 1 2 6 2 0 0 0.517795 0
024 3 28 1 4 8 4 0 0 0.790742 0
024 3 29 1 2 3 6 0 1 0.813867 0
024 3 30 1 4 7 4 0 0 1.015068 0
024 3 31 1 5 8 7 1 1 0.802227 0
024 3 32 1 2 7 3 0 0 0.694010 0
024 3 33 1 4 4 6 1 1 0.918558 0
024 3 34 1 2 6 3 0 0 0.662322 0
024 3 35 1 2 3 8 1 1 0.732790 0
024 3 36 1 4 6 3 0 0 0.610611 0
024 3 37 1 4 2 4 0 0 0.707922 0
024 3 38 1 2 2 3 0 0 0.679866 0
024 3 39 1 2 2 3 0 0 0.590002 0
024 3 40 1 4 6 3 0 0 0.603282 0
024 3 41 1 5 7 2 0 0 0.619262 0
024 3 42 1 2 8 4 0 0 0.783861 0
024 3 43 1 5 4 2 0 0 0.599688 0
024 3 44 1 2 8 6 1 1 0.598582 0
024 3 45 1 2 3 8 1 1 0.665181 0
024 3 46 1 4 7 8 1 1 0.668196 0
024 3 47 1 2 2 7 1 1 0.586358 0
024 3 48 1 2 2 4 0 0 0.666417 0
024 3 49 1 5 6 7 1 1 0.618600 0
024 3 50 1 5 8 3 0 0 0.589392 0
024 3 51 1 2 3 2 0 0 0.764266 0
024 3 52 1 5 2 7 1 1 0.666627 0
024 3 53 1 4 2 7 1 1 0.999942 0
024 3 54 1 5 7 8 1 1 0.638100 0
024 3 55 1 4 4 3 0 0 0.513543 0
024 3 56 1 4 2 7 1 1 0.570873 0
024 3 57 1 2 2 8 1 1 0.543892 0
024 3 58 1 5 4 7 1 1 0.505509 0
024 3 59 1 5 8 2 0 0 0.579102 0
024 4 00 1 5 2 7 1 1 0.711635 0
024 4 01 1 2 6 7 1 1 0.419406 0
024 4 02 1 4 2 6 1 1 0.817558 0
024 4 03 1 4 2 8 1 1 0.546327 0
024 4 04 1 4 8 6 1 1 0.572857 0
024 4 05 1 4 6 7 1 1 0.464704 0
024 4 06 1 2 8 3 0 0 0.593891 0
024 4 07 1 4 6 7 1 1 0.564794 0
024 4 08 1 5 4 2 0 0 0.498731 0
024 4 09 1 4 7 4 0 0 0.920221 0
024 4 10 1 2 8 7 1 1 0.604954 0
024 4 11 1 5 6 7 1 1 0.508523 0
024 4 12 1 5 3 8 1 1 0.554181 0
024 4 13 1 4 8 2 0 0 0.504830 0
024 4 14 1 5 6 4 0 0 0.587066 0
024 4 15 1 4 6 3 0 0 0.557478 0
024 4 16 1 4 8 2 0 0 0.471511 0
024 4 17 1 2 4 3 0 0 0.479882 0
024 4 18 1 5 6 7 1 1 0.687725 0
024 4 19 1 5 4 6 1 1 0.656745 0
024 4 20 1 2 4 7 1 1 0.552066 0
024 4 21 1 4 2 6 1 1 0.651343 0
024 4 22 1 2 6 8 1 1 0.765894 0
024 4 23 1 4 3 7 1 1 0.556353 0
024 4 24 1 5 2 4 0 0 0.568759 0
024 4 25 1 4 4 7 1 1 0.789220 0
024 4 26 1 4 7 2 0 0 0.697785 0
024 4 27 1 2 3 8 1 1 0.495848 0
024 4 28 1 5 6 3 0 0 0.477102 0
024 4 29 1 2 2 4 0 0 0.629148 0
024 4 30 1 2 3 8 1 1 0.473576 0
024 4 31 1 5 2 3 0 0 0.482425 0
024 4 32 1 2 7 6 1 1 0.474313 0
024 4 33 1 5 3 8 1 1 0.559294 0
024 4 34 1 2 3 7 1 1 0.574655 0
024 4 35 1 5 3 2 0 0 0.472381 0
024 4 36 1 4 3 4 0 0 0.469796 0
024 4 37 1 4 2 7 1 1 0.464403 0
024 4 38 1 5 7 8 1 1 0.585578 0
024 4 39 1 4 2 4 0 0 0.477832 0
024 4 40 1 4 2 3 0 0 0.486604 0
024 4 41 1 4 7 4 0 0 0.630181 0
024 4 42 1 5 8 2 0 0 0.579062 0
024 4 43 1 4 8 6 1 1 0.580640 0
024 4 44 1 5 4 3 0 0 0.599262 0
024 4 45 1 2 8 6 1 1 0.662402 0
024 4 46 1 5 2 6 1 1 0.732160 0
024 4 47 1 5 2 3 0 0 0.518897 0
024 4 48 1 5 4 8 1 1 0.553992 0
024 4 49 1 2 2 4 0 0 0.684065 0
024 4 50 1 4 6 7 1 1 0.571379 0
024 4 51 1 2 7 6 1 1 0.650839 0
024 4 52 1 4 2 8 1 1 0.535377 0
024 4 53 1 5 3 6 1 1 0.567601 0
024 4 54 1 5 4 8 1 1 0.523795 0
024 4 55 1 5 7 6 1 1 0.533205 0
024 4 56 1 4 3 8 1 1 0.477884 0
024 4 57 1 5 4 7 1 1 0.568354 0
024 4 58 1 2 2 6 1 1 0.580419 0
024 4 59 1 2 6 2 0 0 0.547970 0
024 5 00 1 2 3 4 0 0 0.877193 0
024 5 01 1 4 6 8 1 1 0.533796 0
024 5 02 1 2 3 4 0 0 0.596163 0
024 5 03 1 4 4 2 0 0 0.541717 0
024 5 04 1 4 2 4 0 0 0.800630 0
024 5 05 1 2 4 6 1 1 0.722903 0
024 5 06 1 4 6 8 1 1 0.759582 0
024 5 07 1 2 6 8 1 1 0.575231 0
024 5 08 1 2 8 4 0 0 0.717462 0
024 5 09 1 4 3 4 0 0 0.781991 0
024 5 10 1 4 7 3 0 0 0.863814 0
024 5 11 1 2 6 3 0 0 0.477850 0
024 5 12 1 2 3 8 1 1 0.505784 0
024 5 13 1 5 2 4 0 0 0.506816 0
024 5 14 1 2 6 8 1 1 0.496591 0
024 5 15 1 2 4 3 0 0 0.544611 0
024 5 16 1 4 4 8 1 1 0.644212 0
024 5 17 1 2 7 3 0 0 0.553359 0
024 5 18 1 4 3 4 0 0 0.568486 0
024 5 19 1 2 6 4 0 0 0.507749 0
024 5 20 1 4 2 4 0 0 0.471997 0
024 5 21 1 2 8 6 1 1 0.483715 0
024 5 22 1 2 7 6 1 1 0.492488 0
024 5 23 1 4 8 7 1 1 0.448096 0
024 5 24 1 5 8 4 0 0 0.571866 0
024 5 25 1 5 6 2 0 0 0.511605 0
024 5 26 1 4 6 4 0 0 0.748141 0
024 5 27 1 2 3 7 1 1 0.541035 0
024 5 28 1 4 2 3 0 0 0.752778 0
024 5 29 1 5 8 4 0 0 0.521015 0
024 5 30 1 4 4 2 0 0 0.456833 0
024 5 31 1 2 8 2 0 0 0.434309 0
024 5 32 1 2 8 2 0 0 0.409120 0
024 5 33 1 5 7 6 1 1 0.653464 0
024 5 34 1 2 6 4 0 0 0.624669 0
024 5 35 1 5 4 7 1 1 0.542726 0
024 5 36 1 2 8 7 1 1 0.465128 0
024 5 37 1 5 8 3 0 0 0.532669 0
024 5 38 1 5 6 4 0 0 0.626274 0
024 5 39 1 5 3 4 0 0 0.502054 0
024 5 40 1 4 6 8 1 1 0.547358 0
024 5 41 1 4 6 3 0 0 0.526291 0
024 5 42 1 4 7 6 1 1 0.572803 0
024 5 43 1 2 4 8 1 1 0.576673 0
024 5 44 1 4 4 7 1 1 0.493746 0
024 5 45 1 4 7 4 0 0 0.550501 0
024 5 46 1 5 3 4 0 0 0.462106 0
024 5 47 1 5 6 7 1 1 0.431724 0
024 5 48 1 5 7 2 0 0 0.442765 0
024 5 49 1 2 8 3 0 0 0.476215 0
024 5 50 1 5 4 6 1 1 0.532706 0
024 5 51 1 5 6 8 1 1 0.564933 0
024 5 52 1 5 2 7 1 1 0.521267 0
024 5 53 1 4 4 2 0 0 0.445833 0
024 5 54 1 4 3 8 1 1 0.541641 0
024 5 55 1 5 4 3 0 0 0.514524 0
024 5 56 1 5 7 6 1 1 0.843784 0
024 5 57 1 2 7 4 0 0 0.497015 0
024 5 58 1 2 8 3 0 0 0.541976 0
024 5 59 1 4 6 8 1 1 0.520867 0
024 6 00 1 4 2 4 0 0 0.474690 0
024 6 01 1 5 3 4 0 0 0.492342 0
024 6 02 1 5 6 3 0 0 0.493044 0
024 6 03 1 5 3 6 1 1 0.504981 0
024 6 04 1 5 4 6 1 1 0.438494 0
024 6 05 1 4 2 6 1 1 0.427616 0
024 6 06 1 5 4 7 1 1 0.576629 0
024 6 07 1 4 3 2 0 0 0.448938 0
024 6 08 1 2 2 8 1 1 0.466038 0
024 6 09 1 4 8 6 1 1 0.469362 0
024 6 10 1 2 4 3 0 0 0.533980 0
024 6 11 1 5 7 8 1 1 0.579929 0
024 6 12 1 5 2 6 1 1 0.663141 0
024 6 13 1 4 2 7 1 1 0.547559 0
024 6 14 1 4 6 8 1 1 0.481544 0
024 6 15 1 5 4 8 1 1 0.499099 0
024 6 16 1 5 3 2 0 0 0.771967 0
024 6 17 1 4 4 3 0 0 0.472160 0
024 6 18 1 5 8 7 1 1 0.461428 0
024 6 19 1 2 7 2 0 0 0.537456 0
024 6 20 1 2 2 6 1 1 0.546928 0
024 6 21 1 2 7 8 1 1 0.519517 0
024 6 22 1 5 3 6 1 1 0.506577 0
024 6 23 1 5 7 8 1 1 0.487592 0
024 6 24 1 5 8 4 0 0 0.530235 0
024 6 25 1 2 8 3 0 0 0.477876 0
024 6 26 1 4 7 3 0 0 0.526178 0
024 6 27 1 5 6 2 0 0 0.591550 0
024 6 28 1 2 4 7 1 1 0.497191 0
024 6 29 1 5 7 4 0 0 0.534480 0
024 6 30 1 2 7 8 1 1 0.504878 0
024 6 31 1 4 8 3 0 0 0.533787 0
024 6 32 1 4 3 7 1 1 0.470370 0
024 6 33 1 4 6 3 0 0 0.636388 0
024 6 34 1 5 6 4 0 0 0.663894 0
024 6 35 1 4 3 7 1 1 0.587554 0
024 6 36 1 2 7 6 1 1 0.425770 0
024 6 37 1 4 4 7 1 1 0.437013 0
024 6 38 1 4 4 6 1 1 0.751682 0
024 6 39 1 4 8 2 0 0 0.536977 0
024 6 40 1 2 3 4 0 0 0.513109 0
024 6 41 1 5 4 2 0 0 0.458086 0
024 6 42 1 4 4 3 0 0 0.469571 0
024 6 43 1 4 8 3 0 0 0.425050 0
024 6 44 1 2 7 2 0 0 0.405073 0
024 6 45 1 5 6 7 1 1 0.472151 0
024 6 46 1 5 2 8 1 1 0.503860 0
024 6 47 1 5 8 7 1 1 0.381434 0
024 6 48 1 5 3 2 0 0 0.397820 0
024 6 49 1 5 6 2 0 0 0.568779 0
024 6 50 1 2 8 3 0 0 0.440445 0
024 6 51 1 2 4 6 1 1 0.443301 0
024 6 52 1 4 8 4 0 0 0.639806 0
024 6 53 1 2 6 7 1 1 0.473381 0
024 6 54 1 2 3 7 1 1 0.450965 0
024 6 55 1 2 6 7 1 1 0.392167 0
024 6 56 1 2 8 7 1 1 0.408290 0
024 6 57 1 4 3 2 0 0 0.551233 0
024 6 58 1 2 8 4 0 0 0.694817 0
024 6 59 1 2 2 7 1 1 0.469656 0
024 7 00 1 4 6 7 1 1 0.622692 0
024 7 01 1 5 8 3 0 0 0.498336 0
024 7 02 1 4 6 2 0 0 0.431573 0
024 7 03 1 4 8 6 1 1 0.602317 0
024 7 04 1 2 3 6 1 1 0.471748 0
024 7 05 1 4 3 6 1 1 0.483191 0
024 7 06 1 5 2 3 0 0 0.486426 0
024 7 07 1 5 2 7 1 1 0.472734 0
024 7 08 1 2 7 4 0 0 0.492434 0
024 7 09 1 4 6 2 0 0 0.483947 0
024 7 10 1 2 3 6 1 1 0.424998 0
024 7 11 1 2 7 2 0 0 0.469536 0
024 7 12 1 2 6 2 0 0 0.477647 0
024 7 13 1 2 3 6 1 1 0.533649 0
024 7 14 1 4 2 3 0 0 0.458890 0
024 7 15 1 5 3 8 1 1 0.493138 0
024 7 16 1 2 6 3 0 0 0.454223 0
024 7 17 1 4 3 4 0 0 0.605517 0
024 7 18 1 2 2 4 0 0 0.494501 0
024 7 19 1 4 3 6 1 1 0.506808 0
024 7 20 1 2 8 2 0 0 0.442720 0
024 7 21 1 2 8 4 0 0 0.492898 0
024 7 22 1 2 3 4 0 0 0.408889 0
024 7 23 1 2 8 7 1 1 0.467290 0
024 7 24 1 5 3 8 1 1 0.489783 0
024 7 25 1 5 4 3 0 0 0.419903 0
024 7 26 1 2 6 4 0 0 0.554082 0
024 7 27 1 2 4 8 1 1 0.484535 0
024 7 28 1 2 6 2 0 0 0.470978 0
024 7 29 1 5 8 6 1 1 0.591962 0
024 7 30 1 4 7 6 1 1 0.444766 0
024 7 31 1 2 2 8 1 1 0.571256 0
024 7 32 1 5 4 8 1 1 0.443277 0
024 7 33 1 2 4 8 1 1 0.375353 0
024 7 34 1 5 2 6 1 1 0.554410 0
024 7 35 1 5 7 3 0 0 0.564024 0
024 7 36 1 4 3 6 1 1 0.500755 0
024 7 37 1 2 8 7 1 1 0.470232 0
024 7 38 1 4 8 2 0 0 0.526460 0
024 7 39 1 4 3 7 1 1 0.484995 0
024 7 40 1 4 3 6 1 1 0.491270 0
024 7 41 1 2 4 8 1 1 0.452287 0
024 7 42 1 4 6 7 1 1 0.457780 0
024 7 43 1 2 8 3 0 0 0.471614 0
024 7 44 1 5 7 2 0 0 0.415657 0
024 7 45 1 4 6 4 0 0 0.628873 0
024 7 46 1 2 7 8 1 1 0.456553 0
024 7 47 1 5 8 3 0 0 0.684311 0
024 7 48 1 5 7 3 0 0 0.487397 0
024 7 49 1 2 2 8 1 1 0.484375 0
024 7 50 1 2 2 8 1 1 0.434604 0
024 7 51 1 4 6 4 0 0 0.501942 0
024 7 52 1 4 3 2 0 0 0.662578 0
024 7 53 1 4 8 7 1 1 0.567390 0
024 7 54 1 5 4 2 0 0 0.470251 0
024 7 55 1 5 8 3 0 0 0.613873 0
024 7 56 1 4 2 8 1 1 0.562106 0
024 7 57 1 4 3 7 1 1 0.523829 0
024 7 58 1 4 7 4 0 0 0.552405 0
024 7 59 1 5 3 7 1 1 0.525311 0
024 8 00 1 2 6 7 1 1 0.691517 0
024 8 01 1 2 4 2 0 0 0.368483 0
024 8 02 1 5 8 2 0 0 0.468606 0
024 8 03 1 2 7 4 0 0 0.535848 0
024 8 04 1 5 2 7 1 1 0.542000 0
024 8 05 1 4 2 8 1 1 0.430625 0
024 8 06 1 5 8 2 0 0 0.593170 0
024 8 07 1 5 2 4 0 0 0.423778 0
024 8 08 1 2 8 7 1 1 0.498769 0
024 8 09 1 2 6 3 0 0 0.445612 0
024 8 10 1 4 2 8 1 1 0.499046 0
024 8 11 1 2 3 6 1 1 0.493740 0
024 8 12 1 4 7 6 1 1 0.443967 0
024 8 13 1 4 7 2 0 0 0.455125 0
024 8 14 1 5 8 2 0 0 0.449963 0
024 8 15 1 2 4 2 0 0 0.393456 0
024 8 16 1 5 3 7 1 1 0.541980 0
024 8 17 1 5 3 7 1 1 0.506610 0
024 8 18 1 5 6 3 0 0 0.459329 0
024 8 19 1 5 8 4 0 0 0.493061 0
024 8 20 1 2 4 3 0 0 0.437370 0
024 8 21 1 2 3 2 0 0 0.344473 0
024 8 22 1 4 6 4 0 0 0.520445 0
024 8 23 1 5 8 6 1 1 0.414650 0
024 8 24 1 2 6 2 0 0 0.498323 0
024 8 25 1 4 4 8 1 1 0.442980 0
024 8 26 1 2 2 3 0 0 0.462488 0
024 8 27 1 4 2 7 1 1 0.563873 0
024 8 28 1 5 7 8 1 1 0.540270 0
024 8 29 1 5 4 3 0 0 0.426112 0
024 8 30 1 4 2 7 1 1 0.434622 0
024 8 31 1 5 7 3 0 0 0.434913 0
024 8 32 1 2 4 7 1 1 0.434637 0
024 8 33 1 2 3 2 0 0 0.361343 0
024 8 34 1 4 3 2 1 0 0.337761 0
024 8 35 1 2 2 7 1 1 0.497764 0
024 8 36 1 4 2 8 1 1 0.433805 0
024 8 37 1 2 8 4 0 0 0.528853 0
024 8 38 1 4 6 8 1 1 0.515537 0
024 8 39 1 4 3 2 0 0 0.642300 0
024 8 40 1 5 4 6 1 1 0.602299 0
024 8 41 1 5 4 7 1 1 0.508595 0
024 8 42 1 5 2 4 0 0 0.379794 0
024 8 43 1 2 6 4 0 0 0.404275 0
024 8 44 1 2 2 4 0 0 0.400820 0
024 8 45 1 4 4 2 0 0 0.347148 0
024 8 46 1 4 6 2 0 0 0.463605 0
024 8 47 1 5 8 4 0 0 0.393761 0
024 8 48 1 2 8 2 0 0 0.423818 0
024 8 49 1 5 3 8 1 1 0.454826 0
024 8 50 1 5 2 6 1 1 0.634941 0
024 8 51 1 4 8 4 0 0 1.321658 0
024 8 52 1 2 3 6 1 1 0.626227 0
024 8 53 1 5 4 2 0 0 0.745960 0
024 8 54 1 4 7 3 0 0 0.454346 0
024 8 55 1 4 2 6 1 1 0.510456 0
024 8 56 1 4 3 8 1 1 0.437903 0
024 8 57 1 4 6 2 0 0 0.460074 0
024 8 58 1 2 6 2 0 0 0.449055 0
024 8 59 1 2 2 6 0 1 0.361685 0
024 9 00 0 12 4 3 0 0 2.014582 0
024 9 01 0 12 6 3 1 1 4.435477 0
024 9 02 0 4 4 6 0 0 4.264348 0
024 9 03 0 4 2 6 0 0 4.293432 0
024 9 04 0 4 8 4 1 1 4.283813 0
024 9 05 0 12 3 7 0 0 3.940825 0
024 9 06 0 2 8 3 1 1 1.892326 0
024 9 07 0 4 3 8 0 0 1.060592 0
024 9 08 0 12 7 2 1 1 1.128185 0
024 9 09 0 12 2 7 0 0 2.855414 0
024 9 10 0 12 8 6 1 1 1.111104 0
024 9 11 0 4 3 2 0 0 0.967938 0
024 9 12 0 12 3 6 0 0 2.255278 0
024 9 13 0 2 6 4 1 1 1.036881 0
024 9 14 0 4 2 8 1 0 2.206767 0
024 9 15 0 12 4 6 0 0 1.518794 0
024 9 16 0 5 6 8 1 1 1.637731 0
024 9 17 0 12 3 2 0 0 0.930633 0
024 9 18 0 4 4 3 0 0 1.046554 0
024 9 19 0 12 8 6 1 1 1.172497 0
024 9 20 0 12 4 6 0 0 1.277471 0
024 9 21 0 4 6 8 1 1 1.647108 0
024 9 22 0 2 3 4 1 0 4.660923 0
024 9 23 0 4 6 7 1 1 1.319878 0
024 9 24 0 2 7 2 1 1 0.883607 0
024 9 25 0 12 6 2 1 1 0.926709 0
024 9 26 0 5 6 8 1 1 1.014415 0
024 9 27 0 4 7 8 1 1 0.805388 0
024 9 28 0 2 4 7 1 0 1.214136 0
024 9 29 0 4 8 7 1 1 0.631152 0
024 9 30 0 12 7 4 1 1 1.325930 0
024 9 31 0 5 4 2 0 0 1.440083 0
024 9 32 0 4 4 8 0 0 1.219095 0
024 9 33 0 4 4 8 0 0 0.782597 0
024 9 34 0 5 3 6 0 0 1.295699 0
024 9 35 0 12 4 2 0 0 1.023399 0
024 9 36 0 5 3 2 0 0 0.755786 0
024 9 37 0 4 8 3 1 1 0.771952 0
024 9 38 0 12 4 6 0 0 1.344326 0
024 9 39 0 5 7 3 1 1 0.813334 0
024 9 40 0 2 8 7 0 1 1.250576 0
024 9 41 0 4 4 7 0 0 0.682382 0
024 9 42 0 12 7 2 1 1 1.674763 0
024 9 43 0 2 3 2 1 0 1.523632 0
024 9 44 0 2 6 4 0 1 2.597016 0
024 9 45 0 12 7 4 1 1 1.163934 0
024 9 46 0 12 3 4 0 0 0.783320 0
024 9 47 0 5 2 4 0 0 1.032802 0
024 9 48 0 2 4 8 0 0 1.483546 0
024 9 49 0 5 3 6 0 0 1.147696 0
024 9 50 0 2 6 7 0 1 1.352664 0
024 9 51 0 2 2 4 1 0 0.799432 0
024 9 52 0 12 6 2 1 1 1.063660 0
024 9 53 0 2 3 2 1 0 1.026560 0
024 9 54 0 12 7 6 1 1 1.553917 0
024 9 55 0 5 8 3 1 1 1.350436 0
024 9 56 0 5 7 8 1 1 0.996216 0
024 9 57 0 5 6 4 1 1 1.216752 0
024 9 58 0 4 2 6 0 0 0.922716 0
024 9 59 0 12 6 4 1 1 1.246899 0
024 9 60 0 5 8 2 1 1 0.905959 0
024 9 61 0 12 3 6 0 0 1.078434 0
024 9 62 0 12 2 7 1 0 1.252421 0
024 9 63 0 4 6 8 0 1 1.605131 0
024 9 64 0 4 8 4 1 1 1.141132 0
024 9 65 0 12 2 4 0 0 1.385885 0
024 9 66 0 5 6 8 1 1 0.869469 0
024 9 67 0 2 8 2 1 1 1.189172 0
024 9 68 0 12 6 4 1 1 1.849897 0
024 9 69 0 12 2 8 0 0 1.175822 0
024 9 70 0 12 4 6 1 0 0.769842 0
024 9 71 0 2 7 4 1 1 1.802103 0
024 9 72 0 4 8 4 1 1 1.281005 0
024 9 73 0 4 7 3 1 1 1.012909 0
024 9 74 0 12 8 7 1 1 1.034558 0
024 9 75 0 12 2 6 0 0 0.860906 0
024 9 76 0 4 6 7 1 1 2.759081 0
024 9 77 0 4 8 6 1 1 1.203639 0
024 9 78 0 2 7 6 1 1 1.321659 0
024 9 79 0 5 4 7 0 0 0.874522 0
024 9 80 0 12 8 3 1 1 0.878254 0
024 9 81 0 2 2 3 1 0 3.365692 0
024 9 82 0 4 7 4 1 1 1.358518 0
024 9 83 0 2 6 8 0 1 1.602379 0
024 9 84 0 2 2 7 1 0 0.701316 0
024 9 85 0 12 7 6 1 1 1.211551 0
024 9 86 0 2 6 2 0 1 1.717050 0
024 9 87 0 2 2 4 0 0 2.702732 0
024 9 88 0 12 7 3 1 1 1.254088 0
024 9 89 0 4 8 2 1 1 1.440858 0
024 9 90 0 12 2 3 0 0 0.978573 0
024 9 91 0 2 8 4 1 1 1.574727 0
024 9 92 0 4 3 8 0 0 1.282146 0
024 9 93 0 12 7 2 1 1 0.824748 0
024 9 94 0 2 4 3 0 0 2.946611 0
024 9 95 0 12 3 8 0 0 1.074024 0
024 9 96 0 2 3 2 1 0 0.868564 0
024 9 97 0 12 2 4 0 0 0.866651 0
024 9 98 0 4 7 4 1 1 1.023704 0
024 9 99 0 2 8 6 1 1 1.132064 0
024 10 00 0 12 3 7 0 0 1.407880 0
024 10 01 0 12 6 8 1 1 0.982344 0
024 10 02 0 12 6 2 1 1 1.054570 0
024 10 03 0 5 7 6 1 1 0.922097 0
024 10 04 0 5 7 2 1 1 0.821729 0
024 10 05 0 4 3 2 1 0 1.102660 0
024 10 06 0 4 3 2 1 0 0.844773 0
024 10 07 0 12 8 3 1 1 1.193564 0
024 10 08 0 5 2 3 0 0 0.795702 0
024 10 09 0 12 8 3 1 1 1.261276 0
024 10 10 0 5 3 7 0 0 1.117140 0
024 10 11 0 5 4 8 0 0 0.926487 0
024 10 12 0 12 7 8 1 1 0.925405 0
024 10 13 0 2 4 2 0 0 1.091267 0
024 10 14 0 2 2 3 0 0 1.789908 0
024 10 15 0 4 6 3 1 1 0.772161 0
024 10 16 0 12 8 7 1 1 1.018581 0
024 10 17 0 2 6 7 1 1 1.348407 0
024 10 18 0 12 8 2 0 1 0.705844 0
024 10 19 0 2 7 6 0 1 1.335791 0
024 10 20 0 2 3 4 1 0 1.469681 0
024 10 21 0 12 3 6 0 0 0.775128 0
024 10 22 0 4 4 2 0 0 1.133773 0
024 10 23 0 12 4 8 0 0 1.185082 0
024 10 24 0 2 3 6 0 0 1.306529 0
024 10 25 0 12 4 8 0 0 0.708538 0
024 10 26 0 4 7 2 1 1 0.752082 0
024 10 27 0 5 6 7 1 1 1.071833 0
024 10 28 0 4 3 7 0 0 0.973010 0
024 10 29 0 4 7 6 1 1 1.462319 0
024 10 30 0 5 2 6 0 0 0.828583 0
024 10 31 0 2 4 8 0 0 1.285805 0
024 10 32 0 5 4 7 0 0 0.883279 0
024 10 33 0 5 2 4 0 0 0.942361 0
024 10 34 0 5 4 3 0 0 1.058483 0
024 10 35 0 12 4 8 0 0 1.134285 0
024 10 36 0 12 8 3 1 1 1.132394 0
024 10 37 0 2 4 7 0 0 2.684659 0
024 10 38 0 2 3 7 0 0 1.293878 0
024 10 39 0 4 2 4 1 0 1.028913 0
024 10 40 0 2 6 3 1 1 1.056092 0
024 10 41 0 4 2 4 1 0 1.220844 0
024 10 42 0 5 7 4 1 1 0.857027 0
024 10 43 0 12 4 3 0 0 0.889447 0
024 10 44 0 4 8 3 1 1 0.704417 0
024 10 45 0 12 2 8 0 0 1.385994 0
024 10 46 0 12 8 4 1 1 1.327603 0
024 10 47 0 4 3 6 0 0 1.304441 0
024 10 48 0 2 8 7 1 1 0.812494 0
024 10 49 0 5 3 7 0 0 1.061971 0
024 10 50 0 12 4 2 0 0 1.328829 0
024 10 51 0 12 6 8 1 1 1.098727 0
024 10 52 0 5 2 6 0 0 1.269727 0
024 10 53 0 12 8 2 1 1 2.124939 0
024 10 54 0 2 4 8 0 0 1.778012 0
024 10 55 0 12 2 4 0 0 1.353645 0
024 10 56 0 2 7 8 1 1 1.512964 0
024 10 57 0 5 3 6 0 0 1.239241 0
024 10 58 0 12 6 7 1 1 1.106406 0
024 10 59 0 2 3 6 1 0 1.384032 0
024 10 60 0 4 8 7 1 1 0.915602 0
024 10 61 0 2 7 4 0 1 1.421409 0
024 10 62 0 2 8 3 0 1 1.601249 0
024 10 63 0 5 4 3 0 0 0.719238 0
024 10 64 0 4 8 3 1 1 0.639019 0
024 10 65 0 2 6 4 0 1 2.110125 0
024 10 66 0 5 3 7 0 0 1.107118 0
024 10 67 0 2 2 6 1 0 1.033572 0
024 10 68 0 4 8 6 1 1 0.842022 0
024 10 69 0 2 7 3 0 1 1.757240 0
024 10 70 0 5 3 4 0 0 0.778512 0
024 10 71 0 2 4 7 0 0 1.168060 0
024 10 72 0 2 6 8 1 1 1.309273 0
024 10 73 0 2 6 3 0 1 1.142945 0
024 10 74 0 12 4 3 0 0 0.796211 0
024 10 75 0 4 6 2 1 1 0.807426 0
024 10 76 0 2 4 6 0 0 0.958833 0
024 10 77 0 4 6 4 1 1 1.836042 0
024 10 78 0 12 3 2 0 0 0.934873 0
024 10 79 0 12 7 6 1 1 1.079779 0
024 10 80 0 5 8 2 0 1 1.158337 0
024 10 81 0 4 6 8 1 1 0.720781 0
024 10 82 0 4 7 8 1 1 0.795162 0
024 10 83 0 12 3 4 0 0 0.787043 0
024 10 84 0 4 2 7 0 0 0.843381 0
024 10 85 0 12 2 3 0 0 0.619632 0
024 10 86 0 4 2 3 0 0 0.867439 0
024 10 87 0 12 3 2 0 0 1.104706 0
024 10 88 0 12 7 3 1 1 0.796642 0
024 10 89 0 4 4 6 0 0 2.419024 0
024 10 90 0 2 8 6 1 1 1.675032 0
024 10 91 0 5 3 8 0 0 0.973206 0
024 10 92 0 12 3 8 0 0 1.023037 0
024 10 93 0 5 8 3 1 1 0.923860 0
024 10 94 0 2 8 2 0 1 1.264462 0
024 10 95 0 12 6 2 1 1 0.977376 0
024 10 96 0 2 7 3 0 1 1.407911 0
024 10 97 0 5 2 3 0 0 0.869218 0
024 10 98 0 2 3 7 1 0 1.147213 0
024 10 99 0 4 6 7 1 1 1.027310 0
024 11 00 0 12 2 6 0 0 1.539477 0
024 11 01 0 2 4 2 1 0 3.478149 0
024 11 02 0 12 4 7 0 0 1.403814 0
024 11 03 0 2 2 7 1 0 0.755641 0
024 11 04 0 4 2 3 0 0 0.816802 0
024 11 05 0 4 3 4 0 0 0.881543 0
024 11 06 0 12 7 3 1 1 0.902750 0
024 11 07 0 4 7 6 0 1 1.072176 0
024 11 08 0 5 2 7 0 0 0.844574 0
024 11 09 0 4 2 6 0 0 0.911965 0
024 11 10 0 4 6 2 1 1 0.654812 0
024 11 11 0 12 2 3 0 0 0.847729 0
024 11 12 0 12 6 4 1 1 1.179785 0
024 11 13 0 5 6 4 1 1 1.082320 0
024 11 14 0 4 3 6 0 0 0.879894 0
024 11 15 0 2 4 2 0 0 1.031654 0
024 11 16 0 12 6 3 1 1 1.806183 0
024 11 17 0 2 8 2 1 1 1.557855 0
024 11 18 0 12 7 2 1 1 0.766433 0
024 11 19 0 12 3 4 0 0 1.111687 0
024 11 20 0 12 6 3 1 1 0.823132 0
024 11 21 0 2 2 8 0 0 1.002773 0
024 11 22 0 4 2 7 0 0 0.838973 0
024 11 23 0 12 7 6 1 1 1.437574 0
024 11 24 0 5 3 4 1 0 1.143679 0
024 11 25 0 2 3 8 1 0 1.579186 0
024 11 26 0 2 2 8 0 0 1.131819 0
024 11 27 0 12 8 4 1 1 1.430286 0
024 11 28 0 12 7 4 1 1 1.103559 0
024 11 29 0 4 8 2 1 1 1.263392 0
024 11 30 0 5 6 2 1 1 0.855304 0
024 11 31 0 4 3 4 0 0 1.018662 0
024 11 32 0 4 2 4 0 0 1.228325 0
024 11 33 0 5 7 4 1 1 0.668663 0
024 11 34 0 4 3 7 0 0 0.888709 0
024 11 35 0 5 2 6 1 0 1.344127 0
024 11 36 0 12 6 3 1 1 1.240119 0
024 11 37 0 5 2 7 0 0 1.137528 0
024 11 38 0 4 7 3 1 1 1.073382 0
024 11 39 0 12 2 3 0 0 0.972981 0
024 11 40 0 5 8 6 1 1 1.011056 0
024 11 41 0 12 3 8 1 0 2.169942 0
024 11 42 0 12 2 8 0 0 0.862135 0
024 11 43 0 12 4 7 0 0 1.405075 0
024 11 44 0 2 7 8 1 1 1.275975 0
024 11 45 0 4 7 2 0 1 1.643008 0
024 11 46 0 5 2 8 0 0 0.808849 0
024 11 47 0 4 4 8 0 0 1.470631 0
024 11 48 0 4 4 3 1 0 1.813989 0
024 11 49 0 4 2 8 0 0 0.937261 0
024 11 50 0 2 8 4 1 1 1.151182 0
024 11 51 0 12 6 8 1 1 1.309681 0
024 11 52 0 12 6 7 1 1 0.964283 0
024 11 53 0 5 7 6 1 1 1.170877 0
024 11 54 0 2 4 3 0 0 1.003242 0
024 11 55 0 2 4 3 1 0 1.318983 0
024 11 56 0 12 4 7 0 0 0.827783 0
024 11 57 0 5 7 6 1 1 1.251602 0
024 11 58 0 5 7 3 1 1 0.857515 0
024 11 59 0 5 6 4 1 1 0.905625 0
024 11 60 0 12 2 8 0 0 1.288924 0
024 11 61 0 2 3 8 0 0 1.517956 0
024 11 62 0 12 6 8 1 1 1.137805 0
024 11 63 0 2 6 3 1 1 1.269645 0
024 11 64 0 4 3 8 1 0 1.150915 0
024 11 65 0 2 2 6 0 0 1.246781 0
024 11 66 0 12 2 6 0 0 1.015954 0
024 11 67 0 12 4 2 0 0 1.189838 0
024 11 68 0 4 6 3 1 1 0.932757 0
024 11 69 0 12 6 2 1 1 1.330468 0
024 11 70 0 5 4 3 0 0 0.979294 0
024 11 71 0 2 2 3 1 0 1.219469 0
024 11 72 0 12 8 4 1 1 1.597529 0
024 11 73 0 4 6 4 1 1 1.080220 0
024 11 74 0 12 8 2 0 1 1.586228 0
024 11 75 0 12 7 8 1 1 1.412454 0
024 11 76 0 4 7 6 0 1 2.518587 0
024 11 77 0 4 6 4 1 1 1.140836 0
024 11 78 0 5 8 6 1 1 1.311876 0
024 11 79 0 5 8 7 1 1 1.743477 0
024 11 80 0 5 6 3 1 1 1.138037 0
024 11 81 0 5 4 8 0 0 0.880480 0
024 11 82 0 4 2 8 0 0 1.021437 0
024 11 83 0 4 4 2 1 0 0.835017 0
024 11 84 0 2 3 6 1 0 1.211438 0
024 11 85 0 5 8 7 1 1 1.908569 0
024 11 86 0 2 3 8 0 0 0.950641 0
024 11 87 0 5 6 2 1 1 2.088798 0
024 11 88 0 12 3 7 0 0 1.552469 0
024 11 89 0 12 6 7 1 1 1.187758 0
024 11 90 0 12 6 3 1 1 2.154889 0
024 11 91 0 2 4 6 0 0 1.059241 0
024 11 92 0 12 2 3 0 0 1.450403 0
024 11 93 0 12 3 2 0 0 2.282773 0
024 11 94 0 2 7 2 0 1 2.246912 0
024 11 95 0 4 8 2 1 1 0.866160 0
024 11 96 0 12 7 2 1 1 1.299439 0
024 11 97 0 12 7 8 1 1 2.160969 0
024 11 98 0 4 6 3 1 1 2.671540 0
024 11 99 0 12 8 6 1 1 1.205433 0
024 12 00 0 12 4 8 0 0 1.357498 0
024 12 01 0 2 6 2 1 1 1.101755 0
024 12 02 0 12 3 7 0 0 1.135929 0
024 12 03 0 12 8 2 1 1 1.285929 0
024 12 04 0 4 2 7 1 0 1.670076 0
024 12 05 0 5 4 6 0 0 0.856214 0
024 12 06 0 4 4 7 0 0 1.179428 0
024 12 07 0 2 8 3 1 1 0.975787 0
024 12 08 0 5 6 7 1 1 1.055712 0
024 12 09 0 2 7 6 0 1 2.262128 0
024 12 10 0 5 2 8 1 0 1.134171 0
024 12 11 0 4 3 4 0 0 2.995364 0
024 12 12 0 2 7 3 1 1 0.726723 0
024 12 13 0 12 4 2 0 0 0.900523 0
024 12 14 0 12 2 7 0 0 1.014187 0
024 12 15 0 2 7 2 1 1 1.091573 0
024 12 16 0 4 8 6 1 1 1.439150 0
024 12 17 0 5 4 6 0 0 2.234177 0
024 12 18 0 12 7 3 1 1 1.101147 0
024 12 19 0 12 3 8 0 0 1.495136 0
024 12 20 0 5 8 4 1 1 5.254510 0
024 12 21 0 2 6 7 0 1 2.528605 0
024 12 22 0 5 2 7 0 0 1.670754 0
024 12 23 0 5 8 6 1 1 1.486679 0
024 12 24 0 5 7 2 1 1 1.648097 0
024 12 25 0 2 8 6 0 1 2.425799 0
024 12 26 0 2 8 4 1 1 0.945741 0
024 12 27 0 12 8 4 1 1 1.181117 0
024 12 28 0 5 4 2 0 0 0.868398 0
024 12 29 0 5 2 8 1 0 4.607620 0
024 12 30 0 12 7 4 1 1 0.905480 0
024 12 31 0 12 3 2 0 0 1.148343 0
024 12 32 0 4 4 6 0 0 2.299707 0
024 12 33 0 2 7 8 1 1 1.337835 0
024 12 34 0 5 7 3 1 1 1.281086 0
024 12 35 0 4 3 6 0 0 1.288391 0
024 12 36 0 4 3 7 1 0 1.495833 0
024 12 37 0 5 6 3 1 1 1.652213 0
024 12 38 0 4 6 2 0 1 4.333285 0
024 12 39 0 2 2 6 0 0 1.553907 0
024 12 40 0 4 2 3 0 0 1.025950 0
024 12 41 0 4 4 7 0 0 1.160287 0
024 12 42 0 5 7 4 1 1 1.006973 0
024 12 43 0 4 7 4 1 1 1.523040 0
024 12 44 0 12 4 3 0 0 1.379033 0
024 12 45 0 5 4 2 0 0 1.401985 0
024 12 46 0 5 8 4 1 1 1.444688 0
024 12 47 0 5 4 8 0 0 1.268740 0
024 12 48 0 5 3 2 0 0 1.110956 0
024 12 49 0 12 8 7 1 1 1.499191 0
024 12 50 0 12 6 4 1 1 1.094567 0
024 12 51 0 12 2 7 1 0 1.827987 0
024 12 52 0 4 7 3 1 1 1.162450 0
024 12 53 0 4 4 3 0 0 0.921644 0
024 12 54 0 12 7 8 1 1 1.046687 0
024 12 55 0 5 4 6 0 0 1.307983 0
024 12 56 0 2 4 6 0 0 1.382682 0
024 12 57 0 2 8 7 1 1 1.110520 0
024 12 58 0 2 3 4 1 0 1.122693 0
024 12 59 0 12 8 6 0 1 1.213342 0
024 12 60 0 12 2 4 0 0 1.304625 0
024 12 61 0 5 6 3 1 1 1.298617 0
024 12 62 0 2 2 7 0 0 1.367741 0
024 12 63 0 2 3 7 0 0 1.797337 0
024 12 64 0 5 8 7 1 1 1.002023 0
024 12 65 0 4 4 2 0 0 0.908240 0
024 12 66 0 5 3 8 0 0 1.089152 0
024 12 67 0 5 7 2 1 1 0.869901 0
024 12 68 0 5 3 4 1 0 0.878753 0
024 12 69 0 5 2 4 0 0 1.121242 0
024 12 70 0 5 3 2 0 0 1.144585 0
024 12 71 0 5 7 8 1 1 0.841891 0
024 12 72 0 5 2 3 1 0 1.249100 0
024 12 73 0 12 8 2 1 1 1.178035 0
024 12 74 0 12 3 6 0 0 1.204279 0
024 12 75 0 12 4 3 0 0 1.955766 0
024 12 76 0 2 6 2 0 1 2.039967 0
024 12 77 0 4 7 8 1 1 0.976985 0
024 12 78 0 5 6 2 1 1 1.138671 0
024 12 79 0 5 8 2 1 1 1.596273 0
024 12 80 0 12 4 7 0 0 1.245187 0
024 12 81 0 12 4 2 0 0 1.143917 0
024 12 82 0 5 8 3 1 1 1.059919 0
024 12 83 0 12 6 7 1 1 1.243280 0
024 12 84 0 5 8 4 1 1 1.323746 0
024 12 85 0 5 4 7 0 0 1.269624 0
024 12 86 0 2 2 4 1 0 0.867234 0
024 12 87 0 4 7 2 1 1 1.218648 0
024 12 88 0 2 7 4 1 1 1.424219 0
024 12 89 0 12 8 7 1 1 0.987360 0
024 12 90 0 5 3 8 0 0 1.275100 0
024 12 91 0 5 6 7 1 1 1.381498 0
024 12 92 0 5 7 8 1 1 1.142897 0
024 12 93 0 2 6 8 1 1 1.291789 0
024 12 94 0 2 2 8 0 0 0.984563 0
024 12 95 0 4 8 7 1 1 1.115520 0
024 12 96 0 12 3 4 0 0 0.844291 0
024 12 97 0 12 3 4 0 0 1.190542 0
024 12 98 0 12 2 4 0 0 0.936402 0
024 12 99 0 12 2 6 0 0 1.350614 0
