012 0 00 1 2 7 6 -1 1 22.726530 0
012 0 01 1 3 8 2 0 0 3.692987 0
012 0 02 1 6 4 2 0 0 1.829810 0
012 0 03 1 2 7 3 0 0 1.765297 0
012 0 04 1 2 3 7 1 1 2.294250 0
012 0 05 1 2 7 8 1 1 1.269046 0
012 0 06 1 6 8 4 0 0 1.641679 0
012 0 07 1 3 8 3 0 0 1.662060 0
012 0 08 1 2 3 2 0 0 0.901090 0
012 0 09 1 3 8 2 0 0 0.750280 0
012 0 10 1 6 4 8 1 1 0.721460 0
012 0 11 1 6 2 6 1 1 1.307458 0
012 0 12 1 2 6 2 0 0 0.751270 0
012 0 13 1 6 4 2 0 0 0.739195 0
012 0 14 1 3 7 3 0 0 0.991176 0
012 0 15 1 6 7 2 0 0 0.803068 0
012 0 16 1 6 2 7 1 1 0.987855 0
012 0 17 1 3 4 2 0 0 0.745514 0
012 0 18 1 3 3 6 1 1 1.095999 0
012 0 19 1 3 6 4 0 0 1.334918 0
012 0 20 1 3 4 7 1 1 1.749058 0
012 0 21 1 2 3 6 1 1 0.877554 0
012 0 22 1 3 2 8 1 1 2.161588 0
012 0 23 1 3 3 7 1 1 0.845006 0
012 0 24 1 6 4 8 1 1 0.861771 0
012 0 25 1 6 7 6 1 1 0.640221 0
012 0 26 1 3 8 3 0 0 0.778530 0
012 0 27 1 2 3 7 1 1 0.742135 0
012 0 28 1 6 4 7 1 1 0.815588 0
012 0 29 1 2 2 8 1 1 1.474972 0
012 0 30 1 2 8 6 1 1 1.168928 0
012 0 31 1 3 7 2 0 0 0.680331 0
012 0 32 1 2 3 2 0 0 1.124996 0
012 0 33 1 3 6 2 0 0 0.691576 0
012 0 34 1 2 6 7 1 1 0.960587 0
012 0 35 1 3 4 6 1 1 2.539194 0
012 0 36 1 3 3 8 1 1 1.152200 0
012 0 37 1 2 4 2 0 0 0.913749 0
012 0 38 1 6 6 4 0 0 3.420386 0
012 0 39 1 2 8 3 0 0 3.140531 0
012 0 40 1 6 7 2 0 0 1.037462 0
012 0 41 1 6 6 4 0 0 1.715971 0
012 0 42 1 6 2 7 1 1 2.695081 0
012 0 43 1 3 8 6 1 1 1.911613 0
012 0 44 1 6 3 6 1 1 0.625754 0
012 0 45 1 2 6 4 0 0 0.936846 0
012 0 46 1 6 6 7 1 1 1.196713 0
012 0 47 1 2 3 6 1 1 3.337823 0
012 0 48 1 6 2 3 0 0 0.719421 0
012 0 49 1 6 6 3 0 0 1.141953 0
012 0 50 1 6 3 7 1 1 0.647998 0
012 0 51 1 2 2 7 1 1 0.555870 0
012 0 52 1 3 3 6 1 1 0.879033 0
012 0 53 1 2 7 4 0 0 0.655161 0
012 0 54 1 2 3 8 1 1 0.648298 0
012 0 55 1 2 6 2 0 0 0.657513 0
012 0 56 1 3 8 2 0 0 0.548942 0
012 0 57 1 3 8 4 0 0 0.770965 0
012 0 58 1 3 2 4 0 0 0.765027 0
012 0 59 1 2 7 2 0 0 1.214773 0
012 1 00 1 6 8 4 0 0 1.338445 0
012 1 01 1 2 8 2 0 0 0.869967 0
012 1 02 1 3 3 8 1 1 1.084924 0
012 1 03 1 6 8 4 0 0 0.865693 0
012 1 04 1 2 2 4 0 0 0.789838 0
012 1 05 1 2 3 4 0 0 0.687151 0
012 1 06 1 2 3 4 0 0 0.718115 0
012 1 07 1 2 3 2 0 0 0.641851 0
012 1 08 1 6 3 2 0 0 0.601556 0
012 1 09 1 6 3 4 0 0 0.599934 0
012 1 10 1 3 2 4 0 0 0.530491 0
012 1 11 1 3 3 4 0 0 0.601879 0
012 1 12 1 3 8 4 0 0 0.633887 0
012 1 13 1 6 8 7 1 1 0.590740 0
012 1 14 1 3 6 2 0 0 1.072950 0
012 1 15 1 6 2 4 0 0 1.276169 0
012 1 16 1 2 2 8 1 1 0.649313 0
012 1 17 1 2 7 4 0 0 0.559815 0
012 1 18 1 6 8 3 0 0 0.800241 0
012 1 19 1 6 3 4 0 0 0.757803 0
012 1 20 1 6 7 4 0 0 0.652648 0
012 1 21 1 3 4 2 0 0 0.612252 0
012 1 22 1 2 7 2 0 0 0.630412 0
012 1 23 1 6 2 8 1 1 0.559506 0
012 1 24 1 3 8 6 1 1 0.896420 0
012 1 25 1 6 2 3 0 0 0.737682 0
012 1 26 1 6 4 8 1 1 0.572584 0
012 1 27 1 6 7 2 0 0 0.568758 0
012 1 28 1 6 2 8 1 1 0.562144 0
012 1 29 1 6 2 3 0 0 0.574744 0
012 1 30 1 6 2 6 1 1 0.713527 0
012 1 31 1 3 3 7 1 1 0.612437 0
012 1 32 1 6 4 3 0 0 0.720712 0
012 1 33 1 3 4 2 0 0 2.012619 0
012 1 34 1 2 8 2 0 0 0.594065 0
012 1 35 1 3 3 4 0 0 0.944569 0
012 1 36 1 6 4 6 1 1 0.694887 0
012 1 37 1 2 4 6 1 1 0.573140 0
012 1 38 1 3 2 7 1 1 0.630655 0
012 1 39 1 2 6 7 1 1 0.571823 0
012 1 40 1 6 7 2 0 0 0.606649 0
012 1 41 1 2 4 7 1 1 0.622224 0
012 1 42 1 3 7 2 0 0 0.694950 0
012 1 43 1 6 4 2 0 0 0.585751 0
012 1 44 1 3 4 7 1 1 0.612611 0
012 1 45 1 2 7 6 1 1 1.316443 0
012 1 46 1 3 3 4 0 0 0.762882 0
012 1 47 1 6 3 8 1 1 0.550764 0
012 1 48 1 2 8 7 1 1 0.981068 0
012 1 49 1 2 3 2 0 0 0.637464 0
012 1 50 1 2 7 8 1 1 0.671465 0
012 1 51 1 3 2 4 0 0 3.118295 0
012 1 52 1 3 7 8 1 1 0.492106 0
012 1 53 1 6 8 3 0 0 0.952817 0
012 1 54 1 2 3 2 0 0 0.599523 0
012 1 55 1 2 3 7 1 1 0.574169 0
012 1 56 1 2 2 3 0 0 1.722594 0
012 1 57 1 2 8 2 0 0 0.579444 0
012 1 58 1 6 8 7 1 1 0.504048 0
012 1 59 1 6 6 2 0 0 2.281071 0
012 2 00 1 2 7 8 1 1 0.735945 0
012 2 01 1 3 2 7 1 1 1.166076 0
012 2 02 1 6 2 7 1 1 0.493617 0
012 2 03 1 3 3 7 1 1 0.482930 0
012 2 04 1 2 2 3 0 0 0.573614 0
012 2 05 1 2 3 8 1 1 0.542594 0
012 2 06 1 2 8 6 1 1 0.704386 0
012 2 07 1 6 4 6 1 1 0.569870 0
012 2 08 1 3 6 2 0 0 0.545217 0
012 2 09 1 6 6 3 0 0 0.596271 0
012 2 10 1 2 2 8 1 1 0.540028 0
012 2 11 1 6 2 3 0 0 0.868433 0
012 2 12 1 6 3 2 0 0 0.490354 0
012 2 13 1 2 3 8 1 1 0.427704 0
012 2 14 1 6 7 8 1 1 0.489133 0
012 2 15 1 3 2 4 0 0 0.654241 0
012 2 16 1 3 4 3 0 0 0.846626 0
012 2 17 1 2 6 8 1 1 0.548890 0
012 2 18 1 2 6 7 1 1 0.740552 0
012 2 19 1 2 8 4 0 0 0.652834 0
012 2 20 1 2 8 4 0 0 0.549577 0
012 2 21 1 3 8 3 0 0 0.644701 0
012 2 22 1 3 4 2 0 0 0.552235 0
012 2 23 1 3 4 6 1 1 2.188803 0
012 2 24 1 3 6 7 1 1 1.404658 0
012 2 25 1 2 2 7 1 1 0.523943 0
012 2 26 1 2 4 2 0 0 1.264019 0
012 2 27 1 2 7 8 1 1 0.579287 0
012 2 28 1 2 2 7 1 1 0.715582 0
012 2 29 1 2 4 2 0 0 0.875477 0
012 2 30 1 3 3 2 0 0 0.629593 0
012 2 31 1 6 3 6 1 1 0.945361 0
012 2 32 1 3 3 6 1 1 0.536453 0
012 2 33 1 6 3 7 1 1 0.670122 0
012 2 34 1 3 2 8 1 1 0.539420 0
012 2 35 1 2 2 3 0 0 0.589105 0
012 2 36 1 3 6 2 0 0 0.582392 0
012 2 37 1 3 4 8 1 1 0.498663 0
012 2 38 1 3 7 8 1 1 0.460637 0
012 2 39 1 6 7 2 0 0 0.628366 0
012 2 40 1 6 8 7 1 1 0.618588 0
012 2 41 1 3 7 4 0 0 0.751525 0
012 2 42 1 6 4 6 1 1 0.888159 0
012 2 43 1 2 7 6 1 1 0.559974 0
012 2 44 1 2 2 7 1 1 0.669321 0
012 2 45 1 3 4 3 0 0 0.513775 0
012 2 46 1 2 6 8 1 1 0.758249 0
012 2 47 1 2 4 7 1 1 1.103652 0
012 2 48 1 6 2 7 1 1 0.634902 0
012 2 49 1 2 8 3 0 0 0.655416 0
012 2 50 1 6 3 8 1 1 0.562701 0
012 2 51 1 6 7 6 1 1 0.874336 0
012 2 52 1 6 6 8 1 1 0.575694 0
012 2 53 1 3 7 4 0 0 0.583932 0
012 2 54 1 3 4 7 1 1 1.643753 0
012 2 55 1 2 6 8 1 1 0.553781 0
012 2 56 1 2 4 8 1 1 3.101017 0
012 2 57 1 3 3 7 1 1 0.656217 0
012 2 58 1 3 3 8 1 1 0.419020 0
012 2 59 1 2 4 6 1 1 0.590619 0
012 3 00 1 2 3 8 1 1 0.564141 0
012 3 01 1 6 2 8 1 1 0.496907 0
012 3 02 1 6 6 2 0 0 0.464120 0
012 3 03 1 6 3 8 1 1 0.415408 0
012 3 04 1 3 8 2 0 0 0.518315 0
012 3 05 1 2 2 3 0 0 0.605484 0
012 3 06 1 2 7 4 1 0 0.510983 0
012 3 07 1 3 7 4 0 0 0.904719 0
012 3 08 1 6 3 7 1 1 0.594613 0
012 3 09 1 3 8 3 0 0 2.518848 0
012 3 10 1 2 8 4 0 0 0.460952 0
012 3 11 1 2 3 6 1 1 0.656582 0
012 3 12 1 2 2 8 1 1 0.830310 0
012 3 13 1 6 7 2 0 0 0.565039 0
012 3 14 1 6 7 8 1 1 0.483927 0
012 3 15 1 6 3 6 1 1 0.768616 0
012 3 16 1 6 7 8 1 1 0.967254 0
012 3 17 1 3 6 4 0 0 0.626608 0
012 3 18 1 3 7 6 1 1 0.920999 0
012 3 19 1 6 7 6 1 1 0.486788 0
012 3 20 1 3 8 7 1 1 0.549639 0
012 3 21 1 3 7 3 0 0 0.601105 0
012 3 22 1 6 4 3 0 0 0.892708 0
012 3 23 1 6 2 8 1 1 0.528212 0
012 3 24 1 2 2 8 1 1 0.632104 0
012 3 25 1 2 7 8 1 1 0.932168 0
012 3 26 1 6 7 8 1 1 0.457002 0
012 3 27 1 6 3 4 0 0 0.547330 0
012 3 28 1 3 3 4 0 0 0.600962 0
012 3 29 1 3 2 8 1 1 0.569622 0
012 3 30 1 2 3 2 0 0 0.604300 0
012 3 31 1 3 2 6 1 1 0.617058 0
012 3 32 1 6 2 6 1 1 0.908827 0
012 3 33 1 3 2 6 1 1 0.683340 0
012 3 34 1 3 7 4 0 0 0.524269 0
012 3 35 1 3 7 8 1 1 0.628512 0
012 3 36 1 6 4 3 0 0 1.141786 0
012 3 37 1 6 7 4 0 0 0.628151 0
012 3 38 1 2 6 4 0 0 0.574287 0
012 3 39 1 6 4 6 1 1 0.567110 0
012 3 40 1 6 6 2 0 0 0.991098 0
012 3 41 1 6 3 2 0 0 0.590172 0
012 3 42 1 6 4 8 1 1 0.503713 0
012 3 43 1 3 2 3 0 0 0.476973 0
012 3 44 1 3 6 2 0 0 1.440208 0
012 3 45 1 6 7 3 0 0 1.128780 0
012 3 46 1 2 6 4 0 0 1.125961 0
012 3 47 1 2 4 2 0 0 0.873789 0
012 3 48 1 2 3 4 0 0 0.970534 0
012 3 49 1 3 3 6 1 1 1.046269 0
012 3 50 1 3 8 3 0 0 0.619739 0
012 3 51 1 6 7 6 1 1 1.550089 0
012 3 52 1 2 7 8 1 1 0.686785 0
012 3 53 1 2 3 7 1 1 0.763922 0
012 3 54 1 2 7 3 0 0 0.494741 0
012 3 55 1 6 8 2 0 0 0.710934 0
012 3 56 1 2 2 4 0 0 0.982460 0
012 3 57 1 3 7 6 1 1 0.687988 0
012 3 58 1 3 7 4 0 0 0.529293 0
012 3 59 1 2 2 8 1 1 0.487378 0
012 4 00 1 3 6 8 1 1 0.742869 0
012 4 01 1 2 2 6 1 1 0.552672 0
012 4 02 1 6 3 6 1 1 0.565411 0
012 4 03 1 6 3 6 1 1 0.514353 0
012 4 04 1 2 6 3 0 0 0.678745 0
012 4 05 1 3 8 2 0 0 0.799132 0
012 4 06 1 6 8 4 0 0 2.354538 0
012 4 07 1 2 7 2 0 0 0.604921 0
012 4 08 1 3 2 3 0 0 0.748653 0
012 4 09 1 3 8 4 0 0 0.758711 0
012 4 10 1 6 6 4 0 0 0.516003 0
012 4 11 1 3 7 8 1 1 0.510096 0
012 4 12 1 6 8 6 1 1 0.783686 0
012 4 13 1 3 7 8 1 1 0.601888 0
012 4 14 1 6 7 6 1 1 1.181866 0
012 4 15 1 2 7 6 1 1 0.791178 0
012 4 16 1 3 3 7 1 1 0.734500 0
012 4 17 1 2 4 6 1 1 0.523202 0
012 4 18 1 2 8 7 1 1 0.511141 0
012 4 19 1 2 6 8 1 1 0.414304 0
012 4 20 1 3 6 4 0 0 0.634575 0
012 4 21 1 3 8 4 0 0 0.591951 0
012 4 22 1 3 6 8 1 1 1.292184 0
012 4 23 1 6 2 4 0 0 0.763161 0
012 4 24 1 3 4 6 1 1 1.461788 0
012 4 25 1 3 8 4 0 0 0.681837 0
012 4 26 1 6 6 7 1 1 0.561674 0
012 4 27 1 2 6 2 0 0 0.503054 0
012 4 28 1 6 2 4 0 0 0.817778 0
012 4 29 1 2 4 3 0 0 0.602376 0
012 4 30 1 2 7 2 0 0 0.578939 0
012 4 31 1 3 6 7 1 1 1.076894 0
012 4 32 1 2 6 2 0 0 0.559578 0
012 4 33 1 6 2 3 1 0 0.467579 0
012 4 34 1 2 2 4 0 0 1.365700 0
012 4 35 1 6 6 2 0 0 0.580173 0
012 4 36 1 6 4 8 1 1 0.583679 0
012 4 37 1 6 8 6 1 1 0.637392 0
012 4 38 1 2 6 7 1 1 0.948891 0
012 4 39 1 6 6 4 0 0 1.261036 0
012 4 40 1 3 4 6 1 1 1.264103 0
012 4 41 1 3 2 3 0 0 0.554921 0
012 4 42 1 3 3 6 1 1 0.534420 0
012 4 43 1 2 6 7 1 1 0.692528 0
012 4 44 1 2 3 6 1 1 0.799600 0
012 4 45 1 3 4 7 1 1 0.792076 0
012 4 46 1 6 6 8 1 1 0.439709 0
012 4 47 1 6 6 7 1 1 0.465280 0
012 4 48 1 6 3 4 0 0 0.956712 0
012 4 49 1 2 3 4 0 0 0.526114 0
012 4 50 1 3 3 2 0 0 1.436215 0
012 4 51 1 6 2 6 1 1 1.607960 0
012 4 52 1 6 6 8 1 1 0.551047 0
012 4 53 1 6 6 3 0 0 0.725928 0
012 4 54 1 6 3 6 1 1 1.178073 0
012 4 55 1 3 2 8 1 1 0.542583 0
012 4 56 1 6 3 4 0 0 0.604882 0
012 4 57 1 3 7 2 0 0 0.850145 0
012 4 58 1 3 6 3 0 0 0.571838 0
012 4 59 1 3 6 4 0 0 1.931145 0
012 5 00 1 6 2 8 1 1 0.695884 0
012 5 01 1 6 4 3 0 0 0.648855 0
012 5 02 1 2 6 2 0 0 0.668784 0
012 5 03 1 3 3 8 1 1 0.496401 0
012 5 04 1 3 8 2 0 0 0.707538 0
012 5 05 1 2 8 7 1 1 0.638987 0
012 5 06 1 2 7 3 0 0 0.795902 0
012 5 07 1 6 7 3 0 0 0.888345 0
012 5 08 1 3 3 8 1 1 0.556480 0
012 5 09 1 2 8 2 0 0 1.436434 0
012 5 10 1 3 6 3 0 0 0.546349 0
012 5 11 1 2 8 6 1 1 0.600631 0
012 5 12 1 3 6 3 0 0 0.562907 0
012 5 13 1 3 6 8 1 1 0.523207 0
012 5 14 1 3 6 3 0 0 0.448797 0
012 5 15 1 2 6 2 0 0 0.556652 0
012 5 16 1 3 8 6 1 1 0.783397 0
012 5 17 1 3 8 4 0 0 0.654249 0
012 5 18 1 2 8 3 0 0 0.573295 0
012 5 19 1 6 4 7 1 1 0.541813 0
012 5 20 1 3 4 2 0 0 2.017959 0
012 5 21 1 3 7 3 0 0 0.837664 0
012 5 22 1 3 6 8 1 1 0.618738 0
012 5 23 1 2 7 3 0 0 0.488867 0
012 5 24 1 6 4 7 1 1 0.670437 0
012 5 25 1 2 4 6 1 1 1.072288 0
012 5 26 1 3 7 2 0 0 3.547284 0
012 5 27 1 3 4 6 1 1 0.575422 0
012 5 28 1 3 7 3 0 0 0.648732 0
012 5 29 1 2 4 3 0 0 0.602861 0
012 5 30 1 2 4 3 0 0 0.516850 0
012 5 31 1 2 8 6 1 1 0.541871 0
012 5 32 1 3 6 8 1 1 0.531014 0
012 5 33 1 3 3 2 0 0 0.525586 0
012 5 34 1 3 2 8 1 1 0.517270 0
012 5 35 1 6 4 7 1 1 0.602339 0
012 5 36 1 6 8 7 1 1 0.576535 0
012 5 37 1 6 7 4 0 0 0.703573 0
012 5 38 1 6 3 8 1 1 0.450859 0
012 5 39 1 6 2 6 1 1 1.551495 0
012 5 40 1 2 2 4 0 0 0.578241 0
012 5 41 1 2 3 7 1 1 0.952635 0
012 5 42 1 3 4 3 0 0 0.409730 0
012 5 43 1 3 4 8 1 1 0.487415 0
012 5 44 1 2 2 6 0 1 0.529522 0
012 5 45 1 3 6 4 0 0 0.753250 0
012 5 46 1 3 7 4 0 0 0.500263 0
012 5 47 1 3 7 6 1 1 0.521767 0
012 5 48 1 2 4 8 1 1 0.543898 0
012 5 49 1 6 4 7 1 1 0.702068 0
012 5 50 1 6 4 2 0 0 0.632913 0
012 5 51 1 2 8 4 0 0 0.614517 0
012 5 52 1 3 3 4 0 0 0.519134 0
012 5 53 1 2 4 8 1 1 0.491270 0
012 5 54 1 2 3 4 0 0 0.692251 0
012 5 55 1 6 8 3 0 0 0.798788 0
012 5 56 1 6 2 6 1 1 0.591818 0
012 5 57 1 3 2 6 1 1 0.716897 0
012 5 58 1 2 4 3 0 0 2.368240 0
012 5 59 1 3 2 7 1 1 0.769188 0
012 6 00 1 2 7 4 0 0 2.217948 0
012 6 01 1 6 8 2 0 0 0.861994 0
012 6 02 1 6 7 8 1 1 1.241037 0
012 6 03 1 6 2 8 1 1 2.873868 0
012 6 04 1 6 6 7 1 1 0.530437 0
012 6 05 1 6 7 4 0 0 0.647870 0
012 6 06 1 6 2 4 0 0 0.481408 0
012 6 07 1 2 3 8 1 1 0.421519 0
012 6 08 1 6 8 3 0 0 0.951769 0
012 6 09 1 3 7 2 0 0 0.536757 0
012 6 10 1 2 4 7 1 1 1.490551 0
012 6 11 1 3 8 7 1 1 0.638810 0
012 6 12 1 6 3 7 1 1 0.510460 0
012 6 13 1 6 8 6 1 1 0.690513 0
012 6 14 1 6 7 4 0 0 0.464796 0
012 6 15 1 2 6 4 0 0 0.585749 0
012 6 16 1 3 6 7 1 1 0.551575 0
012 6 17 1 2 8 3 0 0 0.548121 0
012 6 18 1 2 8 4 0 0 0.629926 0
012 6 19 1 6 6 8 1 1 0.619567 0
012 6 20 1 2 6 3 0 0 0.492116 0
012 6 21 1 2 4 7 1 1 0.453899 0
012 6 22 1 2 4 2 0 0 0.723696 0
012 6 23 1 6 7 3 0 0 0.970767 0
012 6 24 1 6 8 2 0 0 0.594336 0
012 6 25 1 2 7 2 0 0 0.453767 0
012 6 26 1 3 3 2 0 0 0.396921 0
012 6 27 1 2 7 2 0 0 0.382094 0
012 6 28 1 6 6 7 1 1 0.596813 0
012 6 29 1 2 6 3 0 0 1.516956 0
012 6 30 1 3 6 3 0 0 4.196588 0
012 6 31 1 3 3 8 1 1 0.722421 0
012 6 32 1 3 6 8 1 1 0.642511 0
012 6 33 1 6 2 4 0 0 0.580227 0
012 6 34 1 2 6 3 0 0 0.576415 0
012 6 35 1 2 4 7 1 1 0.660672 0
012 6 36 1 2 4 6 1 1 0.994073 0
012 6 37 1 6 7 8 1 1 0.395423 0
012 6 38 1 2 4 7 1 1 0.614249 0
012 6 39 1 6 3 2 0 0 0.510994 0
012 6 40 1 3 2 3 0 0 0.645502 0
012 6 41 1 3 3 2 0 0 0.511850 0
012 6 42 1 3 4 3 0 0 0.459779 0
012 6 43 1 6 8 2 0 0 0.646428 0
012 6 44 1 6 3 7 1 1 0.926721 0
012 6 45 1 3 4 6 1 1 1.354500 0
012 6 46 1 3 6 4 0 0 0.599698 0
012 6 47 1 3 4 8 1 1 0.614893 0
012 6 48 1 2 2 4 0 0 1.540764 0
012 6 49 1 2 6 4 0 0 0.699354 0
012 6 50 1 6 6 7 1 1 0.583888 0
012 6 51 1 6 2 7 1 1 0.620952 0
012 6 52 1 6 2 3 0 0 0.950651 0
012 6 53 1 6 8 2 0 0 0.631802 0
012 6 54 1 3 2 4 1 0 0.597288 0
012 6 55 1 6 8 2 0 0 15.855733 0
012 6 56 1 3 4 7 1 1 1.079709 0
012 6 57 1 2 8 6 1 1 1.428291 0
012 6 58 1 3 2 6 1 1 1.180030 0
012 6 59 1 2 7 4 0 0 1.546620 0
012 7 00 1 6 8 7 1 1 0.617303 0
012 7 01 1 2 2 6 1 1 0.563636 0
012 7 02 1 2 6 3 0 0 0.533009 0
012 7 03 1 2 6 3 0 0 0.519533 0
012 7 04 1 6 8 3 0 0 0.535936 0
012 7 05 1 3 2 7 1 1 0.576823 0
012 7 06 1 6 6 4 0 0 0.619891 0
012 7 07 1 2 8 2 0 0 0.577445 0
012 7 08 1 3 4 3 0 0 0.477755 0
012 7 09 1 3 2 8 1 1 0.760637 0
012 7 10 1 2 4 6 1 1 0.941320 0
012 7 11 1 6 6 3 0 0 0.542996 0
012 7 12 1 6 6 8 1 1 0.427151 0
012 7 13 1 6 7 4 0 0 0.416737 0
012 7 14 1 3 4 8 1 1 0.386304 0
012 7 15 1 6 8 4 0 0 0.425514 0
012 7 16 1 6 8 7 1 1 0.584867 0
012 7 17 1 3 6 7 1 1 0.465533 0
012 7 18 1 6 3 8 1 1 0.364053 0
012 7 19 1 6 8 6 1 1 0.768719 0
012 7 20 1 2 8 7 1 1 0.787151 0
012 7 21 1 3 8 7 1 1 0.541825 0
012 7 22 1 2 3 6 1 1 0.599422 0
012 7 23 1 2 4 2 0 0 0.581872 0
012 7 24 1 3 2 7 1 1 0.488020 0
012 7 25 1 3 4 8 1 1 0.523666 0
012 7 26 1 2 6 8 1 1 0.419671 0
012 7 27 1 2 8 3 0 0 0.492426 0
012 7 28 1 3 2 4 0 0 0.648950 0
012 7 29 1 2 8 3 0 0 0.491043 0
012 7 30 1 2 7 6 1 1 0.577011 0
012 7 31 1 3 7 6 1 1 0.551700 0
012 7 32 1 2 4 8 1 1 0.562556 0
012 7 33 1 3 2 3 0 0 0.597479 0
012 7 34 1 2 2 6 0 1 0.590201 0
012 7 35 1 6 7 3 0 0 2.484291 0
012 7 36 1 6 4 6 1 1 1.092400 0
012 7 37 1 3 2 3 0 0 0.566610 0
012 7 38 1 3 3 4 0 0 2.419840 0
012 7 39 1 6 4 3 0 0 2.010498 0
012 7 40 1 6 4 3 0 0 0.599897 0
012 7 41 1 3 8 6 1 1 2.935364 0
012 7 42 1 3 4 7 1 1 0.531178 0
012 7 43 1 6 2 4 0 0 0.679226 0
012 7 44 1 3 7 3 0 0 0.871403 0
012 7 45 1 6 7 3 0 0 0.504024 0
012 7 46 1 6 6 8 1 1 0.509223 0
012 7 47 1 3 8 3 0 0 0.717908 0
012 7 48 1 2 3 7 1 1 0.775656 0
012 7 49 1 6 6 2 0 0 0.560799 0
012 7 50 1 2 2 3 0 0 0.548562 0
012 7 51 1 3 3 6 1 1 0.759293 0
012 7 52 1 3 3 7 1 1 0.495736 0
012 7 53 1 2 2 7 1 1 0.490731 0
012 7 54 1 2 4 8 1 1 0.576650 0
012 7 55 1 2 8 2 0 0 0.509865 0
012 7 56 1 3 8 7 1 1 0.630100 0
012 7 57 1 3 7 6 1 1 0.678244 0
012 7 58 1 6 6 3 0 0 0.700761 0
012 7 59 1 2 7 3 0 0 0.896780 0
012 8 00 1 6 4 2 0 0 0.953982 0
012 8 01 1 6 4 8 1 1 0.621901 0
012 8 02 1 6 3 2 0 0 0.417542 0
012 8 03 1 3 8 7 1 1 0.492631 0
012 8 04 1 2 6 4 0 0 0.641601 0
012 8 05 1 6 6 4 0 0 0.651162 0
012 8 06 1 3 4 8 1 1 0.635349 0
012 8 07 1 2 4 3 0 0 1.265055 0
012 8 08 1 6 8 4 0 0 0.645785 0
012 8 09 1 3 8 6 1 1 0.581189 0
012 8 10 1 2 3 4 0 0 0.586178 0
012 8 11 1 6 3 7 1 1 0.508171 0
012 8 12 1 2 7 3 0 0 0.604767 0
012 8 13 1 3 6 3 0 0 0.584600 0
012 8 14 1 3 7 2 0 0 0.791909 0
012 8 15 1 6 4 7 1 1 0.496788 0
012 8 16 1 2 4 8 1 1 0.559864 0
012 8 17 1 2 2 3 0 0 0.847102 0
012 8 18 1 3 7 8 1 1 0.428642 0
012 8 19 1 3 8 7 1 1 0.766804 0
012 8 20 1 2 2 4 0 0 0.856210 0
012 8 21 1 2 6 7 1 1 0.588513 0
012 8 22 1 3 6 2 0 0 0.691460 0
012 8 23 1 3 6 7 1 1 0.488610 0
012 8 24 1 3 6 7 1 1 0.628524 0
012 8 25 1 2 8 6 1 1 0.509206 0
012 8 26 1 2 6 8 1 1 0.462695 0
012 8 27 1 2 7 6 1 1 0.931709 0
012 8 28 1 6 3 4 0 0 0.575154 0
012 8 29 1 3 8 6 1 1 0.832585 0
012 8 30 1 2 4 3 0 0 0.521942 0
012 8 31 1 3 2 6 1 1 0.518921 0
012 8 32 1 2 8 4 0 0 0.588060 0
012 8 33 1 6 8 6 1 1 0.795643 0
012 8 34 1 6 6 3 0 0 0.672442 0
012 8 35 1 6 6 2 0 0 0.582248 0
012 8 36 1 2 3 8 1 1 0.482813 0
012 8 37 1 2 2 7 1 1 0.724835 0
012 8 38 1 2 8 7 1 1 0.554630 0
012 8 39 1 2 8 7 1 1 0.499796 0
012 8 40 1 6 3 2 0 0 0.453129 0
012 8 41 1 6 7 3 0 0 0.604360 0
012 8 42 1 3 4 3 0 0 0.465438 0
012 8 43 1 3 3 2 0 0 0.452098 0
012 8 44 1 2 3 6 1 1 0.595148 0
012 8 45 1 6 4 2 0 0 0.524618 0
012 8 46 1 6 8 3 0 0 0.748821 0
012 8 47 1 6 2 7 1 1 0.714878 0
012 8 48 1 6 3 8 1 1 0.868439 0
012 8 49 1 6 7 6 1 1 0.618998 0
012 8 50 1 3 2 7 1 1 0.680857 0
012 8 51 1 6 4 6 1 1 0.521258 0
012 8 52 1 3 7 6 1 1 0.539122 0
012 8 53 1 2 2 6 1 1 0.544067 0
012 8 54 1 3 4 2 0 0 0.515784 0
012 8 55 1 2 2 6 1 1 0.493423 0
012 8 56 1 2 7 4 0 0 0.518810 0
012 8 57 1 6 8 6 1 1 0.649886 0
012 8 58 1 3 2 6 1 1 0.565623 0
012 8 59 1 3 7 3 0 0 0.499426 0
012 9 00 0 3 6 2 0 1 2.376899 0
012 9 01 0 2 4 8 1 0 2.057616 0
012 9 02 0 3 8 6 0 1 1.449167 0
012 9 03 0 12 4 8 0 0 1.183049 0
012 9 04 0 12 4 6 0 0 0.618379 0
012 9 05 0 12 2 6 0 0 1.374507 0
012 9 06 0 12 7 3 1 1 0.750162 0
012 9 07 0 12 6 8 1 1 1.184179 0
012 9 08 0 6 8 6 1 1 1.023750 0
012 9 09 0 12 3 2 0 0 0.606922 0
012 9 10 0 6 8 3 0 1 1.688040 0
012 9 11 0 12 3 2 1 0 0.848157 0
012 9 12 0 2 2 4 1 0 1.794411 0
012 9 13 0 3 7 2 1 1 1.562442 0
012 9 14 0 12 3 4 0 0 0.935158 0
012 9 15 0 2 8 3 1 1 1.165053 0
012 9 16 0 12 6 4 1 1 1.063785 0
012 9 17 0 12 6 2 1 1 0.843963 0
012 9 18 0 3 2 4 0 0 1.085132 0
012 9 19 0 6 8 6 1 1 0.936646 0
012 9 20 0 2 3 8 1 0 1.586289 0
012 9 21 0 6 7 4 1 1 1.098802 0
012 9 22 0 2 8 3 1 1 0.995236 0
012 9 23 0 12 3 6 0 0 1.214769 0
012 9 24 0 2 4 6 1 0 1.468856 0
012 9 25 0 6 3 8 0 0 1.608279 0
012 9 26 0 3 7 6 1 1 0.847262 0
012 9 27 0 12 2 3 0 0 0.698054 0
012 9 28 0 3 6 2 1 1 1.433039 0
012 9 29 0 6 3 8 1 0 0.732000 0
012 9 30 0 2 3 4 0 0 1.696963 0
012 9 31 0 2 6 4 0 1 2.009958 0
012 9 32 0 12 3 4 0 0 1.047726 0
012 9 33 0 12 4 6 0 0 1.494721 0
012 9 34 0 3 8 6 1 1 0.664254 0
012 9 35 0 3 6 8 1 1 1.887969 0
012 9 36 0 2 3 2 1 0 1.455149 0
012 9 37 0 2 4 3 0 0 1.260471 0
012 9 38 0 6 3 4 0 0 1.601146 0
012 9 39 0 6 7 8 1 1 0.691951 0
012 9 40 0 3 3 7 1 0 1.257089 0
012 9 41 0 6 3 7 0 0 0.982730 0
012 9 42 0 3 4 6 0 0 1.242819 0
012 9 43 0 12 6 4 1 1 0.801036 0
012 9 44 0 2 4 6 0 0 1.359055 0
012 9 45 0 12 6 7 1 1 1.935914 0
012 9 46 0 2 2 6 0 0 1.460591 0
012 9 47 0 2 2 8 1 0 1.837644 0
012 9 48 0 3 2 3 0 0 0.906209 0
012 9 49 0 6 4 3 0 0 0.897769 0
012 9 50 0 12 2 7 0 0 1.078183 0
012 9 51 0 6 6 2 1 1 0.993703 0
012 9 52 0 12 7 4 1 1 1.756564 0
012 9 53 0 12 2 8 0 0 0.946017 0
012 9 54 0 6 7 4 1 1 0.978477 0
012 9 55 0 6 2 4 0 0 0.823862 0
012 9 56 0 2 2 4 1 0 1.341199 0
012 9 57 0 2 7 8 1 1 1.313326 0
012 9 58 0 2 3 7 1 0 1.030848 0
012 9 59 0 3 4 8 0 0 0.842523 0
012 10 00 0 12 2 7 0 0 1.179048 0
012 10 01 0 12 2 8 0 0 0.875374 0
012 10 02 0 2 2 8 1 0 0.977319 0
012 10 03 0 2 2 4 1 0 1.434319 0
012 10 04 0 2 4 8 0 0 1.412349 0
012 10 05 0 12 8 4 1 1 1.264840 0
012 10 06 0 3 2 4 0 0 1.699309 0
012 10 07 0 3 2 7 0 0 1.450564 0
012 10 08 0 12 4 2 0 0 1.607252 0
012 10 09 0 3 4 2 1 0 3.337060 0
012 10 10 0 3 7 4 0 1 5.457757 0
012 10 11 0 12 2 3 0 0 1.378623 0
012 10 12 0 6 3 4 0 0 1.275914 0
012 10 13 0 12 8 6 1 1 0.835690 0
012 10 14 0 6 8 2 1 1 0.841377 0
012 10 15 0 6 7 2 1 1 0.726534 0
012 10 16 0 6 4 6 0 0 0.594084 0
012 10 17 0 3 2 7 0 0 1.091633 0
012 10 18 0 12 2 3 0 0 1.389560 0
012 10 19 0 2 3 2 1 0 1.004806 0
012 10 20 0 3 6 4 0 1 2.483372 0
012 10 21 0 12 2 6 0 0 2.412289 0
012 10 22 0 6 3 6 0 0 1.459622 0
012 10 23 0 12 4 7 0 0 0.861231 0
012 10 24 0 3 2 3 1 0 3.264627 0
012 10 25 0 2 6 4 1 1 1.433782 0
012 10 26 0 12 2 6 0 0 0.671045 0
012 10 27 0 12 6 2 1 1 1.621865 0
012 10 28 0 2 3 2 1 0 1.258879 0
012 10 29 0 12 8 3 1 1 1.162779 0
012 10 30 0 2 2 6 1 0 1.829203 0
012 10 31 0 2 2 3 1 0 1.244253 0
012 10 32 0 12 6 7 0 1 1.592377 0
012 10 33 0 3 7 3 1 1 2.270936 0
012 10 34 0 6 2 8 0 0 1.350143 0
012 10 35 0 12 3 2 0 0 1.888903 0
012 10 36 0 12 6 7 1 1 3.298383 0
012 10 37 0 12 2 7 0 0 1.490720 0
012 10 38 0 2 4 7 1 0 1.359691 0
012 10 39 0 2 6 4 1 1 1.671001 0
012 10 40 0 2 8 3 0 1 1.655611 0
012 10 41 0 6 2 6 0 0 1.008776 0
012 10 42 0 12 7 6 1 1 1.794326 0
012 10 43 0 12 7 8 1 1 2.015195 0
012 10 44 0 12 8 2 1 1 1.985873 0
012 10 45 0 6 4 8 1 0 1.711083 0
012 10 46 0 12 7 4 1 1 1.473871 0
012 10 47 0 2 4 8 0 0 1.670794 0
012 10 48 0 12 6 8 1 1 2.048851 0
012 10 49 0 2 4 2 0 0 2.385559 0
012 10 50 0 6 8 6 1 1 0.942322 0
012 10 51 0 6 6 2 1 1 1.583159 0
012 10 52 0 2 7 6 1 1 2.578010 0
012 10 53 0 12 4 7 0 0 1.584126 0
012 10 54 0 2 4 6 0 0 1.197193 0
012 10 55 0 12 4 7 0 0 1.587463 0
012 10 56 0 3 6 4 1 1 1.101295 0
012 10 57 0 2 6 7 0 1 1.408334 0
012 10 58 0 12 7 8 1 1 2.648390 0
012 10 59 0 12 6 3 1 1 1.678253 0
012 11 00 0 6 2 7 0 0 1.947203 0
012 11 01 0 6 6 3 0 1 0.879853 0
012 11 02 0 12 3 4 1 0 1.141889 0
012 11 03 0 6 4 3 0 0 1.190202 0
012 11 04 0 6 8 4 1 1 1.068286 0
012 11 05 0 3 7 4 1 1 0.878967 0
012 11 06 0 3 6 7 0 1 0.911962 0
012 11 07 0 12 2 4 0 0 0.798264 0
012 11 08 0 12 3 4 0 0 1.539402 0
012 11 09 0 12 7 3 1 1 1.023073 0
012 11 10 0 6 2 6 0 0 1.717921 0
012 11 11 0 12 7 4 1 1 0.878452 0
012 11 12 0 3 4 3 1 0 2.154245 0
012 11 13 0 2 8 2 1 1 1.407557 0
012 11 14 0 6 4 2 0 0 1.255262 0
012 11 15 0 12 4 7 0 0 1.132424 0
012 11 16 0 3 8 4 1 1 1.136353 0
012 11 17 0 12 2 3 0 0 1.093762 0
012 11 18 0 3 3 2 1 0 1.667309 0
012 11 19 0 12 7 3 1 1 1.631731 0
012 11 20 0 12 6 7 0 1 1.116146 0
012 11 21 0 12 8 3 1 1 1.282719 0
012 11 22 0 2 3 8 0 0 1.472751 0
012 11 23 0 3 3 6 1 0 1.405398 0
012 11 24 0 12 4 3 0 0 1.373255 0
012 11 25 0 2 6 8 0 1 2.044811 0
012 11 26 0 12 8 6 1 1 1.754878 0
012 11 27 0 6 8 4 0 1 1.755090 0
012 11 28 0 2 7 4 0 1 2.649013 0
012 11 29 0 12 7 6 1 1 1.568713 0
012 11 30 0 6 2 7 0 0 0.991616 0
012 11 31 0 6 3 8 0 0 0.893661 0
012 11 32 0 12 8 2 1 1 1.935061 0
012 11 33 0 12 8 4 1 1 1.860122 0
012 11 34 0 12 6 2 1 1 1.429980 0
012 11 35 0 12 2 4 0 0 2.225986 0
012 11 36 0 2 7 8 1 1 0.722263 0
012 11 37 0 6 4 2 1 0 2.802348 0
012 11 38 0 12 8 4 1 1 0.938181 0
012 11 39 0 2 2 7 0 0 0.825338 0
012 11 40 0 6 8 3 1 1 1.160877 0
012 11 41 0 6 2 4 0 0 0.873963 0
012 11 42 0 12 4 7 0 0 2.110731 0
012 11 43 0 12 7 3 0 1 2.236866 0
012 11 44 0 3 4 2 1 0 2.748352 0
012 11 45 0 12 2 7 0 0 1.367683 0
012 11 46 0 12 2 3 0 0 1.766378 0
012 11 47 0 2 7 4 1 1 1.349302 0
012 11 48 0 12 8 6 1 1 1.679700 0
012 11 49 0 12 6 8 1 1 1.043646 0
012 11 50 0 3 6 7 1 1 1.411908 0
012 11 51 0 2 6 2 1 1 1.180839 0
012 11 52 0 12 3 6 0 0 1.595438 0
012 11 53 0 2 6 3 0 1 0.933242 0
012 11 54 0 2 4 7 1 0 2.468831 0
012 11 55 0 12 6 7 0 1 2.064155 0
012 11 56 0 6 2 7 1 0 1.757930 0
012 11 57 0 6 3 6 0 0 1.547933 0
012 11 58 0 3 8 4 1 1 1.006349 0
012 11 59 0 3 7 3 0 1 1.346359 0
012 12 00 0 12 7 4 1 1 1.623535 0
012 12 01 0 6 7 6 1 1 0.726730 0
012 12 02 0 3 8 7 0 1 0.786207 0
012 12 03 0 6 8 3 1 1 0.864096 0
012 12 04 0 12 8 3 0 1 0.147683 0
012 12 05 0 12 7 2 1 1 2.302260 0
012 12 06 0 12 8 3 1 1 1.785596 0
012 12 07 0 12 6 7 1 1 1.613978 0
012 12 08 0 2 2 7 0 0 3.066460 0
012 12 09 0 2 6 3 1 1 1.130742 0
012 12 10 0 6 7 6 0 1 1.528473 0
012 12 11 0 3 2 6 0 0 1.706701 0
012 12 12 0 3 4 3 0 0 1.221588 0
012 12 13 0 6 6 7 0 1 1.146076 0
012 12 14 0 6 7 8 1 1 0.627101 0
012 12 15 0 2 3 7 1 0 0.872572 0
012 12 16 0 3 3 2 0 0 0.730724 0
012 12 17 0 6 3 2 1 0 0.907777 0
012 12 18 0 12 2 3 0 0 2.132011 0
012 12 19 0 12 2 8 1 0 0.762709 0
012 12 20 0 12 6 3 0 1 0.782836 0
012 12 21 0 2 3 6 1 0 1.152427 0
012 12 22 0 12 8 7 0 1 0.494955 0
012 12 23 0 3 3 8 0 0 0.870232 0
012 12 24 0 6 8 2 1 1 1.369052 0
012 12 25 0 12 2 8 0 0 1.446553 0
012 12 26 0 3 8 3 0 1 5.482102 0
012 12 27 0 3 3 6 1 0 2.787255 0
012 12 28 0 12 6 8 1 1 0.794427 0
012 12 29 0 3 8 7 0 1 0.990465 0
012 12 30 0 2 8 6 1 1 1.060561 0
012 12 31 0 3 8 3 0 1 1.326437 0
012 12 32 0 2 7 2 1 1 0.597513 0
012 12 33 0 3 3 4 0 0 0.982594 0
012 12 34 0 12 2 6 1 0 1.002317 0
012 12 35 0 3 6 3 1 1 1.032836 0
012 12 36 0 6 6 2 1 1 1.488272 0
012 12 37 0 12 8 4 1 1 1.699561 0
012 12 38 0 3 2 8 0 0 0.902349 0
012 12 39 0 12 7 8 1 1 1.263019 0
012 12 40 0 12 8 3 0 1 0.884273 0
012 12 41 0 12 4 8 1 0 0.899745 0
012 12 42 0 2 8 6 0 1 2.444057 0
012 12 43 0 2 7 6 0 1 1.002947 0
012 12 44 0 6 6 8 1 1 1.710959 0
012 12 45 0 12 2 6 0 0 0.862576 0
012 12 46 0 12 4 2 0 0 1.177010 0
012 12 47 0 12 3 8 0 0 1.693546 0
012 12 48 0 3 7 4 1 1 2.180373 0
012 12 49 0 6 2 3 0 0 0.994754 0
012 12 50 0 12 7 4 1 1 0.959787 0
012 12 51 0 3 7 8 1 1 2.277959 0
012 12 52 0 6 3 6 0 0 0.808709 0
012 12 53 0 2 4 2 1 0 1.446250 0
012 12 54 0 3 8 2 0 1 2.229005 0
012 12 55 0 2 8 4 1 1 1.723529 0
012 12 56 0 6 4 7 0 0 2.714240 0
012 12 57 0 12 3 6 0 0 1.907461 0
012 12 58 0 2 4 7 1 0 3.738017 0
012 12 59 0 12 6 4 1 1 1.757932 0
