010 0 00 1 6 8 2 0 0 7.190826 0
010 0 01 1 1 7 4 0 0 2.341125 0
010 0 02 1 3 8 2 0 0 2.671938 0
010 0 03 1 1 8 6 1 1 1.621127 0
010 0 04 1 6 3 8 1 1 1.418480 0
010 0 05 1 1 2 6 1 1 1.426584 0
010 0 06 1 3 3 7 1 1 0.741676 0
010 0 07 1 3 4 8 1 1 0.748848 0
010 0 08 1 6 3 4 0 0 1.702397 0
010 0 09 1 1 8 6 1 1 1.116409 0
010 0 10 1 1 4 2 0 0 0.624971 0
010 0 11 1 6 4 8 1 1 0.665619 0
010 0 12 1 6 4 2 0 0 0.835556 0
010 0 13 1 1 2 3 0 0 1.239603 0
010 0 14 1 3 3 7 1 1 1.064168 0
010 0 15 1 6 4 7 1 1 0.977270 0
010 0 16 1 1 4 6 1 1 1.059869 0
010 0 17 1 6 6 7 1 1 1.419601 0
010 0 18 1 3 8 7 1 1 1.563888 0
010 0 19 1 3 7 4 0 0 0.623507 0
010 0 20 1 6 3 2 0 0 0.801731 0
010 0 21 1 6 7 6 1 1 1.046811 0
010 0 22 1 6 7 2 0 0 0.761112 0
010 0 23 1 6 3 8 1 1 0.738683 0
010 0 24 1 6 3 6 1 1 1.255298 0
010 0 25 1 6 7 8 1 1 0.791683 0
010 0 26 1 3 2 7 1 1 0.667790 0
010 0 27 1 1 6 3 0 0 0.852146 0
010 0 28 1 3 8 2 0 0 0.828061 0
010 0 29 1 3 6 3 0 0 0.904194 0
010 0 30 1 3 7 3 0 0 0.629988 0
010 0 31 1 1 4 2 0 0 0.905942 0
010 0 32 1 3 3 4 0 0 0.881638 0
010 0 33 1 1 4 3 0 0 0.711133 0
010 0 34 1 1 3 4 0 0 0.786162 0
010 0 35 1 3 4 2 0 0 0.822233 0
010 0 36 1 3 7 2 0 0 0.780553 0
010 0 37 1 6 2 7 1 1 1.167495 0
010 0 38 1 6 4 8 1 1 0.947373 0
010 0 39 1 6 7 6 1 1 0.669026 0
010 0 40 1 6 3 4 0 0 0.813944 0
010 0 41 1 1 8 3 0 0 0.841989 0
010 0 42 1 3 3 8 1 1 0.612420 0
010 0 43 1 1 2 6 1 1 0.795856 0
010 0 44 1 6 8 7 1 1 1.248640 0
010 0 45 1 1 8 7 1 1 0.725877 0
010 0 46 1 6 2 4 0 0 0.790079 0
010 0 47 1 6 6 8 1 1 1.618215 0
010 0 48 1 1 6 7 1 1 1.207669 0
010 0 49 1 6 2 7 1 1 0.728749 0
010 0 50 1 1 3 4 0 0 0.741253 0
010 0 51 1 6 2 6 1 1 0.678772 0
010 0 52 1 6 3 8 1 1 1.067818 0
010 0 53 1 1 8 2 0 0 0.686360 0
010 0 54 1 3 8 4 0 0 0.811241 0
010 0 55 1 1 4 8 1 1 0.852851 0
010 0 56 1 3 4 8 1 1 1.139445 0
010 0 57 1 1 3 2 0 0 0.847907 0
010 0 58 1 6 8 4 0 0 1.315220 0
010 0 59 1 1 2 4 0 0 0.758650 0
010 1 00 1 6 6 3 0 0 0.899929 0
010 1 01 1 1 6 2 0 0 0.706583 0
010 1 02 1 1 4 8 1 1 1.137857 0
010 1 03 1 3 6 4 0 0 1.430773 0
010 1 04 1 1 4 3 0 0 1.287856 0
010 1 05 1 3 7 8 1 1 0.554600 0
010 1 06 1 6 4 6 1 1 0.580203 0
010 1 07 1 6 4 3 0 0 0.934350 0
010 1 08 1 1 4 2 0 0 0.716602 0
010 1 09 1 6 8 2 0 0 0.628528 0
010 1 10 1 1 7 8 1 1 0.702271 0
010 1 11 1 1 3 2 0 0 0.704287 0
010 1 12 1 3 8 6 1 1 0.630209 0
010 1 13 1 6 4 6 1 1 0.788522 0
010 1 14 1 6 6 8 1 1 0.575758 0
010 1 15 1 1 4 7 1 1 0.882380 0
010 1 16 1 1 6 4 0 0 0.686434 0
010 1 17 1 6 2 7 1 1 0.668767 0
010 1 18 1 1 2 7 1 1 0.950709 0
010 1 19 1 6 7 4 0 0 1.059473 0
010 1 20 1 6 6 2 0 0 0.730967 0
010 1 21 1 1 4 8 1 1 0.693983 0
010 1 22 1 3 2 8 1 1 0.608810 0
010 1 23 1 6 6 2 0 0 0.703418 0
010 1 24 1 1 3 6 1 1 0.718294 0
010 1 25 1 1 7 8 1 1 0.599123 0
010 1 26 1 3 6 7 1 1 0.737707 0
010 1 27 1 1 7 3 0 0 0.863499 0
010 1 28 1 6 3 8 1 1 0.633738 0
010 1 29 1 6 8 2 0 0 0.761755 0
010 1 30 1 3 4 7 1 1 1.496377 0
010 1 31 1 6 6 7 1 1 0.642651 0
010 1 32 1 6 2 8 1 1 0.763354 0
010 1 33 1 6 3 2 0 0 0.713590 0
010 1 34 1 6 4 2 0 0 0.594741 0
010 1 35 1 1 2 3 0 0 0.733896 0
010 1 36 1 1 2 4 0 0 1.702605 0
010 1 37 1 1 3 2 0 0 0.625122 0
010 1 38 1 1 8 3 0 0 0.595202 0
010 1 39 1 6 7 4 0 0 0.778783 0
010 1 40 1 6 2 8 1 1 0.641337 0
010 1 41 1 6 7 8 1 1 0.490874 0
010 1 42 1 6 4 8 1 1 0.608600 0
010 1 43 1 1 3 4 0 0 0.951592 0
010 1 44 1 1 2 7 1 1 0.674944 0
010 1 45 1 6 6 4 0 0 0.749977 0
010 1 46 1 3 7 3 0 0 0.684980 0
010 1 47 1 6 8 6 1 1 0.912369 0
010 1 48 1 1 2 4 0 0 0.700222 0
010 1 49 1 6 7 4 0 0 0.809352 0
010 1 50 1 6 7 3 0 0 0.731700 0
010 1 51 1 3 6 4 0 0 0.565965 0
010 1 52 1 3 2 3 0 0 0.660077 0
010 1 53 1 1 6 2 0 0 0.859029 0
010 1 54 1 6 6 2 0 0 0.726367 0
010 1 55 1 1 4 6 1 1 1.144913 0
010 1 56 1 3 2 3 0 0 0.747847 0
010 1 57 1 3 7 3 0 0 1.054203 0
010 1 58 1 3 4 3 0 0 0.651560 0
010 1 59 1 6 2 3 0 0 0.484368 0
010 2 00 1 6 2 6 1 1 0.846206 0
010 2 01 1 1 6 2 0 0 0.725812 0
010 2 02 1 3 4 6 1 1 1.186241 0
010 2 03 1 3 8 2 0 0 0.710383 0
010 2 04 1 6 6 3 0 0 1.190332 0
010 2 05 1 1 4 7 1 1 1.056570 0
010 2 06 1 3 3 7 1 1 0.606961 0
010 2 07 1 6 7 2 0 0 0.689850 0
010 2 08 1 3 6 3 0 0 0.781331 0
010 2 09 1 6 4 2 0 0 0.601781 0
010 2 10 1 1 3 4 0 0 0.760041 0
010 2 11 1 3 4 3 0 0 0.616824 0
010 2 12 1 1 4 8 1 1 0.715797 0
010 2 13 1 6 8 4 0 0 1.018194 0
010 2 14 1 6 6 3 0 0 1.079914 0
010 2 15 1 3 3 8 1 1 0.776666 0
010 2 16 1 6 2 6 1 1 0.911751 0
010 2 17 1 3 3 6 1 1 0.674334 0
010 2 18 1 1 2 3 0 0 0.574488 0
010 2 19 1 1 8 2 0 0 0.664943 0
010 2 20 1 3 7 4 0 0 0.894095 0
010 2 21 1 3 2 7 1 1 0.724535 0
010 2 22 1 6 2 3 0 0 0.679039 0
010 2 23 1 3 4 7 1 1 0.593462 0
010 2 24 1 1 7 8 1 1 0.577073 0
010 2 25 1 6 8 3 0 0 0.701649 0
010 2 26 1 3 7 6 1 1 0.950604 0
010 2 27 1 3 3 4 0 0 0.612799 0
010 2 28 1 3 3 4 0 0 0.577591 0
010 2 29 1 6 6 2 0 0 0.586893 0
010 2 30 1 6 2 4 0 0 0.545903 0
010 2 31 1 6 7 4 0 0 0.557519 0
010 2 32 1 1 2 8 1 1 0.596766 0
010 2 33 1 1 8 2 0 0 0.667223 0
010 2 34 1 3 4 7 1 1 0.876334 0
010 2 35 1 3 4 7 1 1 0.503644 0
010 2 36 1 6 3 2 0 0 0.565373 0
010 2 37 1 6 6 3 0 0 0.677978 0
010 2 38 1 1 6 3 0 0 0.603431 0
010 2 39 1 3 8 4 0 0 0.609797 0
010 2 40 1 1 2 7 1 1 0.691995 0
010 2 41 1 6 6 4 0 0 1.123760 0
010 2 42 1 6 7 2 0 0 0.680920 0
010 2 43 1 1 3 2 0 0 0.544018 0
010 2 44 1 3 8 4 0 0 0.634102 0
010 2 45 1 6 4 6 1 1 0.542891 0
010 2 46 1 3 4 3 0 0 0.649313 0
010 2 47 1 3 8 6 1 1 0.608078 0
010 2 48 1 3 2 4 0 0 0.645172 0
010 2 49 1 3 2 6 1 1 0.604376 0
010 2 50 1 1 2 8 1 1 0.713831 0
010 2 51 1 3 8 2 0 0 0.541094 0
010 2 52 1 3 6 3 0 0 0.651257 0
010 2 53 1 1 8 6 1 1 0.728745 0
010 2 54 1 6 2 4 0 0 0.809995 0
010 2 55 1 6 2 8 1 1 0.796205 0
010 2 56 1 1 6 7 1 1 1.200302 0
010 2 57 1 3 4 8 1 1 0.827738 0
010 2 58 1 6 6 8 1 1 0.634499 0
010 2 59 1 6 8 6 1 1 0.554045 0
010 3 00 1 6 4 2 0 0 1.182394 0
010 3 01 1 3 4 2 0 0 0.599181 0
010 3 02 1 3 4 2 0 0 0.585895 0
010 3 03 1 3 4 3 0 0 1.199093 0
010 3 04 1 6 7 2 0 0 0.596755 0
010 3 05 1 1 3 8 1 1 0.813716 0
010 3 06 1 1 8 4 0 0 0.836188 0
010 3 07 1 1 6 8 1 1 0.780592 0
010 3 08 1 3 2 4 0 0 0.704943 0
010 3 09 1 3 8 4 0 0 0.777292 0
010 3 10 1 3 2 6 1 1 1.027347 0
010 3 11 1 3 8 7 1 1 0.832842 0
010 3 12 1 3 2 4 0 0 0.892017 0
010 3 13 1 3 8 7 1 1 1.126605 0
010 3 14 1 3 3 4 0 0 0.602409 0
010 3 15 1 1 6 2 0 0 1.721067 0
010 3 16 1 3 4 6 1 1 0.958969 0
010 3 17 1 6 7 2 0 0 0.888330 0
010 3 18 1 1 3 6 1 1 0.706639 0
010 3 19 1 1 6 3 0 0 1.185930 0
010 3 20 1 1 8 2 0 0 0.603262 0
010 3 21 1 1 8 7 1 1 0.910202 0
010 3 22 1 1 8 3 0 0 1.099558 0
010 3 23 1 3 2 8 1 1 0.925779 0
010 3 24 1 6 6 2 0 0 0.787073 0
010 3 25 1 3 2 3 0 0 1.230847 0
010 3 26 1 3 4 2 0 0 0.612154 0
010 3 27 1 1 8 4 0 0 0.655795 0
010 3 28 1 1 4 6 1 1 0.676628 0
010 3 29 1 3 7 4 0 0 0.720519 0
010 3 30 1 3 8 7 1 1 1.126769 0
010 3 31 1 1 8 3 0 0 0.796122 0
010 3 32 1 3 4 3 0 0 0.875112 0
010 3 33 1 3 2 6 1 1 0.862452 0
010 3 34 1 6 3 2 0 0 0.602733 0
010 3 35 1 6 4 6 1 1 0.930117 0
010 3 36 1 3 2 4 0 0 0.679120 0
010 3 37 1 6 6 4 0 0 0.706599 0
010 3 38 1 3 7 6 1 1 0.750890 0
010 3 39 1 1 4 6 1 1 1.101580 0
010 3 40 1 1 3 8 1 1 0.567807 0
010 3 41 1 1 3 7 1 1 1.056946 0
010 3 42 1 1 3 2 0 0 0.824166 0
010 3 43 1 6 7 8 1 1 1.224342 0
010 3 44 1 3 2 7 1 1 0.723395 0
010 3 45 1 3 3 8 1 1 0.725292 0
010 3 46 1 6 7 4 0 0 0.651981 0
010 3 47 1 3 6 3 0 0 0.712369 0
010 3 48 1 6 2 7 1 1 0.743257 0
010 3 49 1 3 4 8 1 1 1.206221 0
010 3 50 1 1 2 6 1 1 0.932162 0
010 3 51 1 1 6 3 0 0 0.618677 0
010 3 52 1 6 3 4 0 0 1.718478 0
010 3 53 1 1 6 2 0 0 0.647156 0
010 3 54 1 6 6 7 1 1 0.833982 0
010 3 55 1 3 3 4 0 0 0.823681 0
010 3 56 1 6 7 3 0 0 0.720027 0
010 3 57 1 6 3 2 0 0 0.509094 0
010 3 58 1 6 7 8 1 1 0.514902 0
010 3 59 1 1 7 2 0 0 0.539659 0
010 4 00 1 1 7 2 0 0 0.958001 0
010 4 01 1 3 6 7 1 1 0.808054 0
010 4 02 1 6 6 2 0 0 0.712545 0
010 4 03 1 6 4 3 0 0 0.880773 0
010 4 04 1 6 8 3 0 0 0.626679 0
010 4 05 1 3 3 2 0 0 0.720961 0
010 4 06 1 3 6 2 0 0 0.608086 0
010 4 07 1 3 7 3 0 0 0.645454 0
010 4 08 1 3 6 3 0 0 0.455413 0
010 4 09 1 6 7 6 1 1 0.530649 0
010 4 10 1 1 4 3 0 0 1.011357 0
010 4 11 1 6 2 4 0 0 0.674094 0
010 4 12 1 6 4 8 1 1 1.585718 0
010 4 13 1 1 3 2 0 0 1.099982 0
010 4 14 1 6 6 4 0 0 0.792043 0
010 4 15 1 3 7 2 0 0 0.677083 0
010 4 16 1 6 3 8 1 1 0.689797 0
010 4 17 1 3 7 3 0 0 0.946857 0
010 4 18 1 3 7 4 0 0 0.774879 0
010 4 19 1 3 6 4 0 0 0.651004 0
010 4 20 1 6 4 8 1 1 0.565895 0
010 4 21 1 3 3 6 1 1 0.731830 0
010 4 22 1 3 8 2 0 0 0.565374 0
010 4 23 1 1 8 3 0 0 0.911054 0
010 4 24 1 6 3 6 0 1 1.039246 0
010 4 25 1 1 7 8 1 1 -1.000000 0
010 4 26 1 1 2 8 1 1 0.975383 0
010 4 27 1 3 4 6 1 1 2.139294 0
010 4 28 1 6 4 7 1 1 1.466024 0
010 4 29 1 1 4 3 0 0 1.522548 0
010 4 30 1 3 8 3 0 0 0.831246 0
010 4 31 1 3 8 6 1 1 0.837994 0
010 4 32 1 6 2 3 0 0 0.875418 0
010 4 33 1 6 3 6 1 1 1.233932 0
010 4 34 1 1 3 8 1 1 0.710512 0
010 4 35 1 3 7 3 0 0 1.487551 0
010 4 36 1 1 8 6 1 1 0.953484 0
010 4 37 1 3 2 8 1 1 0.949241 0
010 4 38 1 6 2 4 0 0 0.829942 0
010 4 39 1 3 4 6 1 1 0.915162 0
010 4 40 1 6 4 3 0 0 0.548442 0
010 4 41 1 1 8 4 0 0 1.166720 0
010 4 42 1 1 7 3 0 0 0.988319 0
010 4 43 1 6 7 6 1 1 0.799830 0
010 4 44 1 3 3 7 1 1 0.869946 0
010 4 45 1 6 2 6 1 1 0.697094 0
010 4 46 1 6 7 8 1 1 0.813534 0
010 4 47 1 3 6 4 0 0 0.633279 0
010 4 48 1 6 4 8 1 1 0.783054 0
010 4 49 1 1 4 8 1 1 0.678450 0
010 4 50 1 1 2 8 1 1 0.595284 0
010 4 51 1 6 6 8 1 1 0.486525 0
010 4 52 1 3 8 3 0 0 0.603525 0
010 4 53 1 3 6 2 0 0 0.665662 0
010 4 54 1 1 3 7 1 1 0.692178 0
010 4 55 1 6 2 3 0 0 0.870589 0
010 4 56 1 1 7 6 1 1 0.570719 0
010 4 57 1 1 8 4 0 0 0.994666 0
010 4 58 1 6 4 3 0 0 1.081445 0
010 4 59 1 3 8 6 1 1 0.750221 0
010 5 00 1 3 6 2 0 0 0.691997 0
010 5 01 1 3 6 4 0 0 0.829040 0
010 5 02 1 6 2 7 1 1 0.689022 0
010 5 03 1 1 7 6 1 1 2.044341 0
010 5 04 1 6 8 7 1 1 0.937018 0
010 5 05 1 6 3 7 1 1 0.905350 0
010 5 06 1 3 6 8 1 1 0.774650 0
010 5 07 1 6 8 6 1 1 0.830701 0
010 5 08 1 1 6 8 1 1 0.676413 0
010 5 09 1 6 2 6 1 1 0.726061 0
010 5 10 1 1 3 7 1 1 0.842663 0
010 5 11 1 6 6 3 0 0 0.601769 0
010 5 12 1 6 3 7 1 1 0.600647 0
010 5 13 1 3 3 2 0 0 0.657482 0
010 5 14 1 3 2 3 0 0 1.021192 0
010 5 15 1 1 4 3 0 0 1.259311 0
010 5 16 1 1 2 7 1 1 0.753277 0
010 5 17 1 1 7 4 0 0 0.704431 0
010 5 18 1 6 4 7 1 1 1.759763 0
010 5 19 1 1 2 4 0 0 0.865191 0
010 5 20 1 1 7 2 0 0 0.731186 0
010 5 21 1 3 6 7 1 1 1.188840 0
010 5 22 1 6 8 2 0 0 0.988368 0
010 5 23 1 3 7 4 0 0 0.964782 0
010 5 24 1 1 8 4 0 0 0.711086 0
010 5 25 1 3 3 7 1 1 1.432706 0
010 5 26 1 1 4 7 1 1 1.312871 0
010 5 27 1 3 6 4 0 0 0.865952 0
010 5 28 1 6 4 6 1 1 0.900883 0
010 5 29 1 3 2 6 1 1 0.522984 0
010 5 30 1 1 4 7 1 1 0.943796 0
010 5 31 1 1 3 4 0 0 0.823464 0
010 5 32 1 6 3 2 0 0 0.809980 0
010 5 33 1 1 3 4 0 0 1.083374 0
010 5 34 1 1 7 4 0 0 0.603574 0
010 5 35 1 3 8 6 1 1 0.706194 0
010 5 36 1 1 7 6 1 1 2.025025 0
010 5 37 1 1 6 3 0 0 0.914483 0
010 5 38 1 6 2 7 1 1 1.357105 0
010 5 39 1 1 3 8 1 1 1.254203 0
010 5 40 1 1 7 6 1 1 0.991953 0
010 5 41 1 1 6 4 0 0 0.813929 0
010 5 42 1 1 6 8 1 1 0.721566 0
010 5 43 1 3 2 4 0 0 0.596710 0
010 5 44 1 1 2 7 1 1 0.799256 0
010 5 45 1 6 2 8 1 1 0.613783 0
010 5 46 1 1 4 7 1 1 0.645354 0
010 5 47 1 3 8 3 0 0 1.051128 0
010 5 48 1 1 2 8 1 1 0.734207 0
010 5 49 1 3 8 4 0 0 0.826358 0
010 5 50 1 6 6 7 1 1 0.597016 0
010 5 51 1 6 4 7 1 1 0.628291 0
010 5 52 1 3 2 6 1 1 0.722170 0
010 5 53 1 3 7 8 1 1 0.454310 0
010 5 54 1 6 3 4 0 0 0.719907 0
010 5 55 1 3 6 8 1 1 0.595600 0
010 5 56 1 6 3 6 1 1 0.672045 0
010 5 57 1 6 6 8 1 1 0.591826 0
010 5 58 1 3 2 7 1 1 0.780299 0
010 5 59 1 3 4 3 0 0 1.021398 0
010 6 00 1 3 6 7 1 1 1.569004 0
010 6 01 1 6 6 4 0 0 1.588651 0
010 6 02 1 6 3 4 0 0 0.654116 0
010 6 03 1 3 6 2 0 0 0.573896 0
010 6 04 1 3 7 2 0 0 0.975662 0
010 6 05 1 6 7 6 1 1 0.585135 0
010 6 06 1 1 8 3 0 0 0.630503 0
010 6 07 1 3 7 2 0 0 0.569547 0
010 6 08 1 6 3 7 1 1 2.103653 0
010 6 09 1 3 6 7 1 1 0.567465 0
010 6 10 1 1 3 6 1 1 0.795044 0
010 6 11 1 1 8 6 1 1 0.614960 0
010 6 12 1 3 7 2 0 0 0.762198 0
010 6 13 1 1 4 8 1 1 0.531743 0
010 6 14 1 1 6 8 1 1 0.480886 0
010 6 15 1 1 8 7 1 1 0.668279 0
010 6 16 1 6 7 2 0 0 0.571925 0
010 6 17 1 1 7 4 0 0 1.022367 0
010 6 18 1 1 3 8 1 1 1.356424 0
010 6 19 1 3 2 8 1 1 0.635452 0
010 6 20 1 6 2 4 0 0 1.392169 0
010 6 21 1 1 7 2 0 0 0.584082 0
010 6 22 1 1 6 4 0 0 0.589460 0
010 6 23 1 6 8 4 0 0 0.657624 0
010 6 24 1 6 8 6 1 1 0.841311 0
010 6 25 1 6 7 3 0 0 0.715117 0
010 6 26 1 6 8 6 1 1 1.315114 0
010 6 27 1 6 3 4 0 0 1.407694 0
010 6 28 1 6 8 7 1 1 1.254356 0
010 6 29 1 1 7 8 1 1 1.104789 0
010 6 30 1 3 8 2 0 0 0.642561 0
010 6 31 1 6 6 7 1 1 0.778656 0
010 6 32 1 3 7 8 1 1 0.539759 0
010 6 33 1 3 6 2 0 0 0.664094 0
010 6 34 1 1 6 7 1 1 0.685640 0
010 6 35 1 3 4 8 1 1 0.608748 0
010 6 36 1 1 7 6 1 1 0.654364 0
010 6 37 1 1 6 3 0 0 0.618976 0
010 6 38 1 1 6 4 0 0 0.908920 0
010 6 39 1 3 7 6 1 1 0.958953 0
010 6 40 1 1 7 3 0 0 1.003029 0
010 6 41 1 3 8 6 1 1 1.286402 0
010 6 42 1 3 8 3 0 0 1.111966 0
010 6 43 1 3 3 6 1 1 1.213537 0
010 6 44 1 1 7 4 0 0 0.872032 0
010 6 45 1 6 4 2 0 0 0.628745 0
010 6 46 1 6 8 2 0 0 0.644148 0
010 6 47 1 3 7 6 1 1 1.299879 0
010 6 48 1 3 4 8 1 1 1.251531 0
010 6 49 1 1 2 8 1 1 0.553935 0
010 6 50 1 6 3 7 1 1 0.706513 0
010 6 51 1 3 3 6 1 1 0.686029 0
010 6 52 1 3 8 3 0 0 0.836352 0
010 6 53 1 3 6 8 1 1 1.017274 0
010 6 54 1 1 8 6 1 1 1.148750 0
010 6 55 1 3 2 7 1 1 0.551404 0
010 6 56 1 1 7 3 0 0 1.753595 0
010 6 57 1 6 4 3 0 0 1.120959 0
010 6 58 1 6 2 8 1 1 0.746055 0
010 6 59 1 3 7 6 1 1 0.705708 0
010 7 00 1 3 4 6 1 1 0.983467 0
010 7 01 1 3 2 4 0 0 0.920431 0
010 7 02 1 1 8 7 1 1 1.769742 0
010 7 03 1 1 3 7 1 1 0.681368 0
010 7 04 1 6 8 3 0 0 1.078978 0
010 7 05 1 1 7 6 1 1 0.700416 0
010 7 06 1 3 6 8 1 1 1.064381 0
010 7 07 1 6 4 7 1 1 0.769693 0
010 7 08 1 1 4 7 1 1 0.684818 0
010 7 09 1 6 8 7 1 1 0.669836 0
010 7 10 1 6 8 4 0 0 1.298041 0
010 7 11 1 3 8 3 0 0 0.604117 0
010 7 12 1 1 7 4 0 0 0.579701 0
010 7 13 1 3 7 8 1 1 0.557778 0
010 7 14 1 1 6 8 1 1 0.695061 0
010 7 15 1 6 7 6 1 1 1.421969 0
010 7 16 1 1 2 6 1 1 1.026819 0
010 7 17 1 6 7 3 0 0 0.661533 0
010 7 18 1 6 2 6 1 1 1.169091 0
010 7 19 1 3 3 2 0 0 0.984762 0
010 7 20 1 3 3 2 0 0 0.582593 0
010 7 21 1 6 8 3 0 0 0.614245 0
010 7 22 1 1 6 4 0 0 0.545029 0
010 7 23 1 3 6 8 1 1 0.482983 0
010 7 24 1 3 3 6 0 1 0.520975 0
010 7 25 1 6 3 6 1 1 1.343773 0
010 7 26 1 6 2 3 0 0 1.226570 0
010 7 27 1 3 6 8 1 1 2.533907 0
010 7 28 1 1 2 7 1 1 1.305080 0
010 7 29 1 3 6 3 0 0 1.267945 0
010 7 30 1 3 7 8 1 1 0.717002 0
010 7 31 1 3 3 8 1 1 0.679518 0
010 7 32 1 1 6 2 0 0 0.604672 0
010 7 33 1 6 3 7 1 1 1.740096 0
010 7 34 1 1 3 6 1 1 0.685914 0
010 7 35 1 3 4 2 0 0 0.932030 0
010 7 36 1 1 8 4 0 0 1.250507 0
010 7 37 1 6 6 8 1 1 1.489163 0
010 7 38 1 3 6 7 0 1 1.372713 0
010 7 39 1 3 3 2 0 0 1.694050 0
010 7 40 1 3 8 7 1 1 1.566316 0
010 7 41 1 6 4 6 1 1 0.732415 0
010 7 42 1 6 8 6 1 1 0.706830 0
010 7 43 1 6 4 2 0 0 0.863335 0
010 7 44 1 1 6 4 0 0 0.839193 0
010 7 45 1 6 6 3 0 0 1.422131 0
010 7 46 1 1 6 7 1 1 2.069735 0
010 7 47 1 1 3 6 1 1 0.676179 0
010 7 48 1 3 2 3 0 0 0.731204 0
010 7 49 1 6 8 2 0 0 0.638173 0
010 7 50 1 3 4 7 1 1 2.201607 0
010 7 51 1 3 7 4 0 0 0.729029 0
010 7 52 1 3 3 8 1 1 1.980929 0
010 7 53 1 1 2 6 1 1 0.746186 0
010 7 54 1 1 8 2 0 0 0.641213 0
010 7 55 1 1 2 4 0 0 0.951364 0
010 7 56 1 3 7 6 1 1 0.987662 0
010 7 57 1 1 7 3 0 0 2.087838 0
010 7 58 1 6 7 4 0 0 0.618153 0
010 7 59 1 1 2 4 0 0 0.539866 0
010 8 00 1 3 8 4 0 0 0.886904 0
010 8 01 1 1 3 7 1 1 1.834314 0
010 8 02 1 1 6 8 1 1 0.777515 0
010 8 03 1 1 8 7 1 1 0.734547 0
010 8 04 1 3 4 6 1 1 1.446954 0
010 8 05 1 3 2 8 1 1 0.529846 0
010 8 06 1 3 2 3 0 0 0.964742 0
010 8 07 1 1 4 2 0 0 0.629436 0
010 8 08 1 6 3 6 1 1 0.715280 0
010 8 09 1 1 4 6 1 1 1.363094 0
010 8 10 1 3 2 8 1 1 0.574467 0
010 8 11 1 1 7 2 0 0 0.660973 0
010 8 12 1 3 7 8 1 1 0.577756 0
010 8 13 1 6 8 4 0 0 0.695935 0
010 8 14 1 6 7 8 1 1 0.610418 0
010 8 15 1 6 4 7 1 1 0.653203 0
010 8 16 1 1 3 8 1 1 0.536045 0
010 8 17 1 6 8 7 1 1 0.544497 0
010 8 18 1 3 3 2 0 0 0.630976 0
010 8 19 1 1 4 6 1 1 1.204819 0
010 8 20 1 6 3 8 1 1 0.614365 0
010 8 21 1 6 6 4 0 0 0.691473 0
010 8 22 1 3 4 2 0 0 0.636836 0
010 8 23 1 6 2 8 1 1 0.486556 0
010 8 24 1 1 2 3 0 0 1.196410 0
010 8 25 1 3 3 7 1 1 1.192152 0
010 8 26 1 6 8 7 1 1 1.795070 0
010 8 27 1 3 2 7 1 1 1.435032 0
010 8 28 1 3 7 2 0 0 0.702999 0
010 8 29 1 3 2 6 1 1 0.769638 0
010 8 30 1 1 4 3 0 0 0.676283 0
010 8 31 1 1 3 6 1 1 0.739538 0
010 8 32 1 1 3 7 1 1 1.393214 0
010 8 33 1 6 8 3 0 0 0.756208 0
010 8 34 1 6 2 3 0 0 1.247661 0
010 8 35 1 1 7 8 1 1 1.885326 0
010 8 36 1 3 3 8 1 1 0.428980 0
010 8 37 1 3 3 4 0 0 0.754149 0
010 8 38 1 6 6 7 1 1 1.343293 0
010 8 39 1 1 6 7 1 1 0.615679 0
010 8 40 1 1 6 7 1 1 0.737424 0
010 8 41 1 3 3 6 1 1 1.082182 0
010 8 42 1 1 2 3 0 0 0.765141 0
010 8 43 1 6 3 7 1 1 0.684176 0
010 8 44 1 3 6 2 0 0 1.741850 0
010 8 45 1 1 7 2 0 0 0.664961 0
010 8 46 1 6 8 4 0 0 1.169940 0
010 8 47 1 1 8 7 1 1 2.047989 0
010 8 48 1 6 8 3 0 0 0.738792 0
010 8 49 1 6 7 3 0 0 1.314863 0
010 8 50 1 1 2 3 0 0 0.582022 0
010 8 51 1 3 4 7 1 1 0.770471 0
010 8 52 1 1 8 2 0 0 0.725043 0
010 8 53 1 1 7 3 0 0 1.407257 0
010 8 54 1 6 4 3 0 0 0.783058 0
010 8 55 1 1 4 2 0 0 0.623053 0
010 8 56 1 1 2 6 1 1 2.191979 0
010 8 57 1 6 7 3 0 0 0.670793 0
010 8 58 1 1 4 2 0 0 0.684423 0
010 8 59 1 3 8 7 1 1 1.391667 0
010 9 00 0 12 3 2 0 0 1.237704 0
010 9 01 0 12 2 7 0 0 1.249881 0
010 9 02 0 6 7 2 1 1 1.424417 0
010 9 03 0 3 4 7 0 0 1.772151 0
010 9 04 0 3 7 3 1 1 1.272486 0
010 9 05 0 1 6 7 1 1 1.216970 0
010 9 06 0 1 2 8 1 0 0.988965 0
010 9 07 0 12 7 6 1 1 0.852446 0
010 9 08 0 3 4 7 1 0 1.747153 0
010 9 09 0 1 8 6 1 1 1.025217 0
010 9 10 0 1 4 7 1 0 0.744739 0
010 9 11 0 1 8 4 1 1 1.590262 0
010 9 12 0 1 6 2 1 1 0.914000 0
010 9 13 0 12 6 2 1 1 1.119064 0
010 9 14 0 3 4 2 1 0 2.637537 0
010 9 15 0 12 7 4 1 1 1.364236 0
010 9 16 0 3 4 6 1 0 1.143882 0
010 9 17 0 6 8 2 1 1 0.676610 0
010 9 18 0 6 8 3 1 1 0.847691 0
010 9 19 0 3 8 3 1 1 0.866095 0
010 9 20 0 1 6 4 0 1 1.153674 0
010 9 21 0 6 7 3 1 1 0.886728 0
010 9 22 0 1 7 2 0 1 2.548884 0
010 9 23 0 12 2 6 0 0 1.167818 0
010 9 24 0 6 4 6 0 0 0.616726 0
010 9 25 0 12 4 7 0 0 0.669635 0
010 9 26 0 3 2 7 1 0 1.606852 0
010 9 27 0 1 8 2 1 1 0.936300 0
010 9 28 0 12 7 2 1 1 1.150360 0
010 9 29 0 1 4 3 1 0 1.217226 0
010 9 30 0 1 4 7 0 0 0.995450 0
010 9 31 0 12 8 3 1 1 1.279642 0
010 9 32 0 3 8 7 1 1 1.218799 0
010 9 33 0 12 2 8 0 0 1.626675 0
010 9 34 0 1 2 6 1 0 1.032412 0
010 9 35 0 12 3 7 0 0 3.126305 0
010 9 36 0 12 6 2 1 1 0.815887 0
010 9 37 0 12 7 6 1 1 1.694758 0
010 9 38 0 3 2 7 1 0 1.183619 0
010 9 39 0 12 3 2 0 0 0.962428 0
010 9 40 0 1 7 3 0 1 0.942316 0
010 9 41 0 1 3 6 1 0 0.764927 0
010 9 42 0 6 2 8 0 0 0.996638 0
010 9 43 0 12 2 8 0 0 0.876402 0
010 9 44 0 12 2 7 0 0 0.626166 0
010 9 45 0 1 4 3 0 0 1.079991 0
010 9 46 0 12 6 4 1 1 1.264172 0
010 9 47 0 12 2 4 0 0 1.906157 0
010 9 48 0 12 7 6 1 1 1.554116 0
010 9 49 0 1 6 3 1 1 1.857982 0
010 9 50 0 3 7 4 1 1 1.067656 0
010 9 51 0 3 2 4 1 0 1.130860 0
010 9 52 0 6 7 8 1 1 0.641984 0
010 9 53 0 6 6 7 1 1 0.715431 0
010 9 54 0 6 8 6 1 1 1.376825 0
010 9 55 0 6 2 4 0 0 1.426983 0
010 9 56 0 1 6 2 0 1 0.926575 0
010 9 57 0 12 3 8 0 0 0.668204 0
010 9 58 0 3 3 4 1 0 1.162089 0
010 9 59 0 12 8 6 0 1 0.747029 0
010 10 00 0 1 8 2 1 1 1.143332 0
010 10 01 0 12 7 2 1 1 0.974680 0
010 10 02 0 1 6 4 0 1 0.913764 0
010 10 03 0 3 7 3 1 1 0.677339 0
010 10 04 0 3 4 3 0 0 0.857316 0
010 10 05 0 12 8 7 0 1 2.098365 0
010 10 06 0 6 8 6 1 1 1.526830 0
010 10 07 0 6 6 8 1 1 0.828283 0
010 10 08 0 1 3 8 1 0 0.857188 0
010 10 09 0 3 4 6 1 0 1.201290 0
010 10 10 0 6 6 4 1 1 1.153585 0
010 10 11 0 1 4 8 0 0 1.023422 0
010 10 12 0 1 6 7 0 1 1.995757 0
010 10 13 0 3 4 3 1 0 0.849622 0
010 10 14 0 12 6 7 1 1 0.741801 0
010 10 15 0 6 2 3 0 0 1.200166 0
010 10 16 0 12 3 8 1 0 0.737276 0
010 10 17 0 12 4 3 1 0 1.409313 0
010 10 18 0 6 8 4 0 1 0.754112 0
010 10 19 0 12 6 7 1 1 0.758671 0
010 10 20 0 6 6 4 1 1 1.268004 0
010 10 21 0 3 8 6 0 1 1.510806 0
010 10 22 0 6 4 6 0 0 0.825813 0
010 10 23 0 3 8 2 1 1 0.883668 0
010 10 24 0 1 7 6 1 1 0.857353 0
010 10 25 0 6 2 3 0 0 1.162760 0
010 10 26 0 12 4 7 0 0 1.201926 0
010 10 27 0 12 4 6 0 0 0.848732 0
010 10 28 0 3 4 8 0 0 0.911980 0
010 10 29 0 12 8 6 1 1 1.968625 0
010 10 30 0 3 2 3 0 0 1.546703 0
010 10 31 0 12 6 2 1 1 1.079388 0
010 10 32 0 12 3 2 0 0 0.800367 0
010 10 33 0 12 4 8 0 0 0.785780 0
010 10 34 0 6 8 7 1 1 1.120927 0
010 10 35 0 12 3 6 0 0 0.656962 0
010 10 36 0 12 2 6 0 0 0.803565 0
010 10 37 0 6 6 4 0 1 0.906665 0
010 10 38 0 1 4 2 1 0 1.540762 0
010 10 39 0 3 3 2 0 0 1.159803 0
010 10 40 0 12 7 3 1 1 1.236080 0
010 10 41 0 6 7 8 0 1 1.411212 0
010 10 42 0 3 2 6 0 0 0.966963 0
010 10 43 0 6 6 7 1 1 1.001486 0
010 10 44 0 12 8 2 1 1 1.042047 0
010 10 45 0 12 3 6 0 0 1.041075 0
010 10 46 0 12 7 3 1 1 1.489960 0
010 10 47 0 1 8 7 1 1 1.526141 0
010 10 48 0 1 4 6 1 0 1.220835 0
010 10 49 0 3 6 2 1 1 0.735145 0
010 10 50 0 1 6 4 0 1 0.730008 0
010 10 51 0 1 4 8 1 0 1.862645 0
010 10 52 0 3 6 8 1 1 1.653690 0
010 10 53 0 3 7 8 1 1 0.725739 0
010 10 54 0 12 6 4 0 1 0.853361 0
010 10 55 0 6 4 8 0 0 2.174953 0
010 10 56 0 1 7 3 1 1 1.508227 0
010 10 57 0 1 3 7 1 0 1.704930 0
010 10 58 0 6 6 7 1 1 1.047592 0
010 10 59 0 3 6 2 0 1 1.242358 0
010 11 00 0 12 8 2 1 1 1.265340 0
010 11 01 0 6 7 4 0 1 1.013398 0
010 11 02 0 1 2 8 1 0 0.746359 0
010 11 03 0 12 4 6 0 0 0.741427 0
010 11 04 0 12 4 8 0 0 0.568256 0
010 11 05 0 1 8 4 0 1 0.465270 0
010 11 06 0 12 4 8 0 0 1.123495 0
010 11 07 0 6 7 8 1 1 0.897826 0
010 11 08 0 6 8 2 1 1 1.751410 0
010 11 09 0 1 8 3 0 1 0.979413 0
010 11 10 0 12 3 7 1 0 1.410457 0
010 11 11 0 6 3 6 1 0 1.438870 0
010 11 12 0 12 8 7 1 1 1.265315 0
010 11 13 0 1 6 2 1 1 1.100251 0
010 11 14 0 3 6 3 0 1 0.739881 0
010 11 15 0 12 4 3 0 0 0.952088 0
010 11 16 0 1 7 4 0 1 1.134768 0
010 11 17 0 12 3 7 0 0 1.336701 0
010 11 18 0 6 3 8 0 0 0.874340 0
010 11 19 0 12 2 3 0 0 0.610381 0
010 11 20 0 3 8 4 1 1 1.207732 0
010 11 21 0 12 8 4 1 1 1.276204 0
010 11 22 0 3 7 2 0 1 1.199133 0
010 11 23 0 6 4 3 0 0 1.499939 0
010 11 24 0 3 7 4 1 1 2.843796 0
010 11 25 0 3 2 4 1 0 0.671535 0
010 11 26 0 6 4 7 1 0 0.593893 0
010 11 27 0 12 8 6 1 1 1.105103 0
010 11 28 0 12 4 8 0 0 1.316184 0
010 11 29 0 3 6 8 1 1 1.289675 0
010 11 30 0 12 2 4 0 0 0.970772 0
010 11 31 0 12 3 8 0 0 1.493811 0
010 11 32 0 1 8 4 1 1 1.316168 0
010 11 33 0 1 7 8 0 1 0.824793 0
010 11 34 0 3 8 3 1 1 1.382303 0
010 11 35 0 6 6 3 1 1 1.566219 0
010 11 36 0 3 4 2 0 0 1.187666 0
010 11 37 0 1 6 8 1 1 1.322189 0
010 11 38 0 12 3 8 0 0 0.976042 0
010 11 39 0 12 6 3 1 1 1.474610 0
010 11 40 0 3 7 8 0 1 1.480479 0
010 11 41 0 3 2 8 1 0 0.916711 0
010 11 42 0 6 6 3 1 1 0.810249 0
010 11 43 0 12 3 6 0 0 1.318275 0
010 11 44 0 12 2 7 0 0 0.854242 0
010 11 45 0 1 4 3 0 0 1.178776 0
010 11 46 0 1 7 2 0 1 0.785221 0
010 11 47 0 12 3 4 0 0 1.497691 0
010 11 48 0 1 3 7 1 0 0.756423 0
010 11 49 0 1 3 8 1 0 0.681657 0
010 11 50 0 12 2 6 0 0 0.823874 0
010 11 51 0 1 4 8 1 0 2.271983 0
010 11 52 0 6 3 7 0 0 0.618578 0
010 11 53 0 6 3 4 0 0 0.898441 0
010 11 54 0 12 2 4 0 0 0.547530 0
010 11 55 0 3 4 2 1 0 0.950358 0
010 11 56 0 12 4 8 0 0 0.813099 0
010 11 57 0 3 4 7 0 0 0.884949 0
010 11 58 0 3 6 7 1 1 1.044785 0
010 11 59 0 1 6 7 1 1 1.568322 0
010 12 00 0 12 8 3 0 1 0.756374 0
010 12 01 0 3 2 8 0 0 1.827195 0
010 12 02 0 12 7 8 1 1 0.837651 0
010 12 03 0 6 6 8 1 1 0.766378 0
010 12 04 0 1 3 4 1 0 1.539447 0
010 12 05 0 12 6 3 1 1 1.319591 0
010 12 06 0 6 6 2 0 1 0.983512 0
010 12 07 0 1 4 7 1 0 1.618054 0
010 12 08 0 12 7 4 1 1 1.966090 0
010 12 09 0 3 3 4 0 0 0.833786 0
010 12 10 0 12 7 4 1 1 0.976832 0
010 12 11 0 3 3 7 0 0 0.681752 0
010 12 12 0 12 8 7 0 1 1.283498 0
010 12 13 0 1 7 4 0 1 0.932894 0
010 12 14 0 12 4 3 0 0 1.801590 0
010 12 15 0 6 8 4 1 1 1.254908 0
010 12 16 0 1 2 7 1 0 0.924226 0
010 12 17 0 12 8 6 1 1 0.703534 0
010 12 18 0 1 7 2 0 1 0.937354 0
010 12 19 0 1 2 4 1 0 1.081112 0
010 12 20 0 12 8 7 0 1 0.955037 0
010 12 21 0 12 6 8 1 1 1.089244 0
010 12 22 0 12 2 8 1 0 1.176890 0
010 12 23 0 12 6 3 1 1 1.258915 0
010 12 24 0 3 3 8 1 0 0.740614 0
010 12 25 0 6 6 2 1 1 0.809518 0
010 12 26 0 12 7 2 1 1 1.149085 0
010 12 27 0 12 6 7 1 1 0.619358 0
010 12 28 0 6 2 3 0 0 0.633480 0
010 12 29 0 12 4 7 1 0 0.701261 0
010 12 30 0 12 3 7 0 0 0.956884 0
010 12 31 0 12 6 4 1 1 0.943741 0
010 12 32 0 12 4 6 0 0 1.463923 0
010 12 33 0 1 6 7 1 1 0.991484 0
010 12 34 0 6 7 6 1 1 1.028948 0
010 12 35 0 1 7 4 0 1 1.291432 0
010 12 36 0 12 3 2 0 0 0.861199 0
010 12 37 0 12 8 2 1 1 1.117365 0
010 12 38 0 6 3 7 0 0 0.684564 0
010 12 39 0 6 3 6 0 0 0.514407 0
010 12 40 0 12 4 6 0 0 1.356614 0
010 12 41 0 1 8 3 0 1 0.715228 0
010 12 42 0 12 2 4 0 0 0.543354 0
010 12 43 0 12 8 7 1 1 0.813069 0
010 12 44 0 6 8 3 1 1 1.103777 0
010 12 45 0 3 7 2 0 1 1.185370 0
010 12 46 0 1 3 2 0 0 0.806576 0
010 12 47 0 1 2 3 0 0 1.105821 0
010 12 48 0 3 8 6 1 1 1.318348 0
010 12 49 0 3 2 3 0 0 0.898538 0
010 12 50 0 6 8 4 1 1 1.221949 0
010 12 51 0 12 6 7 1 1 2.105891 0
010 12 52 0 12 6 4 1 1 1.442554 0
010 12 53 0 6 3 6 0 0 0.636711 0
010 12 54 0 1 2 8 0 0 0.874911 0
010 12 55 0 1 2 6 0 0 0.876899 0
010 12 56 0 3 3 7 1 0 0.971867 0
010 12 57 0 6 3 2 0 0 0.601474 0
010 12 58 0 6 6 8 0 1 0.747284 0
010 12 59 0 3 6 7 1 1 0.657789 0
