017 0 00 1 3 7 8 1 1 1.950255 0
017 0 01 1 2 4 2 0 0 0.957846 0
017 0 02 1 5 3 6 1 1 0.947149 0
017 0 03 1 3 3 6 1 1 0.796428 0
017 0 04 1 5 8 6 1 1 1.325145 0
017 0 05 1 2 7 8 1 1 1.031641 0
017 0 06 1 3 2 7 1 1 0.976634 0
017 0 07 1 3 8 3 0 0 0.694578 0
017 0 08 1 5 4 3 0 0 1.048912 0
017 0 09 1 5 6 3 0 0 0.798356 0
017 0 10 1 5 8 6 1 1 0.744692 0
017 0 11 1 5 2 6 1 1 0.749392 0
017 0 12 1 2 3 4 0 0 1.257668 0
017 0 13 1 2 8 6 1 1 0.722989 0
017 0 14 1 5 6 2 0 0 0.604307 0
017 0 15 1 3 4 2 0 0 0.666902 0
017 0 16 1 3 2 6 1 1 0.586790 0
017 0 17 1 2 4 7 1 1 0.802764 0
017 0 18 1 3 6 7 1 1 0.653852 0
017 0 19 1 5 8 3 0 0 0.559937 0
017 0 20 1 3 3 7 1 1 0.834776 0
017 0 21 1 3 2 4 0 0 0.576266 0
017 0 22 1 2 8 4 0 0 0.540063 0
017 0 23 1 2 3 7 1 1 0.551096 0
017 0 24 1 3 4 3 0 0 0.638206 0
017 0 25 1 2 4 8 1 1 0.650376 0
017 0 26 1 5 7 2 0 0 0.520063 0
017 0 27 1 3 6 4 0 0 1.289870 0
017 0 28 1 5 2 8 1 1 0.736118 0
017 0 29 1 2 2 8 1 1 0.718265 0
017 0 30 1 3 3 2 0 0 0.554716 0
017 0 31 1 2 6 4 0 0 0.597035 0
017 0 32 1 3 7 2 0 0 0.553079 0
017 0 33 1 2 6 3 0 0 0.693473 0
017 0 34 1 2 8 2 0 0 0.636030 0
017 0 35 1 5 8 7 1 1 0.662315 0
017 0 36 1 5 2 6 1 1 0.616064 0
017 0 37 1 3 4 7 1 1 0.602966 0
017 0 38 1 2 3 7 1 1 0.611928 0
017 0 39 1 5 8 3 0 0 0.850426 0
017 0 40 1 3 7 2 0 0 0.592423 0
017 0 41 1 5 3 6 1 1 0.680145 0
017 0 42 1 3 7 8 1 1 0.810075 0
017 0 43 1 5 8 4 0 0 0.832405 0
017 0 44 1 5 3 4 0 0 0.627567 0
017 0 45 1 3 2 8 1 1 0.656120 0
017 0 46 1 3 2 7 1 1 0.797115 0
017 0 47 1 3 8 4 0 0 0.645005 0
017 0 48 1 2 3 8 1 1 0.727043 0
017 0 49 1 2 7 2 0 0 0.616562 0
017 0 50 1 2 4 3 0 0 0.664780 0
017 0 51 1 5 8 7 1 1 0.540148 0
017 0 52 1 2 2 6 1 1 0.557361 0
017 0 53 1 5 3 4 0 0 0.513209 0
017 0 54 1 2 3 4 0 0 0.683841 0
017 0 55 1 5 2 4 0 0 0.573242 0
017 0 56 1 2 3 6 1 1 0.596226 0
017 0 57 1 3 7 2 0 0 0.490587 0
017 0 58 1 5 7 8 1 1 0.510282 0
017 0 59 1 3 7 6 1 1 0.549579 0
017 1 00 1 5 3 7 1 1 1.004340 0
017 1 01 1 2 7 2 0 0 0.503944 0
017 1 02 1 2 2 6 1 1 0.492308 0
017 1 03 1 5 2 7 1 1 0.614996 0
017 1 04 1 3 7 3 0 0 0.435924 0
017 1 05 1 5 4 3 0 0 0.427105 0
017 1 06 1 5 4 6 1 1 0.563447 0
017 1 07 1 3 4 7 1 1 0.439946 0
017 1 08 1 5 3 2 0 0 0.413813 0
017 1 09 1 2 6 2 0 0 0.446181 0
017 1 10 1 3 2 4 1 0 0.442322 0
017 1 11 1 5 4 2 0 0 0.512812 0
017 1 12 1 5 4 6 1 1 0.546587 0
017 1 13 1 3 8 7 1 1 0.453394 0
017 1 14 1 3 4 2 0 0 0.553256 0
017 1 15 1 3 2 6 1 1 0.463713 0
017 1 16 1 2 2 6 1 1 0.465825 0
017 1 17 1 3 4 8 1 1 0.579750 0
017 1 18 1 5 2 3 0 0 0.549102 0
017 1 19 1 5 7 3 0 0 0.515909 0
017 1 20 1 2 2 3 0 0 0.470888 0
017 1 21 1 3 7 4 0 0 0.577136 0
017 1 22 1 2 3 8 1 1 0.557931 0
017 1 23 1 3 4 3 0 0 0.667036 0
017 1 24 1 5 6 3 0 0 0.676411 0
017 1 25 1 3 7 4 0 0 0.660766 0
017 1 26 1 5 3 6 1 1 0.628055 0
017 1 27 1 3 4 7 1 1 0.453075 0
017 1 28 1 3 8 6 1 1 0.634240 0
017 1 29 1 2 2 3 0 0 0.514843 0
017 1 30 1 5 8 7 1 1 0.402831 0
017 1 31 1 5 7 6 1 1 0.569732 0
017 1 32 1 3 7 8 1 1 0.491594 0
017 1 33 1 3 4 8 1 1 0.526951 0
017 1 34 1 2 6 4 0 0 0.529188 0
017 1 35 1 5 6 8 1 1 0.465230 0
017 1 36 1 5 2 7 1 1 0.593878 0
017 1 37 1 5 7 4 0 0 0.537933 0
017 1 38 1 5 2 4 0 0 0.538129 0
017 1 39 1 2 6 2 0 0 0.507584 0
017 1 40 1 2 6 3 0 0 0.456917 0
017 1 41 1 2 6 4 0 0 0.708204 0
017 1 42 1 5 3 4 0 0 0.519448 0
017 1 43 1 3 2 7 1 1 0.592523 0
017 1 44 1 5 8 7 1 1 0.548085 0
017 1 45 1 5 4 6 1 1 0.601332 0
017 1 46 1 3 3 2 0 0 0.503523 0
017 1 47 1 3 3 6 1 1 0.559116 0
017 1 48 1 2 3 6 1 1 0.469482 0
017 1 49 1 3 7 6 1 1 0.437655 0
017 1 50 1 3 4 8 1 1 0.581764 0
017 1 51 1 2 8 4 0 0 0.547617 0
017 1 52 1 2 7 6 1 1 0.500473 0
017 1 53 1 2 8 7 1 1 0.443832 0
017 1 54 1 2 4 2 0 0 0.571531 0
017 1 55 1 3 3 7 1 1 0.473926 0
017 1 56 1 5 8 4 0 0 0.604949 0
017 1 57 1 2 2 7 1 1 0.491351 0
017 1 58 1 5 6 3 0 0 0.495730 0
017 1 59 1 3 2 7 1 1 0.453923 0
017 2 00 1 3 6 7 1 1 1.118006 0
017 2 01 1 5 6 4 0 0 0.508996 0
017 2 02 1 5 7 3 0 0 0.559193 0
017 2 03 1 5 2 4 0 0 0.506459 0
017 2 04 1 5 7 4 0 0 0.481084 0
017 2 05 1 5 3 2 0 0 0.551068 0
017 2 06 1 3 7 6 1 1 0.483550 0
017 2 07 1 3 8 4 0 0 0.577010 0
017 2 08 1 3 4 6 1 1 0.549441 0
017 2 09 1 2 3 4 0 0 0.577855 0
017 2 10 1 5 3 2 0 0 0.528048 0
017 2 11 1 5 8 3 0 0 0.556265 0
017 2 12 1 3 3 6 1 1 0.578939 0
017 2 13 1 2 6 2 0 0 0.537506 0
017 2 14 1 3 8 2 0 0 0.640920 0
017 2 15 1 5 4 2 0 0 0.689576 0
017 2 16 1 3 7 8 1 1 0.595521 0
017 2 17 1 5 3 8 1 1 0.545796 0
017 2 18 1 2 4 6 1 1 0.540239 0
017 2 19 1 5 6 3 0 0 0.487196 0
017 2 20 1 3 4 7 1 1 0.498005 0
017 2 21 1 5 2 8 1 1 0.505879 0
017 2 22 1 5 2 7 1 1 0.533535 0
017 2 23 1 5 6 4 0 0 0.516824 0
017 2 24 1 3 3 2 0 0 0.505513 0
017 2 25 1 5 2 6 1 1 0.474406 0
017 2 26 1 5 4 6 1 1 0.460032 0
017 2 27 1 5 7 8 1 1 0.521331 0
017 2 28 1 2 7 6 1 1 0.490280 0
017 2 29 1 2 7 8 1 1 0.492396 0
017 2 30 1 2 6 7 1 1 0.497775 0
017 2 31 1 2 6 2 0 0 0.463539 0
017 2 32 1 3 2 8 1 1 0.398656 0
017 2 33 1 3 7 4 0 0 0.543409 0
017 2 34 1 2 6 4 0 0 0.633230 0
017 2 35 1 5 2 8 1 1 0.485452 0
017 2 36 1 2 8 2 0 0 0.462483 0
017 2 37 1 5 3 8 1 1 0.501179 0
017 2 38 1 3 8 2 0 0 0.483904 0
017 2 39 1 2 4 8 1 1 0.533835 0
017 2 40 1 2 2 6 1 1 0.561736 0
017 2 41 1 3 3 4 0 0 0.489162 0
017 2 42 1 5 3 8 1 1 0.463807 0
017 2 43 1 3 8 3 0 0 0.513412 0
017 2 44 1 5 6 8 1 1 0.499505 0
017 2 45 1 5 2 3 0 0 0.459984 0
017 2 46 1 2 4 8 1 1 0.560247 0
017 2 47 1 5 3 6 1 1 0.524402 0
017 2 48 1 2 6 8 1 1 0.462500 0
017 2 49 1 3 8 3 0 0 0.498517 0
017 2 50 1 5 6 7 1 1 0.437025 0
017 2 51 1 2 4 2 0 0 0.450113 0
017 2 52 1 3 6 8 1 1 0.433010 0
017 2 53 1 3 4 6 1 1 0.580736 0
017 2 54 1 3 6 3 0 0 0.547349 0
017 2 55 1 2 8 3 0 0 0.530688 0
017 2 56 1 5 6 3 0 0 0.489119 0
017 2 57 1 2 6 3 0 0 0.438499 0
017 2 58 1 3 6 2 0 0 0.451734 0
017 2 59 1 3 6 3 0 0 0.426038 0
017 3 00 1 2 2 7 1 1 0.573989 0
017 3 01 1 2 8 4 0 0 0.509972 0
017 3 02 1 5 4 8 1 1 0.476592 0
017 3 03 1 3 2 3 0 0 0.506673 0
017 3 04 1 3 4 2 0 0 0.484290 0
017 3 05 1 2 8 2 0 0 0.453354 0
017 3 06 1 3 4 3 0 0 0.477759 0
017 3 07 1 2 2 8 1 1 0.513480 0
017 3 08 1 2 7 4 0 0 0.552418 0
017 3 09 1 5 2 7 1 1 0.583249 0
017 3 10 1 3 8 3 0 0 0.510451 0
017 3 11 1 2 2 8 1 1 0.533003 0
017 3 12 1 3 4 6 1 1 0.600238 0
017 3 13 1 2 3 6 1 1 0.558422 0
017 3 14 1 5 8 3 0 0 0.502410 0
017 3 15 1 3 6 2 0 0 0.527844 0
017 3 16 1 5 4 6 1 1 0.556182 0
017 3 17 1 2 6 7 1 1 0.855507 0
017 3 18 1 5 8 4 0 0 0.695535 0
017 3 19 1 2 4 2 0 0 0.663588 0
017 3 20 1 5 7 8 1 1 0.550160 0
017 3 21 1 3 2 8 1 1 1.028566 0
017 3 22 1 3 2 4 0 0 0.822128 0
017 3 23 1 3 4 2 0 0 0.673614 0
017 3 24 1 3 3 2 0 0 0.638576 0
017 3 25 1 2 3 8 1 1 0.740114 0
017 3 26 1 5 4 6 1 1 0.629172 0
017 3 27 1 3 2 6 1 1 0.694140 0
017 3 28 1 5 7 4 0 0 0.849775 0
017 3 29 1 3 6 2 0 0 0.645019 0
017 3 30 1 2 3 2 0 0 0.581375 0
017 3 31 1 3 2 3 0 0 0.718777 0
017 3 32 1 2 7 4 0 0 0.882092 0
017 3 33 1 5 4 8 1 1 0.711214 0
017 3 34 1 3 3 2 0 0 0.594717 0
017 3 35 1 2 4 6 1 1 0.628637 0
017 3 36 1 2 4 7 1 1 0.503575 0
017 3 37 1 5 8 2 0 0 0.486783 0
017 3 38 1 2 2 8 1 1 0.495096 0
017 3 39 1 5 2 3 0 0 0.511919 0
017 3 40 1 5 4 2 0 0 0.548454 0
017 3 41 1 5 6 8 1 1 0.475771 0
017 3 42 1 2 7 8 1 1 0.511692 0
017 3 43 1 3 3 6 1 1 0.497272 0
017 3 44 1 5 6 7 1 1 0.452464 0
017 3 45 1 3 4 6 1 1 0.527631 0
017 3 46 1 3 6 4 0 0 0.569339 0
017 3 47 1 5 7 2 0 0 0.547892 0
017 3 48 1 5 2 3 0 0 0.545857 0
017 3 49 1 5 7 3 0 0 0.619473 0
017 3 50 1 2 3 2 0 0 0.494249 0
017 3 51 1 2 6 2 0 0 0.480395 0
017 3 52 1 2 4 6 1 1 0.544698 0
017 3 53 1 2 2 3 0 0 0.603379 0
017 3 54 1 5 7 4 0 0 0.632402 0
017 3 55 1 5 4 8 1 1 0.457264 0
017 3 56 1 2 8 3 0 0 0.501415 0
017 3 57 1 2 6 3 0 0 0.548858 0
017 3 58 1 3 3 8 1 1 0.464941 0
017 3 59 1 5 7 8 1 1 0.509157 0
017 4 00 1 5 6 2 0 0 0.973632 0
017 4 01 1 3 8 7 1 1 0.388856 0
017 4 02 1 2 3 4 0 0 0.438158 0
017 4 03 1 3 3 4 0 0 0.490817 0
017 4 04 1 3 4 7 1 1 0.426491 0
017 4 05 1 3 3 6 1 1 0.524209 0
017 4 06 1 2 8 6 1 1 0.431717 0
017 4 07 1 3 8 4 0 0 0.682825 0
017 4 08 1 2 4 8 1 1 0.510640 0
017 4 09 1 2 2 6 1 1 0.521819 0
017 4 10 1 2 4 3 0 0 0.434625 0
017 4 11 1 2 3 6 1 1 0.473442 0
017 4 12 1 5 4 2 0 0 0.574019 0
017 4 13 1 3 6 7 1 1 0.451421 0
017 4 14 1 2 8 3 0 0 0.495728 0
017 4 15 1 5 8 4 0 0 0.618553 0
017 4 16 1 2 7 3 0 0 0.672310 0
017 4 17 1 3 6 2 0 0 0.455051 0
017 4 18 1 2 6 8 1 1 0.910512 0
017 4 19 1 2 3 6 1 1 0.566517 0
017 4 20 1 2 4 7 1 1 0.474643 0
017 4 21 1 3 6 3 0 0 0.575646 0
017 4 22 1 3 7 2 0 0 0.520109 0
017 4 23 1 3 3 7 1 1 0.531731 0
017 4 24 1 3 6 4 0 0 0.702358 0
017 4 25 1 3 2 4 0 0 1.084176 0
017 4 26 1 5 6 4 0 0 0.719080 0
017 4 27 1 5 7 6 1 1 0.673317 0
017 4 28 1 5 3 8 1 1 1.695934 0
017 4 29 1 3 6 8 1 1 0.741709 0
017 4 30 1 2 2 8 1 1 0.558471 0
017 4 31 1 3 7 8 1 1 0.720805 0
017 4 32 1 2 7 6 1 1 0.685904 0
017 4 33 1 2 3 4 0 0 0.714802 0
017 4 34 1 3 8 7 1 1 0.805604 0
017 4 35 1 5 6 7 1 1 0.472024 0
017 4 36 1 5 7 8 1 1 0.527690 0
017 4 37 1 5 4 8 1 1 0.474522 0
017 4 38 1 3 3 8 1 1 0.569154 0
017 4 39 1 5 4 8 1 1 0.723759 0
017 4 40 1 3 7 3 0 0 0.786716 0
017 4 41 1 5 8 6 1 1 0.878213 0
017 4 42 1 3 8 6 1 1 0.601060 0
017 4 43 1 5 6 7 1 1 0.859140 0
017 4 44 1 5 4 2 0 0 0.637581 0
017 4 45 1 2 7 2 0 0 1.838878 0
017 4 46 1 5 2 7 1 1 1.406086 0
017 4 47 1 5 7 2 0 0 0.712413 0
017 4 48 1 5 4 7 1 1 1.301880 0
017 4 49 1 5 8 2 0 0 0.551352 0
017 4 50 1 5 2 6 1 1 0.651935 0
017 4 51 1 5 4 3 0 0 0.792659 0
017 4 52 1 3 8 7 1 1 0.624015 0
017 4 53 1 3 2 6 1 1 0.621830 0
017 4 54 1 3 7 2 0 0 0.516356 0
017 4 55 1 2 2 4 0 0 0.675636 0
017 4 56 1 2 3 7 1 1 0.621060 0
017 4 57 1 2 4 6 1 1 0.590435 0
017 4 58 1 3 4 2 0 0 0.498321 0
017 4 59 1 2 3 2 0 0 0.540240 0
017 5 00 1 2 6 7 1 1 0.621176 0
017 5 01 1 3 6 4 0 0 0.593619 0
017 5 02 1 2 7 4 0 0 0.510019 0
017 5 03 1 5 8 2 0 0 0.538040 0
017 5 04 1 5 3 7 1 1 0.560551 0
017 5 05 1 3 4 3 0 0 0.653173 0
017 5 06 1 3 3 2 0 0 0.533521 0
017 5 07 1 2 3 4 0 0 0.631588 0
017 5 08 1 2 3 2 0 0 0.576081 0
017 5 09 1 5 6 8 1 1 0.688496 0
017 5 10 1 5 8 4 0 0 0.644215 0
017 5 11 1 5 3 4 0 0 0.524699 0
017 5 12 1 5 6 4 0 0 0.698318 0
017 5 13 1 3 7 6 1 1 0.693601 0
017 5 14 1 2 7 2 0 0 0.490518 0
017 5 15 1 5 3 7 1 1 0.515327 0
017 5 16 1 2 8 3 0 0 0.593057 0
017 5 17 1 5 3 2 0 0 0.461904 0
017 5 18 1 5 7 2 0 0 0.545402 0
017 5 19 1 3 3 4 0 0 0.626434 0
017 5 20 1 3 3 7 1 1 0.716945 0
017 5 21 1 2 3 2 0 0 0.510650 0
017 5 22 1 2 8 7 1 1 0.560734 0
017 5 23 1 3 4 3 0 0 0.530039 0
017 5 24 1 5 4 7 1 1 0.507540 0
017 5 25 1 3 2 3 0 0 0.453994 0
017 5 26 1 5 7 3 0 0 0.604430 0
017 5 27 1 5 3 2 0 0 0.484618 0
017 5 28 1 2 7 6 1 1 0.500548 0
017 5 29 1 5 4 7 1 1 0.570296 0
017 5 30 1 3 7 4 0 0 0.671276 0
017 5 31 1 3 8 6 1 1 0.644346 0
017 5 32 1 2 7 8 1 1 0.594091 0
017 5 33 1 2 4 8 1 1 0.619184 0
017 5 34 1 5 6 2 0 0 0.487675 0
017 5 35 1 5 7 2 0 0 0.512439 0
017 5 36 1 5 8 2 0 0 0.559725 0
017 5 37 1 2 3 8 1 1 0.419663 0
017 5 38 1 2 7 6 1 1 0.479544 0
017 5 39 1 2 6 4 0 0 0.464264 0
017 5 40 1 2 8 2 0 0 0.594591 0
017 5 41 1 5 7 6 1 1 0.578329 0
017 5 42 1 2 3 7 1 1 0.796341 0
017 5 43 1 3 2 6 1 1 0.538186 0
017 5 44 1 2 7 4 0 0 0.523381 0
017 5 45 1 5 6 3 0 0 0.486757 0
017 5 46 1 5 2 8 1 1 0.508622 0
017 5 47 1 2 6 4 0 0 0.479531 0
017 5 48 1 5 4 2 0 0 0.475797 0
017 5 49 1 3 3 7 1 1 0.480296 0
017 5 50 1 5 2 3 0 0 0.571545 0
017 5 51 1 2 4 3 0 0 0.489700 0
017 5 52 1 5 7 8 1 1 0.561824 0
017 5 53 1 3 6 3 0 0 0.505593 0
017 5 54 1 3 2 3 0 0 0.648028 0
017 5 55 1 3 8 4 0 0 0.788853 0
017 5 56 1 3 2 6 1 1 0.686966 0
017 5 57 1 2 8 3 0 0 0.469459 0
017 5 58 1 5 4 7 1 1 0.491542 0
017 5 59 1 2 3 8 1 1 0.549605 0
017 6 00 1 2 3 7 1 1 1.409885 0
017 6 01 1 5 6 2 0 0 1.158449 0
017 6 02 1 3 3 6 1 1 0.424544 0
017 6 03 1 3 6 7 1 1 0.375750 0
017 6 04 1 2 7 6 1 1 0.382793 0
017 6 05 1 2 4 3 0 0 0.420452 0
017 6 06 1 3 2 8 1 1 0.405557 0
017 6 07 1 5 3 8 1 1 0.446723 0
017 6 08 1 3 8 6 1 1 0.526815 0
017 6 09 1 3 6 7 1 1 0.417215 0
017 6 10 1 2 6 2 0 0 0.438421 0
017 6 11 1 5 3 4 0 0 0.414932 0
017 6 12 1 5 6 2 0 0 0.447746 0
017 6 13 1 5 2 6 1 1 0.379898 0
017 6 14 1 3 3 8 0 1 0.403690 0
017 6 15 1 2 8 3 0 0 0.846640 0
017 6 16 1 3 3 8 1 1 0.512901 0
017 6 17 1 2 2 6 1 1 0.473555 0
017 6 18 1 5 6 7 1 1 0.453147 0
017 6 19 1 2 8 2 0 0 0.486454 0
017 6 20 1 5 6 8 1 1 0.446793 0
017 6 21 1 2 7 3 0 0 0.843280 0
017 6 22 1 2 2 4 0 0 0.574002 0
017 6 23 1 3 6 2 0 0 0.548581 0
017 6 24 1 2 2 3 0 0 0.727338 0
017 6 25 1 5 6 4 0 0 0.599268 0
017 6 26 1 5 6 7 1 1 0.546255 0
017 6 27 1 5 3 7 1 1 0.465386 0
017 6 28 1 2 3 2 0 0 0.505961 0
017 6 29 1 2 2 4 0 0 0.712131 0
017 6 30 1 5 8 3 0 0 0.721655 0
017 6 31 1 3 4 8 1 1 0.582777 0
017 6 32 1 3 6 2 0 0 0.688447 0
017 6 33 1 2 3 8 1 1 0.549309 0
017 6 34 1 3 7 3 0 0 0.643982 0
017 6 35 1 5 3 8 1 1 0.596880 0
017 6 36 1 5 7 6 1 1 0.675682 0
017 6 37 1 2 4 6 1 1 0.819046 0
017 6 38 1 2 8 6 1 1 0.619165 0
017 6 39 1 2 8 7 1 1 0.585789 0
017 6 40 1 2 4 8 1 1 0.813132 0
017 6 41 1 2 4 2 0 0 0.657140 0
017 6 42 1 5 8 2 0 0 0.680525 0
017 6 43 1 2 4 6 1 1 0.692487 0
017 6 44 1 3 7 3 0 0 0.822138 0
017 6 45 1 5 8 3 0 0 0.739905 0
017 6 46 1 3 8 7 1 1 0.544688 0
017 6 47 1 5 7 3 0 0 0.558319 0
017 6 48 1 2 7 8 1 1 0.664112 0
017 6 49 1 3 2 8 1 1 0.650567 0
017 6 50 1 2 8 7 1 1 0.850208 0
017 6 51 1 5 6 2 0 0 0.675941 0
017 6 52 1 2 2 7 1 1 0.598348 0
017 6 53 1 2 2 8 1 1 0.567522 0
017 6 54 1 2 4 3 0 0 0.634604 0
017 6 55 1 2 4 7 1 1 0.548139 0
017 6 56 1 5 3 4 0 0 0.539605 0
017 6 57 1 2 8 6 1 1 0.561354 0
017 6 58 1 2 6 8 1 1 0.541692 0
017 6 59 1 2 8 7 1 1 0.510616 0
017 7 00 1 5 2 6 1 1 0.520052 0
017 7 01 1 2 8 2 0 0 0.500173 0
017 7 02 1 3 8 6 1 1 0.463371 0
017 7 03 1 3 8 3 0 0 0.563347 0
017 7 04 1 5 2 4 0 0 0.812510 0
017 7 05 1 3 6 8 1 1 0.561835 0
017 7 06 1 3 4 6 1 1 0.511788 0
017 7 07 1 2 8 6 1 1 0.455371 0
017 7 08 1 2 6 7 1 1 0.393286 0
017 7 09 1 5 4 8 1 1 0.473497 0
017 7 10 1 2 7 4 0 0 0.626576 0
017 7 11 1 2 6 7 1 1 0.361244 0
017 7 12 1 3 8 2 0 0 0.505421 0
017 7 13 1 2 2 4 0 0 0.583070 0
017 7 14 1 5 2 8 1 1 0.393129 0
017 7 15 1 5 2 4 0 0 0.531587 0
017 7 16 1 2 8 7 1 1 0.432857 0
017 7 17 1 3 2 4 0 0 0.496084 0
017 7 18 1 2 7 2 0 0 0.517876 0
017 7 19 1 5 7 4 0 0 0.506575 0
017 7 20 1 3 6 4 0 0 0.489516 0
017 7 21 1 3 6 8 1 1 0.398813 0
017 7 22 1 2 4 7 1 1 0.713820 0
017 7 23 1 5 7 3 0 0 0.476606 0
017 7 24 1 3 8 2 0 0 0.509448 0
017 7 25 1 5 7 6 1 1 0.447038 0
017 7 26 1 2 8 6 1 1 0.353665 0
017 7 27 1 3 4 8 1 1 0.872763 0
017 7 28 1 5 7 4 0 0 0.572564 0
017 7 29 1 3 4 7 1 1 0.617516 0
017 7 30 1 2 6 8 1 1 0.558981 0
017 7 31 1 5 4 3 0 0 0.466481 0
017 7 32 1 2 7 8 1 1 0.482468 0
017 7 33 1 3 2 3 0 0 0.476301 0
017 7 34 1 3 7 6 1 1 0.501014 0
017 7 35 1 2 2 7 1 1 0.433168 0
017 7 36 1 3 7 3 0 0 0.532914 0
017 7 37 1 5 2 8 1 1 0.544023 0
017 7 38 1 2 2 3 0 0 0.534599 0
017 7 39 1 2 7 3 0 0 0.550925 0
017 7 40 1 3 6 3 0 0 0.536732 0
017 7 41 1 2 8 4 0 0 0.614778 0
017 7 42 1 2 7 3 0 0 0.559093 0
017 7 43 1 3 8 4 0 0 0.519683 0
017 7 44 1 3 6 8 1 1 0.513698 0
017 7 45 1 2 6 7 1 1 0.523903 0
017 7 46 1 2 6 3 0 0 0.528907 0
017 7 47 1 3 8 6 1 1 0.483658 0
017 7 48 1 3 2 8 1 1 0.443484 0
017 7 49 1 5 2 4 0 0 0.526171 0
017 7 50 1 2 7 3 0 0 0.615217 0
017 7 51 1 3 6 3 0 0 0.559501 0
017 7 52 1 5 7 2 0 0 0.562241 0
017 7 53 1 2 3 7 1 1 0.484200 0
017 7 54 1 2 6 8 1 1 0.514163 0
017 7 55 1 2 2 3 0 0 0.521953 0
017 7 56 1 3 7 2 0 0 0.555021 0
017 7 57 1 3 4 6 1 1 0.565939 0
017 7 58 1 5 4 7 1 1 0.531862 0
017 7 59 1 3 8 7 1 1 0.514743 0
017 8 00 1 3 3 8 1 1 0.503665 0
017 8 01 1 3 8 4 0 0 0.500321 0
017 8 02 1 3 6 8 1 1 0.434576 0
017 8 03 1 5 3 7 1 1 0.458513 0
017 8 04 1 3 3 4 0 0 0.507688 0
017 8 05 1 5 3 7 1 1 0.473443 0
017 8 06 1 2 2 4 0 0 0.514228 0
017 8 07 1 3 2 4 0 0 0.695505 0
017 8 08 1 3 4 3 0 0 0.539636 0
017 8 09 1 3 4 2 0 0 0.494950 0
017 8 10 1 3 3 8 1 1 0.418588 0
017 8 11 1 2 2 7 1 1 0.431328 0
017 8 12 1 5 3 6 1 1 0.514513 0
017 8 13 1 2 7 4 0 0 0.491395 0
017 8 14 1 3 7 8 1 1 0.451939 0
017 8 15 1 3 8 2 0 0 0.456121 0
017 8 16 1 5 8 6 1 1 0.542324 0
017 8 17 1 5 8 2 0 0 0.517086 0
017 8 18 1 5 4 3 0 0 0.662107 0
017 8 19 1 3 2 7 1 1 0.486318 0
017 8 20 1 3 7 4 0 0 0.566605 0
017 8 21 1 5 8 7 1 1 0.406479 0
017 8 22 1 5 8 6 1 1 0.461450 0
017 8 23 1 3 8 3 0 0 0.547195 0
017 8 24 1 3 7 3 0 0 0.586101 0
017 8 25 1 3 8 2 0 0 0.566385 0
017 8 26 1 5 3 2 0 0 0.465487 0
017 8 27 1 5 3 6 1 1 0.503729 0
017 8 28 1 2 2 7 1 1 0.491622 0
017 8 29 1 2 6 8 1 1 0.501870 0
017 8 30 1 3 2 3 0 0 0.448807 0
017 8 31 1 5 8 7 1 1 0.447929 0
017 8 32 1 2 2 4 0 0 0.530533 0
017 8 33 1 5 6 4 0 0 0.504097 0
017 8 34 1 3 7 6 1 1 0.397206 0
017 8 35 1 2 3 6 1 1 0.459868 0
017 8 36 1 2 4 2 0 0 0.447203 0
017 8 37 1 3 4 8 1 1 0.426049 0
017 8 38 1 3 2 7 1 1 0.460713 0
017 8 39 1 5 4 3 0 0 0.409411 0
017 8 40 1 3 7 4 0 0 0.713239 0
017 8 41 1 3 3 4 0 0 0.498728 0
017 8 42 1 5 7 6 1 1 0.417084 0
017 8 43 1 3 3 4 0 0 0.566616 0
017 8 44 1 5 2 7 1 1 0.518078 0
017 8 45 1 5 4 7 1 1 0.472261 0
017 8 46 1 2 8 4 0 0 0.529909 0
017 8 47 1 2 4 7 1 1 0.689192 0
017 8 48 1 3 6 4 0 0 0.533640 0
017 8 49 1 5 8 4 0 0 0.583694 0
017 8 50 1 3 6 7 1 1 0.611637 0
017 8 51 1 5 8 6 1 1 0.572782 0
017 8 52 1 2 7 3 0 0 0.474716 0
017 8 53 1 2 6 3 0 0 0.488246 0
017 8 54 1 5 2 3 0 0 0.540771 0
017 8 55 1 2 4 3 0 0 0.599126 0
017 8 56 1 2 8 4 0 0 0.736228 0
017 8 57 1 5 6 8 1 1 0.494032 0
017 8 58 1 3 3 7 1 1 1.394458 0
017 8 59 1 2 7 2 0 0 0.708339 0
017 9 00 0 12 7 8 1 1 2.838494 0
017 9 01 0 12 4 2 0 0 1.623293 0
017 9 02 0 5 4 2 0 0 2.011547 0
017 9 03 0 2 2 7 1 0 2.287649 0
017 9 04 0 12 2 6 0 0 1.034406 0
017 9 05 0 5 3 6 0 0 0.832356 0
017 9 06 0 5 4 7 0 0 0.956909 0
017 9 07 0 2 6 8 1 1 0.745701 0
017 9 08 0 2 7 2 0 1 2.048070 0
017 9 09 0 3 8 2 1 1 0.728760 0
017 9 10 0 3 4 6 1 0 2.276695 0
017 9 11 0 12 2 6 0 0 0.945062 0
017 9 12 0 2 3 7 1 0 1.607450 0
017 9 13 0 12 4 2 0 0 2.051425 0
017 9 14 0 2 6 3 1 1 1.459677 0
017 9 15 0 5 3 7 0 0 1.403806 0
017 9 16 0 2 8 7 0 1 1.048057 0
017 9 17 0 3 7 6 1 1 0.943965 0
017 9 18 0 5 4 8 0 0 0.741334 0
017 9 19 0 2 6 3 1 1 1.202970 0
017 9 20 0 3 3 8 0 0 1.108214 0
017 9 21 0 3 3 7 1 0 1.195212 0
017 9 22 0 12 8 6 0 1 0.757151 0
017 9 23 0 3 2 4 0 0 5.937366 0
017 9 24 0 2 7 8 0 1 0.701904 0
017 9 25 0 12 8 7 1 1 1.167002 0
017 9 26 0 5 6 3 0 1 1.002363 0
017 9 27 0 12 6 2 1 1 1.231907 0
017 9 28 0 2 2 3 0 0 0.952759 0
017 9 29 0 5 4 2 1 0 0.828675 0
017 9 30 0 5 7 3 1 1 0.930293 0
017 9 31 0 12 3 6 0 0 1.004856 0
017 9 32 0 5 2 4 1 0 2.090384 0
017 9 33 0 12 6 3 1 1 2.095225 0
017 9 34 0 2 7 2 0 1 1.011041 0
017 9 35 0 12 6 2 1 1 0.831601 0
017 9 36 0 12 8 6 1 1 1.200019 0
017 9 37 0 3 8 3 0 1 1.103643 0
017 9 38 0 2 7 3 0 1 0.943945 0
017 9 39 0 3 2 7 0 0 0.985191 0
017 9 40 0 3 6 7 0 1 0.791768 0
017 9 41 0 12 4 7 0 0 0.868354 0
017 9 42 0 12 6 4 1 1 1.228405 0
017 9 43 0 3 8 6 0 1 1.005785 0
017 9 44 0 12 8 4 1 1 1.960141 0
017 9 45 0 2 3 7 0 0 1.209807 0
017 9 46 0 12 8 2 0 1 2.028718 0
017 9 47 0 3 2 3 1 0 1.092758 0
017 9 48 0 12 7 4 1 1 0.987141 0
017 9 49 0 5 3 2 1 0 0.780013 0
017 9 50 0 2 2 6 0 0 1.211933 0
017 9 51 0 12 6 7 1 1 1.617150 0
017 9 52 0 5 6 4 1 1 1.024974 0
017 9 53 0 5 6 2 1 1 1.184178 0
017 9 54 0 2 8 7 1 1 0.801340 0
017 9 55 0 12 8 3 1 1 0.763289 0
017 9 56 0 12 8 7 1 1 0.915382 0
017 9 57 0 2 4 7 1 0 0.877741 0
017 9 58 0 3 4 3 1 0 1.203456 0
017 9 59 0 5 7 4 0 1 0.932906 0
017 9 60 0 2 7 2 1 1 1.620056 0
017 9 61 0 5 7 2 1 1 0.708791 0
017 9 62 0 12 7 4 1 1 0.960859 0
017 9 63 0 12 7 4 1 1 0.879168 0
017 9 64 0 12 7 2 1 1 0.595331 0
017 9 65 0 5 4 3 0 0 0.737609 0
017 9 66 0 5 4 7 0 0 1.076797 0
017 9 67 0 12 3 2 0 0 0.839352 0
017 9 68 0 3 4 3 0 0 0.717020 0
017 9 69 0 12 6 8 0 1 1.123186 0
017 9 70 0 5 8 4 1 1 0.902310 0
017 9 71 0 2 3 4 0 0 1.685372 0
017 9 72 0 5 7 4 1 1 0.771797 0
017 9 73 0 3 6 3 0 1 1.063911 0
017 9 74 0 12 8 2 1 1 0.672248 0
017 9 75 0 5 2 4 0 0 0.834220 0
017 9 76 0 5 4 8 1 0 0.932986 0
017 9 77 0 3 7 2 0 1 1.954094 0
017 9 78 0 2 4 8 1 0 0.568790 0
017 9 79 0 3 7 3 1 1 0.668828 0
017 9 80 0 12 8 6 0 1 0.824339 0
017 9 81 0 12 2 8 1 0 0.596557 0
017 9 82 0 5 8 7 0 1 0.791505 0
017 9 83 0 5 2 6 0 0 0.859836 0
017 9 84 0 5 2 7 0 0 1.017544 0
017 9 85 0 3 8 2 1 1 0.857250 0
017 9 86 0 3 4 2 1 0 0.782413 0
017 9 87 0 2 3 8 0 0 0.710133 0
017 9 88 0 12 7 6 1 1 0.775098 0
017 9 89 0 3 6 2 0 1 0.845145 0
017 9 90 0 12 2 7 0 0 0.812680 0
017 9 91 0 3 8 3 1 1 0.712445 0
017 9 92 0 12 8 3 1 1 0.690476 0
017 9 93 0 12 6 2 1 1 0.645830 0
017 9 94 0 3 4 2 1 0 0.762827 0
017 9 95 0 12 7 6 1 1 0.663282 0
017 9 96 0 12 7 2 1 1 0.651835 0
017 9 97 0 5 6 7 0 1 0.715385 0
017 9 98 0 5 3 2 1 0 0.611625 0
017 9 99 0 12 3 7 1 0 0.848905 0
017 10 00 0 5 3 8 0 0 1.029248 0
017 10 01 0 3 4 8 0 0 0.790963 0
017 10 02 0 3 4 6 0 0 1.398399 0
017 10 03 0 5 3 4 1 0 0.770780 0
017 10 04 0 3 7 6 0 1 0.872427 0
017 10 05 0 2 3 4 1 0 0.674991 0
017 10 06 0 5 6 7 1 1 0.599269 0
017 10 07 0 12 2 3 0 0 0.867560 0
017 10 08 0 12 3 2 0 0 1.000737 0
017 10 09 0 12 8 4 1 1 0.638838 0
017 10 10 0 12 2 4 0 0 1.327564 0
017 10 11 0 12 3 6 1 0 0.946214 0
017 10 12 0 2 6 3 0 1 1.031521 0
017 10 13 0 2 4 3 0 0 0.916165 0
017 10 14 0 5 7 8 0 1 0.970284 0
017 10 15 0 2 8 4 1 1 0.742437 0
017 10 16 0 5 8 7 1 1 0.877107 0
017 10 17 0 3 8 6 1 1 0.586901 0
017 10 18 0 12 2 3 0 0 0.861344 0
017 10 19 0 5 8 3 1 1 1.114134 0
017 10 20 0 3 3 7 1 0 1.281894 0
017 10 21 0 5 2 6 1 0 0.664506 0
017 10 22 0 2 3 6 1 0 0.680586 0
017 10 23 0 3 7 4 0 1 0.693964 0
017 10 24 0 12 6 8 1 1 0.680729 0
017 10 25 0 12 6 4 0 1 0.672303 0
017 10 26 0 3 4 2 0 0 0.616120 0
017 10 27 0 5 3 7 1 0 0.842276 0
017 10 28 0 12 2 7 1 0 0.782215 0
017 10 29 0 2 2 8 1 0 0.586852 0
017 10 30 0 12 3 2 0 0 0.541744 0
017 10 31 0 12 4 3 0 0 0.641362 0
017 10 32 0 12 8 4 0 1 0.912560 0
017 10 33 0 3 3 6 1 0 0.956111 0
017 10 34 0 12 6 3 1 1 1.023478 0
017 10 35 0 5 4 3 0 0 0.622166 0
017 10 36 0 12 6 7 1 1 0.759137 0
017 10 37 0 5 3 6 1 0 0.533057 0
017 10 38 0 5 3 6 1 0 1.746851 0
017 10 39 0 12 4 6 1 0 0.892372 0
017 10 40 0 3 4 8 1 0 0.652489 0
017 10 41 0 2 8 6 1 1 0.545146 0
017 10 42 0 5 6 8 1 1 0.527133 0
017 10 43 0 3 3 6 1 0 0.508789 0
017 10 44 0 3 7 2 0 1 0.526623 0
017 10 45 0 12 7 3 1 1 0.771903 0
017 10 46 0 5 7 3 0 1 1.005265 0
017 10 47 0 3 8 4 1 1 0.794768 0
017 10 48 0 12 2 3 0 0 1.235336 0
017 10 49 0 3 7 6 1 1 0.523533 0
017 10 50 0 12 2 3 0 0 1.357278 0
017 10 51 0 12 3 6 1 0 0.572917 0
017 10 52 0 12 2 4 0 0 0.827079 0
017 10 53 0 5 8 3 0 1 0.611971 0
017 10 54 0 12 2 4 0 0 0.639255 0
017 10 55 0 5 6 7 1 1 0.484676 0
017 10 56 0 5 2 3 0 0 0.553042 0
017 10 57 0 3 7 8 1 1 0.526106 0
017 10 58 0 12 4 3 0 0 0.707271 0
017 10 59 0 12 4 3 0 0 0.505801 0
017 10 60 0 12 4 7 1 0 0.885365 0
017 10 61 0 3 2 4 0 0 0.550840 0
017 10 62 0 2 2 4 0 0 0.650001 0
017 10 63 0 12 4 2 0 0 0.445263 0
017 10 64 0 2 6 2 0 1 0.491188 0
017 10 65 0 12 7 2 0 1 0.571533 0
017 10 66 0 2 4 2 1 0 0.741507 0
017 10 67 0 3 4 7 1 0 0.669737 0
017 10 68 0 12 7 6 1 1 0.527565 0
017 10 69 0 3 4 8 1 0 0.534841 0
017 10 70 0 5 2 7 1 0 0.517064 0
017 10 71 0 5 2 8 1 0 0.485160 0
017 10 72 0 3 3 4 0 0 4.578742 0
017 10 73 0 2 7 3 0 1 0.886681 0
017 10 74 0 5 6 4 1 1 0.703634 0
017 10 75 0 2 8 2 1 1 1.311061 0
017 10 76 0 3 3 8 1 0 0.495088 0
017 10 77 0 12 3 2 0 0 1.065121 0
017 10 78 0 5 8 2 1 1 0.813079 0
017 10 79 0 5 6 3 0 1 0.604292 0
017 10 80 0 2 7 4 0 1 0.858235 0
017 10 81 0 2 3 8 1 0 0.769641 0
017 10 82 0 2 3 6 1 0 0.557720 0
017 10 83 0 12 4 2 0 0 0.585296 0
017 10 84 0 12 3 4 0 0 0.685936 0
017 10 85 0 5 3 4 0 0 0.473169 0
017 10 86 0 12 3 7 1 0 0.455236 0
017 10 87 0 2 8 4 0 1 0.537871 0
017 10 88 0 2 6 2 0 1 0.497782 0
017 10 89 0 2 3 4 0 0 0.745122 0
017 10 90 0 3 4 7 1 0 0.562847 0
017 10 91 0 12 2 8 1 0 0.523529 0
017 10 92 0 12 3 6 1 0 0.595966 0
017 10 93 0 2 8 3 0 1 0.651327 0
017 10 94 0 5 4 6 1 0 0.488184 0
017 10 95 0 2 4 2 0 0 0.481106 0
017 10 96 0 2 2 8 1 0 0.445486 0
017 10 97 0 5 2 8 1 0 0.446995 0
017 10 98 0 2 4 8 1 0 0.481731 0
017 10 99 0 12 6 4 0 1 0.586654 0
017 11 00 0 3 2 8 1 0 0.585936 0
017 11 01 0 12 4 8 1 0 0.555191 0
017 11 02 0 12 7 8 1 1 0.579799 0
017 11 03 0 2 3 2 0 0 1.542019 0
017 11 04 0 2 2 3 1 0 0.988838 0
017 11 05 0 3 2 3 1 0 0.747424 0
017 11 06 0 2 6 7 1 1 0.523682 0
017 11 07 0 5 7 3 0 1 1.127002 0
017 11 08 0 12 7 4 0 1 0.615203 0
017 11 09 0 2 4 3 0 0 0.720863 0
017 11 10 0 2 2 3 0 0 0.611410 0
017 11 11 0 3 6 8 1 1 0.590722 0
017 11 12 0 12 4 7 1 0 0.657622 0
017 11 13 0 12 4 8 1 0 0.587532 0
017 11 14 0 3 6 4 0 1 0.794251 0
017 11 15 0 2 8 2 0 1 0.526091 0
017 11 16 0 2 4 8 1 0 0.627992 0
017 11 17 0 2 3 6 1 0 0.602290 0
017 11 18 0 2 2 4 0 0 0.486296 0
017 11 19 0 5 8 6 1 1 0.540441 0
017 11 20 0 3 7 8 1 1 0.500175 0
017 11 21 0 12 3 7 1 0 0.504591 0
017 11 22 0 12 7 2 0 1 0.506494 0
017 11 23 0 2 3 2 0 0 0.532884 0
017 11 24 0 5 7 6 1 1 0.509211 0
017 11 25 0 3 6 3 0 1 0.511016 0
017 11 26 0 3 7 2 0 1 0.537889 0
017 11 27 0 5 7 6 1 1 0.523114 0
017 11 28 0 3 6 3 0 1 0.536260 0
017 11 29 0 12 8 7 1 1 0.482592 0
017 11 30 0 3 6 7 1 1 0.509307 0
017 11 31 0 2 7 6 1 1 0.555881 0
017 11 32 0 5 2 7 1 0 0.476389 0
017 11 33 0 5 2 6 0 0 0.908712 0
017 11 34 0 2 8 3 0 1 0.590964 0
017 11 35 0 12 8 7 1 1 0.587981 0
017 11 36 0 5 8 7 1 1 0.642993 0
017 11 37 0 3 8 3 0 1 0.544698 0
017 11 38 0 12 8 2 0 1 1.003149 0
017 11 39 0 2 2 7 1 0 0.579671 0
017 11 40 0 12 2 8 0 0 0.761917 0
017 11 41 0 3 8 7 1 1 0.571749 0
017 11 42 0 3 7 4 0 1 0.699795 0
017 11 43 0 2 2 8 1 0 0.596421 0
017 11 44 0 3 3 4 0 0 0.584582 0
017 11 45 0 3 6 8 1 1 0.452130 0
017 11 46 0 5 6 4 0 1 0.531717 0
017 11 47 0 5 3 8 1 0 0.446336 0
017 11 48 0 2 6 8 1 1 0.553808 0
017 11 49 0 2 4 3 0 0 0.479960 0
