019 0 00 1 1 7 3 0 0 1.609911 0
019 0 01 1 4 6 8 1 1 1.282676 0
019 0 02 1 6 6 4 0 0 1.224256 0
019 0 03 1 1 8 6 1 1 1.055908 0
019 0 04 1 4 3 7 1 1 0.984300 0
019 0 05 1 6 2 6 1 1 1.164390 0
019 0 06 1 4 8 4 0 0 0.840808 0
019 0 07 1 6 3 7 1 1 0.839783 0
019 0 08 1 1 3 4 0 0 0.642193 0
019 0 09 1 1 2 4 0 0 0.616924 0
019 0 10 1 1 4 3 0 0 0.667020 0
019 0 11 1 4 2 6 1 1 0.610744 0
019 0 12 1 1 7 8 1 1 0.769677 0
019 0 13 1 6 6 7 1 1 0.843307 0
019 0 14 1 6 2 7 1 1 0.729779 0
019 0 15 1 1 8 2 0 0 0.645681 0
019 0 16 1 1 7 6 1 1 0.686799 0
019 0 17 1 1 6 2 0 0 0.492673 0
019 0 18 1 1 2 8 1 1 0.616648 0
019 0 19 1 1 8 7 1 1 0.620803 0
019 0 20 1 6 3 8 1 1 0.585761 0
019 0 21 1 4 4 3 0 0 0.500399 0
019 0 22 1 6 4 7 1 1 0.681195 0
019 0 23 1 1 4 8 1 1 0.666339 0
019 0 24 1 1 4 2 0 0 0.567696 0
019 0 25 1 1 3 4 0 0 0.717882 0
019 0 26 1 4 6 7 1 1 0.448731 0
019 0 27 1 4 8 2 0 0 0.546801 0
019 0 28 1 6 2 4 0 0 0.557189 0
019 0 29 1 4 8 3 0 0 0.524585 0
019 0 30 1 4 7 8 1 1 0.442137 0
019 0 31 1 4 3 4 0 0 0.543154 0
019 0 32 1 1 6 7 1 1 0.516461 0
019 0 33 1 1 6 4 0 0 0.460959 0
019 0 34 1 1 6 7 1 1 0.494707 0
019 0 35 1 1 7 4 0 0 0.413839 0
019 0 36 1 6 8 3 0 0 0.481206 0
019 0 37 1 6 3 7 1 1 0.476670 0
019 0 38 1 6 6 3 0 0 0.449518 0
019 0 39 1 4 8 4 0 0 0.519899 0
019 0 40 1 1 2 6 1 1 0.742507 0
019 0 41 1 4 4 8 1 1 0.568583 0
019 0 42 1 6 4 3 0 0 0.443680 0
019 0 43 1 4 2 6 1 1 0.505380 0
019 0 44 1 1 8 4 0 0 0.494500 0
019 0 45 1 1 2 3 0 0 0.479037 0
019 0 46 1 1 3 8 1 1 0.485164 0
019 0 47 1 6 7 8 1 1 0.460682 0
019 0 48 1 4 2 7 1 1 0.593252 0
019 0 49 1 4 3 2 0 0 0.401472 0
019 0 50 1 1 2 7 1 1 0.473849 0
019 0 51 1 6 8 2 0 0 0.401036 0
019 0 52 1 6 7 8 1 1 0.404341 0
019 0 53 1 4 6 3 0 0 0.494458 0
019 0 54 1 4 6 7 1 1 0.523631 0
019 0 55 1 4 7 6 1 1 0.695686 0
019 0 56 1 1 7 6 1 1 0.488046 0
019 0 57 1 4 7 6 1 1 0.454902 0
019 0 58 1 4 3 2 0 0 0.466588 0
019 0 59 1 6 3 6 1 1 0.672389 0
019 1 00 1 4 2 8 1 1 0.554670 0
019 1 01 1 4 7 8 1 1 0.458004 0
019 1 02 1 1 6 8 1 1 0.483604 0
019 1 03 1 1 3 8 1 1 0.459156 0
019 1 04 1 4 7 2 0 0 0.437687 0
019 1 05 1 1 8 2 0 0 0.466151 0
019 1 06 1 4 3 7 1 1 0.924170 0
019 1 07 1 1 3 4 0 0 0.463482 0
019 1 08 1 1 8 4 0 0 0.500283 0
019 1 09 1 4 8 3 0 0 0.537468 0
019 1 10 1 6 6 4 0 0 0.421717 0
019 1 11 1 1 6 3 0 0 0.455590 0
019 1 12 1 4 2 4 0 0 0.483834 0
019 1 13 1 6 2 3 0 0 0.408896 0
019 1 14 1 6 6 8 1 1 0.429110 0
019 1 15 1 4 4 7 1 1 0.412632 0
019 1 16 1 6 7 3 0 0 0.499807 0
019 1 17 1 4 8 3 0 0 0.446831 0
019 1 18 1 1 3 6 1 1 0.469324 0
019 1 19 1 1 6 3 0 0 0.391014 0
019 1 20 1 6 2 4 0 0 0.537082 0
019 1 21 1 6 7 8 1 1 0.408924 0
019 1 22 1 4 6 4 0 0 0.495716 0
019 1 23 1 4 3 6 1 1 0.428927 0
019 1 24 1 6 8 2 0 0 0.423334 0
019 1 25 1 1 4 3 0 0 0.397403 0
019 1 26 1 6 7 6 1 1 0.546318 0
019 1 27 1 6 2 8 1 1 0.502706 0
019 1 28 1 1 3 7 1 1 0.533779 0
019 1 29 1 1 4 7 1 1 0.481320 0
019 1 30 1 4 2 6 1 1 0.467814 0
019 1 31 1 1 4 7 1 1 0.450863 0
019 1 32 1 4 8 4 0 0 0.478702 0
019 1 33 1 1 2 6 1 1 0.408573 0
019 1 34 1 4 2 7 1 1 0.548443 0
019 1 35 1 4 7 2 0 0 0.411697 0
019 1 36 1 4 7 6 1 1 0.372390 0
019 1 37 1 4 7 4 0 0 0.371565 0
019 1 38 1 4 7 8 1 1 0.365257 0
019 1 39 1 6 7 4 0 0 0.373489 0
019 1 40 1 6 8 6 1 1 0.561077 0
019 1 41 1 6 4 8 1 1 0.520645 0
019 1 42 1 4 8 6 1 1 0.434775 0
019 1 43 1 1 8 6 1 1 0.482094 0
019 1 44 1 6 4 2 0 0 0.392668 0
019 1 45 1 4 4 6 1 1 0.462357 0
019 1 46 1 1 3 4 0 0 0.386919 0
019 1 47 1 6 2 4 0 0 0.471108 0
019 1 48 1 4 4 2 0 0 0.429553 0
019 1 49 1 1 3 7 1 1 0.392755 0
019 1 50 1 4 2 3 0 0 0.412158 0
019 1 51 1 4 7 8 1 1 0.375313 0
019 1 52 1 1 6 2 0 0 0.357549 0
019 1 53 1 6 7 2 0 0 0.388076 0
019 1 54 1 1 8 3 0 0 0.488702 0
019 1 55 1 6 4 2 0 0 0.444229 0
019 1 56 1 1 6 2 0 0 0.443983 0
019 1 57 1 6 6 2 0 0 0.393680 0
019 1 58 1 4 7 6 1 1 0.379644 0
019 1 59 1 6 2 7 0 1 0.396387 0
019 2 00 1 6 8 7 1 1 0.666604 0
019 2 01 1 4 6 4 0 0 0.910094 0
019 2 02 1 6 7 4 0 0 0.595305 0
019 2 03 1 4 3 4 0 0 0.684305 0
019 2 04 1 6 4 8 1 1 0.942297 0
019 2 05 1 1 6 3 0 0 0.590902 0
019 2 06 1 1 3 4 0 0 0.558907 0
019 2 07 1 6 4 6 1 1 0.885938 0
019 2 08 1 6 2 6 1 1 0.531306 0
019 2 09 1 1 7 2 0 0 0.495559 0
019 2 10 1 1 4 7 1 1 0.709213 0
019 2 11 1 4 7 4 0 0 0.748186 0
019 2 12 1 6 3 4 0 0 0.544055 0
019 2 13 1 1 6 4 0 0 0.640716 0
019 2 14 1 4 7 2 0 0 0.544666 0
019 2 15 1 1 7 2 0 0 0.481331 0
019 2 16 1 4 7 4 0 0 0.664551 0
019 2 17 1 4 4 3 0 0 0.591475 0
019 2 18 1 4 3 6 1 1 0.472805 0
019 2 19 1 4 4 8 1 1 0.607720 0
019 2 20 1 4 6 3 0 0 0.508534 0
019 2 21 1 1 7 6 1 1 0.703269 0
019 2 22 1 1 2 7 1 1 0.753219 0
019 2 23 1 4 6 2 0 0 0.497795 0
019 2 24 1 6 8 2 0 0 0.499288 0
019 2 25 1 1 2 7 1 1 0.699170 0
019 2 26 1 4 8 3 0 0 0.505003 0
019 2 27 1 4 8 2 0 0 0.475308 0
019 2 28 1 6 4 3 0 0 0.510061 0
019 2 29 1 6 4 2 0 0 0.514364 0
019 2 30 1 4 2 4 0 0 0.686817 0
019 2 31 1 4 3 8 1 1 0.866827 0
019 2 32 1 6 3 2 0 0 0.579865 0
019 2 33 1 1 7 8 1 1 0.550999 0
019 2 34 1 4 2 3 0 0 0.644686 0
019 2 35 1 6 3 8 1 1 0.546278 0
019 2 36 1 4 3 2 0 0 0.437988 0
019 2 37 1 1 4 2 0 0 0.477890 0
019 2 38 1 6 4 6 1 1 0.529151 0
019 2 39 1 4 2 6 1 1 0.547026 0
019 2 40 1 6 8 6 1 1 0.458451 0
019 2 41 1 1 7 4 0 0 0.497783 0
019 2 42 1 4 8 6 1 1 0.495421 0
019 2 43 1 4 3 4 0 0 0.838213 0
019 2 44 1 1 2 4 0 0 0.466516 0
019 2 45 1 4 2 8 1 1 0.632880 0
019 2 46 1 4 2 3 0 0 0.468984 0
019 2 47 1 6 8 4 0 0 0.711237 0
019 2 48 1 6 3 7 1 1 0.518488 0
019 2 49 1 4 3 6 1 1 0.760843 0
019 2 50 1 6 4 8 1 1 0.542859 0
019 2 51 1 6 6 3 0 0 0.850057 0
019 2 52 1 4 7 8 1 1 0.742598 0
019 2 53 1 4 2 7 1 1 0.605766 0
019 2 54 1 6 4 8 1 1 0.557201 0
019 2 55 1 6 8 4 0 0 0.752576 0
019 2 56 1 6 8 2 0 0 1.342873 0
019 2 57 1 4 2 4 0 0 0.580952 0
019 2 58 1 4 3 4 0 0 0.501970 0
019 2 59 1 6 2 3 0 0 0.436060 0
019 3 00 1 1 6 4 0 0 0.875180 0
019 3 01 1 1 8 7 1 1 0.933166 0
019 3 02 1 4 8 2 0 0 0.604546 0
019 3 03 1 4 8 6 1 1 0.612731 0
019 3 04 1 4 6 2 0 0 0.407221 0
019 3 05 1 4 4 3 0 0 0.477167 0
019 3 06 1 4 8 7 1 1 0.410363 0
019 3 07 1 6 2 8 1 1 0.618009 0
019 3 08 1 6 8 3 0 0 0.578022 0
019 3 09 1 6 7 6 1 1 0.701096 0
019 3 10 1 1 4 7 1 1 0.678125 0
019 3 11 1 4 4 7 1 1 0.565379 0
019 3 12 1 6 6 3 0 0 0.592165 0
019 3 13 1 6 6 8 1 1 1.455965 0
019 3 14 1 6 4 2 0 0 0.451449 0
019 3 15 1 1 2 4 0 0 0.494516 0
019 3 16 1 1 3 7 1 1 0.486945 0
019 3 17 1 1 2 6 1 1 0.832283 0
019 3 18 1 4 6 7 1 1 0.605811 0
019 3 19 1 1 3 2 0 0 0.466275 0
019 3 20 1 6 2 3 0 0 0.446369 0
019 3 21 1 6 8 4 0 0 0.452389 0
019 3 22 1 1 2 8 1 1 0.859567 0
019 3 23 1 1 3 6 1 1 0.552226 0
019 3 24 1 6 3 7 1 1 0.831319 0
019 3 25 1 1 7 3 0 0 0.517915 0
019 3 26 1 1 4 7 1 1 0.936639 0
019 3 27 1 4 4 2 0 0 0.435699 0
019 3 28 1 4 4 7 1 1 0.750909 0
019 3 29 1 1 8 3 0 0 0.515347 0
019 3 30 1 6 6 8 1 1 0.488976 0
019 3 31 1 6 3 8 1 1 0.593639 0
019 3 32 1 4 6 8 1 1 0.563904 0
019 3 33 1 1 6 3 0 0 0.584463 0
019 3 34 1 4 6 7 1 1 0.462782 0
019 3 35 1 6 2 3 0 0 0.405074 0
019 3 36 1 4 6 2 0 0 0.540389 0
019 3 37 1 6 6 3 0 0 0.617432 0
019 3 38 1 6 7 4 0 0 0.543970 0
019 3 39 1 6 7 2 0 0 0.520642 0
019 3 40 1 1 6 7 1 1 0.561496 0
019 3 41 1 4 6 8 1 1 0.520744 0
019 3 42 1 4 4 2 0 0 0.550007 0
019 3 43 1 4 7 2 0 0 0.515299 0
019 3 44 1 4 4 6 1 1 0.581662 0
019 3 45 1 4 6 4 0 0 0.530309 0
019 3 46 1 6 3 8 1 1 0.718708 0
019 3 47 1 4 7 4 0 0 0.539190 0
019 3 48 1 1 4 6 1 1 1.504799 0
019 3 49 1 1 2 4 0 0 0.575375 0
019 3 50 1 6 3 7 1 1 2.064446 0
019 3 51 1 4 6 7 1 1 0.450620 0
019 3 52 1 1 3 2 0 0 0.484216 0
019 3 53 1 1 6 4 0 0 0.529659 0
019 3 54 1 1 3 8 1 1 0.606714 0
019 3 55 1 4 4 2 0 0 0.448596 0
019 3 56 1 1 7 6 1 1 0.681419 0
019 3 57 1 1 7 8 1 1 0.834834 0
019 3 58 1 1 7 2 0 0 0.417652 0
019 3 59 1 6 8 7 1 1 0.438203 0
019 4 00 1 1 7 8 1 1 0.494415 0
019 4 01 1 1 8 3 0 0 0.489467 0
019 4 02 1 4 4 2 0 0 0.479899 0
019 4 03 1 6 7 2 0 0 0.495391 0
019 4 04 1 1 4 8 1 1 0.538653 0
019 4 05 1 1 2 3 0 0 0.904270 0
019 4 06 1 6 3 4 0 0 0.753119 0
019 4 07 1 1 8 7 1 1 0.453676 0
019 4 08 1 6 4 3 0 0 0.443201 0
019 4 09 1 6 3 6 1 1 0.429886 0
019 4 10 1 6 8 7 1 1 0.452928 0
019 4 11 1 4 3 4 0 0 0.506820 0
019 4 12 1 6 8 4 0 0 0.564682 0
019 4 13 1 6 2 6 1 1 0.569667 0
019 4 14 1 4 2 6 1 1 0.562602 0
019 4 15 1 4 6 3 0 0 0.443336 0
019 4 16 1 1 3 2 0 0 0.511422 0
019 4 17 1 1 7 2 0 0 0.478849 0
019 4 18 1 6 2 4 0 0 0.415548 0
019 4 19 1 1 6 8 1 1 0.446486 0
019 4 20 1 1 2 3 0 0 0.399145 0
019 4 21 1 6 4 7 1 1 0.449745 0
019 4 22 1 4 2 3 0 0 0.391292 0
019 4 23 1 1 8 6 1 1 0.407606 0
019 4 24 1 4 8 3 0 0 0.432644 0
019 4 25 1 1 8 7 1 1 0.368260 0
019 4 26 1 1 6 8 1 1 0.513602 0
019 4 27 1 1 7 2 0 0 0.483559 0
019 4 28 1 6 3 6 1 1 0.484889 0
019 4 29 1 6 8 2 0 0 0.460433 0
019 4 30 1 4 7 2 0 0 0.576111 0
019 4 31 1 6 6 7 1 1 0.530536 0
019 4 32 1 1 4 2 0 0 0.407899 0
019 4 33 1 6 2 8 1 1 0.503280 0
019 4 34 1 6 8 7 1 1 0.515496 0
019 4 35 1 4 2 8 1 1 0.538597 0
019 4 36 1 4 2 8 1 1 0.421798 0
019 4 37 1 4 7 3 0 0 0.427393 0
019 4 38 1 4 3 7 1 1 0.421905 0
019 4 39 1 4 4 6 1 1 0.500317 0
019 4 40 1 1 6 8 1 1 0.411067 0
019 4 41 1 4 8 7 1 1 0.548365 0
019 4 42 1 4 7 2 0 0 0.473776 0
019 4 43 1 4 8 2 0 0 0.469184 0
019 4 44 1 1 6 7 1 1 0.601735 0
019 4 45 1 6 8 7 1 1 0.527880 0
019 4 46 1 4 4 3 0 0 0.519804 0
019 4 47 1 1 8 6 1 1 0.630343 0
019 4 48 1 4 7 3 0 0 0.505765 0
019 4 49 1 6 3 2 0 0 0.464710 0
019 4 50 1 4 4 8 1 1 0.487793 0
019 4 51 1 1 2 7 1 1 0.518886 0
019 4 52 1 6 6 2 0 0 0.477582 0
019 4 53 1 1 8 4 0 0 0.711155 0
019 4 54 1 4 4 7 1 1 0.411419 0
019 4 55 1 4 3 8 1 1 0.585625 0
019 4 56 1 4 6 8 1 1 0.491627 0
019 4 57 1 1 3 2 0 0 0.385071 0
019 4 58 1 4 8 6 1 1 0.547826 0
019 4 59 1 4 2 3 0 0 0.423196 0
019 5 00 1 6 3 4 0 0 0.480367 0
019 5 01 1 4 4 7 1 1 0.386052 0
019 5 02 1 6 4 6 1 1 0.430978 0
019 5 03 1 4 6 3 0 0 0.411433 0
019 5 04 1 1 3 7 1 1 0.434143 0
019 5 05 1 4 6 2 0 0 0.476572 0
019 5 06 1 6 2 3 0 0 0.617886 0
019 5 07 1 4 8 7 1 1 0.348270 0
019 5 08 1 1 6 4 0 0 0.414786 0
019 5 09 1 6 6 8 1 1 0.350488 0
019 5 10 1 4 7 4 0 0 0.448354 0
019 5 11 1 6 4 3 0 0 0.384673 0
019 5 12 1 6 8 6 1 1 0.564497 0
019 5 13 1 4 3 8 1 1 0.487222 0
019 5 14 1 4 8 6 1 1 0.527399 0
019 5 15 1 1 4 6 1 1 0.441489 0
019 5 16 1 1 6 3 0 0 0.368377 0
019 5 17 1 6 2 7 1 1 0.458178 0
019 5 18 1 6 7 4 0 0 0.576531 0
019 5 19 1 1 7 4 0 0 0.533980 0
019 5 20 1 4 7 3 0 0 0.645129 0
019 5 21 1 6 6 8 1 1 0.426668 0
019 5 22 1 4 6 4 0 0 0.466247 0
019 5 23 1 6 7 3 0 0 0.461598 0
019 5 24 1 6 3 4 0 0 0.462776 0
019 5 25 1 6 4 2 0 0 0.463871 0
019 5 26 1 1 6 8 1 1 0.425118 0
019 5 27 1 1 7 8 1 1 0.559408 0
019 5 28 1 4 4 6 1 1 0.471568 0
019 5 29 1 1 2 8 1 1 0.483036 0
019 5 30 1 1 6 2 0 0 0.395864 0
019 5 31 1 6 7 2 0 0 0.519537 0
019 5 32 1 6 7 3 0 0 0.574581 0
019 5 33 1 6 7 8 1 1 0.444952 0
019 5 34 1 4 4 6 1 1 0.622026 0
019 5 35 1 4 3 7 1 1 0.733280 0
019 5 36 1 6 3 6 1 1 0.487125 0
019 5 37 1 4 6 2 0 0 0.426095 0
019 5 38 1 1 8 6 1 1 0.555828 0
019 5 39 1 6 3 7 1 1 0.523612 0
019 5 40 1 6 2 7 1 1 0.555566 0
019 5 41 1 6 4 2 0 0 0.422147 0
019 5 42 1 4 3 8 1 1 0.650025 0
019 5 43 1 6 6 7 1 1 1.224545 0
019 5 44 1 4 7 3 0 0 0.455045 0
019 5 45 1 6 2 8 1 1 0.506703 0
019 5 46 1 6 7 6 1 1 0.376173 0
019 5 47 1 1 8 4 0 0 0.432002 0
019 5 48 1 1 8 3 0 0 0.604093 0
019 5 49 1 4 2 7 1 1 0.495296 0
019 5 50 1 1 4 6 1 1 0.423265 0
019 5 51 1 1 2 4 0 0 0.451627 0
019 5 52 1 1 8 4 0 0 0.547819 0
019 5 53 1 4 4 8 1 1 0.642322 0
019 5 54 1 6 3 2 0 0 0.417468 0
019 5 55 1 6 8 2 0 0 0.541876 0
019 5 56 1 6 3 2 0 0 0.487768 0
019 5 57 1 1 2 7 1 1 0.418368 0
019 5 58 1 4 2 6 1 1 0.505453 0
019 5 59 1 1 7 3 0 0 0.526072 0
019 6 00 1 4 6 3 0 0 0.620278 0
019 6 01 1 6 6 4 0 0 0.502776 0
019 6 02 1 1 6 7 1 1 0.501761 0
019 6 03 1 1 7 3 0 0 0.516433 0
019 6 04 1 1 8 7 1 1 0.582479 0
019 6 05 1 6 6 7 1 1 0.491494 0
019 6 06 1 1 6 3 0 0 0.474915 0
019 6 07 1 4 4 7 1 1 0.566442 0
019 6 08 1 4 8 7 1 1 0.441979 0
019 6 09 1 1 4 8 1 1 0.459061 0
019 6 10 1 4 7 3 0 0 0.414687 0
019 6 11 1 4 8 3 0 0 0.488112 0
019 6 12 1 6 3 6 1 1 0.481315 0
019 6 13 1 1 2 3 0 0 0.364186 0
019 6 14 1 4 3 6 1 1 0.431743 0
019 6 15 1 1 4 6 1 1 0.453788 0
019 6 16 1 6 4 6 1 1 0.479810 0
019 6 17 1 1 7 2 0 0 0.715858 0
019 6 18 1 6 4 3 0 0 0.430503 0
019 6 19 1 1 6 8 1 1 0.431258 0
019 6 20 1 6 6 7 1 1 0.942689 0
019 6 21 1 4 3 8 1 1 0.526728 0
019 6 22 1 4 7 6 1 1 0.603674 0
019 6 23 1 4 3 7 1 1 0.605473 0
019 6 24 1 6 8 7 1 1 0.576535 0
019 6 25 1 4 6 8 1 1 0.440592 0
019 6 26 1 6 8 3 0 0 0.662812 0
019 6 27 1 4 6 7 1 1 0.926617 0
019 6 28 1 1 2 3 0 0 0.600162 0
019 6 29 1 4 2 3 0 0 0.621821 0
019 6 30 1 1 2 8 1 1 0.632969 0
019 6 31 1 6 8 3 0 0 0.525659 0
019 6 32 1 6 3 8 1 1 0.552616 0
019 6 33 1 1 3 2 0 0 0.505159 0
019 6 34 1 6 6 8 1 1 0.501018 0
019 6 35 1 4 4 3 0 0 0.448507 0
019 6 36 1 4 2 8 1 1 0.471751 0
019 6 37 1 1 3 2 0 0 0.393296 0
019 6 38 1 1 4 3 0 0 0.533432 0
019 6 39 1 6 2 4 0 0 0.473924 0
019 6 40 1 6 4 8 1 1 0.388335 0
019 6 41 1 1 3 6 1 1 0.567628 0
019 6 42 1 6 3 8 1 1 0.558485 0
019 6 43 1 6 2 6 1 1 0.501226 0
019 6 44 1 1 7 4 0 0 0.437697 0
019 6 45 1 4 2 4 0 0 0.444028 0
019 6 46 1 6 3 6 1 1 0.540252 0
019 6 47 1 1 2 6 1 1 0.454108 0
019 6 48 1 6 7 8 1 1 0.457605 0
019 6 49 1 4 4 3 0 0 0.438366 0
019 6 50 1 4 8 2 0 0 0.480910 0
019 6 51 1 1 4 8 1 1 0.484337 0
019 6 52 1 1 8 2 0 0 0.490342 0
019 6 53 1 6 6 2 0 0 0.497015 0
019 6 54 1 1 3 4 0 0 0.577248 0
019 6 55 1 4 4 8 1 1 0.473024 0
019 6 56 1 4 2 7 1 1 0.473520 0
019 6 57 1 6 7 2 0 0 0.546981 0
019 6 58 1 6 6 4 0 0 0.537880 0
019 6 59 1 6 3 4 0 0 0.452949 0
019 7 00 1 1 7 8 1 1 0.390580 0
019 7 01 1 1 3 6 1 1 0.505123 0
019 7 02 1 6 7 3 0 0 0.534276 0
019 7 03 1 1 4 7 1 1 0.538757 0
019 7 04 1 1 6 2 0 0 0.480947 0
019 7 05 1 4 8 7 1 1 0.462000 0
019 7 06 1 4 2 4 0 0 0.646942 0
019 7 07 1 6 6 3 0 0 0.492839 0
019 7 08 1 1 4 3 0 0 0.529753 0
019 7 09 1 4 2 4 0 0 0.590563 0
019 7 10 1 1 3 6 1 1 0.760439 0
019 7 11 1 6 8 6 1 1 0.432671 0
019 7 12 1 6 7 4 0 0 0.502294 0
019 7 13 1 6 7 2 0 0 0.478714 0
019 7 14 1 6 6 2 0 0 0.522364 0
019 7 15 1 6 4 7 1 1 0.576837 0
019 7 16 1 1 7 4 0 0 0.586182 0
019 7 17 1 1 6 2 0 0 0.478165 0
019 7 18 1 1 3 7 1 1 0.540871 0
019 7 19 1 4 3 4 0 0 0.412673 0
019 7 20 1 4 3 6 1 1 0.505831 0
019 7 21 1 4 4 2 0 0 0.405763 0
019 7 22 1 6 8 4 0 0 0.580026 0
019 7 23 1 4 6 8 1 1 0.451068 0
019 7 24 1 6 6 2 0 0 0.459403 0
019 7 25 1 1 4 8 1 1 0.589152 0
019 7 26 1 4 7 8 1 1 0.472891 0
019 7 27 1 6 6 4 0 0 0.427636 0
019 7 28 1 1 3 8 1 1 0.408151 0
019 7 29 1 6 2 4 0 0 0.419407 0
019 7 30 1 4 2 7 1 1 0.507064 0
019 7 31 1 1 7 3 0 0 0.509864 0
019 7 32 1 4 8 7 1 1 0.381571 0
019 7 33 1 6 7 3 0 0 0.448089 0
019 7 34 1 1 4 2 0 0 0.541381 0
019 7 35 1 1 4 8 1 1 0.455384 0
019 7 36 1 6 7 6 1 1 0.393441 0
019 7 37 1 4 8 6 1 1 0.389996 0
019 7 38 1 4 8 4 0 0 0.453713 0
019 7 39 1 1 8 2 0 0 0.513116 0
019 7 40 1 6 2 6 1 1 0.427591 0
019 7 41 1 1 4 6 1 1 0.449483 0
019 7 42 1 4 3 7 1 1 0.502548 0
019 7 43 1 1 2 8 1 1 0.423422 0
019 7 44 1 4 6 3 0 0 0.355439 0
019 7 45 1 6 6 2 0 0 0.455965 0
019 7 46 1 4 4 6 1 1 0.451179 0
019 7 47 1 4 6 4 0 0 0.512568 0
019 7 48 1 1 7 6 1 1 0.426514 0
019 7 49 1 4 6 2 0 0 0.406789 0
019 7 50 1 6 8 6 1 1 0.347625 0
019 7 51 1 6 4 6 1 1 0.478542 0
019 7 52 1 6 4 7 1 1 0.613500 0
019 7 53 1 4 3 8 1 1 0.472062 0
019 7 54 1 1 6 7 1 1 0.464300 0
019 7 55 1 6 4 7 1 1 0.515074 0
019 7 56 1 1 3 8 1 1 0.428496 0
019 7 57 1 1 8 7 1 1 0.475767 0
019 7 58 1 6 3 2 0 0 0.383432 0
019 7 59 1 6 2 7 1 1 0.537237 0
019 8 00 1 4 3 6 1 1 0.489651 0
019 8 01 1 6 8 4 0 0 0.521022 0
019 8 02 1 4 8 2 0 0 0.446250 0
019 8 03 1 1 3 6 1 1 0.497068 0
019 8 04 1 4 8 4 0 0 0.505862 0
019 8 05 1 4 4 8 1 1 0.537710 0
019 8 06 1 6 2 8 1 1 0.563815 0
019 8 07 1 1 4 3 0 0 0.455360 0
019 8 08 1 6 6 4 0 0 0.557210 0
019 8 09 1 6 4 6 1 1 0.489689 0
019 8 10 1 6 8 6 1 1 0.518040 0
019 8 11 1 1 2 6 1 1 0.464728 0
019 8 12 1 6 7 6 1 1 0.419809 0
019 8 13 1 1 2 6 1 1 0.477976 0
019 8 14 1 6 3 2 0 0 0.500950 0
019 8 15 1 4 3 2 0 0 0.476125 0
019 8 16 1 6 4 3 0 0 0.423693 0
019 8 17 1 1 6 4 0 0 0.493442 0
019 8 18 1 1 2 3 0 0 0.513060 0
019 8 19 1 6 8 3 0 0 0.684742 0
019 8 20 1 4 3 2 0 0 0.497355 0
019 8 21 1 1 4 6 1 1 0.476035 0
019 8 22 1 1 8 2 0 0 0.532144 0
019 8 23 1 1 3 7 1 1 0.614812 0
019 8 24 1 6 2 7 1 1 0.540685 0
019 8 25 1 6 2 8 1 1 0.522073 0
019 8 26 1 4 6 4 0 0 0.654513 0
019 8 27 1 1 8 4 0 0 0.429600 0
019 8 28 1 4 8 4 0 0 0.503163 0
019 8 29 1 1 4 3 0 0 0.529297 0
019 8 30 1 6 2 6 1 1 0.525257 0
019 8 31 1 6 7 8 1 1 0.430565 0
019 8 32 1 1 7 3 0 0 0.520062 0
019 8 33 1 6 7 3 0 0 0.608080 0
019 8 34 1 6 4 8 1 1 0.509600 0
019 8 35 1 6 2 3 0 0 0.594822 0
019 8 36 1 1 2 7 1 1 0.554396 0
019 8 37 1 6 6 3 0 0 0.639452 0
019 8 38 1 1 7 6 1 1 0.650130 0
019 8 39 1 6 8 3 0 0 0.725075 0
019 8 40 1 1 2 8 1 1 0.503971 0
019 8 41 1 1 8 6 1 1 0.543168 0
019 8 42 1 1 8 3 0 0 0.541258 0
019 8 43 1 1 8 2 0 0 0.466985 0
019 8 44 1 1 7 4 0 0 0.501925 0
019 8 45 1 4 7 3 0 0 0.461681 0
019 8 46 1 1 4 2 0 0 0.493597 0
019 8 47 1 6 7 6 1 1 0.598607 0
019 8 48 1 4 2 8 1 1 0.484710 0
019 8 49 1 4 7 6 1 1 0.383836 0
019 8 50 1 1 8 3 0 0 0.447463 0
019 8 51 1 6 6 7 1 1 0.537687 0
019 8 52 1 6 7 4 0 0 0.776738 0
019 8 53 1 4 3 2 0 0 0.482656 0
019 8 54 1 1 3 8 1 1 0.461245 0
019 8 55 1 6 4 7 1 1 0.545990 0
019 8 56 1 1 2 4 0 0 0.499010 0
019 8 57 1 1 4 2 0 0 0.504387 0
019 8 58 1 6 3 4 0 0 0.455315 0
019 8 59 1 4 7 4 0 0 0.528993 0
019 9 00 0 6 2 6 0 0 1.608677 0
019 9 01 0 12 7 6 0 1 1.900085 0
019 9 02 0 4 4 6 0 0 0.642329 0
019 9 03 0 12 8 7 1 1 1.042498 0
019 9 04 0 12 8 6 1 1 1.033579 0
019 9 05 0 12 3 6 0 0 0.597875 0
019 9 06 0 1 7 8 1 1 1.478858 0
019 9 07 0 4 4 8 0 0 0.547604 0
019 9 08 0 1 2 3 1 0 0.971076 0
019 9 09 0 6 4 6 0 0 0.571078 0
019 9 10 0 6 6 4 0 1 0.513044 0
019 9 11 0 1 8 4 0 1 1.082175 0
019 9 12 0 6 3 6 0 0 1.494462 0
019 9 13 0 4 4 6 0 0 0.538778 0
019 9 14 0 1 3 6 1 0 0.648066 0
019 9 15 0 12 6 4 0 1 0.814075 0
019 9 16 0 4 6 4 1 1 0.819661 0
019 9 17 0 12 2 4 0 0 0.831274 0
019 9 18 0 1 6 7 1 1 0.870268 0
019 9 19 0 6 3 8 0 0 0.570381 0
019 9 20 0 4 7 6 1 1 0.932790 0
019 9 21 0 12 8 2 1 1 1.186729 0
019 9 22 0 6 8 2 1 1 2.073570 0
019 9 23 0 1 4 7 1 0 1.173260 0
019 9 24 0 6 4 2 0 0 1.338517 0
019 9 25 0 12 3 7 0 0 1.175882 0
019 9 26 0 4 2 4 1 0 1.439925 0
019 9 27 0 12 6 4 1 1 0.910492 0
019 9 28 0 4 4 2 0 0 1.205907 0
019 9 29 0 1 6 2 0 1 0.934372 0
019 9 30 0 12 7 8 1 1 0.837847 0
019 9 31 0 4 4 3 1 0 2.664059 0
019 9 32 0 1 4 8 0 0 1.264627 0
019 9 33 0 6 7 4 1 1 0.601194 0
019 9 34 0 1 2 4 1 0 1.527071 0
019 9 35 0 12 3 4 0 0 0.611178 0
019 9 36 0 12 7 8 1 1 0.786689 0
019 9 37 0 1 2 7 1 0 0.962566 0
019 9 38 0 6 6 2 1 1 0.997144 0
019 9 39 0 12 7 2 1 1 0.603360 0
019 9 40 0 6 2 3 0 0 0.786005 0
019 9 41 0 1 8 3 0 1 1.500289 0
019 9 42 0 6 8 4 1 1 0.760109 0
019 9 43 0 1 7 3 1 1 1.362340 0
019 9 44 0 1 7 4 0 1 1.276787 0
019 9 45 0 12 3 2 0 0 0.773695 0
019 9 46 0 4 3 4 0 0 0.635338 0
019 9 47 0 1 8 2 1 1 1.780277 0
019 9 48 0 12 2 6 0 0 1.495005 0
019 9 49 0 12 8 3 1 1 1.046777 0
019 9 50 0 12 8 3 1 1 1.209003 0
019 9 51 0 6 6 2 1 1 0.716582 0
019 9 52 0 4 6 8 0 1 1.436227 0
019 9 53 0 6 8 2 1 1 0.785397 0
019 9 54 0 12 8 2 1 1 0.748530 0
019 9 55 0 12 2 3 0 0 0.888314 0
019 9 56 0 6 7 3 1 1 0.608643 0
019 9 57 0 12 2 3 1 0 1.397846 0
019 9 58 0 12 4 7 0 0 0.909768 0
019 9 59 0 4 7 3 1 1 2.105370 0
019 9 60 0 12 2 8 0 0 2.333968 0
019 9 61 0 6 7 6 1 1 1.237303 0
019 9 62 0 4 8 7 1 1 0.910006 0
019 9 63 0 1 8 7 1 1 0.972320 0
019 9 64 0 1 4 6 1 0 0.936656 0
019 9 65 0 4 8 4 1 1 0.922955 0
019 9 66 0 1 6 3 1 1 1.285148 0
019 9 67 0 6 2 8 0 0 1.089646 0
019 9 68 0 12 7 3 1 1 0.707536 0
019 9 69 0 4 2 6 0 0 1.045609 0
019 9 70 0 4 8 3 1 1 0.816932 0
019 9 71 0 4 3 6 1 0 1.742148 0
019 9 72 0 4 4 2 0 0 0.709760 0
019 9 73 0 12 8 4 1 1 4.818552 0
019 9 74 0 6 6 3 1 1 0.848039 0
019 9 75 0 4 6 3 0 1 1.329956 0
019 9 76 0 6 4 6 1 0 1.443385 0
019 9 77 0 4 6 4 0 1 1.412865 0
019 9 78 0 6 8 2 1 1 1.281277 0
019 9 79 0 6 8 3 1 1 1.192926 0
019 9 80 0 6 7 2 1 1 0.769655 0
019 9 81 0 1 7 6 1 1 1.705448 0
019 9 82 0 4 7 8 1 1 0.877580 0
019 9 83 0 1 8 4 1 1 0.751344 0
019 9 84 0 4 3 7 0 0 0.686002 0
019 9 85 0 12 6 2 1 1 1.049947 0
019 9 86 0 1 4 8 0 0 1.012825 0
019 9 87 0 12 4 8 0 0 1.161304 0
019 9 88 0 1 4 2 1 0 0.830340 0
019 9 89 0 4 2 7 1 0 1.174989 0
019 9 90 0 6 7 6 1 1 0.973042 0
019 9 91 0 1 4 6 1 0 0.723725 0
019 9 92 0 1 3 8 0 0 1.237716 0
019 9 93 0 4 8 7 1 1 0.676819 0
019 9 94 0 12 3 6 0 0 0.597282 0
019 9 95 0 4 7 4 1 1 0.768668 0
019 9 96 0 6 2 4 1 0 0.759489 0
019 9 97 0 4 7 8 1 1 1.055781 0
019 9 98 0 6 3 7 0 0 0.586080 0
019 9 99 0 4 2 6 0 0 1.287799 0
019 10 00 0 1 3 7 1 0 0.565755 0
019 10 01 0 6 3 6 0 0 0.442537 0
019 10 02 0 1 8 2 1 1 0.677079 0
019 10 03 0 4 6 7 0 1 0.793514 0
019 10 04 0 12 4 8 0 0 0.527017 0
019 10 05 0 1 6 7 1 1 0.694989 0
019 10 06 0 12 4 7 0 0 0.548250 0
019 10 07 0 1 4 3 1 0 0.811639 0
019 10 08 0 1 6 2 1 1 0.698769 0
019 10 09 0 6 4 2 0 0 1.760610 0
019 10 10 0 6 4 7 1 0 0.771561 0
019 10 11 0 1 7 2 1 1 0.971855 0
019 10 12 0 6 2 3 1 0 0.672688 0
019 10 13 0 12 6 2 1 1 0.660072 0
019 10 14 0 1 2 6 0 0 0.834676 0
019 10 15 0 12 3 4 1 0 0.983935 0
019 10 16 0 4 6 2 0 1 1.136902 0
019 10 17 0 12 6 2 1 1 0.464231 0
019 10 18 0 12 8 4 1 1 0.711005 0
019 10 19 0 1 7 3 1 1 1.245151 0
019 10 20 0 4 8 6 0 1 0.743622 0
019 10 21 0 12 4 6 0 0 1.340701 0
019 10 22 0 12 2 6 0 0 0.639142 0
019 10 23 0 1 2 7 1 0 0.836482 0
019 10 24 0 1 2 4 0 0 1.107955 0
019 10 25 0 4 4 7 0 0 0.677884 0
019 10 26 0 6 7 4 1 1 0.749435 0
019 10 27 0 12 7 3 1 1 0.673327 0
019 10 28 0 1 8 3 1 1 1.305413 0
019 10 29 0 1 7 6 0 1 0.910594 0
019 10 30 0 1 7 6 0 1 0.910334 0
019 10 31 0 6 4 3 0 0 0.764812 0
019 10 32 0 12 3 2 0 0 0.831944 0
019 10 33 0 4 3 7 1 0 0.988638 0
019 10 34 0 1 4 6 0 0 1.230211 0
019 10 35 0 4 2 7 1 0 1.090395 0
019 10 36 0 1 6 3 1 1 0.758719 0
019 10 37 0 1 4 2 0 0 0.920322 0
019 10 38 0 12 3 2 0 0 1.103992 0
019 10 39 0 12 8 3 1 1 1.526963 0
019 10 40 0 12 6 3 1 1 0.895222 0
019 10 41 0 12 4 2 0 0 0.599102 0
019 10 42 0 4 4 3 0 0 0.843317 0
019 10 43 0 4 8 3 1 1 0.624491 0
019 10 44 0 4 2 3 1 0 0.995771 0
019 10 45 0 12 6 2 1 1 0.812745 0
019 10 46 0 4 7 3 1 1 0.582372 0
019 10 47 0 1 4 3 0 0 1.020263 0
019 10 48 0 6 3 7 0 0 1.395441 0
019 10 49 0 1 7 8 0 1 1.139738 0
019 10 50 0 1 2 3 1 0 1.257521 0
019 10 51 0 1 3 7 0 0 0.949910 0
019 10 52 0 1 3 4 1 0 1.060589 0
019 10 53 0 1 3 7 0 0 1.205445 0
019 10 54 0 4 7 2 1 1 0.939765 0
019 10 55 0 12 3 6 0 0 0.739089 0
019 10 56 0 1 8 7 1 1 0.828298 0
019 10 57 0 12 8 7 1 1 0.741735 0
019 10 58 0 6 3 4 0 0 1.212283 0
019 10 59 0 4 2 8 0 0 1.142320 0
019 10 60 0 12 3 2 0 0 1.081785 0
019 10 61 0 6 8 6 1 1 0.747545 0
019 10 62 0 6 4 6 0 0 0.836619 0
019 10 63 0 6 6 7 1 1 0.960288 0
019 10 64 0 6 3 2 0 0 0.736833 0
019 10 65 0 4 6 3 1 1 1.024860 0
019 10 66 0 12 4 3 0 0 0.670736 0
019 10 67 0 1 8 4 1 1 0.974629 0
019 10 68 0 1 3 2 0 0 0.829732 0
019 10 69 0 12 2 8 1 0 0.808186 0
019 10 70 0 6 2 4 0 0 2.847624 0
019 10 71 0 1 8 2 1 1 0.658542 0
019 10 72 0 12 6 7 1 1 1.178970 0
019 10 73 0 1 8 3 0 1 1.240535 0
019 10 74 0 12 3 8 0 0 1.455153 0
019 10 75 0 6 7 8 1 1 1.090935 0
019 10 76 0 1 6 8 1 1 1.188375 0
019 10 77 0 4 4 2 0 0 0.756715 0
019 10 78 0 12 3 4 0 0 0.728791 0
019 10 79 0 4 7 4 0 1 1.115470 0
019 10 80 0 12 6 8 1 1 0.979426 0
019 10 81 0 4 8 2 1 1 1.037003 0
019 10 82 0 12 3 7 0 0 0.815103 0
019 10 83 0 12 6 8 1 1 0.840692 0
019 10 84 0 4 2 4 0 0 1.140859 0
019 10 85 0 1 4 2 1 0 0.719509 0
019 10 86 0 6 6 7 1 1 1.029857 0
019 10 87 0 12 8 2 1 1 0.656214 0
019 10 88 0 6 3 7 0 0 1.350544 0
019 10 89 0 12 2 3 0 0 1.165739 0
019 10 90 0 12 3 8 1 0 1.453446 0
019 10 91 0 6 8 4 1 1 1.537944 0
019 10 92 0 1 7 2 1 1 0.966377 0
019 10 93 0 4 6 4 1 1 1.018077 0
019 10 94 0 6 7 6 1 1 0.638009 0
019 10 95 0 12 6 2 1 1 1.124451 0
019 10 96 0 12 7 3 1 1 0.844117 0
019 10 97 0 6 7 2 1 1 0.577599 0
019 10 98 0 12 2 3 0 0 0.595150 0
019 10 99 0 1 7 3 0 1 0.825297 0
019 11 00 0 12 7 8 1 1 0.727299 0
019 11 01 0 12 2 7 0 0 0.575397 0
019 11 02 0 1 6 8 1 1 0.906970 0
019 11 03 0 12 2 6 0 0 0.574040 0
019 11 04 0 12 6 3 1 1 0.780154 0
019 11 05 0 6 3 4 0 0 1.113969 0
019 11 06 0 12 7 8 1 1 0.701422 0
019 11 07 0 12 7 4 1 1 0.481444 0
019 11 08 0 12 8 4 1 1 0.958677 0
019 11 09 0 6 8 3 1 1 1.624706 0
019 11 10 0 6 2 6 0 0 0.858015 0
019 11 11 0 4 6 7 1 1 0.981545 0
019 11 12 0 4 6 2 1 1 1.266462 0
019 11 13 0 1 3 6 0 0 1.112911 0
019 11 14 0 1 3 4 1 0 0.837877 0
019 11 15 0 6 2 7 0 0 1.098729 0
019 11 16 0 12 6 8 1 1 0.880534 0
019 11 17 0 1 8 7 1 1 0.757099 0
019 11 18 0 6 2 3 0 0 0.753420 0
019 11 19 0 12 7 2 1 1 0.517443 0
019 11 20 0 1 3 2 1 0 0.861758 0
019 11 21 0 4 4 6 0 0 0.690424 0
019 11 22 0 12 2 4 1 0 0.883202 0
019 11 23 0 6 7 8 1 1 0.616651 0
019 11 24 0 1 7 8 1 1 0.507309 0
019 11 25 0 12 8 2 1 1 0.783869 0
019 11 26 0 6 8 7 0 1 1.172683 0
019 11 27 0 4 4 8 0 0 0.541621 0
019 11 28 0 6 3 2 0 0 0.603215 0
019 11 29 0 1 8 6 1 1 1.009695 0
019 11 30 0 12 7 6 1 1 0.534379 0
019 11 31 0 6 8 7 1 1 0.508971 0
019 11 32 0 1 7 2 1 1 4.522612 0
019 11 33 0 4 3 4 1 0 1.311547 0
019 11 34 0 12 8 7 1 1 0.578971 0
019 11 35 0 12 8 2 0 1 0.661283 0
019 11 36 0 6 6 8 0 1 1.317700 0
019 11 37 0 12 3 2 0 0 0.669198 0
019 11 38 0 1 6 7 1 1 0.622334 0
019 11 39 0 12 4 2 0 0 1.168262 0
019 11 40 0 1 2 8 1 0 0.985716 0
019 11 41 0 4 8 2 1 1 0.793233 0
019 11 42 0 4 4 3 0 0 1.020000 0
019 11 43 0 12 2 7 0 0 1.156920 0
019 11 44 0 12 7 6 1 1 2.004975 0
019 11 45 0 4 3 6 0 0 0.826572 0
019 11 46 0 12 6 7 1 1 0.925655 0
019 11 47 0 12 8 3 1 1 0.885025 0
019 11 48 0 12 2 8 0 0 0.732166 0
019 11 49 0 12 7 4 1 1 0.821505 0
019 11 50 0 12 8 6 1 1 2.100922 0
019 11 51 0 12 4 3 0 0 0.427009 0
019 11 52 0 1 7 4 1 1 0.739541 0
019 11 53 0 6 3 8 0 0 0.612530 0
019 11 54 0 12 4 8 0 0 0.444589 0
019 11 55 0 12 2 6 0 0 0.314708 0
019 11 56 0 6 3 4 1 0 1.252874 0
019 11 57 0 6 6 3 1 1 0.869862 0
019 11 58 0 12 6 4 1 1 0.556029 0
019 11 59 0 12 4 7 0 0 0.474808 0
019 11 60 0 1 2 3 1 0 0.423464 0
019 11 61 0 12 6 3 1 1 0.786214 0
019 11 62 0 12 7 2 1 1 0.603844 0
019 11 63 0 4 3 8 0 0 0.525539 0
019 11 64 0 1 4 7 0 0 1.170175 0
019 11 65 0 4 2 8 0 0 0.522656 0
019 11 66 0 6 8 6 1 1 0.924006 0
019 11 67 0 6 7 4 1 1 0.500690 0
019 11 68 0 4 7 2 1 1 0.859993 0
019 11 69 0 1 6 4 1 1 0.881858 0
019 11 70 0 4 8 7 1 1 1.022218 0
019 11 71 0 12 6 3 1 1 0.735502 0
019 11 72 0 4 7 6 0 1 0.994915 0
019 11 73 0 1 6 4 1 1 0.667511 0
019 11 74 0 6 4 7 0 0 0.732144 0
019 11 75 0 12 4 2 0 0 0.456502 0
019 11 76 0 6 7 3 1 1 0.711002 0
019 11 77 0 4 6 8 1 1 0.731688 0
019 11 78 0 6 8 4 1 1 0.623463 0
019 11 79 0 12 2 7 0 0 0.380305 0
019 11 80 0 4 2 7 0 0 1.012767 0
019 11 81 0 4 4 7 0 0 0.576635 0
019 11 82 0 12 2 3 0 0 0.773828 0
019 11 83 0 4 4 7 0 0 0.863124 0
019 11 84 0 12 4 8 0 0 0.395052 0
019 11 85 0 6 4 8 0 0 0.803698 0
019 11 86 0 6 8 7 1 1 0.329849 0
019 11 87 0 12 6 3 1 1 0.507916 0
019 11 88 0 6 6 4 1 1 0.566286 0
019 11 89 0 1 8 6 1 1 0.764483 0
019 11 90 0 4 3 8 0 0 0.597456 0
019 11 91 0 12 3 7 0 0 0.466907 0
019 11 92 0 12 2 7 0 0 0.481617 0
019 11 93 0 6 6 3 1 1 0.430862 0
019 11 94 0 12 4 3 0 0 0.635301 0
019 11 95 0 1 2 6 0 0 0.914199 0
019 11 96 0 4 7 3 1 1 0.491601 0
019 11 97 0 4 7 8 1 1 0.771657 0
019 11 98 0 12 6 8 1 1 0.620008 0
019 11 99 0 6 4 3 0 0 0.586666 0
019 12 00 0 1 2 8 0 0 0.783791 0
019 12 01 0 4 2 3 0 0 0.454621 0
019 12 02 0 12 3 4 0 0 0.474004 0
019 12 03 0 1 4 7 1 0 0.806984 0
019 12 04 0 6 3 8 0 0 0.461204 0
019 12 05 0 12 3 8 0 0 0.461288 0
019 12 06 0 12 7 4 1 1 0.373992 0
019 12 07 0 4 8 2 0 1 0.995302 0
019 12 08 0 12 4 3 0 0 0.614138 0
019 12 09 0 12 4 2 0 0 0.631661 0
019 12 10 0 12 6 7 1 1 0.442519 0
019 12 11 0 1 3 8 1 0 0.985438 0
019 12 12 0 12 2 4 0 0 0.403249 0
019 12 13 0 12 7 4 1 1 0.599149 0
019 12 14 0 12 8 6 1 1 0.961911 0
019 12 15 0 4 6 2 1 1 0.783112 0
019 12 16 0 4 7 2 1 1 0.548917 0
019 12 17 0 12 7 6 1 1 0.647907 0
019 12 18 0 4 6 7 1 1 1.044048 0
019 12 19 0 4 8 3 1 1 0.648238 0
019 12 20 0 4 8 6 1 1 0.463616 0
019 12 21 0 4 2 6 0 0 0.490886 0
019 12 22 0 12 3 7 0 0 0.431849 0
019 12 23 0 4 7 4 1 1 1.017292 0
019 12 24 0 4 3 8 1 0 0.582128 0
019 12 25 0 1 4 3 1 0 0.956856 0
019 12 26 0 1 6 8 0 1 0.760861 0
019 12 27 0 12 6 4 1 1 0.679804 0
019 12 28 0 12 3 8 0 0 0.950568 0
019 12 29 0 4 3 6 0 0 0.898075 0
019 12 30 0 6 2 7 0 0 0.422051 0
019 12 31 0 12 7 2 1 1 0.615312 0
019 12 32 0 1 3 2 1 0 0.814322 0
019 12 33 0 12 4 6 0 0 0.458583 0
019 12 34 0 4 3 7 0 0 0.438291 0
019 12 35 0 6 6 4 1 1 0.639793 0
019 12 36 0 12 4 3 0 0 0.453461 0
019 12 37 0 12 3 4 0 0 0.605012 0
019 12 38 0 1 6 4 0 1 0.807368 0
019 12 39 0 4 3 4 0 0 0.675319 0
019 12 40 0 6 3 6 0 0 1.117867 0
019 12 41 0 4 3 2 0 0 0.621000 0
019 12 42 0 12 8 7 1 1 0.409703 0
019 12 43 0 6 2 8 0 0 0.734358 0
019 12 44 0 6 2 7 0 0 0.759437 0
019 12 45 0 4 3 2 0 0 0.714397 0
019 12 46 0 6 6 7 1 1 0.432489 0
019 12 47 0 6 4 8 0 0 0.655568 0
019 12 48 0 4 6 3 1 1 0.637411 0
019 12 49 0 6 2 4 0 0 0.562747 0
019 12 50 0 6 7 2 1 1 0.448171 0
019 12 51 0 6 4 2 0 0 0.626481 0
019 12 52 0 1 4 8 0 0 0.929747 0
019 12 53 0 1 6 2 0 1 1.034361 0
019 12 54 0 1 2 7 0 0 0.938501 0
019 12 55 0 6 2 8 0 0 1.085947 0
019 12 56 0 1 7 4 0 1 0.565939 0
019 12 57 0 12 4 2 0 0 0.684486 0
019 12 58 0 6 6 2 1 1 0.419129 0
019 12 59 0 12 7 2 1 1 0.435570 0
019 12 60 0 6 4 7 0 0 0.510521 0
019 12 61 0 1 6 3 0 1 0.748577 0
019 12 62 0 12 2 8 0 0 0.891389 0
019 12 63 0 12 2 4 0 0 0.586736 0
019 12 64 0 12 8 6 1 1 0.798476 0
019 12 65 0 1 2 8 1 0 0.798154 0
019 12 66 0 6 7 8 1 1 0.781224 0
019 12 67 0 6 8 6 1 1 0.707457 0
019 12 68 0 6 7 3 1 1 0.525685 0
019 12 69 0 4 2 3 0 0 0.887096 0
019 12 70 0 4 4 8 0 0 0.982426 0
019 12 71 0 1 3 4 1 0 0.868017 0
019 12 72 0 4 8 4 1 1 0.898424 0
019 12 73 0 12 7 3 1 1 0.991366 0
019 12 74 0 4 8 4 1 1 0.580274 0
019 12 75 0 6 2 6 0 0 1.442175 0
019 12 76 0 4 7 6 0 1 0.825072 0
019 12 77 0 1 2 4 0 0 1.135601 0
019 12 78 0 12 4 7 0 0 1.852345 0
019 12 79 0 6 4 8 0 0 0.673071 0
019 12 80 0 4 8 6 1 1 1.125876 0
019 12 81 0 1 3 8 1 0 1.292784 0
019 12 82 0 6 4 3 0 0 0.730193 0
019 12 83 0 12 3 6 0 0 1.200500 0
019 12 84 0 12 6 7 1 1 0.814793 0
019 12 85 0 12 4 6 0 0 0.680289 0
019 12 86 0 4 6 8 1 1 0.838758 0
019 12 87 0 1 2 6 0 0 1.587133 0
019 12 88 0 4 2 4 0 0 0.534124 0
019 12 89 0 1 3 6 1 0 0.660598 0
019 12 90 0 4 3 2 1 0 0.661392 0
019 12 91 0 4 2 8 0 0 0.833724 0
019 12 92 0 6 6 8 1 1 0.645762 0
019 12 93 0 6 6 8 1 1 0.604951 0
019 12 94 0 12 2 4 0 0 0.496716 0
019 12 95 0 12 8 4 1 1 0.726733 0
019 12 96 0 1 8 6 1 1 1.017264 0
019 12 97 0 6 8 3 0 1 1.391947 0
019 12 98 0 12 4 6 0 0 1.165392 0
019 12 99 0 6 3 2 0 0 0.677537 0
