023 0 00 1 6 3 7 0 1 1.128578 0
023 0 01 1 3 6 7 1 1 0.565893 0
023 0 02 1 6 6 7 1 1 0.611561 0
023 0 03 1 3 7 8 1 1 0.862368 0
023 0 04 1 2 7 2 0 0 0.478652 0
023 0 05 1 6 2 4 0 0 0.655466 0
023 0 06 1 3 8 6 1 1 0.402015 0
023 0 07 1 3 3 7 1 1 0.723342 0
023 0 08 1 3 8 2 0 0 0.472766 0
023 0 09 1 6 2 8 1 1 0.573777 0
023 0 10 1 2 7 2 0 0 0.445114 0
023 0 11 1 3 8 2 0 0 0.497863 0
023 0 12 1 3 2 8 1 1 0.509501 0
023 0 13 1 3 4 3 0 0 0.506603 0
023 0 14 1 2 8 4 0 0 0.431219 0
023 0 15 1 3 7 4 0 0 0.562336 0
023 0 16 1 3 2 8 1 1 0.414515 0
023 0 17 1 3 7 2 0 0 0.500569 0
023 0 18 1 2 8 2 0 0 0.536571 0
023 0 19 1 2 8 3 1 0 0.589682 0
023 0 20 1 2 6 2 0 0 0.517732 0
023 0 21 1 6 8 4 0 0 0.731452 0
023 0 22 1 6 3 8 1 1 0.735622 0
023 0 23 1 2 6 8 1 1 0.594760 0
023 0 24 1 2 7 4 0 0 0.463887 0
023 0 25 1 3 8 4 0 0 0.460636 0
023 0 26 1 6 3 4 0 0 0.884419 0
023 0 27 1 2 3 2 0 0 0.607661 0
023 0 28 1 6 3 4 0 0 0.583807 0
023 0 29 1 2 7 4 0 0 0.390913 0
023 0 30 1 3 8 7 1 1 0.485230 0
023 0 31 1 6 3 2 0 0 0.462825 0
023 0 32 1 6 7 8 1 1 0.420677 0
023 0 33 1 2 3 4 0 0 0.408617 0
023 0 34 1 2 4 7 0 1 0.564765 0
023 0 35 1 6 7 4 0 0 0.613965 0
023 0 36 1 3 4 2 0 0 0.996739 0
023 0 37 1 3 2 3 0 0 0.493474 0
023 0 38 1 6 3 6 1 1 0.726235 0
023 0 39 1 6 8 7 1 1 0.490135 0
023 0 40 1 3 8 4 0 0 0.537629 0
023 0 41 1 3 7 4 0 0 0.532168 0
023 0 42 1 6 2 7 1 1 0.510393 0
023 0 43 1 6 7 3 0 0 0.454936 0
023 0 44 1 6 4 2 0 0 0.449055 0
023 0 45 1 2 2 7 0 1 0.456848 0
023 0 46 1 2 8 6 0 1 0.826925 0
023 0 47 1 6 4 7 1 1 0.547700 0
023 0 48 1 6 3 8 1 1 0.469414 0
023 0 49 1 6 8 3 0 0 0.923899 0
023 0 50 1 2 6 3 0 0 0.552286 0
023 0 51 1 6 3 2 0 0 0.508720 0
023 0 52 1 6 7 2 0 0 0.517794 0
023 0 53 1 2 4 6 1 1 0.434086 0
023 0 54 1 2 4 7 1 1 0.497772 0
023 0 55 1 3 3 2 0 0 0.458169 0
023 0 56 1 6 7 2 0 0 0.393510 0
023 0 57 1 2 3 8 1 1 0.423047 0
023 0 58 1 2 4 7 1 1 0.517837 0
023 0 59 1 3 2 6 1 1 0.543412 0
023 1 00 1 2 4 8 1 1 0.541447 0
023 1 01 1 6 4 8 1 1 0.426908 0
023 1 02 1 2 2 3 0 0 0.473850 0
023 1 03 1 6 2 3 0 0 0.451202 0
023 1 04 1 3 2 3 0 0 0.456340 0
023 1 05 1 2 3 7 1 1 0.506509 0
023 1 06 1 3 4 8 1 1 0.507220 0
023 1 07 1 2 2 7 1 1 0.434379 0
023 1 08 1 6 8 7 1 1 0.465106 0
023 1 09 1 3 6 7 1 1 0.380756 0
023 1 10 1 2 4 2 0 0 0.351897 0
023 1 11 1 2 2 8 1 1 0.507656 0
023 1 12 1 3 6 3 0 0 0.471497 0
023 1 13 1 6 4 7 0 1 0.412852 0
023 1 14 1 3 4 7 1 1 0.592239 0
023 1 15 1 6 2 3 0 0 0.509513 0
023 1 16 1 2 2 4 0 0 0.551687 0
023 1 17 1 2 8 3 0 0 0.392526 0
023 1 18 1 2 6 7 1 1 0.470261 0
023 1 19 1 6 4 3 0 0 0.436245 0
023 1 20 1 6 4 7 1 1 0.576212 0
023 1 21 1 6 2 3 0 0 0.330464 0
023 1 22 1 2 4 2 0 0 0.429686 0
023 1 23 1 3 3 8 1 1 0.350844 0
023 1 24 1 2 7 3 0 0 0.517901 0
023 1 25 1 3 8 2 0 0 0.434115 0
023 1 26 1 2 2 6 1 1 0.366013 0
023 1 27 1 2 4 3 0 0 0.358895 0
023 1 28 1 6 6 4 0 0 0.430741 0
023 1 29 1 6 4 8 1 1 0.374044 0
023 1 30 1 3 3 6 1 1 0.650718 0
023 1 31 1 3 4 8 1 1 0.800942 0
023 1 32 1 3 6 4 0 0 0.615332 0
023 1 33 1 3 7 8 1 1 0.830491 0
023 1 34 1 2 3 4 0 0 0.516357 0
023 1 35 1 2 7 8 1 1 0.432359 0
023 1 36 1 3 2 8 1 1 0.516071 0
023 1 37 1 2 2 3 0 0 0.502302 0
023 1 38 1 3 4 3 0 0 0.485643 0
023 1 39 1 3 4 7 1 1 0.398416 0
023 1 40 1 3 4 3 0 0 0.459348 0
023 1 41 1 3 6 8 1 1 0.374909 0
023 1 42 1 6 2 7 0 1 0.371585 0
023 1 43 1 2 2 6 1 1 1.198704 0
023 1 44 1 3 7 3 0 0 0.546347 0
023 1 45 1 3 2 7 1 1 0.608564 0
023 1 46 1 6 3 4 0 0 0.491885 0
023 1 47 1 3 8 2 0 0 0.439337 0
023 1 48 1 3 8 3 0 0 0.469806 0
023 1 49 1 6 6 7 1 1 0.374458 0
023 1 50 1 3 7 3 0 0 0.446327 0
023 1 51 1 3 2 8 1 1 0.479818 0
023 1 52 1 6 8 6 1 1 0.457720 0
023 1 53 1 3 4 2 0 0 0.390077 0
023 1 54 1 6 8 4 1 0 0.644886 0
023 1 55 1 3 2 3 0 0 0.532335 0
023 1 56 1 6 4 6 1 1 0.516380 0
023 1 57 1 6 4 2 0 0 0.402288 0
023 1 58 1 2 8 4 0 0 0.482821 0
023 1 59 1 6 3 6 1 1 0.620344 0
023 2 00 1 3 3 7 1 1 0.516683 0
023 2 01 1 2 2 3 0 0 0.432537 0
023 2 02 1 6 8 4 0 0 0.531061 0
023 2 03 1 6 6 4 0 0 0.512279 0
023 2 04 1 3 7 2 0 0 0.501502 0
023 2 05 1 2 6 7 1 1 0.479204 0
023 2 06 1 6 6 7 1 1 0.766054 0
023 2 07 1 2 6 4 0 0 0.566835 0
023 2 08 1 3 4 3 0 0 0.396845 0
023 2 09 1 3 7 6 0 1 0.376524 0
023 2 10 1 3 7 6 1 1 0.516296 0
023 2 11 1 6 8 4 1 0 0.399188 0
023 2 12 1 3 7 6 1 1 0.595641 0
023 2 13 1 3 3 7 1 1 0.428337 0
023 2 14 1 2 2 4 0 0 0.405446 0
023 2 15 1 2 4 6 1 1 0.413172 0
023 2 16 1 3 2 7 1 1 0.457499 0
023 2 17 1 2 8 6 1 1 0.434645 0
023 2 18 1 3 4 2 0 0 0.464970 0
023 2 19 1 3 2 4 0 0 0.826906 0
023 2 20 1 2 4 3 0 0 0.518965 0
023 2 21 1 2 3 2 0 0 0.398554 0
023 2 22 1 6 6 8 1 1 0.271386 0
023 2 23 1 2 6 8 1 1 0.510836 0
023 2 24 1 6 7 8 1 1 0.424430 0
023 2 25 1 6 3 4 0 0 0.415743 0
023 2 26 1 3 6 8 1 1 0.454119 0
023 2 27 1 6 4 6 1 1 0.571822 0
023 2 28 1 2 7 3 0 0 0.387276 0
023 2 29 1 6 7 4 0 0 0.641686 0
023 2 30 1 3 2 7 1 1 0.631920 0
023 2 31 1 3 3 8 1 1 0.607823 0
023 2 32 1 3 3 4 0 0 0.558624 0
023 2 33 1 3 8 6 1 1 0.635457 0
023 2 34 1 6 6 3 0 0 0.441260 0
023 2 35 1 2 4 3 0 0 0.435024 0
023 2 36 1 2 3 6 1 1 0.569608 0
023 2 37 1 3 8 7 1 1 0.402512 0
023 2 38 1 3 4 3 0 0 0.407306 0
023 2 39 1 6 4 6 0 1 0.305761 0
023 2 40 1 3 4 6 0 1 0.677682 0
023 2 41 1 2 8 2 0 0 0.556653 0
023 2 42 1 2 2 8 1 1 0.467656 0
023 2 43 1 6 3 6 1 1 0.614594 0
023 2 44 1 3 7 4 0 0 0.430535 0
023 2 45 1 6 8 2 0 0 0.495131 0
023 2 46 1 3 3 6 1 1 0.475556 0
023 2 47 1 6 2 4 0 0 0.711566 0
023 2 48 1 6 8 7 1 1 0.627182 0
023 2 49 1 2 7 4 0 0 0.521629 0
023 2 50 1 3 4 2 0 0 0.550015 0
023 2 51 1 2 6 7 1 1 0.435694 0
023 2 52 1 3 4 6 0 1 0.424381 0
023 2 53 1 2 8 6 1 1 0.707565 0
023 2 54 1 3 4 7 1 1 0.505372 0
023 2 55 1 6 7 8 1 1 0.382234 0
023 2 56 1 2 3 2 0 0 0.482368 0
023 2 57 1 6 7 8 1 1 0.462974 0
023 2 58 1 6 2 7 1 1 0.589224 0
023 2 59 1 3 3 6 1 1 0.607204 0
023 3 00 1 2 2 4 0 0 0.792553 0
023 3 01 1 6 6 3 0 0 0.672722 0
023 3 02 1 2 6 2 0 0 0.522889 0
023 3 03 1 6 4 6 1 1 0.486912 0
023 3 04 1 6 7 3 0 0 0.607776 0
023 3 05 1 6 8 6 1 1 0.556172 0
023 3 06 1 3 3 4 0 0 0.486653 0
023 3 07 1 6 6 3 0 0 0.605366 0
023 3 08 1 6 3 6 1 1 0.469279 0
023 3 09 1 6 3 6 0 1 0.371088 0
023 3 10 1 3 8 3 0 0 0.555605 0
023 3 11 1 6 3 7 1 1 0.526216 0
023 3 12 1 3 7 6 1 1 0.565917 0
023 3 13 1 3 6 3 0 0 0.387537 0
023 3 14 1 2 3 6 1 1 0.470442 0
023 3 15 1 3 2 6 1 1 0.708685 0
023 3 16 1 3 3 4 0 0 0.531230 0
023 3 17 1 6 3 4 0 0 0.433692 0
023 3 18 1 3 3 8 1 1 0.506082 0
023 3 19 1 2 2 7 1 1 0.646416 0
023 3 20 1 3 7 2 0 0 0.504966 0
023 3 21 1 3 3 6 1 1 0.614923 0
023 3 22 1 2 7 8 1 1 0.574924 0
023 3 23 1 3 2 6 1 1 0.474883 0
023 3 24 1 3 2 3 0 0 0.533344 0
023 3 25 1 6 6 8 1 1 1.361510 0
023 3 26 1 3 6 2 0 0 0.410211 0
023 3 27 1 2 4 3 0 0 0.541546 0
023 3 28 1 2 6 4 0 0 0.603603 0
023 3 29 1 2 7 4 0 0 0.478326 0
023 3 30 1 2 8 4 1 0 0.391238 0
023 3 31 1 6 3 7 1 1 0.604574 0
023 3 32 1 3 2 6 1 1 1.009794 0
023 3 33 1 6 7 6 1 1 0.434377 0
023 3 34 1 3 2 6 1 1 0.501111 0
023 3 35 1 6 3 8 1 1 0.503900 0
023 3 36 1 3 2 4 0 0 0.509606 0
023 3 37 1 2 7 6 1 1 0.515925 0
023 3 38 1 6 7 3 0 0 0.513539 0
023 3 39 1 6 3 7 1 1 0.424396 0
023 3 40 1 6 4 8 1 1 0.480205 0
023 3 41 1 2 7 4 0 0 0.339683 0
023 3 42 1 3 3 4 0 0 0.467345 0
023 3 43 1 6 7 8 1 1 0.441924 0
023 3 44 1 6 6 3 0 0 0.486806 0
023 3 45 1 3 7 6 1 1 0.467361 0
023 3 46 1 6 6 7 1 1 0.470626 0
023 3 47 1 3 8 4 0 0 0.515671 0
023 3 48 1 6 6 2 0 0 0.440473 0
023 3 49 1 6 2 8 1 1 0.550121 0
023 3 50 1 2 7 6 0 1 0.548053 0
023 3 51 1 6 4 8 1 1 2.138521 0
023 3 52 1 6 8 3 0 0 0.555402 0
023 3 53 1 2 6 2 1 0 0.724960 0
023 3 54 1 2 6 3 0 0 0.547872 0
023 3 55 1 2 7 2 0 0 0.444795 0
023 3 56 1 3 8 7 1 1 0.534561 0
023 3 57 1 2 6 7 1 1 0.602828 0
023 3 58 1 3 2 7 1 1 0.438501 0
023 3 59 1 3 3 2 0 0 0.451939 0
023 4 00 1 3 6 4 0 0 0.509099 0
023 4 01 1 2 4 3 0 0 0.435973 0
023 4 02 1 2 2 3 0 0 0.407054 0
023 4 03 1 2 3 8 1 1 0.579950 0
023 4 04 1 2 2 4 0 0 0.459672 0
023 4 05 1 2 8 2 0 0 0.549307 0
023 4 06 1 2 3 4 0 0 0.434939 0
023 4 07 1 2 3 8 1 1 0.518635 0
023 4 08 1 2 8 6 1 1 0.639271 0
023 4 09 1 3 3 7 1 1 0.514469 0
023 4 10 1 2 7 2 0 0 0.435541 0
023 4 11 1 6 7 3 0 0 0.435613 0
023 4 12 1 3 7 3 0 0 0.373141 0
023 4 13 1 2 7 8 1 1 0.427999 0
023 4 14 1 6 2 7 1 1 0.584625 0
023 4 15 1 2 8 7 1 1 0.433835 0
023 4 16 1 2 6 2 0 0 0.447530 0
023 4 17 1 2 6 2 0 0 0.360426 0
023 4 18 1 6 7 6 1 1 0.410185 0
023 4 19 1 6 8 7 1 1 0.440832 0
023 4 20 1 3 2 7 1 1 0.438080 0
023 4 21 1 2 3 4 1 0 0.462993 0
023 4 22 1 3 8 3 0 0 0.870794 0
023 4 23 1 3 7 3 0 0 0.414734 0
023 4 24 1 2 3 8 1 1 0.489326 0
023 4 25 1 3 4 2 0 0 0.374654 0
023 4 26 1 2 7 3 0 0 0.382120 0
023 4 27 1 2 6 4 0 0 0.563310 0
023 4 28 1 3 4 6 1 1 0.443878 0
023 4 29 1 2 8 3 0 0 0.423716 0
023 4 30 1 6 3 8 1 1 0.529835 0
023 4 31 1 3 7 2 0 0 0.446028 0
023 4 32 1 3 6 7 1 1 0.630897 0
023 4 33 1 6 6 4 0 0 0.511702 0
023 4 34 1 2 7 3 0 0 0.377463 0
023 4 35 1 3 8 6 1 1 0.569853 0
023 4 36 1 2 2 3 0 0 0.480549 0
023 4 37 1 3 8 4 0 0 0.625939 0
023 4 38 1 6 4 7 1 1 1.127095 0
023 4 39 1 2 4 3 0 0 0.468134 0
023 4 40 1 2 2 8 1 1 0.515419 0
023 4 41 1 3 3 6 0 1 0.661883 0
023 4 42 1 6 2 3 0 0 0.557684 0
023 4 43 1 2 3 6 1 1 0.597766 0
023 4 44 1 6 2 7 1 1 0.739586 0
023 4 45 1 6 7 4 0 0 0.476166 0
023 4 46 1 6 2 6 1 1 0.644949 0
023 4 47 1 2 7 8 1 1 0.455411 0
023 4 48 1 2 8 6 1 1 0.516527 0
023 4 49 1 3 7 4 0 0 0.555936 0
023 4 50 1 6 7 6 1 1 0.461670 0
023 4 51 1 2 7 8 1 1 0.452622 0
023 4 52 1 6 6 4 0 0 0.399181 0
023 4 53 1 3 6 8 1 1 0.434944 0
023 4 54 1 2 3 7 0 1 0.350035 0
023 4 55 1 2 3 2 0 0 0.475660 0
023 4 56 1 6 3 7 1 1 0.664145 0
023 4 57 1 3 7 3 0 0 0.500990 0
023 4 58 1 3 6 2 0 0 0.473251 0
023 4 59 1 2 7 6 1 1 0.520955 0
023 5 00 1 3 6 2 0 0 0.990193 0
023 5 01 1 2 7 8 1 1 0.495549 0
023 5 02 1 6 8 6 1 1 0.684024 0
023 5 03 1 6 4 2 0 0 0.511978 0
023 5 04 1 3 6 4 0 0 0.458721 0
023 5 05 1 2 6 8 1 1 0.458471 0
023 5 06 1 6 8 3 0 0 0.449773 0
023 5 07 1 6 7 2 0 0 0.362751 0
023 5 08 1 6 7 8 1 1 0.400863 0
023 5 09 1 6 4 2 0 0 0.330000 0
023 5 10 1 3 7 2 0 0 0.393106 0
023 5 11 1 2 8 4 0 0 0.644447 0
023 5 12 1 2 2 4 0 0 0.494386 0
023 5 13 1 3 8 3 0 0 0.587399 0
023 5 14 1 6 2 8 1 1 0.521448 0
023 5 15 1 2 6 8 1 1 0.684114 0
023 5 16 1 3 4 8 1 1 0.489506 0
023 5 17 1 6 7 2 0 0 0.346013 0
023 5 18 1 2 4 8 1 1 0.392493 0
023 5 19 1 6 2 8 1 1 0.534794 0
023 5 20 1 6 7 6 1 1 0.437035 0
023 5 21 1 2 4 6 1 1 0.565291 0
023 5 22 1 3 7 8 1 1 0.434004 0
023 5 23 1 6 8 6 1 1 0.281922 0
023 5 24 1 3 4 7 1 1 0.439716 0
023 5 25 1 3 2 7 1 1 0.405270 0
023 5 26 1 2 7 6 1 1 0.771697 0
023 5 27 1 3 6 2 0 0 0.532964 0
023 5 28 1 3 3 8 1 1 0.446766 0
023 5 29 1 2 3 6 1 1 0.473874 0
023 5 30 1 2 6 8 1 1 0.352787 0
023 5 31 1 2 8 2 0 0 0.488475 0
023 5 32 1 2 3 7 1 1 0.398941 0
023 5 33 1 6 8 2 0 0 0.476436 0
023 5 34 1 2 3 4 0 0 0.776569 0
023 5 35 1 6 6 3 0 0 0.456892 0
023 5 36 1 6 7 4 0 0 0.543478 0
023 5 37 1 2 4 8 1 1 0.395513 0
023 5 38 1 6 8 4 0 0 0.613575 0
023 5 39 1 6 6 7 1 1 0.629594 0
023 5 40 1 6 8 2 0 0 0.734759 0
023 5 41 1 6 3 6 1 1 0.510558 0
023 5 42 1 3 3 7 1 1 0.476678 0
023 5 43 1 3 6 2 0 0 0.689261 0
023 5 44 1 3 3 7 0 1 0.529083 0
023 5 45 1 2 6 3 0 0 0.598205 0
023 5 46 1 2 8 3 0 0 0.504350 0
023 5 47 1 3 8 6 1 1 0.588812 0
023 5 48 1 2 3 4 0 0 0.348350 0
023 5 49 1 2 8 7 0 1 0.535171 0
023 5 50 1 3 2 3 0 0 0.544891 0
023 5 51 1 3 8 6 1 1 0.559667 0
023 5 52 1 2 8 2 0 0 0.397315 0
023 5 53 1 6 7 6 1 1 0.419507 0
023 5 54 1 6 8 7 1 1 0.556260 0
023 5 55 1 3 6 8 1 1 0.540131 0
023 5 56 1 6 4 3 0 0 0.425690 0
023 5 57 1 2 4 7 1 1 0.546046 0
023 5 58 1 3 8 3 0 0 0.532539 0
023 5 59 1 6 2 6 1 1 0.550293 0
023 6 00 1 6 8 6 1 1 0.768933 0
023 6 01 1 3 8 2 0 0 0.423841 0
023 6 02 1 6 6 8 1 1 0.434675 0
023 6 03 1 2 2 4 0 0 0.397768 0
023 6 04 1 3 8 7 1 1 0.464489 0
023 6 05 1 3 6 4 0 0 0.450098 0
023 6 06 1 3 4 6 1 1 0.368471 0
023 6 07 1 6 7 3 0 0 0.488200 0
023 6 08 1 3 8 4 0 0 0.729512 0
023 6 09 1 2 2 6 1 1 0.459547 0
023 6 10 1 2 2 7 1 1 0.610708 0
023 6 11 1 2 8 7 1 1 0.710155 0
023 6 12 1 3 3 2 0 0 0.423539 0
023 6 13 1 6 3 8 1 1 0.558358 0
023 6 14 1 2 4 7 0 1 0.443946 0
023 6 15 1 3 6 3 0 0 0.621438 0
023 6 16 1 2 4 7 1 1 0.491103 0
023 6 17 1 3 7 3 0 0 0.482601 0
023 6 18 1 3 3 8 1 1 0.555394 0
023 6 19 1 2 7 2 0 0 0.441289 0
023 6 20 1 6 4 2 0 0 0.373220 0
023 6 21 1 2 7 6 1 1 0.444908 0
023 6 22 1 3 8 7 1 1 0.536921 0
023 6 23 1 2 6 7 1 1 0.410709 0
023 6 24 1 3 8 6 1 1 0.617606 0
023 6 25 1 3 2 4 0 0 0.478530 0
023 6 26 1 3 3 4 0 0 0.531500 0
023 6 27 1 3 6 2 0 0 0.484570 0
023 6 28 1 3 7 8 1 1 0.554906 0
023 6 29 1 2 3 7 1 1 0.541150 0
023 6 30 1 3 2 6 1 1 0.376414 0
023 6 31 1 2 8 4 0 0 0.392157 0
023 6 32 1 6 4 8 1 1 0.438944 0
023 6 33 1 3 4 8 1 1 0.469371 0
023 6 34 1 3 3 2 0 0 0.477502 0
023 6 35 1 6 6 3 0 0 0.539615 0
023 6 36 1 3 6 7 1 1 0.660547 0
023 6 37 1 3 7 4 0 0 0.575153 0
023 6 38 1 6 8 3 0 0 0.545360 0
023 6 39 1 2 6 7 1 1 0.442697 0
023 6 40 1 2 3 2 0 0 0.405677 0
023 6 41 1 2 6 3 0 0 0.525437 0
023 6 42 1 2 4 2 0 0 0.416432 0
023 6 43 1 2 4 2 0 0 0.418032 0
023 6 44 1 6 6 2 0 0 0.434419 0
023 6 45 1 6 6 4 0 0 0.632952 0
023 6 46 1 6 3 2 0 0 0.463472 0
023 6 47 1 6 2 6 1 1 0.530507 0
023 6 48 1 2 3 7 1 1 0.657332 0
023 6 49 1 3 4 3 0 0 0.470986 0
023 6 50 1 6 6 2 0 0 0.493577 0
023 6 51 1 6 3 7 0 1 0.294835 0
023 6 52 1 2 8 7 1 1 1.135789 0
023 6 53 1 2 6 3 0 0 0.482705 0
023 6 54 1 6 3 2 0 0 0.393051 0
023 6 55 1 2 2 7 1 1 0.363991 0
023 6 56 1 6 3 8 1 1 0.511931 0
023 6 57 1 3 3 2 0 0 0.464822 0
023 6 58 1 3 3 8 1 1 0.632842 0
023 6 59 1 3 6 3 0 0 0.477212 0
023 7 00 1 6 2 8 1 1 0.823772 0
023 7 01 1 3 3 4 0 0 0.594230 0
023 7 02 1 2 4 8 1 1 0.384709 0
023 7 03 1 2 6 8 1 1 0.503940 0
023 7 04 1 6 8 3 0 0 0.546338 0
023 7 05 1 6 7 2 0 0 0.488528 0
023 7 06 1 6 7 4 0 0 0.696283 0
023 7 07 1 6 6 2 0 0 0.479525 0
023 7 08 1 3 8 2 0 0 0.479655 0
023 7 09 1 3 7 8 1 1 0.409064 0
023 7 10 1 2 3 6 1 1 0.700098 0
023 7 11 1 3 4 6 1 1 0.567707 0
023 7 12 1 6 2 7 1 1 0.616497 0
023 7 13 1 2 7 3 0 0 0.499859 0
023 7 14 1 2 4 8 1 1 0.544565 0
023 7 15 1 2 4 8 1 1 0.480679 0
023 7 16 1 6 8 3 0 0 0.509060 0
023 7 17 1 2 3 6 1 1 0.469704 0
023 7 18 1 2 2 8 1 1 0.455603 0
023 7 19 1 3 6 7 0 1 0.432866 0
023 7 20 1 2 8 3 0 0 0.494473 0
023 7 21 1 2 2 6 0 1 0.457951 0
023 7 22 1 2 4 2 0 0 0.562523 0
023 7 23 1 2 3 8 1 1 0.510095 0
023 7 24 1 2 4 2 0 0 0.507583 0
023 7 25 1 3 4 6 1 1 0.566666 0
023 7 26 1 3 2 8 1 1 0.474762 0
023 7 27 1 3 6 3 0 0 0.435495 0
023 7 28 1 6 2 6 1 1 0.494264 0
023 7 29 1 6 6 2 0 0 0.463599 0
023 7 30 1 6 4 3 0 0 0.561646 0
023 7 31 1 6 6 2 0 0 0.486389 0
023 7 32 1 6 4 2 0 0 0.784391 0
023 7 33 1 2 4 6 0 1 0.436828 0
023 7 34 1 2 7 4 0 0 0.543894 0
023 7 35 1 2 8 7 1 1 0.511215 0
023 7 36 1 6 4 6 0 1 0.436391 0
023 7 37 1 2 4 6 1 1 0.712914 0
023 7 38 1 2 8 3 0 0 0.507551 0
023 7 39 1 3 8 7 1 1 0.448757 0
023 7 40 1 3 6 3 0 0 0.473929 0
023 7 41 1 2 3 8 1 1 0.445863 0
023 7 42 1 2 2 8 1 1 0.479681 0
023 7 43 1 2 7 2 0 0 0.443676 0
023 7 44 1 2 2 3 0 0 0.542438 0
023 7 45 1 3 7 2 0 0 0.425047 0
023 7 46 1 3 2 4 0 0 0.553387 0
023 7 47 1 6 6 8 1 1 0.478669 0
023 7 48 1 3 4 8 1 1 0.517701 0
023 7 49 1 6 7 2 0 0 0.397708 0
023 7 50 1 3 3 6 1 1 0.436142 0
023 7 51 1 6 2 4 0 0 0.290303 0
023 7 52 1 2 6 2 0 0 0.484108 0
023 7 53 1 6 8 6 1 1 0.537717 0
023 7 54 1 3 7 8 1 1 0.487532 0
023 7 55 1 3 2 8 1 1 0.602589 0
023 7 56 1 6 2 4 1 0 0.559228 0
023 7 57 1 2 8 6 1 1 0.507668 0
023 7 58 1 6 7 6 1 1 0.448990 0
023 7 59 1 2 2 6 1 1 0.434614 0
023 8 00 1 6 3 2 0 0 0.469713 0
023 8 01 1 6 2 6 1 1 0.489555 0
023 8 02 1 3 4 7 1 1 0.663500 0
023 8 03 1 6 2 4 0 0 0.525183 0
023 8 04 1 6 8 2 0 0 0.481445 0
023 8 05 1 6 6 8 1 1 0.473255 0
023 8 06 1 2 2 6 1 1 0.484426 0
023 8 07 1 6 2 3 0 0 0.434402 0
023 8 08 1 3 4 2 0 0 0.423321 0
023 8 09 1 6 6 4 0 0 0.540698 0
023 8 10 1 6 8 2 1 0 0.401412 0
023 8 11 1 3 2 4 0 0 1.310927 0
023 8 12 1 6 2 6 1 1 0.567648 0
023 8 13 1 2 3 7 1 1 0.517985 0
023 8 14 1 6 4 8 1 1 0.451586 0
023 8 15 1 2 7 3 0 0 0.554843 0
023 8 16 1 3 8 4 0 0 0.479980 0
023 8 17 1 6 4 3 0 0 0.427172 0
023 8 18 1 6 4 6 1 1 0.718874 0
023 8 19 1 3 6 8 1 1 0.500082 0
023 8 20 1 2 7 6 1 1 0.418545 0
023 8 21 1 6 6 7 1 1 0.463004 0
023 8 22 1 3 4 7 1 1 0.418320 0
023 8 23 1 6 8 4 0 0 0.549685 0
023 8 24 1 6 4 7 1 1 0.550746 0
023 8 25 1 3 6 4 1 0 0.427958 0
023 8 26 1 2 8 2 0 0 0.467700 0
023 8 27 1 2 6 4 1 0 0.557796 0
023 8 28 1 6 7 4 0 0 0.523108 0
023 8 29 1 3 6 7 1 1 0.566166 0
023 8 30 1 6 3 2 0 0 0.451729 0
023 8 31 1 6 8 2 0 0 0.479826 0
023 8 32 1 6 4 3 0 0 0.552751 0
023 8 33 1 6 6 8 1 1 0.531227 0
023 8 34 1 6 3 4 0 0 0.444970 0
023 8 35 1 3 6 4 0 0 0.424990 0
023 8 36 1 6 2 8 1 1 0.711040 0
023 8 37 1 3 4 8 1 1 0.463848 0
023 8 38 1 2 2 7 0 1 0.407381 0
023 8 39 1 2 8 4 0 0 0.466670 0
023 8 40 1 2 8 7 1 1 0.517054 0
023 8 41 1 6 4 7 1 1 0.616033 0
023 8 42 1 6 8 7 1 1 2.428050 0
023 8 43 1 2 3 2 0 0 0.553143 0
023 8 44 1 3 8 3 0 0 0.554307 0
023 8 45 1 3 3 2 0 0 0.442598 0
023 8 46 1 3 2 4 0 0 0.490055 0
023 8 47 1 2 4 6 1 1 0.506990 0
023 8 48 1 6 2 3 0 0 0.813428 0
023 8 49 1 6 7 3 0 0 0.536806 0
023 8 50 1 6 4 3 0 0 0.458854 0
023 8 51 1 2 6 4 0 0 0.537410 0
023 8 52 1 3 6 8 1 1 0.487748 0
023 8 53 1 2 6 4 0 0 0.594410 0
023 8 54 1 3 7 4 0 0 0.435627 0
023 8 55 1 3 2 3 0 0 0.542451 0
023 8 56 1 2 2 8 1 1 0.447332 0
023 8 57 1 6 2 4 0 0 0.450157 0
023 8 58 1 2 6 3 0 0 0.452992 0
023 8 59 1 3 7 6 0 1 0.374882 0
023 9 00 0 2 8 7 0 1 1.089095 0
023 9 01 0 2 3 2 1 0 0.973345 0
023 9 02 0 6 7 6 0 1 0.780994 0
023 9 03 0 12 6 2 1 1 0.581352 0
023 9 04 0 12 6 3 1 1 0.508851 0
023 9 05 0 6 4 2 1 0 1.224227 0
023 9 06 0 3 3 7 0 0 1.163072 0
023 9 07 0 6 4 7 0 0 0.969463 0
023 9 08 0 6 8 2 1 1 0.650853 0
023 9 09 0 2 7 3 0 1 0.918193 0
023 9 10 0 12 7 8 0 1 0.989280 0
023 9 11 0 12 3 7 0 0 0.791566 0
023 9 12 0 3 6 7 0 1 1.369007 0
023 9 13 0 6 2 4 0 0 1.410300 0
023 9 14 0 3 2 3 0 0 0.542797 0
023 9 15 0 2 8 4 1 1 0.696305 0
023 9 16 0 6 6 7 1 1 0.812654 0
023 9 17 0 6 3 7 0 0 0.621376 0
023 9 18 0 6 3 2 0 0 1.822865 0
023 9 19 0 2 4 6 0 0 1.509400 0
023 9 20 0 2 2 8 1 0 1.004216 0
023 9 21 0 3 7 8 1 1 0.833932 0
023 9 22 0 6 3 4 1 0 0.929109 0
023 9 23 0 12 7 2 1 1 0.615648 0
023 9 24 0 12 2 3 1 0 1.377216 0
023 9 25 0 6 4 6 0 0 0.765448 0
023 9 26 0 12 3 6 0 0 1.983132 0
023 9 27 0 6 4 6 0 0 1.360053 0
023 9 28 0 12 4 8 0 0 1.247927 0
023 9 29 0 6 7 8 1 1 0.480121 0
023 9 30 0 3 3 8 1 0 1.057148 0
023 9 31 0 2 6 4 0 1 1.280653 0
023 9 32 0 2 2 7 0 0 1.138705 0
023 9 33 0 2 7 6 0 1 1.028814 0
023 9 34 0 6 3 6 0 0 1.534993 0
023 9 35 0 2 7 2 0 1 1.120299 0
023 9 36 0 12 2 3 1 0 0.699199 0
023 9 37 0 3 3 2 1 0 0.736794 0
023 9 38 0 12 2 7 0 0 0.952319 0
023 9 39 0 12 3 2 0 0 0.990043 0
023 9 40 0 6 2 4 0 0 1.207467 0
023 9 41 0 2 3 2 1 0 0.899068 0
023 9 42 0 2 2 7 0 0 0.672412 0
023 9 43 0 12 7 3 0 1 0.634833 0
023 9 44 0 2 6 7 0 1 0.899317 0
023 9 45 0 12 8 6 1 1 0.633849 0
023 9 46 0 3 8 2 1 1 0.833599 0
023 9 47 0 2 4 8 1 0 1.223109 0
023 9 48 0 12 7 4 1 1 1.550163 0
023 9 49 0 3 7 2 1 1 0.765461 0
023 9 50 0 2 6 4 0 1 0.994349 0
023 9 51 0 6 6 3 1 1 0.771608 0
023 9 52 0 2 6 2 0 1 1.528481 0
023 9 53 0 12 3 8 0 0 1.072827 0
023 9 54 0 2 3 6 1 0 0.852868 0
023 9 55 0 3 6 7 0 1 1.088712 0
023 9 56 0 2 8 2 1 1 0.832837 0
023 9 57 0 2 4 7 0 0 0.908440 0
023 9 58 0 3 2 7 1 0 0.810430 0
023 9 59 0 6 4 3 0 0 1.054230 0
023 9 60 0 12 3 8 0 0 1.207838 0
023 9 61 0 3 8 6 1 1 1.336949 0
023 9 62 0 6 7 4 1 1 1.731857 0
023 9 63 0 12 6 2 1 1 1.011548 0
023 9 64 0 12 7 3 1 1 0.542294 0
023 9 65 0 6 6 2 1 1 0.729838 0
023 9 66 0 12 2 8 0 0 0.431228 0
023 9 67 0 12 3 7 0 0 0.598740 0
023 9 68 0 2 2 7 0 0 0.848419 0
023 9 69 0 12 4 2 0 0 1.550362 0
023 9 70 0 2 2 8 0 0 0.695908 0
023 9 71 0 2 2 3 0 0 0.907432 0
023 9 72 0 12 2 6 0 0 0.921685 0
023 9 73 0 3 8 6 1 1 0.821136 0
023 9 74 0 12 8 6 1 1 0.661233 0
023 9 75 0 12 7 3 1 1 0.507900 0
023 9 76 0 2 8 6 1 1 1.143787 0
023 9 77 0 6 7 3 1 1 0.722559 0
023 9 78 0 6 4 3 1 0 0.900693 0
023 9 79 0 6 2 8 0 0 0.760361 0
023 9 80 0 12 3 6 0 0 0.776898 0
023 9 81 0 6 8 6 1 1 0.978191 0
023 9 82 0 6 7 2 1 1 1.147985 0
023 9 83 0 3 2 6 1 0 1.296694 0
023 9 84 0 2 2 3 1 0 0.691756 0
023 9 85 0 6 7 6 1 1 0.662050 0
023 9 86 0 3 6 4 0 1 0.581417 0
023 9 87 0 12 8 3 1 1 0.694392 0
023 9 88 0 12 6 8 1 1 0.570125 0
023 9 89 0 3 8 4 0 1 0.962955 0
023 9 90 0 3 8 4 1 1 0.846257 0
023 9 91 0 3 6 8 1 1 0.896287 0
023 9 92 0 3 6 4 0 1 0.736465 0
023 9 93 0 6 6 8 1 1 0.575273 0
023 9 94 0 6 6 8 1 1 1.061140 0
023 9 95 0 3 2 7 0 0 0.947985 0
023 9 96 0 3 7 6 1 1 0.597694 0
023 9 97 0 12 7 4 1 1 1.221556 0
023 9 98 0 2 2 3 1 0 0.706163 0
023 9 99 0 3 2 8 0 0 0.633940 0
023 10 00 0 6 3 2 0 0 0.686028 0
023 10 01 0 6 6 7 1 1 0.732208 0
023 10 02 0 3 3 8 1 0 0.705412 0
023 10 03 0 6 8 3 0 1 0.717817 0
023 10 04 0 2 3 4 1 0 0.499844 0
023 10 05 0 12 6 7 1 1 0.971058 0
023 10 06 0 2 2 4 1 0 0.710670 0
023 10 07 0 12 2 7 0 0 0.633937 0
023 10 08 0 3 7 8 0 1 1.013193 0
023 10 09 0 3 4 3 1 0 0.679985 0
023 10 10 0 12 7 6 1 1 1.023791 0
023 10 11 0 2 4 2 0 0 0.637563 0
023 10 12 0 2 8 7 1 1 0.727684 0
023 10 13 0 6 2 3 0 0 0.636503 0
023 10 14 0 12 6 4 1 1 0.578532 0
023 10 15 0 12 8 2 1 1 1.359372 0
023 10 16 0 12 6 8 1 1 1.002905 0
023 10 17 0 12 4 8 0 0 0.872840 0
023 10 18 0 3 2 7 1 0 0.957302 0
023 10 19 0 12 7 4 1 1 0.897019 0
023 10 20 0 12 4 6 0 0 0.844830 0
023 10 21 0 6 2 7 0 0 0.485777 0
023 10 22 0 3 8 7 1 1 1.234213 0
023 10 23 0 12 2 8 0 0 0.806553 0
023 10 24 0 12 2 4 0 0 0.820561 0
023 10 25 0 3 8 6 1 1 1.039266 0
023 10 26 0 3 4 7 1 0 0.838773 0
023 10 27 0 12 4 7 0 0 0.466016 0
023 10 28 0 6 8 4 1 1 1.175170 0
023 10 29 0 3 2 8 0 0 0.793735 0
023 10 30 0 12 6 2 1 1 0.644953 0
023 10 31 0 2 4 3 0 0 0.808108 0
023 10 32 0 3 4 6 1 0 0.829624 0
023 10 33 0 6 8 2 0 1 0.624119 0
023 10 34 0 3 4 2 1 0 1.064765 0
023 10 35 0 3 6 3 1 1 1.131098 0
023 10 36 0 6 4 6 0 0 0.545063 0
023 10 37 0 3 4 2 1 0 1.296894 0
023 10 38 0 12 2 3 0 0 0.678688 0
023 10 39 0 2 4 8 0 0 1.364348 0
023 10 40 0 3 4 7 1 0 0.908664 0
023 10 41 0 12 8 3 1 1 0.957466 0
023 10 42 0 12 8 3 1 1 0.771077 0
023 10 43 0 12 7 6 0 1 0.700504 0
023 10 44 0 3 6 3 1 1 1.252104 0
023 10 45 0 2 3 6 1 0 1.090381 0
023 10 46 0 3 7 2 1 1 1.058526 0
023 10 47 0 6 2 7 0 0 0.939378 0
023 10 48 0 12 2 6 0 0 0.882282 0
023 10 49 0 3 6 8 0 1 0.767629 0
023 10 50 0 3 4 8 0 0 0.761185 0
023 10 51 0 12 6 4 1 1 1.836439 0
023 10 52 0 12 4 7 0 0 0.990472 0
023 10 53 0 3 3 6 0 0 0.980931 0
023 10 54 0 12 4 7 0 0 0.899037 0
023 10 55 0 6 2 4 1 0 0.688906 0
023 10 56 0 12 3 8 0 0 0.853522 0
023 10 57 0 12 6 7 1 1 0.742336 0
023 10 58 0 6 8 7 1 1 1.086568 0
023 10 59 0 3 7 4 1 1 0.971619 0
023 10 60 0 3 8 7 0 1 0.728842 0
023 10 61 0 3 4 7 0 0 0.728082 0
023 10 62 0 12 3 2 0 0 1.715251 0
023 10 63 0 6 4 3 1 0 1.078554 0
023 10 64 0 3 3 6 0 0 1.608689 0
023 10 65 0 6 7 8 0 1 0.726802 0
023 10 66 0 12 3 2 0 0 0.907743 0
023 10 67 0 2 6 7 1 1 0.632727 0
023 10 68 0 12 2 7 0 0 0.695855 0
023 10 69 0 12 3 7 0 0 1.172380 0
023 10 70 0 3 4 6 1 0 0.718041 0
023 10 71 0 6 7 2 1 1 0.725866 0
023 10 72 0 3 3 8 0 0 0.657302 0
023 10 73 0 6 2 3 0 0 0.983419 0
023 10 74 0 12 2 4 0 0 0.578785 0
023 10 75 0 2 6 3 0 1 0.946234 0
023 10 76 0 3 7 4 1 1 2.875169 0
023 10 77 0 12 4 6 0 0 0.707246 0
023 10 78 0 6 4 2 0 0 1.074041 0
023 10 79 0 2 3 8 0 0 0.654801 0
023 10 80 0 2 6 8 1 1 0.537785 0
023 10 81 0 3 7 6 0 1 0.563037 0
023 10 82 0 3 2 3 0 0 1.169044 0
023 10 83 0 3 8 3 1 1 0.597239 0
023 10 84 0 12 7 8 1 1 0.985486 0
023 10 85 0 3 8 3 0 1 0.543475 0
023 10 86 0 2 7 4 1 1 0.537395 0
023 10 87 0 12 2 4 0 0 0.942454 0
023 10 88 0 12 3 8 0 0 0.464006 0
023 10 89 0 12 3 4 0 0 0.632276 0
023 10 90 0 3 7 3 0 1 0.806722 0
023 10 91 0 12 6 3 1 1 1.045107 0
023 10 92 0 12 8 6 1 1 0.806603 0
023 10 93 0 6 2 8 0 0 0.848606 0
023 10 94 0 2 7 8 0 1 0.688888 0
023 10 95 0 3 3 4 1 0 0.804539 0
023 10 96 0 12 3 4 0 0 0.361376 0
023 10 97 0 6 3 8 0 0 0.569360 0
023 10 98 0 2 3 7 0 0 0.526731 0
023 10 99 0 2 8 3 0 1 0.769816 0
023 11 00 0 2 6 2 1 1 0.756875 0
023 11 01 0 6 7 4 1 1 0.882174 0
023 11 02 0 12 2 3 0 0 0.545888 0
023 11 03 0 12 2 6 0 0 0.687147 0
023 11 04 0 6 8 7 1 1 0.770175 0
023 11 05 0 6 4 2 1 0 1.844357 0
023 11 06 0 2 6 2 0 1 0.464742 0
023 11 07 0 12 6 3 1 1 0.625131 0
023 11 08 0 12 8 4 0 1 0.530607 0
023 11 09 0 3 7 6 1 1 0.483139 0
023 11 10 0 2 7 3 0 1 0.274668 0
023 11 11 0 2 6 3 1 1 0.599535 0
023 11 12 0 12 2 4 0 0 0.624941 0
023 11 13 0 12 2 3 0 0 0.553204 0
023 11 14 0 6 3 7 0 0 0.575992 0
023 11 15 0 6 6 4 0 1 1.289301 0
023 11 16 0 2 8 4 1 1 0.939329 0
023 11 17 0 12 6 3 1 1 0.555548 0
023 11 18 0 3 4 3 1 0 0.605260 0
023 11 19 0 2 7 6 1 1 0.501463 0
023 11 20 0 2 8 3 1 1 0.545325 0
023 11 21 0 2 4 8 1 0 0.474319 0
023 11 22 0 12 6 2 1 1 0.992715 0
023 11 23 0 3 7 3 1 1 0.612138 0
023 11 24 0 12 2 4 0 0 0.545304 0
023 11 25 0 6 7 3 0 1 0.710780 0
023 11 26 0 2 7 8 1 1 0.627621 0
023 11 27 0 3 6 3 1 1 0.739891 0
023 11 28 0 6 8 4 1 1 0.749497 0
023 11 29 0 12 4 8 1 0 0.990304 0
023 11 30 0 3 8 2 1 1 0.980066 0
023 11 31 0 3 4 6 0 0 0.818593 0
023 11 32 0 6 8 7 0 1 5.470609 0
023 11 33 0 6 6 3 1 1 1.316828 0
023 11 34 0 2 2 4 1 0 0.965103 0
023 11 35 0 12 7 2 0 1 0.781458 0
023 11 36 0 6 4 8 1 0 0.599292 0
023 11 37 0 2 4 3 0 0 4.191075 0
023 11 38 0 6 6 7 1 1 0.733505 0
023 11 39 0 6 2 6 0 0 0.777109 0
023 11 40 0 12 4 6 0 0 0.651138 0
023 11 41 0 12 6 4 0 1 2.948439 0
023 11 42 0 3 7 8 0 1 0.936940 0
023 11 43 0 12 7 2 1 1 0.957744 0
023 11 44 0 12 6 7 1 1 0.698364 0
023 11 45 0 3 6 7 1 1 0.545327 0
023 11 46 0 3 3 6 1 0 0.654696 0
023 11 47 0 12 7 6 1 1 0.847244 0
023 11 48 0 2 6 3 0 1 1.481194 0
023 11 49 0 2 8 2 1 1 0.912365 0
023 11 50 0 12 2 8 0 0 0.790189 0
023 11 51 0 3 6 4 0 1 0.694735 0
023 11 52 0 12 2 8 1 0 0.693867 0
023 11 53 0 6 8 6 1 1 0.865922 0
023 11 54 0 12 4 3 0 0 0.689696 0
023 11 55 0 12 3 4 0 0 0.912876 0
023 11 56 0 6 7 3 0 1 0.896855 0
023 11 57 0 12 7 8 0 1 0.702035 0
023 11 58 0 2 3 6 1 0 0.521125 0
023 11 59 0 3 3 4 0 0 0.200187 0
023 11 60 0 6 3 8 1 0 0.660060 0
023 11 61 0 3 4 8 0 0 0.364921 0
023 11 62 0 2 2 6 0 0 0.489225 0
023 11 63 0 12 6 8 1 1 1.005111 0
023 11 64 0 2 8 6 1 1 0.787830 0
023 11 65 0 6 4 7 0 0 0.657925 0
023 11 66 0 6 3 6 0 0 0.667666 0
023 11 67 0 6 8 2 0 1 0.623906 0
023 11 68 0 12 3 6 0 0 0.638729 0
023 11 69 0 2 7 3 1 1 1.037862 0
023 11 70 0 3 8 4 0 1 0.610089 0
023 11 71 0 6 2 6 0 0 0.866438 0
023 11 72 0 6 3 7 0 0 0.717609 0
023 11 73 0 12 4 3 1 0 0.584796 0
023 11 74 0 2 4 3 1 0 1.073087 0
023 11 75 0 2 3 7 1 0 0.496925 0
023 11 76 0 3 2 8 0 0 1.944293 0
023 11 77 0 3 2 3 0 0 0.507566 0
023 11 78 0 3 7 4 0 1 0.854802 0
023 11 79 0 3 6 2 1 1 0.747945 0
023 11 80 0 3 6 2 1 1 0.631724 0
023 11 81 0 12 7 2 1 1 0.635602 0
023 11 82 0 6 2 7 0 0 0.753909 0
023 11 83 0 6 2 8 0 0 1.028004 0
023 11 84 0 12 7 4 1 1 0.589818 0
023 11 85 0 6 4 7 0 0 0.825950 0
023 11 86 0 12 4 2 0 0 1.370039 0
023 11 87 0 12 4 7 0 0 0.713526 0
023 11 88 0 3 2 4 0 0 0.507480 0
023 11 89 0 12 6 3 1 1 0.594038 0
023 11 90 0 2 7 2 0 1 0.602973 0
023 11 91 0 12 8 2 1 1 0.575588 0
023 11 92 0 3 6 2 0 1 0.637134 0
023 11 93 0 3 8 3 0 1 1.002519 0
023 11 94 0 12 3 2 1 0 0.583962 0
023 11 95 0 12 4 3 1 0 0.489546 0
023 11 96 0 2 3 8 0 0 0.974641 0
023 11 97 0 2 3 7 1 0 0.835468 0
023 11 98 0 6 8 3 1 1 0.656047 0
023 11 99 0 12 4 2 0 0 0.514630 0
023 12 00 0 2 8 6 1 1 0.854289 0
023 12 01 0 2 8 3 1 1 1.005551 0
023 12 02 0 6 3 6 0 0 0.729248 0
023 12 03 0 12 7 2 1 1 0.869324 0
023 12 04 0 3 2 4 0 0 0.765268 0
023 12 05 0 12 3 7 0 0 0.526460 0
023 12 06 0 3 4 3 1 0 0.866000 0
023 12 07 0 3 4 2 0 0 0.476013 0
023 12 08 0 6 7 8 0 1 0.809343 0
023 12 09 0 2 4 2 0 0 0.519594 0
023 12 10 0 12 4 3 1 0 0.365624 0
023 12 11 0 6 7 2 0 1 0.666049 0
023 12 12 0 12 3 6 1 0 0.725951 0
023 12 13 0 12 6 7 0 1 0.385764 0
023 12 14 0 12 2 6 0 0 0.786333 0
023 12 15 0 12 8 7 1 1 0.890131 0
023 12 16 0 3 3 4 0 0 0.715902 0
023 12 17 0 12 4 8 0 0 0.616599 0
023 12 18 0 3 7 3 1 1 0.878115 0
023 12 19 0 12 4 6 0 0 0.474074 0
023 12 20 0 12 8 4 1 1 1.256610 0
023 12 21 0 6 8 3 0 1 0.572638 0
023 12 22 0 12 4 2 0 0 0.716262 0
023 12 23 0 2 3 8 1 0 0.989877 0
023 12 24 0 2 7 2 0 1 0.836152 0
023 12 25 0 12 2 7 0 0 1.080731 0
023 12 26 0 6 3 8 0 0 0.623262 0
023 12 27 0 2 4 7 0 0 0.629424 0
023 12 28 0 3 3 2 1 0 0.612989 0
023 12 29 0 2 7 6 1 1 1.235898 0
023 12 30 0 2 6 8 0 1 0.664035 0
023 12 31 0 2 6 8 0 1 0.608432 0
023 12 32 0 2 7 4 0 1 0.720726 0
023 12 33 0 2 8 4 0 1 0.536519 0
023 12 34 0 12 7 3 0 1 0.665782 0
023 12 35 0 6 6 8 1 1 0.593922 0
023 12 36 0 6 6 2 0 1 0.602549 0
023 12 37 0 2 3 2 0 0 0.583291 0
023 12 38 0 12 8 4 1 1 1.254903 0
023 12 39 0 6 3 4 1 0 0.804810 0
023 12 40 0 2 8 7 0 1 0.809794 0
023 12 41 0 6 4 8 0 0 0.714020 0
023 12 42 0 2 3 4 1 0 2.298394 0
023 12 43 0 3 7 2 1 1 0.965740 0
023 12 44 0 12 8 3 1 1 1.001424 0
023 12 45 0 2 2 8 0 0 0.831986 0
023 12 46 0 2 2 6 0 0 0.708019 0
023 12 47 0 12 8 2 1 1 0.757727 0
023 12 48 0 3 2 6 0 0 0.568493 0
023 12 49 0 2 8 2 1 1 0.764684 0
023 12 50 0 12 3 4 0 0 0.436044 0
023 12 51 0 6 6 4 1 1 0.252753 0
023 12 52 0 2 2 4 0 0 -1.000000 0
023 12 53 0 6 7 4 1 1 1.433792 0
023 12 54 0 12 8 7 1 1 1.400894 0
023 12 55 0 6 6 2 0 1 0.733348 0
023 12 56 0 3 2 4 1 0 0.914562 0
023 12 57 0 12 3 4 1 0 1.507876 0
023 12 58 0 12 8 2 1 1 0.951442 0
023 12 59 0 2 7 8 0 1 0.716095 0
023 12 60 0 2 3 4 0 0 0.829325 0
023 12 61 0 3 2 6 1 0 0.728402 0
023 12 62 0 6 4 8 0 0 0.903881 0
023 12 63 0 3 3 2 1 0 1.083861 0
023 12 64 0 12 8 7 0 1 0.583583 0
023 12 65 0 6 8 4 1 1 0.827666 0
023 12 66 0 6 8 6 1 1 0.560924 0
023 12 67 0 12 4 3 0 0 1.055219 0
023 12 68 0 2 4 7 0 0 0.613358 0
023 12 69 0 3 8 7 0 1 0.737021 0
023 12 70 0 12 8 7 1 1 0.581729 0
023 12 71 0 2 6 7 1 1 0.923796 0
023 12 72 0 2 4 6 0 0 0.803352 0
023 12 73 0 2 4 2 1 0 2.136133 0
023 12 74 0 3 3 7 1 0 0.832696 0
023 12 75 0 3 3 7 1 0 0.618902 0
023 12 76 0 12 6 2 1 1 0.619916 0
023 12 77 0 2 7 4 0 1 0.580710 0
023 12 78 0 2 2 6 1 0 0.636557 0
023 12 79 0 12 8 4 1 1 0.559150 0
023 12 80 0 6 2 6 0 0 0.780968 0
023 12 81 0 6 6 3 1 1 0.912310 0
023 12 82 0 6 3 4 0 0 0.783517 0
023 12 83 0 3 4 8 1 0 0.468039 0
023 12 84 0 12 7 6 1 1 0.630010 0
023 12 85 0 12 7 8 1 1 1.128047 0
023 12 86 0 2 4 6 1 0 0.684179 0
023 12 87 0 6 7 6 1 1 0.567783 0
023 12 88 0 12 8 6 1 1 0.607803 0
023 12 89 0 12 8 2 0 1 0.566989 0
023 12 90 0 6 6 4 1 1 1.066969 0
023 12 91 0 6 3 2 1 0 0.631059 0
023 12 92 0 3 6 8 0 1 0.440290 0
023 12 93 0 12 4 2 0 0 1.068364 0
023 12 94 0 12 6 4 1 1 0.857920 0
023 12 95 0 12 6 8 1 1 0.751816 0
023 12 96 0 2 6 4 0 1 0.534990 0
023 12 97 0 6 2 3 0 0 0.700437 0
023 12 98 0 12 3 2 0 0 0.739138 0
023 12 99 0 3 8 2 1 1 0.698869 0
