020 0 00 1 6 7 3 0 0 1.547692 0
020 0 01 1 2 2 7 1 1 1.434970 0
020 0 02 1 6 8 3 0 0 1.326431 0
020 0 03 1 6 2 3 0 0 1.222764 0
020 0 04 1 6 8 2 0 0 1.001900 0
020 0 05 1 2 3 2 0 0 1.047138 0
020 0 06 1 2 8 3 0 0 0.976891 0
020 0 07 1 6 6 4 0 0 0.956763 0
020 0 08 1 3 6 2 0 0 0.899260 0
020 0 09 1 6 3 8 1 1 0.859035 0
020 0 10 1 3 3 7 1 1 0.964323 0
020 0 11 1 2 4 2 0 0 1.029621 0
020 0 12 1 3 8 6 1 1 0.807859 0
020 0 13 1 6 7 8 1 1 0.824156 0
020 0 14 1 6 6 2 0 0 1.090232 0
020 0 15 1 6 6 2 0 0 0.939535 0
020 0 16 1 2 7 8 1 1 0.781706 0
020 0 17 1 6 8 2 0 0 0.779333 0
020 0 18 1 3 3 8 1 1 0.807271 0
020 0 19 1 2 3 8 1 1 0.726499 0
020 0 20 1 6 6 2 0 0 0.722452 0
020 0 21 1 6 3 6 1 1 0.727119 0
020 0 22 1 3 4 8 1 1 0.705245 0
020 0 23 1 2 6 8 1 1 0.721607 0
020 0 24 1 3 8 2 0 0 0.797319 0
020 0 25 1 2 8 6 1 1 0.836264 0
020 0 26 1 6 6 7 1 1 0.708166 0
020 0 27 1 2 8 3 0 0 0.694869 0
020 0 28 1 2 8 7 1 1 0.643510 0
020 0 29 1 2 6 7 1 1 0.677904 0
020 0 30 1 3 2 4 0 0 0.667466 0
020 0 31 1 6 4 2 0 0 0.602340 0
020 0 32 1 2 7 3 0 0 0.664269 0
020 0 33 1 2 8 7 1 1 0.714200 0
020 0 34 1 2 6 2 0 0 0.651693 0
020 0 35 1 2 3 4 0 0 0.892244 0
020 0 36 1 2 3 4 0 0 0.746911 0
020 0 37 1 6 3 6 1 1 0.625665 0
020 0 38 1 3 4 7 1 1 0.643622 0
020 0 39 1 6 2 6 1 1 0.660795 0
020 0 40 1 3 4 2 0 0 0.685534 0
020 0 41 1 6 3 8 1 1 0.633837 0
020 0 42 1 6 4 8 1 1 0.667398 0
020 0 43 1 3 2 3 0 0 0.599993 0
020 0 44 1 2 3 8 1 1 0.583448 0
020 0 45 1 3 6 2 0 0 0.740827 0
020 0 46 1 6 4 6 1 1 0.505848 0
020 0 47 1 2 2 6 1 1 0.619559 0
020 0 48 1 3 8 6 1 1 0.656785 0
020 0 49 1 3 7 4 0 0 0.633607 0
020 0 50 1 2 3 6 1 1 0.847689 0
020 0 51 1 6 3 2 0 0 0.691651 0
020 0 52 1 6 2 7 1 1 0.734705 0
020 0 53 1 6 3 7 1 1 0.638449 0
020 0 54 1 2 8 7 1 1 0.715999 0
020 0 55 1 2 2 7 1 1 0.639471 0
020 0 56 1 2 4 8 1 1 0.646205 0
020 0 57 1 2 4 6 1 1 0.568469 0
020 0 58 1 2 8 4 0 0 0.582294 0
020 0 59 1 6 3 7 1 1 0.611839 0
020 1 00 1 2 3 6 1 1 0.741987 0
020 1 01 1 3 2 7 1 1 0.596736 0
020 1 02 1 2 3 7 1 1 0.634509 0
020 1 03 1 3 2 6 1 1 0.583937 0
020 1 04 1 6 2 3 0 0 0.585646 0
020 1 05 1 6 7 4 0 0 0.671898 0
020 1 06 1 3 4 6 1 1 0.803243 0
020 1 07 1 2 6 7 1 1 0.594476 0
020 1 08 1 2 7 2 0 0 0.501571 0
020 1 09 1 6 6 2 0 0 0.500233 0
020 1 10 1 3 2 3 0 0 0.635420 0
020 1 11 1 6 8 7 1 1 0.552358 0
020 1 12 1 6 7 2 0 0 0.576754 0
020 1 13 1 3 6 7 1 1 0.555357 0
020 1 14 1 6 7 4 0 0 0.606945 0
020 1 15 1 2 2 3 0 0 0.625589 0
020 1 16 1 3 3 7 1 1 0.621929 0
020 1 17 1 3 7 2 0 0 0.520526 0
020 1 18 1 6 8 7 1 1 0.513580 0
020 1 19 1 3 2 3 0 0 0.647913 0
020 1 20 1 2 8 6 1 1 0.665712 0
020 1 21 1 2 8 4 0 0 0.661234 0
020 1 22 1 6 7 3 0 0 0.612719 0
020 1 23 1 2 2 7 1 1 0.590712 0
020 1 24 1 2 6 3 0 0 0.609938 0
020 1 25 1 2 7 2 0 0 0.650208 0
020 1 26 1 3 7 4 0 0 0.669944 0
020 1 27 1 3 3 7 1 1 0.600183 0
020 1 28 1 6 8 7 1 1 0.482444 0
020 1 29 1 3 2 6 1 1 0.683005 0
020 1 30 1 2 7 8 1 1 0.642946 0
020 1 31 1 6 6 8 1 1 0.605269 0
020 1 32 1 2 7 6 1 1 0.776011 0
020 1 33 1 2 4 8 1 1 0.621949 0
020 1 34 1 3 7 3 0 0 0.647920 0
020 1 35 1 2 8 3 0 0 0.616743 0
020 1 36 1 3 7 2 0 0 0.722301 0
020 1 37 1 6 8 4 0 0 0.585377 0
020 1 38 1 2 8 4 0 0 0.694633 0
020 1 39 1 2 4 8 1 1 0.648653 0
020 1 40 1 3 6 4 0 0 0.603486 0
020 1 41 1 3 3 2 0 0 0.553900 0
020 1 42 1 6 7 6 1 1 0.684590 0
020 1 43 1 2 4 2 0 0 0.677071 0
020 1 44 1 6 2 8 1 1 0.734133 0
020 1 45 1 3 4 6 1 1 0.649052 0
020 1 46 1 3 8 6 1 1 0.663948 0
020 1 47 1 2 8 3 0 0 0.558642 0
020 1 48 1 2 7 8 1 1 0.618956 0
020 1 49 1 2 3 8 1 1 0.549897 0
020 1 50 1 2 2 7 1 1 0.697540 0
020 1 51 1 6 2 8 1 1 0.675266 0
020 1 52 1 2 7 2 0 0 0.517954 0
020 1 53 1 2 8 6 1 1 0.533130 0
020 1 54 1 2 7 8 1 1 0.504450 0
020 1 55 1 2 2 8 1 1 0.484508 0
020 1 56 1 6 6 7 1 1 0.480059 0
020 1 57 1 3 4 6 1 1 0.503815 0
020 1 58 1 2 7 4 0 0 0.587251 0
020 1 59 1 6 7 8 1 1 0.597613 0
020 2 00 1 6 3 2 0 0 0.598099 0
020 2 01 1 3 2 6 1 1 0.546059 0
020 2 02 1 3 6 3 0 0 0.606712 0
020 2 03 1 2 2 6 1 1 0.668759 0
020 2 04 1 3 3 7 1 1 0.541578 0
020 2 05 1 6 2 4 0 0 0.566101 0
020 2 06 1 2 7 6 1 1 0.596705 0
020 2 07 1 3 7 6 1 1 0.500873 0
020 2 08 1 3 4 6 1 1 0.581065 0
020 2 09 1 3 8 4 0 0 1.160115 0
020 2 10 1 2 3 4 0 0 0.603952 0
020 2 11 1 3 2 4 0 0 0.532626 0
020 2 12 1 6 2 8 1 1 0.535880 0
020 2 13 1 2 3 7 1 1 0.463244 0
020 2 14 1 6 8 7 1 1 0.484110 0
020 2 15 1 2 6 7 1 1 0.480805 0
020 2 16 1 2 8 7 1 1 0.963789 0
020 2 17 1 6 6 3 0 0 0.666794 0
020 2 18 1 2 4 7 1 1 0.545843 0
020 2 19 1 3 8 7 1 1 0.486228 0
020 2 20 1 3 7 4 0 0 0.559059 0
020 2 21 1 6 6 7 1 1 0.597196 0
020 2 22 1 2 4 2 0 0 0.485746 0
020 2 23 1 6 2 7 1 1 0.506029 0
020 2 24 1 6 4 6 1 1 0.550516 0
020 2 25 1 2 3 8 1 1 0.521447 0
020 2 26 1 6 3 2 0 0 0.481337 0
020 2 27 1 3 4 3 0 0 0.516844 0
020 2 28 1 6 2 7 1 1 0.528856 0
020 2 29 1 3 6 4 0 0 0.815423 0
020 2 30 1 3 3 4 0 0 0.522530 0
020 2 31 1 3 4 3 0 0 0.570011 0
020 2 32 1 3 3 2 0 0 0.447794 0
020 2 33 1 2 6 4 0 0 0.573497 0
020 2 34 1 6 3 7 1 1 0.526741 0
020 2 35 1 3 8 2 0 0 0.516599 0
020 2 36 1 6 2 4 0 0 0.528592 0
020 2 37 1 2 7 2 0 0 0.486309 0
020 2 38 1 3 2 3 0 0 0.507056 0
020 2 39 1 6 7 8 1 1 0.521437 0
020 2 40 1 3 6 4 0 0 0.514543 0
020 2 41 1 2 4 2 0 0 0.682286 0
020 2 42 1 3 6 3 0 0 0.555202 0
020 2 43 1 3 8 3 0 0 0.536713 0
020 2 44 1 6 3 4 0 0 0.463798 0
020 2 45 1 2 6 3 0 0 0.455282 0
020 2 46 1 6 7 6 1 1 0.528091 0
020 2 47 1 3 2 4 0 0 0.521569 0
020 2 48 1 2 2 3 0 0 0.490434 0
020 2 49 1 2 3 4 0 0 0.604117 0
020 2 50 1 2 6 2 0 0 0.483965 0
020 2 51 1 3 4 7 1 1 0.524059 0
020 2 52 1 2 2 4 0 0 0.481875 0
020 2 53 1 6 3 7 1 1 0.494681 0
020 2 54 1 6 6 4 0 0 0.585899 0
020 2 55 1 6 2 6 1 1 0.517653 0
020 2 56 1 6 6 8 1 1 0.724760 0
020 2 57 1 2 2 8 1 1 0.496530 0
020 2 58 1 3 6 3 0 0 0.563753 0
020 2 59 1 3 6 8 1 1 0.490922 0
020 3 00 1 3 4 3 0 0 0.580432 0
020 3 01 1 2 2 6 1 1 0.485546 0
020 3 02 1 6 7 3 0 0 0.742575 0
020 3 03 1 3 8 3 0 0 0.608077 0
020 3 04 1 2 6 7 1 1 0.444550 0
020 3 05 1 2 7 6 1 1 0.505093 0
020 3 06 1 6 2 8 1 1 0.525044 0
020 3 07 1 6 4 2 0 0 0.534026 0
020 3 08 1 6 8 6 1 1 0.566776 0
020 3 09 1 6 3 7 1 1 0.539823 0
020 3 10 1 3 7 6 1 1 0.570566 0
020 3 11 1 2 8 4 0 0 0.597878 0
020 3 12 1 2 7 3 0 0 0.461865 0
020 3 13 1 2 7 2 0 0 0.420562 0
020 3 14 1 2 2 4 0 0 0.584468 0
020 3 15 1 6 4 7 1 1 0.496564 0
020 3 16 1 3 4 2 0 0 0.465662 0
020 3 17 1 2 3 2 0 0 0.457799 0
020 3 18 1 3 3 4 0 0 0.495552 0
020 3 19 1 2 2 4 0 0 0.429391 0
020 3 20 1 2 2 8 1 1 0.533634 0
020 3 21 1 3 7 8 1 1 0.449837 0
020 3 22 1 2 2 6 1 1 0.505089 0
020 3 23 1 6 4 3 0 0 0.563303 0
020 3 24 1 3 8 7 1 1 0.617860 0
020 3 25 1 3 7 3 0 0 0.506123 0
020 3 26 1 3 8 3 0 0 0.480883 0
020 3 27 1 3 7 2 0 0 0.497180 0
020 3 28 1 3 7 4 0 0 0.491238 0
020 3 29 1 3 3 2 0 0 0.479608 0
020 3 30 1 6 7 8 1 1 0.559936 0
020 3 31 1 2 8 3 0 0 0.560774 0
020 3 32 1 2 8 2 0 0 0.540125 0
020 3 33 1 2 4 7 1 1 0.555176 0
020 3 34 1 2 8 2 0 0 0.550600 0
020 3 35 1 3 6 7 1 1 0.448084 0
020 3 36 1 3 7 4 0 0 0.641410 0
020 3 37 1 6 8 2 0 0 0.462793 0
020 3 38 1 3 4 7 1 1 0.487176 0
020 3 39 1 2 8 3 0 0 0.492947 0
020 3 40 1 6 3 6 0 1 0.499937 0
020 3 41 1 3 8 2 0 0 0.624823 0
020 3 42 1 6 6 8 1 1 0.539057 0
020 3 43 1 3 2 4 0 0 0.760170 0
020 3 44 1 2 6 2 0 0 0.563387 0
020 3 45 1 6 6 3 0 0 0.595689 0
020 3 46 1 3 3 6 1 1 0.538372 0
020 3 47 1 2 2 6 1 1 0.580453 0
020 3 48 1 3 2 8 1 1 0.523619 0
020 3 49 1 6 4 7 1 1 0.505614 0
020 3 50 1 6 7 4 0 0 0.705915 0
020 3 51 1 6 8 3 0 0 0.588332 0
020 3 52 1 2 4 6 1 1 0.585860 0
020 3 53 1 6 3 4 0 0 0.613064 0
020 3 54 1 3 8 6 1 1 0.538594 0
020 3 55 1 3 2 8 1 1 0.539801 0
020 3 56 1 6 2 3 0 0 0.619321 0
020 3 57 1 6 3 8 1 1 0.519884 0
020 3 58 1 3 6 2 0 0 0.516401 0
020 3 59 1 6 7 3 0 0 0.503556 0
020 4 00 1 2 4 6 1 1 0.660051 0
020 4 01 1 6 6 3 0 0 0.478434 0
020 4 02 1 6 6 4 0 0 0.509941 0
020 4 03 1 2 7 3 0 0 0.558280 0
020 4 04 1 2 3 2 0 0 0.613367 0
020 4 05 1 6 3 2 0 0 0.511940 0
020 4 06 1 2 4 7 1 1 0.483890 0
020 4 07 1 6 4 2 0 0 0.461053 0
020 4 08 1 6 4 6 1 1 0.539957 0
020 4 09 1 6 3 6 1 1 0.565503 0
020 4 10 1 2 7 8 1 1 0.609785 0
020 4 11 1 3 6 4 0 0 0.625549 0
020 4 12 1 3 7 6 1 1 0.613726 0
020 4 13 1 6 2 6 0 1 0.819043 0
020 4 14 1 3 7 8 1 1 0.516626 0
020 4 15 1 2 3 6 1 1 0.645935 0
020 4 16 1 6 8 3 0 0 0.578615 0
020 4 17 1 6 2 4 0 0 0.654477 0
020 4 18 1 6 6 3 0 0 0.709319 0
020 4 19 1 3 4 8 1 1 0.543008 0
020 4 20 1 2 4 6 1 1 0.454256 0
020 4 21 1 3 6 7 1 1 0.606100 0
020 4 22 1 3 7 3 0 0 0.567783 0
020 4 23 1 3 4 8 1 1 0.502707 0
020 4 24 1 3 7 4 0 0 0.555763 0
020 4 25 1 6 2 4 0 0 0.506769 0
020 4 26 1 3 7 6 1 1 0.532664 0
020 4 27 1 3 4 2 0 0 0.471009 0
020 4 28 1 3 6 7 1 1 0.449107 0
020 4 29 1 6 4 2 0 0 0.448928 0
020 4 30 1 3 8 4 0 0 0.501198 0
020 4 31 1 6 4 3 0 0 0.458967 0
020 4 32 1 6 4 8 1 1 0.526357 0
020 4 33 1 2 3 7 1 1 0.631600 0
020 4 34 1 3 8 6 1 1 0.793423 0
020 4 35 1 2 7 4 0 0 0.535738 0
020 4 36 1 3 3 2 0 0 0.506934 0
020 4 37 1 6 4 8 1 1 0.521887 0
020 4 38 1 2 6 2 0 0 0.488094 0
020 4 39 1 6 7 4 0 0 0.544076 0
020 4 40 1 3 7 2 0 0 0.678283 0
020 4 41 1 2 4 7 1 1 0.581400 0
020 4 42 1 2 8 6 1 1 0.578857 0
020 4 43 1 2 4 3 0 0 0.565951 0
020 4 44 1 3 3 6 1 1 0.542301 0
020 4 45 1 3 6 7 1 1 0.464551 0
020 4 46 1 6 2 3 0 0 0.542481 0
020 4 47 1 2 2 4 0 0 0.633368 0
020 4 48 1 2 6 4 0 0 0.567271 0
020 4 49 1 3 8 4 0 0 0.529090 0
020 4 50 1 2 4 3 0 0 0.508904 0
020 4 51 1 3 6 2 0 0 0.461102 0
020 4 52 1 2 7 4 0 0 0.657194 0
020 4 53 1 6 6 2 0 0 0.597923 0
020 4 54 1 6 3 4 0 0 0.434458 0
020 4 55 1 2 6 4 0 0 0.530607 0
020 4 56 1 2 2 3 0 0 0.504764 0
020 4 57 1 6 7 3 0 0 0.514250 0
020 4 58 1 6 7 2 0 0 0.450107 0
020 4 59 1 2 6 3 0 0 0.431707 0
020 5 00 1 3 4 2 0 0 0.460837 0
020 5 01 1 3 3 4 0 0 0.400913 0
020 5 02 1 3 7 6 1 1 0.608602 0
020 5 03 1 2 3 7 1 1 0.515739 0
020 5 04 1 6 6 4 0 0 0.517179 0
020 5 05 1 3 3 8 1 1 0.496614 0
020 5 06 1 3 6 8 1 1 0.485084 0
020 5 07 1 3 4 3 0 0 0.458015 0
020 5 08 1 6 6 3 0 0 0.544734 0
020 5 09 1 2 3 8 1 1 0.514010 0
020 5 10 1 6 8 7 1 1 0.475042 0
020 5 11 1 6 8 2 0 0 0.567440 0
020 5 12 1 3 4 8 1 1 0.484033 0
020 5 13 1 2 3 2 0 0 0.478348 0
020 5 14 1 3 8 7 1 1 0.472875 0
020 5 15 1 3 8 4 0 0 0.489423 0
020 5 16 1 6 4 3 0 0 0.472716 0
020 5 17 1 2 4 2 0 0 0.426565 0
020 5 18 1 6 3 7 1 1 0.481128 0
020 5 19 1 6 2 7 1 1 0.809089 0
020 5 20 1 2 3 4 0 0 0.549048 0
020 5 21 1 2 2 7 1 1 0.495669 0
020 5 22 1 3 6 3 0 0 0.473346 0
020 5 23 1 6 4 7 1 1 0.467001 0
020 5 24 1 3 6 4 0 0 0.531811 0
020 5 25 1 3 3 2 0 0 0.470415 0
020 5 26 1 2 3 7 1 1 0.567788 0
020 5 27 1 6 3 4 0 0 1.029985 0
020 5 28 1 6 3 8 1 1 0.530615 0
020 5 29 1 3 7 8 1 1 0.469343 0
020 5 30 1 2 4 7 1 1 0.551152 0
020 5 31 1 6 2 6 1 1 0.606213 0
020 5 32 1 3 8 2 0 0 0.532197 0
020 5 33 1 2 6 7 1 1 0.476322 0
020 5 34 1 3 7 3 0 0 0.593291 0
020 5 35 1 2 6 2 0 0 0.427568 0
020 5 36 1 3 8 4 0 0 0.498926 0
020 5 37 1 2 4 2 0 0 0.471214 0
020 5 38 1 2 2 4 0 0 0.593720 0
020 5 39 1 6 4 7 1 1 0.530708 0
020 5 40 1 2 6 2 0 0 0.428605 0
020 5 41 1 2 3 6 1 1 0.413456 0
020 5 42 1 6 6 7 1 1 0.454935 0
020 5 43 1 3 4 6 1 1 0.545078 0
020 5 44 1 3 3 4 0 0 0.486302 0
020 5 45 1 2 8 6 1 1 0.624652 0
020 5 46 1 3 4 3 0 0 0.928641 0
020 5 47 1 2 3 2 0 0 0.519735 0
020 5 48 1 6 7 4 0 0 0.469079 0
020 5 49 1 3 6 8 1 1 0.477860 0
020 5 50 1 2 2 3 0 0 0.771388 0
020 5 51 1 6 8 3 0 0 0.539057 0
020 5 52 1 6 2 8 1 1 0.562190 0
020 5 53 1 2 4 3 0 0 0.443715 0
020 5 54 1 2 6 7 1 1 0.501899 0
020 5 55 1 6 6 2 0 0 0.438396 0
020 5 56 1 3 2 3 0 0 0.635097 0
020 5 57 1 2 6 8 1 1 0.512222 0
020 5 58 1 2 8 4 0 0 0.487026 0
020 5 59 1 6 8 6 1 1 0.505171 0
020 6 00 1 6 7 2 0 0 0.530489 0
020 6 01 1 3 8 2 0 0 0.417541 0
020 6 02 1 2 6 3 0 0 0.432429 0
020 6 03 1 6 4 3 0 0 0.323809 0
020 6 04 1 3 3 6 1 1 0.511933 0
020 6 05 1 6 6 3 0 0 0.524330 0
020 6 06 1 3 2 8 1 1 0.488309 0
020 6 07 1 2 7 4 0 0 1.029177 0
020 6 08 1 2 2 8 1 1 0.481300 0
020 6 09 1 2 4 7 1 1 0.459435 0
020 6 10 1 6 7 8 1 1 0.394083 0
020 6 11 1 3 2 7 1 1 0.428755 0
020 6 12 1 6 4 6 1 1 0.486610 0
020 6 13 1 6 6 8 1 1 0.466473 0
020 6 14 1 6 2 4 0 0 0.501951 0
020 6 15 1 3 4 7 1 1 0.446391 0
020 6 16 1 3 3 7 1 1 0.553536 0
020 6 17 1 2 6 8 1 1 0.478859 0
020 6 18 1 2 6 3 0 0 0.470756 0
020 6 19 1 2 3 8 1 1 0.506640 0
020 6 20 1 3 2 4 0 0 0.644110 0
020 6 21 1 3 8 7 1 1 0.528932 0
020 6 22 1 2 3 6 1 1 0.470549 0
020 6 23 1 2 3 6 1 1 0.462663 0
020 6 24 1 3 3 2 0 0 0.650442 0
020 6 25 1 2 8 2 0 0 0.467277 0
020 6 26 1 2 2 8 1 1 0.494773 0
020 6 27 1 2 7 2 0 0 0.551775 0
020 6 28 1 6 3 6 1 1 0.571097 0
020 6 29 1 2 3 7 1 1 0.525888 0
020 6 30 1 3 3 6 1 1 0.464945 0
020 6 31 1 2 3 4 0 0 0.538911 0
020 6 32 1 3 6 8 1 1 0.521018 0
020 6 33 1 6 4 8 1 1 0.416307 0
020 6 34 1 6 2 3 0 0 0.596301 0
020 6 35 1 2 4 3 0 0 0.438741 0
020 6 36 1 2 6 8 1 1 0.480359 0
020 6 37 1 6 4 3 0 0 0.634407 0
020 6 38 1 3 6 2 0 0 0.454102 0
020 6 39 1 2 4 8 1 1 0.451859 0
020 6 40 1 3 4 7 1 1 0.517639 0
020 6 41 1 3 2 8 1 1 0.473248 0
020 6 42 1 3 2 7 1 1 0.500548 0
020 6 43 1 2 4 6 1 1 0.451306 0
020 6 44 1 3 4 2 0 0 0.484486 0
020 6 45 1 6 3 4 1 0 0.469946 0
020 6 46 1 6 7 8 1 1 0.364628 0
020 6 47 1 3 2 8 1 1 0.445648 0
020 6 48 1 6 2 4 0 0 0.654713 0
020 6 49 1 6 3 8 1 1 0.519839 0
020 6 50 1 3 3 8 1 1 0.543360 0
020 6 51 1 3 4 8 1 1 0.549911 0
020 6 52 1 3 3 8 1 1 0.562365 0
020 6 53 1 3 2 4 0 0 0.650400 0
020 6 54 1 2 2 4 0 0 0.494669 0
020 6 55 1 2 7 3 0 0 0.543581 0
020 6 56 1 2 8 7 1 1 0.534536 0
020 6 57 1 2 4 6 1 1 0.710459 0
020 6 58 1 2 2 3 0 0 0.556159 0
020 6 59 1 3 3 7 1 1 0.570943 0
020 7 00 1 3 2 3 0 0 0.655670 0
020 7 01 1 6 8 4 0 0 0.474641 0
020 7 02 1 3 8 6 1 1 0.528915 0
020 7 03 1 3 7 2 0 0 0.476354 0
020 7 04 1 3 6 8 1 1 0.430253 0
020 7 05 1 6 3 2 0 0 0.491004 0
020 7 06 1 2 2 8 1 1 0.453145 0
020 7 07 1 3 7 3 0 0 0.486776 0
020 7 08 1 6 4 7 1 1 0.505266 0
020 7 09 1 2 6 8 1 1 0.510594 0
020 7 10 1 3 2 7 1 1 0.469218 0
020 7 11 1 6 7 4 0 0 0.506281 0
020 7 12 1 6 3 8 1 1 0.760958 0
020 7 13 1 3 7 2 0 0 0.439803 0
020 7 14 1 6 8 4 0 0 0.494801 0
020 7 15 1 6 7 2 0 0 0.472112 0
020 7 16 1 3 8 2 0 0 0.431597 0
020 7 17 1 6 8 6 1 1 0.497357 0
020 7 18 1 6 2 7 1 1 0.471992 0
020 7 19 1 6 7 6 1 1 0.520211 0
020 7 20 1 3 3 8 1 1 0.448526 0
020 7 21 1 3 2 6 1 1 0.626162 0
020 7 22 1 6 3 6 1 1 0.388776 0
020 7 23 1 2 6 4 0 0 0.554375 0
020 7 24 1 3 4 3 0 0 0.497226 0
020 7 25 1 2 6 3 0 0 0.537498 0
020 7 26 1 6 6 7 1 1 0.557178 0
020 7 27 1 6 6 7 1 1 0.609254 0
020 7 28 1 3 6 8 1 1 0.475747 0
020 7 29 1 3 8 7 1 1 0.497417 0
020 7 30 1 6 4 8 1 1 0.491468 0
020 7 31 1 2 7 3 0 0 0.888761 0
020 7 32 1 6 8 4 0 0 0.480274 0
020 7 33 1 6 2 6 1 1 0.515144 0
020 7 34 1 2 7 6 1 1 0.566245 0
020 7 35 1 3 2 7 1 1 0.542322 0
020 7 36 1 3 6 4 0 0 0.540954 0
020 7 37 1 3 2 7 1 1 0.629757 0
020 7 38 1 6 6 4 0 0 0.574751 0
020 7 39 1 6 3 2 0 0 0.482279 0
020 7 40 1 6 8 3 0 0 0.585138 0
020 7 41 1 6 8 4 0 0 0.576784 0
020 7 42 1 2 7 3 0 0 0.492878 0
020 7 43 1 2 8 4 0 0 0.614339 0
020 7 44 1 6 4 2 0 0 0.482732 0
020 7 45 1 3 7 8 1 1 0.564069 0
020 7 46 1 2 6 8 1 1 0.590260 0
020 7 47 1 2 7 6 1 1 0.642396 0
020 7 48 1 6 3 4 0 0 0.687652 0
020 7 49 1 2 6 4 0 0 0.542511 0
020 7 50 1 2 4 3 0 0 0.462508 0
020 7 51 1 2 4 3 0 0 0.484683 0
020 7 52 1 6 7 6 1 1 0.576154 0
020 7 53 1 3 4 2 0 0 0.520007 0
020 7 54 1 2 7 6 1 1 0.720583 0
020 7 55 1 3 7 6 1 1 0.430109 0
020 7 56 1 6 8 2 0 0 0.487801 0
020 7 57 1 2 2 3 0 0 0.593691 0
020 7 58 1 2 4 8 1 1 0.511999 0
020 7 59 1 2 8 7 1 1 0.435291 0
020 8 00 1 6 6 8 1 1 0.480575 0
020 8 01 1 3 3 6 1 1 0.442700 0
020 8 02 1 6 4 8 1 1 0.412421 0
020 8 03 1 6 8 3 0 0 0.530091 0
020 8 04 1 6 8 2 0 0 0.487800 0
020 8 05 1 3 3 8 1 1 0.493455 0
020 8 06 1 2 6 4 0 0 0.444208 0
020 8 07 1 2 8 2 0 0 0.499338 0
020 8 08 1 6 7 6 1 1 0.544789 0
020 8 09 1 6 8 6 1 1 0.589391 0
020 8 10 1 3 2 6 1 1 0.510836 0
020 8 11 1 3 7 8 1 1 0.482871 0
020 8 12 1 6 7 2 0 0 0.596613 0
020 8 13 1 6 4 2 0 0 0.468600 0
020 8 14 1 6 4 3 0 0 0.761919 0
020 8 15 1 2 2 6 1 1 0.826647 0
020 8 16 1 6 7 3 0 0 0.766696 0
020 8 17 1 3 8 3 0 0 0.583732 0
020 8 18 1 3 8 7 1 1 0.725362 0
020 8 19 1 3 6 2 0 0 0.578927 0
020 8 20 1 6 6 4 0 0 0.538418 0
020 8 21 1 6 2 3 0 0 0.651176 0
020 8 22 1 6 2 7 1 1 0.595044 0
020 8 23 1 3 2 6 1 1 0.478105 0
020 8 24 1 2 7 4 0 0 0.747276 0
020 8 25 1 6 8 6 1 1 0.512555 0
020 8 26 1 6 8 7 1 1 0.440543 0
020 8 27 1 2 3 2 0 0 0.566473 0
020 8 28 1 3 8 3 0 0 0.648683 0
020 8 29 1 3 8 3 0 0 0.454930 0
020 8 30 1 2 8 2 0 0 0.419993 0
020 8 31 1 3 3 4 0 0 0.582067 0
020 8 32 1 6 6 8 1 1 0.462504 0
020 8 33 1 3 3 6 1 1 0.432903 0
020 8 34 1 2 8 6 1 1 0.439390 0
020 8 35 1 6 8 4 0 0 0.534321 0
020 8 36 1 6 4 6 1 1 0.464165 0
020 8 37 1 3 7 8 1 1 0.488824 0
020 8 38 1 6 2 6 1 1 0.591542 0
020 8 39 1 3 6 3 0 0 0.551151 0
020 8 40 1 3 6 3 0 0 0.473824 0
020 8 41 1 3 8 4 0 0 0.455007 0
020 8 42 1 6 4 7 1 1 0.490439 0
020 8 43 1 3 4 7 1 1 0.430219 0
020 8 44 1 3 6 7 1 1 0.439564 0
020 8 45 1 2 7 4 0 0 0.685819 0
020 8 46 1 6 4 6 1 1 0.534422 0
020 8 47 1 3 3 4 0 0 0.669253 0
020 8 48 1 3 7 3 0 0 0.463976 0
020 8 49 1 6 2 8 1 1 0.497028 0
020 8 50 1 3 2 8 1 1 0.486087 0
020 8 51 1 3 4 6 1 1 0.624474 0
020 8 52 1 6 7 2 0 0 0.526049 0
020 8 53 1 2 7 8 1 1 0.487308 0
020 8 54 1 2 4 8 1 1 0.465859 0
020 8 55 1 3 4 8 1 1 0.494018 0
020 8 56 1 2 8 2 0 0 0.494231 0
020 8 57 1 6 8 6 1 1 0.466331 0
020 8 58 1 2 2 7 1 1 0.439936 0
020 8 59 1 6 7 6 1 1 0.473015 0
020 9 00 0 12 4 7 0 0 0.833998 0
020 9 01 0 3 7 8 1 1 1.126156 0
020 9 02 0 2 3 8 0 0 2.636199 0
020 9 03 0 12 7 6 1 1 1.473560 0
020 9 04 0 6 7 8 1 1 0.576667 0
020 9 05 0 12 8 3 1 1 1.209707 0
020 9 06 0 2 6 7 0 1 0.974616 0
020 9 07 0 3 4 7 0 0 1.198429 0
020 9 08 0 3 6 8 1 1 0.772781 0
020 9 09 0 2 4 2 1 0 1.153526 0
020 9 10 0 12 8 3 1 1 0.939380 0
020 9 11 0 12 3 6 0 0 1.471956 0
020 9 12 0 12 3 8 0 0 0.623084 0
020 9 13 0 2 7 4 1 1 1.336539 0
020 9 14 0 12 6 4 1 1 0.985680 0
020 9 15 0 12 8 2 1 1 0.834966 0
020 9 16 0 12 7 3 1 1 0.652261 0
020 9 17 0 2 3 4 1 0 1.155117 0
020 9 18 0 12 7 8 1 1 0.875971 0
020 9 19 0 2 7 8 0 1 1.270743 0
020 9 20 0 12 7 8 1 1 0.635318 0
020 9 21 0 6 7 6 1 1 1.031684 0
020 9 22 0 6 7 6 1 1 1.093189 0
020 9 23 0 2 2 3 1 0 1.377425 0
020 9 24 0 12 8 6 1 1 0.674507 0
020 9 25 0 12 2 3 0 0 1.036795 0
020 9 26 0 12 6 2 1 1 0.581147 0
020 9 27 0 12 7 2 1 1 0.877558 0
020 9 28 0 2 8 4 1 1 1.215353 0
020 9 29 0 12 4 3 0 0 0.856017 0
020 9 30 0 6 2 7 0 0 1.857003 0
020 9 31 0 2 6 2 1 1 0.909716 0
020 9 32 0 3 7 2 1 1 0.719146 0
020 9 33 0 6 2 6 1 0 1.603598 0
020 9 34 0 2 2 4 1 0 0.876506 0
020 9 35 0 6 6 4 1 1 0.876661 0
020 9 36 0 2 8 6 1 1 0.785167 0
020 9 37 0 6 2 8 0 0 0.909172 0
020 9 38 0 3 4 8 0 0 1.991601 0
020 9 39 0 12 3 2 0 0 0.979409 0
020 9 40 0 6 4 7 0 0 1.347008 0
020 9 41 0 3 6 3 1 1 1.494841 0
020 9 42 0 12 3 6 0 0 0.787040 0
020 9 43 0 2 8 2 1 1 0.906494 0
020 9 44 0 12 6 4 1 1 0.853343 0
020 9 45 0 12 6 3 1 1 0.725206 0
020 9 46 0 6 6 2 1 1 1.109233 0
020 9 47 0 6 3 8 1 0 1.251298 0
020 9 48 0 3 4 6 1 0 1.007247 0
020 9 49 0 6 8 2 1 1 0.846724 0
020 9 50 0 2 8 7 0 1 1.843347 0
020 9 51 0 2 3 6 1 0 0.994071 0
020 9 52 0 6 6 3 1 1 0.894081 0
020 9 53 0 6 8 4 1 1 0.799240 0
020 9 54 0 2 2 6 1 0 1.128381 0
020 9 55 0 2 3 7 1 0 0.944115 0
020 9 56 0 3 6 2 0 1 1.242441 0
020 9 57 0 12 2 8 0 0 1.024219 0
020 9 58 0 12 4 8 0 0 0.750653 0
020 9 59 0 12 6 8 0 1 0.675637 0
020 9 60 0 3 6 4 1 1 1.019948 0
020 9 61 0 2 2 4 1 0 0.923860 0
020 9 62 0 12 8 7 1 1 0.831624 0
020 9 63 0 2 3 6 1 0 1.858056 0
020 9 64 0 6 7 2 0 1 1.565349 0
020 9 65 0 12 4 6 0 0 0.839556 0
020 9 66 0 2 6 8 1 1 0.982236 0
020 9 67 0 12 3 4 0 0 0.889405 0
020 9 68 0 3 7 4 1 1 1.251145 0
020 9 69 0 12 6 3 1 1 0.771591 0
020 9 70 0 2 2 6 1 0 0.818130 0
020 9 71 0 3 2 3 0 0 1.447538 0
020 9 72 0 12 6 2 1 1 0.844162 0
020 9 73 0 3 4 2 0 0 1.544468 0
020 9 74 0 6 4 6 1 0 0.825776 0
020 9 75 0 2 3 2 1 0 0.789326 0
020 9 76 0 12 4 8 0 0 0.651715 0
020 9 77 0 2 6 7 0 1 1.554824 0
020 9 78 0 3 2 7 0 0 1.524833 0
020 9 79 0 2 4 2 0 0 1.175102 0
020 9 80 0 6 7 3 1 1 1.179832 0
020 9 81 0 3 3 6 1 0 0.940692 0
020 9 82 0 3 2 4 1 0 0.801135 0
020 9 83 0 3 3 4 1 0 0.651204 0
020 9 84 0 12 2 8 0 0 0.608973 0
020 9 85 0 12 3 8 0 0 0.692912 0
020 9 86 0 6 6 2 1 1 0.723997 0
020 9 87 0 3 6 7 1 1 1.160015 0
020 9 88 0 12 4 2 0 0 0.654800 0
020 9 89 0 6 3 2 0 0 1.048404 0
020 9 90 0 12 2 3 0 0 0.913073 0
020 9 91 0 2 2 4 1 0 1.206541 0
020 9 92 0 6 3 6 0 0 0.784047 0
020 9 93 0 12 6 2 1 1 0.583251 0
020 9 94 0 6 7 4 1 1 1.710191 0
020 9 95 0 2 2 3 1 0 1.551621 0
020 9 96 0 12 2 4 0 0 0.798515 0
020 9 97 0 6 8 6 1 1 0.825070 0
020 9 98 0 2 7 3 1 1 1.140006 0
020 9 99 0 6 7 4 1 1 0.754028 0
020 10 00 0 2 2 8 0 0 1.146383 0
020 10 01 0 3 2 8 1 0 0.689297 0
020 10 02 0 6 3 4 0 0 0.894308 0
020 10 03 0 6 8 4 1 1 0.860995 0
020 10 04 0 12 2 7 0 0 0.968852 0
020 10 05 0 3 6 4 1 1 0.765988 0
020 10 06 0 12 8 3 1 1 1.392658 0
020 10 07 0 12 6 7 1 1 0.773564 0
020 10 08 0 12 2 7 0 0 0.601027 0
020 10 09 0 3 7 2 1 1 0.855172 0
020 10 10 0 2 3 7 0 0 1.228868 0
020 10 11 0 3 8 7 1 1 0.749140 0
020 10 12 0 6 3 6 0 0 0.822573 0
020 10 13 0 2 4 6 1 0 0.750601 0
020 10 14 0 6 2 6 1 0 1.088516 0
020 10 15 0 12 3 4 0 0 0.541949 0
020 10 16 0 12 6 7 0 1 0.664326 0
020 10 17 0 12 4 7 0 0 1.201175 0
020 10 18 0 2 3 7 1 0 1.165306 0
020 10 19 0 6 2 4 0 0 1.371495 0
020 10 20 0 2 3 6 1 0 0.880533 0
020 10 21 0 12 6 3 1 1 1.336112 0
020 10 22 0 3 8 3 1 1 0.809463 0
020 10 23 0 3 7 3 1 1 0.851549 0
020 10 24 0 2 7 8 0 1 1.094060 0
020 10 25 0 6 4 6 1 0 0.937707 0
020 10 26 0 3 6 7 1 1 0.583638 0
020 10 27 0 6 8 7 0 1 1.351297 0
020 10 28 0 3 4 7 0 0 0.873769 0
020 10 29 0 6 6 8 1 1 1.026625 0
020 10 30 0 3 7 3 1 1 1.489378 0
020 10 31 0 3 8 6 1 1 0.767194 0
020 10 32 0 3 6 8 0 1 0.916837 0
020 10 33 0 3 3 8 0 0 1.234873 0
020 10 34 0 6 4 3 0 0 0.773623 0
020 10 35 0 6 2 6 0 0 0.983003 0
020 10 36 0 12 4 3 0 0 0.629094 0
020 10 37 0 6 8 3 1 1 0.898226 0
020 10 38 0 12 7 6 1 1 0.706518 0
020 10 39 0 12 3 6 0 0 1.087350 0
020 10 40 0 2 8 7 1 1 1.334042 0
020 10 41 0 3 7 3 1 1 1.193506 0
020 10 42 0 12 4 3 0 0 0.820395 0
020 10 43 0 2 8 6 1 1 1.488604 0
020 10 44 0 3 6 3 1 1 1.348640 0
020 10 45 0 6 7 6 1 1 0.808325 0
020 10 46 0 2 8 3 0 1 1.074538 0
020 10 47 0 2 4 8 0 0 1.699903 0
020 10 48 0 3 8 2 1 1 1.362692 0
020 10 49 0 3 3 7 0 0 0.890287 0
020 10 50 0 12 6 8 1 1 1.027557 0
020 10 51 0 2 7 6 1 1 1.000657 0
020 10 52 0 6 3 4 0 0 0.869841 0
020 10 53 0 3 2 4 1 0 1.463765 0
020 10 54 0 12 4 7 0 0 0.922753 0
020 10 55 0 12 8 3 1 1 0.828564 0
020 10 56 0 2 4 7 1 0 1.238474 0
020 10 57 0 12 6 4 1 1 0.957543 0
020 10 58 0 6 6 3 1 1 1.057237 0
020 10 59 0 3 7 4 1 1 1.774643 0
020 10 60 0 6 4 3 0 0 0.830987 0
020 10 61 0 2 7 4 1 1 1.596884 0
020 10 62 0 6 8 2 1 1 0.626951 0
020 10 63 0 12 7 4 1 1 1.536496 0
020 10 64 0 3 3 2 0 0 1.327414 0
020 10 65 0 12 2 3 0 0 0.748459 0
020 10 66 0 2 6 7 1 1 0.901099 0
020 10 67 0 3 8 7 1 1 0.629235 0
020 10 68 0 12 6 7 1 1 1.038730 0
020 10 69 0 12 8 4 1 1 0.925349 0
020 10 70 0 2 4 6 1 0 1.093545 0
020 10 71 0 6 6 8 1 1 1.126867 0
020 10 72 0 3 3 6 1 0 0.823094 0
020 10 73 0 6 7 8 1 1 0.764966 0
020 10 74 0 3 6 8 0 1 1.156942 0
020 10 75 0 12 2 4 0 0 0.791210 0
020 10 76 0 12 8 7 1 1 0.625838 0
020 10 77 0 2 4 6 1 0 1.219311 0
020 10 78 0 12 3 2 0 0 0.898317 0
020 10 79 0 12 3 4 0 0 0.769107 0
020 10 80 0 12 8 4 1 1 0.835657 0
020 10 81 0 6 8 6 1 1 0.945325 0
020 10 82 0 6 6 4 1 1 1.640708 0
020 10 83 0 12 3 2 0 0 0.622476 0
020 10 84 0 12 3 8 1 0 0.823063 0
020 10 85 0 3 8 6 1 1 1.287589 0
020 10 86 0 6 6 8 1 1 0.892342 0
020 10 87 0 3 2 8 0 0 0.979481 0
020 10 88 0 2 7 4 1 1 2.188377 0
020 10 89 0 2 7 2 1 1 0.912645 0
020 10 90 0 12 8 7 1 1 0.853613 0
020 10 91 0 12 2 3 0 0 0.719357 0
020 10 92 0 3 8 7 1 1 0.878559 0
020 10 93 0 12 3 4 0 0 0.771034 0
020 10 94 0 2 4 3 0 0 1.277586 0
020 10 95 0 12 4 2 0 0 0.734522 0
020 10 96 0 12 6 8 1 1 0.878305 0
020 10 97 0 12 3 7 0 0 0.850336 0
020 10 98 0 3 7 2 1 1 1.128950 0
020 10 99 0 2 7 3 1 1 1.108239 0
020 11 00 0 6 2 8 0 0 0.702831 0
020 11 01 0 12 8 4 1 1 0.683546 0
020 11 02 0 6 2 3 1 0 1.593900 0
020 11 03 0 6 4 8 0 0 0.749734 0
020 11 04 0 3 2 3 1 0 1.530691 0
020 11 05 0 6 4 8 0 0 0.905181 0
020 11 06 0 12 8 2 1 1 0.879254 0
020 11 07 0 12 3 7 0 0 0.902693 0
020 11 08 0 2 7 2 0 1 1.735857 0
020 11 09 0 3 2 8 1 0 0.793301 0
020 11 10 0 2 8 7 1 1 0.714816 0
020 11 11 0 2 2 8 0 0 1.262873 0
020 11 12 0 3 6 3 1 1 0.996955 0
020 11 13 0 12 3 7 0 0 1.200575 0
020 11 14 0 2 3 4 1 0 1.534085 0
020 11 15 0 12 2 6 0 0 0.896262 0
020 11 16 0 12 2 4 0 0 0.911406 0
020 11 17 0 12 7 4 1 1 0.567153 0
020 11 18 0 2 6 2 1 1 1.142948 0
020 11 19 0 12 7 4 1 1 1.258737 0
020 11 20 0 3 8 4 1 1 1.104502 0
020 11 21 0 2 4 3 0 0 0.842204 0
020 11 22 0 6 8 2 1 1 0.878398 0
020 11 23 0 3 4 6 1 0 0.851208 0
020 11 24 0 2 2 8 0 0 1.437176 0
020 11 25 0 12 8 2 1 1 0.855840 0
020 11 26 0 6 7 2 1 1 1.068471 0
020 11 27 0 6 4 2 0 0 1.238528 0
020 11 28 0 6 3 7 1 0 1.161163 0
020 11 29 0 3 4 2 1 0 1.020212 0
020 11 30 0 6 2 4 1 0 0.691000 0
020 11 31 0 2 6 3 1 1 0.587348 0
020 11 32 0 12 7 2 1 1 0.889461 0
020 11 33 0 12 7 2 1 1 0.611102 0
020 11 34 0 3 8 2 1 1 0.876140 0
020 11 35 0 3 3 8 0 0 1.097216 0
020 11 36 0 3 7 8 0 1 1.878749 0
020 11 37 0 12 3 2 0 0 0.619037 0
020 11 38 0 3 3 7 1 0 0.679820 0
020 11 39 0 12 6 3 1 1 0.731887 0
020 11 40 0 3 3 4 0 0 0.681106 0
020 11 41 0 12 8 6 1 1 1.239319 0
020 11 42 0 6 2 3 1 0 0.641873 0
020 11 43 0 6 4 7 0 0 0.859655 0
020 11 44 0 12 7 8 1 1 0.650173 0
020 11 45 0 3 7 8 1 1 0.734653 0
020 11 46 0 2 4 2 0 0 0.779073 0
020 11 47 0 2 4 7 1 0 0.842815 0
020 11 48 0 2 8 4 1 1 1.233374 0
020 11 49 0 2 2 7 1 0 1.221964 0
020 11 50 0 3 4 3 0 0 1.272722 0
020 11 51 0 3 8 6 1 1 1.213630 0
020 11 52 0 6 8 3 1 1 1.261587 0
020 11 53 0 12 3 7 1 0 1.260813 0
020 11 54 0 12 2 7 0 0 0.693548 0
020 11 55 0 3 3 6 1 0 1.078918 0
020 11 56 0 12 4 8 0 0 0.791050 0
020 11 57 0 2 6 4 1 1 1.011528 0
020 11 58 0 12 2 8 0 0 0.754812 0
020 11 59 0 2 8 2 1 1 0.970526 0
020 11 60 0 6 4 8 0 0 1.482481 0
020 11 61 0 12 2 4 0 0 0.736698 0
020 11 62 0 3 8 3 1 1 1.096153 0
020 11 63 0 6 4 3 1 0 0.738454 0
020 11 64 0 2 3 4 1 0 0.747677 0
020 11 65 0 12 7 3 1 1 1.269130 0
020 11 66 0 6 4 2 0 0 0.749723 0
020 11 67 0 2 8 4 0 1 0.886752 0
020 11 68 0 2 8 6 1 1 0.645719 0
020 11 69 0 3 6 2 0 1 0.964449 0
020 11 70 0 2 2 6 1 0 0.987623 0
020 11 71 0 6 7 8 1 1 0.983147 0
020 11 72 0 6 3 8 0 0 0.829040 0
020 11 73 0 2 7 2 1 1 1.061972 0
020 11 74 0 6 2 8 0 0 0.684820 0
020 11 75 0 12 8 6 1 1 0.778013 0
020 11 76 0 12 7 2 1 1 1.336385 0
020 11 77 0 2 3 2 0 0 0.753624 0
020 11 78 0 2 7 6 0 1 1.102212 0
020 11 79 0 12 6 8 1 1 0.911670 0
020 11 80 0 3 2 6 1 0 0.930403 0
020 11 81 0 6 2 7 1 0 0.848137 0
020 11 82 0 3 4 8 0 0 0.859837 0
020 11 83 0 6 6 7 1 1 1.056466 0
020 11 84 0 2 6 2 1 1 0.882360 0
020 11 85 0 12 3 2 0 0 1.373778 0
020 11 86 0 12 2 3 0 0 0.812875 0
020 11 87 0 6 4 7 0 0 1.140503 0
020 11 88 0 12 6 3 1 1 1.160712 0
020 11 89 0 12 2 6 0 0 0.857485 0
020 11 90 0 3 7 6 1 1 0.766038 0
020 11 91 0 2 2 7 1 0 0.812707 0
020 11 92 0 3 4 3 1 0 0.977698 0
020 11 93 0 3 4 8 0 0 0.908002 0
020 11 94 0 12 4 2 0 0 1.189353 0
020 11 95 0 2 3 2 1 0 0.617976 0
020 11 96 0 2 6 4 1 1 1.051368 0
020 11 97 0 3 8 3 0 1 0.661089 0
020 11 98 0 2 7 8 0 1 0.685523 0
020 11 99 0 12 4 2 0 0 0.756260 0
020 12 00 0 3 2 7 1 0 0.860662 0
020 12 01 0 12 2 8 0 0 0.857160 0
020 12 02 0 6 7 3 1 1 1.334131 0
020 12 03 0 3 6 7 1 1 0.661392 0
020 12 04 0 2 3 8 1 0 0.492366 0
020 12 05 0 2 7 6 1 1 0.707928 0
020 12 06 0 2 7 3 0 1 0.650148 0
020 12 07 0 6 6 7 1 1 1.424334 0
020 12 08 0 12 2 4 0 0 0.711922 0
020 12 09 0 12 8 7 1 1 0.991746 0
020 12 10 0 3 3 2 1 0 1.291995 0
020 12 11 0 6 8 6 1 1 1.330279 0
020 12 12 0 12 7 6 1 1 0.958796 0
020 12 13 0 12 4 3 0 0 0.822943 0
020 12 14 0 2 6 8 1 1 1.020784 0
020 12 15 0 3 7 6 0 1 1.341553 0
020 12 16 0 12 4 3 0 0 0.708379 0
020 12 17 0 2 8 3 0 1 1.080173 0
020 12 18 0 3 3 4 1 0 0.720300 0
020 12 19 0 6 6 3 1 1 0.672012 0
020 12 20 0 3 4 7 1 0 0.815302 0
020 12 21 0 3 2 6 1 0 0.637582 0
020 12 22 0 6 3 2 0 0 0.974346 0
020 12 23 0 12 7 4 1 1 1.488089 0
020 12 24 0 12 2 7 1 0 0.911224 0
020 12 25 0 12 7 3 0 1 1.556615 0
020 12 26 0 6 3 2 0 0 0.737134 0
020 12 27 0 6 7 3 1 1 0.772701 0
020 12 28 0 12 7 3 1 1 0.687304 0
020 12 29 0 3 8 4 1 1 0.626492 0
020 12 30 0 12 3 6 0 0 1.254044 0
020 12 31 0 3 8 2 1 1 0.548736 0
020 12 32 0 2 4 8 0 0 0.899409 0
020 12 33 0 6 3 7 1 0 1.130252 0
020 12 34 0 12 6 2 1 1 0.982716 0
020 12 35 0 12 2 6 0 0 1.021086 0
020 12 36 0 3 4 6 1 0 0.871786 0
020 12 37 0 6 2 4 0 0 0.708849 0
020 12 38 0 3 2 3 0 0 0.762159 0
020 12 39 0 6 7 2 1 1 0.925422 0
020 12 40 0 6 8 7 1 1 0.570765 0
020 12 41 0 6 8 4 1 1 0.797654 0
020 12 42 0 6 3 7 0 0 1.258857 0
020 12 43 0 6 7 4 1 1 1.101183 0
020 12 44 0 12 4 6 0 0 1.165851 0
020 12 45 0 12 4 7 0 0 0.892199 0
020 12 46 0 2 4 8 1 0 0.683135 0
020 12 47 0 12 8 4 1 1 1.175702 0
020 12 48 0 2 8 3 1 1 0.718670 0
020 12 49 0 6 6 4 1 1 0.833658 0
020 12 50 0 12 8 2 1 1 0.947607 0
020 12 51 0 3 3 7 0 0 0.750745 0
020 12 52 0 6 3 4 1 0 0.661453 0
020 12 53 0 2 4 7 0 0 1.379363 0
020 12 54 0 6 8 7 1 1 0.906763 0
020 12 55 0 2 6 3 1 1 0.721464 0
020 12 56 0 3 2 4 1 0 0.872185 0
020 12 57 0 12 3 4 0 0 0.661877 0
020 12 58 0 12 4 2 1 0 0.804211 0
020 12 59 0 6 3 8 1 0 0.936888 0
020 12 60 0 3 4 2 0 0 0.883877 0
020 12 61 0 3 3 8 0 0 0.813742 0
020 12 62 0 12 2 6 0 0 1.042870 0
020 12 63 0 3 3 2 1 0 0.665298 0
020 12 64 0 2 8 2 0 1 1.105420 0
020 12 65 0 3 8 4 1 1 0.435294 0
020 12 66 0 2 3 8 1 0 0.754992 0
020 12 67 0 3 4 3 0 0 0.877482 0
020 12 68 0 6 4 2 0 0 0.679071 0
020 12 69 0 6 2 7 0 0 0.955285 0
020 12 70 0 6 6 2 1 1 0.980516 0
020 12 71 0 12 7 8 1 1 0.672819 0
020 12 72 0 12 4 8 0 0 0.730383 0
020 12 73 0 2 6 3 0 1 0.758989 0
020 12 74 0 12 4 6 0 0 1.179479 0
020 12 75 0 12 7 2 1 1 0.565812 0
020 12 76 0 12 3 8 0 0 0.641928 0
020 12 77 0 6 4 6 0 0 0.690295 0
020 12 78 0 2 2 3 1 0 0.942854 0
020 12 79 0 3 6 4 1 1 0.882063 0
020 12 80 0 3 7 4 0 1 0.918571 0
020 12 81 0 3 2 7 0 0 1.090296 0
020 12 82 0 12 6 4 1 1 0.538562 0
020 12 83 0 6 3 6 1 0 1.163270 0
020 12 84 0 6 2 3 1 0 0.755168 0
020 12 85 0 12 8 2 1 1 0.642357 0
020 12 86 0 12 4 6 0 0 0.741293 0
020 12 87 0 3 7 6 1 1 0.709689 0
020 12 88 0 12 7 6 1 1 0.991723 0
020 12 89 0 2 6 8 1 1 0.924819 0
020 12 90 0 6 8 3 0 1 0.866599 0
020 12 91 0 3 6 2 1 1 0.696490 0
020 12 92 0 2 4 3 1 0 0.660463 0
020 12 93 0 3 2 6 0 0 0.970323 0
020 12 94 0 2 2 7 1 0 0.561553 0
020 12 95 0 12 8 6 1 1 0.757049 0
020 12 96 0 12 6 7 0 1 0.935633 0
020 12 97 0 12 6 2 0 1 0.623479 0
020 12 98 0 6 6 7 0 1 0.642792 0
020 12 99 0 2 6 4 1 1 0.520532 0
