008 0 00 1 4 4 7 1 1 1.769303 0
008 0 01 1 5 3 7 1 1 0.800921 0
008 0 02 1 4 6 8 1 1 0.670723 0
008 0 03 1 5 8 4 0 0 0.724945 0
008 0 04 1 2 3 2 0 0 0.697881 0
008 0 05 1 4 4 3 0 0 0.929099 0
008 0 06 1 4 2 6 1 1 0.968581 0
008 0 07 1 2 4 7 1 1 0.727673 0
008 0 08 1 5 3 4 0 0 0.648048 0
008 0 09 1 2 7 4 0 0 0.890083 0
008 0 10 1 5 6 2 0 0 0.733185 0
008 0 11 1 4 7 6 1 1 0.642232 0
008 0 12 1 4 7 4 0 0 0.586488 0
008 0 13 1 2 4 2 0 0 0.505673 0
008 0 14 1 4 7 2 0 0 0.544712 0
008 0 15 1 5 4 2 0 0 0.489024 0
008 0 16 1 4 3 7 1 1 0.491543 0
008 0 17 1 5 2 6 1 1 0.829737 0
008 0 18 1 2 8 7 1 1 0.612566 0
008 0 19 1 5 4 3 0 0 0.550488 0
008 0 20 1 4 2 8 1 1 0.536235 0
008 0 21 1 4 8 6 1 1 0.555351 0
008 0 22 1 2 6 7 1 1 0.566227 0
008 0 23 1 5 6 8 1 1 0.518175 0
008 0 24 1 4 6 3 0 0 0.430637 0
008 0 25 1 4 2 4 0 0 0.544388 0
008 0 26 1 5 6 3 0 0 0.465492 0
008 0 27 1 2 8 4 0 0 0.483899 0
008 0 28 1 5 6 7 1 1 0.499886 0
008 0 29 1 5 2 8 1 1 0.594203 0
008 0 30 1 5 8 7 1 1 0.507149 0
008 0 31 1 4 3 8 1 1 0.545276 0
008 0 32 1 2 4 2 0 0 0.485834 0
008 0 33 1 5 7 6 1 1 0.855308 0
008 0 34 1 4 8 3 0 0 0.596794 0
008 0 35 1 4 8 6 1 1 0.627797 0
008 0 36 1 4 2 4 0 0 0.398284 0
008 0 37 1 2 3 7 1 1 0.534558 0
008 0 38 1 4 7 3 0 0 0.413564 0
008 0 39 1 5 6 2 0 0 0.583458 0
008 0 40 1 2 7 4 0 0 0.532643 0
008 0 41 1 2 3 7 1 1 0.475878 0
008 0 42 1 2 7 8 1 1 0.469457 0
008 0 43 1 5 6 2 0 0 0.496233 0
008 0 44 1 5 3 8 1 1 0.546215 0
008 0 45 1 5 2 4 0 0 0.464362 0
008 0 46 1 4 7 3 0 0 0.508467 0
008 0 47 1 2 2 8 1 1 0.440223 0
008 0 48 1 4 2 8 1 1 0.558997 0
008 0 49 1 5 7 6 1 1 0.816700 0
008 0 50 1 2 2 6 1 1 0.484345 0
008 0 51 1 4 8 3 0 0 0.581258 0
008 0 52 1 4 6 2 0 0 0.542146 0
008 0 53 1 5 3 7 1 1 0.505620 0
008 0 54 1 5 6 7 1 1 0.479200 0
008 0 55 1 4 4 6 0 1 0.472679 0
008 0 56 1 2 8 4 0 0 0.529663 0
008 0 57 1 5 6 4 0 0 0.471086 0
008 0 58 1 5 2 7 1 1 0.487084 0
008 0 59 1 5 7 2 0 0 0.469023 0
008 1 00 1 4 6 3 0 0 0.565443 0
008 1 01 1 5 4 3 0 0 0.440238 0
008 1 02 1 2 6 2 0 0 0.444711 0
008 1 03 1 5 8 3 0 0 0.449605 0
008 1 04 1 5 8 3 0 0 0.493520 0
008 1 05 1 4 4 2 0 0 0.476166 0
008 1 06 1 5 4 7 1 1 0.498160 0
008 1 07 1 2 7 4 0 0 0.528179 0
008 1 08 1 4 7 3 0 0 0.426894 0
008 1 09 1 2 3 8 1 1 0.496070 0
008 1 10 1 5 2 7 1 1 0.548721 0
008 1 11 1 4 7 8 1 1 0.427560 0
008 1 12 1 2 4 2 0 0 0.409311 0
008 1 13 1 2 3 7 1 1 0.663326 0
008 1 14 1 2 3 6 1 1 0.557609 0
008 1 15 1 4 6 7 1 1 0.540361 0
008 1 16 1 4 7 6 1 1 0.562434 0
008 1 17 1 2 8 6 1 1 0.455723 0
008 1 18 1 5 2 4 0 0 0.448806 0
008 1 19 1 4 2 6 1 1 0.481810 0
008 1 20 1 2 3 2 0 0 0.444106 0
008 1 21 1 5 2 7 1 1 0.575072 0
008 1 22 1 2 6 8 1 1 0.481916 0
008 1 23 1 2 3 4 0 0 0.478509 0
008 1 24 1 5 3 2 0 0 0.452847 0
008 1 25 1 2 8 2 0 0 0.493841 0
008 1 26 1 5 6 3 0 0 0.711724 0
008 1 27 1 2 6 3 0 0 0.368012 0
008 1 28 1 2 2 8 1 1 0.464191 0
008 1 29 1 4 3 2 0 0 0.440592 0
008 1 30 1 5 8 4 0 0 0.439940 0
008 1 31 1 2 6 4 0 0 0.514340 0
008 1 32 1 5 6 8 1 1 0.396164 0
008 1 33 1 4 4 8 1 1 0.495446 0
008 1 34 1 2 4 6 1 1 0.597985 0
008 1 35 1 4 2 4 0 0 0.435693 0
008 1 36 1 2 2 4 0 0 0.580702 0
008 1 37 1 4 3 2 0 0 0.474367 0
008 1 38 1 5 8 6 0 1 0.573978 0
008 1 39 1 5 7 2 0 0 0.558842 0
008 1 40 1 4 7 8 1 1 0.488761 0
008 1 41 1 5 2 4 0 0 0.420905 0
008 1 42 1 2 7 3 0 0 0.571200 0
008 1 43 1 2 6 7 1 1 0.453180 0
008 1 44 1 4 3 7 1 1 0.519022 0
008 1 45 1 2 8 6 1 1 0.924664 0
008 1 46 1 5 2 8 1 1 0.759371 0
008 1 47 1 2 8 3 0 0 0.625963 0
008 1 48 1 2 4 7 1 1 0.693354 0
008 1 49 1 4 6 3 0 0 0.526186 0
008 1 50 1 2 4 8 1 1 0.696766 0
008 1 51 1 4 8 4 0 0 0.484391 0
008 1 52 1 4 6 7 1 1 0.464017 0
008 1 53 1 2 8 2 0 0 0.849564 0
008 1 54 1 5 8 6 1 1 0.414981 0
008 1 55 1 5 8 4 0 0 0.500817 0
008 1 56 1 2 6 8 1 1 0.418826 0
008 1 57 1 2 3 7 1 1 0.501366 0
008 1 58 1 2 2 3 0 0 0.413875 0
008 1 59 1 2 6 8 1 1 0.429473 0
008 2 00 1 2 2 6 1 1 0.518312 0
008 2 01 1 4 7 4 0 0 0.464799 0
008 2 02 1 4 6 7 1 1 0.419495 0
008 2 03 1 5 3 6 1 1 0.504924 0
008 2 04 1 4 6 2 0 0 0.391846 0
008 2 05 1 5 2 4 1 0 0.393908 0
008 2 06 1 4 6 8 1 1 0.477859 0
008 2 07 1 5 3 2 0 0 0.404252 0
008 2 08 1 5 3 4 0 0 0.403278 0
008 2 09 1 2 7 6 1 1 0.505866 0
008 2 10 1 5 7 2 0 0 0.477436 0
008 2 11 1 4 7 2 0 0 0.487955 0
008 2 12 1 2 8 6 1 1 0.689573 0
008 2 13 1 5 7 6 1 1 0.480048 0
008 2 14 1 5 3 8 1 1 0.498573 0
008 2 15 1 2 2 7 1 1 0.601183 0
008 2 16 1 5 8 3 0 0 1.016543 0
008 2 17 1 4 8 6 1 1 0.978235 0
008 2 18 1 4 2 7 1 1 0.569361 0
008 2 19 1 2 2 4 0 0 0.459710 0
008 2 20 1 5 8 3 0 0 0.590558 0
008 2 21 1 2 2 8 1 1 0.492354 0
008 2 22 1 2 6 8 1 1 0.561631 0
008 2 23 1 5 3 4 0 0 0.468946 0
008 2 24 1 4 8 7 1 1 0.552109 0
008 2 25 1 2 2 4 0 0 0.504232 0
008 2 26 1 4 8 4 0 0 0.554266 0
008 2 27 1 2 7 4 0 0 0.489592 0
008 2 28 1 4 3 2 0 0 0.503140 0
008 2 29 1 2 8 7 1 1 0.485906 0
008 2 30 1 4 4 6 1 1 0.790426 0
008 2 31 1 4 6 8 0 1 0.609591 0
008 2 32 1 2 6 4 0 0 2.125061 0
008 2 33 1 5 3 2 0 0 0.542836 0
008 2 34 1 5 3 6 1 1 0.543080 0
008 2 35 1 4 7 8 1 1 0.584992 0
008 2 36 1 2 7 8 1 1 0.582276 0
008 2 37 1 5 6 8 1 1 0.570762 0
008 2 38 1 2 6 8 1 1 0.466914 0
008 2 39 1 2 7 6 1 1 0.616826 0
008 2 40 1 2 8 2 0 0 0.510129 0
008 2 41 1 4 7 4 0 0 0.535257 0
008 2 42 1 5 8 6 1 1 0.655850 0
008 2 43 1 5 2 7 1 1 0.622592 0
008 2 44 1 5 4 3 0 0 0.658947 0
008 2 45 1 5 3 8 1 1 0.603944 0
008 2 46 1 4 4 2 0 0 0.626279 0
008 2 47 1 5 4 6 1 1 0.983161 0
008 2 48 1 5 2 3 0 0 0.479053 0
008 2 49 1 5 6 7 1 1 0.543011 0
008 2 50 1 4 4 6 1 1 0.651870 0
008 2 51 1 4 8 3 0 0 0.711079 0
008 2 52 1 5 6 7 1 1 0.488255 0
008 2 53 1 5 7 8 1 1 0.742282 0
008 2 54 1 5 6 3 1 0 0.754713 0
008 2 55 1 5 7 8 1 1 1.099724 0
008 2 56 1 2 2 6 1 1 0.778301 0
008 2 57 1 4 8 7 1 1 0.552492 0
008 2 58 1 2 8 3 0 0 0.518225 0
008 2 59 1 5 6 8 1 1 0.526595 0
008 3 00 1 5 4 3 0 0 0.658398 0
008 3 01 1 2 2 7 1 1 0.510980 0
008 3 02 1 4 3 6 1 1 0.613988 0
008 3 03 1 5 2 6 1 1 0.552462 0
008 3 04 1 5 7 8 1 1 0.549379 0
008 3 05 1 2 4 6 1 1 0.442255 0
008 3 06 1 4 2 7 1 1 0.483279 0
008 3 07 1 2 2 8 1 1 0.431732 0
008 3 08 1 2 7 2 0 0 0.435943 0
008 3 09 1 4 4 7 1 1 0.504966 0
008 3 10 1 2 7 3 0 0 0.448374 0
008 3 11 1 2 6 4 0 0 0.475632 0
008 3 12 1 2 7 3 0 0 0.458025 0
008 3 13 1 2 2 3 0 0 0.474012 0
008 3 14 1 5 8 2 0 0 0.513180 0
008 3 15 1 4 2 6 1 1 0.594237 0
008 3 16 1 2 3 6 1 1 0.532523 0
008 3 17 1 4 7 2 0 0 0.677623 0
008 3 18 1 4 4 2 0 0 0.480045 0
008 3 19 1 2 3 6 1 1 0.479210 0
008 3 20 1 4 7 4 0 0 0.533963 0
008 3 21 1 4 6 3 0 0 0.494805 0
008 3 22 1 4 7 6 1 1 0.620087 0
008 3 23 1 2 4 3 0 0 0.642280 0
008 3 24 1 4 2 8 1 1 0.519255 0
008 3 25 1 5 3 8 1 1 0.624629 0
008 3 26 1 5 2 3 0 0 0.730896 0
008 3 27 1 2 6 4 0 0 0.608747 0
008 3 28 1 5 2 8 1 1 0.623035 0
008 3 29 1 2 2 6 0 1 0.566493 0
008 3 30 1 5 2 8 1 1 0.655088 0
008 3 31 1 5 4 8 1 1 0.523539 0
008 3 32 1 5 8 4 0 0 0.657557 0
008 3 33 1 2 7 6 1 1 0.616862 0
008 3 34 1 5 3 7 1 1 0.485435 0
008 3 35 1 4 7 3 0 0 0.593595 0
008 3 36 1 2 4 8 1 1 0.798643 0
008 3 37 1 4 2 4 0 0 1.372497 0
008 3 38 1 2 4 6 0 1 0.723524 0
008 3 39 1 4 7 8 1 1 1.085322 0
008 3 40 1 4 7 8 1 1 0.517750 0
008 3 41 1 4 3 4 0 0 0.525660 0
008 3 42 1 5 4 7 1 1 0.508535 0
008 3 43 1 4 3 2 0 0 0.487570 0
008 3 44 1 2 2 7 1 1 0.556886 0
008 3 45 1 5 2 8 1 1 0.539488 0
008 3 46 1 4 7 2 0 0 0.493933 0
008 3 47 1 4 4 8 1 1 0.625083 0
008 3 48 1 4 3 8 1 1 0.496463 0
008 3 49 1 5 6 4 0 0 0.717158 0
008 3 50 1 4 4 3 0 0 1.001476 0
008 3 51 1 4 6 3 0 0 0.542508 0
008 3 52 1 2 2 6 1 1 0.556708 0
008 3 53 1 5 7 3 0 0 0.769584 0
008 3 54 1 2 4 8 1 1 0.490444 0
008 3 55 1 2 3 2 0 0 0.565012 0
008 3 56 1 2 8 4 0 0 0.965727 0
008 3 57 1 5 7 6 1 1 0.436456 0
008 3 58 1 2 3 2 0 0 0.535431 0
008 3 59 1 5 2 6 1 1 0.546148 0
008 4 00 1 4 3 8 1 1 0.497107 0
008 4 01 1 4 4 8 1 1 0.457351 0
008 4 02 1 2 4 2 0 0 0.453278 0
008 4 03 1 4 8 7 1 1 0.407994 0
008 4 04 1 5 3 8 1 1 0.501837 0
008 4 05 1 5 3 7 1 1 0.484645 0
008 4 06 1 4 2 8 1 1 0.517683 0
008 4 07 1 2 8 6 1 1 0.525325 0
008 4 08 1 5 4 2 0 0 0.510174 0
008 4 09 1 2 7 2 0 0 0.520998 0
008 4 10 1 5 2 3 0 0 0.495937 0
008 4 11 1 5 8 3 0 0 0.512872 0
008 4 12 1 5 6 7 1 1 0.622105 0
008 4 13 1 2 4 3 0 0 0.605607 0
008 4 14 1 4 8 2 0 0 0.583758 0
008 4 15 1 2 4 7 1 1 0.590055 0
008 4 16 1 4 6 8 1 1 0.525546 0
008 4 17 1 5 6 7 1 1 0.491700 0
008 4 18 1 5 6 2 0 0 0.591686 0
008 4 19 1 2 3 7 1 1 0.507364 0
008 4 20 1 5 2 4 0 0 0.652341 0
008 4 21 1 2 4 2 0 0 0.538510 0
008 4 22 1 2 4 6 0 1 0.499269 0
008 4 23 1 5 8 7 1 1 1.527880 0
008 4 24 1 2 8 7 1 1 0.532384 0
008 4 25 1 2 2 3 0 0 0.736312 0
008 4 26 1 5 3 4 0 0 0.906424 0
008 4 27 1 4 2 3 0 0 0.993675 0
008 4 28 1 4 2 3 0 0 0.476194 0
008 4 29 1 2 4 6 1 1 0.612999 0
008 4 30 1 5 4 6 1 1 0.657564 0
008 4 31 1 4 8 4 0 0 0.590429 0
008 4 32 1 5 3 6 1 1 0.577053 0
008 4 33 1 4 2 6 1 1 0.487283 0
008 4 34 1 5 4 2 0 0 0.573247 0
008 4 35 1 5 6 8 1 1 0.469730 0
008 4 36 1 4 3 8 1 1 0.544188 0
008 4 37 1 2 4 8 1 1 0.431570 0
008 4 38 1 4 6 7 1 1 0.461007 0
008 4 39 1 5 8 7 1 1 0.437665 0
008 4 40 1 4 3 6 1 1 0.523080 0
008 4 41 1 5 4 3 0 0 0.522397 0
008 4 42 1 2 8 6 1 1 0.524919 0
008 4 43 1 2 3 4 1 0 0.568865 0
008 4 44 1 4 4 3 0 0 1.258718 0
008 4 45 1 4 3 4 0 0 0.794034 0
008 4 46 1 2 8 3 0 0 0.627810 0
008 4 47 1 2 6 4 0 0 0.440629 0
008 4 48 1 5 6 3 0 0 0.568615 0
008 4 49 1 4 6 4 0 0 0.507164 0
008 4 50 1 2 4 8 1 1 0.470093 0
008 4 51 1 4 8 2 0 0 0.642492 0
008 4 52 1 5 7 3 0 0 0.690947 0
008 4 53 1 5 4 8 1 1 0.610833 0
008 4 54 1 4 3 4 0 0 0.689417 0
008 4 55 1 2 7 2 0 0 0.488776 0
008 4 56 1 4 2 7 1 1 0.553106 0
008 4 57 1 4 4 7 1 1 0.586552 0
008 4 58 1 4 4 8 1 1 0.555345 0
008 4 59 1 4 6 7 1 1 0.498605 0
008 5 00 1 4 4 2 0 0 0.424230 0
008 5 01 1 2 3 7 1 1 0.476467 0
008 5 02 1 5 8 2 0 0 0.548739 0
008 5 03 1 5 4 2 0 0 0.456685 0
008 5 04 1 2 6 3 0 0 0.882049 0
008 5 05 1 2 8 2 0 0 0.738918 0
008 5 06 1 5 6 4 0 0 0.850192 0
008 5 07 1 4 8 4 0 0 0.914416 0
008 5 08 1 5 6 3 0 0 0.539455 0
008 5 09 1 5 7 6 0 1 0.388299 0
008 5 10 1 5 3 4 0 0 1.179801 0
008 5 11 1 5 8 2 0 0 2.000836 0
008 5 12 1 4 8 3 0 0 0.643250 0
008 5 13 1 2 8 7 1 1 0.652345 0
008 5 14 1 2 2 8 1 1 0.829071 0
008 5 15 1 5 8 4 0 0 1.019278 0
008 5 16 1 5 6 4 0 0 0.634051 0
008 5 17 1 2 8 2 0 0 0.536862 0
008 5 18 1 4 8 3 0 0 0.545648 0
008 5 19 1 4 8 2 0 0 0.483630 0
008 5 20 1 2 8 4 0 0 0.550308 0
008 5 21 1 5 6 2 0 0 0.530580 0
008 5 22 1 4 8 2 0 0 0.448882 0
008 5 23 1 2 2 3 0 0 0.577123 0
008 5 24 1 4 6 4 0 0 0.521312 0
008 5 25 1 5 7 2 0 0 0.486677 0
008 5 26 1 4 2 8 1 1 0.575810 0
008 5 27 1 2 7 8 1 1 0.513700 0
008 5 28 1 4 8 7 1 1 0.479447 0
008 5 29 1 2 8 6 1 1 0.576817 0
008 5 30 1 5 7 3 0 0 0.490492 0
008 5 31 1 4 4 7 1 1 0.507054 0
008 5 32 1 2 7 4 0 0 0.531452 0
008 5 33 1 2 4 3 0 0 0.502721 0
008 5 34 1 5 7 8 1 1 0.553147 0
008 5 35 1 2 6 3 0 0 0.550171 0
008 5 36 1 5 7 4 0 0 0.637140 0
008 5 37 1 2 3 8 1 1 0.539759 0
008 5 38 1 4 3 6 1 1 0.934830 0
008 5 39 1 4 3 4 0 0 0.570392 0
008 5 40 1 5 8 2 0 0 0.550880 0
008 5 41 1 2 2 7 1 1 0.551015 0
008 5 42 1 2 2 4 0 0 0.671075 0
008 5 43 1 2 3 4 0 0 0.613407 0
008 5 44 1 2 3 4 0 0 0.596966 0
008 5 45 1 4 6 4 0 0 0.457504 0
008 5 46 1 4 7 6 1 1 0.493623 0
008 5 47 1 4 4 3 0 0 0.661290 0
008 5 48 1 5 7 3 0 0 0.665275 0
008 5 49 1 4 3 7 1 1 0.559903 0
008 5 50 1 4 2 7 1 1 0.585283 0
008 5 51 1 4 3 4 0 0 0.510056 0
008 5 52 1 5 3 6 1 1 0.540889 0
008 5 53 1 2 7 3 0 0 0.876574 0
008 5 54 1 2 6 4 0 0 0.669122 0
008 5 55 1 4 6 2 0 0 0.622782 0
008 5 56 1 5 8 7 1 1 0.589601 0
008 5 57 1 2 2 4 0 0 1.029330 0
008 5 58 1 2 2 4 0 0 0.775887 0
008 5 59 1 4 4 3 0 0 0.508990 0
008 6 00 1 4 4 2 0 0 0.499010 0
008 6 01 1 5 8 6 1 1 0.532522 0
008 6 02 1 4 2 3 0 0 0.451062 0
008 6 03 1 4 4 6 1 1 0.528689 0
008 6 04 1 4 6 8 1 1 0.513886 0
008 6 05 1 2 6 3 0 0 0.526464 0
008 6 06 1 2 6 7 1 1 0.491574 0
008 6 07 1 2 6 8 1 1 0.509942 0
008 6 08 1 5 8 7 1 1 0.867693 0
008 6 09 1 5 7 3 0 0 0.561149 0
008 6 10 1 2 2 7 1 1 0.580555 0
008 6 11 1 2 8 7 1 1 0.532526 0
008 6 12 1 4 8 4 0 0 0.660720 0
008 6 13 1 2 6 7 1 1 0.560598 0
008 6 14 1 5 4 8 1 1 1.199266 0
008 6 15 1 4 7 6 1 1 0.713249 0
008 6 16 1 4 3 2 0 0 1.291801 0
008 6 17 1 2 6 2 0 0 0.944984 0
008 6 18 1 2 7 6 1 1 0.640010 0
008 6 19 1 2 2 3 0 0 0.679470 0
008 6 20 1 5 7 4 0 0 0.613660 0
008 6 21 1 4 8 2 0 0 0.583589 0
008 6 22 1 2 4 7 1 1 0.620275 0
008 6 23 1 2 6 2 0 0 0.594862 0
008 6 24 1 2 3 2 0 0 0.506080 0
008 6 25 1 4 6 3 0 0 0.506044 0
008 6 26 1 5 3 2 0 0 0.376916 0
008 6 27 1 5 8 2 0 0 0.465680 0
008 6 28 1 4 4 7 1 1 0.489965 0
008 6 29 1 4 7 3 0 0 0.539388 0
008 6 30 1 2 3 8 1 1 0.452154 0
008 6 31 1 4 4 6 1 1 0.708689 0
008 6 32 1 5 7 2 0 0 0.527552 0
008 6 33 1 5 2 6 1 1 0.667764 0
008 6 34 1 2 3 4 0 0 0.524852 0
008 6 35 1 4 6 7 1 1 0.513245 0
008 6 36 1 5 4 8 1 1 0.560190 0
008 6 37 1 2 8 4 0 0 0.604466 0
008 6 38 1 5 2 8 1 1 0.622153 0
008 6 39 1 2 7 4 0 0 0.700767 0
008 6 40 1 4 7 3 0 0 0.615565 0
008 6 41 1 2 7 2 0 0 0.498335 0
008 6 42 1 2 4 7 1 1 0.478254 0
008 6 43 1 4 4 8 1 1 0.516427 0
008 6 44 1 4 2 7 1 1 0.563204 0
008 6 45 1 2 6 7 1 1 0.486886 0
008 6 46 1 2 7 6 1 1 0.550214 0
008 6 47 1 2 4 3 0 0 0.650177 0
008 6 48 1 2 7 8 1 1 0.556029 0
008 6 49 1 5 2 7 1 1 0.527964 0
008 6 50 1 2 2 6 1 1 0.577676 0
008 6 51 1 2 3 6 1 1 0.540623 0
008 6 52 1 4 7 6 1 1 0.436086 0
008 6 53 1 5 6 4 0 0 0.597440 0
008 6 54 1 4 2 3 0 0 0.541539 0
008 6 55 1 2 6 7 1 1 0.415301 0
008 6 56 1 5 2 3 0 0 0.564791 0
008 6 57 1 4 2 3 0 0 0.576146 0
008 6 58 1 2 7 8 1 1 0.461446 0
008 6 59 1 5 4 2 0 0 0.474851 0
008 7 00 1 2 3 6 1 1 0.599930 0
008 7 01 1 5 2 6 1 1 0.544071 0
008 7 02 1 4 6 2 0 0 0.513019 0
008 7 03 1 5 3 2 0 0 0.392797 0
008 7 04 1 2 4 3 0 0 0.405668 0
008 7 05 1 5 7 6 1 1 0.511288 0
008 7 06 1 5 4 7 1 1 0.493981 0
008 7 07 1 4 7 2 0 0 0.501515 0
008 7 08 1 4 4 7 1 1 0.568404 0
008 7 09 1 5 3 2 0 0 0.481462 0
008 7 10 1 5 4 8 1 1 0.542823 0
008 7 11 1 2 7 2 0 0 0.508616 0
008 7 12 1 2 7 6 1 1 0.472002 0
008 7 13 1 5 3 8 1 1 0.462911 0
008 7 14 1 5 3 6 1 1 0.571294 0
008 7 15 1 2 6 2 0 0 0.577003 0
008 7 16 1 4 4 8 1 1 0.527310 0
008 7 17 1 5 4 6 0 1 0.515824 0
008 7 18 1 2 4 7 1 1 0.952125 0
008 7 19 1 2 8 3 0 0 0.994549 0
008 7 20 1 2 3 8 1 1 0.591921 0
008 7 21 1 5 4 3 0 0 0.855490 0
008 7 22 1 4 2 7 1 1 0.527415 0
008 7 23 1 4 2 3 0 0 0.647285 0
008 7 24 1 5 3 6 1 1 0.595167 0
008 7 25 1 4 2 6 1 1 0.945701 0
008 7 26 1 4 4 2 0 0 0.606704 0
008 7 27 1 2 4 3 0 0 0.705181 0
008 7 28 1 4 3 6 0 1 0.864326 0
008 7 29 1 5 4 7 1 1 0.793188 0
008 7 30 1 2 7 3 0 0 0.550737 0
008 7 31 1 4 4 3 0 0 0.422056 0
008 7 32 1 2 7 3 0 0 0.476853 0
008 7 33 1 5 2 6 1 1 0.516009 0
008 7 34 1 5 4 2 0 0 0.554654 0
008 7 35 1 5 8 7 1 1 0.484289 0
008 7 36 1 5 6 8 1 1 0.511453 0
008 7 37 1 5 4 6 1 1 0.457500 0
008 7 38 1 4 6 4 0 0 0.565648 0
008 7 39 1 4 8 4 0 0 0.588102 0
008 7 40 1 5 2 3 0 0 0.451243 0
008 7 41 1 4 3 6 1 1 0.501102 0
008 7 42 1 5 7 4 0 0 0.668637 0
008 7 43 1 2 8 3 0 0 0.492916 0
008 7 44 1 4 3 7 1 1 0.481377 0
008 7 45 1 2 2 8 1 1 0.539367 0
008 7 46 1 5 8 6 1 1 0.539033 0
008 7 47 1 5 8 3 0 0 0.468352 0
008 7 48 1 2 8 7 1 1 0.414004 0
008 7 49 1 5 7 3 0 0 0.488002 0
008 7 50 1 2 6 2 0 0 0.476020 0
008 7 51 1 4 3 8 1 1 0.439368 0
008 7 52 1 5 7 4 0 0 0.505610 0
008 7 53 1 5 8 6 1 1 0.468534 0
008 7 54 1 5 2 3 0 0 0.661121 0
008 7 55 1 2 7 8 1 1 0.431669 0
008 7 56 1 5 2 4 0 0 0.489215 0
008 7 57 1 4 2 6 1 1 0.614646 0
008 7 58 1 4 2 4 0 0 0.497373 0
008 7 59 1 4 8 7 1 1 0.468701 0
008 8 00 1 4 3 7 1 1 0.478092 0
008 8 01 1 4 3 2 0 0 0.516436 0
008 8 02 1 4 8 6 1 1 0.456690 0
008 8 03 1 2 4 6 1 1 0.483316 0
008 8 04 1 2 6 3 0 0 0.502072 0
008 8 05 1 5 7 2 0 0 0.622607 0
008 8 06 1 4 6 2 0 0 0.450051 0
008 8 07 1 4 6 4 0 0 0.539448 0
008 8 08 1 2 3 4 0 0 0.460965 0
008 8 09 1 4 8 7 1 1 0.614847 0
008 8 10 1 5 4 6 1 1 0.912595 0
008 8 11 1 4 7 4 0 0 0.576058 0
008 8 12 1 5 8 4 0 0 0.629633 0
008 8 13 1 2 4 2 0 0 0.731263 0
008 8 14 1 2 4 8 1 1 0.446563 0
008 8 15 1 5 2 7 1 1 0.535293 0
008 8 16 1 2 8 4 0 0 0.582594 0
008 8 17 1 4 8 6 1 1 0.655634 0
008 8 18 1 4 3 4 0 0 0.533277 0
008 8 19 1 4 7 8 1 1 0.524758 0
008 8 20 1 5 6 3 0 0 0.471353 0
008 8 21 1 5 7 4 0 0 0.468056 0
008 8 22 1 2 3 8 1 1 0.436460 0
008 8 23 1 2 3 2 0 0 0.488769 0
008 8 24 1 2 8 2 0 0 0.700891 0
008 8 25 1 5 7 8 1 1 0.509128 0
008 8 26 1 4 7 2 0 0 0.506073 0
008 8 27 1 4 2 8 1 1 0.383147 0
008 8 28 1 5 4 7 1 1 0.718181 0
008 8 29 1 4 7 4 0 0 0.584740 0
008 8 30 1 4 3 7 1 1 0.495881 0
008 8 31 1 4 8 6 0 1 0.543012 0
008 8 32 1 5 6 2 0 0 0.606942 0
008 8 33 1 2 7 2 0 0 0.545849 0
008 8 34 1 5 4 7 1 1 0.630542 0
008 8 35 1 4 6 4 0 0 0.546467 0
008 8 36 1 5 3 7 1 1 0.639581 0
008 8 37 1 2 2 7 1 1 0.898179 0
008 8 38 1 4 6 8 1 1 1.089141 0
008 8 39 1 5 7 8 1 1 0.970560 0
008 8 40 1 5 4 8 1 1 1.240746 0
008 8 41 1 2 6 3 0 0 0.803537 0
008 8 42 1 2 3 8 1 1 0.612532 0
008 8 43 1 5 7 4 0 0 0.795711 0
008 8 44 1 4 6 2 0 0 0.677971 0
008 8 45 1 2 6 2 0 0 0.592408 0
008 8 46 1 5 3 4 0 0 0.556844 0
008 8 47 1 4 8 3 0 0 0.576811 0
008 8 48 1 5 3 7 1 1 0.577721 0
008 8 49 1 4 2 4 0 0 0.498954 0
008 8 50 1 2 3 6 1 1 0.487576 0
008 8 51 1 4 3 6 1 1 0.484461 0
008 8 52 1 2 2 3 0 0 0.585151 0
008 8 53 1 4 8 2 0 0 0.591556 0
008 8 54 1 4 4 6 1 1 0.496757 0
008 8 55 1 5 8 2 0 0 0.543672 0
008 8 56 1 2 8 3 0 0 1.006487 0
008 8 57 1 5 4 6 1 1 0.610602 0
008 8 58 1 4 3 8 1 1 0.587713 0
008 8 59 1 5 6 4 0 0 0.551234 0
008 9 00 0 12 3 6 0 0 1.103577 0
008 9 01 0 2 8 6 0 1 1.536036 0
008 9 02 0 2 7 8 0 1 1.176875 0
008 9 03 0 12 7 6 1 1 0.770371 0
008 9 04 0 2 4 6 1 0 0.734540 0
008 9 05 0 5 6 2 1 1 1.102406 0
008 9 06 0 4 7 6 1 1 0.607135 0
008 9 07 0 12 3 2 0 0 0.834306 0
008 9 08 0 2 8 7 0 1 0.919686 0
008 9 09 0 12 3 7 0 0 0.818879 0
008 9 10 0 12 8 3 0 1 0.621627 0
008 9 11 0 4 8 3 1 1 1.106218 0
008 9 12 0 2 8 7 1 1 1.224544 0
008 9 13 0 5 4 7 0 0 0.615116 0
008 9 14 0 4 2 3 1 0 1.676723 0
008 9 15 0 12 6 7 0 1 1.021065 0
008 9 16 0 2 7 4 1 1 1.275895 0
008 9 17 0 12 3 7 0 0 1.068173 0
008 9 18 0 12 7 6 1 1 1.113875 0
008 9 19 0 12 8 4 1 1 1.114906 0
008 9 20 0 12 7 8 1 1 0.819040 0
008 9 21 0 12 6 7 1 1 1.524176 0
008 9 22 0 12 6 2 1 1 1.172625 0
008 9 23 0 2 3 4 1 0 0.929819 0
008 9 24 0 12 6 8 1 1 0.954976 0
008 9 25 0 2 6 4 1 1 0.783116 0
008 9 26 0 12 3 6 0 0 1.100997 0
008 9 27 0 12 4 8 0 0 0.799471 0
008 9 28 0 2 3 7 1 0 0.864382 0
008 9 29 0 4 8 3 1 1 0.683595 0
008 9 30 0 2 2 6 0 0 1.319538 0
008 9 31 0 2 2 3 1 0 1.013765 0
008 9 32 0 5 6 8 0 1 0.826284 0
008 9 33 0 4 7 6 1 1 0.757729 0
008 9 34 0 5 3 2 0 0 1.369339 0
008 9 35 0 5 4 3 0 0 0.613177 0
008 9 36 0 2 8 4 0 1 1.756146 0
008 9 37 0 12 3 7 1 0 0.779147 0
008 9 38 0 2 8 3 1 1 1.320262 0
008 9 39 0 12 7 3 1 1 0.627816 0
008 9 40 0 2 6 7 0 1 0.820319 0
008 9 41 0 12 8 2 1 1 1.088129 0
008 9 42 0 5 3 6 0 0 1.116504 0
008 9 43 0 12 7 3 1 1 0.568648 0
008 9 44 0 2 6 4 1 1 0.816685 0
008 9 45 0 2 4 6 1 0 0.839665 0
008 9 46 0 12 6 3 1 1 0.967322 0
008 9 47 0 2 8 2 0 1 1.395049 0
008 9 48 0 5 8 3 1 1 0.632668 0
008 9 49 0 5 7 2 1 1 0.640064 0
008 9 50 0 4 3 7 0 0 0.860696 0
008 9 51 0 2 4 6 1 0 0.870486 0
008 9 52 0 2 6 8 1 1 0.925121 0
008 9 53 0 4 4 8 1 0 0.979974 0
008 9 54 0 12 3 8 1 0 1.470666 0
008 9 55 0 12 4 3 1 0 0.964647 0
008 9 56 0 2 4 8 0 0 1.199583 0
008 9 57 0 12 3 2 0 0 1.787811 0
008 9 58 0 4 2 4 0 0 1.144485 0
008 9 59 0 4 2 7 0 0 1.532954 0
008 10 00 0 2 8 4 1 1 0.755864 0
008 10 01 0 4 2 3 1 0 0.776481 0
008 10 02 0 4 6 3 1 1 1.007248 0
008 10 03 0 12 2 7 0 0 0.847609 0
008 10 04 0 4 3 6 0 0 0.826697 0
008 10 05 0 12 8 4 1 1 0.868115 0
008 10 06 0 2 6 3 1 1 1.239573 0
008 10 07 0 12 4 6 0 0 1.003177 0
008 10 08 0 12 7 6 1 1 0.561057 0
008 10 09 0 12 7 3 1 1 0.437100 0
008 10 10 0 4 3 4 0 0 1.486104 0
008 10 11 0 2 3 4 1 0 0.665531 0
008 10 12 0 4 4 7 0 0 1.332514 0
008 10 13 0 12 6 7 1 1 0.750004 0
008 10 14 0 5 7 8 1 1 0.638310 0
008 10 15 0 4 4 3 0 0 1.293537 0
008 10 16 0 4 4 8 0 0 0.645374 0
008 10 17 0 12 4 2 0 0 1.068849 0
008 10 18 0 4 2 6 0 0 1.049995 0
008 10 19 0 5 2 6 0 0 0.576991 0
008 10 20 0 12 3 4 0 0 0.521173 0
008 10 21 0 12 3 7 0 0 0.500986 0
008 10 22 0 5 6 3 1 1 0.788285 0
008 10 23 0 4 7 3 1 1 0.603603 0
008 10 24 0 12 4 8 0 0 0.881060 0
008 10 25 0 2 3 2 1 0 1.532938 0
008 10 26 0 12 8 7 1 1 0.579153 0
008 10 27 0 12 4 7 0 0 1.025043 0
008 10 28 0 4 8 7 1 1 0.744939 0
008 10 29 0 4 7 3 1 1 0.664154 0
008 10 30 0 2 6 8 1 1 0.921834 0
008 10 31 0 12 7 3 1 1 1.033308 0
008 10 32 0 4 3 8 0 0 1.028052 0
008 10 33 0 2 7 6 1 1 1.451358 0
008 10 34 0 5 8 6 1 1 0.888126 0
008 10 35 0 2 8 6 1 1 1.430336 0
008 10 36 0 2 4 3 1 0 1.391042 0
008 10 37 0 12 6 8 1 1 1.139632 0
008 10 38 0 12 7 3 1 1 0.605343 0
008 10 39 0 2 8 2 1 1 1.537698 0
008 10 40 0 12 3 2 0 0 0.787877 0
008 10 41 0 12 8 6 1 1 0.713672 0
008 10 42 0 5 8 2 1 1 1.372568 0
008 10 43 0 5 2 4 0 0 0.702655 0
008 10 44 0 5 6 8 1 1 1.238612 0
008 10 45 0 5 3 2 1 0 0.749480 0
008 10 46 0 2 7 8 1 1 0.883866 0
008 10 47 0 12 2 8 0 0 0.622110 0
008 10 48 0 12 6 7 1 1 0.720538 0
008 10 49 0 2 4 2 0 0 1.572765 0
008 10 50 0 12 7 4 1 1 0.647396 0
008 10 51 0 4 8 4 1 1 0.669027 0
008 10 52 0 12 7 3 1 1 0.444758 0
008 10 53 0 4 7 8 1 1 0.571111 0
008 10 54 0 12 4 7 0 0 0.873138 0
008 10 55 0 12 4 7 0 0 0.867019 0
008 10 56 0 4 7 8 1 1 0.798481 0
008 10 57 0 4 4 6 1 0 1.281410 0
008 10 58 0 2 8 3 1 1 0.801613 0
008 10 59 0 12 7 4 1 1 0.580982 0
008 11 00 0 2 6 8 1 1 0.559791 0
008 11 01 0 2 7 6 1 1 1.609610 0
008 11 02 0 12 6 3 1 1 0.774124 0
008 11 03 0 2 8 6 0 1 0.640338 0
008 11 04 0 4 7 2 1 1 1.203982 0
008 11 05 0 5 3 7 0 0 2.867841 0
008 11 06 0 4 6 4 1 1 0.745547 0
008 11 07 0 2 7 8 0 1 1.051427 0
008 11 08 0 2 7 4 1 1 1.043710 0
008 11 09 0 12 8 6 1 1 0.663395 0
008 11 10 0 12 2 4 0 0 1.117925 0
008 11 11 0 12 2 7 0 0 0.914871 0
008 11 12 0 4 6 7 1 1 0.782325 0
008 11 13 0 2 2 8 0 0 1.040827 0
008 11 14 0 2 2 4 1 0 0.887032 0
008 11 15 0 12 4 3 0 0 0.849869 0
008 11 16 0 2 3 4 0 0 1.162745 0
008 11 17 0 12 8 7 1 1 0.931983 0
008 11 18 0 5 4 6 0 0 2.069012 0
008 11 19 0 2 4 3 0 0 0.865048 0
008 11 20 0 12 4 7 0 0 1.136590 0
008 11 21 0 12 8 3 1 1 0.692768 0
008 11 22 0 5 6 2 1 1 1.079620 0
008 11 23 0 4 6 2 1 1 0.763103 0
008 11 24 0 2 6 3 0 1 1.578956 0
008 11 25 0 4 3 6 1 0 0.678818 0
008 11 26 0 2 3 7 1 0 0.812623 0
008 11 27 0 12 6 4 1 1 1.054718 0
008 11 28 0 2 2 8 0 0 1.295372 0
008 11 29 0 5 7 3 1 1 0.538335 0
008 11 30 0 12 7 6 1 1 0.472856 0
008 11 31 0 12 3 7 0 0 0.978592 0
008 11 32 0 12 8 7 1 1 0.676098 0
008 11 33 0 4 8 7 1 1 0.560808 0
008 11 34 0 2 3 8 1 0 0.597945 0
008 11 35 0 2 8 4 1 1 0.818759 0
008 11 36 0 12 4 2 0 0 0.725066 0
008 11 37 0 12 3 4 0 0 0.552491 0
008 11 38 0 12 7 8 1 1 0.479374 0
008 11 39 0 12 4 3 1 0 0.626406 0
008 11 40 0 5 2 3 1 0 1.057785 0
008 11 41 0 2 6 4 1 1 3.350861 0
008 11 42 0 5 6 4 1 1 0.693708 0
008 11 43 0 5 8 6 1 1 0.631964 0
008 11 44 0 2 4 2 0 0 1.315171 0
008 11 45 0 4 6 8 1 1 0.855871 0
008 11 46 0 12 4 6 0 0 1.138000 0
008 11 47 0 2 2 7 1 0 1.668804 0
008 11 48 0 12 2 6 0 0 0.607209 0
008 11 49 0 5 3 4 0 0 0.668618 0
008 11 50 0 2 2 6 1 0 1.753332 0
008 11 51 0 2 4 7 0 0 1.526698 0
008 11 52 0 4 2 6 0 0 0.578394 0
008 11 53 0 5 4 3 0 0 0.707188 0
008 11 54 0 12 8 2 1 1 0.660576 0
008 11 55 0 4 7 4 1 1 0.747705 0
008 11 56 0 2 7 6 1 1 0.997891 0
008 11 57 0 12 3 8 0 0 0.448878 0
008 11 58 0 12 4 8 0 0 0.579788 0
008 11 59 0 4 6 7 1 1 0.607248 0
008 12 00 0 5 6 4 1 1 0.716076 0
008 12 01 0 4 8 4 1 1 0.519911 0
008 12 02 0 12 3 4 0 0 0.463172 0
008 12 03 0 12 2 8 0 0 0.414735 0
008 12 04 0 12 2 8 0 0 0.407747 0
008 12 05 0 12 8 2 1 1 0.773323 0
008 12 06 0 12 8 7 1 1 0.783236 0
008 12 07 0 12 4 8 0 0 0.448084 0
008 12 08 0 2 7 4 1 1 1.070927 0
008 12 09 0 12 7 6 1 1 0.653844 0
008 12 10 0 5 7 6 1 1 0.496370 0
008 12 11 0 2 2 3 1 0 0.926159 0
008 12 12 0 2 7 2 0 1 0.714639 0
008 12 13 0 2 6 2 0 1 1.006551 0
008 12 14 0 5 3 4 0 0 0.866484 0
008 12 15 0 12 2 6 0 0 0.616322 0
008 12 16 0 12 2 3 0 0 0.403657 0
008 12 17 0 12 2 7 0 0 0.683008 0
008 12 18 0 4 7 2 1 1 0.800622 0
008 12 19 0 12 6 4 0 1 0.619553 0
008 12 20 0 4 6 2 1 1 1.081217 0
008 12 21 0 5 6 2 1 1 0.730900 0
008 12 22 0 4 4 7 1 0 0.946706 0
008 12 23 0 12 8 6 1 1 2.584061 0
008 12 24 0 12 7 2 1 1 0.874015 0
008 12 25 0 12 4 2 0 0 0.719072 0
008 12 26 0 5 8 4 1 1 0.820575 0
008 12 27 0 5 4 3 1 0 0.914327 0
008 12 28 0 4 4 2 1 0 0.753680 0
008 12 29 0 2 6 8 1 1 0.756155 0
008 12 30 0 5 7 8 1 1 0.694935 0
008 12 31 0 12 6 8 1 1 0.723342 0
008 12 32 0 12 2 8 0 0 0.538682 0
008 12 33 0 12 6 3 1 1 0.596981 0
008 12 34 0 2 7 2 1 1 1.161876 0
008 12 35 0 2 3 6 0 0 2.107226 0
008 12 36 0 2 8 2 0 1 1.727152 0
008 12 37 0 4 6 8 0 1 0.659921 0
008 12 38 0 4 6 3 1 1 0.772138 0
008 12 39 0 12 3 7 0 0 0.832021 0
008 12 40 0 12 4 8 0 0 0.536808 0
008 12 41 0 2 8 6 1 1 1.087890 0
008 12 42 0 2 4 2 1 0 0.908463 0
008 12 43 0 4 3 2 0 0 1.089488 0
008 12 44 0 12 4 6 0 0 0.553014 0
008 12 45 0 4 7 4 1 1 0.807398 0
008 12 46 0 12 2 7 0 0 0.475226 0
008 12 47 0 2 4 3 1 0 0.837719 0
008 12 48 0 5 4 6 0 0 0.533569 0
008 12 49 0 2 4 2 0 0 0.593829 0
008 12 50 0 2 2 4 1 0 0.881896 0
008 12 51 0 12 2 3 0 0 0.960266 0
008 12 52 0 12 2 3 0 0 0.570785 0
008 12 53 0 12 4 6 0 0 0.461322 0
008 12 54 0 12 3 2 0 0 1.203260 0
008 12 55 0 12 2 4 0 0 0.549398 0
008 12 56 0 2 7 8 1 1 1.170566 0
008 12 57 0 5 4 2 0 0 0.655984 0
008 12 58 0 5 7 4 1 1 0.574602 0
008 12 59 0 12 7 2 1 1 0.515383 0
