016 0 00 1 6 2 4 0 0 1.470745 0
016 0 01 1 6 8 3 0 0 1.210680 0
016 0 02 1 1 2 7 1 1 1.171415 0
016 0 03 1 6 4 6 1 1 1.263604 0
016 0 04 1 1 7 4 0 0 1.566637 0
016 0 05 1 4 6 3 0 0 0.832495 0
016 0 06 1 4 6 2 0 0 0.610327 0
016 0 07 1 4 6 4 0 0 0.762155 0
016 0 08 1 6 2 7 1 1 0.732976 0
016 0 09 1 1 3 8 1 1 0.966661 0
016 0 10 1 1 8 4 0 0 1.014724 0
016 0 11 1 4 7 2 0 0 0.656766 0
016 0 12 1 4 8 2 0 0 0.565319 0
016 0 13 1 4 3 4 0 0 0.798124 0
016 0 14 1 4 8 6 1 1 0.991056 0
016 0 15 1 6 7 3 0 0 0.812896 0
016 0 16 1 1 2 7 1 1 0.717080 0
016 0 17 1 1 4 3 0 0 0.693030 0
016 0 18 1 6 2 6 1 1 1.179590 0
016 0 19 1 6 8 4 0 0 0.683274 0
016 0 20 1 6 4 2 0 0 0.600034 0
016 0 21 1 6 6 8 1 1 0.726314 0
016 0 22 1 1 6 7 1 1 0.722083 0
016 0 23 1 4 8 3 0 0 1.452351 0
016 0 24 1 6 2 3 0 0 0.624816 0
016 0 25 1 1 8 4 0 0 1.480365 0
016 0 26 1 4 7 4 0 0 0.793575 0
016 0 27 1 4 8 2 0 0 0.628120 0
016 0 28 1 6 2 6 1 1 0.746289 0
016 0 29 1 6 6 7 1 1 0.616917 0
016 0 30 1 4 4 6 1 1 0.684716 0
016 0 31 1 1 2 8 1 1 0.618103 0
016 0 32 1 4 6 7 1 1 0.626855 0
016 0 33 1 4 3 8 1 1 0.672293 0
016 0 34 1 1 4 8 1 1 0.600046 0
016 0 35 1 1 4 7 1 1 0.552364 0
016 0 36 1 6 7 3 0 0 0.611131 0
016 0 37 1 4 6 7 1 1 0.645251 0
016 0 38 1 6 4 3 0 0 0.623708 0
016 0 39 1 1 8 7 1 1 0.657235 0
016 0 40 1 6 7 3 0 0 0.557480 0
016 0 41 1 6 4 3 0 0 0.571795 0
016 0 42 1 1 6 7 1 1 0.652808 0
016 0 43 1 4 2 4 0 0 0.617658 0
016 0 44 1 4 6 2 0 0 0.609930 0
016 0 45 1 1 3 6 1 1 0.624204 0
016 0 46 1 1 7 2 0 0 0.568639 0
016 0 47 1 6 6 7 1 1 0.572050 0
016 0 48 1 1 6 2 0 0 0.619644 0
016 0 49 1 4 7 8 1 1 0.558653 0
016 0 50 1 1 2 6 1 1 0.639811 0
016 0 51 1 6 3 4 0 0 0.654722 0
016 0 52 1 4 8 4 0 0 0.546100 0
016 0 53 1 6 6 8 1 1 0.563100 0
016 0 54 1 1 6 8 1 1 0.649821 0
016 0 55 1 1 4 6 1 1 0.641798 0
016 0 56 1 1 8 2 0 0 0.706674 0
016 0 57 1 6 7 2 0 0 0.817746 0
016 0 58 1 1 3 4 0 0 1.257284 0
016 0 59 1 1 3 2 0 0 0.565561 0
016 1 00 1 4 4 6 1 1 1.252729 0
016 1 01 1 4 7 8 1 1 0.698676 0
016 1 02 1 6 6 3 0 0 1.033182 0
016 1 03 1 6 4 3 0 0 0.541691 0
016 1 04 1 4 2 8 1 1 0.701312 0
016 1 05 1 1 6 4 0 0 0.786394 0
016 1 06 1 4 6 4 0 0 0.496851 0
016 1 07 1 6 7 4 0 0 0.664723 0
016 1 08 1 6 8 4 0 0 0.589949 0
016 1 09 1 1 6 8 1 1 0.623776 0
016 1 10 1 4 3 2 0 0 0.666578 0
016 1 11 1 4 8 3 0 0 1.541968 0
016 1 12 1 6 3 4 0 0 0.563900 0
016 1 13 1 4 2 7 1 1 0.737370 0
016 1 14 1 4 8 7 1 1 0.926876 0
016 1 15 1 1 7 3 0 0 0.565254 0
016 1 16 1 6 7 8 1 1 0.605534 0
016 1 17 1 4 7 2 0 0 0.592728 0
016 1 18 1 4 8 2 0 0 0.896260 0
016 1 19 1 4 7 3 0 0 1.435169 0
016 1 20 1 4 7 2 0 0 1.198878 0
016 1 21 1 6 3 7 1 1 0.658526 0
016 1 22 1 4 3 8 1 1 0.729489 0
016 1 23 1 1 7 8 1 1 0.590196 0
016 1 24 1 1 3 7 1 1 2.196662 0
016 1 25 1 1 7 4 0 0 0.607159 0
016 1 26 1 6 2 8 1 1 0.714229 0
016 1 27 1 1 4 2 0 0 0.656570 0
016 1 28 1 6 4 3 0 0 1.013565 0
016 1 29 1 1 2 8 1 1 0.571267 0
016 1 30 1 4 6 8 1 1 0.577021 0
016 1 31 1 6 2 7 1 1 0.776231 0
016 1 32 1 6 7 6 1 1 0.607188 0
016 1 33 1 1 3 8 1 1 0.657688 0
016 1 34 1 1 3 2 0 0 0.551629 0
016 1 35 1 4 6 2 0 0 0.492510 0
016 1 36 1 6 3 8 1 1 0.576002 0
016 1 37 1 6 4 2 0 0 0.565030 0
016 1 38 1 6 2 6 1 1 0.618512 0
016 1 39 1 1 2 8 1 1 0.574019 0
016 1 40 1 1 6 2 0 0 0.554003 0
016 1 41 1 4 2 3 0 0 0.579001 0
016 1 42 1 6 8 2 0 0 0.518398 0
016 1 43 1 1 4 7 1 1 0.489523 0
016 1 44 1 1 3 6 1 1 0.525401 0
016 1 45 1 4 2 4 0 0 0.457786 0
016 1 46 1 6 3 4 0 0 0.454042 0
016 1 47 1 1 7 2 0 0 0.464341 0
016 1 48 1 6 7 6 1 1 0.464143 0
016 1 49 1 6 8 2 0 0 0.466533 0
016 1 50 1 1 8 6 1 1 1.258908 0
016 1 51 1 1 8 4 0 0 0.524747 0
016 1 52 1 6 2 8 1 1 0.539232 0
016 1 53 1 6 8 7 1 1 0.637544 0
016 1 54 1 6 4 8 1 1 0.526075 0
016 1 55 1 6 4 6 1 1 1.162423 0
016 1 56 1 4 2 8 1 1 0.548278 0
016 1 57 1 6 3 8 1 1 0.503491 0
016 1 58 1 4 6 7 1 1 0.508469 0
016 1 59 1 4 3 7 1 1 0.586360 0
016 2 00 1 4 4 7 1 1 0.976171 0
016 2 01 1 6 8 7 1 1 0.438969 0
016 2 02 1 1 6 7 1 1 0.457033 0
016 2 03 1 6 8 2 0 0 0.657991 0
016 2 04 1 1 2 3 0 0 0.616496 0
016 2 05 1 4 7 3 0 0 0.471078 0
016 2 06 1 1 6 2 0 0 0.514852 0
016 2 07 1 6 2 4 0 0 1.095004 0
016 2 08 1 4 2 7 1 1 0.600932 0
016 2 09 1 1 8 7 1 1 0.492009 0
016 2 10 1 6 7 8 1 1 0.503395 0
016 2 11 1 6 3 6 1 1 1.072569 0
016 2 12 1 1 4 7 1 1 1.057465 0
016 2 13 1 6 4 7 1 1 0.518212 0
016 2 14 1 6 7 2 0 0 0.627386 0
016 2 15 1 4 4 8 1 1 0.535471 0
016 2 16 1 1 8 4 0 0 0.566144 0
016 2 17 1 1 2 4 0 0 0.602292 0
016 2 18 1 6 7 4 0 0 1.340644 0
016 2 19 1 6 7 4 0 0 0.554385 0
016 2 20 1 1 3 4 0 0 0.489385 0
016 2 21 1 6 4 3 0 0 0.544695 0
016 2 22 1 1 4 3 0 0 0.485362 0
016 2 23 1 1 3 6 1 1 0.543569 0
016 2 24 1 6 3 4 0 0 0.510248 0
016 2 25 1 6 2 3 0 0 0.535250 0
016 2 26 1 1 4 6 1 1 0.593868 0
016 2 27 1 1 6 3 0 0 0.529558 0
016 2 28 1 1 2 3 0 0 0.588421 0
016 2 29 1 1 7 8 1 1 0.787464 0
016 2 30 1 6 2 4 0 0 0.526568 0
016 2 31 1 1 3 8 1 1 0.576537 0
016 2 32 1 1 6 3 0 0 0.543418 0
016 2 33 1 4 4 8 1 1 0.521396 0
016 2 34 1 1 4 2 0 0 0.574499 0
016 2 35 1 4 8 2 0 0 0.476089 0
016 2 36 1 1 4 6 1 1 0.654529 0
016 2 37 1 4 3 2 0 0 0.496050 0
016 2 38 1 4 8 7 1 1 0.500828 0
016 2 39 1 6 6 4 0 0 1.383734 0
016 2 40 1 6 7 8 1 1 0.488318 0
016 2 41 1 4 4 8 1 1 0.627756 0
016 2 42 1 4 8 4 0 0 0.493257 0
016 2 43 1 4 6 3 0 0 0.615819 0
016 2 44 1 6 4 2 0 0 0.434466 0
016 2 45 1 6 8 6 1 1 0.461594 0
016 2 46 1 1 7 8 1 1 0.469392 0
016 2 47 1 4 4 7 1 1 0.544241 0
016 2 48 1 4 8 6 1 1 0.465651 0
016 2 49 1 1 6 2 0 0 0.556620 0
016 2 50 1 6 3 2 0 0 0.598411 0
016 2 51 1 4 8 4 0 0 0.448125 0
016 2 52 1 4 4 2 0 0 0.637567 0
016 2 53 1 1 7 6 1 1 0.655388 0
016 2 54 1 6 2 6 1 1 1.150142 0
016 2 55 1 6 3 2 0 0 0.445478 0
016 2 56 1 4 3 7 1 1 0.424560 0
016 2 57 1 1 3 7 1 1 0.991847 0
016 2 58 1 4 3 6 1 1 0.510836 0
016 2 59 1 6 2 3 0 0 0.493750 0
016 3 00 1 1 2 3 0 0 0.733614 0
016 3 01 1 4 6 8 1 1 0.645878 0
016 3 02 1 4 2 3 0 0 1.053037 0
016 3 03 1 1 7 2 0 0 0.575342 0
016 3 04 1 1 8 3 0 0 0.650566 0
016 3 05 1 6 4 8 1 1 0.527945 0
016 3 06 1 4 4 2 0 0 1.948896 0
016 3 07 1 6 7 4 0 0 0.610318 0
016 3 08 1 6 6 7 1 1 1.129469 0
016 3 09 1 4 2 6 1 1 1.454326 0
016 3 10 1 6 8 4 0 0 0.693969 0
016 3 11 1 6 6 8 1 1 0.530329 0
016 3 12 1 6 2 8 1 1 0.487842 0
016 3 13 1 1 4 2 0 0 0.525917 0
016 3 14 1 6 7 3 0 0 0.579342 0
016 3 15 1 6 2 8 1 1 0.537404 0
016 3 16 1 1 2 7 1 1 0.537428 0
016 3 17 1 6 4 8 1 1 0.587463 0
016 3 18 1 1 3 4 0 0 0.645814 0
016 3 19 1 6 6 2 0 0 0.685931 0
016 3 20 1 4 7 6 1 1 0.583152 0
016 3 21 1 4 3 4 0 0 0.911486 0
016 3 22 1 1 7 8 1 1 0.463102 0
016 3 23 1 1 3 6 1 1 0.498564 0
016 3 24 1 1 6 4 0 0 0.517456 0
016 3 25 1 4 7 4 0 0 0.497904 0
016 3 26 1 6 6 2 0 0 0.466398 0
016 3 27 1 6 4 2 0 0 0.608694 0
016 3 28 1 6 8 3 0 0 0.934455 0
016 3 29 1 1 7 3 0 0 0.590180 0
016 3 30 1 4 2 4 0 0 0.458104 0
016 3 31 1 4 4 7 1 1 0.546939 0
016 3 32 1 4 2 4 0 0 0.577511 0
016 3 33 1 1 2 8 1 1 0.661334 0
016 3 34 1 4 8 6 1 1 0.539405 0
016 3 35 1 6 2 3 0 0 0.542315 0
016 3 36 1 1 8 3 0 0 2.440226 0
016 3 37 1 1 8 2 0 0 0.597802 0
016 3 38 1 4 6 2 0 0 0.541596 0
016 3 39 1 6 8 4 0 0 0.463165 0
016 3 40 1 4 4 3 0 0 0.462142 0
016 3 41 1 1 8 2 0 0 0.444152 0
016 3 42 1 4 3 2 0 0 0.432103 0
016 3 43 1 4 8 2 0 0 0.433704 0
016 3 44 1 4 3 6 1 1 0.545211 0
016 3 45 1 4 8 4 0 0 0.458289 0
016 3 46 1 4 3 6 1 1 0.448919 0
016 3 47 1 4 4 3 0 0 0.436659 0
016 3 48 1 1 3 8 1 1 0.433134 0
016 3 49 1 1 7 6 1 1 0.505457 0
016 3 50 1 4 4 2 0 0 0.420878 0
016 3 51 1 1 7 6 1 1 0.456025 0
016 3 52 1 4 3 6 1 1 0.436589 0
016 3 53 1 4 7 6 1 1 0.488690 0
016 3 54 1 6 2 7 1 1 0.486334 0
016 3 55 1 6 6 2 0 0 0.413153 0
016 3 56 1 6 3 2 0 0 0.459725 0
016 3 57 1 4 2 8 1 1 0.515005 0
016 3 58 1 1 8 2 0 0 0.587550 0
016 3 59 1 4 4 7 1 1 0.528968 0
016 4 00 1 4 6 3 0 0 0.901431 0
016 4 01 1 6 6 4 0 0 0.576630 0
016 4 02 1 6 7 6 1 1 0.450799 0
016 4 03 1 1 4 6 1 1 0.432945 0
016 4 04 1 4 8 7 1 1 0.406227 0
016 4 05 1 1 3 2 0 0 0.415554 0
016 4 06 1 4 2 8 1 1 0.529201 0
016 4 07 1 1 7 8 1 1 0.463960 0
016 4 08 1 4 8 7 1 1 0.457537 0
016 4 09 1 6 7 8 1 1 0.493071 0
016 4 10 1 4 3 6 1 1 0.487256 0
016 4 11 1 6 6 2 0 0 0.444493 0
016 4 12 1 4 4 7 1 1 0.505079 0
016 4 13 1 4 7 6 1 1 0.431517 0
016 4 14 1 6 7 2 0 0 0.410780 0
016 4 15 1 4 4 6 1 1 0.451164 0
016 4 16 1 4 2 3 0 0 0.379905 0
016 4 17 1 1 6 4 1 0 0.408408 0
016 4 18 1 4 3 7 1 1 1.134371 0
016 4 19 1 6 8 2 0 0 0.780813 0
016 4 20 1 4 4 3 0 0 0.502496 0
016 4 21 1 4 2 6 1 1 0.504747 0
016 4 22 1 4 2 7 1 1 0.537577 0
016 4 23 1 6 4 7 1 1 0.506397 0
016 4 24 1 1 8 6 1 1 0.698937 0
016 4 25 1 1 8 3 0 0 1.013822 0
016 4 26 1 1 8 2 0 0 0.498699 0
016 4 27 1 4 6 4 0 0 0.515059 0
016 4 28 1 6 7 3 0 0 0.607563 0
016 4 29 1 4 6 8 1 1 0.745124 0
016 4 30 1 1 2 3 0 0 0.578197 0
016 4 31 1 4 6 4 0 0 0.552807 0
016 4 32 1 1 4 2 0 0 0.499320 0
016 4 33 1 4 7 6 1 1 0.801740 0
016 4 34 1 1 4 6 1 1 1.243685 0
016 4 35 1 1 3 4 0 0 0.494886 0
016 4 36 1 4 2 6 1 1 0.589529 0
016 4 37 1 1 6 2 0 0 0.558469 0
016 4 38 1 1 6 7 1 1 0.479794 0
016 4 39 1 1 3 6 1 1 0.756125 0
016 4 40 1 4 6 4 0 0 0.499330 0
016 4 41 1 4 3 8 1 1 0.501308 0
016 4 42 1 1 4 3 0 0 0.545101 0
016 4 43 1 6 6 4 0 0 0.601221 0
016 4 44 1 6 3 8 1 1 0.627775 0
016 4 45 1 4 6 7 1 1 0.597329 0
016 4 46 1 6 4 2 0 0 0.482836 0
016 4 47 1 4 8 3 0 0 0.608172 0
016 4 48 1 1 2 7 1 1 0.656477 0
016 4 49 1 4 2 8 1 1 0.592865 0
016 4 50 1 1 3 7 1 1 0.517010 0
016 4 51 1 1 8 6 1 1 0.524727 0
016 4 52 1 6 3 8 1 1 0.575236 0
016 4 53 1 6 7 4 0 0 0.586846 0
016 4 54 1 6 4 2 0 0 0.519845 0
016 4 55 1 4 7 3 0 0 0.530557 0
016 4 56 1 1 3 2 0 0 0.468394 0
016 4 57 1 4 6 2 0 0 0.478826 0
016 4 58 1 1 6 4 0 0 0.528058 0
016 4 59 1 4 3 8 1 1 0.578312 0
016 5 00 1 4 4 3 0 0 0.791724 0
016 5 01 1 6 4 3 0 0 0.474786 0
016 5 02 1 6 4 8 1 1 0.499451 0
016 5 03 1 1 7 6 1 1 0.501749 0
016 5 04 1 1 8 3 0 0 0.531637 0
016 5 05 1 1 2 6 1 1 0.575816 0
016 5 06 1 1 4 8 1 1 0.948719 0
016 5 07 1 6 6 2 0 0 0.467289 0
016 5 08 1 1 4 7 1 1 0.626070 0
016 5 09 1 4 4 6 1 1 0.747750 0
016 5 10 1 1 7 3 0 0 0.440583 0
016 5 11 1 4 4 7 1 1 0.523465 0
016 5 12 1 4 8 6 1 1 0.489109 0
016 5 13 1 6 3 6 1 1 0.460651 0
016 5 14 1 1 4 3 0 0 0.448196 0
016 5 15 1 4 7 8 1 1 0.475156 0
016 5 16 1 6 2 8 1 1 0.533648 0
016 5 17 1 6 3 2 0 0 0.469370 0
016 5 18 1 6 8 2 0 0 0.479794 0
016 5 19 1 6 3 7 1 1 0.720124 0
016 5 20 1 1 8 7 1 1 0.497140 0
016 5 21 1 1 4 2 0 0 0.527354 0
016 5 22 1 1 3 8 1 1 0.465735 0
016 5 23 1 1 2 8 1 1 0.526534 0
016 5 24 1 1 2 6 1 1 0.607256 0
016 5 25 1 6 7 2 0 0 0.473224 0
016 5 26 1 6 8 4 0 0 0.711033 0
016 5 27 1 4 4 3 0 0 0.620015 0
016 5 28 1 4 7 6 1 1 0.497809 0
016 5 29 1 4 4 8 1 1 0.946025 0
016 5 30 1 6 4 8 1 1 0.565278 0
016 5 31 1 1 2 4 0 0 0.486313 0
016 5 32 1 1 2 7 1 1 0.530566 0
016 5 33 1 4 4 6 1 1 0.628475 0
016 5 34 1 6 6 4 0 0 0.452833 0
016 5 35 1 1 8 7 1 1 0.583793 0
016 5 36 1 1 7 2 0 0 0.558852 0
016 5 37 1 1 4 2 0 0 0.443701 0
016 5 38 1 6 2 7 1 1 0.616583 0
016 5 39 1 1 3 8 1 1 0.538950 0
016 5 40 1 1 6 3 0 0 0.502438 0
016 5 41 1 4 2 6 1 1 0.933789 0
016 5 42 1 6 8 6 1 1 0.533399 0
016 5 43 1 4 8 6 1 1 0.502197 0
016 5 44 1 6 3 2 0 0 0.647567 0
016 5 45 1 4 2 7 1 1 0.620501 0
016 5 46 1 1 2 4 0 0 0.638069 0
016 5 47 1 1 2 7 1 1 0.621737 0
016 5 48 1 4 6 4 0 0 0.530001 0
016 5 49 1 6 2 6 1 1 0.552318 0
016 5 50 1 4 3 7 1 1 0.560562 0
016 5 51 1 1 2 8 1 1 0.445241 0
016 5 52 1 4 2 4 0 0 0.492136 0
016 5 53 1 4 2 3 0 0 0.474843 0
016 5 54 1 4 2 3 0 0 0.426308 0
016 5 55 1 4 3 4 0 0 0.590154 0
016 5 56 1 6 8 2 0 0 0.506382 0
016 5 57 1 1 3 2 0 0 0.439007 0
016 5 58 1 1 3 6 1 1 0.500537 0
016 5 59 1 1 4 8 1 1 0.430183 0
016 6 00 1 4 8 3 0 0 0.615027 0
016 6 01 1 4 6 2 0 0 0.523673 0
016 6 02 1 6 3 8 1 1 0.484683 0
016 6 03 1 6 8 7 1 1 0.493182 0
016 6 04 1 6 6 3 0 0 0.478490 0
016 6 05 1 6 2 7 1 1 1.266106 0
016 6 06 1 6 2 6 1 1 0.476214 0
016 6 07 1 6 3 6 1 1 0.436180 0
016 6 08 1 4 2 6 1 1 0.510576 0
016 6 09 1 6 6 7 1 1 0.451087 0
016 6 10 1 4 7 3 0 0 0.472808 0
016 6 11 1 4 4 2 0 0 0.376648 0
016 6 12 1 6 2 8 1 1 0.509647 0
016 6 13 1 1 4 3 0 0 0.498509 0
016 6 14 1 6 7 2 0 0 0.571045 0
016 6 15 1 6 8 7 1 1 0.582936 0
016 6 16 1 1 7 2 0 0 0.518830 0
016 6 17 1 4 2 7 1 1 0.521847 0
016 6 18 1 6 8 6 1 1 0.432478 0
016 6 19 1 4 3 4 0 0 0.440000 0
016 6 20 1 6 6 7 1 1 0.467599 0
016 6 21 1 4 7 4 0 0 0.480497 0
016 6 22 1 4 8 7 1 1 0.538690 0
016 6 23 1 6 8 7 1 1 0.497016 0
016 6 24 1 1 6 8 1 1 0.543865 0
016 6 25 1 4 2 8 1 1 0.473668 0
016 6 26 1 1 7 6 1 1 0.526377 0
016 6 27 1 4 3 4 0 0 0.490031 0
016 6 28 1 4 7 3 0 0 0.504005 0
016 6 29 1 6 8 4 0 0 0.419795 0
016 6 30 1 1 8 7 1 1 0.525291 0
016 6 31 1 1 3 7 1 1 0.464197 0
016 6 32 1 4 4 2 0 0 0.503265 0
016 6 33 1 1 7 4 0 0 0.564649 0
016 6 34 1 6 6 2 0 0 0.475485 0
016 6 35 1 6 8 3 0 0 0.629690 0
016 6 36 1 6 7 6 1 1 0.717816 0
016 6 37 1 1 7 3 0 0 0.651913 0
016 6 38 1 1 3 7 1 1 0.593912 0
016 6 39 1 6 8 3 0 0 0.499799 0
016 6 40 1 1 2 6 1 1 0.659066 0
016 6 41 1 4 6 8 1 1 0.590870 0
016 6 42 1 6 6 8 1 1 0.538391 0
016 6 43 1 4 6 7 1 1 0.440349 0
016 6 44 1 6 8 6 1 1 0.439281 0
016 6 45 1 6 8 6 1 1 0.478008 0
016 6 46 1 1 8 6 1 1 0.457761 0
016 6 47 1 6 2 4 0 0 0.490766 0
016 6 48 1 1 6 7 1 1 0.532862 0
016 6 49 1 1 6 8 1 1 0.460014 0
016 6 50 1 6 4 7 1 1 0.512631 0
016 6 51 1 4 8 6 1 1 0.481575 0
016 6 52 1 1 6 3 0 0 0.531781 0
016 6 53 1 6 8 3 0 0 0.501645 0
016 6 54 1 4 4 8 1 1 0.554632 0
016 6 55 1 6 3 4 0 0 0.692649 0
016 6 56 1 4 8 2 0 0 0.526092 0
016 6 57 1 6 6 8 1 1 0.554235 0
016 6 58 1 6 2 3 0 0 0.490464 0
016 6 59 1 6 2 7 1 1 0.534922 0
016 7 00 1 1 8 3 0 0 0.580878 0
016 7 01 1 1 3 4 0 0 0.842385 0
016 7 02 1 4 7 6 1 1 0.595540 0
016 7 03 1 4 3 2 0 0 0.497748 0
016 7 04 1 6 3 8 1 1 0.533731 0
016 7 05 1 1 4 7 1 1 0.497079 0
016 7 06 1 4 6 3 0 0 0.513115 0
016 7 07 1 6 2 3 0 0 0.454100 0
016 7 08 1 1 7 4 0 0 0.624153 0
016 7 09 1 6 4 7 1 1 0.667158 0
016 7 10 1 6 7 2 0 0 0.632192 0
016 7 11 1 6 4 7 1 1 0.970716 0
016 7 12 1 4 3 2 0 0 0.596198 0
016 7 13 1 1 8 6 1 1 0.756423 0
016 7 14 1 4 7 8 1 1 0.447019 0
016 7 15 1 1 8 6 1 1 0.434824 0
016 7 16 1 1 7 6 1 1 0.425305 0
016 7 17 1 6 3 6 1 1 0.416137 0
016 7 18 1 6 4 8 1 1 0.468726 0
016 7 19 1 6 3 2 0 0 0.406840 0
016 7 20 1 4 4 6 1 1 0.467487 0
016 7 21 1 1 6 8 1 1 0.455916 0
016 7 22 1 1 6 2 0 0 0.424348 0
016 7 23 1 4 6 3 0 0 0.437345 0
016 7 24 1 6 4 7 1 1 0.461951 0
016 7 25 1 6 2 4 0 0 0.458924 0
016 7 26 1 6 7 6 1 1 0.435901 0
016 7 27 1 4 3 4 0 0 0.527868 0
016 7 28 1 1 4 8 1 1 0.432759 0
016 7 29 1 6 4 6 0 1 0.460353 0
016 7 30 1 4 8 3 0 0 1.225371 0
016 7 31 1 1 3 4 0 0 1.764053 0
016 7 32 1 1 8 3 0 0 1.659637 0
016 7 33 1 4 3 7 1 1 0.655363 0
016 7 34 1 4 2 3 0 0 0.469041 0
016 7 35 1 4 3 7 1 1 0.543926 0
016 7 36 1 1 6 4 0 0 0.653844 0
016 7 37 1 6 4 6 1 1 0.901865 0
016 7 38 1 6 8 6 1 1 0.692260 0
016 7 39 1 1 2 3 0 0 1.570400 0
016 7 40 1 1 7 8 1 1 0.575500 0
016 7 41 1 6 6 4 0 0 0.514702 0
016 7 42 1 1 6 3 0 0 1.122508 0
016 7 43 1 6 7 4 0 0 0.548218 0
016 7 44 1 4 8 4 0 0 0.481359 0
016 7 45 1 1 6 4 0 0 0.477842 0
016 7 46 1 4 8 7 1 1 0.634391 0
016 7 47 1 4 7 8 1 1 0.680092 0
016 7 48 1 4 6 3 0 0 0.619709 0
016 7 49 1 4 8 3 0 0 0.556468 0
016 7 50 1 6 3 7 1 1 0.596829 0
016 7 51 1 6 4 6 1 1 0.650975 0
016 7 52 1 1 6 7 1 1 0.452425 0
016 7 53 1 6 3 7 1 1 0.460315 0
016 7 54 1 4 7 2 0 0 0.503931 0
016 7 55 1 1 6 8 1 1 0.511569 0
016 7 56 1 1 7 3 0 0 0.490707 0
016 7 57 1 6 6 3 0 0 0.501379 0
016 7 58 1 4 4 2 0 0 0.541331 0
016 7 59 1 1 4 8 1 1 0.505600 0
016 8 00 1 4 7 4 0 0 0.647196 0
016 8 01 1 6 3 7 1 1 0.547539 0
016 8 02 1 4 6 7 1 1 0.853678 0
016 8 03 1 1 4 8 1 1 0.598961 0
016 8 04 1 6 6 3 0 0 0.621378 0
016 8 05 1 6 7 3 0 0 0.545981 0
016 8 06 1 4 2 7 1 1 1.836064 0
016 8 07 1 1 8 4 0 0 0.518238 0
016 8 08 1 6 6 3 0 0 0.524789 0
016 8 09 1 1 4 7 1 1 0.625513 0
016 8 10 1 1 7 4 0 0 0.528046 0
016 8 11 1 1 8 4 0 0 0.477163 0
016 8 12 1 1 2 4 0 0 0.504291 0
016 8 13 1 1 2 6 1 1 0.487181 0
016 8 14 1 4 7 2 0 0 0.451273 0
016 8 15 1 6 3 4 0 0 0.428309 0
016 8 16 1 6 6 7 1 1 0.502943 0
016 8 17 1 6 6 3 0 0 0.435375 0
016 8 18 1 4 6 8 1 1 0.690017 0
016 8 19 1 4 7 2 0 0 0.419949 0
016 8 20 1 4 4 8 1 1 0.533885 0
016 8 21 1 6 3 6 1 1 0.461292 0
016 8 22 1 1 3 2 0 0 0.477145 0
016 8 23 1 6 7 8 1 1 0.599827 0
016 8 24 1 1 4 3 0 0 0.880850 0
016 8 25 1 1 8 7 1 1 0.496910 0
016 8 26 1 1 4 6 1 1 1.399485 0
016 8 27 1 6 3 6 1 1 0.928144 0
016 8 28 1 4 7 4 0 0 0.519027 0
016 8 29 1 1 2 4 0 0 0.574192 0
016 8 30 1 4 8 4 0 0 0.476392 0
016 8 31 1 1 6 3 0 0 1.829880 0
016 8 32 1 6 6 8 1 1 0.545999 0
016 8 33 1 6 8 3 0 0 1.230605 0
016 8 34 1 4 3 6 1 1 0.566439 0
016 8 35 1 4 6 8 1 1 0.688083 0
016 8 36 1 4 3 8 1 1 0.476524 0
016 8 37 1 1 3 7 1 1 0.551608 0
016 8 38 1 4 7 4 0 0 0.588168 0
016 8 39 1 4 7 3 0 0 0.737763 0
016 8 40 1 6 7 8 1 1 0.658642 0
016 8 41 1 1 2 3 0 0 0.746224 0
016 8 42 1 4 3 8 1 1 0.534974 0
016 8 43 1 1 2 6 1 1 1.401066 0
016 8 44 1 1 2 4 0 0 0.662727 0
016 8 45 1 1 7 4 0 0 0.554591 0
016 8 46 1 6 4 6 1 1 1.839573 0
016 8 47 1 4 7 8 1 1 0.904955 0
016 8 48 1 1 7 2 0 0 0.683442 0
016 8 49 1 6 8 7 1 1 0.566848 0
016 8 50 1 4 2 6 1 1 0.926443 0
016 8 51 1 4 4 3 0 0 0.885463 0
016 8 52 1 6 2 4 0 0 1.707899 0
016 8 53 1 6 6 4 0 0 0.543728 0
016 8 54 1 4 3 2 0 0 0.594205 0
016 8 55 1 1 7 3 0 0 0.685174 0
016 8 56 1 4 2 4 0 0 0.462753 0
016 8 57 1 6 7 6 1 1 1.214034 0
016 8 58 1 1 8 2 0 0 0.550103 0
016 8 59 1 6 3 7 1 1 0.522292 0
016 9 00 0 1 3 8 0 0 2.266695 0
016 9 01 0 12 2 7 0 0 1.090165 0
016 9 02 0 1 7 8 1 1 2.032486 0
016 9 03 0 1 7 6 0 1 1.324322 0
016 9 04 0 6 4 2 0 0 1.049542 0
016 9 05 0 4 3 4 0 0 0.822831 0
016 9 06 0 4 3 6 0 0 0.885693 0
016 9 07 0 1 4 2 0 0 1.358216 0
016 9 08 0 6 6 2 0 1 1.554668 0
016 9 09 0 4 2 8 1 0 1.088426 0
016 9 10 0 1 3 2 0 0 1.728616 0
016 9 11 0 1 6 7 0 1 1.176737 0
016 9 12 0 4 8 2 1 1 1.477406 0
016 9 13 0 4 3 7 1 0 2.457578 0
016 9 14 0 1 4 2 1 0 2.218084 0
016 9 15 0 4 8 2 1 1 1.467107 0
016 9 16 0 1 7 4 1 1 1.196707 0
016 9 17 0 4 2 3 0 0 1.198939 0
016 9 18 0 12 3 6 0 0 1.136498 0
016 9 19 0 12 3 4 0 0 1.718600 0
016 9 20 0 6 4 6 0 0 1.041472 0
016 9 21 0 1 2 3 1 0 1.294290 0
016 9 22 0 12 4 8 0 0 1.684940 0
016 9 23 0 12 7 4 1 1 0.965680 0
016 9 24 0 1 8 4 1 1 0.982119 0
016 9 25 0 1 3 8 1 0 1.368955 0
016 9 26 0 12 4 8 0 0 0.896675 0
016 9 27 0 1 3 7 0 0 0.934814 0
016 9 28 0 4 4 6 0 0 1.800912 0
016 9 29 0 1 7 3 1 1 0.933620 0
016 9 30 0 4 6 2 1 1 0.809439 0
016 9 31 0 4 7 6 1 1 0.791093 0
016 9 32 0 4 8 7 1 1 1.291381 0
016 9 33 0 12 7 3 1 1 1.099026 0
016 9 34 0 4 8 6 1 1 0.903643 0
016 9 35 0 4 2 3 0 0 1.037974 0
016 9 36 0 4 2 6 0 0 1.392036 0
016 9 37 0 12 2 3 1 0 0.681298 0
016 9 38 0 1 2 4 1 0 0.784721 0
016 9 39 0 6 7 4 1 1 0.707509 0
016 9 40 0 1 3 4 1 0 1.004658 0
016 9 41 0 12 3 2 0 0 1.633626 0
016 9 42 0 6 7 6 0 1 1.875984 0
016 9 43 0 1 7 8 0 1 2.711910 0
016 9 44 0 4 2 6 1 0 1.646416 0
016 9 45 0 4 6 3 1 1 1.054686 0
016 9 46 0 12 8 6 1 1 0.912807 0
016 9 47 0 12 3 6 0 0 1.142512 0
016 9 48 0 12 7 4 1 1 1.882662 0
016 9 49 0 6 4 7 0 0 0.996962 0
016 9 50 0 12 4 8 0 0 1.387335 0
016 9 51 0 12 3 6 0 0 1.288568 0
016 9 52 0 12 7 2 1 1 0.866163 0
016 9 53 0 4 7 8 1 1 0.926826 0
016 9 54 0 1 8 6 0 1 1.186354 0
016 9 55 0 12 8 4 1 1 0.872052 0
016 9 56 0 12 4 2 0 0 1.062463 0
016 9 57 0 12 7 8 1 1 0.988164 0
016 9 58 0 1 2 3 0 0 1.445133 0
016 9 59 0 4 7 6 1 1 2.187250 0
016 9 60 0 6 6 4 0 1 1.617815 0
016 9 61 0 12 2 3 0 0 1.058359 0
016 9 62 0 12 2 3 0 0 0.989734 0
016 9 63 0 12 3 2 0 0 1.046593 0
016 9 64 0 12 8 3 1 1 1.471825 0
016 9 65 0 4 4 6 0 0 0.954656 0
016 9 66 0 6 6 7 1 1 1.159676 0
016 9 67 0 4 6 8 1 1 0.956605 0
016 9 68 0 12 2 4 0 0 1.281970 0
016 9 69 0 6 4 2 0 0 1.156195 0
016 9 70 0 4 8 4 1 1 0.841142 0
016 9 71 0 1 2 7 1 0 1.193114 0
016 9 72 0 12 8 2 1 1 1.658955 0
016 9 73 0 12 3 2 0 0 1.604623 0
016 9 74 0 4 6 7 1 1 1.009942 0
016 9 75 0 4 6 2 1 1 1.610216 0
016 9 76 0 12 6 4 1 1 0.814400 0
016 9 77 0 12 4 6 0 0 0.762376 0
016 9 78 0 1 6 2 1 1 0.920442 0
016 9 79 0 4 6 4 1 1 0.779391 0
016 9 80 0 12 7 8 1 1 0.559352 0
016 9 81 0 6 7 8 1 1 0.903139 0
016 9 82 0 6 2 3 0 0 0.529377 0
016 9 83 0 12 7 6 1 1 0.632634 0
016 9 84 0 12 2 4 0 0 0.725516 0
016 9 85 0 1 3 6 0 0 1.769237 0
016 9 86 0 4 3 2 1 0 2.890016 0
016 9 87 0 12 2 4 0 0 0.975773 0
016 9 88 0 4 8 4 1 1 1.096570 0
016 9 89 0 1 4 8 0 0 1.072200 0
016 9 90 0 6 7 8 1 1 0.746001 0
016 9 91 0 12 2 6 0 0 1.989877 0
016 9 92 0 6 7 8 1 1 0.917416 0
016 9 93 0 1 8 6 0 1 1.309192 0
016 9 94 0 6 6 7 1 1 0.760003 0
016 9 95 0 6 7 2 1 1 0.917017 0
016 9 96 0 6 8 6 1 1 0.692142 0
016 9 97 0 12 6 8 1 1 0.673523 0
016 9 98 0 6 4 8 0 0 0.962382 0
016 9 99 0 12 7 3 1 1 0.797123 0
016 10 00 0 12 6 4 1 1 0.832512 0
016 10 01 0 6 8 7 1 1 0.845624 0
016 10 02 0 6 3 8 0 0 1.363588 0
016 10 03 0 12 3 4 0 0 0.731696 0
016 10 04 0 12 2 7 0 0 0.892931 0
016 10 05 0 4 6 4 1 1 0.965518 0
016 10 06 0 4 8 3 1 1 0.657113 0
016 10 07 0 12 2 8 0 0 0.654620 0
016 10 08 0 4 4 8 1 0 1.319252 0
016 10 09 0 6 6 2 0 1 1.432209 0
016 10 10 0 12 4 3 0 0 0.974176 0
016 10 11 0 6 7 6 1 1 1.131924 0
016 10 12 0 4 4 7 0 0 0.749383 0
016 10 13 0 1 8 7 1 1 1.905526 0
016 10 14 0 12 4 3 0 0 0.908424 0
016 10 15 0 6 3 7 0 0 1.031521 0
016 10 16 0 12 6 2 1 1 0.684921 0
016 10 17 0 12 8 3 1 1 0.798284 0
016 10 18 0 4 7 2 1 1 0.698825 0
016 10 19 0 4 3 4 0 0 0.780807 0
016 10 20 0 12 8 7 1 1 0.670582 0
016 10 21 0 12 3 6 0 0 0.890015 0
016 10 22 0 6 4 6 0 0 0.926123 0
016 10 23 0 12 3 4 0 0 0.965590 0
016 10 24 0 4 3 7 0 0 0.937798 0
016 10 25 0 6 8 2 0 1 2.166933 0
016 10 26 0 6 8 4 1 1 0.754364 0
016 10 27 0 1 2 7 1 0 0.693504 0
016 10 28 0 12 8 3 1 1 0.758751 0
016 10 29 0 4 6 4 0 1 0.737244 0
016 10 30 0 4 4 2 0 0 1.402573 0
016 10 31 0 1 4 6 1 0 0.736364 0
016 10 32 0 6 2 7 0 0 0.737203 0
016 10 33 0 4 8 3 1 1 0.878113 0
016 10 34 0 1 4 8 0 0 1.547370 0
016 10 35 0 12 4 7 0 0 0.698752 0
016 10 36 0 4 8 6 1 1 0.730217 0
016 10 37 0 6 6 8 1 1 0.801186 0
016 10 38 0 6 7 6 1 1 0.696036 0
016 10 39 0 1 8 3 0 1 1.823759 0
016 10 40 0 1 3 2 0 0 0.830229 0
016 10 41 0 6 6 8 1 1 0.747560 0
016 10 42 0 1 7 6 1 1 0.706164 0
016 10 43 0 1 8 7 1 1 0.792998 0
016 10 44 0 4 8 6 1 1 2.395707 0
016 10 45 0 4 4 7 0 0 0.664300 0
016 10 46 0 12 6 3 0 1 1.986088 0
016 10 47 0 1 2 8 0 0 2.575977 0
016 10 48 0 12 8 7 1 1 0.687509 0
016 10 49 0 4 7 8 1 1 0.592253 0
016 10 50 0 6 2 3 0 0 0.474004 0
016 10 51 0 12 2 6 0 0 0.958020 0
016 10 52 0 4 2 7 0 0 1.437313 0
016 10 53 0 12 8 7 1 1 0.878486 0
016 10 54 0 6 6 4 0 1 1.265308 0
016 10 55 0 12 7 8 1 1 0.565003 0
016 10 56 0 1 6 3 1 1 2.201738 0
016 10 57 0 4 8 4 1 1 0.715749 0
016 10 58 0 12 2 8 0 0 0.677358 0
016 10 59 0 6 8 4 1 1 1.552854 0
016 10 60 0 4 2 4 0 0 0.736446 0
016 10 61 0 6 2 6 0 0 0.807729 0
016 10 62 0 4 6 7 1 1 1.199534 0
016 10 63 0 6 8 3 0 1 1.927945 0
016 10 64 0 1 6 4 0 1 2.837894 0
016 10 65 0 12 8 6 1 1 0.943865 0
016 10 66 0 6 3 8 0 0 1.151305 0
016 10 67 0 6 3 6 0 0 0.766175 0
016 10 68 0 12 7 3 1 1 0.893893 0
016 10 69 0 4 8 2 1 1 0.893415 0
016 10 70 0 4 3 7 0 0 0.982716 0
016 10 71 0 12 2 3 1 0 0.854706 0
016 10 72 0 1 6 7 0 1 3.044724 0
016 10 73 0 1 4 6 1 0 0.861874 0
016 10 74 0 4 6 3 1 1 0.726689 0
016 10 75 0 1 7 8 1 1 1.615938 0
016 10 76 0 12 2 6 0 0 0.592953 0
016 10 77 0 1 3 2 0 0 0.998724 0
016 10 78 0 12 8 3 1 1 0.750541 0
016 10 79 0 4 2 8 0 0 1.049127 0
016 10 80 0 6 4 3 0 0 0.691395 0
016 10 81 0 1 3 7 1 0 0.885270 0
016 10 82 0 12 6 3 1 1 0.969075 0
016 10 83 0 4 3 8 1 0 1.019787 0
016 10 84 0 12 7 3 1 1 0.678822 0
016 10 85 0 12 3 8 0 0 0.867357 0
016 10 86 0 4 7 2 1 1 1.673700 0
016 10 87 0 1 6 2 0 1 1.870700 0
016 10 88 0 12 3 7 0 0 0.814604 0
016 10 89 0 6 6 3 1 1 0.824961 0
016 10 90 0 4 3 4 0 0 0.949518 0
016 10 91 0 12 8 2 1 1 0.795858 0
016 10 92 0 1 6 8 0 1 2.384770 0
016 10 93 0 6 4 6 0 0 0.928812 0
016 10 94 0 6 8 7 1 1 0.791179 0
016 10 95 0 1 4 8 1 0 5.457996 0
016 10 96 0 6 2 4 1 0 0.869734 0
016 10 97 0 1 4 7 1 0 1.606040 0
016 10 98 0 12 8 4 0 1 1.483192 0
016 10 99 0 6 6 2 0 1 2.416598 0
016 11 00 0 12 3 7 0 0 0.829300 0
016 11 01 0 12 6 2 1 1 0.663598 0
016 11 02 0 6 3 4 1 0 1.000821 0
016 11 03 0 1 7 3 1 1 1.587337 0
016 11 04 0 12 6 3 1 1 0.646116 0
016 11 05 0 6 7 4 1 1 0.823446 0
016 11 06 0 12 8 2 1 1 0.755763 0
016 11 07 0 6 6 8 1 1 1.631914 0
016 11 08 0 1 8 3 1 1 0.785093 0
016 11 09 0 1 7 2 0 1 2.636986 0
016 11 10 0 6 8 4 1 1 0.732083 0
016 11 11 0 6 4 8 0 0 1.800938 0
016 11 12 0 12 2 6 0 0 0.757482 0
016 11 13 0 6 7 3 1 1 0.829082 0
016 11 14 0 4 8 7 0 1 1.470292 0
016 11 15 0 12 3 2 0 0 1.066597 0
016 11 16 0 12 4 2 0 0 1.402239 0
016 11 17 0 12 7 6 1 1 0.882543 0
016 11 18 0 4 3 8 0 0 0.887321 0
016 11 19 0 6 8 3 1 1 1.473020 0
016 11 20 0 4 3 6 0 0 1.757970 0
016 11 21 0 1 6 3 1 1 1.722693 0
016 11 22 0 1 2 6 0 0 2.301500 0
016 11 23 0 12 6 3 1 1 1.470447 0
016 11 24 0 12 3 7 0 0 0.982247 0
016 11 25 0 1 7 3 0 1 1.175910 0
016 11 26 0 1 8 4 0 1 1.623752 0
016 11 27 0 1 8 2 0 1 0.926409 0
016 11 28 0 12 2 3 0 0 1.087166 0
016 11 29 0 6 4 2 0 0 0.800196 0
016 11 30 0 1 8 3 0 1 0.627755 0
016 11 31 0 4 6 8 1 1 0.972935 0
016 11 32 0 6 2 7 0 0 1.245523 0
016 11 33 0 4 8 7 1 1 0.962308 0
016 11 34 0 1 7 4 0 1 2.170547 0
016 11 35 0 6 3 8 0 0 0.808099 0
016 11 36 0 6 6 3 1 1 1.807843 0
016 11 37 0 12 4 6 0 0 0.838126 0
016 11 38 0 4 2 7 0 0 0.932630 0
016 11 39 0 12 6 4 1 1 1.286204 0
016 11 40 0 4 7 3 1 1 1.494553 0
016 11 41 0 1 8 2 1 1 0.926758 0
016 11 42 0 4 2 4 1 0 1.593819 0
016 11 43 0 6 4 7 0 0 0.820170 0
016 11 44 0 6 6 4 1 1 0.790709 0
016 11 45 0 12 6 4 1 1 1.089638 0
016 11 46 0 4 7 8 1 1 1.068171 0
016 11 47 0 4 3 2 0 0 0.844661 0
016 11 48 0 6 3 6 0 0 2.734500 0
016 11 49 0 4 4 7 0 0 0.841390 0
016 11 50 0 1 4 3 0 0 0.896400 0
016 11 51 0 4 7 6 1 1 0.876580 0
016 11 52 0 12 4 7 0 0 1.768087 0
016 11 53 0 12 4 6 0 0 0.584695 0
016 11 54 0 12 6 7 0 1 2.172050 0
016 11 55 0 1 6 8 1 1 2.056979 0
016 11 56 0 1 6 3 1 1 1.093657 0
016 11 57 0 6 4 3 0 0 0.738516 0
016 11 58 0 1 8 6 0 1 0.968924 0
016 11 59 0 12 4 6 0 0 1.045881 0
016 11 60 0 12 8 2 1 1 0.853779 0
016 11 61 0 4 6 2 0 1 1.430850 0
