011 0 00 1 5 7 2 -1 0 14.968945 0
011 0 01 1 5 3 8 1 1 8.621339 0
011 0 02 1 4 6 4 0 0 0.840169 0
011 0 03 1 4 4 8 1 1 0.421600 0
011 0 04 1 5 7 4 0 0 0.498382 0
011 0 05 1 2 8 3 0 0 0.542020 0
011 0 06 1 2 8 6 1 1 0.513525 0
011 0 07 1 4 3 4 0 0 0.406164 0
011 0 08 1 4 3 7 1 1 0.373627 0
011 0 09 1 2 2 7 1 1 0.401969 0
011 0 10 1 2 8 4 0 0 0.414001 0
011 0 11 1 2 7 3 0 0 0.454286 0
011 0 12 1 2 3 7 1 1 0.444595 0
011 0 13 1 2 2 4 0 0 0.471165 0
011 0 14 1 2 2 8 1 1 0.452967 0
011 0 15 1 2 2 6 1 1 0.737727 0
011 0 16 1 5 4 8 1 1 0.506639 0
011 0 17 1 2 2 3 0 0 0.433102 0
011 0 18 1 2 4 8 1 1 0.467717 0
011 0 19 1 5 2 3 1 0 0.460779 0
011 0 20 1 2 3 4 0 0 0.472279 0
011 0 21 1 5 6 7 1 1 0.381364 0
011 0 22 1 2 8 7 1 1 0.449370 0
011 0 23 1 4 8 3 0 0 0.333009 0
011 0 24 1 2 8 3 0 0 0.509788 0
011 0 25 1 4 7 2 0 0 0.464488 0
011 0 26 1 5 8 3 0 0 0.443878 0
011 0 27 1 2 6 2 0 0 0.375088 0
011 0 28 1 5 3 2 0 0 0.488205 0
011 0 29 1 5 4 8 1 1 0.495879 0
011 0 30 1 5 3 6 1 1 0.539713 0
011 0 31 1 2 4 3 0 0 0.437951 0
011 0 32 1 2 2 8 1 1 0.478261 0
011 0 33 1 2 8 2 0 0 0.426367 0
011 0 34 1 5 2 6 1 1 0.548290 0
011 0 35 1 4 6 2 0 0 0.379646 0
011 0 36 1 2 3 8 1 1 0.399926 0
011 0 37 1 5 3 8 1 1 0.445914 0
011 0 38 1 5 2 8 1 1 0.450208 0
011 0 39 1 4 6 3 0 0 0.409342 0
011 0 40 1 2 3 7 1 1 0.468961 0
011 0 41 1 4 3 7 1 1 0.475985 0
011 0 42 1 4 7 6 1 1 0.559008 0
011 0 43 1 2 6 3 0 0 0.490985 0
011 0 44 1 5 4 6 1 1 0.534946 0
011 0 45 1 4 8 4 0 0 0.514304 0
011 0 46 1 4 8 2 0 0 0.510306 0
011 0 47 1 2 6 7 1 1 0.484164 0
011 0 48 1 4 8 7 1 1 0.407349 0
011 0 49 1 2 2 7 1 1 0.419543 0
011 0 50 1 4 8 7 1 1 0.398114 0
011 0 51 1 2 8 7 1 1 0.407017 0
011 0 52 1 2 4 3 0 0 0.435838 0
011 0 53 1 5 6 3 0 0 0.397365 0
011 0 54 1 2 4 2 0 0 0.480325 0
011 0 55 1 5 3 2 0 0 0.463213 0
011 0 56 1 2 2 4 0 0 0.756590 0
011 0 57 1 4 4 6 1 1 0.505739 0
011 0 58 1 2 7 4 0 0 0.422913 0
011 0 59 1 4 3 8 1 1 0.479867 0
011 1 00 1 2 7 6 1 1 0.474164 0
011 1 01 1 4 4 3 0 0 0.441767 0
011 1 02 1 5 7 3 0 0 0.569454 0
011 1 03 1 2 6 7 1 1 0.412680 0
011 1 04 1 2 6 8 1 1 0.421884 0
011 1 05 1 2 2 6 1 1 0.475786 0
011 1 06 1 2 3 8 1 1 0.552724 0
011 1 07 1 4 7 3 0 0 0.476315 0
011 1 08 1 5 2 6 1 1 0.480792 0
011 1 09 1 2 3 2 0 0 0.398208 0
011 1 10 1 4 4 6 1 1 0.441786 0
011 1 11 1 5 4 7 1 1 0.516388 0
011 1 12 1 5 7 6 1 1 0.436918 0
011 1 13 1 2 8 4 0 0 0.488642 0
011 1 14 1 4 2 4 0 0 0.406448 0
011 1 15 1 4 2 8 1 1 0.500081 0
011 1 16 1 5 6 4 0 0 0.557797 0
011 1 17 1 2 8 3 0 0 0.506162 0
011 1 18 1 5 3 6 1 1 0.415659 0
011 1 19 1 4 7 2 0 0 0.377402 0
011 1 20 1 4 8 4 1 0 0.364301 0
011 1 21 1 5 8 7 1 1 0.501268 0
011 1 22 1 5 3 7 1 1 0.450020 0
011 1 23 1 2 2 3 0 0 0.512999 0
011 1 24 1 5 4 6 1 1 0.545831 0
011 1 25 1 4 2 8 1 1 0.438909 0
011 1 26 1 2 8 4 0 0 0.504793 0
011 1 27 1 2 3 6 1 1 0.422756 0
011 1 28 1 4 3 4 0 0 0.508185 0
011 1 29 1 4 8 6 1 1 0.512824 0
011 1 30 1 5 3 6 1 1 0.428018 0
011 1 31 1 5 6 8 1 1 0.518977 0
011 1 32 1 5 7 8 1 1 0.394935 0
011 1 33 1 5 3 2 0 0 0.524810 0
011 1 34 1 4 8 2 0 0 0.454155 0
011 1 35 1 4 8 3 0 0 0.526174 0
011 1 36 1 4 7 8 1 1 0.534104 0
011 1 37 1 2 7 8 1 1 0.432158 0
011 1 38 1 5 6 4 0 0 0.503714 0
011 1 39 1 4 4 3 0 0 0.572491 0
011 1 40 1 5 3 7 1 1 0.477043 0
011 1 41 1 5 8 4 0 0 0.509715 0
011 1 42 1 5 8 3 0 0 0.463633 0
011 1 43 1 4 6 3 0 0 0.422940 0
011 1 44 1 2 3 8 1 1 0.443282 0
011 1 45 1 4 2 7 1 1 0.475441 0
011 1 46 1 2 8 4 0 0 0.555560 0
011 1 47 1 2 7 3 0 0 0.445502 0
011 1 48 1 2 8 6 1 1 1.094556 0
011 1 49 1 5 3 6 1 1 0.476236 0
011 1 50 1 5 7 4 0 0 0.472325 0
011 1 51 1 4 8 3 0 0 0.518740 0
011 1 52 1 5 7 2 0 0 0.518311 0
011 1 53 1 4 8 4 0 0 0.587119 0
011 1 54 1 2 6 7 1 1 0.404575 0
011 1 55 1 2 8 2 0 0 0.421967 0
011 1 56 1 4 2 6 1 1 0.512845 0
011 1 57 1 5 7 8 1 1 0.497610 0
011 1 58 1 5 8 4 0 0 0.434787 0
011 1 59 1 4 2 8 1 1 0.570719 0
011 2 00 1 5 4 7 1 1 0.458023 0
011 2 01 1 5 2 3 0 0 0.481614 0
011 2 02 1 4 3 2 0 0 0.416064 0
011 2 03 1 4 2 3 0 0 0.459139 0
011 2 04 1 2 7 4 0 0 0.463214 0
011 2 05 1 5 8 3 0 0 0.484428 0
011 2 06 1 5 7 4 0 0 0.539518 0
011 2 07 1 4 3 2 0 0 0.499954 0
011 2 08 1 4 3 6 1 1 0.501808 0
011 2 09 1 5 3 4 0 0 0.475452 0
011 2 10 1 4 6 3 0 0 0.437880 0
011 2 11 1 5 4 2 0 0 0.416878 0
011 2 12 1 5 4 8 1 1 0.415230 0
011 2 13 1 2 3 4 0 0 0.444035 0
011 2 14 1 5 3 8 1 1 0.582994 0
011 2 15 1 4 7 4 0 0 0.537699 0
011 2 16 1 5 2 8 1 1 0.514708 0
011 2 17 1 2 7 4 0 0 0.396067 0
011 2 18 1 5 6 8 1 1 0.430862 0
011 2 19 1 5 8 6 1 1 0.724201 0
011 2 20 1 4 7 6 1 1 0.484253 0
011 2 21 1 4 8 6 1 1 0.429548 0
011 2 22 1 5 2 7 1 1 0.874108 0
011 2 23 1 2 4 7 1 1 0.419094 0
011 2 24 1 2 6 2 0 0 0.408722 0
011 2 25 1 4 2 6 1 1 0.558525 0
011 2 26 1 2 3 2 0 0 0.664856 0
011 2 27 1 5 6 3 0 0 0.912291 0
011 2 28 1 4 6 3 0 0 0.415975 0
011 2 29 1 2 3 8 1 1 0.506437 0
011 2 30 1 4 6 8 1 1 0.435403 0
011 2 31 1 2 8 3 0 0 0.422597 0
011 2 32 1 2 3 8 1 1 0.532885 0
011 2 33 1 5 6 3 0 0 0.476357 0
011 2 34 1 4 4 2 0 0 0.531318 0
011 2 35 1 4 8 4 0 0 0.511111 0
011 2 36 1 5 6 3 0 0 0.592091 0
011 2 37 1 2 4 3 0 0 0.392960 0
011 2 38 1 5 2 7 1 1 0.565323 0
011 2 39 1 5 8 2 0 0 0.609866 0
011 2 40 1 4 7 3 0 0 0.693638 0
011 2 41 1 4 2 3 0 0 0.428086 0
011 2 42 1 2 6 4 0 0 0.617684 0
011 2 43 1 2 4 2 0 0 0.407404 0
011 2 44 1 2 8 2 0 0 0.377618 0
011 2 45 1 5 4 6 1 1 0.460537 0
011 2 46 1 4 4 3 0 0 0.372374 0
011 2 47 1 4 4 7 0 1 0.348488 0
011 2 48 1 5 7 3 0 0 0.477494 0
011 2 49 1 4 7 8 1 1 0.442939 0
011 2 50 1 2 4 6 0 1 0.710519 0
011 2 51 1 5 4 6 1 1 0.640931 0
011 2 52 1 4 6 3 0 0 0.436463 0
011 2 53 1 5 4 2 0 0 0.449033 0
011 2 54 1 5 7 2 0 0 0.444985 0
011 2 55 1 2 6 7 1 1 0.597741 0
011 2 56 1 5 2 4 0 0 0.401349 0
011 2 57 1 4 4 7 1 1 0.514626 0
011 2 58 1 4 4 6 1 1 0.494147 0
011 2 59 1 2 6 4 0 0 0.459392 0
011 3 00 1 5 6 2 0 0 0.488118 0
011 3 01 1 5 2 7 1 1 0.417329 0
011 3 02 1 2 3 4 0 0 0.401436 0
011 3 03 1 5 2 8 1 1 0.483726 0
011 3 04 1 2 6 2 0 0 0.448892 0
011 3 05 1 2 4 7 1 1 0.455750 0
011 3 06 1 4 7 4 0 0 0.496397 0
011 3 07 1 4 7 6 1 1 0.512581 0
011 3 08 1 4 4 2 0 0 0.354654 0
011 3 09 1 5 4 3 0 0 0.442279 0
011 3 10 1 5 3 7 1 1 0.525080 0
011 3 11 1 2 7 2 0 0 0.431571 0
011 3 12 1 4 6 7 1 1 0.455121 0
011 3 13 1 4 3 8 1 1 0.571525 0
011 3 14 1 4 7 8 1 1 0.433845 0
011 3 15 1 4 7 4 0 0 0.443716 0
011 3 16 1 5 7 8 1 1 0.476078 0
011 3 17 1 5 6 8 1 1 0.430432 0
011 3 18 1 5 7 6 1 1 0.586063 0
011 3 19 1 5 2 4 0 0 0.628239 0
011 3 20 1 4 6 7 1 1 0.415316 0
011 3 21 1 5 4 2 0 0 0.402624 0
011 3 22 1 5 8 7 0 1 0.442867 0
011 3 23 1 2 7 4 0 0 0.729592 0
011 3 24 1 2 3 6 1 1 0.486596 0
011 3 25 1 4 4 2 0 0 0.370521 0
011 3 26 1 2 6 7 1 1 0.432744 0
011 3 27 1 5 2 7 1 1 0.464845 0
011 3 28 1 2 7 2 0 0 0.516197 0
011 3 29 1 4 3 8 1 1 0.478999 0
011 3 30 1 4 2 6 1 1 0.691062 0
011 3 31 1 4 2 7 1 1 0.481629 0
011 3 32 1 2 4 3 0 0 0.407567 0
011 3 33 1 2 6 2 0 0 0.444861 0
011 3 34 1 5 2 8 1 1 0.410242 0
011 3 35 1 4 8 3 0 0 0.515276 0
011 3 36 1 4 2 4 0 0 0.531155 0
011 3 37 1 5 4 8 1 1 0.457883 0
011 3 38 1 4 8 7 1 1 0.409037 0
011 3 39 1 2 2 8 1 1 0.407332 0
011 3 40 1 5 2 3 0 0 0.535040 0
011 3 41 1 5 7 8 1 1 0.394365 0
011 3 42 1 4 4 8 1 1 0.426095 0
011 3 43 1 5 2 4 0 0 0.511914 0
011 3 44 1 5 3 2 0 0 0.463586 0
011 3 45 1 4 4 6 1 1 0.482124 0
011 3 46 1 4 6 2 0 0 0.422244 0
011 3 47 1 4 6 3 0 0 0.566585 0
011 3 48 1 4 3 4 1 0 0.434684 0
011 3 49 1 2 6 8 1 1 0.401301 0
011 3 50 1 2 8 7 1 1 0.463917 0
011 3 51 1 5 3 4 0 0 0.420812 0
011 3 52 1 5 4 3 0 0 0.478195 0
011 3 53 1 2 4 7 1 1 0.494126 0
011 3 54 1 2 4 8 1 1 0.473194 0
011 3 55 1 4 6 7 1 1 0.438516 0
011 3 56 1 4 7 2 0 0 0.484780 0
011 3 57 1 5 8 2 0 0 0.416460 0
011 3 58 1 5 8 4 0 0 0.521715 0
011 3 59 1 2 8 6 1 1 0.531932 0
011 4 00 1 5 8 6 1 1 0.422032 0
011 4 01 1 5 8 2 0 0 0.431678 0
011 4 02 1 4 2 6 1 1 0.508584 0
011 4 03 1 2 4 7 1 1 0.432158 0
011 4 04 1 4 3 8 1 1 0.585172 0
011 4 05 1 2 7 6 1 1 0.498524 0
011 4 06 1 5 7 6 1 1 0.435755 0
011 4 07 1 4 4 6 1 1 0.602419 0
011 4 08 1 4 3 2 0 0 0.375678 0
011 4 09 1 5 3 8 1 1 0.508461 0
011 4 10 1 2 7 8 1 1 0.400280 0
011 4 11 1 5 8 2 0 0 0.482731 0
011 4 12 1 4 4 7 1 1 0.501028 0
011 4 13 1 5 2 6 1 1 0.513921 0
011 4 14 1 2 8 6 1 1 0.392587 0
011 4 15 1 2 3 6 1 1 0.385128 0
011 4 16 1 5 6 3 0 0 0.489905 0
011 4 17 1 5 8 3 0 0 0.432856 0
011 4 18 1 2 3 6 1 1 0.686535 0
011 4 19 1 2 4 3 0 0 0.391825 0
011 4 20 1 5 7 3 0 0 0.490818 0
011 4 21 1 5 2 3 0 0 0.484281 0
011 4 22 1 2 3 7 1 1 0.516706 0
011 4 23 1 2 4 2 0 0 0.504351 0
011 4 24 1 4 7 3 0 0 0.536940 0
011 4 25 1 5 8 7 1 1 0.421635 0
011 4 26 1 4 8 2 0 0 0.467572 0
011 4 27 1 4 8 3 0 0 0.564622 0
011 4 28 1 4 2 7 1 1 0.463581 0
011 4 29 1 2 8 6 1 1 0.557516 0
011 4 30 1 2 4 6 1 1 0.599083 0
011 4 31 1 5 4 7 1 1 0.447682 0
011 4 32 1 2 7 2 0 0 0.516273 0
011 4 33 1 5 4 6 1 1 0.537938 0
011 4 34 1 2 8 7 1 1 0.391252 0
011 4 35 1 5 3 2 0 0 0.563517 0
011 4 36 1 4 2 4 0 0 0.532275 0
011 4 37 1 5 6 2 0 0 0.523285 0
011 4 38 1 2 8 4 0 0 0.528000 0
011 4 39 1 4 6 8 1 1 0.392650 0
011 4 40 1 5 8 4 0 0 0.511587 0
011 4 41 1 5 7 6 1 1 0.376488 0
011 4 42 1 4 3 8 1 1 0.453032 0
011 4 43 1 2 6 4 0 0 0.435154 0
011 4 44 1 2 7 4 0 0 0.613123 0
011 4 45 1 5 3 4 0 0 0.398174 0
011 4 46 1 2 2 4 0 0 0.418940 0
011 4 47 1 4 3 7 1 1 0.498973 0
011 4 48 1 5 4 3 0 0 0.410984 0
011 4 49 1 2 8 6 1 1 0.395111 0
011 4 50 1 5 7 4 0 0 0.449464 0
011 4 51 1 4 3 6 1 1 0.461988 0
011 4 52 1 5 4 7 1 1 0.626214 0
011 4 53 1 4 2 3 0 0 0.438598 0
011 4 54 1 5 6 2 0 0 0.490792 0
011 4 55 1 4 7 4 0 0 0.627576 0
011 4 56 1 2 6 4 0 0 0.415092 0
011 4 57 1 4 7 6 1 1 0.422067 0
011 4 58 1 5 8 3 0 0 0.477713 0
011 4 59 1 4 3 4 0 0 0.557732 0
011 5 00 1 5 6 4 0 0 0.468534 0
011 5 01 1 4 4 7 1 1 0.437012 0
011 5 02 1 2 7 3 0 0 0.376504 0
011 5 03 1 4 6 7 1 1 0.408238 0
011 5 04 1 5 6 4 0 0 0.373061 0
011 5 05 1 5 8 6 1 1 0.444317 0
011 5 06 1 4 2 3 0 0 0.488178 0
011 5 07 1 5 4 3 0 0 0.403372 0
011 5 08 1 4 7 4 0 0 0.396372 0
011 5 09 1 2 2 6 1 1 0.433669 0
011 5 10 1 4 3 6 1 1 0.378917 0
011 5 11 1 2 4 6 1 1 0.356780 0
011 5 12 1 4 7 6 1 1 0.379667 0
011 5 13 1 2 6 8 1 1 0.565277 0
011 5 14 1 2 7 2 0 0 0.332221 0
011 5 15 1 2 6 3 0 0 0.394304 0
011 5 16 1 5 6 8 1 1 0.558167 0
011 5 17 1 4 3 7 1 1 0.361427 0
011 5 18 1 4 4 2 0 0 0.429456 0
011 5 19 1 2 7 3 0 0 0.371696 0
011 5 20 1 2 4 8 1 1 0.437811 0
011 5 21 1 2 3 4 0 0 0.480896 0
011 5 22 1 2 8 3 0 0 0.532843 0
011 5 23 1 4 6 2 0 0 0.507102 0
011 5 24 1 2 2 7 1 1 0.466867 0
011 5 25 1 4 6 8 1 1 0.431769 0
011 5 26 1 2 4 2 0 0 0.430335 0
011 5 27 1 5 2 4 0 0 0.558003 0
011 5 28 1 4 2 6 1 1 0.521940 0
011 5 29 1 4 4 8 1 1 0.507130 0
011 5 30 1 5 4 7 1 1 0.467977 0
011 5 31 1 4 6 2 0 0 0.413495 0
011 5 32 1 5 8 6 1 1 0.347483 0
011 5 33 1 2 2 3 0 0 0.373257 0
011 5 34 1 4 8 4 1 0 0.349239 0
011 5 35 1 4 4 8 1 1 0.382971 0
011 5 36 1 2 2 7 1 1 0.414703 0
011 5 37 1 5 3 6 1 1 0.581536 0
011 5 38 1 2 6 3 0 0 0.477606 0
011 5 39 1 2 3 8 1 1 0.423253 0
011 5 40 1 5 6 7 1 1 0.393429 0
011 5 41 1 2 7 6 1 1 0.458840 0
011 5 42 1 4 4 7 0 1 0.401627 0
011 5 43 1 4 6 4 0 0 0.524984 0
011 5 44 1 2 6 2 0 0 0.498725 0
011 5 45 1 2 7 3 0 0 0.450022 0
011 5 46 1 4 6 7 1 1 0.428653 0
011 5 47 1 5 8 6 1 1 0.435393 0
011 5 48 1 4 6 4 0 0 0.523719 0
011 5 49 1 4 7 3 0 0 0.458429 0
011 5 50 1 4 2 7 1 1 0.518811 0
011 5 51 1 4 4 6 1 1 0.411501 0
011 5 52 1 4 2 7 1 1 0.591889 0
011 5 53 1 2 3 7 1 1 0.355870 0
011 5 54 1 2 6 2 0 0 0.457347 0
011 5 55 1 2 8 7 1 1 0.413864 0
011 5 56 1 5 2 3 0 0 0.533052 0
011 5 57 1 2 7 4 0 0 0.563007 0
011 5 58 1 5 6 8 1 1 0.557354 0
011 5 59 1 2 7 6 1 1 0.554017 0
011 6 00 1 2 4 8 1 1 0.402779 0
011 6 01 1 4 3 4 0 0 0.387283 0
011 6 02 1 2 3 4 0 0 0.491857 0
011 6 03 1 5 4 8 1 1 0.446344 0
011 6 04 1 5 3 4 0 0 0.478611 0
011 6 05 1 5 4 3 0 0 0.528197 0
011 6 06 1 2 2 3 0 0 0.409779 0
011 6 07 1 2 4 3 0 0 0.391434 0
011 6 08 1 5 7 3 0 0 0.429182 0
011 6 09 1 5 4 8 1 1 0.500954 0
011 6 10 1 4 7 8 1 1 0.385398 0
011 6 11 1 4 8 3 1 0 0.249239 0
011 6 12 1 5 6 4 0 0 0.529152 0
011 6 13 1 4 3 6 1 1 0.441741 0
011 6 14 1 4 8 6 1 1 0.423425 0
011 6 15 1 4 8 2 0 0 0.438917 0
011 6 16 1 2 2 8 1 1 0.443144 0
011 6 17 1 5 6 8 1 1 0.433446 0
011 6 18 1 2 3 7 1 1 0.667522 0
011 6 19 1 4 8 7 1 1 0.364975 0
011 6 20 1 2 7 6 1 1 0.500244 0
011 6 21 1 5 6 2 0 0 0.465922 0
011 6 22 1 2 2 8 1 1 0.456354 0
011 6 23 1 4 8 2 0 0 0.447043 0
011 6 24 1 5 2 6 1 1 0.409255 0
011 6 25 1 5 2 7 1 1 0.433083 0
011 6 26 1 4 6 2 0 0 0.412168 0
011 6 27 1 4 8 6 1 1 0.508831 0
011 6 28 1 4 6 4 0 0 0.541686 0
011 6 29 1 4 3 2 0 0 0.451334 0
011 6 30 1 4 2 4 0 0 0.540448 0
011 6 31 1 4 2 8 1 1 0.445274 0
011 6 32 1 2 4 6 1 1 0.581190 0
011 6 33 1 2 2 6 1 1 0.471579 0
011 6 34 1 2 3 2 0 0 0.454056 0
011 6 35 1 5 7 4 0 0 0.475556 0
011 6 36 1 5 6 7 1 1 0.446800 0
011 6 37 1 5 2 7 1 1 0.557777 0
011 6 38 1 5 7 4 0 0 0.453931 0
011 6 39 1 5 3 4 0 0 0.456065 0
011 6 40 1 5 8 3 0 0 0.615211 0
011 6 41 1 2 2 7 1 1 0.481332 0
011 6 42 1 4 2 7 1 1 0.746579 0
011 6 43 1 5 3 8 1 1 0.501391 0
011 6 44 1 5 4 6 1 1 0.509204 0
011 6 45 1 5 7 8 1 1 0.379840 0
011 6 46 1 5 7 2 0 0 0.471146 0
011 6 47 1 4 7 8 1 1 0.425477 0
011 6 48 1 2 8 2 0 0 0.488444 0
011 6 49 1 5 4 2 0 0 0.414686 0
011 6 50 1 5 3 7 1 1 0.480649 0
011 6 51 1 4 7 3 0 0 0.485269 0
011 6 52 1 5 8 2 0 0 0.436900 0
011 6 53 1 4 3 4 0 0 0.477871 0
011 6 54 1 2 6 8 1 1 0.432121 0
011 6 55 1 5 7 3 0 0 0.438856 0
011 6 56 1 5 8 4 0 0 0.454529 0
011 6 57 1 4 4 8 1 1 0.444806 0
011 6 58 1 5 6 7 1 1 0.415100 0
011 6 59 1 4 2 3 0 0 0.570318 0
011 7 00 1 5 3 8 1 1 0.436453 0
011 7 01 1 4 7 4 0 0 0.415282 0
011 7 02 1 5 2 8 1 1 0.458312 0
011 7 03 1 5 6 2 0 0 0.439804 0
011 7 04 1 4 6 8 1 1 0.390831 0
011 7 05 1 5 6 2 0 0 0.394677 0
011 7 06 1 2 7 2 0 0 0.412388 0
011 7 07 1 2 8 2 0 0 0.419165 0
011 7 08 1 5 2 4 0 0 0.602659 0
011 7 09 1 4 6 4 0 0 0.411912 0
011 7 10 1 5 8 2 0 0 0.609003 0
011 7 11 1 2 6 4 0 0 0.384630 0
011 7 12 1 2 2 4 0 0 0.388107 0
011 7 13 1 2 3 6 1 1 0.523624 0
011 7 14 1 4 6 7 1 1 0.430330 0
011 7 15 1 4 4 7 1 1 0.412006 0
011 7 16 1 5 3 6 1 1 0.463801 0
011 7 17 1 4 7 8 1 1 0.344858 0
011 7 18 1 2 3 2 0 0 0.438112 0
011 7 19 1 5 2 8 1 1 0.383449 0
011 7 20 1 4 8 6 1 1 0.563648 0
011 7 21 1 4 3 6 1 1 0.577434 0
011 7 22 1 2 7 3 0 0 0.537709 0
011 7 23 1 4 3 8 1 1 0.455664 0
011 7 24 1 4 4 2 0 0 0.381178 0
011 7 25 1 4 8 2 0 0 0.434563 0
011 7 26 1 5 2 6 1 1 0.377047 0
011 7 27 1 5 4 3 0 0 0.394717 0
011 7 28 1 2 6 3 0 0 0.417886 0
011 7 29 1 5 3 7 1 1 0.492089 0
011 7 30 1 4 8 7 1 1 0.404098 0
011 7 31 1 5 6 4 0 0 0.458549 0
011 7 32 1 5 3 7 0 1 0.361923 0
011 7 33 1 5 2 6 1 1 0.427002 0
011 7 34 1 4 4 3 0 0 0.405859 0
011 7 35 1 5 6 7 1 1 0.415324 0
011 7 36 1 2 2 7 1 1 0.405188 0
011 7 37 1 5 4 2 0 0 0.456904 0
011 7 38 1 2 4 7 1 1 0.598686 0
011 7 39 1 5 7 8 1 1 0.408113 0
011 7 40 1 4 8 4 0 0 0.445882 0
011 7 41 1 2 2 3 0 0 0.545659 0
011 7 42 1 2 4 6 1 1 0.413939 0
011 7 43 1 4 4 8 1 1 0.426288 0
011 7 44 1 2 4 2 0 0 0.424784 0
011 7 45 1 4 2 3 0 0 0.544037 0
011 7 46 1 5 8 7 1 1 0.378056 0
011 7 47 1 4 7 2 0 0 0.471112 0
011 7 48 1 2 7 8 1 1 0.405268 0
011 7 49 1 2 7 8 1 1 0.397707 0
011 7 50 1 4 4 2 0 0 0.381895 0
011 7 51 1 2 8 2 0 0 0.464069 0
011 7 52 1 4 4 3 0 0 0.580860 0
011 7 53 1 2 8 3 0 0 0.561284 0
011 7 54 1 2 3 4 0 0 0.642251 0
011 7 55 1 2 8 4 0 0 0.474693 0
011 7 56 1 5 4 7 1 1 0.513123 0
011 7 57 1 5 7 2 0 0 0.453325 0
011 7 58 1 2 7 8 1 1 0.446195 0
011 7 59 1 2 6 4 0 0 0.469891 0
011 8 00 1 5 8 7 1 1 0.420816 0
011 8 01 1 2 6 3 0 0 0.377073 0
011 8 02 1 5 7 2 0 0 0.428319 0
011 8 03 1 2 3 7 1 1 0.379160 0
011 8 04 1 4 6 4 0 0 0.410842 0
011 8 05 1 4 3 7 1 1 0.484934 0
011 8 06 1 5 8 7 1 1 0.407603 0
011 8 07 1 5 6 3 0 0 0.371928 0
011 8 08 1 2 3 2 0 0 0.434535 0
011 8 09 1 5 7 3 0 0 0.483736 0
011 8 10 1 4 7 3 0 0 0.499567 0
011 8 11 1 5 6 7 1 1 0.375324 0
011 8 12 1 4 2 6 0 1 0.317108 0
011 8 13 1 2 6 3 0 0 0.484735 0
011 8 14 1 2 2 4 0 0 0.536385 0
011 8 15 1 5 3 4 0 0 0.398811 0
011 8 16 1 4 6 2 0 0 0.702708 0
011 8 17 1 5 3 2 0 0 0.423243 0
011 8 18 1 4 3 2 0 0 0.357446 0
011 8 19 1 4 6 8 1 1 0.490104 0
011 8 20 1 5 7 6 1 1 0.449528 0
011 8 21 1 2 2 6 1 1 0.461498 0
011 8 22 1 2 4 7 1 1 0.403820 0
011 8 23 1 5 8 4 0 0 0.480797 0
011 8 24 1 5 8 6 1 1 0.550018 0
011 8 25 1 4 2 8 1 1 0.488005 0
011 8 26 1 5 2 4 0 0 0.427806 0
011 8 27 1 2 2 6 1 1 0.479554 0
011 8 28 1 4 7 2 0 0 0.478532 0
011 8 29 1 2 2 3 0 0 0.407294 0
011 8 30 1 4 6 8 1 1 0.472891 0
011 8 31 1 2 3 2 0 0 0.401253 0
011 8 32 1 2 4 8 1 1 0.414077 0
011 8 33 1 2 8 7 1 1 0.404004 0
011 8 34 1 4 2 4 0 0 0.582044 0
011 8 35 1 4 3 7 1 1 0.534329 0
011 8 36 1 4 7 2 0 0 0.451834 0
011 8 37 1 4 3 2 0 0 0.461474 0
011 8 38 1 4 2 4 0 0 0.558354 0
011 8 39 1 2 4 2 0 0 0.422974 0
011 8 40 1 2 6 8 1 1 0.735259 0
011 8 41 1 4 8 6 1 1 0.968857 0
011 8 42 1 2 3 6 1 1 0.422049 0
011 8 43 1 2 6 7 1 1 0.386406 0
011 8 44 1 4 7 6 1 1 0.440402 0
011 8 45 1 2 6 8 1 1 0.528605 0
011 8 46 1 5 7 6 1 1 0.387530 0
011 8 47 1 4 4 3 0 0 0.525410 0
011 8 48 1 2 7 6 1 1 0.393066 0
011 8 49 1 5 2 3 0 0 0.545337 0
011 8 50 1 5 4 2 0 0 0.589746 0
011 8 51 1 2 2 4 0 0 0.578388 0
011 8 52 1 2 7 8 1 1 0.499612 0
011 8 53 1 2 7 2 0 0 0.526550 0
011 8 54 1 2 4 6 1 1 0.435920 0
011 8 55 1 4 3 6 1 1 0.515764 0
011 8 56 1 4 2 8 1 1 0.492398 0
011 8 57 1 4 8 7 1 1 0.589852 0
011 8 58 1 2 4 8 1 1 0.451684 0
011 8 59 1 2 2 8 1 1 0.422025 0
011 9 00 0 12 6 8 1 1 0.413633 0
011 9 01 0 2 2 3 0 0 0.393923 0
011 9 02 0 5 2 8 1 0 0.383013 0
011 9 03 0 5 4 7 0 0 0.234112 0
011 9 04 0 2 6 4 0 1 0.529858 0
011 9 05 0 4 3 8 1 0 0.166466 0
011 9 06 0 12 7 3 1 1 0.680413 0
011 9 07 0 12 7 8 1 1 0.358614 0
011 9 08 0 12 6 4 0 1 0.280032 0
011 9 09 0 12 7 3 1 1 0.700305 0
011 9 10 0 5 8 3 1 1 0.739285 0
011 9 11 0 12 7 4 1 1 0.366960 0
011 9 12 0 4 7 3 1 1 0.601933 0
011 9 13 0 2 7 3 1 1 0.606412 0
011 9 14 0 5 7 6 1 1 0.672574 0
011 9 15 0 4 3 7 0 0 0.795294 0
011 9 16 0 5 4 2 1 0 0.751388 0
011 9 17 0 2 8 7 0 1 0.650503 0
011 9 18 0 12 2 8 0 0 0.888898 0
011 9 19 0 2 8 4 1 1 0.777754 0
011 9 20 0 12 3 7 0 0 0.576740 0
011 9 21 0 12 4 3 1 0 0.514573 0
011 9 22 0 2 2 4 1 0 1.294839 0
011 9 23 0 12 8 3 1 1 0.774090 0
011 9 24 0 12 6 2 1 1 0.564434 0
011 9 25 0 12 8 7 1 1 0.560580 0
011 9 26 0 2 3 7 0 0 0.732489 0
011 9 27 0 12 4 7 0 0 0.537534 0
011 9 28 0 5 8 6 1 1 0.575277 0
011 9 29 0 4 2 8 0 0 0.629847 0
011 9 30 0 12 4 7 0 0 0.682882 0
011 9 31 0 2 3 7 0 0 0.920821 0
011 9 32 0 12 4 2 1 0 0.407622 0
011 9 33 0 4 8 7 0 1 1.088861 0
011 9 34 0 4 6 2 1 1 1.078873 0
011 9 35 0 12 6 2 1 1 0.532770 0
011 9 36 0 12 7 3 1 1 0.497702 0
011 9 37 0 5 8 6 0 1 0.304664 0
011 9 38 0 5 8 2 1 1 0.760491 0
011 9 39 0 12 6 4 1 1 0.578451 0
011 9 40 0 12 2 6 0 0 0.827362 0
011 9 41 0 12 4 8 0 0 0.767252 0
011 9 42 0 5 3 6 1 0 1.373966 0
011 9 43 0 12 4 3 0 0 0.763209 0
011 9 44 0 2 6 8 1 1 0.514139 0
011 9 45 0 12 7 4 1 1 1.269728 0
011 9 46 0 2 3 4 1 0 1.156515 0
011 9 47 0 12 7 3 0 1 0.593779 0
011 9 48 0 4 2 7 0 0 0.839529 0
011 9 49 0 12 8 6 1 1 0.586151 0
011 9 50 0 4 8 3 0 1 0.659918 0
011 9 51 0 12 7 8 1 1 0.744424 0
011 9 52 0 12 8 7 1 1 0.534922 0
011 9 53 0 2 7 2 0 1 0.639483 0
011 9 54 0 4 4 2 1 0 0.809769 0
011 9 55 0 4 7 2 1 1 0.650403 0
011 9 56 0 5 6 4 1 1 0.543250 0
011 9 57 0 12 4 8 0 0 0.721097 0
011 9 58 0 4 7 4 1 1 0.763390 0
011 9 59 0 12 2 3 0 0 0.707771 0
011 10 00 0 4 7 6 1 1 0.474942 0
011 10 01 0 4 4 8 0 0 0.590739 0
011 10 02 0 4 3 4 1 0 0.623478 0
011 10 03 0 5 7 2 1 1 0.827300 0
011 10 04 0 12 8 2 0 1 0.206305 0
011 10 05 0 4 6 8 1 1 0.457064 0
011 10 06 0 2 2 8 1 0 0.547221 0
011 10 07 0 12 6 8 1 1 0.372015 0
011 10 08 0 12 7 2 0 1 0.321756 0
011 10 09 0 12 8 3 1 1 0.818503 0
011 10 10 0 2 3 2 1 0 0.706897 0
011 10 11 0 2 2 8 0 0 0.723555 0
011 10 12 0 5 6 3 0 1 0.625820 0
011 10 13 0 4 4 3 0 0 0.622513 0
011 10 14 0 4 7 6 1 1 0.341413 0
011 10 15 0 2 7 4 0 1 0.697073 0
011 10 16 0 4 4 6 1 0 0.641006 0
011 10 17 0 12 7 4 1 1 0.741775 0
011 10 18 0 4 6 2 1 1 0.604615 0
011 10 19 0 4 7 4 1 1 0.605955 0
011 10 20 0 12 4 6 0 0 0.370079 0
011 10 21 0 4 6 8 1 1 0.706759 0
011 10 22 0 12 6 3 1 1 0.961659 0
011 10 23 0 2 8 7 0 1 0.697439 0
011 10 24 0 2 8 2 1 1 0.526154 0
011 10 25 0 12 3 6 0 0 0.511088 0
011 10 26 0 2 7 3 1 1 0.680391 0
011 10 27 0 12 2 6 0 0 0.694861 0
011 10 28 0 12 8 2 1 1 0.613847 0
011 10 29 0 12 2 8 0 0 0.568668 0
011 10 30 0 12 2 6 0 0 0.526206 0
011 10 31 0 5 2 4 0 0 0.662280 0
011 10 32 0 12 7 3 1 1 0.435553 0
011 10 33 0 12 2 6 0 0 0.697143 0
011 10 34 0 4 3 4 1 0 0.725311 0
011 10 35 0 5 6 2 0 1 0.576589 0
011 10 36 0 5 3 4 1 0 0.525255 0
011 10 37 0 2 6 7 1 1 0.955577 0
011 10 38 0 12 3 2 0 0 0.604769 0
011 10 39 0 4 4 7 1 0 1.268842 0
011 10 40 0 12 8 6 1 1 0.517631 0
011 10 41 0 12 4 2 0 0 0.424199 0
011 10 42 0 12 3 7 1 0 0.448001 0
011 10 43 0 12 3 8 0 0 0.782457 0
011 10 44 0 4 6 2 1 1 0.589755 0
011 10 45 0 12 2 7 0 0 0.625438 0
011 10 46 0 12 3 4 1 0 0.650867 0
011 10 47 0 12 6 7 0 1 1.239872 0
011 10 48 0 12 2 4 0 0 0.504740 0
011 10 49 0 4 8 6 1 1 0.575855 0
011 10 50 0 12 6 7 1 1 0.659195 0
011 10 51 0 12 6 2 1 1 0.555165 0
011 10 52 0 2 7 3 0 1 0.491771 0
011 10 53 0 2 8 6 0 1 1.061925 0
011 10 54 0 2 6 3 1 1 1.328721 0
011 10 55 0 5 6 2 0 1 1.289688 0
011 10 56 0 5 7 6 1 1 0.610797 0
011 10 57 0 12 8 4 1 1 0.402867 0
011 10 58 0 5 4 8 1 0 0.436573 0
011 10 59 0 4 7 8 0 1 0.400212 0
011 11 00 0 2 7 6 0 1 0.883609 0
011 11 01 0 2 2 7 1 0 0.626765 0
011 11 02 0 2 8 7 0 1 0.518889 0
011 11 03 0 4 2 8 0 0 0.438734 0
011 11 04 0 12 4 8 0 0 0.571490 0
011 11 05 0 5 4 8 0 0 0.486343 0
011 11 06 0 4 6 4 1 1 0.815281 0
011 11 07 0 2 6 2 1 1 0.731574 0
011 11 08 0 12 6 3 1 1 0.437758 0
011 11 09 0 12 4 6 0 0 0.371138 0
011 11 10 0 12 3 2 0 0 0.519965 0
011 11 11 0 12 3 7 0 0 0.499359 0
011 11 12 0 5 4 8 1 0 0.438489 0
011 11 13 0 2 8 2 0 1 0.856381 0
011 11 14 0 5 7 2 0 1 0.863304 0
011 11 15 0 12 7 8 1 1 0.359930 0
011 11 16 0 12 8 3 1 1 0.539519 0
011 11 17 0 5 8 7 0 1 0.756654 0
011 11 18 0 4 4 2 0 0 0.599980 0
011 11 19 0 5 2 3 1 0 0.593370 0
011 11 20 0 2 3 2 1 0 0.656248 0
011 11 21 0 2 7 4 0 1 0.643985 0
011 11 22 0 12 2 7 1 0 1.118180 0
011 11 23 0 5 6 3 1 1 0.617180 0
011 11 24 0 4 8 6 0 1 0.655560 0
011 11 25 0 4 2 3 0 0 0.744554 0
011 11 26 0 12 2 3 1 0 0.871263 0
011 11 27 0 2 8 6 0 1 0.757326 0
011 11 28 0 2 7 8 0 1 0.754979 0
011 11 29 0 12 7 8 1 1 0.382783 0
011 11 30 0 4 2 8 0 0 0.618069 0
011 11 31 0 12 6 7 1 1 0.443733 0
011 11 32 0 4 3 4 0 0 0.581338 0
011 11 33 0 4 6 8 1 1 0.524307 0
011 11 34 0 5 3 7 0 0 0.553250 0
011 11 35 0 5 8 6 1 1 0.626986 0
011 11 36 0 2 7 6 1 1 0.757581 0
011 11 37 0 2 8 4 0 1 0.274685 0
011 11 38 0 12 4 6 1 0 0.577028 0
011 11 39 0 4 4 7 0 0 0.410136 0
011 11 40 0 12 6 4 1 1 0.461323 0
011 11 41 0 5 8 2 1 1 0.731476 0
011 11 42 0 12 2 8 0 0 0.762900 0
011 11 43 0 5 4 7 0 0 0.651216 0
011 11 44 0 12 8 7 1 1 0.382048 0
011 11 45 0 2 8 6 1 1 0.564507 0
011 11 46 0 2 3 8 1 0 0.666719 0
011 11 47 0 5 2 6 0 0 0.848657 0
011 11 48 0 4 3 8 0 0 0.513012 0
011 11 49 0 4 2 7 0 0 0.668232 0
011 11 50 0 12 3 6 0 0 0.642790 0
011 11 51 0 2 4 7 1 0 0.636331 0
011 11 52 0 2 3 8 1 0 0.626896 0
011 11 53 0 4 8 7 0 1 0.567222 0
011 11 54 0 2 3 4 0 0 0.546074 0
011 11 55 0 2 8 3 1 1 0.350763 0
011 11 56 0 4 2 6 1 0 0.551991 0
011 11 57 0 5 2 8 0 0 0.398448 0
011 11 58 0 5 8 7 1 1 0.867084 0
011 11 59 0 2 3 8 0 0 0.514830 0
011 12 00 0 4 4 8 1 0 1.196063 0
011 12 01 0 2 6 3 0 1 0.406243 0
011 12 02 0 12 4 2 0 0 0.592257 0
011 12 03 0 5 7 8 1 1 0.409038 0
011 12 04 0 2 4 3 0 0 0.369649 0
011 12 05 0 12 7 2 1 1 0.661758 0
011 12 06 0 5 4 2 0 0 0.728511 0
011 12 07 0 4 7 3 0 1 0.714858 0
011 12 08 0 12 7 6 1 1 0.174355 0
011 12 09 0 5 6 4 1 1 0.806549 0
011 12 10 0 12 8 3 0 1 0.415073 0
011 12 11 0 12 7 8 1 1 0.331861 0
011 12 12 0 12 6 8 1 1 0.398903 0
011 12 13 0 12 8 3 1 1 0.839527 0
011 12 14 0 12 4 3 0 0 0.487795 0
011 12 15 0 12 2 6 0 0 0.407939 0
011 12 16 0 5 2 3 0 0 0.708358 0
011 12 17 0 2 4 7 1 0 0.537443 0
011 12 18 0 4 4 6 0 0 1.020939 0
011 12 19 0 4 6 7 1 1 0.614316 0
011 12 20 0 2 3 6 1 0 0.899076 0
011 12 21 0 5 3 8 0 0 0.541586 0
011 12 22 0 2 3 6 1 0 0.716684 0
011 12 23 0 5 8 4 1 1 0.811647 0
011 12 24 0 12 4 3 0 0 0.851794 0
011 12 25 0 12 8 4 0 1 0.469902 0
011 12 26 0 4 8 4 1 1 0.506918 0
011 12 27 0 12 6 4 1 1 0.679368 0
011 12 28 0 2 2 7 0 0 0.782150 0
011 12 29 0 2 3 2 1 0 0.816540 0
011 12 30 0 4 2 4 0 0 0.696514 0
011 12 31 0 5 6 3 1 1 0.895145 0
011 12 32 0 4 2 4 0 0 0.714883 0
011 12 33 0 12 2 4 0 0 0.639730 0
011 12 34 0 12 8 3 1 1 0.519001 0
011 12 35 0 12 6 8 1 1 0.570953 0
011 12 36 0 5 2 7 0 0 0.560985 0
011 12 37 0 2 6 4 1 1 0.671138 0
011 12 38 0 12 6 3 1 1 0.385088 0
011 12 39 0 2 3 6 0 0 0.592182 0
011 12 40 0 5 3 6 0 0 0.510366 0
011 12 41 0 4 2 3 0 0 0.441319 0
011 12 42 0 2 3 6 1 0 0.489225 0
011 12 43 0 12 7 2 1 1 1.188459 0
011 12 44 0 12 6 3 1 1 0.691102 0
011 12 45 0 12 2 7 0 0 0.708090 0
011 12 46 0 2 4 3 1 0 0.755276 0
011 12 47 0 4 3 6 1 0 0.946616 0
011 12 48 0 5 3 7 0 0 0.718775 0
011 12 49 0 12 6 2 1 1 0.828957 0
011 12 50 0 5 3 8 0 0 0.635973 0
011 12 51 0 12 7 4 1 1 0.596802 0
011 12 52 0 2 4 6 0 0 0.727125 0
011 12 53 0 12 2 3 0 0 1.535955 0
011 12 54 0 2 4 2 0 0 0.710224 0
011 12 55 0 12 3 6 1 0 0.495421 0
011 12 56 0 4 2 4 0 0 0.569126 0
011 12 57 0 2 7 6 0 1 0.772656 0
011 12 58 0 5 4 3 1 0 0.624931 0
011 12 59 0 5 7 3 1 1 0.668674 0
