004 0 00 1 3 2 7 1 1 1.633179 0
004 0 01 1 3 2 7 1 1 1.182127 0
004 0 02 1 3 8 3 0 0 0.825190 0
004 0 03 1 5 7 3 0 0 0.783472 0
004 0 04 1 3 2 6 1 1 1.063935 0
004 0 05 1 5 6 4 0 0 1.052319 0
004 0 06 1 3 7 4 0 0 0.821287 0
004 0 07 1 5 3 4 0 0 1.326848 0
004 0 08 1 5 3 6 1 1 1.081397 0
004 0 09 1 5 4 3 0 0 0.938498 0
004 0 10 1 5 2 7 1 1 0.796099 0
004 0 11 1 3 4 3 0 0 0.697899 0
004 0 12 1 1 2 4 0 0 1.140735 0
004 0 13 1 3 4 2 0 0 1.062329 0
004 0 14 1 5 3 2 0 0 0.719280 0
004 0 15 1 1 7 6 1 1 2.127353 0
004 0 16 1 5 4 6 1 1 1.176342 0
004 0 17 1 5 3 2 0 0 0.590728 0
004 0 18 1 1 6 2 0 0 0.551203 0
004 0 19 1 1 7 8 1 1 0.749323 0
004 0 20 1 5 4 7 1 1 0.684373 0
004 0 21 1 5 2 4 0 0 0.612574 0
004 0 22 1 1 2 3 0 0 1.287753 0
004 0 23 1 1 6 2 0 0 0.539879 0
004 0 24 1 1 7 6 1 1 0.466017 0
004 0 25 1 1 2 3 0 0 0.557088 0
004 0 26 1 5 7 3 0 0 0.733003 0
004 0 27 1 1 3 8 1 1 0.630828 0
004 0 28 1 3 4 7 1 1 0.666213 0
004 0 29 1 3 2 4 0 0 0.812766 0
004 0 30 1 3 2 3 0 0 0.675008 0
004 0 31 1 3 3 4 0 0 1.234620 0
004 0 32 1 1 4 3 0 0 0.613040 0
004 0 33 1 5 6 7 1 1 0.711278 0
004 0 34 1 1 7 8 1 1 2.623418 0
004 0 35 1 1 7 2 0 0 0.688800 0
004 0 36 1 3 4 3 0 0 0.663422 0
004 0 37 1 3 7 4 0 0 0.888446 0
004 0 38 1 3 3 6 1 1 0.613736 0
004 0 39 1 5 2 8 1 1 0.845065 0
004 0 40 1 1 8 6 1 1 0.629211 0
004 0 41 1 1 4 7 1 1 0.637615 0
004 0 42 1 1 3 8 1 1 0.757994 0
004 0 43 1 1 4 2 0 0 0.851746 0
004 0 44 1 3 3 2 0 0 0.847299 0
004 0 45 1 1 7 8 1 1 0.786156 0
004 0 46 1 5 2 6 1 1 0.731368 0
004 0 47 1 1 8 4 0 0 0.895832 0
004 0 48 1 5 3 7 1 1 0.682889 0
004 0 49 1 1 8 4 0 0 0.753185 0
004 0 50 1 1 2 4 0 0 0.593122 0
004 0 51 1 5 3 6 1 1 0.773554 0
004 0 52 1 3 3 7 1 1 0.596802 0
004 0 53 1 3 8 7 1 1 0.477640 0
004 0 54 1 5 2 3 0 0 0.535160 0
004 0 55 1 1 2 3 0 0 0.551226 0
004 0 56 1 1 3 2 0 0 0.572303 0
004 0 57 1 3 7 2 0 0 0.592941 0
004 0 58 1 1 4 6 1 1 0.959010 0
004 0 59 1 3 4 2 0 0 0.481325 0
004 1 00 1 1 6 2 0 0 0.702809 0
004 1 01 1 5 7 2 0 0 0.538001 0
004 1 02 1 5 8 6 1 1 0.479972 0
004 1 03 1 5 8 7 1 1 0.469198 0
004 1 04 1 5 4 3 0 0 0.548856 0
004 1 05 1 3 8 6 1 1 0.659818 0
004 1 06 1 1 6 3 0 0 0.480473 0
004 1 07 1 5 3 2 0 0 0.589671 0
004 1 08 1 5 4 7 1 1 0.985082 0
004 1 09 1 5 6 3 0 0 0.757025 0
004 1 10 1 3 6 4 0 0 1.285628 0
004 1 11 1 1 6 3 0 0 0.595060 0
004 1 12 1 3 7 6 1 1 0.438010 0
004 1 13 1 5 8 6 1 1 0.441850 0
004 1 14 1 3 6 3 0 0 0.503211 0
004 1 15 1 3 8 7 1 1 0.584743 0
004 1 16 1 5 4 2 0 0 0.474193 0
004 1 17 1 1 2 6 1 1 0.475771 0
004 1 18 1 3 2 8 1 1 0.661680 0
004 1 19 1 1 8 2 0 0 0.596605 0
004 1 20 1 3 7 6 1 1 0.483599 0
004 1 21 1 5 6 7 1 1 0.505612 0
004 1 22 1 1 2 8 1 1 0.628504 0
004 1 23 1 3 6 2 0 0 0.576603 0
004 1 24 1 1 6 2 0 0 0.738956 0
004 1 25 1 1 2 6 1 1 0.492531 0
004 1 26 1 5 8 4 0 0 0.737218 0
004 1 27 1 1 8 7 1 1 0.501388 0
004 1 28 1 1 7 2 0 0 0.526467 0
004 1 29 1 3 8 4 0 0 1.121784 0
004 1 30 1 3 7 3 0 0 0.578038 0
004 1 31 1 5 4 8 1 1 1.117558 0
004 1 32 1 3 6 4 0 0 0.672136 0
004 1 33 1 3 7 4 0 0 0.472378 0
004 1 34 1 1 3 2 0 0 0.505981 0
004 1 35 1 3 3 6 1 1 0.522467 0
004 1 36 1 1 4 7 1 1 0.552471 0
004 1 37 1 5 8 3 0 0 0.540075 0
004 1 38 1 3 6 4 0 0 1.556877 0
004 1 39 1 3 3 8 1 1 0.402769 0
004 1 40 1 5 7 4 0 0 0.779883 0
004 1 41 1 1 2 7 1 1 1.302326 0
004 1 42 1 5 2 4 0 0 1.355877 0
004 1 43 1 1 7 4 0 0 0.558165 0
004 1 44 1 3 3 4 0 0 1.168922 0
004 1 45 1 3 3 7 1 1 0.748993 0
004 1 46 1 1 3 4 0 0 0.537785 0
004 1 47 1 3 3 8 1 1 0.433265 0
004 1 48 1 1 7 3 0 0 0.386162 0
004 1 49 1 1 7 4 0 0 0.448885 0
004 1 50 1 3 6 7 1 1 0.411795 0
004 1 51 1 1 2 8 1 1 0.571649 0
004 1 52 1 5 4 7 1 1 0.469004 0
004 1 53 1 3 7 8 1 1 0.409756 0
004 1 54 1 3 3 6 0 1 0.506479 0
004 1 55 1 3 8 7 1 1 1.076492 0
004 1 56 1 5 3 7 1 1 0.465772 0
004 1 57 1 3 8 6 1 1 0.659734 0
004 1 58 1 3 8 3 0 0 1.143338 0
004 1 59 1 3 7 4 0 0 1.466995 0
004 2 00 1 1 3 7 1 1 0.774519 0
004 2 01 1 5 7 4 0 0 1.631102 0
004 2 02 1 3 4 8 1 1 0.701580 0
004 2 03 1 5 3 6 1 1 0.912163 0
004 2 04 1 1 8 7 1 1 0.699745 0
004 2 05 1 1 3 2 0 0 0.644386 0
004 2 06 1 5 8 2 0 0 0.722562 0
004 2 07 1 1 3 4 0 0 1.507421 0
004 2 08 1 1 4 3 0 0 0.569757 0
004 2 09 1 1 4 8 1 1 0.775735 0
004 2 10 1 5 4 8 1 1 1.079523 0
004 2 11 1 3 8 4 0 0 0.487784 0
004 2 12 1 3 8 3 0 0 0.601918 0
004 2 13 1 5 7 2 0 0 0.724591 0
004 2 14 1 3 6 2 0 0 0.442116 0
004 2 15 1 5 4 6 1 1 0.622293 0
004 2 16 1 1 6 8 1 1 0.671860 0
004 2 17 1 5 7 2 0 0 0.583820 0
004 2 18 1 1 7 8 1 1 0.690911 0
004 2 19 1 1 2 8 1 1 0.679309 0
004 2 20 1 1 8 7 1 1 0.556157 0
004 2 21 1 3 8 4 0 0 0.574151 0
004 2 22 1 1 3 7 1 1 0.742093 0
004 2 23 1 3 2 7 1 1 0.666622 0
004 2 24 1 3 2 6 1 1 0.589854 0
004 2 25 1 3 8 2 0 0 0.642841 0
004 2 26 1 5 6 3 0 0 0.724237 0
004 2 27 1 3 4 7 1 1 0.907336 0
004 2 28 1 1 8 3 0 0 0.681984 0
004 2 29 1 5 2 7 1 1 0.648024 0
004 2 30 1 5 4 7 1 1 0.655522 0
004 2 31 1 3 8 2 0 0 0.554834 0
004 2 32 1 5 3 8 1 1 0.667986 0
004 2 33 1 5 8 7 1 1 0.626037 0
004 2 34 1 3 7 6 1 1 0.955387 0
004 2 35 1 5 6 3 0 0 0.812608 0
004 2 36 1 1 4 8 1 1 1.394007 0
004 2 37 1 1 6 2 0 0 0.728046 0
004 2 38 1 3 3 6 1 1 1.044413 0
004 2 39 1 3 3 7 1 1 0.761265 0
004 2 40 1 3 4 7 1 1 0.905798 0
004 2 41 1 5 4 2 0 0 0.554214 0
004 2 42 1 3 6 7 1 1 0.694828 0
004 2 43 1 3 4 7 1 1 0.625492 0
004 2 44 1 3 8 4 0 0 0.753404 0
004 2 45 1 5 4 8 1 1 0.510752 0
004 2 46 1 5 6 4 0 0 0.953783 0
004 2 47 1 5 7 6 1 1 1.578009 0
004 2 48 1 5 2 8 1 1 0.583781 0
004 2 49 1 1 3 8 1 1 0.669573 0
004 2 50 1 1 3 7 1 1 0.538231 0
004 2 51 1 5 7 8 1 1 0.989208 0
004 2 52 1 1 8 2 0 0 0.639524 0
004 2 53 1 5 4 2 0 0 0.693576 0
004 2 54 1 1 3 8 1 1 0.614011 0
004 2 55 1 1 4 6 1 1 0.549970 0
004 2 56 1 5 2 3 0 0 0.981557 0
004 2 57 1 5 3 2 0 0 0.992822 0
004 2 58 1 1 2 4 0 0 1.056886 0
004 2 59 1 3 2 7 1 1 0.604942 0
004 3 00 1 1 4 8 1 1 0.668371 0
004 3 01 1 3 4 3 0 0 0.665449 0
004 3 02 1 5 8 4 0 0 0.953068 0
004 3 03 1 3 8 6 1 1 0.650168 0
004 3 04 1 3 7 2 0 0 0.835161 0
004 3 05 1 3 2 6 1 1 0.700496 0
004 3 06 1 5 6 2 0 0 0.541217 0
004 3 07 1 1 8 3 0 0 0.691136 0
004 3 08 1 3 6 2 0 0 0.546066 0
004 3 09 1 1 3 7 1 1 0.706695 0
004 3 10 1 3 7 8 1 1 0.890739 0
004 3 11 1 3 4 6 1 1 0.641367 0
004 3 12 1 5 4 6 1 1 0.605972 0
004 3 13 1 1 6 8 1 1 0.626640 0
004 3 14 1 1 6 7 1 1 0.589676 0
004 3 15 1 3 3 7 1 1 0.501200 0
004 3 16 1 1 3 8 1 1 0.570041 0
004 3 17 1 1 6 4 0 0 0.721782 0
004 3 18 1 5 3 7 1 1 0.670959 0
004 3 19 1 3 6 7 1 1 0.491008 0
004 3 20 1 3 4 6 1 1 0.513361 0
004 3 21 1 5 3 8 1 1 0.600162 0
004 3 22 1 5 7 3 0 0 0.579246 0
004 3 23 1 3 7 3 0 0 0.664961 0
004 3 24 1 5 6 7 1 1 0.626291 0
004 3 25 1 5 6 7 1 1 0.574617 0
004 3 26 1 3 6 8 1 1 0.619781 0
004 3 27 1 3 8 4 0 0 0.661318 0
004 3 28 1 1 3 4 0 0 0.886808 0
004 3 29 1 5 8 7 1 1 0.839773 0
004 3 30 1 3 4 2 0 0 0.541962 0
004 3 31 1 1 4 8 1 1 0.707678 0
004 3 32 1 1 7 2 0 0 0.731176 0
004 3 33 1 1 3 2 0 0 1.276936 0
004 3 34 1 1 6 7 1 1 0.632478 0
004 3 35 1 3 2 4 0 0 0.711602 0
004 3 36 1 3 3 6 1 1 0.677657 0
004 3 37 1 5 8 6 1 1 0.796003 0
004 3 38 1 1 2 3 0 0 0.605272 0
004 3 39 1 5 2 6 1 1 1.411439 0
004 3 40 1 1 7 2 0 0 0.571192 0
004 3 41 1 5 7 6 1 1 0.719424 0
004 3 42 1 3 6 8 1 1 0.673993 0
004 3 43 1 1 2 6 1 1 0.703626 0
004 3 44 1 5 4 6 1 1 0.473034 0
004 3 45 1 3 4 6 1 1 0.471097 0
004 3 46 1 1 3 6 1 1 0.676440 0
004 3 47 1 3 8 6 1 1 0.488078 0
004 3 48 1 1 4 6 1 1 0.606116 0
004 3 49 1 3 7 8 1 1 0.892734 0
004 3 50 1 5 8 3 1 0 0.756507 0
004 3 51 1 3 4 6 1 1 1.298077 0
004 3 52 1 5 4 3 0 0 0.750683 0
004 3 53 1 5 8 3 0 0 1.131821 0
004 3 54 1 5 8 2 0 0 0.601957 0
004 3 55 1 5 8 6 1 1 0.559044 0
004 3 56 1 3 4 8 1 1 0.530731 0
004 3 57 1 5 6 4 0 0 1.155866 0
004 3 58 1 5 2 8 1 1 0.668729 0
004 3 59 1 1 4 6 1 1 0.840575 0
004 4 00 1 1 3 7 1 1 0.628342 0
004 4 01 1 1 8 6 1 1 0.699868 0
004 4 02 1 3 2 8 1 1 0.524637 0
004 4 03 1 1 7 6 1 1 0.637218 0
004 4 04 1 3 7 2 0 0 1.418350 0
004 4 05 1 1 8 4 0 0 0.948025 0
004 4 06 1 3 4 8 1 1 0.596303 0
004 4 07 1 1 8 7 1 1 0.644717 0
004 4 08 1 1 8 3 0 0 0.846205 0
004 4 09 1 5 4 8 1 1 0.684056 0
004 4 10 1 5 2 7 1 1 1.135135 0
004 4 11 1 1 7 3 0 0 0.580945 0
004 4 12 1 3 7 4 0 0 0.735051 0
004 4 13 1 5 3 8 1 1 0.689313 0
004 4 14 1 5 8 6 1 1 0.851884 0
004 4 15 1 3 6 7 1 1 0.482809 0
004 4 16 1 1 4 2 0 0 0.598438 0
004 4 17 1 5 6 3 0 0 0.724484 0
004 4 18 1 5 3 8 1 1 1.090497 0
004 4 19 1 3 7 8 1 1 0.545811 0
004 4 20 1 5 2 3 0 0 0.638110 0
004 4 21 1 1 3 6 1 1 1.447204 0
004 4 22 1 5 7 4 0 0 0.619320 0
004 4 23 1 1 8 3 0 0 1.297936 0
004 4 24 1 1 2 8 1 1 0.547615 0
004 4 25 1 5 6 2 0 0 0.715297 0
004 4 26 1 1 3 6 1 1 0.616215 0
004 4 27 1 5 7 8 1 1 1.051782 0
004 4 28 1 3 6 8 1 1 0.529085 0
004 4 29 1 1 4 7 1 1 0.779615 0
004 4 30 1 3 4 3 0 0 0.814712 0
004 4 31 1 1 7 8 1 1 0.549706 0
004 4 32 1 1 8 2 0 0 0.527767 0
004 4 33 1 5 8 2 0 0 0.597678 0
004 4 34 1 3 3 7 1 1 0.740144 0
004 4 35 1 1 2 7 1 1 0.656420 0
004 4 36 1 1 4 3 0 0 0.569631 0
004 4 37 1 5 3 6 1 1 0.529917 0
004 4 38 1 3 7 3 0 0 0.668642 0
004 4 39 1 1 4 3 0 0 0.578959 0
004 4 40 1 1 7 4 0 0 0.629871 0
004 4 41 1 1 4 3 0 0 0.584330 0
004 4 42 1 3 2 3 0 0 0.522907 0
004 4 43 1 1 2 4 0 0 0.512361 0
004 4 44 1 3 2 7 1 1 0.536848 0
004 4 45 1 3 8 2 0 0 0.666423 0
004 4 46 1 5 2 8 1 1 0.545879 0
004 4 47 1 1 3 7 1 1 0.588757 0
004 4 48 1 1 7 6 1 1 0.522406 0
004 4 49 1 3 8 2 0 0 0.609655 0
004 4 50 1 5 4 7 1 1 0.593784 0
004 4 51 1 3 8 3 0 0 0.638477 0
004 4 52 1 3 4 3 0 0 0.747583 0
004 4 53 1 1 6 4 0 0 0.848830 0
004 4 54 1 1 4 7 1 1 0.567479 0
004 4 55 1 3 4 2 0 0 0.639794 0
004 4 56 1 1 7 4 0 0 1.462328 0
004 4 57 1 5 8 6 1 1 0.747862 0
004 4 58 1 5 7 3 0 0 1.594975 0
004 4 59 1 1 6 7 1 1 0.606873 0
004 5 00 1 3 4 6 1 1 0.790166 0
004 5 01 1 5 4 7 1 1 0.645659 0
004 5 02 1 5 6 8 1 1 0.452076 0
004 5 03 1 3 6 2 0 0 0.608486 0
004 5 04 1 5 7 4 0 0 0.984802 0
004 5 05 1 5 7 2 0 0 0.596343 0
004 5 06 1 3 8 2 0 0 0.537992 0
004 5 07 1 3 6 2 0 0 0.499644 0
004 5 08 1 3 7 3 0 0 0.611499 0
004 5 09 1 5 7 8 1 1 0.886814 0
004 5 10 1 3 6 8 1 1 0.459862 0
004 5 11 1 3 3 4 0 0 0.676873 0
004 5 12 1 3 6 2 0 0 0.660007 0
004 5 13 1 5 2 7 1 1 0.969690 0
004 5 14 1 5 8 3 0 0 0.573814 0
004 5 15 1 1 8 7 1 1 0.641465 0
004 5 16 1 1 4 8 1 1 1.289791 0
004 5 17 1 5 7 8 1 1 0.495383 0
004 5 18 1 3 6 4 0 0 0.678872 0
004 5 19 1 5 6 8 1 1 0.514538 0
004 5 20 1 1 7 6 1 1 1.320472 0
004 5 21 1 3 2 3 0 0 0.582568 0
004 5 22 1 1 7 3 0 0 1.196350 0
004 5 23 1 3 4 8 1 1 0.591391 0
004 5 24 1 3 7 3 0 0 0.865143 0
004 5 25 1 3 3 8 1 1 0.553166 0
004 5 26 1 3 3 8 1 1 0.566159 0
004 5 27 1 1 3 8 1 1 0.636126 0
004 5 28 1 1 6 7 1 1 0.742647 0
004 5 29 1 3 4 2 0 0 0.580504 0
004 5 30 1 1 3 2 0 0 0.721183 0
004 5 31 1 5 4 8 1 1 0.986270 0
004 5 32 1 5 8 7 1 1 0.617078 0
004 5 33 1 1 8 6 1 1 0.890319 0
004 5 34 1 3 8 7 1 1 0.814494 0
004 5 35 1 3 4 3 0 0 0.487520 0
004 5 36 1 5 8 3 0 0 0.523186 0
004 5 37 1 1 7 3 0 0 0.618931 0
004 5 38 1 5 8 4 0 0 0.731103 0
004 5 39 1 5 2 8 1 1 0.511119 0
004 5 40 1 3 6 3 0 0 0.780560 0
004 5 41 1 3 3 2 0 0 0.530863 0
004 5 42 1 3 3 2 0 0 0.522348 0
004 5 43 1 5 8 2 0 0 0.560267 0
004 5 44 1 1 2 6 1 1 1.161538 0
004 5 45 1 3 7 2 0 0 0.530252 0
004 5 46 1 1 2 8 1 1 0.565634 0
004 5 47 1 5 4 2 0 0 0.564182 0
004 5 48 1 3 6 4 0 0 0.666737 0
004 5 49 1 5 8 2 0 0 1.063461 0
004 5 50 1 1 8 4 0 0 0.679758 0
004 5 51 1 3 2 3 0 0 0.554083 0
004 5 52 1 3 2 3 0 0 0.479933 0
004 5 53 1 5 7 3 0 0 0.591508 0
004 5 54 1 3 2 8 1 1 1.003863 0
004 5 55 1 3 3 4 0 0 0.869143 0
004 5 56 1 5 7 8 1 1 0.551314 0
004 5 57 1 3 3 6 1 1 0.719924 0
004 5 58 1 3 8 6 1 1 0.433135 0
004 5 59 1 1 6 4 0 0 0.663945 0
004 6 00 1 5 3 6 1 1 0.709545 0
004 6 01 1 3 3 4 0 0 0.659318 0
004 6 02 1 3 4 6 1 1 0.730026 0
004 6 03 1 5 3 4 0 0 0.496988 0
004 6 04 1 5 4 3 0 0 0.812759 0
004 6 05 1 5 7 4 0 0 0.743776 0
004 6 06 1 5 8 7 1 1 0.501320 0
004 6 07 1 1 6 8 1 1 0.502243 0
004 6 08 1 5 6 4 0 0 0.600067 0
004 6 09 1 3 2 4 0 0 0.486885 0
004 6 10 1 1 3 4 0 0 0.487813 0
004 6 11 1 5 3 7 1 1 1.070645 0
004 6 12 1 5 2 6 1 1 0.588277 0
004 6 13 1 1 2 6 1 1 0.688267 0
004 6 14 1 1 6 3 0 0 0.494796 0
004 6 15 1 3 6 4 0 0 0.721354 0
004 6 16 1 1 3 6 1 1 0.783227 0
004 6 17 1 5 4 6 1 1 0.491896 0
004 6 18 1 1 2 7 1 1 0.675727 0
004 6 19 1 3 2 6 1 1 0.816739 0
004 6 20 1 3 8 2 0 0 0.816504 0
004 6 21 1 5 6 8 1 1 0.532639 0
004 6 22 1 1 6 3 0 0 0.565461 0
004 6 23 1 5 7 8 1 1 0.596607 0
004 6 24 1 5 3 4 0 0 1.030261 0
004 6 25 1 5 3 8 1 1 0.540420 0
004 6 26 1 5 4 8 1 1 1.750871 0
004 6 27 1 5 3 7 1 1 0.728952 0
004 6 28 1 3 7 8 1 1 0.512619 0
004 6 29 1 1 3 2 0 0 0.673746 0
004 6 30 1 5 3 6 1 1 0.730273 0
004 6 31 1 5 4 6 1 1 0.499901 0
004 6 32 1 5 6 7 1 1 1.009169 0
004 6 33 1 5 6 2 0 0 0.547164 0
004 6 34 1 5 6 4 0 0 1.254272 0
004 6 35 1 5 2 6 1 1 0.604568 0
004 6 36 1 1 2 7 1 1 0.554221 0
004 6 37 1 5 8 4 0 0 2.058150 0
004 6 38 1 5 7 2 0 0 1.740554 0
004 6 39 1 1 4 3 0 0 0.594892 0
004 6 40 1 1 6 4 0 0 0.599676 0
004 6 41 1 5 6 8 1 1 0.462168 0
004 6 42 1 5 6 8 1 1 0.789414 0
004 6 43 1 5 2 3 0 0 0.723495 0
004 6 44 1 1 3 4 0 0 1.373111 0
004 6 45 1 1 4 8 1 1 1.016008 0
004 6 46 1 3 2 8 1 1 0.570181 0
004 6 47 1 3 7 2 0 0 0.525944 0
004 6 48 1 1 8 6 1 1 0.708822 0
004 6 49 1 5 6 4 0 0 1.235368 0
004 6 50 1 3 7 6 1 1 1.718702 0
004 6 51 1 1 6 3 0 0 0.513223 0
004 6 52 1 5 3 7 1 1 0.477787 0
004 6 53 1 1 7 3 0 0 0.794716 0
004 6 54 1 1 8 7 1 1 0.661436 0
004 6 55 1 3 2 7 1 1 0.914164 0
004 6 56 1 5 7 6 1 1 0.491845 0
004 6 57 1 1 6 4 0 0 0.762537 0
004 6 58 1 1 6 7 1 1 0.572930 0
004 6 59 1 1 7 6 1 1 0.542600 0
004 7 00 1 5 8 4 0 0 1.583154 0
004 7 01 1 5 6 2 0 0 0.761291 0
004 7 02 1 3 2 8 1 1 0.522441 0
004 7 03 1 1 8 3 0 0 1.116210 0
004 7 04 1 1 8 2 0 0 0.421244 0
004 7 05 1 1 6 8 1 1 0.431902 0
004 7 06 1 5 6 7 1 1 0.689100 0
004 7 07 1 3 3 8 1 1 1.072258 0
004 7 08 1 5 2 3 0 0 0.543606 0
004 7 09 1 3 7 6 1 1 0.608077 0
004 7 10 1 5 2 8 1 1 0.502447 0
004 7 11 1 3 4 7 1 1 0.491953 0
004 7 12 1 3 2 4 0 0 0.498310 0
004 7 13 1 1 6 4 0 0 0.635380 0
004 7 14 1 1 6 2 0 0 0.475526 0
004 7 15 1 3 6 8 1 1 0.590578 0
004 7 16 1 5 8 3 0 0 0.520845 0
004 7 17 1 1 2 7 1 1 0.502416 0
004 7 18 1 1 4 2 0 0 0.655489 0
004 7 19 1 5 2 6 1 1 0.581499 0
004 7 20 1 5 7 6 1 1 0.708390 0
004 7 21 1 5 8 4 0 0 0.555522 0
004 7 22 1 1 3 6 1 1 0.746102 0
004 7 23 1 1 2 3 0 0 0.513662 0
004 7 24 1 5 3 4 0 0 0.695985 0
004 7 25 1 5 7 2 0 0 0.553231 0
004 7 26 1 3 3 2 0 0 0.533749 0
004 7 27 1 5 6 2 0 0 0.516859 0
004 7 28 1 5 6 3 0 0 0.535519 0
004 7 29 1 3 6 3 0 0 0.456078 0
004 7 30 1 1 3 6 1 1 0.890426 0
004 7 31 1 1 6 3 0 0 1.091044 0
004 7 32 1 1 2 7 1 1 1.001067 0
004 7 33 1 1 7 2 0 0 0.594145 0
004 7 34 1 3 8 3 0 0 0.725448 0
004 7 35 1 3 6 3 0 0 0.975931 0
004 7 36 1 1 3 4 0 0 0.484873 0
004 7 37 1 1 4 7 1 1 1.765200 0
004 7 38 1 3 4 8 1 1 0.521748 0
004 7 39 1 3 8 3 0 0 0.481771 0
004 7 40 1 5 7 6 1 1 0.482670 0
004 7 41 1 1 8 2 0 0 0.514116 0
004 7 42 1 1 2 8 1 1 0.931131 0
004 7 43 1 3 3 7 1 1 0.457789 0
004 7 44 1 1 6 7 1 1 0.500596 0
004 7 45 1 3 8 4 0 0 0.615305 0
004 7 46 1 1 6 8 1 1 0.497170 0
004 7 47 1 1 4 2 0 0 0.495731 0
004 7 48 1 3 7 8 1 1 0.504414 0
004 7 49 1 5 7 3 0 0 0.670491 0
004 7 50 1 1 4 6 1 1 0.667555 0
004 7 51 1 1 4 2 0 0 0.502180 0
004 7 52 1 1 7 2 0 0 0.715148 0
004 7 53 1 5 3 4 0 0 0.542135 0
004 7 54 1 3 2 8 1 1 0.541462 0
004 7 55 1 5 3 2 0 0 0.505666 0
004 7 56 1 5 4 3 0 0 1.205040 0
004 7 57 1 1 2 6 1 1 0.657659 0
004 7 58 1 1 7 3 0 0 0.493017 0
004 7 59 1 1 2 3 0 0 1.372443 0
004 8 00 1 5 3 8 1 1 0.671990 0
004 8 01 1 3 8 6 1 1 0.494834 0
004 8 02 1 3 4 8 1 1 0.503532 0
004 8 03 1 1 7 8 1 1 0.436369 0
004 8 04 1 3 4 7 1 1 0.503889 0
004 8 05 1 3 3 2 0 0 0.479772 0
004 8 06 1 1 2 4 0 0 0.682601 0
004 8 07 1 5 4 2 0 0 0.510424 0
004 8 08 1 1 4 7 1 1 0.617231 0
004 8 09 1 3 8 7 1 1 0.460206 0
004 8 10 1 3 2 6 1 1 0.470079 0
004 8 11 1 3 2 4 0 0 0.547852 0
004 8 12 1 5 4 2 0 0 0.838069 0
004 8 13 1 5 2 3 0 0 0.493263 0
004 8 14 1 3 8 7 1 1 1.525358 0
004 8 15 1 1 8 4 0 0 0.504410 0
004 8 16 1 1 4 2 0 0 0.491308 0
004 8 17 1 1 8 6 1 1 0.462088 0
004 8 18 1 5 2 6 1 1 0.487307 0
004 8 19 1 1 2 4 0 0 0.608298 0
004 8 20 1 5 8 7 1 1 0.524849 0
004 8 21 1 3 3 2 0 0 0.544494 0
004 8 22 1 3 7 2 0 0 0.805465 0
004 8 23 1 1 7 4 0 0 1.096434 0
004 8 24 1 3 2 3 0 0 1.808829 0
004 8 25 1 3 6 7 1 1 0.459853 0
004 8 26 1 3 6 3 0 0 0.550949 0
004 8 27 1 3 4 2 0 0 0.621249 0
004 8 28 1 3 2 4 0 0 0.656909 0
004 8 29 1 5 2 4 0 0 0.449588 0
004 8 30 1 1 7 4 0 0 0.432211 0
004 8 31 1 5 3 2 0 0 0.514928 0
004 8 32 1 5 3 4 0 0 0.555544 0
004 8 33 1 5 4 3 0 0 2.903404 0
004 8 34 1 5 2 7 1 1 0.837584 0
004 8 35 1 5 2 4 0 0 0.586218 0
004 8 36 1 5 6 8 1 1 0.499975 0
004 8 37 1 5 7 4 0 0 0.625685 0
004 8 38 1 3 7 4 0 0 1.281633 0
004 8 39 1 3 6 7 1 1 0.661112 0
004 8 40 1 1 8 2 0 0 0.465114 0
004 8 41 1 3 3 4 0 0 0.781835 0
004 8 42 1 3 7 3 0 0 0.564550 0
004 8 43 1 5 8 2 0 0 0.519691 0
004 8 44 1 1 8 6 1 1 0.457749 0
004 8 45 1 3 6 3 1 0 0.382791 0
004 8 46 1 3 2 6 1 1 0.673968 0
004 8 47 1 1 8 3 0 0 0.579146 0
004 8 48 1 1 6 8 1 1 0.524136 0
004 8 49 1 5 2 4 0 0 0.489070 0
004 8 50 1 5 6 3 0 0 1.112857 0
004 8 51 1 5 2 4 0 0 0.569970 0
004 8 52 1 1 8 4 0 0 0.857812 0
004 8 53 1 3 7 6 1 1 1.329592 0
004 8 54 1 5 7 6 1 1 0.477649 0
004 8 55 1 3 6 8 1 1 0.449183 0
004 8 56 1 5 6 2 0 0 0.513435 0
004 8 57 1 3 3 8 1 1 0.584395 0
004 8 58 1 5 2 7 1 1 1.337095 0
004 8 59 1 1 4 6 1 1 1.054848 0
004 9 00 0 12 8 2 1 1 2.368081 0
004 9 01 0 5 3 7 0 0 0.872451 0
004 9 02 0 12 2 4 0 0 1.207484 0
004 9 03 0 12 7 3 1 1 2.289613 0
004 9 04 0 1 8 4 0 1 1.941014 0
004 9 05 0 1 2 7 0 0 1.110368 0
004 9 06 0 5 2 4 0 0 1.419913 0
004 9 07 0 1 2 7 0 0 1.013169 0
004 9 08 0 5 8 7 1 1 0.867401 0
004 9 09 0 5 4 3 0 0 1.165676 0
004 9 10 0 3 2 7 1 0 2.086622 0
004 9 11 0 5 8 6 1 1 4.553131 0
004 9 12 0 1 8 6 0 1 1.913212 0
004 9 13 0 5 3 2 1 0 0.927287 0
004 9 14 0 12 3 2 1 0 1.128359 0
004 9 15 0 1 7 6 1 1 0.970645 0
004 9 16 0 12 4 6 0 0 0.618058 0
004 9 17 0 3 4 7 0 0 1.541787 0
004 9 18 0 5 8 7 1 1 1.629939 0
004 9 19 0 3 7 4 1 1 0.887200 0
004 9 20 0 1 4 6 1 0 0.971263 0
004 9 21 0 3 8 2 0 1 1.553259 0
004 9 22 0 5 7 3 1 1 0.903361 0
004 9 23 0 1 8 6 1 1 1.607330 0
004 9 24 0 1 6 7 1 1 0.865331 0
004 9 25 0 12 8 7 1 1 0.692009 0
004 9 26 0 12 6 8 0 1 0.963297 0
004 9 27 0 3 2 6 0 0 2.786420 0
004 9 28 0 3 2 3 1 0 1.224182 0
004 9 29 0 1 4 7 0 0 1.099621 0
004 9 30 0 1 4 2 1 0 0.849007 0
004 9 31 0 1 4 7 0 0 3.508696 0
004 9 32 0 12 7 4 1 1 1.168441 0
004 9 33 0 1 3 2 1 0 0.882054 0
004 9 34 0 12 2 7 0 0 1.761887 0
004 9 35 0 12 2 4 0 0 1.084724 0
004 9 36 0 5 4 3 0 0 1.554973 0
004 9 37 0 12 2 4 0 0 1.279628 0
004 9 38 0 12 4 2 0 0 1.138012 0
004 9 39 0 5 7 2 1 1 0.712069 0
004 9 40 0 12 8 4 1 1 0.593925 0
004 9 41 0 12 3 6 0 0 1.133570 0
004 9 42 0 5 3 8 0 0 1.061421 0
004 9 43 0 1 2 8 0 0 0.773565 0
004 9 44 0 1 7 8 0 1 1.090356 0
004 9 45 0 1 6 7 0 1 1.305147 0
004 9 46 0 3 7 8 1 1 0.725831 0
004 9 47 0 12 3 6 0 0 0.868255 0
004 9 48 0 12 8 6 1 1 1.161819 0
004 9 49 0 12 7 6 1 1 0.919545 0
004 9 50 0 1 3 6 1 0 0.925698 0
004 9 51 0 5 8 6 1 1 0.664682 0
004 9 52 0 12 8 4 1 1 0.641933 0
004 9 53 0 1 3 8 0 0 0.929343 0
004 9 54 0 1 2 3 1 0 0.862229 0
004 9 55 0 12 2 7 0 0 1.006860 0
004 9 56 0 3 3 6 0 0 1.700058 0
004 9 57 0 5 7 8 0 1 1.227645 0
004 9 58 0 12 6 7 1 1 1.562589 0
004 9 59 0 1 4 3 1 0 1.229555 0
004 10 00 0 12 6 8 1 1 0.997369 0
004 10 01 0 12 2 8 0 0 0.840408 0
004 10 02 0 12 2 4 0 0 0.878991 0
004 10 03 0 12 4 7 0 0 1.350245 0
004 10 04 0 12 7 8 1 1 0.654837 0
004 10 05 0 1 4 8 1 0 1.222541 0
004 10 06 0 3 3 2 1 0 1.693807 0
004 10 07 0 3 4 8 0 0 1.025489 0
004 10 08 0 3 3 4 1 0 1.225119 0
004 10 09 0 5 2 7 0 0 1.118716 0
004 10 10 0 5 2 4 0 0 1.041922 0
004 10 11 0 12 7 6 1 1 1.166549 0
004 10 12 0 12 2 8 0 0 1.095767 0
004 10 13 0 1 8 3 1 1 1.790160 0
004 10 14 0 3 8 2 0 1 2.304890 0
004 10 15 0 12 3 4 0 0 0.800569 0
004 10 16 0 3 7 8 1 1 0.833593 0
004 10 17 0 5 6 7 1 1 1.042779 0
004 10 18 0 12 4 3 0 0 0.800350 0
004 10 19 0 3 6 4 0 1 2.667775 0
004 10 20 0 12 8 3 1 1 0.872896 0
004 10 21 0 1 4 3 0 0 1.354330 0
004 10 22 0 12 2 3 0 0 0.919690 0
004 10 23 0 1 7 4 1 1 1.723651 0
004 10 24 0 12 6 3 1 1 1.162265 0
004 10 25 0 3 6 8 1 1 1.124900 0
004 10 26 0 12 8 7 1 1 1.084719 0
004 10 27 0 12 7 2 1 1 0.664150 0
004 10 28 0 12 4 6 0 0 0.761529 0
004 10 29 0 12 2 8 0 0 1.049980 0
004 10 30 0 1 7 6 1 1 1.418473 0
004 10 31 0 12 7 8 1 1 1.069814 0
004 10 32 0 12 4 8 0 0 1.006426 0
004 10 33 0 3 7 6 1 1 0.956170 0
004 10 34 0 12 4 3 0 0 0.933034 0
004 10 35 0 12 7 8 1 1 0.858506 0
004 10 36 0 5 3 2 0 0 1.072453 0
004 10 37 0 1 8 2 1 1 1.633476 0
004 10 38 0 1 4 6 0 0 1.644611 0
004 10 39 0 12 6 2 1 1 1.065475 0
004 10 40 0 12 6 7 1 1 0.710142 0
004 10 41 0 1 4 6 1 0 1.066230 0
004 10 42 0 1 6 3 1 1 1.809712 0
004 10 43 0 1 6 8 0 1 1.727277 0
004 10 44 0 5 3 6 0 0 1.999748 0
004 10 45 0 12 4 2 0 0 2.975451 0
004 10 46 0 5 2 8 0 0 0.808220 0
004 10 47 0 12 6 2 1 1 1.068503 0
004 10 48 0 3 3 6 0 0 2.222559 0
004 10 49 0 1 7 4 1 1 1.056077 0
004 10 50 0 5 3 7 0 0 0.865935 0
004 10 51 0 1 3 6 1 0 0.900049 0
004 10 52 0 12 6 7 1 1 1.335101 0
004 10 53 0 12 4 7 0 0 2.076600 0
004 10 54 0 12 2 6 1 0 1.431177 0
004 10 55 0 3 8 7 1 1 1.892707 0
004 10 56 0 12 2 4 0 0 0.796813 0
004 10 57 0 3 8 4 0 1 3.163017 0
004 10 58 0 3 6 8 1 1 1.397758 0
004 10 59 0 12 2 7 0 0 1.280970 0
004 11 00 0 12 2 7 0 0 1.040297 0
004 11 01 0 1 7 8 0 1 1.898334 0
004 11 02 0 5 6 2 1 1 0.937081 0
004 11 03 0 1 2 3 1 0 1.754462 0
004 11 04 0 1 4 7 0 0 1.117883 0
004 11 05 0 12 2 3 0 0 0.747756 0
004 11 06 0 1 2 7 0 0 1.226081 0
004 11 07 0 1 7 3 1 1 2.189176 0
004 11 08 0 3 4 3 1 0 2.550201 0
004 11 09 0 1 2 4 0 0 2.063479 0
004 11 10 0 1 3 4 1 0 2.849859 0
004 11 11 0 1 2 3 0 0 2.711426 0
004 11 12 0 3 2 3 0 0 2.798396 0
004 11 13 0 5 4 7 0 0 0.835943 0
004 11 14 0 3 7 4 1 1 0.735015 0
004 11 15 0 12 4 7 0 0 1.061606 0
004 11 16 0 5 6 3 1 1 1.336446 0
004 11 17 0 1 4 8 0 0 1.415953 0
004 11 18 0 12 3 2 0 0 0.869024 0
004 11 19 0 12 4 6 0 0 0.898865 0
004 11 20 0 12 4 8 0 0 1.140734 0
004 11 21 0 1 2 6 1 0 1.295754 0
004 11 22 0 3 4 8 0 0 1.264178 0
004 11 23 0 3 4 2 0 0 1.178592 0
004 11 24 0 12 6 2 1 1 0.973750 0
004 11 25 0 12 3 4 0 0 1.077896 0
004 11 26 0 12 7 3 1 1 1.234578 0
004 11 27 0 1 4 3 1 0 1.645374 0
004 11 28 0 1 6 7 1 1 1.307758 0
004 11 29 0 3 3 7 1 0 0.884617 0
004 11 30 0 5 2 7 0 0 0.836962 0
004 11 31 0 12 3 4 0 0 4.172426 0
004 11 32 0 3 6 2 1 1 2.383405 0
004 11 33 0 12 6 2 1 1 0.943138 0
004 11 34 0 12 3 2 0 0 0.751355 0
004 11 35 0 1 2 4 0 0 2.076117 0
004 11 36 0 5 8 4 1 1 0.591268 0
004 11 37 0 12 8 7 1 1 0.646154 0
004 11 38 0 1 6 8 1 1 0.949426 0
004 11 39 0 5 8 2 1 1 2.207138 0
004 11 40 0 12 2 3 0 0 0.974219 0
004 11 41 0 3 3 2 0 0 0.712391 0
004 11 42 0 12 6 4 1 1 0.669293 0
004 11 43 0 1 6 4 0 1 1.301394 0
004 11 44 0 12 2 6 1 0 1.075090 0
004 11 45 0 5 3 7 1 0 2.658799 0
004 11 46 0 3 3 7 0 0 1.483481 0
004 11 47 0 5 3 4 0 0 0.753860 0
004 11 48 0 1 3 8 1 0 1.095992 0
004 11 49 0 12 6 3 0 1 4.685312 0
004 11 50 0 1 3 7 0 0 1.523360 0
004 11 51 0 1 6 2 0 1 1.357274 0
004 11 52 0 12 7 4 1 1 1.293179 0
004 11 53 0 3 2 8 1 0 1.066217 0
004 11 54 0 1 2 8 1 0 0.863107 0
004 11 55 0 1 7 4 0 1 1.157089 0
004 11 56 0 1 3 6 0 0 1.592367 0
004 11 57 0 12 8 7 1 1 0.622506 0
004 11 58 0 12 8 2 0 1 0.767138 0
004 11 59 0 1 6 8 0 1 1.136216 0
004 12 00 0 12 6 4 1 1 0.917451 0
004 12 01 0 1 4 3 1 0 1.686544 0
004 12 02 0 12 7 6 1 1 0.717977 0
004 12 03 0 5 4 8 0 0 0.943251 0
004 12 04 0 3 7 3 1 1 1.423623 0
004 12 05 0 5 7 4 1 1 0.879994 0
004 12 06 0 12 6 4 1 1 0.637522 0
004 12 07 0 1 3 7 0 0 1.398328 0
004 12 08 0 12 3 4 0 0 0.914800 0
004 12 09 0 1 3 4 0 0 2.367144 0
004 12 10 0 1 7 2 0 1 1.729398 0
004 12 11 0 12 8 4 1 1 0.580217 0
004 12 12 0 12 4 6 0 0 1.172020 0
004 12 13 0 1 4 8 1 0 1.228019 0
004 12 14 0 3 2 7 1 0 1.282669 0
004 12 15 0 5 3 8 0 0 1.142312 0
004 12 16 0 1 7 3 0 1 0.847372 0
004 12 17 0 5 6 4 0 1 1.159876 0
004 12 18 0 1 8 2 1 1 1.836884 0
004 12 19 0 3 2 4 0 0 1.283237 0
004 12 20 0 5 7 3 1 1 0.731927 0
004 12 21 0 3 2 3 1 0 0.897317 0
004 12 22 0 12 8 2 0 1 1.117437 0
004 12 23 0 12 2 6 1 0 1.935013 0
004 12 24 0 1 7 2 0 1 1.104629 0
004 12 25 0 5 8 3 1 1 4.534068 0
004 12 26 0 3 6 2 1 1 2.212765 0
004 12 27 0 12 8 2 1 1 0.726860 0
004 12 28 0 3 6 7 1 1 1.202517 0
004 12 29 0 3 2 6 0 0 0.671893 0
004 12 30 0 12 4 8 0 0 0.943556 0
004 12 31 0 5 4 2 0 0 0.826555 0
004 12 32 0 12 6 4 1 1 0.811426 0
004 12 33 0 5 7 4 1 1 0.683652 0
004 12 34 0 5 3 8 0 0 0.912393 0
004 12 35 0 5 7 8 1 1 0.763404 0
004 12 36 0 12 7 8 1 1 0.588888 0
004 12 37 0 3 8 6 0 1 1.162615 0
004 12 38 0 5 3 4 0 0 0.597664 0
004 12 39 0 12 8 7 1 1 0.693558 0
004 12 40 0 1 2 4 0 0 1.752753 0
004 12 41 0 3 4 2 0 0 1.657785 0
004 12 42 0 12 6 8 1 1 0.885573 0
004 12 43 0 1 7 6 1 1 0.944279 0
004 12 44 0 12 3 4 0 0 0.771232 0
004 12 45 0 5 3 2 0 0 0.608927 0
004 12 46 0 3 2 4 1 0 1.275313 0
004 12 47 0 1 8 7 0 1 1.408116 0
004 12 48 0 12 6 4 1 1 1.068558 0
004 12 49 0 1 2 4 1 0 0.997929 0
004 12 50 0 3 6 3 0 1 0.678679 0
004 12 51 0 3 8 4 0 1 0.888458 0
004 12 52 0 1 3 8 0 0 1.236032 0
004 12 53 0 12 8 6 1 1 1.583074 0
004 12 54 0 12 4 7 0 0 0.811586 0
004 12 55 0 12 4 2 0 0 0.883800 0
004 12 56 0 1 3 7 0 0 1.136106 0
004 12 57 0 1 6 2 0 1 1.026729 0
004 12 58 0 1 7 2 0 1 1.023257 0
004 12 59 0 12 4 8 0 0 1.352753 0
