003 0 00 1 1 3 7 1 1 2.119671 0
003 0 01 1 5 8 4 0 0 0.704332 0
003 0 02 1 4 4 2 0 0 0.633940 0
003 0 03 1 5 8 7 1 1 0.453941 0
003 0 04 1 1 3 2 0 0 0.338652 0
003 0 05 1 4 6 8 1 1 0.452813 0
003 0 06 1 4 4 3 0 0 0.337997 0
003 0 07 1 4 8 7 1 1 0.339982 0
003 0 08 1 5 7 4 0 0 0.649800 0
003 0 09 1 1 2 8 1 1 0.446667 0
003 0 10 1 4 4 8 1 1 0.622783 0
003 0 11 1 5 7 8 1 1 0.500718 0
003 0 12 1 1 3 6 1 1 0.867550 0
003 0 13 1 1 3 8 1 1 0.500659 0
003 0 14 1 5 8 7 1 1 0.366506 0
003 0 15 1 5 8 7 1 1 0.259034 0
003 0 16 1 4 7 2 0 0 0.590594 0
003 0 17 1 4 4 6 1 1 0.435295 0
003 0 18 1 5 4 7 1 1 0.729172 0
003 0 19 1 1 4 3 0 0 0.518411 0
003 0 20 1 5 4 3 1 0 0.449256 0
003 0 21 1 5 6 2 0 0 -1.000000 0
003 0 22 1 5 6 3 0 0 1.206035 0
003 0 23 1 5 3 2 0 0 0.531622 0
003 0 24 1 4 4 7 1 1 0.509903 0
003 0 25 1 4 7 2 0 0 0.507621 0
003 0 26 1 4 2 7 1 1 0.555740 0
003 0 27 1 5 4 3 0 0 0.584367 0
003 0 28 1 4 7 2 0 0 0.510696 0
003 0 29 1 1 3 6 1 1 0.612477 0
003 0 30 1 5 6 7 1 1 0.507784 0
003 0 31 1 4 2 4 0 0 0.547549 0
003 0 32 1 1 4 2 0 0 0.517687 0
003 0 33 1 1 7 4 0 0 0.501641 0
003 0 34 1 5 2 3 0 0 0.413168 0
003 0 35 1 1 4 6 1 1 0.533482 0
003 0 36 1 5 3 2 0 0 0.514589 0
003 0 37 1 5 3 7 1 1 0.487652 0
003 0 38 1 1 4 6 1 1 0.532772 0
003 0 39 1 1 3 2 0 0 0.438033 0
003 0 40 1 1 3 2 0 0 0.426606 0
003 0 41 1 5 4 2 0 0 0.381902 0
003 0 42 1 5 8 3 0 0 0.496680 0
003 0 43 1 5 3 7 1 1 0.548022 0
003 0 44 1 4 6 8 1 1 0.532160 0
003 0 45 1 5 7 2 0 0 0.507706 0
003 0 46 1 4 6 2 0 0 0.494473 0
003 0 47 1 4 7 4 0 0 0.531498 0
003 0 48 1 1 7 3 0 0 0.543737 0
003 0 49 1 4 4 3 0 0 0.494327 0
003 0 50 1 1 8 2 0 0 0.472599 0
003 0 51 1 4 6 8 1 1 0.629835 0
003 0 52 1 4 8 6 1 1 0.351260 0
003 0 53 1 4 8 4 0 0 0.532458 0
003 0 54 1 4 7 8 1 1 0.454633 0
003 0 55 1 1 2 4 0 0 0.389538 0
003 0 56 1 1 7 8 1 1 0.388772 0
003 0 57 1 5 3 6 1 1 0.618165 0
003 0 58 1 5 7 6 1 1 0.490605 0
003 0 59 1 5 8 3 0 0 0.499204 0
003 1 00 1 4 2 6 1 1 0.815247 0
003 1 01 1 5 7 4 0 0 0.431876 0
003 1 02 1 1 2 7 1 1 0.392388 0
003 1 03 1 1 3 7 1 1 0.484067 0
003 1 04 1 1 6 8 1 1 0.419485 0
003 1 05 1 4 2 7 1 1 0.452478 0
003 1 06 1 1 4 7 1 1 0.362379 0
003 1 07 1 4 3 6 1 1 0.471120 0
003 1 08 1 5 2 6 1 1 0.541571 0
003 1 09 1 5 8 4 0 0 0.584533 0
003 1 10 1 4 8 3 1 0 0.375467 0
003 1 11 1 5 2 4 0 0 0.483001 0
003 1 12 1 5 3 6 1 1 0.606692 0
003 1 13 1 4 3 6 1 1 1.190278 0
003 1 14 1 4 3 6 1 1 0.574682 0
003 1 15 1 5 4 6 1 1 0.491915 0
003 1 16 1 5 8 4 0 0 0.517269 0
003 1 17 1 5 6 4 0 0 0.454015 0
003 1 18 1 4 8 6 1 1 0.569385 0
003 1 19 1 1 4 8 1 1 0.519329 0
003 1 20 1 1 8 6 1 1 0.410267 0
003 1 21 1 1 3 4 0 0 0.541475 0
003 1 22 1 5 3 7 1 1 0.526499 0
003 1 23 1 1 3 2 0 0 0.459669 0
003 1 24 1 4 7 8 1 1 0.536236 0
003 1 25 1 5 7 2 0 0 0.461024 0
003 1 26 1 1 7 2 0 0 0.534283 0
003 1 27 1 4 7 2 0 0 0.459935 0
003 1 28 1 1 4 8 1 1 0.468604 0
003 1 29 1 4 2 3 0 0 0.378879 0
003 1 30 1 1 3 6 1 1 0.442825 0
003 1 31 1 1 8 7 1 1 0.567674 0
003 1 32 1 1 8 4 0 0 0.688637 0
003 1 33 1 5 3 4 0 0 0.542422 0
003 1 34 1 5 4 6 1 1 0.551851 0
003 1 35 1 1 6 8 1 1 0.513245 0
003 1 36 1 4 4 7 0 1 0.437922 0
003 1 37 1 1 2 4 0 0 0.475724 0
003 1 38 1 1 8 2 0 0 0.492996 0
003 1 39 1 4 7 4 0 0 0.496685 0
003 1 40 1 1 7 3 0 0 0.413906 0
003 1 41 1 5 6 8 1 1 0.529704 0
003 1 42 1 4 6 7 1 1 0.493651 0
003 1 43 1 4 7 3 0 0 0.550511 0
003 1 44 1 4 6 2 0 0 0.659103 0
003 1 45 1 5 6 8 1 1 0.501983 0
003 1 46 1 1 8 6 1 1 0.533321 0
003 1 47 1 5 2 8 1 1 0.574247 0
003 1 48 1 4 2 4 0 0 0.566980 0
003 1 49 1 4 6 3 0 0 0.551963 0
003 1 50 1 1 2 6 1 1 0.609195 0
003 1 51 1 1 3 7 1 1 1.117577 0
003 1 52 1 4 7 4 0 0 0.887879 0
003 1 53 1 5 8 6 1 1 0.839119 0
003 1 54 1 1 6 3 0 0 0.480279 0
003 1 55 1 1 4 6 1 1 0.460732 0
003 1 56 1 5 8 6 1 1 0.433000 0
003 1 57 1 1 3 8 1 1 0.542032 0
003 1 58 1 4 3 4 0 0 0.492048 0
003 1 59 1 4 3 7 1 1 0.610841 0
003 2 00 1 5 7 2 0 0 0.743403 0
003 2 01 1 5 7 3 0 0 1.124225 0
003 2 02 1 4 6 4 0 0 0.488651 0
003 2 03 1 1 6 2 0 0 0.377382 0
003 2 04 1 4 2 7 1 1 0.545486 0
003 2 05 1 1 6 2 0 0 0.467648 0
003 2 06 1 4 6 3 0 0 0.440886 0
003 2 07 1 5 6 7 1 1 0.452478 0
003 2 08 1 1 3 7 1 1 0.522739 0
003 2 09 1 1 6 7 1 1 0.503806 0
003 2 10 1 5 3 2 0 0 0.588564 0
003 2 11 1 1 2 6 1 1 0.657576 0
003 2 12 1 4 3 7 1 1 0.545029 0
003 2 13 1 5 2 7 1 1 0.633226 0
003 2 14 1 4 8 2 0 0 0.730119 0
003 2 15 1 1 7 6 1 1 0.551046 0
003 2 16 1 4 3 2 0 0 0.627469 0
003 2 17 1 4 3 2 0 0 0.862275 0
003 2 18 1 4 8 6 1 1 0.478522 0
003 2 19 1 5 2 8 1 1 0.548772 0
003 2 20 1 1 8 3 0 0 0.560422 0
003 2 21 1 1 2 3 0 0 0.538673 0
003 2 22 1 1 6 7 1 1 0.499393 0
003 2 23 1 4 7 3 0 0 0.592294 0
003 2 24 1 4 8 2 0 0 0.691683 0
003 2 25 1 4 2 3 0 0 0.453131 0
003 2 26 1 4 7 8 1 1 0.604743 0
003 2 27 1 4 4 2 0 0 0.449075 0
003 2 28 1 4 7 3 0 0 0.925599 0
003 2 29 1 4 2 3 0 0 0.556295 0
003 2 30 1 1 6 8 1 1 0.626656 0
003 2 31 1 5 4 8 1 1 0.557649 0
003 2 32 1 5 7 8 1 1 0.496698 0
003 2 33 1 4 7 2 0 0 0.720946 0
003 2 34 1 1 6 2 0 0 0.521591 0
003 2 35 1 5 3 8 1 1 0.561714 0
003 2 36 1 1 8 7 1 1 0.500760 0
003 2 37 1 4 4 6 1 1 1.529486 0
003 2 38 1 5 8 2 0 0 0.543793 0
003 2 39 1 1 8 7 1 1 0.671114 0
003 2 40 1 4 8 4 0 0 0.594927 0
003 2 41 1 4 8 7 1 1 0.644415 0
003 2 42 1 1 2 7 1 1 0.536927 0
003 2 43 1 1 6 8 1 1 0.582469 0
003 2 44 1 4 4 2 0 0 0.549977 0
003 2 45 1 1 8 4 0 0 0.596550 0
003 2 46 1 1 4 6 1 1 1.094300 0
003 2 47 1 4 2 3 0 0 0.517030 0
003 2 48 1 4 2 3 0 0 0.633996 0
003 2 49 1 5 8 7 1 1 0.681475 0
003 2 50 1 5 2 7 1 1 0.568573 0
003 2 51 1 5 6 2 0 0 0.566938 0
003 2 52 1 4 2 6 1 1 0.714926 0
003 2 53 1 5 3 2 0 0 0.498635 0
003 2 54 1 4 6 3 0 0 0.590017 0
003 2 55 1 1 3 4 0 0 0.435284 0
003 2 56 1 5 4 7 1 1 0.948934 0
003 2 57 1 5 8 6 1 1 0.827618 0
003 2 58 1 4 4 6 1 1 0.584327 0
003 2 59 1 5 7 4 0 0 0.535348 0
003 3 00 1 4 8 4 0 0 0.554552 0
003 3 01 1 4 2 8 1 1 0.794175 0
003 3 02 1 1 4 8 1 1 0.648941 0
003 3 03 1 5 3 4 0 0 0.588780 0
003 3 04 1 5 7 2 0 0 0.489561 0
003 3 05 1 5 2 3 0 0 0.434628 0
003 3 06 1 5 7 8 1 1 1.040602 0
003 3 07 1 1 6 2 0 0 0.493837 0
003 3 08 1 4 8 2 0 0 0.604468 0
003 3 09 1 5 4 2 0 0 0.455355 0
003 3 10 1 4 6 2 0 0 0.446813 0
003 3 11 1 1 3 6 1 1 0.637283 0
003 3 12 1 4 4 3 0 0 0.454393 0
003 3 13 1 1 8 3 0 0 0.507681 0
003 3 14 1 4 6 3 0 0 0.471929 0
003 3 15 1 5 6 3 0 0 0.822458 0
003 3 16 1 4 4 6 1 1 1.153656 0
003 3 17 1 1 6 4 0 0 0.809970 0
003 3 18 1 4 8 4 0 0 0.486253 0
003 3 19 1 5 3 8 1 1 0.557468 0
003 3 20 1 4 4 2 0 0 0.376856 0
003 3 21 1 1 4 7 1 1 0.421434 0
003 3 22 1 5 3 4 0 0 0.564618 0
003 3 23 1 1 8 3 0 0 0.706479 0
003 3 24 1 5 6 4 0 0 0.658859 0
003 3 25 1 5 7 4 0 0 0.535040 0
003 3 26 1 1 3 6 1 1 0.805291 0
003 3 27 1 5 4 2 0 0 1.158591 0
003 3 28 1 4 7 3 0 0 0.573377 0
003 3 29 1 1 8 3 0 0 0.446336 0
003 3 30 1 5 3 7 1 1 0.724492 0
003 3 31 1 5 3 7 1 1 0.550773 0
003 3 32 1 5 6 3 0 0 0.605248 0
003 3 33 1 4 6 8 1 1 0.772419 0
003 3 34 1 1 3 7 1 1 0.531390 0
003 3 35 1 4 2 6 0 1 0.473560 0
003 3 36 1 1 6 4 0 0 0.766432 0
003 3 37 1 5 7 3 0 0 0.542065 0
003 3 38 1 1 8 4 0 0 0.486971 0
003 3 39 1 5 7 2 0 0 0.670494 0
003 3 40 1 4 6 2 0 0 0.686594 0
003 3 41 1 5 2 7 1 1 0.627702 0
003 3 42 1 5 2 8 1 1 0.593118 0
003 3 43 1 5 7 6 1 1 0.516414 0
003 3 44 1 1 2 8 1 1 0.611918 0
003 3 45 1 1 7 8 1 1 0.526271 0
003 3 46 1 4 2 4 0 0 0.670130 0
003 3 47 1 5 3 2 0 0 0.639245 0
003 3 48 1 4 8 7 1 1 0.616503 0
003 3 49 1 1 8 6 1 1 0.556108 0
003 3 50 1 1 8 7 1 1 0.831890 0
003 3 51 1 5 3 4 0 0 0.592174 0
003 3 52 1 1 6 4 0 0 0.534983 0
003 3 53 1 4 2 8 1 1 0.483480 0
003 3 54 1 5 3 6 1 1 0.563373 0
003 3 55 1 4 3 6 1 1 0.537192 0
003 3 56 1 5 8 6 1 1 0.592077 0
003 3 57 1 5 4 8 1 1 0.537873 0
003 3 58 1 1 4 3 0 0 0.629221 0
003 3 59 1 5 2 4 0 0 0.611042 0
003 4 00 1 5 7 8 1 1 0.568935 0
003 4 01 1 4 2 7 1 1 0.469588 0
003 4 02 1 1 4 8 1 1 0.406265 0
003 4 03 1 4 7 8 1 1 0.404077 0
003 4 04 1 5 2 3 0 0 0.601060 0
003 4 05 1 4 7 3 0 0 0.519056 0
003 4 06 1 1 4 2 0 0 0.537768 0
003 4 07 1 5 7 8 1 1 0.581599 0
003 4 08 1 1 2 4 0 0 0.653466 0
003 4 09 1 5 8 3 0 0 0.572348 0
003 4 10 1 4 2 7 1 1 0.608020 0
003 4 11 1 1 2 6 0 1 0.621079 0
003 4 12 1 4 8 6 1 1 -1.000000 0
003 4 13 1 4 6 7 1 1 0.539960 0
003 4 14 1 1 2 3 0 0 0.579945 0
003 4 15 1 1 8 2 0 0 0.581039 0
003 4 16 1 5 4 2 0 0 0.445405 0
003 4 17 1 4 4 7 1 1 0.530549 0
003 4 18 1 1 7 2 0 0 0.491756 0
003 4 19 1 1 2 7 1 1 0.587884 0
003 4 20 1 4 6 4 0 0 0.639887 0
003 4 21 1 1 6 4 0 0 0.530046 0
003 4 22 1 4 8 2 0 0 0.906670 0
003 4 23 1 1 8 3 0 0 0.502086 0
003 4 24 1 4 8 3 0 0 0.503265 0
003 4 25 1 1 8 4 0 0 0.467522 0
003 4 26 1 4 8 2 0 0 0.501747 0
003 4 27 1 1 4 2 0 0 0.430105 0
003 4 28 1 4 6 7 1 1 0.620974 0
003 4 29 1 5 6 7 1 1 0.468953 0
003 4 30 1 5 6 7 1 1 0.481050 0
003 4 31 1 4 8 4 0 0 0.840199 0
003 4 32 1 1 7 2 0 0 0.588804 0
003 4 33 1 4 7 6 1 1 0.559712 0
003 4 34 1 1 7 2 0 0 0.479493 0
003 4 35 1 1 8 2 0 0 0.530218 0
003 4 36 1 4 8 3 0 0 0.520844 0
003 4 37 1 5 4 7 1 1 0.502274 0
003 4 38 1 1 3 2 0 0 0.816143 0
003 4 39 1 5 6 8 1 1 0.609866 0
003 4 40 1 1 2 8 1 1 0.653167 0
003 4 41 1 4 2 4 0 0 0.568590 0
003 4 42 1 4 3 2 0 0 0.439355 0
003 4 43 1 5 6 2 0 0 0.482757 0
003 4 44 1 5 8 2 0 0 0.489856 0
003 4 45 1 5 6 4 0 0 0.586573 0
003 4 46 1 5 8 6 1 1 0.611389 0
003 4 47 1 4 4 8 1 1 0.593524 0
003 4 48 1 1 6 3 0 0 0.575419 0
003 4 49 1 5 2 6 1 1 0.667154 0
003 4 50 1 5 8 4 0 0 0.663369 0
003 4 51 1 5 4 3 0 0 0.590836 0
003 4 52 1 5 7 3 0 0 0.573690 0
003 4 53 1 1 7 3 0 0 0.449076 0
003 4 54 1 4 4 2 0 0 0.520422 0
003 4 55 1 5 8 3 0 0 0.611023 0
003 4 56 1 5 4 6 1 1 0.611195 0
003 4 57 1 5 7 2 0 0 0.497908 0
003 4 58 1 4 6 7 1 1 0.583472 0
003 4 59 1 4 4 7 1 1 0.542988 0
003 5 00 1 5 2 8 1 1 0.539072 0
003 5 01 1 1 6 7 1 1 0.587215 0
003 5 02 1 4 4 7 1 1 0.473883 0
003 5 03 1 5 7 4 0 0 0.690181 0
003 5 04 1 1 8 7 1 1 1.191505 0
003 5 05 1 1 8 6 1 1 0.659645 0
003 5 06 1 5 6 8 1 1 0.546672 0
003 5 07 1 5 2 3 0 0 0.553577 0
003 5 08 1 1 8 4 0 0 0.460404 0
003 5 09 1 1 2 7 0 1 0.466503 0
003 5 10 1 5 4 6 1 1 0.724175 0
003 5 11 1 1 8 7 1 1 0.524471 0
003 5 12 1 4 3 4 0 0 0.446978 0
003 5 13 1 4 7 6 1 1 0.668661 0
003 5 14 1 1 4 2 0 0 0.552634 0
003 5 15 1 5 7 6 1 1 0.540554 0
003 5 16 1 4 3 8 1 1 0.611477 0
003 5 17 1 4 4 8 1 1 0.641911 0
003 5 18 1 5 2 3 0 0 0.758965 0
003 5 19 1 4 8 4 0 0 1.355827 0
003 5 20 1 4 8 7 1 1 0.497809 0
003 5 21 1 4 3 7 1 1 0.753209 0
003 5 22 1 5 3 8 1 1 0.644004 0
003 5 23 1 5 4 8 1 1 0.436453 0
003 5 24 1 1 6 3 0 0 0.711034 0
003 5 25 1 1 4 6 1 1 0.495746 0
003 5 26 1 4 4 3 0 0 0.675833 0
003 5 27 1 1 3 4 0 0 0.693142 0
003 5 28 1 1 8 2 0 0 0.693096 0
003 5 29 1 1 6 8 1 1 1.003596 0
003 5 30 1 5 3 4 0 0 0.518751 0
003 5 31 1 5 3 4 0 0 0.758426 0
003 5 32 1 1 2 6 1 1 0.722161 0
003 5 33 1 1 3 4 0 0 0.584502 0
003 5 34 1 5 6 4 0 0 0.648445 0
003 5 35 1 5 4 8 1 1 0.922524 0
003 5 36 1 5 8 3 0 0 0.560318 0
003 5 37 1 1 7 2 0 0 0.584709 0
003 5 38 1 5 8 2 0 0 0.376884 0
003 5 39 1 4 6 2 0 0 0.394348 0
003 5 40 1 5 8 3 0 0 0.582901 0
003 5 41 1 4 3 2 0 0 0.604249 0
003 5 42 1 5 8 4 0 0 0.494285 0
003 5 43 1 1 3 7 1 1 0.431251 0
003 5 44 1 4 3 4 0 0 0.439884 0
003 5 45 1 5 6 3 0 0 0.630654 0
003 5 46 1 1 2 8 1 1 0.772271 0
003 5 47 1 5 3 8 1 1 0.484323 0
003 5 48 1 4 7 3 0 0 1.076252 0
003 5 49 1 1 2 3 0 0 0.460218 0
003 5 50 1 5 7 6 1 1 0.741581 0
003 5 51 1 4 4 3 0 0 0.567981 0
003 5 52 1 1 7 4 0 0 0.595113 0
003 5 53 1 4 6 4 0 0 0.558392 0
003 5 54 1 4 7 6 1 1 0.770666 0
003 5 55 1 5 2 4 0 0 0.521305 0
003 5 56 1 1 4 3 0 0 0.584442 0
003 5 57 1 1 6 3 0 0 0.468773 0
003 5 58 1 5 6 8 1 1 0.655345 0
003 5 59 1 4 3 8 1 1 0.477469 0
003 6 00 1 1 7 4 0 0 0.798470 0
003 6 01 1 4 2 6 1 1 0.488603 0
003 6 02 1 4 7 8 1 1 0.425450 0
003 6 03 1 1 3 2 0 0 0.613661 0
003 6 04 1 1 6 4 0 0 0.565664 0
003 6 05 1 4 6 4 0 0 0.705301 0
003 6 06 1 4 2 3 0 0 0.851385 0
003 6 07 1 1 8 6 1 1 0.617366 0
003 6 08 1 5 7 8 1 1 0.681072 0
003 6 09 1 4 3 2 0 0 0.476717 0
003 6 10 1 1 2 4 0 0 0.576089 0
003 6 11 1 1 6 2 0 0 0.589228 0
003 6 12 1 1 2 3 0 0 0.975675 0
003 6 13 1 1 4 2 0 0 0.392202 0
003 6 14 1 1 7 8 1 1 0.543746 0
003 6 15 1 4 2 6 1 1 0.424619 0
003 6 16 1 4 2 8 1 1 0.548238 0
003 6 17 1 5 8 4 0 0 0.616465 0
003 6 18 1 4 7 4 0 0 0.582349 0
003 6 19 1 5 4 3 0 0 0.506366 0
003 6 20 1 4 3 4 0 0 0.647697 0
003 6 21 1 1 6 7 1 1 0.642279 0
003 6 22 1 1 3 8 1 1 0.582666 0
003 6 23 1 5 6 3 0 0 0.542314 0
003 6 24 1 5 2 6 1 1 0.641941 0
003 6 25 1 5 2 3 0 0 0.425749 0
003 6 26 1 4 8 6 1 1 1.286417 0
003 6 27 1 1 4 6 1 1 0.592957 0
003 6 28 1 4 7 4 0 0 0.787966 0
003 6 29 1 4 3 6 1 1 1.537424 0
003 6 30 1 1 2 8 1 1 0.593408 0
003 6 31 1 5 3 7 1 1 0.416099 0
003 6 32 1 1 4 3 0 0 0.674252 0
003 6 33 1 1 8 6 0 1 0.365654 0
003 6 34 1 4 8 7 1 1 0.486679 0
003 6 35 1 5 3 8 1 1 0.445210 0
003 6 36 1 4 2 4 0 0 0.513037 0
003 6 37 1 1 7 4 0 0 0.928940 0
003 6 38 1 1 7 4 0 0 0.524089 0
003 6 39 1 5 2 6 1 1 0.668142 0
003 6 40 1 1 2 4 0 0 0.634200 0
003 6 41 1 1 2 4 0 0 0.610533 0
003 6 42 1 1 8 4 0 0 0.755551 0
003 6 43 1 1 7 8 1 1 0.769993 0
003 6 44 1 4 8 3 0 0 0.692809 0
003 6 45 1 1 7 6 1 1 0.732221 0
003 6 46 1 4 8 2 0 0 0.521980 0
003 6 47 1 1 7 6 1 1 0.484147 0
003 6 48 1 4 4 8 1 1 0.751476 0
003 6 49 1 5 2 6 0 1 0.385057 0
003 6 50 1 4 4 3 0 0 0.548453 0
003 6 51 1 5 7 4 0 0 0.563937 0
003 6 52 1 4 6 4 0 0 0.506647 0
003 6 53 1 1 3 8 1 1 0.608407 0
003 6 54 1 5 7 3 0 0 0.559691 0
003 6 55 1 4 4 8 1 1 0.528224 0
003 6 56 1 4 3 4 0 0 0.938395 0
003 6 57 1 4 8 3 0 0 0.613048 0
003 6 58 1 1 4 8 1 1 0.623499 0
003 6 59 1 5 2 6 1 1 0.658931 0
003 7 00 1 4 2 6 1 1 0.640925 0
003 7 01 1 4 3 6 1 1 0.855560 0
003 7 02 1 1 7 3 0 0 0.800167 0
003 7 03 1 5 7 3 0 0 1.128783 0
003 7 04 1 5 6 8 1 1 0.578010 0
003 7 05 1 1 2 6 1 1 0.523185 0
003 7 06 1 5 8 2 0 0 0.490710 0
003 7 07 1 5 4 7 1 1 0.481046 0
003 7 08 1 1 7 2 0 0 0.792432 0
003 7 09 1 5 6 2 0 0 0.451394 0
003 7 10 1 5 4 8 1 1 0.608710 0
003 7 11 1 5 2 7 1 1 0.632666 0
003 7 12 1 5 3 8 1 1 0.970658 0
003 7 13 1 4 7 4 0 0 0.740018 0
003 7 14 1 4 7 6 1 1 0.667620 0
003 7 15 1 5 4 8 1 1 0.728470 0
003 7 16 1 1 4 7 1 1 0.585061 0
003 7 17 1 1 3 4 0 0 0.788294 0
003 7 18 1 5 3 6 1 1 0.652111 0
003 7 19 1 5 2 4 0 0 0.461488 0
003 7 20 1 1 7 6 1 1 0.780712 0
003 7 21 1 1 7 8 1 1 0.923647 0
003 7 22 1 4 6 7 1 1 0.480303 0
003 7 23 1 5 8 2 0 0 0.604794 0
003 7 24 1 1 2 7 1 1 0.620459 0
003 7 25 1 4 2 8 1 1 0.456942 0
003 7 26 1 1 4 7 1 1 0.507884 0
003 7 27 1 5 3 6 1 1 1.186717 0
003 7 28 1 4 6 7 1 1 0.432423 0
003 7 29 1 1 7 3 1 0 0.500040 0
003 7 30 1 1 7 4 0 0 -1.000000 0
003 7 31 1 5 4 7 1 1 0.547162 0
003 7 32 1 4 2 8 1 1 0.537311 0
003 7 33 1 4 6 3 1 0 0.723273 0
003 7 34 1 4 6 3 0 0 0.835990 0
003 7 35 1 4 3 8 1 1 0.576667 0
003 7 36 1 5 2 4 0 0 0.441318 0
003 7 37 1 5 6 7 1 1 0.425464 0
003 7 38 1 4 2 4 0 0 0.619774 0
003 7 39 1 5 8 6 1 1 0.429000 0
003 7 40 1 1 7 6 1 1 0.575561 0
003 7 41 1 4 3 7 1 1 0.614099 0
003 7 42 1 1 6 8 1 1 0.608410 0
003 7 43 1 5 4 3 0 0 0.543799 0
003 7 44 1 1 3 6 1 1 0.576187 0
003 7 45 1 4 3 2 0 0 0.438512 0
003 7 46 1 4 4 6 1 1 0.629301 0
003 7 47 1 4 3 4 0 0 0.587298 0
003 7 48 1 5 7 6 1 1 0.477122 0
003 7 49 1 4 4 2 0 0 0.480868 0
003 7 50 1 4 7 6 1 1 0.582453 0
003 7 51 1 1 4 2 0 0 0.561466 0
003 7 52 1 5 4 7 1 1 0.478630 0
003 7 53 1 4 8 3 0 0 0.544194 0
003 7 54 1 4 6 8 1 1 0.369050 0
003 7 55 1 4 8 6 1 1 0.579291 0
003 7 56 1 1 6 7 1 1 0.516688 0
003 7 57 1 4 4 8 1 1 0.651865 0
003 7 58 1 1 4 7 1 1 0.645948 0
003 7 59 1 4 3 7 1 1 0.553144 0
003 8 00 1 5 7 3 0 0 0.634009 0
003 8 01 1 4 7 2 0 0 0.518382 0
003 8 02 1 4 6 8 1 1 0.410474 0
003 8 03 1 5 4 2 0 0 0.525266 0
003 8 04 1 5 7 6 1 1 0.405670 0
003 8 05 1 5 2 7 1 1 0.500868 0
003 8 06 1 5 4 6 1 1 0.700546 0
003 8 07 1 4 2 8 1 1 0.694682 0
003 8 08 1 1 2 3 0 0 0.867650 0
003 8 09 1 1 4 3 0 0 0.540577 0
003 8 10 1 1 6 7 1 1 0.492921 0
003 8 11 1 1 3 8 1 1 0.484807 0
003 8 12 1 1 6 3 0 0 0.729260 0
003 8 13 1 5 8 7 1 1 0.409837 0
003 8 14 1 1 2 6 1 1 0.494549 0
003 8 15 1 4 6 2 0 0 0.467025 0
003 8 16 1 1 3 4 0 0 0.657895 0
003 8 17 1 4 7 8 1 1 0.514224 0
003 8 18 1 5 6 4 0 0 0.568604 0
003 8 19 1 4 4 7 1 1 0.524970 0
003 8 20 1 5 8 2 0 0 0.562506 0
003 8 21 1 4 3 8 1 1 0.506979 0
003 8 22 1 4 3 7 1 1 0.485723 0
003 8 23 1 1 8 2 0 0 0.609379 0
003 8 24 1 5 4 3 0 0 0.630343 0
003 8 25 1 5 3 2 0 0 0.568198 0
003 8 26 1 5 2 8 1 1 0.600509 0
003 8 27 1 1 8 3 0 0 1.069898 0
003 8 28 1 5 6 3 0 0 0.560102 0
003 8 29 1 1 6 4 0 0 0.664841 0
003 8 30 1 4 3 8 1 1 0.939143 0
003 8 31 1 1 6 3 0 0 0.708288 0
003 8 32 1 5 2 7 1 1 0.744719 0
003 8 33 1 5 6 2 0 0 0.475844 0
003 8 34 1 5 4 6 1 1 0.521425 0
003 8 35 1 5 4 2 0 0 0.553028 0
003 8 36 1 1 4 7 1 1 0.618705 0
003 8 37 1 5 6 2 0 0 0.501465 0
003 8 38 1 1 2 7 1 1 0.373845 0
003 8 39 1 4 7 6 1 1 0.455464 0
003 8 40 1 1 2 3 0 0 0.797930 0
003 8 41 1 4 2 7 1 1 0.616540 0
003 8 42 1 4 4 6 1 1 0.593097 0
003 8 43 1 1 6 2 0 0 0.449144 0
003 8 44 1 1 7 3 1 0 0.867371 0
003 8 45 1 5 2 8 1 1 0.533740 0
003 8 46 1 1 7 6 1 1 0.554612 0
003 8 47 1 5 8 7 1 1 0.455914 0
003 8 48 1 1 4 3 0 0 0.490471 0
003 8 49 1 5 6 4 0 0 0.528946 0
003 8 50 1 5 2 4 0 0 0.480680 0
003 8 51 1 5 3 6 1 1 0.540927 0
003 8 52 1 1 3 8 1 1 0.520372 0
003 8 53 1 5 6 7 1 1 0.746332 0
003 8 54 1 4 6 4 0 0 0.500345 0
003 8 55 1 1 7 8 1 1 0.445498 0
003 8 56 1 1 2 8 1 1 0.502036 0
003 8 57 1 4 8 7 1 1 0.492256 0
003 8 58 1 1 4 8 1 1 0.394986 0
003 8 59 1 4 3 8 1 1 0.470991 0
003 9 00 0 4 4 3 0 0 2.521425 0
003 9 01 0 1 3 6 0 0 1.512544 0
003 9 02 0 4 6 2 1 1 0.907452 0
003 9 03 0 1 7 3 1 1 1.274425 0
003 9 04 0 1 4 2 0 0 1.610651 0
003 9 05 0 5 4 7 0 0 1.011496 0
003 9 06 0 4 3 4 0 0 1.505893 0
003 9 07 0 1 6 3 1 1 1.244967 0
003 9 08 0 12 4 6 0 0 1.486289 0
003 9 09 0 4 3 4 0 0 0.978428 0
003 9 10 0 5 4 3 0 0 1.520014 0
003 9 11 0 12 8 4 1 1 0.819959 0
003 9 12 0 1 7 3 1 1 1.026888 0
003 9 13 0 12 7 8 1 1 1.182788 0
003 9 14 0 5 3 2 0 0 1.165447 0
003 9 15 0 1 8 6 0 1 1.088647 0
003 9 16 0 4 4 3 0 0 1.028569 0
003 9 17 0 1 6 4 0 1 1.242507 0
003 9 18 0 4 2 4 0 0 1.113848 0
003 9 19 0 1 2 6 0 0 3.118818 0
003 9 20 0 12 6 4 1 1 1.425629 0
003 9 21 0 1 6 2 0 1 2.188766 0
003 9 22 0 12 6 2 1 1 1.085199 0
003 9 23 0 12 8 6 0 1 0.879743 0
003 9 24 0 4 2 3 1 0 1.555099 0
003 9 25 0 12 4 8 0 0 0.711988 0
003 9 26 0 4 2 4 1 0 3.512818 0
003 9 27 0 5 6 2 1 1 1.687657 0
003 9 28 0 1 2 3 1 0 1.155831 0
003 9 29 0 12 7 8 1 1 0.782632 0
003 9 30 0 1 4 7 1 0 1.403275 0
003 9 31 0 12 6 8 1 1 1.349284 0
003 9 32 0 4 4 2 0 0 0.781321 0
003 9 33 0 12 8 7 1 1 0.742134 0
003 9 34 0 5 2 3 0 0 0.819251 0
003 9 35 0 12 3 6 0 0 1.171811 0
003 9 36 0 1 7 2 1 1 1.334234 0
003 9 37 0 12 2 6 0 0 1.208999 0
003 9 38 0 4 6 4 1 1 1.637755 0
003 9 39 0 1 2 7 0 0 1.573991 0
003 9 40 0 1 4 7 0 0 1.629948 0
003 9 41 0 1 8 6 0 1 1.272329 0
003 9 42 0 12 7 2 1 1 1.564612 0
003 9 43 0 1 3 7 0 0 1.735375 0
003 9 44 0 1 7 4 1 1 4.317022 0
003 9 45 0 12 8 2 1 1 1.518838 0
003 9 46 0 12 2 8 1 0 1.109549 0
003 9 47 0 4 7 2 1 1 1.058112 0
003 9 48 0 12 4 2 0 0 0.743292 0
003 9 49 0 12 8 4 1 1 1.535625 0
003 9 50 0 5 3 4 1 0 0.778565 0
003 9 51 0 4 7 6 0 1 1.161386 0
003 9 52 0 5 8 3 1 1 0.822185 0
003 9 53 0 12 2 4 0 0 1.306675 0
003 9 54 0 5 2 3 0 0 0.903873 0
003 9 55 0 1 6 4 0 1 0.887498 0
003 9 56 0 5 6 3 1 1 0.828846 0
003 9 57 0 4 3 2 1 0 1.506534 0
003 9 58 0 12 8 3 1 1 0.531393 0
003 9 59 0 5 8 7 1 1 0.881455 0
003 10 00 0 1 3 6 1 0 1.507128 0
003 10 01 0 12 8 7 1 1 0.607729 0
003 10 02 0 1 4 2 0 0 1.745755 0
003 10 03 0 1 6 4 1 1 0.887606 0
003 10 04 0 4 3 7 0 0 0.839921 0
003 10 05 0 12 2 7 0 0 2.622353 0
003 10 06 0 1 8 2 0 1 1.569276 0
003 10 07 0 4 3 6 0 0 1.384501 0
003 10 08 0 4 6 2 1 1 1.234507 0
003 10 09 0 5 3 7 0 0 0.850522 0
003 10 10 0 1 2 7 1 0 0.676134 0
003 10 11 0 1 3 8 0 0 1.438955 0
003 10 12 0 4 7 4 1 1 2.059873 0
003 10 13 0 5 6 8 0 1 0.556754 0
003 10 14 0 4 6 4 1 1 0.506539 0
003 10 15 0 5 3 4 0 0 1.063563 0
003 10 16 0 5 7 2 0 1 0.792483 0
003 10 17 0 5 6 4 1 1 0.990869 0
003 10 18 0 5 2 4 0 0 2.350802 0
003 10 19 0 4 3 4 0 0 0.755125 0
003 10 20 0 1 2 8 1 0 0.636443 0
003 10 21 0 12 7 8 0 1 1.635549 0
003 10 22 0 1 4 3 0 0 1.285774 0
003 10 23 0 4 4 8 0 0 3.079717 0
003 10 24 0 4 2 7 1 0 1.879603 0
003 10 25 0 4 8 7 1 1 1.136919 0
003 10 26 0 4 3 6 0 0 0.763264 0
003 10 27 0 12 6 8 1 1 1.138572 0
003 10 28 0 4 2 8 0 0 0.818335 0
003 10 29 0 1 8 7 1 1 0.862909 0
003 10 30 0 4 2 7 0 0 0.708925 0
003 10 31 0 4 7 6 1 1 1.632076 0
003 10 32 0 12 7 2 0 1 0.832016 0
003 10 33 0 1 7 6 1 1 1.338589 0
003 10 34 0 12 2 3 0 0 1.144064 0
003 10 35 0 4 8 6 1 1 1.190389 0
003 10 36 0 5 7 3 1 1 1.302005 0
003 10 37 0 12 2 6 0 0 0.905784 0
003 10 38 0 12 7 8 1 1 0.721615 0
003 10 39 0 12 6 7 1 1 1.040655 0
003 10 40 0 12 7 6 1 1 0.928392 0
003 10 41 0 12 7 4 0 1 0.747815 0
003 10 42 0 12 8 7 1 1 1.000172 0
003 10 43 0 12 7 8 1 1 0.850444 0
003 10 44 0 5 6 4 1 1 1.525824 0
003 10 45 0 5 8 2 0 1 1.576393 0
003 10 46 0 12 6 4 1 1 1.002575 0
003 10 47 0 5 3 7 0 0 1.956488 0
003 10 48 0 12 8 6 1 1 1.495391 0
003 10 49 0 12 4 2 0 0 0.657595 0
003 10 50 0 12 7 6 1 1 0.864370 0
003 10 51 0 1 2 6 0 0 1.979425 0
003 10 52 0 12 3 8 0 0 1.681030 0
003 10 53 0 5 6 3 1 1 0.954365 0
003 10 54 0 12 7 3 1 1 1.137796 0
003 10 55 0 1 2 3 0 0 1.753760 0
003 10 56 0 12 8 4 1 1 0.848028 0
003 10 57 0 1 4 7 0 0 1.013238 0
003 10 58 0 1 6 8 1 1 1.184915 0
003 10 59 0 4 8 3 0 1 1.064124 0
003 11 00 0 1 8 6 1 1 1.238353 0
003 11 01 0 5 8 6 1 1 0.762486 0
003 11 02 0 12 7 2 1 1 1.160604 0
003 11 03 0 1 3 2 0 0 1.388046 0
003 11 04 0 4 7 4 1 1 0.885608 0
003 11 05 0 1 3 7 1 0 0.900592 0
003 11 06 0 12 4 6 0 0 1.679096 0
003 11 07 0 4 6 7 0 1 1.193409 0
003 11 08 0 5 4 2 0 0 0.995018 0
003 11 09 0 4 7 8 0 1 1.394764 0
003 11 10 0 4 6 2 1 1 0.895259 0
003 11 11 0 12 2 6 0 0 1.997944 0
003 11 12 0 5 3 8 1 0 1.127881 0
003 11 13 0 12 7 2 1 1 1.287297 0
003 11 14 0 12 4 8 0 0 1.137505 0
003 11 15 0 12 8 2 1 1 0.883037 0
003 11 16 0 12 8 6 0 1 0.746609 0
003 11 17 0 1 7 3 1 1 1.572489 0
003 11 18 0 1 7 6 0 1 1.158134 0
003 11 19 0 1 4 6 0 0 1.661805 0
003 11 20 0 1 2 4 0 0 2.068599 0
003 11 21 0 5 8 4 1 1 0.677981 0
003 11 22 0 5 7 8 1 1 1.136078 0
003 11 23 0 4 6 7 1 1 1.082458 0
003 11 24 0 12 6 2 1 1 1.580709 0
003 11 25 0 5 3 2 0 0 0.788971 0
003 11 26 0 4 8 6 1 1 1.172418 0
003 11 27 0 12 7 6 1 1 0.819768 0
003 11 28 0 1 3 2 1 0 1.441150 0
003 11 29 0 12 8 7 1 1 0.855211 0
003 11 30 0 4 8 7 1 1 1.334707 0
003 11 31 0 1 6 3 0 1 0.531236 0
003 11 32 0 12 6 8 1 1 1.927833 0
003 11 33 0 5 2 3 0 0 0.729371 0
003 11 34 0 1 6 7 1 1 3.216597 0
003 11 35 0 12 4 3 0 0 1.078711 0
003 11 36 0 1 4 6 0 0 1.747363 0
003 11 37 0 12 6 4 1 1 1.094423 0
003 11 38 0 1 2 6 1 0 1.648805 0
003 11 39 0 4 3 8 0 0 0.929944 0
003 11 40 0 1 2 4 1 0 1.280864 0
003 11 41 0 4 8 2 1 1 1.460868 0
003 11 42 0 5 2 6 0 0 1.244573 0
003 11 43 0 1 6 2 1 1 1.132646 0
003 11 44 0 12 3 2 0 0 0.852604 0
003 11 45 0 5 6 3 1 1 1.101587 0
003 11 46 0 12 4 2 0 0 1.356112 0
003 11 47 0 5 4 7 0 0 1.424494 0
003 11 48 0 12 3 7 0 0 0.972405 0
003 11 49 0 1 6 8 1 1 0.625805 0
003 11 50 0 5 3 6 1 0 1.565492 0
003 11 51 0 5 2 8 0 0 0.857407 0
003 11 52 0 5 8 4 0 1 0.826851 0
003 11 53 0 1 3 4 0 0 1.873866 0
003 11 54 0 1 6 7 0 1 1.475377 0
003 11 55 0 12 3 4 0 0 0.903590 0
003 11 56 0 12 4 2 0 0 0.971571 0
003 11 57 0 12 3 7 0 0 1.915030 0
003 11 58 0 12 2 6 0 0 0.725279 0
003 11 59 0 1 4 8 0 0 1.928695 0
003 12 00 0 5 2 8 1 0 3.774638 0
003 12 01 0 4 4 2 0 0 0.708138 0
003 12 02 0 5 6 7 1 1 1.749787 0
003 12 03 0 1 3 2 0 0 0.804461 0
003 12 04 0 5 7 4 1 1 1.496676 0
003 12 05 0 12 7 6 1 1 1.060066 0
003 12 06 0 12 6 3 0 1 0.611298 0
003 12 07 0 12 2 7 0 0 1.425547 0
003 12 08 0 1 2 4 1 0 1.461461 0
003 12 09 0 1 7 2 1 1 1.455431 0
003 12 10 0 1 4 2 1 0 1.028965 0
003 12 11 0 12 4 3 0 0 1.320022 0
003 12 12 0 5 2 7 1 0 1.013746 0
003 12 13 0 1 8 3 1 1 1.984870 0
003 12 14 0 1 8 4 0 1 1.053025 0
003 12 15 0 1 4 6 1 0 1.898975 0
003 12 16 0 4 8 7 -1 1 -1.000000 0
003 12 17 0 12 6 7 1 1 1.842469 0
003 12 18 0 1 4 8 0 0 1.096705 0
003 12 19 0 5 2 4 0 0 0.787839 0
003 12 20 0 4 6 8 1 1 1.229806 0
003 12 21 0 12 6 8 1 1 0.942201 0
003 12 22 0 4 6 7 1 1 1.237221 0
003 12 23 0 4 2 4 0 0 0.839587 0
003 12 24 0 12 4 7 0 0 1.212818 0
003 12 25 0 4 7 2 1 1 1.899403 0
003 12 26 0 1 7 4 1 1 1.330620 0
003 12 27 0 5 7 4 0 1 1.129947 0
003 12 28 0 4 4 2 0 0 1.250145 0
003 12 29 0 1 2 8 1 0 0.843621 0
003 12 30 0 4 7 4 1 1 1.667082 0
003 12 31 0 12 4 2 0 0 0.780246 0
003 12 32 0 12 8 4 1 1 0.953947 0
003 12 33 0 4 8 4 1 1 0.719122 0
003 12 34 0 5 8 3 1 1 1.138323 0
003 12 35 0 1 3 2 0 0 1.375204 0
003 12 36 0 5 7 8 1 1 1.407686 0
003 12 37 0 4 3 7 0 0 1.156703 0
003 12 38 0 12 6 8 1 1 0.835170 0
003 12 39 0 1 7 8 1 1 0.907690 0
003 12 40 0 5 7 6 1 1 1.827022 0
003 12 41 0 12 2 7 0 0 1.300260 0
003 12 42 0 12 3 6 0 0 0.696560 0
003 12 43 0 12 3 7 0 0 0.911400 0
003 12 44 0 1 6 8 0 1 0.833628 0
003 12 45 0 12 6 2 1 1 1.086318 0
003 12 46 0 5 7 6 1 1 1.450085 0
003 12 47 0 12 4 8 1 0 0.744180 0
003 12 48 0 1 2 3 1 0 1.163361 0
003 12 49 0 4 3 6 0 0 2.233558 0
003 12 50 0 12 3 2 0 0 0.880556 0
003 12 51 0 5 6 7 1 1 1.455065 0
003 12 52 0 12 7 3 0 1 0.611260 0
003 12 53 0 12 7 2 1 1 1.013466 0
003 12 54 0 12 8 6 1 1 0.849904 0
003 12 55 0 5 4 8 0 0 1.835985 0
003 12 56 0 5 8 2 1 1 0.962197 0
003 12 57 0 12 2 7 0 0 1.384025 0
003 12 58 0 1 2 7 0 0 0.967529 0
003 12 59 0 4 3 8 0 0 1.027111 0
