12 0 0 0.500000 0 2 1 1 1.313444 0 7 3 425 418 9 600 382 NA NA NA NA NA NA NA NA NA NA NA NA NA NA NA NA NA NA 
12 0 1 0.500000 0 2 1 1 0.825979 1 3 5 499 453 9 456 368 NA NA NA NA NA NA NA NA NA NA NA NA NA NA NA NA NA NA 
12 0 2 0.500000 0 2 1 1 0.781552 0 3 1 396 405 5 627 445 NA NA NA NA NA NA NA NA NA NA NA NA NA NA NA NA NA NA 
12 0 3 0.500000 0 5 1 0 1.121371 3 4 5 453 312 9 593 354 6 636 434 8 443 425 10 393 394 NA NA NA NA NA NA NA NA NA 
12 0 4 0.500000 0 5 0 0 0.914513 1 2 7 620 458 2 631 340 8 462 444 6 568 302 4 547 472 NA NA NA NA NA NA NA NA NA 
12 0 5 0.500000 0 5 0 0 1.146167 2 5 7 572 404 1 429 359 5 583 297 9 474 466 2 407 465 NA NA NA NA NA NA NA NA NA 
12 0 6 0.500000 0 2 0 0 1.122167 1 9 8 518 310 9 578 371 NA NA NA NA NA NA NA NA NA NA NA NA NA NA NA NA NA NA 
12 0 7 0.500000 0 8 0 1 1.205015 4 6 3 595 411 5 588 473 8 431 466 1 413 361 6 513 463 9 449 311 10 512 326 7 618 318 
12 0 8 0.500000 0 8 1 0 1.452996 0 2 1 436 313 5 601 393 7 503 299 6 387 434 8 577 316 10 509 469 3 400 373 9 457 428 
12 0 9 0.500000 0 8 0 0 0.899180 3 7 1 413 301 3 615 355 6 588 428 7 575 298 4 412 426 5 456 341 8 536 472 10 472 463 
12 0 10 0.500000 0 8 0 1 2.259642 2 10 4 630 366 9 400 383 10 506 445 1 465 310 6 600 451 5 612 296 8 405 323 2 537 328 
12 0 11 0.500000 0 5 1 1 0.866502 3 9 1 554 315 2 527 448 5 608 354 8 418 471 6 407 323 NA NA NA NA NA NA NA NA NA 
12 0 12 0.500000 0 8 0 0 0.777218 2 7 1 590 324 10 477 464 7 532 327 4 454 314 6 620 396 3 402 340 8 537 467 9 431 415 
12 0 13 0.500000 0 8 1 1 0.817630 6 3 2 428 404 9 580 387 7 469 343 4 594 321 5 625 463 10 548 452 6 443 465 8 517 300 
12 0 14 0.500000 0 8 0 0 1.800674 4 1 5 447 366 10 606 436 7 487 447 9 621 350 1 544 332 6 555 468 4 439 303 2 415 429 
12 0 15 0.500000 0 8 1 1 0.955451 7 3 8 544 333 5 470 327 7 406 453 4 539 445 6 412 317 9 461 419 10 395 386 1 625 368 
12 0 16 0.500000 0 8 0 1 1.330838 2 6 7 423 441 5 604 400 6 423 339 10 561 334 9 535 455 4 471 306 1 624 334 3 634 466 
12 0 17 0.500000 0 5 0 1 0.908574 4 7 6 439 461 9 396 400 10 618 451 2 541 321 7 527 451 NA NA NA NA NA NA NA NA NA 
12 0 18 0.500000 0 2 1 1 0.769306 1 8 6 423 423 3 549 432 NA NA NA NA NA NA NA NA NA NA NA NA NA NA NA NA NA NA 
12 0 19 0.500000 0 2 0 0 0.717384 1 8 9 591 461 8 625 302 NA NA NA NA NA NA NA NA NA NA NA NA NA NA NA NA NA NA 
12 0 20 0.500000 0 5 1 1 1.001508 4 9 2 476 330 3 473 474 7 565 425 1 533 302 8 565 355 NA NA NA NA NA NA NA NA NA 
12 0 21 0.500000 0 2 0 0 0.645450 1 3 7 593 349 3 514 324 NA NA NA NA NA NA NA NA NA NA NA NA NA NA NA NA NA NA 
12 0 22 0.500000 0 2 1 1 0.715642 0 4 9 595 401 5 438 359 NA NA NA NA NA NA NA NA NA NA NA NA NA NA NA NA NA NA 
12 0 23 0.500000 0 8 0 1 1.122616 2 5 2 549 469 6 413 433 5 425 363 3 573 384 10 406 297 7 619 434 1 482 450 8 606 305 
12 0 24 0.500000 0 2 0 0 1.405203 1 3 2 432 364 3 412 464 NA NA NA NA NA NA NA NA NA NA NA NA NA NA NA NA NA NA 
12 0 25 0.500000 0 2 1 1 0.731047 1 7 10 463 418 6 626 328 NA NA NA NA NA NA NA NA NA NA NA NA NA NA NA NA NA NA 
12 0 26 0.500000 0 8 0 0 1.198756 6 7 5 637 470 4 628 367 2 435 457 6 450 326 9 573 393 1 424 381 7 570 325 10 523 452 
12 0 27 0.500000 0 2 0 0 0.917662 0 6 6 603 389 10 616 306 NA NA NA NA NA NA NA NA NA NA NA NA NA NA NA NA NA NA 
12 0 28 0.500000 0 8 0 0 0.952736 6 4 5 448 331 3 403 390 10 558 438 8 477 435 1 588 361 9 518 299 4 627 307 6 391 319 
12 0 29 0.500000 0 5 0 0 0.924336 3 10 7 615 391 1 519 315 4 627 295 10 507 472 2 575 336 NA NA NA NA NA NA NA NA NA 
12 0 30 0.500000 0 5 0 0 0.703259 0 7 7 628 403 10 534 297 2 569 460 8 415 408 4 460 318 NA NA NA NA NA NA NA NA NA 
12 0 31 0.500000 0 2 1 1 0.878601 0 8 10 627 319 3 569 473 NA NA NA NA NA NA NA NA NA NA NA NA NA NA NA NA NA NA 
12 0 32 0.500000 0 8 1 1 0.803393 7 4 6 601 313 5 469 328 7 414 365 1 503 448 3 628 455 8 399 432 2 585 385 10 447 472 
12 0 33 0.500000 0 5 0 0 0.646919 0 1 1 632 354 6 456 449 10 537 450 3 416 339 5 571 314 NA NA NA NA NA NA NA NA NA 
12 0 34 0.500000 0 8 1 1 0.681584 0 3 7 430 425 6 440 294 10 512 467 5 566 339 4 635 315 1 504 309 2 628 412 8 423 355 
12 0 35 0.500000 0 2 1 1 0.701968 1 3 10 404 355 1 571 448 NA NA NA NA NA NA NA NA NA NA NA NA NA NA NA NA NA NA 
12 0 36 0.500000 0 8 1 1 1.205138 0 9 7 406 299 3 593 395 6 440 349 1 408 474 4 517 466 8 516 311 5 582 304 2 604 458 
12 0 37 0.500000 0 5 1 1 1.102063 4 1 9 555 340 10 574 457 3 466 308 2 625 362 5 389 308 NA NA NA NA NA NA NA NA NA 
12 0 38 0.500000 0 2 0 0 0.632841 1 8 3 607 405 8 546 432 NA NA NA NA NA NA NA NA NA NA NA NA NA NA NA NA NA NA 
12 0 39 0.500000 0 8 0 1 0.984035 7 5 1 634 322 9 399 299 10 562 302 7 398 454 3 456 338 4 400 376 2 631 387 5 462 418 
12 0 40 0.500000 0 2 0 0 0.721223 0 2 2 455 426 5 490 324 NA NA NA NA NA NA NA NA NA NA NA NA NA NA NA NA NA NA 
12 0 41 0.500000 0 5 0 0 1.507744 0 5 5 516 323 1 588 412 4 421 373 6 602 295 3 423 457 NA NA NA NA NA NA NA NA NA 
12 0 42 0.500000 0 5 0 0 1.036381 2 5 3 637 454 1 411 333 5 430 415 7 593 309 2 602 369 NA NA NA NA NA NA NA NA NA 
12 0 43 0.500000 0 2 0 0 0.739529 0 6 6 443 321 4 400 461 NA NA NA NA NA NA NA NA NA NA NA NA NA NA NA NA NA NA 
12 0 44 0.500000 0 2 0 0 0.827095 0 5 5 450 308 6 618 468 NA NA NA NA NA NA NA NA NA NA NA NA NA NA NA NA NA NA 
12 0 45 0.500000 0 5 1 1 0.792862 4 9 5 393 332 4 596 319 3 565 473 8 486 437 2 627 393 NA NA NA NA NA NA NA NA NA 
12 0 46 0.500000 0 5 1 1 0.693982 1 10 7 528 326 8 467 329 1 595 323 6 601 391 3 453 472 NA NA NA NA NA NA NA NA NA 
12 0 47 0.500000 0 5 0 1 0.998200 1 5 3 428 329 5 621 411 2 533 447 7 635 313 4 528 320 NA NA NA NA NA NA NA NA NA 
12 0 48 0.500000 0 2 1 1 0.672552 1 5 7 391 442 3 536 305 NA NA NA NA NA NA NA NA NA NA NA NA NA NA NA NA NA NA 
12 0 49 0.500000 0 8 1 1 0.854377 1 5 2 403 374 1 610 471 10 546 300 7 587 381 8 459 316 9 627 329 6 463 447 3 520 472 
12 0 50 0.500000 0 5 1 1 0.738910 4 1 9 572 380 4 402 372 7 626 306 2 472 323 10 629 396 NA NA NA NA NA NA NA NA NA 
12 0 51 0.500000 0 8 1 1 0.799525 6 5 3 438 346 10 509 324 1 587 410 2 486 467 9 593 343 8 401 392 6 394 299 7 544 455 
12 0 52 0.500000 0 5 1 1 0.693286 2 10 9 472 330 2 580 365 4 635 473 7 391 408 8 592 303 NA NA NA NA NA NA NA NA NA 
12 0 53 0.500000 0 5 0 0 0.749944 4 1 9 564 457 2 444 388 7 513 310 3 394 456 1 452 299 NA NA NA NA NA NA NA NA NA 
12 0 54 0.500000 0 8 1 1 1.061617 6 9 10 445 373 1 585 381 4 525 322 5 392 342 3 400 467 8 462 467 7 459 315 6 592 299 
12 0 55 0.500000 0 8 1 1 0.981116 2 5 10 574 424 7 433 348 2 604 335 3 487 303 4 389 429 6 492 468 9 624 459 8 461 415 
12 0 56 0.500000 0 2 1 1 0.776490 0 8 3 564 333 9 573 467 NA NA NA NA NA NA NA NA NA NA NA NA NA NA NA NA NA NA 
12 0 57 0.500000 0 5 1 1 0.921648 3 7 5 394 374 4 463 298 1 427 468 3 623 448 9 614 310 NA NA NA NA NA NA NA NA NA 
12 0 58 0.500000 0 2 0 0 0.807913 0 2 2 596 326 6 451 401 NA NA NA NA NA NA NA NA NA NA NA NA NA NA NA NA NA NA 
12 0 59 0.500000 0 5 1 1 0.742000 4 10 8 603 302 6 512 294 9 631 384 7 397 407 3 435 308 NA NA NA NA NA NA NA NA NA 
12 1 0 0.300000 0 8 1 1 0.850097 5 1 2 425 379 4 412 456 9 620 450 5 497 326 8 421 303 10 568 357 7 634 341 3 496 457 
12 1 1 0.300000 0 2 1 1 0.680279 1 1 10 398 418 9 389 316 NA NA NA NA NA NA NA NA NA NA NA NA NA NA NA NA NA NA 
12 1 2 0.300000 0 8 1 0 0.543495 4 7 9 633 397 1 451 316 3 479 458 5 409 461 2 567 323 10 556 422 4 617 456 6 403 371 
12 1 3 0.300000 0 8 0 1 0.776921 3 6 8 392 354 5 625 470 3 546 451 6 571 297 1 433 415 7 599 382 4 453 314 9 458 474 
12 1 4 0.300000 0 8 0 0 0.955257 2 6 4 627 296 5 436 315 6 610 449 10 517 308 7 388 448 3 463 435 1 567 365 9 633 370 
12 1 5 0.300000 0 5 0 1 0.927849 2 8 4 567 303 6 568 422 8 461 424 9 455 322 1 515 457 NA NA NA NA NA NA NA NA NA 
12 1 6 0.300000 0 2 1 1 0.626730 1 9 7 445 456 2 468 308 NA NA NA NA NA NA NA NA NA NA NA NA NA NA NA NA NA NA 
12 1 7 0.300000 0 8 0 1 1.032083 6 3 6 624 349 9 422 400 8 560 344 5 534 438 1 394 309 4 621 423 3 490 304 2 455 472 
12 1 8 0.300000 0 5 0 0 1.075425 1 2 10 449 382 2 602 408 3 514 297 1 464 441 5 577 306 NA NA NA NA NA NA NA NA NA 
12 1 9 0.300000 0 5 0 0 0.890178 1 3 4 602 395 3 573 339 1 417 467 6 438 360 5 506 445 NA NA NA NA NA NA NA NA NA 
12 1 10 0.300000 0 8 0 0 0.869411 5 8 4 444 409 2 609 443 1 595 347 6 432 330 3 391 467 8 498 297 9 525 469 7 388 373 
12 1 11 0.300000 0 2 0 0 0.639016 0 2 2 541 303 3 396 320 NA NA NA NA NA NA NA NA NA NA NA NA NA NA NA NA NA NA 
12 1 12 0.300000 0 5 0 0 0.736843 1 1 9 427 303 1 622 321 6 510 453 5 580 419 10 637 439 NA NA NA NA NA NA NA NA NA 
12 1 13 0.300000 0 2 0 0 0.740425 0 7 7 582 426 5 486 446 NA NA NA NA NA NA NA NA NA NA NA NA NA NA NA NA NA NA 
12 1 14 0.300000 0 5 0 1 0.940307 4 4 2 467 471 8 394 304 1 483 321 6 554 451 4 616 442 NA NA NA NA NA NA NA NA NA 
12 1 15 0.300000 0 5 1 1 1.019761 0 3 6 590 320 9 481 448 7 410 356 4 630 471 1 590 400 NA NA NA NA NA NA NA NA NA 
12 1 16 0.300000 0 5 1 1 0.822854 4 9 10 574 424 8 427 346 5 516 294 2 620 350 4 426 464 NA NA NA NA NA NA NA NA NA 
12 1 17 0.300000 0 8 0 0 0.585665 7 7 2 531 443 3 522 297 6 451 318 4 585 376 5 388 331 1 443 426 8 636 456 7 607 313 
12 1 18 0.300000 0 2 0 0 1.091189 0 10 10 400 366 1 492 318 NA NA NA NA NA NA NA NA NA NA NA NA NA NA NA NA NA NA 
12 1 19 0.300000 0 2 0 0 0.826631 1 2 5 546 298 2 517 468 NA NA NA NA NA NA NA NA NA NA NA NA NA NA NA NA NA NA 
12 1 20 0.300000 0 2 1 1 0.670283 0 9 10 444 442 5 447 353 NA NA NA NA NA NA NA NA NA NA NA NA NA NA NA NA NA NA 
12 1 21 0.300000 0 2 0 0 0.568911 1 3 1 632 396 3 561 470 NA NA NA NA NA NA NA NA NA NA NA NA NA NA NA NA NA NA 
12 1 22 0.300000 0 5 1 1 0.900471 3 4 7 407 297 10 621 456 1 600 301 5 512 307 8 412 449 NA NA NA NA NA NA NA NA NA 
12 1 23 0.300000 0 5 0 1 0.969864 2 9 8 571 304 2 592 425 9 409 344 10 468 468 6 594 366 NA NA NA NA NA NA NA NA NA 
12 1 24 0.300000 0 8 1 0 0.530741 6 4 6 617 300 1 588 444 7 460 356 3 514 324 2 431 428 9 530 461 8 629 383 10 419 301 
12 1 25 0.300000 0 2 1 1 0.642091 0 10 7 593 364 3 397 443 NA NA NA NA NA NA NA NA NA NA NA NA NA NA NA NA NA NA 
12 1 26 0.300000 0 5 1 1 1.654730 0 7 6 530 450 3 453 318 1 611 304 5 553 315 2 422 383 NA NA NA NA NA NA NA NA NA 
12 1 27 0.300000 0 2 0 0 0.674035 1 9 10 589 316 9 473 473 NA NA NA NA NA NA NA NA NA NA NA NA NA NA NA NA NA NA 
12 1 28 0.300000 0 5 0 0 0.774345 0 2 2 392 461 5 614 346 9 443 337 10 594 415 3 492 466 NA NA NA NA NA NA NA NA NA 
12 1 29 0.300000 0 8 0 0 1.388650 7 5 7 388 400 4 459 327 8 432 459 2 569 429 6 402 295 10 616 309 1 563 351 5 632 381 
12 1 30 0.300000 0 5 0 0 0.810332 2 6 2 487 323 10 601 381 6 615 444 8 570 324 9 390 454 NA NA NA NA NA NA NA NA NA 
12 1 31 0.300000 0 2 0 0 0.515665 1 3 4 609 370 3 398 350 NA NA NA NA NA NA NA NA NA NA NA NA NA NA NA NA NA NA 
12 1 32 0.300000 0 8 0 0 0.774230 4 2 1 446 465 8 445 338 4 534 447 10 630 422 2 630 318 5 502 299 7 565 302 3 395 381 
12 1 33 0.300000 0 8 1 1 1.325571 4 6 2 387 359 9 434 405 5 574 470 7 595 354 1 492 308 4 493 473 3 447 348 8 636 308 
12 1 34 0.300000 0 5 0 0 0.814921 1 10 3 454 409 10 472 330 9 489 473 8 583 363 6 411 325 NA NA NA NA NA NA NA NA NA 
12 1 35 0.300000 0 2 0 0 0.812432 0 3 3 452 368 2 397 300 NA NA NA NA NA NA NA NA NA NA NA NA NA NA NA NA NA NA 
12 1 36 0.300000 0 5 0 0 0.651670 0 10 10 399 316 5 632 399 2 445 395 3 534 328 1 489 455 NA NA NA NA NA NA NA NA NA 
12 1 37 0.300000 0 8 0 1 1.219169 4 4 6 416 439 9 564 427 2 456 304 10 496 441 4 428 377 8 618 358 5 543 305 7 624 459 
12 1 38 0.300000 0 2 0 0 0.827624 1 7 4 451 452 7 559 304 NA NA NA NA NA NA NA NA NA NA NA NA NA NA NA NA NA NA 
12 1 39 0.300000 0 2 0 0 0.661893 0 7 7 465 467 4 576 397 NA NA NA NA NA NA NA NA NA NA NA NA NA NA NA NA NA NA 
12 1 40 0.300000 0 2 1 1 0.675640 0 8 9 620 390 5 435 363 NA NA NA NA NA NA NA NA NA NA NA NA NA NA NA NA NA NA 
12 1 41 0.300000 0 8 0 0 0.809202 5 1 3 504 306 4 580 350 10 563 414 6 435 388 5 612 294 1 530 467 7 417 296 2 465 468 
12 1 42 0.300000 0 8 0 0 0.559078 1 1 6 425 466 1 550 435 7 415 300 8 388 358 3 428 401 4 501 467 9 606 453 2 608 378 
12 1 43 0.300000 0 8 1 1 1.043483 6 3 1 604 338 4 417 423 2 575 474 8 396 351 9 634 464 6 541 331 10 468 470 7 462 298 
12 1 44 0.300000 0 5 0 0 0.581380 1 3 8 581 399 3 402 402 9 428 345 7 591 336 6 584 467 NA NA NA NA NA NA NA NA NA 
12 1 45 0.300000 0 2 0 0 0.397371 0 3 3 545 333 7 605 341 NA NA NA NA NA NA NA NA NA NA NA NA NA NA NA NA NA NA 
12 1 46 0.300000 0 2 1 1 0.598419 0 4 9 423 443 6 576 453 NA NA NA NA NA NA NA NA NA NA NA NA NA NA NA NA NA NA 
12 1 47 0.300000 0 5 0 1 0.965027 2 5 2 629 336 7 570 404 5 450 367 10 388 345 4 412 418 NA NA NA NA NA NA NA NA NA 
12 1 48 0.300000 0 2 0 0 0.578368 0 3 3 440 325 5 392 449 NA NA NA NA NA NA NA NA NA NA NA NA NA NA NA NA NA NA 
12 1 49 0.300000 0 8 1 1 1.011017 3 9 10 514 443 5 592 444 1 389 332 4 445 394 8 606 366 2 453 325 3 422 455 7 637 307 
12 1 50 0.300000 0 5 1 1 1.029894 3 1 6 579 434 10 623 348 5 415 450 4 550 320 2 452 352 NA NA NA NA NA NA NA NA NA 
12 1 51 0.300000 0 2 0 0 0.731761 0 5 5 600 473 2 528 319 NA NA NA NA NA NA NA NA NA NA NA NA NA NA NA NA NA NA 
12 1 52 0.300000 0 8 0 1 0.986885 4 6 4 403 468 1 530 466 8 621 443 7 392 399 6 583 321 3 606 377 9 456 334 5 517 302 
12 1 53 0.300000 0 5 1 0 0.790493 0 8 2 562 436 3 392 398 1 633 306 4 504 301 7 446 365 NA NA NA NA NA NA NA NA NA 
12 1 54 0.300000 0 2 0 0 0.408702 1 4 10 562 429 4 469 440 NA NA NA NA NA NA NA NA NA NA NA NA NA NA NA NA NA NA 
12 1 55 0.300000 0 5 0 0 0.636923 1 8 1 576 446 8 566 316 10 441 429 6 627 412 5 456 367 NA NA NA NA NA NA NA NA NA 
12 1 56 0.300000 0 8 0 0 0.591042 6 7 3 463 416 8 500 303 2 569 311 6 431 302 4 433 360 1 568 443 7 633 466 9 570 373 
12 1 57 0.300000 0 8 0 0 0.821730 1 10 7 443 377 10 395 306 3 607 398 4 609 465 5 520 301 2 423 456 6 497 474 8 591 314 
12 1 58 0.300000 0 5 0 0 0.603038 2 5 6 393 402 3 449 442 5 486 305 9 600 398 7 609 472 NA NA NA NA NA NA NA NA NA 
12 1 59 0.300000 0 8 0 0 0.614638 0 9 9 401 407 8 411 315 5 535 461 2 478 335 7 589 360 1 566 304 3 424 469 6 620 418 
12 2 0 0.700000 0 2 1 1 0.920523 1 2 9 489 460 10 451 392 NA NA NA NA NA NA NA NA NA NA NA NA NA NA NA NA NA NA 
12 2 1 0.700000 0 2 0 0 1.069326 1 8 7 425 344 8 412 417 NA NA NA NA NA NA NA NA NA NA NA NA NA NA NA NA NA NA 
12 2 2 0.700000 0 5 1 1 1.130506 1 2 5 439 356 1 614 361 3 477 456 8 575 302 4 540 439 NA NA NA NA NA NA NA NA NA 
12 2 3 0.700000 0 8 0 0 1.035517 3 4 5 448 424 6 582 375 7 452 358 4 586 298 8 415 310 9 546 450 1 496 317 2 636 334 
12 2 4 0.700000 0 5 1 1 1.004675 0 5 2 600 311 3 571 377 7 461 474 4 630 421 1 489 302 NA NA NA NA NA NA NA NA NA 
12 2 5 0.700000 0 2 1 1 0.701573 1 6 4 615 329 3 527 467 NA NA NA NA NA NA NA NA NA NA NA NA NA NA NA NA NA NA 
12 2 6 0.700000 0 2 1 1 0.701242 0 5 1 574 469 9 400 415 NA NA NA NA NA NA NA NA NA NA NA NA NA NA NA NA NA NA 
12 2 7 0.700000 0 2 1 1 0.654072 1 6 10 489 467 1 434 389 NA NA NA NA NA NA NA NA NA NA NA NA NA NA NA NA NA NA 
12 2 8 0.700000 0 5 1 1 0.812111 3 8 7 610 440 5 412 307 1 623 375 9 483 445 6 549 454 NA NA NA NA NA NA NA NA NA 
12 2 9 0.700000 0 5 1 1 1.210445 3 5 9 535 466 6 451 357 10 610 366 2 444 464 1 624 443 NA NA NA NA NA NA NA NA NA 
12 2 10 0.700000 0 8 0 0 0.835166 7 5 4 569 458 8 585 316 6 500 447 1 446 323 2 514 312 10 400 466 7 415 393 5 630 436 
12 2 11 0.700000 0 8 1 1 1.481598 1 1 9 394 464 6 548 314 2 528 474 10 397 362 7 476 327 4 468 441 3 589 360 8 609 470 
12 2 12 0.700000 0 8 1 0 0.627160 7 2 10 623 345 9 439 322 6 543 434 7 635 440 4 413 403 1 416 462 8 540 328 3 496 473 
12 2 13 0.700000 0 2 1 1 0.666185 1 3 2 535 450 4 413 307 NA NA NA NA NA NA NA NA NA NA NA NA NA NA NA NA NA NA 
12 2 14 0.700000 0 8 0 1 0.963598 3 4 3 585 464 10 434 459 9 461 353 4 493 464 6 599 377 1 427 301 2 388 408 5 512 303 
12 2 15 0.700000 0 8 1 1 0.691877 0 5 1 416 328 3 578 410 7 575 469 4 631 313 9 507 459 2 508 311 6 442 427 10 630 438 
12 2 16 0.700000 0 8 1 1 0.827691 3 6 4 389 388 8 497 443 5 440 338 1 623 329 10 631 442 2 541 307 7 558 462 9 590 383 
12 2 17 0.700000 0 2 0 0 0.614974 1 1 6 594 404 1 507 448 NA NA NA NA NA NA NA NA NA NA NA NA NA NA NA NA NA NA 
12 2 18 0.700000 0 5 0 0 1.445299 1 7 9 629 322 7 520 447 8 461 432 2 448 315 1 619 468 NA NA NA NA NA NA NA NA NA 
12 2 19 0.700000 0 5 1 1 0.681698 2 9 8 401 399 5 564 358 6 414 458 7 602 449 4 516 315 NA NA NA NA NA NA NA NA NA 
12 2 20 0.700000 0 8 1 1 1.737491 2 5 3 435 415 2 568 303 10 637 361 6 546 432 4 611 451 9 494 324 1 405 332 7 399 470 
12 2 21 0.700000 0 2 1 1 0.701820 1 9 6 475 327 3 602 308 NA NA NA NA NA NA NA NA NA NA NA NA NA NA NA NA NA NA 
12 2 22 0.700000 0 8 0 0 2.052388 7 10 1 407 338 4 408 401 6 476 312 7 480 470 8 401 461 3 576 469 2 584 370 10 603 305 
12 2 23 0.700000 0 2 1 1 0.579827 1 4 9 565 347 7 600 404 NA NA NA NA NA NA NA NA NA NA NA NA NA NA NA NA NA NA 
12 2 24 0.700000 0 2 0 0 0.715414 1 9 2 596 377 9 601 449 NA NA NA NA NA NA NA NA NA NA NA NA NA NA NA NA NA NA 
12 2 25 0.700000 0 8 1 1 0.742437 0 4 2 456 418 1 603 455 6 438 301 3 407 356 7 590 319 8 526 327 5 514 462 9 621 383 
12 2 26 0.700000 0 5 0 0 0.703499 1 9 10 422 473 9 449 351 1 637 343 2 540 440 4 441 415 NA NA NA NA NA NA NA NA NA 
12 2 27 0.700000 0 8 1 1 0.981550 7 1 8 586 360 10 438 440 2 572 432 4 486 300 6 412 386 3 633 467 9 634 403 7 417 303 
12 2 28 0.700000 0 8 1 1 1.134939 4 5 10 414 310 6 455 470 3 600 302 9 584 411 7 485 296 2 388 448 8 520 454 1 421 396 
12 2 29 0.700000 0 2 0 0 0.660461 0 6 6 594 413 10 590 474 NA NA NA NA NA NA NA NA NA NA NA NA NA NA NA NA NA NA 
12 2 30 0.700000 0 8 1 0 0.966990 2 2 8 399 309 5 564 443 7 404 435 9 477 326 4 632 314 6 470 438 1 628 470 3 606 379 
12 2 31 0.700000 0 2 0 0 0.689629 0 2 2 434 433 4 481 327 NA NA NA NA NA NA NA NA NA NA NA NA NA NA NA NA NA NA 
12 2 32 0.700000 0 8 0 0 0.793281 6 9 6 606 447 10 626 306 4 423 445 5 429 348 8 537 317 3 548 455 9 600 383 7 478 466 
12 2 33 0.700000 0 5 1 1 0.537815 1 2 4 513 314 7 598 437 8 576 330 10 489 448 1 392 422 NA NA NA NA NA NA NA NA NA 
12 2 34 0.700000 0 5 1 1 0.832655 0 10 8 434 467 5 579 420 6 546 335 3 618 376 4 419 405 NA NA NA NA NA NA NA NA NA 
12 2 35 0.700000 0 2 1 1 0.554467 1 10 7 422 460 6 615 416 NA NA NA NA NA NA NA NA NA NA NA NA NA NA NA NA NA NA 
12 2 36 0.700000 0 5 0 0 0.693057 3 5 4 609 294 8 586 451 6 437 352 5 521 297 10 475 468 NA NA NA NA NA NA NA NA NA 
12 2 37 0.700000 0 2 1 1 0.715097 1 9 8 452 418 10 605 428 NA NA NA NA NA NA NA NA NA NA NA NA NA NA NA NA NA NA 
12 2 38 0.700000 0 8 0 0 0.703751 7 2 8 575 408 1 399 301 3 406 464 10 603 299 7 390 398 4 582 473 5 636 415 2 545 326 
12 2 39 0.700000 0 5 0 0 0.580733 0 8 8 422 385 6 470 439 3 427 318 4 591 378 9 629 298 NA NA NA NA NA NA NA NA NA 
12 2 40 0.700000 0 2 1 1 0.601933 0 8 3 610 403 1 625 310 NA NA NA NA NA NA NA NA NA NA NA NA NA NA NA NA NA NA 
12 2 41 0.700000 0 8 1 1 0.616872 7 2 3 570 320 4 428 444 6 439 316 9 505 304 7 504 448 10 608 406 1 565 455 5 415 382 
12 2 42 0.700000 0 5 1 1 0.637204 4 4 5 576 319 3 450 430 7 417 365 8 570 415 1 634 367 NA NA NA NA NA NA NA NA NA 
12 2 43 0.700000 0 2 1 1 0.652122 0 5 8 506 312 7 599 383 NA NA NA NA NA NA NA NA NA NA NA NA NA NA NA NA NA NA 
12 2 44 0.700000 0 8 1 1 1.148958 2 3 1 621 383 10 413 297 7 571 424 2 397 441 6 454 415 4 558 329 5 467 322 9 628 302 
12 2 45 0.700000 0 8 1 1 1.181777 4 10 9 388 448 5 446 460 1 502 316 7 615 427 6 616 358 8 450 397 2 412 317 4 552 435 
12 2 46 0.700000 0 2 1 1 0.712247 0 7 5 434 362 4 613 414 NA NA NA NA NA NA NA NA NA NA NA NA NA NA NA NA NA NA 
12 2 47 0.700000 0 5 0 0 1.407922 0 2 2 429 461 3 551 308 5 390 417 6 579 408 7 401 335 NA NA NA NA NA NA NA NA NA 
12 2 48 0.700000 0 8 1 0 1.520986 2 9 10 396 430 6 479 325 3 396 319 8 586 391 5 446 392 4 590 317 7 531 468 2 606 470 
12 2 49 0.700000 0 2 0 0 0.674261 1 8 7 484 327 8 584 440 NA NA NA NA NA NA NA NA NA NA NA NA NA NA NA NA NA NA 
12 2 50 0.700000 0 5 1 0 2.320512 3 8 3 408 333 9 577 407 1 461 447 6 542 311 7 412 393 NA NA NA NA NA NA NA NA NA 
12 2 51 0.700000 0 2 1 1 0.633737 1 8 4 458 427 2 412 367 NA NA NA NA NA NA NA NA NA NA NA NA NA NA NA NA NA NA 
12 2 52 0.700000 0 5 1 1 0.815007 4 8 6 580 347 10 434 357 7 590 432 4 400 445 1 491 449 NA NA NA NA NA NA NA NA NA 
12 2 53 0.700000 0 5 1 1 0.605670 0 1 6 448 378 3 609 467 2 584 402 7 594 324 5 522 472 NA NA NA NA NA NA NA NA NA 
12 2 54 0.700000 0 5 1 1 0.785063 4 6 8 610 456 9 460 470 1 557 329 2 605 376 3 401 402 NA NA NA NA NA NA NA NA NA 
12 2 55 0.700000 0 8 1 1 1.021042 7 10 8 486 304 4 420 433 3 559 447 6 588 303 7 633 361 5 429 343 9 632 442 1 474 469 
12 2 56 0.700000 0 5 0 0 0.614559 4 9 4 414 459 1 635 399 10 608 459 6 616 340 9 555 302 NA NA NA NA NA NA NA NA NA 
12 2 57 0.700000 0 2 1 1 0.613889 1 3 9 422 298 2 431 424 NA NA NA NA NA NA NA NA NA NA NA NA NA NA NA NA NA NA 
12 2 58 0.700000 0 5 1 1 0.904879 0 7 9 571 368 8 408 368 6 627 385 2 485 451 3 541 435 NA NA NA NA NA NA NA NA NA 
12 2 59 0.700000 0 5 1 1 0.820097 3 2 1 401 474 9 609 364 8 629 300 6 387 342 10 619 436 NA NA NA NA NA NA NA NA NA 
12 3 0 0.300000 0 2 0 0 0.687403 1 2 4 451 331 2 421 449 NA NA NA NA NA NA NA NA NA NA NA NA NA NA NA NA NA NA 
12 3 1 0.300000 0 2 1 1 0.581260 0 8 6 597 417 10 456 452 NA NA NA NA NA NA NA NA NA NA NA NA NA NA NA NA NA NA 
12 3 2 0.300000 0 5 0 0 0.550753 4 9 8 416 451 10 598 379 3 479 471 1 445 339 9 539 309 NA NA NA NA NA NA NA NA NA 
12 3 3 0.300000 0 8 0 0 0.722938 6 9 5 544 298 2 391 400 4 621 311 6 600 424 3 564 356 10 454 446 9 523 442 8 482 315 
12 3 4 0.300000 0 2 0 0 0.584382 1 6 2 547 437 6 418 312 NA NA NA NA NA NA NA NA NA NA NA NA NA NA NA NA NA NA 
12 3 5 0.300000 0 2 0 0 0.654789 1 3 9 473 294 3 528 316 NA NA NA NA NA NA NA NA NA NA NA NA NA NA NA NA NA NA 
12 3 6 0.300000 0 5 0 1 0.838808 2 2 9 462 467 1 614 367 2 426 415 10 597 447 5 470 299 NA NA NA NA NA NA NA NA NA 
12 3 7 0.300000 0 2 1 1 0.743922 0 5 4 597 331 7 535 309 NA NA NA NA NA NA NA NA NA NA NA NA NA NA NA NA NA NA 
12 3 8 0.300000 0 8 0 0 0.622842 5 5 3 610 388 8 489 448 4 458 358 9 606 301 1 499 312 5 559 350 2 409 400 10 421 309 
12 3 9 0.300000 0 5 0 0 0.643073 4 2 7 543 469 5 570 361 6 616 438 10 629 364 2 438 349 NA NA NA NA NA NA NA NA NA 
12 3 10 0.300000 0 8 0 0 0.917093 3 4 10 624 406 9 424 297 1 556 297 4 488 321 3 575 452 5 567 359 8 452 463 7 399 405 
12 3 11 0.300000 0 2 0 0 0.749041 1 2 9 406 303 2 420 404 NA NA NA NA NA NA NA NA NA NA NA NA NA NA NA NA NA NA 
12 3 12 0.300000 0 2 0 0 0.478469 0 1 1 390 316 7 522 451 NA NA NA NA NA NA NA NA NA NA NA NA NA NA NA NA NA NA 
12 3 13 0.300000 0 8 0 1 1.388537 5 8 4 612 439 6 508 294 2 594 294 10 448 422 1 420 356 8 500 463 5 637 378 7 392 466 
12 3 14 0.300000 0 8 0 0 0.766896 4 5 8 580 317 7 427 383 3 412 473 1 517 467 5 604 435 6 404 308 4 472 314 2 589 376 
12 3 15 0.300000 0 8 0 0 0.839551 2 2 1 629 371 5 438 466 2 575 398 7 392 421 8 439 324 9 530 448 3 508 301 6 634 434 
12 3 16 0.300000 0 8 0 1 1.054944 4 6 4 434 373 2 618 414 1 514 313 8 411 429 6 572 343 7 505 470 9 630 474 10 404 296 
12 3 17 0.300000 0 5 0 0 0.545024 3 6 2 427 474 7 424 309 5 606 437 6 617 313 10 394 419 NA NA NA NA NA NA NA NA NA 
12 3 18 0.300000 0 2 0 0 0.494252 1 1 2 594 444 1 458 431 NA NA NA NA NA NA NA NA NA NA NA NA NA NA NA NA NA NA 
12 3 19 0.300000 0 2 0 0 0.454332 0 6 6 394 354 4 570 379 NA NA NA NA NA NA NA NA NA NA NA NA NA NA NA NA NA NA 
12 3 20 0.300000 0 5 1 1 0.660647 4 4 2 409 353 5 616 335 8 465 470 6 615 421 3 485 321 NA NA NA NA NA NA NA NA NA 
12 3 21 0.300000 0 5 0 0 0.980756 3 9 10 573 310 7 616 373 6 484 314 9 516 454 3 430 405 NA NA NA NA NA NA NA NA NA 
12 3 22 0.300000 0 5 0 0 0.848790 4 8 1 586 312 10 389 324 4 448 452 7 485 302 8 570 448 NA NA NA NA NA NA NA NA NA 
12 3 23 0.300000 0 2 0 0 0.685623 1 7 1 415 308 7 579 463 NA NA NA NA NA NA NA NA NA NA NA NA NA NA NA NA NA NA 
12 3 24 0.300000 0 2 0 0 0.748763 1 4 8 470 435 4 596 378 NA NA NA NA NA NA NA NA NA NA NA NA NA NA NA NA NA NA 
12 3 25 0.300000 0 5 0 0 0.638936 0 1 1 580 346 2 529 308 7 444 453 10 625 305 6 454 338 NA NA NA NA NA NA NA NA NA 
12 3 26 0.300000 0 2 1 1 0.782360 0 3 1 404 441 6 490 462 NA NA NA NA NA NA NA NA NA NA NA NA NA NA NA NA NA NA 
12 3 27 0.300000 0 5 0 0 0.726655 3 10 6 626 380 2 609 472 3 460 412 10 402 307 9 505 466 NA NA NA NA NA NA NA NA NA 
12 3 28 0.300000 0 5 1 0 0.650622 1 4 9 445 420 10 469 304 7 603 435 6 417 356 1 564 331 NA NA NA NA NA NA NA NA NA 
12 3 29 0.300000 0 8 1 1 0.700761 3 3 4 406 354 9 417 296 10 431 414 5 487 469 8 632 431 2 417 472 7 467 334 6 532 310 
12 3 30 0.300000 0 2 0 0 0.646925 0 8 8 561 446 9 397 394 NA NA NA NA NA NA NA NA NA NA NA NA NA NA NA NA NA NA 
12 3 31 0.300000 0 5 1 1 0.673758 0 2 5 540 320 4 460 473 8 629 324 9 407 352 10 538 462 NA NA NA NA NA NA NA NA NA 
12 3 32 0.300000 0 8 1 0 1.024292 6 6 10 462 416 2 613 389 8 449 326 1 511 471 4 516 306 9 618 447 3 626 296 5 402 412 
12 3 33 0.300000 0 5 1 1 0.842819 0 10 2 612 460 4 603 335 1 419 398 3 494 328 9 427 305 NA NA NA NA NA NA NA NA NA 
12 3 34 0.300000 0 8 0 0 0.890617 4 8 5 389 369 3 460 427 4 626 470 2 405 474 8 593 379 7 454 345 10 540 461 1 616 316 
12 3 35 0.300000 0 8 0 1 2.225643 0 3 3 632 314 8 593 470 6 429 356 10 511 323 7 532 458 9 452 460 2 591 381 4 396 298 
12 3 36 0.300000 0 2 0 0 0.555682 1 6 9 618 353 6 633 422 NA NA NA NA NA NA NA NA NA NA NA NA NA NA NA NA NA NA 
12 3 37 0.300000 0 8 1 0 0.777434 5 8 3 619 452 4 563 313 9 405 313 6 568 405 5 483 302 1 451 371 2 632 311 7 402 449 
12 3 38 0.300000 0 8 0 0 0.705767 1 8 4 589 439 8 439 472 1 579 307 7 629 377 2 459 301 5 430 413 9 499 441 3 401 338 
12 3 39 0.300000 0 5 0 0 0.829404 1 7 6 587 431 7 395 423 9 532 469 3 397 346 5 452 410 NA NA NA NA NA NA NA NA NA 
12 3 40 0.300000 0 2 0 0 0.746623 0 6 6 592 429 10 548 467 NA NA NA NA NA NA NA NA NA NA NA NA NA NA NA NA NA NA 
12 3 41 0.300000 0 5 0 0 0.755290 0 1 1 615 442 10 411 443 5 621 380 2 458 299 6 541 305 NA NA NA NA NA NA NA NA NA 
12 3 42 0.300000 0 5 1 1 0.933367 3 10 2 632 443 5 631 359 7 566 309 1 405 305 4 422 389 NA NA NA NA NA NA NA NA NA 
12 3 43 0.300000 0 5 0 0 0.706576 1 7 2 606 357 7 505 443 3 610 455 8 429 386 6 424 460 NA NA NA NA NA NA NA NA NA 
12 3 44 0.300000 0 8 0 1 1.364915 7 5 7 510 324 1 448 441 3 599 469 9 625 295 10 441 355 6 572 414 2 582 345 5 390 451 
12 3 45 0.300000 0 2 0 0 1.043370 0 5 5 505 325 4 600 393 NA NA NA NA NA NA NA NA NA NA NA NA NA NA NA NA NA NA 
12 3 46 0.300000 0 2 1 1 0.641858 1 5 1 619 366 9 397 470 NA NA NA NA NA NA NA NA NA NA NA NA NA NA NA NA NA NA 
12 3 47 0.300000 0 8 0 0 0.621973 0 3 3 606 446 10 416 316 6 522 454 1 512 296 4 590 309 5 449 367 7 436 443 2 616 365 
12 3 48 0.300000 0 2 1 1 0.686820 0 1 6 582 431 9 395 454 NA NA NA NA NA NA NA NA NA NA NA NA NA NA NA NA NA NA 
12 3 49 0.300000 0 8 1 1 1.197938 0 6 1 411 399 4 542 463 8 486 327 10 459 442 9 609 352 3 601 463 2 417 337 7 580 300 
12 3 50 0.300000 0 8 0 0 0.582151 7 2 7 408 329 4 599 397 3 538 460 9 602 325 10 441 417 1 476 300 8 412 468 2 611 471 
12 3 51 0.300000 0 5 0 1 1.345627 0 4 4 392 412 6 391 301 1 605 461 8 452 440 10 576 314 NA NA NA NA NA NA NA NA NA 
12 3 52 0.300000 0 5 0 0 0.746373 4 2 9 396 387 5 610 343 4 492 470 3 631 448 2 423 455 NA NA NA NA NA NA NA NA NA 
12 3 53 0.300000 0 5 1 1 0.763766 4 9 5 583 474 3 593 361 7 519 454 2 398 469 1 460 467 NA NA NA NA NA NA NA NA NA 
12 3 54 0.300000 0 2 0 0 0.687731 0 9 9 579 303 5 463 315 NA NA NA NA NA NA NA NA NA NA NA NA NA NA NA NA NA NA 
12 3 55 0.300000 0 2 1 1 0.558347 1 4 8 562 304 6 476 330 NA NA NA NA NA NA NA NA NA NA NA NA NA NA NA NA NA NA 
12 3 56 0.300000 0 8 0 0 0.761212 2 1 4 540 446 8 421 353 1 597 306 10 622 470 7 395 415 6 594 372 9 528 311 5 469 304 
12 3 57 0.300000 0 8 1 1 0.603207 0 6 5 481 451 8 396 422 7 430 349 1 543 303 9 619 381 2 625 307 4 633 460 3 390 300 
12 3 58 0.300000 0 8 1 1 1.037559 4 7 9 622 444 10 614 295 5 406 431 4 595 385 2 495 452 1 412 328 8 484 316 3 562 442 
12 3 59 0.300000 0 5 0 0 0.681234 4 9 10 602 461 2 391 358 6 546 316 4 389 451 9 578 408 NA NA NA NA NA NA NA NA NA 
12 4 0 0.700000 0 8 0 1 0.801055 1 4 6 578 313 4 416 350 5 580 380 9 460 472 3 482 309 7 431 418 10 573 453 8 632 470 
12 4 1 0.700000 0 8 1 1 1.409058 0 5 4 631 349 8 600 467 1 571 332 10 515 468 3 457 312 7 397 371 2 393 459 6 461 439 
12 4 2 0.700000 0 5 1 1 1.930587 3 5 1 586 439 2 405 439 7 395 325 3 417 382 9 468 440 NA NA NA NA NA NA NA NA NA 
12 4 3 0.700000 0 8 0 0 1.110976 4 8 1 612 423 2 622 325 7 474 321 4 392 383 8 448 452 9 412 325 5 555 323 3 391 468 
12 4 4 0.700000 0 8 1 1 1.377824 4 6 7 484 302 10 628 355 4 445 381 3 592 401 2 450 449 5 578 297 9 419 300 1 547 461 
12 4 5 0.700000 0 2 0 0 0.731778 1 5 1 426 366 5 534 296 NA NA NA NA NA NA NA NA NA NA NA NA NA NA NA NA NA NA 
12 4 6 0.700000 0 2 1 1 1.087244 0 1 6 402 473 8 412 367 NA NA NA NA NA NA NA NA NA NA NA NA NA NA NA NA NA NA 
12 4 7 0.700000 0 2 1 1 0.560034 1 3 8 400 330 7 607 347 NA NA NA NA NA NA NA NA NA NA NA NA NA NA NA NA NA NA 
12 4 8 0.700000 0 8 1 1 1.147828 2 9 5 572 417 3 568 327 10 456 298 8 395 455 6 471 445 7 429 404 1 534 466 4 598 471 
12 4 9 0.700000 0 2 1 1 0.852703 1 8 7 389 461 2 580 413 NA NA NA NA NA NA NA NA NA NA NA NA NA NA NA NA NA NA 
12 4 10 0.700000 0 8 1 1 0.863144 7 10 9 543 472 4 571 390 1 407 473 3 635 399 5 434 418 6 534 306 7 445 349 2 405 294 
12 4 11 0.700000 0 5 1 1 0.790939 1 10 5 588 417 8 393 335 3 456 364 4 596 343 9 483 309 NA NA NA NA NA NA NA NA NA 
12 4 12 0.700000 0 8 1 1 1.001500 5 5 9 600 323 3 594 399 1 472 334 4 539 474 6 450 421 2 412 465 8 614 463 7 414 345 
12 4 13 0.700000 0 8 0 0 0.699850 7 10 6 436 370 1 413 312 7 521 315 8 485 466 4 634 297 9 545 435 5 579 342 10 396 418 
12 4 14 0.700000 0 5 1 1 0.706651 0 10 8 397 310 4 617 397 2 556 303 7 462 447 6 464 296 NA NA NA NA NA NA NA NA NA 
12 4 15 0.700000 0 2 0 0 0.609489 0 4 4 569 445 2 391 367 NA NA NA NA NA NA NA NA NA NA NA NA NA NA NA NA NA NA 
12 4 16 0.700000 0 5 0 0 0.732882 1 2 10 583 441 2 625 360 5 496 471 8 417 364 4 446 436 NA NA NA NA NA NA NA NA NA 
12 4 17 0.700000 0 5 0 1 0.725813 4 4 2 459 468 9 535 318 6 387 456 1 431 384 4 585 383 NA NA NA NA NA NA NA NA NA 
12 4 18 0.700000 0 2 1 1 0.773496 1 2 9 594 400 10 497 317 NA NA NA NA NA NA NA NA NA NA NA NA NA NA NA NA NA NA 
12 4 19 0.700000 0 2 0 0 0.683574 0 4 4 635 459 6 548 444 NA NA NA NA NA NA NA NA NA NA NA NA NA NA NA NA NA NA 
12 4 20 0.700000 0 5 1 1 0.723988 3 7 5 567 312 10 404 331 6 471 329 9 566 413 8 613 452 NA NA NA NA NA NA NA NA NA 
12 4 21 0.700000 0 8 1 1 0.798893 6 2 8 591 460 3 489 295 7 456 346 5 392 373 1 601 360 10 470 442 9 547 320 4 621 295 
12 4 22 0.700000 0 2 0 0 0.812097 1 4 3 550 464 4 467 431 NA NA NA NA NA NA NA NA NA NA NA NA NA NA NA NA NA NA 
12 4 23 0.700000 0 5 0 0 1.221934 1 5 8 558 326 5 477 297 3 606 423 4 425 364 9 460 474 NA NA NA NA NA NA NA NA NA 
12 4 24 0.700000 0 5 0 0 0.791203 2 4 6 390 451 2 521 299 4 539 465 8 450 345 10 599 355 NA NA NA NA NA NA NA NA NA 
12 4 25 0.700000 0 5 1 1 1.012120 0 2 7 636 312 4 432 465 6 411 318 10 586 433 9 517 458 NA NA NA NA NA NA NA NA NA 
12 4 26 0.700000 0 8 1 1 0.710586 0 5 6 547 295 7 439 379 4 625 444 10 496 466 2 564 417 9 410 327 8 418 470 1 572 356 
12 4 27 0.700000 0 5 1 1 0.684392 4 7 5 516 317 1 566 443 8 591 361 9 405 406 3 387 464 NA NA NA NA NA NA NA NA NA 
12 4 28 0.700000 0 2 1 1 0.546819 1 1 5 454 464 3 622 467 NA NA NA NA NA NA NA NA NA NA NA NA NA NA NA NA NA NA 
12 4 29 0.700000 0 8 1 1 1.135078 7 6 3 460 457 1 496 313 7 392 321 9 390 423 4 607 471 8 551 439 10 633 400 2 600 325 
12 4 30 0.700000 0 2 1 1 0.613090 0 3 4 399 377 2 452 301 NA NA NA NA NA NA NA NA NA NA NA NA NA NA NA NA NA NA 
12 4 31 0.700000 0 2 0 0 0.547922 1 6 5 629 418 6 450 321 NA NA NA NA NA NA NA NA NA NA NA NA NA NA NA NA NA NA 
12 4 32 0.700000 0 2 1 1 0.727238 0 1 10 592 442 6 538 466 NA NA NA NA NA NA NA NA NA NA NA NA NA NA NA NA NA NA 
12 4 33 0.700000 0 8 1 1 0.788346 6 6 5 465 299 7 470 452 2 571 302 8 452 389 3 620 412 10 609 355 1 387 371 4 410 452 
12 4 34 0.700000 0 8 1 1 0.761008 6 8 2 456 319 10 546 326 5 563 467 1 450 428 4 618 330 9 614 412 3 629 472 7 389 460 
12 4 35 0.700000 0 2 1 1 0.543561 1 6 1 621 453 9 451 334 NA NA NA NA NA NA NA NA NA NA NA NA NA NA NA NA NA NA 
12 4 36 0.700000 0 2 1 1 0.526516 1 1 8 600 330 2 547 464 NA NA NA NA NA NA NA NA NA NA NA NA NA NA NA NA NA NA 
12 4 37 0.700000 0 2 1 1 0.528554 0 6 1 598 394 4 430 308 NA NA NA NA NA NA NA NA NA NA NA NA NA NA NA NA NA NA 
12 4 38 0.700000 0 8 1 1 1.261583 2 8 6 481 310 1 632 315 10 546 327 5 608 377 7 620 454 3 555 448 4 397 369 9 436 466 
12 4 39 0.700000 0 2 1 1 0.540958 0 2 4 623 468 9 419 369 NA NA NA NA NA NA NA NA NA NA NA NA NA NA NA NA NA NA 
12 4 40 0.700000 0 2 1 1 0.840165 0 9 6 395 325 1 423 389 NA NA NA NA NA NA NA NA NA NA NA NA NA NA NA NA NA NA 
12 4 41 0.700000 0 5 1 1 0.632070 1 4 10 532 444 3 604 335 2 449 423 1 536 318 6 418 340 NA NA NA NA NA NA NA NA NA 
12 4 42 0.700000 0 8 1 1 0.861527 7 1 3 552 322 6 415 422 10 427 341 2 590 446 9 630 341 5 506 467 8 577 383 4 491 302 
12 4 43 0.700000 0 8 0 0 0.775844 7 3 7 482 438 8 417 336 2 549 323 6 634 316 1 569 446 9 396 448 4 614 375 3 488 299 
12 4 44 0.700000 0 5 1 1 0.607357 4 1 3 624 391 4 455 338 6 477 436 9 571 315 2 636 467 NA NA NA NA NA NA NA NA NA 
12 4 45 0.700000 0 5 1 1 0.621114 3 8 9 404 304 5 534 313 4 471 311 6 598 353 1 405 403 NA NA NA NA NA NA NA NA NA 
12 4 46 0.700000 0 2 0 0 0.697244 0 1 1 496 465 10 396 440 NA NA NA NA NA NA NA NA NA NA NA NA NA NA NA NA NA NA 
12 4 47 0.700000 0 5 1 1 0.682500 2 7 2 628 344 6 426 436 10 546 307 1 592 400 4 405 319 NA NA NA NA NA NA NA NA NA 
12 4 48 0.700000 0 5 1 1 0.725351 3 9 1 522 323 5 449 395 2 388 331 3 406 467 7 572 464 NA NA NA NA NA NA NA NA NA 
12 4 49 0.700000 0 8 1 1 1.305119 5 3 1 472 328 5 586 407 7 399 321 4 579 348 2 414 415 6 509 453 8 635 324 9 619 456 
12 4 50 0.700000 0 8 0 0 1.001601 3 9 10 519 322 3 632 349 7 393 392 9 489 474 6 615 437 2 387 313 4 430 472 8 559 461 
12 4 51 0.700000 0 5 1 1 0.637948 4 7 1 401 448 10 566 345 4 502 472 5 622 447 2 418 378 NA NA NA NA NA NA NA NA NA 
12 4 52 0.700000 0 2 1 1 0.528365 1 2 3 423 336 7 422 470 NA NA NA NA NA NA NA NA NA NA NA NA NA NA NA NA NA NA 
12 4 53 0.700000 0 8 1 1 1.310811 7 1 5 557 314 4 425 368 7 598 446 9 478 471 8 392 449 3 637 294 10 572 391 2 463 307 
12 4 54 0.700000 0 8 0 0 0.632623 6 5 10 390 424 4 632 449 2 434 384 9 571 373 3 613 325 1 485 450 5 478 301 7 395 309 
12 4 55 0.700000 0 5 1 1 0.588840 1 10 9 598 325 1 442 434 5 388 474 3 615 467 7 527 324 NA NA NA NA NA NA NA NA NA 
12 4 56 0.700000 0 5 0 0 0.865136 1 1 4 571 338 1 496 443 10 436 300 5 400 421 9 449 378 NA NA NA NA NA NA NA NA NA 
12 4 57 0.700000 0 5 0 0 0.683989 0 2 2 582 434 6 495 312 9 448 462 5 400 320 3 420 379 NA NA NA NA NA NA NA NA NA 
12 4 58 0.700000 0 2 1 1 0.612901 0 5 10 458 447 1 604 465 NA NA NA NA NA NA NA NA NA NA NA NA NA NA NA NA NA NA 
12 4 59 0.700000 0 5 1 1 0.796150 0 1 6 573 300 10 418 363 9 431 303 8 417 457 5 533 456 NA NA NA NA NA NA NA NA NA 
12 5 0 0.500000 0 2 1 1 0.525438 1 5 6 425 400 7 533 462 NA NA NA NA NA NA NA NA NA NA NA NA NA NA NA NA NA NA 
12 5 1 0.500000 0 8 1 0 0.631516 0 8 6 466 473 2 391 400 10 451 328 7 630 441 5 620 377 3 560 458 1 392 342 4 546 319 
12 5 2 0.500000 0 5 1 1 0.576826 0 2 7 536 469 4 421 385 6 549 313 3 594 362 9 588 424 NA NA NA NA NA NA NA NA NA 
12 5 3 0.500000 0 8 1 0 1.396869 5 10 6 400 463 1 404 302 2 616 314 8 543 309 9 432 372 7 626 464 5 456 446 4 568 470 
12 5 4 0.500000 0 2 1 1 0.543519 1 6 7 418 437 10 456 309 NA NA NA NA NA NA NA NA NA NA NA NA NA NA NA NA NA NA 
12 5 5 0.500000 0 8 0 0 0.709005 4 1 5 585 394 10 388 462 2 479 328 6 611 317 1 387 341 3 389 404 8 553 336 7 497 459 
12 5 6 0.500000 0 5 0 0 0.836446 4 1 9 409 376 7 589 369 10 540 311 8 456 317 1 539 464 NA NA NA NA NA NA NA NA NA 
12 5 7 0.500000 0 5 0 1 0.861333 4 8 9 432 450 2 562 474 4 528 313 10 426 301 8 440 368 NA NA NA NA NA NA NA NA NA 
12 5 8 0.500000 0 2 1 1 0.825431 1 5 7 588 424 10 388 362 NA NA NA NA NA NA NA NA NA NA NA NA NA NA NA NA NA NA 
12 5 9 0.500000 0 5 1 0 1.259110 1 10 1 532 439 4 571 329 8 451 464 5 583 467 2 403 431 NA NA NA NA NA NA NA NA NA 
12 5 10 0.500000 0 2 0 0 0.782300 0 6 6 487 450 1 421 413 NA NA NA NA NA NA NA NA NA NA NA NA NA NA NA NA NA NA 
12 5 11 0.500000 0 8 1 1 1.790087 0 7 6 596 312 5 435 391 8 433 332 3 565 422 9 597 373 1 512 317 4 509 444 2 416 461 
12 5 12 0.500000 0 2 0 0 0.745496 1 7 6 428 318 7 430 421 NA NA NA NA NA NA NA NA NA NA NA NA NA NA NA NA NA NA 
12 5 13 0.500000 0 8 0 0 0.753705 6 1 7 391 437 9 630 459 3 527 313 2 457 415 10 565 430 6 624 323 1 436 349 5 502 469 
12 5 14 0.500000 0 2 1 1 0.610633 0 2 8 485 295 6 484 472 NA NA NA NA NA NA NA NA NA NA NA NA NA NA NA NA NA NA 
12 5 15 0.500000 0 2 0 0 0.710037 1 6 1 572 324 6 499 442 NA NA NA NA NA NA NA NA NA NA NA NA NA NA NA NA NA NA 
12 5 16 0.500000 0 8 1 1 0.626005 5 3 8 608 351 9 390 422 6 601 442 2 471 331 4 534 439 5 583 295 7 445 396 1 399 350 
12 5 17 0.500000 0 2 0 0 0.820280 0 2 2 517 300 9 620 349 NA NA NA NA NA NA NA NA NA NA NA NA NA NA NA NA NA NA 
12 5 18 0.500000 0 5 1 1 0.762937 1 1 6 499 322 10 425 391 7 571 371 3 562 308 8 608 436 NA NA NA NA NA NA NA NA NA 
12 5 19 0.500000 0 8 0 1 0.848455 6 5 2 476 308 7 402 416 8 542 442 4 633 372 6 600 468 9 399 344 5 537 326 1 602 316 
12 5 20 0.500000 0 8 1 1 0.894579 7 8 2 579 410 3 412 307 5 406 469 1 578 338 7 606 474 10 526 462 9 485 310 4 436 366 
12 5 21 0.500000 0 2 1 1 0.590325 0 8 7 446 418 6 615 389 NA NA NA NA NA NA NA NA NA NA NA NA NA NA NA NA NA NA 
12 5 22 0.500000 0 8 1 1 0.612855 4 3 5 425 383 7 527 308 9 445 326 2 628 441 4 556 429 6 478 466 8 417 449 10 575 349 
12 5 23 0.500000 0 8 0 0 0.873280 0 9 9 431 370 7 601 472 2 484 438 10 600 345 5 413 306 1 476 327 6 425 442 3 554 301 
12 5 24 0.500000 0 5 1 1 0.709011 0 9 5 482 333 10 545 439 8 392 368 3 628 309 6 448 473 NA NA NA NA NA NA NA NA NA 
12 5 25 0.500000 0 5 0 0 0.621466 4 3 2 418 313 7 407 439 4 610 357 8 594 437 3 536 320 NA NA NA NA NA NA NA NA NA 
12 5 26 0.500000 0 2 0 0 1.053686 1 1 7 491 440 1 397 399 NA NA NA NA NA NA NA NA NA NA NA NA NA NA NA NA NA NA 
12 5 27 0.500000 0 5 1 1 0.799683 0 7 3 459 317 9 452 429 5 565 419 8 576 300 2 626 347 NA NA NA NA NA NA NA NA NA 
12 5 28 0.500000 0 5 1 1 1.286226 2 5 6 561 448 2 426 403 9 625 312 8 488 322 10 604 370 NA NA NA NA NA NA NA NA NA 
12 5 29 0.500000 0 8 0 0 0.817541 0 2 2 478 329 8 395 417 4 580 307 10 586 370 3 562 454 9 466 425 5 389 304 7 623 474 
12 5 30 0.500000 0 5 0 1 1.620579 3 5 3 567 428 7 413 318 9 471 448 5 637 324 1 581 363 NA NA NA NA NA NA NA NA NA 
12 5 31 0.500000 0 5 0 0 0.646316 1 2 7 523 300 2 404 457 9 560 453 1 437 338 5 605 391 NA NA NA NA NA NA NA NA NA 
12 5 32 0.500000 0 8 0 0 0.726007 1 6 1 510 323 6 635 455 3 606 399 10 431 468 9 536 457 5 596 295 4 430 353 2 567 354 
12 5 33 0.500000 0 5 0 0 0.741802 2 4 9 460 357 1 581 408 4 394 442 3 416 312 2 448 420 NA NA NA NA NA NA NA NA NA 
12 5 34 0.500000 0 8 0 0 0.705732 0 7 7 451 461 5 424 347 9 601 332 4 637 465 10 400 415 3 518 306 8 599 414 6 533 443 
12 5 35 0.500000 0 2 0 0 0.648345 0 9 9 581 306 2 456 459 NA NA NA NA NA NA NA NA NA NA NA NA NA NA NA NA NA NA 
12 5 36 0.500000 0 5 1 1 1.171050 2 5 7 575 414 6 616 311 9 451 466 4 391 422 2 428 345 NA NA NA NA NA NA NA NA NA 
12 5 37 0.500000 0 2 1 1 0.617389 1 8 2 446 370 10 400 331 NA NA NA NA NA NA NA NA NA NA NA NA NA NA NA NA NA NA 
12 5 38 0.500000 0 8 0 0 0.561270 2 1 6 585 425 4 450 320 1 586 350 2 634 317 8 427 429 10 497 459 5 530 325 9 391 342 
12 5 39 0.500000 0 5 0 0 0.643224 0 7 7 408 325 10 580 346 8 555 446 2 491 444 9 468 319 NA NA NA NA NA NA NA NA NA 
12 5 40 0.500000 0 8 1 0 1.056641 0 10 3 448 430 9 521 467 7 635 345 6 408 311 4 590 385 2 541 313 5 633 450 1 405 373 
12 5 41 0.500000 0 2 0 0 0.526537 1 5 6 609 339 5 422 382 NA NA NA NA NA NA NA NA NA NA NA NA NA NA NA NA NA NA 
12 5 42 0.500000 0 5 0 0 0.744720 3 1 7 599 458 6 389 340 3 493 447 1 445 304 9 450 396 NA NA NA NA NA NA NA NA NA 
12 5 43 0.500000 0 2 0 0 0.473173 0 3 3 617 418 10 560 324 NA NA NA NA NA NA NA NA NA NA NA NA NA NA NA NA NA NA 
12 5 44 0.500000 0 8 1 1 0.812621 7 4 6 630 326 7 511 462 3 452 354 2 571 441 9 424 474 5 586 369 10 541 297 1 430 409 
12 5 45 0.500000 0 5 0 0 0.472642 2 8 4 412 348 5 406 470 8 589 379 7 636 418 9 594 470 NA NA NA NA NA NA NA NA NA 
12 5 46 0.500000 0 2 0 0 0.405338 0 8 8 425 375 7 552 342 NA NA NA NA NA NA NA NA NA NA NA NA NA NA NA NA NA NA 
12 5 47 0.500000 0 8 0 0 0.541706 2 1 8 517 299 5 478 471 1 632 424 7 569 444 2 400 310 6 426 438 10 600 366 9 406 370 
12 5 48 0.500000 0 8 1 0 0.806055 5 8 10 513 442 4 542 323 1 579 386 7 443 347 3 436 457 5 599 443 6 607 297 9 392 397 
12 5 49 0.500000 0 5 1 1 1.374683 4 6 1 398 399 9 482 435 3 434 299 5 572 397 7 621 340 NA NA NA NA NA NA NA NA NA 
12 5 50 0.500000 0 2 1 1 0.505490 1 6 1 575 333 9 416 448 NA NA NA NA NA NA NA NA NA NA NA NA NA NA NA NA NA NA 
12 5 51 0.500000 0 8 1 1 0.918110 7 10 5 594 316 3 497 295 7 474 462 8 568 402 2 388 329 9 549 464 1 412 460 6 420 401 
12 5 52 0.500000 0 5 0 0 0.671154 3 10 9 519 319 5 525 441 2 589 296 10 445 365 4 446 459 NA NA NA NA NA NA NA NA NA 
12 5 53 0.500000 0 2 1 1 0.625594 1 6 5 603 456 7 432 338 NA NA NA NA NA NA NA NA NA NA NA NA NA NA NA NA NA NA 
12 5 54 0.500000 0 2 0 1 0.675748 1 4 7 507 312 4 431 360 NA NA NA NA NA NA NA NA NA NA NA NA NA NA NA NA NA NA 
12 5 55 0.500000 0 5 1 1 0.689798 3 6 2 433 441 7 487 474 3 562 421 5 546 314 1 627 297 NA NA NA NA NA NA NA NA NA 
12 5 56 0.500000 0 8 0 0 0.662620 1 8 4 591 323 8 580 431 1 485 468 3 434 359 7 516 318 9 408 451 5 395 297 2 461 295 
12 5 57 0.500000 0 2 1 1 0.696137 0 9 8 595 371 10 546 306 NA NA NA NA NA NA NA NA NA NA NA NA NA NA NA NA NA NA 
12 5 58 0.500000 0 2 1 1 0.908952 0 5 10 582 399 9 429 325 NA NA NA NA NA NA NA NA NA NA NA NA NA NA NA NA NA NA 
12 5 59 0.500000 0 5 1 1 0.667601 0 6 10 387 377 2 541 439 8 605 317 3 630 416 1 514 305 NA NA NA NA NA NA NA NA NA 
12 6 0 0.300000 0 2 0 0 0.854362 1 7 5 451 346 7 578 368 NA NA NA NA NA NA NA NA NA NA NA NA NA NA NA NA NA NA 
12 6 1 0.300000 0 8 1 1 0.794452 3 8 4 438 335 3 606 469 6 621 323 2 559 424 1 466 442 9 411 467 10 559 335 5 625 386 
12 6 2 0.300000 0 2 1 1 1.409569 0 8 7 493 305 10 395 450 NA NA NA NA NA NA NA NA NA NA NA NA NA NA NA NA NA NA 
12 6 3 0.300000 0 8 0 0 0.816574 5 3 7 423 447 10 573 382 4 631 301 8 539 470 6 408 343 3 498 320 9 604 455 1 572 302 
12 6 4 0.300000 0 5 1 1 1.095481 3 8 10 581 306 4 441 335 2 636 400 9 526 466 7 458 408 NA NA NA NA NA NA NA NA NA 
12 6 5 0.300000 0 5 0 0 0.717524 1 10 5 393 361 10 591 335 1 495 455 3 570 419 2 392 459 NA NA NA NA NA NA NA NA NA 
12 6 6 0.300000 0 5 0 0 0.758299 0 10 10 401 418 8 474 308 3 580 407 5 415 297 6 526 446 NA NA NA NA NA NA NA NA NA 
12 6 7 0.300000 0 2 0 0 0.476294 0 7 7 392 427 6 608 361 NA NA NA NA NA NA NA NA NA NA NA NA NA NA NA NA NA NA 
12 6 8 0.300000 0 8 0 0 0.447306 4 7 8 603 362 2 458 465 9 390 379 10 454 375 7 590 420 4 488 313 3 392 452 1 405 297 
12 6 9 0.300000 0 2 1 1 0.476323 0 8 2 413 461 5 634 335 NA NA NA NA NA NA NA NA NA NA NA NA NA NA NA NA NA NA 
12 6 10 0.300000 0 5 1 1 0.649456 0 9 5 394 399 3 449 303 1 439 444 7 573 403 8 553 337 NA NA NA NA NA NA NA NA NA 
12 6 11 0.300000 0 8 0 0 0.609544 2 9 10 573 460 6 394 334 9 634 404 3 460 350 2 591 332 4 388 441 5 529 326 1 474 442 
12 6 12 0.300000 0 5 0 0 0.644175 2 8 5 580 404 3 619 459 8 446 335 7 582 314 9 406 386 NA NA NA NA NA NA NA NA NA 
12 6 13 0.300000 0 8 0 0 0.637150 3 2 10 408 473 6 570 432 4 495 441 2 621 401 7 406 390 1 532 326 5 437 296 3 607 341 
12 6 14 0.300000 0 8 1 0 0.624860 2 8 2 390 302 5 398 426 9 634 457 7 546 433 1 599 387 6 569 309 10 454 302 4 627 312 
12 6 15 0.300000 0 8 0 0 0.580366 5 2 8 424 301 5 610 435 9 524 445 4 544 322 7 613 364 2 425 412 3 437 472 1 394 361 
12 6 16 0.300000 0 5 0 0 0.675104 0 4 4 630 432 5 571 351 2 424 448 8 410 342 10 494 303 NA NA NA NA NA NA NA NA NA 
12 6 17 0.300000 0 8 0 1 1.148283 6 10 4 606 296 3 509 453 5 394 329 8 424 408 2 586 352 1 625 455 10 568 414 6 529 325 
12 6 18 0.300000 0 8 1 1 0.766723 1 5 8 390 386 10 566 461 3 422 441 1 592 313 9 478 472 6 422 301 7 593 383 4 484 304 
12 6 19 0.300000 0 5 1 1 0.710873 1 7 6 456 311 2 541 306 4 442 438 9 610 325 10 580 412 NA NA NA NA NA NA NA NA NA 
12 6 20 0.300000 0 8 1 1 0.983966 1 3 6 493 327 1 586 367 10 435 326 5 553 460 8 406 436 7 634 402 4 567 308 2 633 300 
12 6 21 0.300000 0 5 0 1 1.869205 4 5 9 430 383 4 519 303 2 634 441 1 636 371 5 420 303 NA NA NA NA NA NA NA NA NA 
12 6 22 0.300000 0 2 0 0 0.416871 0 6 6 443 343 3 560 340 NA NA NA NA NA NA NA NA NA NA NA NA NA NA NA NA NA NA 
12 6 23 0.300000 0 2 1 1 0.621449 0 10 8 614 384 2 435 429 NA NA NA NA NA NA NA NA NA NA NA NA NA NA NA NA NA NA 
12 6 24 0.300000 0 2 0 0 0.636011 1 3 2 476 334 3 624 335 NA NA NA NA NA NA NA NA NA NA NA NA NA NA NA NA NA NA 
12 6 25 0.300000 0 5 1 0 0.700788 0 8 2 632 296 4 628 399 5 430 337 10 405 436 6 520 326 NA NA NA NA NA NA NA NA NA 
12 6 26 0.300000 0 8 0 1 1.271786 1 7 5 429 457 7 488 450 6 420 315 8 479 308 1 569 432 3 558 295 9 626 303 10 437 391 
12 6 27 0.300000 0 8 0 0 0.418905 1 7 1 596 327 7 613 421 9 390 310 2 392 402 4 458 457 6 452 393 8 464 312 5 533 472 
12 6 28 0.300000 0 5 0 0 0.475744 1 8 3 589 378 8 495 471 4 407 375 7 526 295 1 629 471 NA NA NA NA NA NA NA NA NA 
12 6 29 0.300000 0 8 0 0 0.818315 3 9 4 469 297 8 571 375 10 635 369 9 448 464 2 414 365 3 560 439 1 548 311 6 609 301 
12 6 30 0.300000 0 2 0 0 0.570716 0 8 8 619 319 9 467 439 NA NA NA NA NA NA NA NA NA NA NA NA NA NA NA NA NA NA 
12 6 31 0.300000 0 2 0 0 0.447645 0 9 9 440 420 6 629 370 NA NA NA NA NA NA NA NA NA NA NA NA NA NA NA NA NA NA 
12 6 32 0.300000 0 2 0 0 0.501367 1 3 7 471 337 3 416 416 NA NA NA NA NA NA NA NA NA NA NA NA NA NA NA NA NA NA 
12 6 33 0.300000 0 5 0 0 1.155146 3 4 1 637 344 2 489 462 6 393 374 4 445 322 9 620 417 NA NA NA NA NA NA NA NA NA 
12 6 34 0.300000 0 8 0 0 0.470621 4 5 6 457 420 3 543 312 4 536 437 2 601 469 5 390 315 8 401 376 10 630 382 9 411 467 
12 6 35 0.300000 0 8 1 1 1.146312 5 8 9 598 461 4 439 343 10 618 319 2 417 435 6 473 474 7 585 369 3 551 316 1 538 474 
12 6 36 0.300000 0 2 0 0 0.467498 1 6 3 527 300 6 426 386 NA NA NA NA NA NA NA NA NA NA NA NA NA NA NA NA NA NA 
12 6 37 0.300000 0 8 0 0 1.067177 6 5 4 444 364 6 543 455 3 558 331 2 621 414 9 418 439 10 626 324 5 398 313 8 467 472 
12 6 38 0.300000 0 5 0 0 0.698811 2 9 6 440 460 2 584 325 9 416 351 4 619 437 7 502 297 NA NA NA NA NA NA NA NA NA 
12 6 39 0.300000 0 5 0 0 0.805855 1 1 3 600 441 1 506 456 10 394 443 6 428 380 9 412 298 NA NA NA NA NA NA NA NA NA 
12 6 40 0.300000 0 8 0 0 0.872855 3 2 6 513 446 10 572 334 7 448 302 2 392 344 5 628 351 1 450 443 4 615 461 3 527 295 
12 6 41 0.300000 0 5 0 0 0.805213 0 2 2 485 303 9 465 461 10 417 315 8 597 390 4 610 455 NA NA NA NA NA NA NA NA NA 
12 6 42 0.300000 0 2 0 0 0.613278 0 2 2 582 322 6 443 379 NA NA NA NA NA NA NA NA NA NA NA NA NA NA NA NA NA NA 
12 6 43 0.300000 0 5 0 0 0.662000 4 2 8 419 444 6 604 370 1 466 305 7 554 442 2 391 353 NA NA NA NA NA NA NA NA NA 
12 6 44 0.300000 0 2 1 1 0.657996 0 6 8 395 370 7 394 439 NA NA NA NA NA NA NA NA NA NA NA NA NA NA NA NA NA NA 
12 6 45 0.300000 0 8 0 0 0.741262 3 3 7 581 345 9 394 324 10 457 455 3 431 372 5 590 423 1 623 295 4 487 294 8 387 432 
12 6 46 0.300000 0 2 1 1 0.580474 0 2 6 418 407 10 569 360 NA NA NA NA NA NA NA NA NA NA NA NA NA NA NA NA NA NA 
12 6 47 0.300000 0 2 0 0 0.466214 0 9 9 405 377 8 617 379 NA NA NA NA NA NA NA NA NA NA NA NA NA NA NA NA NA NA 
12 6 48 0.300000 0 8 1 1 0.689367 0 3 2 400 396 1 501 455 9 529 313 4 559 455 6 393 327 10 392 455 8 597 351 7 637 430 
12 6 49 0.300000 0 2 1 1 0.556259 0 7 3 564 304 1 589 461 NA NA NA NA NA NA NA NA NA NA NA NA NA NA NA NA NA NA 
12 6 50 0.300000 0 5 1 1 0.604909 1 3 8 576 372 7 387 348 5 460 442 9 550 469 2 455 300 NA NA NA NA NA NA NA NA NA 
12 6 51 0.300000 0 5 1 1 0.659149 3 8 6 475 295 5 587 388 3 553 334 2 435 463 7 500 470 NA NA NA NA NA NA NA NA NA 
12 6 52 0.300000 0 2 0 0 0.608512 0 8 8 460 354 9 426 438 NA NA NA NA NA NA NA NA NA NA NA NA NA NA NA NA NA NA 
12 6 53 0.300000 0 2 0 0 0.594434 1 4 3 531 326 4 618 409 NA NA NA NA NA NA NA NA NA NA NA NA NA NA NA NA NA NA 
12 6 54 0.300000 0 5 0 0 0.673450 4 4 9 589 473 10 413 310 6 389 445 8 439 396 4 564 332 NA NA NA NA NA NA NA NA NA 
12 6 55 0.300000 0 8 0 1 1.275412 4 3 6 452 325 7 620 386 8 571 323 10 406 438 3 412 378 9 589 455 5 529 440 2 471 438 
12 6 56 0.300000 0 5 0 0 0.578443 0 6 6 631 413 4 428 472 10 572 432 3 630 335 1 410 324 NA NA NA NA NA NA NA NA NA 
12 6 57 0.300000 0 2 0 0 0.529644 1 7 5 416 364 7 491 472 NA NA NA NA NA NA NA NA NA NA NA NA NA NA NA NA NA NA 
12 6 58 0.300000 0 5 0 0 0.549480 0 9 9 498 296 6 558 464 10 610 334 1 440 425 7 457 359 NA NA NA NA NA NA NA NA NA 
12 6 59 0.300000 0 2 0 0 0.391337 0 7 7 566 440 2 616 391 NA NA NA NA NA NA NA NA NA NA NA NA NA NA NA NA NA NA 
12 7 0 0.500000 0 5 0 0 1.037512 0 9 9 584 351 5 570 467 1 626 307 2 412 311 4 389 369 NA NA NA NA NA NA NA NA NA 
12 7 1 0.500000 0 5 1 1 0.701359 3 5 7 572 408 10 593 343 8 414 426 4 395 355 9 494 303 NA NA NA NA NA NA NA NA NA 
12 7 2 0.500000 0 2 1 1 0.567820 0 4 3 468 463 7 568 420 NA NA NA NA NA NA NA NA NA NA NA NA NA NA NA NA NA NA 
12 7 3 0.500000 0 2 0 0 0.565183 1 10 2 614 396 10 488 444 NA NA NA NA NA NA NA NA NA NA NA NA NA NA NA NA NA NA 
12 7 4 0.500000 0 8 1 1 0.628324 2 3 8 390 360 7 472 341 10 601 388 2 414 429 1 541 306 9 578 459 6 623 332 5 637 438 
12 7 5 0.500000 0 8 1 1 0.829242 0 3 6 392 436 7 603 345 10 391 351 1 442 472 5 608 444 2 524 457 4 441 297 8 449 379 
12 7 6 0.500000 0 8 0 0 0.892692 7 9 2 543 329 1 471 437 5 541 446 6 396 369 10 615 393 3 397 451 4 628 308 9 444 318 
12 7 7 0.500000 0 2 1 1 0.557093 0 3 10 604 299 4 454 336 NA NA NA NA NA NA NA NA NA NA NA NA NA NA NA NA NA NA 
12 7 8 0.500000 0 5 0 0 0.819743 2 8 1 523 462 6 393 302 8 582 393 2 637 313 9 451 294 NA NA NA NA NA NA NA NA NA 
12 7 9 0.500000 0 5 1 1 0.930492 2 4 7 539 459 2 411 450 6 591 304 10 606 384 1 620 452 NA NA NA NA NA NA NA NA NA 
12 7 10 0.500000 0 2 0 0 0.482693 0 9 9 595 348 5 449 348 NA NA NA NA NA NA NA NA NA NA NA NA NA NA NA NA NA NA 
12 7 11 0.500000 0 8 0 0 0.724303 2 2 10 435 449 6 512 468 2 524 322 8 587 364 7 395 345 3 637 404 9 454 327 5 566 419 
12 7 12 0.500000 0 8 1 1 1.549827 2 10 1 627 406 3 490 447 8 445 399 6 577 358 9 441 308 2 553 435 7 626 472 4 631 329 
12 7 13 0.500000 0 8 0 0 0.477150 4 6 10 454 384 4 581 443 2 401 429 3 504 303 6 634 400 5 574 343 7 414 312 9 470 451 
12 7 14 0.500000 0 2 1 1 0.553397 1 3 9 485 311 2 623 338 NA NA NA NA NA NA NA NA NA NA NA NA NA NA NA NA NA NA 
12 7 15 0.500000 0 5 0 0 0.580881 1 4 8 438 434 4 560 319 10 542 446 6 399 376 5 445 327 NA NA NA NA NA NA NA NA NA 
12 7 16 0.500000 0 5 0 0 0.660595 0 2 2 559 330 3 423 327 9 501 315 8 622 344 4 553 457 NA NA NA NA NA NA NA NA NA 
12 7 17 0.500000 0 8 1 0 1.164731 0 8 9 404 430 10 603 323 1 416 296 5 526 451 2 611 391 4 442 359 3 633 465 7 459 455 
12 7 18 0.500000 0 8 1 1 0.677542 0 3 7 433 440 10 591 466 5 427 309 8 617 315 1 565 346 4 502 455 2 486 315 9 608 391 
12 7 19 0.500000 0 2 0 0 0.520786 0 9 9 606 437 8 456 330 NA NA NA NA NA NA NA NA NA NA NA NA NA NA NA NA NA NA 
12 7 20 0.500000 0 5 1 1 0.617897 0 2 5 413 332 4 505 460 3 574 415 7 572 339 1 444 472 NA NA NA NA NA NA NA NA NA 
12 7 21 0.500000 0 2 1 1 0.513795 0 9 5 578 322 7 604 474 NA NA NA NA NA NA NA NA NA NA NA NA NA NA NA NA NA NA 
12 7 22 0.500000 0 8 1 1 1.353808 7 6 2 402 356 4 515 299 9 588 382 3 480 468 10 613 455 1 395 296 8 624 327 7 456 316 
12 7 23 0.500000 0 5 1 1 1.248538 2 10 8 630 356 4 420 337 1 488 453 3 554 326 7 600 468 NA NA NA NA NA NA NA NA NA 
12 7 24 0.500000 0 2 0 0 0.707551 0 1 1 448 306 2 613 333 NA NA NA NA NA NA NA NA NA NA NA NA NA NA NA NA NA NA 
12 7 25 0.500000 0 8 1 1 1.795842 1 10 1 625 317 8 547 312 4 424 415 2 600 420 5 394 361 3 435 302 9 497 474 6 405 473 
12 7 26 0.500000 0 5 0 0 0.577755 0 7 7 612 367 6 404 411 10 630 429 5 488 294 1 391 327 NA NA NA NA NA NA NA NA NA 
12 7 27 0.500000 0 2 0 0 0.654833 1 10 2 422 427 10 485 453 NA NA NA NA NA NA NA NA NA NA NA NA NA NA NA NA NA NA 
12 7 28 0.500000 0 5 1 1 0.692222 3 7 4 430 399 5 517 471 9 459 461 8 398 457 6 584 356 NA NA NA NA NA NA NA NA NA 
12 7 29 0.500000 0 5 1 1 1.108284 2 1 3 620 366 7 501 303 10 578 460 2 454 357 9 394 446 NA NA NA NA NA NA NA NA NA 
12 7 30 0.500000 0 8 0 0 0.884108 2 2 7 635 362 9 393 451 2 449 407 10 531 439 4 588 461 3 388 393 5 556 294 8 571 382 
12 7 31 0.500000 0 2 1 1 0.579058 1 5 7 611 307 10 457 428 NA NA NA NA NA NA NA NA NA NA NA NA NA NA NA NA NA NA 
12 7 32 0.500000 0 8 0 1 0.789534 0 6 6 538 458 1 457 441 3 623 419 7 565 327 2 393 378 8 436 330 9 502 314 10 389 463 
12 7 33 0.500000 0 2 1 1 0.600765 0 3 6 401 397 1 628 337 NA NA NA NA NA NA NA NA NA NA NA NA NA NA NA NA NA NA 
12 7 34 0.500000 0 8 1 1 0.862830 4 3 2 402 325 5 448 381 6 403 434 8 597 374 10 634 295 7 485 311 9 471 472 4 633 443 
12 7 35 0.500000 0 2 0 0 0.462908 1 9 8 577 381 9 628 306 NA NA NA NA NA NA NA NA NA NA NA NA NA NA NA NA NA NA 
12 7 36 0.500000 0 8 1 0 0.825920 0 10 6 417 357 8 602 423 5 456 425 2 571 325 1 395 468 4 504 311 9 518 472 7 637 329 
12 7 37 0.500000 0 5 0 1 1.114517 4 4 3 447 391 5 610 417 7 584 321 8 470 306 4 460 455 NA NA NA NA NA NA NA NA NA 
12 7 38 0.500000 0 2 1 1 0.655938 0 4 5 579 309 1 570 371 NA NA NA NA NA NA NA NA NA NA NA NA NA NA NA NA NA NA 
12 7 39 0.500000 0 8 0 0 1.799221 0 10 10 444 410 7 631 367 6 573 424 3 599 299 1 494 323 8 427 301 4 565 353 2 418 464 
12 7 40 0.500000 0 8 0 0 0.725316 6 8 10 564 458 7 598 398 1 507 442 3 559 307 4 443 462 2 637 343 8 412 324 6 496 297 
12 7 41 0.500000 0 8 0 0 0.859700 0 4 4 611 357 6 579 441 7 396 410 2 450 297 3 472 472 1 586 302 10 406 474 9 445 374 
12 7 42 0.500000 0 5 1 1 1.019077 2 2 7 551 448 8 398 314 3 606 409 1 606 333 10 455 373 NA NA NA NA NA NA NA NA NA 
12 7 43 0.500000 0 2 1 1 0.547422 1 10 3 423 468 2 628 306 NA NA NA NA NA NA NA NA NA NA NA NA NA NA NA NA NA NA 
12 7 44 0.500000 0 5 0 0 0.665420 2 3 10 626 341 5 406 458 3 610 416 6 430 332 2 481 469 NA NA NA NA NA NA NA NA NA 
12 7 45 0.500000 0 2 0 0 0.588428 0 2 2 532 453 6 391 408 NA NA NA NA NA NA NA NA NA NA NA NA NA NA NA NA NA NA 
12 7 46 0.500000 0 5 1 1 0.744992 0 2 5 584 296 10 635 416 9 478 300 7 432 340 3 502 470 NA NA NA NA NA NA NA NA NA 
12 7 47 0.500000 0 8 1 1 0.734834 5 8 5 613 443 4 407 438 6 572 339 3 486 436 2 453 319 9 447 386 10 542 454 7 396 344 
12 7 48 0.500000 0 2 1 1 0.555232 0 7 8 616 465 9 525 446 NA NA NA NA NA NA NA NA NA NA NA NA NA NA NA NA NA NA 
12 7 49 0.500000 0 5 0 0 0.738997 2 10 6 465 297 5 634 365 10 627 465 1 491 446 2 598 294 NA NA NA NA NA NA NA NA NA 
12 7 50 0.500000 0 2 0 0 0.445703 0 7 7 576 305 9 443 436 NA NA NA NA NA NA NA NA NA NA NA NA NA NA NA NA NA NA 
12 7 51 0.500000 0 8 0 0 0.449145 5 1 9 387 346 2 402 460 5 612 469 7 596 318 8 511 443 1 450 383 10 461 320 6 633 399 
12 7 52 0.500000 0 2 0 0 0.563501 1 2 5 533 439 2 625 429 NA NA NA NA NA NA NA NA NA NA NA NA NA NA NA NA NA NA 
12 7 53 0.500000 0 5 1 1 0.717821 1 6 7 585 413 9 456 405 8 613 315 1 530 455 10 490 306 NA NA NA NA NA NA NA NA NA 
12 7 54 0.500000 0 5 0 1 0.768078 2 8 7 608 328 4 550 466 8 542 310 3 417 303 2 457 420 NA NA NA NA NA NA NA NA NA 
12 7 55 0.500000 0 8 0 0 0.642545 4 1 8 407 397 9 570 360 5 531 446 4 497 307 1 599 472 10 617 315 3 404 334 2 415 472 
12 7 56 0.500000 0 2 1 1 1.261912 1 5 4 411 343 8 521 315 NA NA NA NA NA NA NA NA NA NA NA NA NA NA NA NA NA NA 
12 7 57 0.500000 0 2 0 0 0.838547 0 3 3 416 354 6 613 340 NA NA NA NA NA NA NA NA NA NA NA NA NA NA NA NA NA NA 
12 7 58 0.500000 0 5 1 0 1.197500 0 1 9 627 366 10 482 331 7 597 439 4 544 305 5 511 456 NA NA NA NA NA NA NA NA NA 
12 7 59 0.500000 0 5 0 0 0.690676 2 3 7 416 323 5 603 366 3 546 316 4 628 311 9 636 434 NA NA NA NA NA NA NA NA NA 
12 8 0 0.700000 0 5 0 0 0.678293 0 3 3 603 451 8 551 323 2 410 307 7 411 439 4 468 294 NA NA NA NA NA NA NA NA NA 
12 8 1 0.700000 0 2 1 1 0.622855 1 9 8 605 442 3 439 435 NA NA NA NA NA NA NA NA NA NA NA NA NA NA NA NA NA NA 
12 8 2 0.700000 0 5 1 0 0.969435 3 8 9 588 320 4 396 376 10 629 443 2 454 336 7 480 439 NA NA NA NA NA NA NA NA NA 
12 8 3 0.700000 0 2 1 1 0.589810 0 3 7 447 356 9 614 299 NA NA NA NA NA NA NA NA NA NA NA NA NA NA NA NA NA NA 
12 8 4 0.700000 0 2 1 1 0.533764 0 5 9 596 427 3 515 447 NA NA NA NA NA NA NA NA NA NA NA NA NA NA NA NA NA NA 
12 8 5 0.700000 0 5 0 0 0.802869 3 5 9 609 362 10 444 310 1 502 299 5 610 459 3 576 410 NA NA NA NA NA NA NA NA NA 
12 8 6 0.700000 0 8 1 1 0.697853 7 4 2 572 422 9 464 337 6 601 306 7 400 406 5 618 375 1 523 459 10 526 321 3 464 442 
12 8 7 0.700000 0 8 0 0 1.014012 5 8 3 585 319 9 571 443 5 433 453 10 430 389 7 519 470 8 571 377 2 493 299 6 635 455 
12 8 8 0.700000 0 5 1 1 0.786634 2 8 4 603 390 7 389 416 10 481 472 3 568 468 9 434 360 NA NA NA NA NA NA NA NA NA 
12 8 9 0.700000 0 8 1 1 0.593194 4 1 6 410 323 10 535 474 7 511 302 2 601 300 4 572 412 5 630 465 3 401 452 9 468 443 
12 8 10 0.700000 0 5 0 0 0.637517 1 2 3 522 450 2 422 429 7 410 369 8 436 305 1 560 349 NA NA NA NA NA NA NA NA NA 
12 8 11 0.700000 0 2 1 1 0.441161 0 9 7 626 319 1 406 452 NA NA NA NA NA NA NA NA NA NA NA NA NA NA NA NA NA NA 
12 8 12 0.700000 0 8 1 1 1.170628 4 3 8 545 454 10 563 302 1 597 422 6 430 390 5 461 459 2 420 324 4 621 295 7 619 356 
12 8 13 0.700000 0 5 1 1 0.765705 3 9 4 538 456 8 622 366 3 423 362 1 581 308 5 448 440 NA NA NA NA NA NA NA NA NA 
12 8 14 0.700000 0 8 0 0 0.738691 7 6 3 632 395 2 473 295 4 405 401 1 445 448 5 588 439 10 415 343 9 595 328 6 519 471 
12 8 15 0.700000 0 8 1 1 0.687024 4 9 8 631 373 10 464 313 2 545 447 5 636 302 6 390 343 4 455 441 3 566 338 7 392 445 
12 8 16 0.700000 0 8 1 1 0.828119 0 5 8 439 368 7 584 332 10 561 450 3 406 301 2 616 394 6 410 425 1 470 430 9 472 301 
12 8 17 0.700000 0 2 0 0 1.024833 0 10 10 450 307 9 506 443 NA NA NA NA NA NA NA NA NA NA NA NA NA NA NA NA NA NA 
12 8 18 0.700000 0 2 1 1 0.559033 1 5 6 611 414 4 412 370 NA NA NA NA NA NA NA NA NA NA NA NA NA NA NA NA NA NA 
12 8 19 0.700000 0 5 1 1 0.977847 3 2 1 408 294 10 578 376 5 631 433 8 429 427 7 480 298 NA NA NA NA NA NA NA NA NA 
12 8 20 0.700000 0 8 0 1 0.704294 2 4 2 631 377 6 489 314 4 577 308 10 623 448 5 389 339 9 446 361 8 495 464 1 436 470 
12 8 21 0.700000 0 2 0 0 0.506515 1 9 6 631 387 9 391 457 NA NA NA NA NA NA NA NA NA NA NA NA NA NA NA NA NA NA 
12 8 22 0.700000 0 2 1 1 0.737787 1 5 1 440 312 3 489 445 NA NA NA NA NA NA NA NA NA NA NA NA NA NA NA NA NA NA 
12 8 23 0.700000 0 2 0 0 0.707007 0 4 4 590 406 5 462 463 NA NA NA NA NA NA NA NA NA NA NA NA NA NA NA NA NA NA 
12 8 24 0.700000 0 5 1 1 1.136888 3 10 6 590 421 5 397 355 9 562 307 8 463 434 3 488 309 NA NA NA NA NA NA NA NA NA 
12 8 25 0.700000 0 2 1 1 0.487656 1 7 9 516 308 2 593 352 NA NA NA NA NA NA NA NA NA NA NA NA NA NA NA NA NA NA 
12 8 26 0.700000 0 8 1 1 1.074068 5 8 9 453 456 2 608 376 4 400 402 1 565 310 3 448 365 10 454 299 6 567 422 5 625 466 
12 8 27 0.700000 0 2 1 1 0.596727 0 8 5 456 436 1 621 345 NA NA NA NA NA NA NA NA NA NA NA NA NA NA NA NA NA NA 
12 8 28 0.700000 0 5 0 0 0.733509 0 4 4 488 320 2 428 448 10 607 463 7 571 411 5 637 312 NA NA NA NA NA NA NA NA NA 
12 8 29 0.700000 0 8 1 1 0.821818 0 2 6 636 322 3 581 383 9 448 448 1 396 405 8 547 442 10 422 294 5 621 446 4 551 302 
12 8 30 0.700000 0 8 1 1 0.823940 5 3 8 544 461 5 606 469 2 607 360 1 443 301 4 563 299 6 387 328 9 444 417 7 632 302 
12 8 31 0.700000 0 2 0 0 0.714140 0 7 7 576 352 3 487 455 NA NA NA NA NA NA NA NA NA NA NA NA NA NA NA NA NA NA 
12 8 32 0.700000 0 2 1 1 0.488425 0 4 1 623 296 2 530 444 NA NA NA NA NA NA NA NA NA NA NA NA NA NA NA NA NA NA 
12 8 33 0.700000 0 2 1 1 0.545614 1 5 2 579 361 10 401 350 NA NA NA NA NA NA NA NA NA NA NA NA NA NA NA NA NA NA 
12 8 34 0.700000 0 2 1 1 0.544851 1 5 3 515 324 1 475 453 NA NA NA NA NA NA NA NA NA NA NA NA NA NA NA NA NA NA 
12 8 35 0.700000 0 8 1 1 0.688632 4 5 7 494 327 8 599 317 1 414 322 10 625 451 4 431 397 6 587 406 9 419 474 3 508 457 
12 8 36 0.700000 0 5 1 1 0.636316 0 6 9 426 451 3 569 330 4 414 390 5 627 381 1 422 326 NA NA NA NA NA NA NA NA NA 
12 8 37 0.700000 0 8 1 1 0.865953 7 8 3 488 452 9 414 473 2 437 396 1 402 303 4 608 343 10 494 323 6 616 468 7 569 428 
12 8 38 0.700000 0 8 0 0 0.961449 0 1 1 396 329 9 486 443 8 514 294 10 452 356 5 403 429 6 623 456 7 622 354 3 546 452 
12 8 39 0.700000 0 8 1 1 0.615105 0 8 3 611 378 7 418 415 4 609 305 1 473 306 6 550 449 10 624 471 5 476 457 2 559 344 
12 8 40 0.700000 0 8 1 1 0.705997 6 4 10 427 392 1 511 310 5 581 325 3 425 322 9 627 387 8 412 449 6 586 429 2 637 470 
12 8 41 0.700000 0 5 1 1 0.655936 2 5 1 410 384 10 633 388 8 496 472 6 573 361 2 445 431 NA NA NA NA NA NA NA NA NA 
12 8 42 0.700000 0 5 0 0 0.568600 0 10 10 397 394 7 458 322 3 583 406 9 441 465 5 501 466 NA NA NA NA NA NA NA NA NA 
12 8 43 0.700000 0 5 0 0 0.523569 3 6 5 443 443 9 625 412 8 524 313 6 430 350 2 526 472 NA NA NA NA NA NA NA NA NA 
12 8 44 0.700000 0 2 1 1 0.746987 0 7 2 448 331 8 626 339 NA NA NA NA NA NA NA NA NA NA NA NA NA NA NA NA NA NA 
12 8 45 0.700000 0 2 1 1 0.497309 0 8 4 395 447 10 450 361 NA NA NA NA NA NA NA NA NA NA NA NA NA NA NA NA NA NA 
12 8 46 0.700000 0 2 0 0 0.773226 0 9 9 463 450 7 602 460 NA NA NA NA NA NA NA NA NA NA NA NA NA NA NA NA NA NA 
12 8 47 0.700000 0 8 1 1 1.082698 0 5 6 567 444 1 426 401 4 507 326 9 567 320 2 396 327 3 498 446 10 442 474 7 624 340 
12 8 48 0.700000 0 8 0 0 0.706902 2 7 8 477 299 2 571 429 7 528 470 4 388 298 6 415 424 10 634 452 9 412 354 3 570 298 
12 8 49 0.700000 0 5 1 1 0.711050 0 9 7 588 308 8 580 386 4 528 472 6 389 335 5 613 465 NA NA NA NA NA NA NA NA NA 
12 8 50 0.700000 0 5 1 1 0.762103 3 4 5 619 416 1 414 341 8 415 447 10 636 348 3 506 473 NA NA NA NA NA NA NA NA NA 
12 8 51 0.700000 0 5 1 1 0.695175 1 10 1 453 474 2 421 337 5 567 473 9 613 365 3 492 321 NA NA NA NA NA NA NA NA NA 
12 8 52 0.700000 0 8 1 1 0.842003 1 10 7 393 432 3 595 365 5 454 334 4 508 458 8 608 468 6 395 347 9 538 322 2 636 407 
12 8 53 0.700000 0 2 1 1 0.961940 1 9 8 490 301 2 629 363 NA NA NA NA NA NA NA NA NA NA NA NA NA NA NA NA NA NA 
12 8 54 0.700000 0 5 1 1 0.765736 3 9 2 521 472 3 587 345 1 459 420 10 594 473 5 398 450 NA NA NA NA NA NA NA NA NA 
12 8 55 0.700000 0 2 0 0 0.667742 1 6 8 526 305 6 552 466 NA NA NA NA NA NA NA NA NA NA NA NA NA NA NA NA NA NA 
12 8 56 0.700000 0 5 1 1 0.833840 2 5 6 400 320 4 616 459 7 508 472 3 550 335 9 429 422 NA NA NA NA NA NA NA NA NA 
12 8 57 0.700000 0 5 1 1 0.609642 0 3 1 581 362 4 446 351 9 584 296 2 596 465 6 636 339 NA NA NA NA NA NA NA NA NA 
12 8 58 0.700000 0 8 0 0 0.668063 7 9 8 422 408 4 434 322 2 502 306 1 596 397 6 611 308 3 636 470 5 467 451 9 566 469 
12 8 59 0.700000 0 5 1 1 0.861082 4 9 10 418 451 6 512 315 4 573 357 3 438 354 1 537 458 NA NA NA NA NA NA NA NA NA 
