5 0 0 0.700000 0 5 0 0 1.309126 2 8 7 441 444 3 613 302 8 428 374 5 570 374 10 517 465 NA NA NA NA NA NA NA NA NA 
5 0 1 0.700000 0 8 1 0 1.329560 2 2 3 480 302 4 418 462 7 588 370 1 413 396 5 418 328 9 557 446 6 631 461 8 540 308 
5 0 2 0.700000 0 2 1 1 1.436647 1 7 9 440 316 4 615 374 NA NA NA NA NA NA NA NA NA NA NA NA NA NA NA NA NA NA 
5 0 3 0.700000 0 5 1 1 1.097929 0 10 8 475 297 5 445 424 4 607 340 3 496 474 2 414 351 NA NA NA NA NA NA NA NA NA 
5 0 4 0.700000 0 2 0 0 1.617888 0 9 9 553 470 7 414 370 NA NA NA NA NA NA NA NA NA NA NA NA NA NA NA NA NA NA 
5 0 5 0.700000 0 8 0 0 1.266839 1 10 4 600 373 10 443 363 3 507 325 2 610 305 9 466 451 1 630 447 7 452 295 5 545 438 
5 0 6 0.700000 0 2 1 1 1.152010 0 7 1 627 351 5 450 340 NA NA NA NA NA NA NA NA NA NA NA NA NA NA NA NA NA NA 
5 0 7 0.700000 0 5 1 0 1.842700 2 1 9 609 364 6 400 364 7 536 463 2 507 321 5 599 434 NA NA NA NA NA NA NA NA NA 
5 0 8 0.700000 0 5 1 1 1.261368 4 4 5 391 449 2 588 305 7 580 414 10 433 301 6 496 302 NA NA NA NA NA NA NA NA NA 
5 0 9 0.700000 0 8 1 1 1.296246 2 7 8 573 424 4 473 455 1 634 346 3 409 353 5 604 295 6 412 431 2 484 299 10 620 461 
5 0 10 0.700000 0 2 1 1 1.509519 1 3 1 435 302 9 628 402 NA NA NA NA NA NA NA NA NA NA NA NA NA NA NA NA NA NA 
5 0 11 0.700000 0 2 1 1 0.931477 1 4 10 496 310 3 403 382 NA NA NA NA NA NA NA NA NA NA NA NA NA NA NA NA NA NA 
5 0 12 0.700000 0 5 1 1 0.931602 2 7 6 608 419 3 528 465 8 400 320 5 594 336 10 400 446 NA NA NA NA NA NA NA NA NA 
5 0 13 0.700000 0 8 1 1 3.940074 7 1 5 412 370 9 542 449 6 532 309 3 466 427 2 622 416 8 468 339 10 617 295 4 575 355 
5 0 14 0.700000 0 2 1 1 1.122164 1 6 3 440 337 8 579 425 NA NA NA NA NA NA NA NA NA NA NA NA NA NA NA NA NA NA 
5 0 15 0.700000 0 8 1 0 1.359943 6 1 10 576 390 3 422 309 4 408 468 5 425 404 8 601 330 2 584 474 9 531 307 6 519 448 
5 0 16 0.700000 0 8 1 1 1.250644 5 7 2 418 299 3 572 395 5 397 455 1 513 457 4 457 419 8 598 449 9 525 298 10 398 381 
5 0 17 0.700000 0 8 1 0 1.298926 2 5 2 440 310 3 632 305 9 496 462 10 441 418 1 579 423 6 630 385 8 396 474 4 576 353 
5 0 18 0.700000 0 2 1 1 1.049043 1 10 2 447 453 5 630 316 NA NA NA NA NA NA NA NA NA NA NA NA NA NA NA NA NA NA 
5 0 19 0.700000 0 8 1 1 0.921058 7 4 3 392 328 5 626 303 1 629 472 10 560 420 6 560 296 9 479 436 7 394 461 8 428 396 
5 0 20 0.700000 0 5 1 1 1.020905 2 10 9 476 324 2 547 466 6 409 435 7 598 384 4 396 317 NA NA NA NA NA NA NA NA NA 
5 0 21 0.700000 0 5 0 1 1.018316 2 7 1 448 355 9 631 410 7 571 451 3 409 408 5 471 297 NA NA NA NA NA NA NA NA NA 
5 0 22 0.700000 0 2 1 1 1.196886 1 7 4 465 325 9 575 375 NA NA NA NA NA NA NA NA NA NA NA NA NA NA NA NA NA NA 
5 0 23 0.700000 0 2 0 0 0.762307 0 9 9 419 401 1 628 467 NA NA NA NA NA NA NA NA NA NA NA NA NA NA NA NA NA NA 
5 0 24 0.700000 0 5 0 1 2.876616 0 4 4 419 313 9 600 415 2 613 332 6 393 384 7 456 407 NA NA NA NA NA NA NA NA NA 
5 0 25 0.700000 0 8 1 1 1.370439 4 10 7 448 304 9 394 445 1 608 469 6 608 395 4 585 298 2 409 376 8 521 312 5 458 467 
5 0 26 0.700000 0 8 0 0 1.048665 7 1 6 620 329 3 455 355 8 484 444 10 525 305 9 398 400 2 571 421 7 423 305 1 636 387 
5 0 27 0.700000 0 5 1 1 1.141116 0 6 4 506 313 2 454 472 3 572 341 1 391 452 7 633 419 NA NA NA NA NA NA NA NA NA 
5 0 28 0.700000 0 2 1 1 1.164230 0 9 4 421 400 6 392 469 NA NA NA NA NA NA NA NA NA NA NA NA NA NA NA NA NA NA 
5 0 29 0.700000 0 8 0 1 1.154213 6 10 4 599 365 7 619 425 3 549 299 5 415 306 6 521 447 9 393 418 10 443 461 1 581 469 
5 0 30 0.700000 0 5 0 0 0.911958 2 6 4 604 351 5 409 432 6 473 461 8 534 449 1 593 440 NA NA NA NA NA NA NA NA NA 
5 0 31 0.700000 0 5 1 1 1.068358 0 4 9 456 327 6 550 434 7 433 417 1 524 304 10 632 331 NA NA NA NA NA NA NA NA NA 
5 0 32 0.700000 0 5 0 0 2.071042 4 6 7 620 333 4 419 463 5 431 314 1 506 464 6 634 447 NA NA NA NA NA NA NA NA NA 
5 0 33 0.700000 0 2 1 1 1.041487 0 6 5 576 467 8 410 467 NA NA NA NA NA NA NA NA NA NA NA NA NA NA NA NA NA NA 
5 0 34 0.700000 0 2 1 1 1.335234 0 5 1 395 440 7 560 312 NA NA NA NA NA NA NA NA NA NA NA NA NA NA NA NA NA NA 
5 0 35 0.700000 0 2 0 1 0.865422 0 1 1 455 334 2 444 401 NA NA NA NA NA NA NA NA NA NA NA NA NA NA NA NA NA NA 
5 0 36 0.700000 0 8 0 1 1.225135 6 4 1 422 350 9 570 378 8 471 436 10 599 321 3 614 430 2 402 412 4 536 460 7 488 314 
5 0 37 0.700000 0 2 1 1 0.855491 1 5 2 442 352 1 542 473 NA NA NA NA NA NA NA NA NA NA NA NA NA NA NA NA NA NA 
5 0 38 0.700000 0 8 1 0 1.298693 0 6 7 543 464 1 453 471 10 562 316 4 441 370 8 633 370 5 476 317 2 391 422 3 599 435 
5 0 39 0.700000 0 8 1 1 1.711157 5 2 3 548 338 8 466 468 7 421 419 4 557 467 10 588 398 5 626 314 1 417 359 6 622 445 
5 0 40 0.700000 0 8 1 0 2.413687 3 1 8 428 386 7 523 316 10 457 301 3 578 345 5 564 428 6 628 425 9 415 455 2 396 321 
5 0 41 0.700000 0 5 0 0 1.212407 0 6 6 603 385 2 440 360 1 546 470 5 525 318 10 397 442 NA NA NA NA NA NA NA NA NA 
5 0 42 0.700000 0 5 1 1 0.725652 2 9 8 594 361 6 491 474 10 422 393 2 584 465 3 406 301 NA NA NA NA NA NA NA NA NA 
5 0 43 0.700000 0 5 1 0 1.573167 2 8 5 598 412 7 414 379 2 516 442 6 472 325 10 421 452 NA NA NA NA NA NA NA NA NA 
5 0 44 0.700000 0 2 0 0 1.869841 0 9 9 481 314 6 591 295 NA NA NA NA NA NA NA NA NA NA NA NA NA NA NA NA NA NA 
5 0 45 0.700000 0 2 1 1 1.160443 1 8 9 543 303 6 426 428 NA NA NA NA NA NA NA NA NA NA NA NA NA NA NA NA NA NA 
5 0 46 0.700000 0 8 0 1 0.989270 3 7 6 450 377 1 455 460 2 516 443 7 516 298 4 402 297 5 600 383 3 626 470 10 403 430 
5 0 47 0.700000 0 5 1 1 1.051767 4 10 4 606 347 7 413 315 9 473 294 6 556 308 3 396 408 NA NA NA NA NA NA NA NA NA 
5 0 48 0.700000 0 2 1 1 0.812974 0 7 5 452 447 10 429 372 NA NA NA NA NA NA NA NA NA NA NA NA NA NA NA NA NA NA 
5 0 49 0.700000 0 8 1 1 1.572035 2 3 7 452 469 8 561 467 9 591 370 5 610 300 2 387 469 6 387 379 4 625 444 10 401 305 
5 0 50 0.700000 0 5 1 1 1.857018 3 3 4 421 305 1 440 404 8 416 471 6 595 334 9 519 455 NA NA NA NA NA NA NA NA NA 
5 0 51 0.700000 0 2 1 1 1.052661 0 2 9 561 445 6 626 464 NA NA NA NA NA NA NA NA NA NA NA NA NA NA NA NA NA NA 
5 0 52 0.700000 0 8 0 1 2.508003 5 1 4 556 317 5 606 438 7 572 378 9 419 448 10 448 304 1 493 449 8 395 388 2 628 326 
5 0 53 0.700000 0 8 1 1 1.832604 7 8 7 398 390 10 487 451 6 421 298 4 637 398 5 470 333 1 543 320 2 582 434 9 635 471 
5 0 54 0.700000 0 5 1 0 0.992029 0 9 3 614 411 10 469 302 8 563 454 4 611 321 1 421 421 NA NA NA NA NA NA NA NA NA 
5 0 55 0.700000 0 8 1 1 1.162596 6 8 4 492 463 7 392 447 5 563 433 2 630 414 3 428 350 9 611 309 1 536 299 6 476 316 
5 0 56 0.700000 0 5 1 1 1.962642 1 8 5 625 318 9 585 460 4 475 327 1 401 420 7 575 395 NA NA NA NA NA NA NA NA NA 
5 0 57 0.700000 0 2 0 0 1.538365 1 9 4 451 381 9 462 452 NA NA NA NA NA NA NA NA NA NA NA NA NA NA NA NA NA NA 
5 0 58 0.700000 0 2 0 0 1.135354 1 2 5 543 309 2 567 435 NA NA NA NA NA NA NA NA NA NA NA NA NA NA NA NA NA NA 
5 0 59 0.700000 0 5 1 1 1.407910 2 7 8 439 469 3 552 426 6 600 462 1 412 334 4 457 297 NA NA NA NA NA NA NA NA NA 
5 1 0 0.300000 0 5 0 1 1.040525 3 3 8 592 318 1 621 423 10 408 364 3 496 313 2 489 444 NA NA NA NA NA NA NA NA NA 
5 1 1 0.300000 0 8 0 0 1.326139 7 7 8 396 370 2 628 447 6 621 360 5 539 443 3 427 308 4 429 451 1 514 307 7 637 295 
5 1 2 0.300000 0 5 0 0 0.901205 0 7 7 636 294 4 400 461 8 581 350 2 497 456 9 445 381 NA NA NA NA NA NA NA NA NA 
5 1 3 0.300000 0 5 1 1 1.055372 4 10 7 589 438 8 623 354 1 399 329 4 478 435 5 563 331 NA NA NA NA NA NA NA NA NA 
5 1 4 0.300000 0 8 0 1 1.645965 2 8 3 536 297 7 597 386 8 630 317 6 433 337 2 394 399 4 452 464 10 564 468 5 622 465 
5 1 5 0.300000 0 5 1 1 1.077774 0 4 5 387 378 1 616 413 2 536 304 3 443 332 6 533 464 NA NA NA NA NA NA NA NA NA 
5 1 6 0.300000 0 5 0 0 0.771917 0 3 3 453 316 6 531 300 8 580 406 1 485 454 5 412 418 NA NA NA NA NA NA NA NA NA 
5 1 7 0.300000 0 5 0 0 0.841251 1 6 4 617 320 6 448 468 2 505 321 9 403 316 5 571 425 NA NA NA NA NA NA NA NA NA 
5 1 8 0.300000 0 2 0 0 1.229756 0 1 1 554 460 10 443 383 NA NA NA NA NA NA NA NA NA NA NA NA NA NA NA NA NA NA 
5 1 9 0.300000 0 2 1 1 2.052545 1 3 1 572 390 8 480 335 NA NA NA NA NA NA NA NA NA NA NA NA NA NA NA NA NA NA 
5 1 10 0.300000 0 8 1 0 1.192838 2 2 9 454 332 4 585 367 5 570 434 6 419 383 7 574 294 8 467 471 10 391 312 3 516 312 
5 1 11 0.300000 0 8 1 0 2.858063 2 2 7 475 437 1 584 344 9 421 402 4 480 304 10 557 456 6 396 298 5 393 466 3 621 441 
5 1 12 0.300000 0 5 0 0 1.045552 3 9 4 583 322 3 548 438 10 606 384 9 388 314 6 443 383 NA NA NA NA NA NA NA NA NA 
5 1 13 0.300000 0 5 0 0 0.848146 4 4 1 627 361 10 605 303 8 428 427 9 578 438 4 444 334 NA NA NA NA NA NA NA NA NA 
5 1 14 0.300000 0 2 1 1 0.942769 0 2 9 547 294 4 404 331 NA NA NA NA NA NA NA NA NA NA NA NA NA NA NA NA NA NA 
5 1 15 0.300000 0 2 0 0 0.795511 1 1 3 594 314 1 398 338 NA NA NA NA NA NA NA NA NA NA NA NA NA NA NA NA NA NA 
5 1 16 0.300000 0 2 1 1 1.482839 0 7 4 550 325 2 432 428 NA NA NA NA NA NA NA NA NA NA NA NA NA NA NA NA NA NA 
5 1 17 0.300000 0 5 0 0 1.104381 1 2 1 588 358 2 506 449 10 440 413 6 618 425 8 560 303 NA NA NA NA NA NA NA NA NA 
5 1 18 0.300000 0 2 0 0 1.022441 1 6 8 527 326 6 609 439 NA NA NA NA NA NA NA NA NA NA NA NA NA NA NA NA NA NA 
5 1 19 0.300000 0 8 0 0 1.110515 6 10 5 596 387 1 400 358 3 471 340 4 408 296 6 551 320 9 447 410 10 429 474 2 545 444 
5 1 20 0.300000 0 2 0 0 0.790790 0 8 8 397 441 3 549 326 NA NA NA NA NA NA NA NA NA NA NA NA NA NA NA NA NA NA 
5 1 21 0.300000 0 5 1 1 1.017356 0 1 5 559 433 4 634 294 6 486 316 10 434 446 8 634 421 NA NA NA NA NA NA NA NA NA 
5 1 22 0.300000 0 5 1 0 1.186235 1 10 1 399 426 9 608 303 7 576 442 2 632 373 4 441 327 NA NA NA NA NA NA NA NA NA 
5 1 23 0.300000 0 5 0 0 0.951496 1 3 5 618 453 3 578 334 6 434 414 2 432 354 1 484 449 NA NA NA NA NA NA NA NA NA 
5 1 24 0.300000 0 2 1 1 1.197595 0 7 3 606 391 1 440 337 NA NA NA NA NA NA NA NA NA NA NA NA NA NA NA NA NA NA 
5 1 25 0.300000 0 2 0 0 1.121992 0 10 10 584 472 9 430 455 NA NA NA NA NA NA NA NA NA NA NA NA NA NA NA NA NA NA 
5 1 26 0.300000 0 5 0 0 0.881167 3 8 1 452 385 7 592 433 9 496 466 8 395 438 10 637 352 NA NA NA NA NA NA NA NA NA 
5 1 27 0.300000 0 8 0 0 0.749726 2 9 7 567 312 6 612 390 9 417 383 4 428 450 3 622 450 8 552 462 10 446 300 1 390 318 
5 1 28 0.300000 0 5 0 0 0.906149 0 2 2 615 404 5 417 444 7 590 341 8 561 466 10 551 297 NA NA NA NA NA NA NA NA NA 
5 1 29 0.300000 0 8 1 1 1.166370 3 8 5 585 431 10 473 336 1 455 442 7 565 352 2 517 466 9 625 362 6 388 300 4 602 300 
5 1 30 0.300000 0 2 0 0 0.921174 0 10 10 491 306 7 411 351 NA NA NA NA NA NA NA NA NA NA NA NA NA NA NA NA NA NA 
5 1 31 0.300000 0 2 0 0 1.013798 1 9 10 512 320 9 391 473 NA NA NA NA NA NA NA NA NA NA NA NA NA NA NA NA NA NA 
5 1 32 0.300000 0 2 0 0 0.793133 0 8 8 435 389 10 634 468 NA NA NA NA NA NA NA NA NA NA NA NA NA NA NA NA NA NA 
5 1 33 0.300000 0 2 0 0 0.871071 1 8 1 580 360 8 398 434 NA NA NA NA NA NA NA NA NA NA NA NA NA NA NA NA NA NA 
5 1 34 0.300000 0 8 0 0 1.209233 6 2 3 536 458 6 611 376 5 468 330 1 402 384 7 628 434 4 576 318 2 465 454 10 404 468 
5 1 35 0.300000 0 8 0 0 1.719293 3 9 7 615 360 10 579 412 3 522 297 9 396 417 5 439 302 2 592 299 4 461 459 6 633 434 
5 1 36 0.300000 0 8 1 0 2.469409 5 5 1 558 331 8 421 379 6 629 416 9 580 466 7 425 297 4 633 303 2 493 311 3 395 465 
5 1 37 0.300000 0 2 1 1 1.649433 0 10 8 411 443 6 487 457 NA NA NA NA NA NA NA NA NA NA NA NA NA NA NA NA NA NA 
5 1 38 0.300000 0 8 0 0 1.025032 4 2 4 543 330 9 533 465 1 427 356 7 452 435 2 599 419 6 606 333 10 391 305 3 459 303 
5 1 39 0.300000 0 8 1 1 1.263256 5 7 5 429 342 4 568 316 9 619 426 6 579 471 8 402 472 1 442 407 10 522 446 2 637 370 
5 1 40 0.300000 0 2 1 1 1.031311 1 2 4 607 454 1 628 321 NA NA NA NA NA NA NA NA NA NA NA NA NA NA NA NA NA NA 
5 1 41 0.300000 0 2 0 0 1.089101 1 5 10 437 423 5 551 467 NA NA NA NA NA NA NA NA NA NA NA NA NA NA NA NA NA NA 
5 1 42 0.300000 0 8 0 1 1.677744 0 8 8 550 330 10 402 440 5 623 345 2 440 359 3 527 461 9 435 301 7 595 396 4 601 464 
5 1 43 0.300000 0 8 0 1 1.250510 5 7 6 417 444 10 544 454 9 602 327 3 399 350 1 621 437 7 469 471 2 456 313 4 548 304 
5 1 44 0.300000 0 5 1 0 0.954740 0 2 7 394 422 8 543 470 3 471 432 4 469 306 9 575 339 NA NA NA NA NA NA NA NA NA 
5 1 45 0.300000 0 5 1 1 1.185394 3 5 6 471 321 4 585 465 3 588 357 10 395 459 9 425 380 NA NA NA NA NA NA NA NA NA 
5 1 46 0.300000 0 8 1 1 1.176929 6 6 4 452 451 2 538 449 3 436 360 10 596 400 5 636 442 1 597 322 9 538 322 7 387 436 
5 1 47 0.300000 0 2 0 0 0.922454 0 8 8 396 325 3 546 464 NA NA NA NA NA NA NA NA NA NA NA NA NA NA NA NA NA NA 
5 1 48 0.300000 0 5 0 0 1.274536 2 10 8 607 424 3 400 442 10 482 460 6 396 368 5 522 326 NA NA NA NA NA NA NA NA NA 
5 1 49 0.300000 0 8 0 0 1.068160 2 10 8 634 362 3 421 296 10 488 311 9 553 334 5 415 430 1 611 428 4 510 442 2 409 362 
5 1 50 0.300000 0 8 0 1 0.908043 2 7 10 600 406 4 391 380 7 487 307 8 434 473 3 633 468 2 441 414 5 417 314 1 615 303 
5 1 51 0.300000 0 5 0 0 1.154749 0 1 1 455 426 2 387 424 10 500 298 6 615 315 7 605 451 NA NA NA NA NA NA NA NA NA 
5 1 52 0.300000 0 5 0 0 0.819261 0 8 8 420 444 3 599 450 5 627 383 10 447 381 7 620 302 NA NA NA NA NA NA NA NA NA 
5 1 53 0.300000 0 2 0 0 1.182873 0 6 6 633 316 7 524 320 NA NA NA NA NA NA NA NA NA NA NA NA NA NA NA NA NA NA 
5 1 54 0.300000 0 2 0 0 0.889196 0 5 5 409 324 2 606 434 NA NA NA NA NA NA NA NA NA NA NA NA NA NA NA NA NA NA 
5 1 55 0.300000 0 8 0 0 1.470766 1 10 6 433 331 10 622 459 9 397 473 7 401 413 4 637 372 1 499 462 2 617 307 8 580 399 
5 1 56 0.300000 0 8 0 0 0.924849 1 5 2 394 396 5 445 300 1 592 330 4 532 315 10 407 465 9 510 470 7 621 443 3 571 473 
5 1 57 0.300000 0 5 0 0 0.869699 2 10 3 587 316 4 419 303 10 585 408 5 632 442 7 408 431 NA NA NA NA NA NA NA NA NA 
5 1 58 0.300000 0 8 0 1 1.096273 1 9 10 595 338 9 482 294 3 448 472 7 392 420 8 440 369 4 563 435 6 628 407 1 507 468 
5 1 59 0.300000 0 2 0 0 0.740682 1 9 7 568 300 9 439 470 NA NA NA NA NA NA NA NA NA NA NA NA NA NA NA NA NA NA 
5 2 0 0.700000 0 5 1 1 1.190438 0 8 5 402 314 1 435 379 3 401 467 6 603 347 4 517 472 NA NA NA NA NA NA NA NA NA 
5 2 1 0.700000 0 8 1 1 1.461099 6 2 5 586 408 8 632 338 3 460 355 10 473 294 7 406 435 1 536 319 4 620 465 9 390 310 
5 2 2 0.700000 0 8 0 1 2.816617 2 1 7 483 438 2 562 319 1 482 296 10 541 451 5 405 349 8 627 472 3 411 457 9 622 315 
5 2 3 0.700000 0 2 1 1 0.896236 1 7 9 549 434 5 429 349 NA NA NA NA NA NA NA NA NA NA NA NA NA NA NA NA NA NA 
5 2 4 0.700000 0 5 0 0 1.288298 4 8 7 570 429 6 389 341 3 454 436 2 542 307 8 458 300 NA NA NA NA NA NA NA NA NA 
5 2 5 0.700000 0 2 1 1 1.154975 1 8 1 392 380 5 455 460 NA NA NA NA NA NA NA NA NA NA NA NA NA NA NA NA NA NA 
5 2 6 0.700000 0 8 1 1 0.883808 4 9 5 588 350 10 530 473 1 486 324 7 396 357 2 629 406 4 589 464 6 425 294 8 474 433 
5 2 7 0.700000 0 5 1 1 0.995818 4 6 7 433 342 4 388 384 10 499 318 9 444 413 1 613 322 NA NA NA NA NA NA NA NA NA 
5 2 8 0.700000 0 2 0 0 1.458031 1 10 7 547 474 10 426 459 NA NA NA NA NA NA NA NA NA NA NA NA NA NA NA NA NA NA 
5 2 9 0.700000 0 2 1 1 0.885167 1 7 3 413 349 10 524 324 NA NA NA NA NA NA NA NA NA NA NA NA NA NA NA NA NA NA 
5 2 10 0.700000 0 8 0 0 1.073514 3 4 1 628 311 8 619 432 9 422 315 4 414 381 2 387 461 5 610 372 7 554 454 3 561 326 
5 2 11 0.700000 0 5 0 0 1.078633 3 6 10 504 300 9 406 320 8 395 466 6 459 471 5 618 394 NA NA NA NA NA NA NA NA NA 
5 2 12 0.700000 0 2 1 1 1.234174 0 6 8 516 471 4 628 456 NA NA NA NA NA NA NA NA NA NA NA NA NA NA NA NA NA NA 
5 2 13 0.700000 0 2 0 0 1.136294 1 6 3 397 405 6 598 385 NA NA NA NA NA NA NA NA NA NA NA NA NA NA NA NA NA NA 
5 2 14 0.700000 0 8 1 1 0.752744 6 4 7 463 436 10 600 441 6 628 360 8 459 305 2 396 423 9 401 304 5 540 326 3 441 364 
5 2 15 0.700000 0 5 1 1 1.079213 2 8 3 443 373 2 396 463 4 476 465 7 622 455 5 587 360 NA NA NA NA NA NA NA NA NA 
5 2 16 0.700000 0 5 0 1 0.985800 3 6 5 610 319 8 552 436 10 460 416 6 634 449 3 404 337 NA NA NA NA NA NA NA NA NA 
5 2 17 0.700000 0 8 0 1 1.941721 7 8 3 555 342 10 436 348 5 425 445 4 619 430 7 526 468 2 622 349 9 510 299 8 398 296 
5 2 18 0.700000 0 2 1 1 0.915870 0 4 2 426 438 1 445 334 NA NA NA NA NA NA NA NA NA NA NA NA NA NA NA NA NA NA 
5 2 19 0.700000 0 8 0 1 0.939367 0 6 6 447 324 7 523 453 10 611 328 3 603 453 8 435 469 2 428 402 4 388 309 5 583 380 
5 2 20 0.700000 0 8 1 1 0.930314 3 8 7 623 474 3 435 318 4 393 416 2 500 314 9 557 339 10 516 470 6 614 297 5 615 377 
5 2 21 0.700000 0 8 1 1 1.316890 0 8 9 495 303 2 589 337 10 444 429 4 444 346 6 401 303 5 567 468 3 621 412 1 502 464 
5 2 22 0.700000 0 5 1 1 0.670244 3 7 2 443 358 6 489 300 10 396 448 8 560 330 4 429 294 NA NA NA NA NA NA NA NA NA 
5 2 23 0.700000 0 2 1 1 1.222735 0 4 9 573 318 6 483 449 NA NA NA NA NA NA NA NA NA NA NA NA NA NA NA NA NA NA 
5 2 24 0.700000 0 5 0 0 1.068887 1 6 9 572 366 6 519 310 4 486 447 2 413 453 7 447 372 NA NA NA NA NA NA NA NA NA 
5 2 25 0.700000 0 5 1 1 0.970863 2 7 9 637 403 1 578 436 10 425 425 5 532 304 8 388 351 NA NA NA NA NA NA NA NA NA 
5 2 26 0.700000 0 2 0 0 2.317728 0 1 1 608 468 8 440 361 NA NA NA NA NA NA NA NA NA NA NA NA NA NA NA NA NA NA 
5 2 27 0.700000 0 8 1 0 1.719915 2 5 10 605 383 2 392 444 6 573 308 8 476 323 3 431 381 7 571 462 9 511 446 4 637 305 
5 2 28 0.700000 0 5 1 1 0.963651 1 9 3 392 317 8 549 473 1 576 376 6 466 445 5 548 320 NA NA NA NA NA NA NA NA NA 
5 2 29 0.700000 0 8 1 1 0.711379 4 8 9 603 362 5 402 340 6 440 440 10 453 369 7 548 320 4 489 473 3 629 423 1 567 438 
5 2 30 0.700000 0 2 1 1 0.806314 1 4 5 412 309 6 413 383 NA NA NA NA NA NA NA NA NA NA NA NA NA NA NA NA NA NA 
5 2 31 0.700000 0 5 1 1 0.581013 2 7 3 579 295 1 462 312 2 535 450 9 409 343 5 437 456 NA NA NA NA NA NA NA NA NA 
5 2 32 0.700000 0 2 1 1 0.870822 0 2 7 597 404 10 544 319 NA NA NA NA NA NA NA NA NA NA NA NA NA NA NA NA NA NA 
5 2 33 0.700000 0 5 0 0 1.100616 4 7 8 389 335 4 420 389 1 566 318 5 495 448 7 623 425 NA NA NA NA NA NA NA NA NA 
5 2 34 0.700000 0 2 1 1 1.689556 0 8 6 509 326 4 448 336 NA NA NA NA NA NA NA NA NA NA NA NA NA NA NA NA NA NA 
5 2 35 0.700000 0 8 1 0 1.136856 3 1 9 519 295 3 402 382 7 439 436 4 437 329 2 568 367 5 591 428 6 602 319 10 629 378 
5 2 36 0.700000 0 8 0 0 0.974824 5 1 8 483 454 5 583 376 10 445 362 6 629 320 9 605 457 1 417 469 4 533 306 7 401 411 
5 2 37 0.700000 0 5 1 1 0.940607 0 4 9 439 406 10 634 327 7 578 467 2 397 325 5 503 471 NA NA NA NA NA NA NA NA NA 
5 2 38 0.700000 0 8 1 1 1.486264 5 8 10 620 359 5 454 311 1 591 446 3 478 457 9 596 294 6 532 320 4 416 357 2 418 471 
5 2 39 0.700000 0 5 1 1 1.403790 4 3 2 525 472 6 392 380 10 607 384 7 454 362 9 438 297 NA NA NA NA NA NA NA NA NA 
5 2 40 0.700000 0 5 1 1 0.871369 3 5 2 588 389 3 609 457 10 403 405 8 423 465 4 417 327 NA NA NA NA NA NA NA NA NA 
5 2 41 0.700000 0 5 1 1 0.824526 0 8 1 414 326 6 621 328 9 426 438 5 576 433 7 537 296 NA NA NA NA NA NA NA NA NA 
5 2 42 0.700000 0 2 0 0 1.631729 1 2 6 634 325 2 426 473 NA NA NA NA NA NA NA NA NA NA NA NA NA NA NA NA NA NA 
5 2 43 0.700000 0 5 1 1 0.696613 1 3 4 558 345 5 583 456 10 426 471 9 624 400 1 491 325 NA NA NA NA NA NA NA NA NA 
5 2 44 0.700000 0 2 1 1 0.844378 0 8 5 407 353 9 597 456 NA NA NA NA NA NA NA NA NA NA NA NA NA NA NA NA NA NA 
5 2 45 0.700000 0 2 1 1 1.040830 1 3 8 608 340 5 623 413 NA NA NA NA NA NA NA NA NA NA NA NA NA NA NA NA NA NA 
5 2 46 0.700000 0 2 1 1 0.774991 0 5 2 610 442 6 572 320 NA NA NA NA NA NA NA NA NA NA NA NA NA NA NA NA NA NA 
5 2 47 0.700000 0 8 1 1 0.881183 3 9 8 588 471 1 616 416 6 437 356 2 611 321 3 387 439 4 388 304 5 553 298 10 514 461 
5 2 48 0.700000 0 5 1 1 1.225308 0 9 1 628 410 8 395 469 7 592 316 6 530 321 10 462 421 NA NA NA NA NA NA NA NA NA 
5 2 49 0.700000 0 2 1 1 0.726037 0 4 10 548 306 5 625 294 NA NA NA NA NA NA NA NA NA NA NA NA NA NA NA NA NA NA 
5 2 50 0.700000 0 8 1 1 2.593591 4 9 8 584 296 2 582 395 7 469 334 3 527 443 4 611 465 5 452 453 1 388 330 10 396 410 
5 2 51 0.700000 0 5 0 0 0.752995 0 3 3 501 467 2 490 317 9 637 341 10 564 305 1 630 434 NA NA NA NA NA NA NA NA NA 
5 2 52 0.700000 0 8 1 1 1.264021 6 3 2 601 332 8 539 454 4 627 443 9 453 460 6 393 304 10 437 362 7 505 318 1 398 414 
5 2 53 0.700000 0 5 1 1 0.826051 1 5 9 416 311 3 448 362 7 403 429 2 629 350 8 595 302 NA NA NA NA NA NA NA NA NA 
5 2 54 0.700000 0 2 0 0 1.141953 1 2 3 439 312 2 546 312 NA NA NA NA NA NA NA NA NA NA NA NA NA NA NA NA NA NA 
5 2 55 0.700000 0 8 0 0 0.775600 2 4 9 614 382 6 479 327 4 622 445 10 628 303 3 407 435 5 412 308 7 400 375 8 488 452 
5 2 56 0.700000 0 2 1 1 0.871327 0 1 5 533 453 10 589 311 NA NA NA NA NA NA NA NA NA NA NA NA NA NA NA NA NA NA 
5 2 57 0.700000 0 8 1 1 1.131801 2 9 7 414 449 2 416 311 6 569 368 4 612 457 3 636 338 1 537 456 8 530 309 5 475 439 
5 2 58 0.700000 0 2 0 0 0.936480 1 5 9 478 439 5 614 377 NA NA NA NA NA NA NA NA NA NA NA NA NA NA NA NA NA NA 
5 2 59 0.700000 0 8 1 1 1.127290 3 9 7 614 331 6 430 390 1 616 439 8 518 468 4 474 323 10 558 312 2 413 334 5 460 442 
5 3 0 0.500000 0 8 0 1 0.957498 0 7 7 444 460 9 577 406 4 636 460 3 523 451 8 391 394 5 463 352 2 593 322 10 519 320 
5 3 1 0.500000 0 5 0 1 0.842366 2 4 2 425 348 6 625 389 4 578 336 7 532 441 1 416 450 NA NA NA NA NA NA NA NA NA 
5 3 2 0.500000 0 2 0 0 1.061302 0 8 8 415 424 7 563 424 NA NA NA NA NA NA NA NA NA NA NA NA NA NA NA NA NA NA 
5 3 3 0.500000 0 8 1 0 1.113620 1 5 2 611 393 4 544 437 10 430 399 6 488 461 3 402 335 7 537 311 8 457 311 9 600 298 
5 3 4 0.500000 0 5 1 1 0.985369 3 3 7 422 301 9 610 467 6 441 450 5 567 305 4 503 313 NA NA NA NA NA NA NA NA NA 
5 3 5 0.500000 0 8 1 1 1.023822 5 2 10 632 402 9 571 300 5 484 314 7 390 306 3 405 401 6 518 455 1 459 441 8 405 466 
5 3 6 0.500000 0 5 0 0 1.768404 2 9 7 454 443 8 575 369 9 452 339 1 606 443 4 387 389 NA NA NA NA NA NA NA NA NA 
5 3 7 0.500000 0 8 0 0 1.258283 4 2 3 549 327 5 421 440 7 428 298 6 582 474 2 408 356 8 570 387 10 625 353 1 476 474 
5 3 8 0.500000 0 5 1 1 0.921147 0 6 2 441 369 8 589 405 3 403 452 4 584 332 5 629 472 NA NA NA NA NA NA NA NA NA 
5 3 9 0.500000 0 5 0 1 1.475835 1 5 1 608 310 5 562 414 6 510 317 3 633 383 10 454 449 NA NA NA NA NA NA NA NA NA 
5 3 10 0.500000 0 5 1 0 1.043020 1 8 3 599 465 9 418 406 2 483 316 4 586 300 7 489 438 NA NA NA NA NA NA NA NA NA 
5 3 11 0.500000 0 5 0 0 1.260848 2 2 4 420 445 9 632 350 2 424 361 6 609 412 10 496 446 NA NA NA NA NA NA NA NA NA 
5 3 12 0.500000 0 5 1 1 2.001350 3 2 8 575 298 5 604 399 3 487 472 6 405 385 9 481 317 NA NA NA NA NA NA NA NA NA 
5 3 13 0.500000 0 2 1 1 0.972870 0 7 1 600 375 8 452 422 NA NA NA NA NA NA NA NA NA NA NA NA NA NA NA NA NA NA 
5 3 14 0.500000 0 2 0 0 1.102162 1 5 9 417 472 5 525 453 NA NA NA NA NA NA NA NA NA NA NA NA NA NA NA NA NA NA 
5 3 15 0.500000 0 8 1 1 0.909691 0 10 2 552 305 8 612 333 9 425 342 6 410 460 4 599 423 1 530 458 7 492 318 5 387 388 
5 3 16 0.500000 0 5 1 0 1.050904 0 2 4 506 473 6 388 427 8 574 464 10 460 426 9 606 413 NA NA NA NA NA NA NA NA NA 
5 3 17 0.500000 0 8 1 1 1.301361 3 9 8 446 351 1 472 458 3 628 457 7 602 348 10 542 460 2 397 435 6 402 295 4 504 304 
5 3 18 0.500000 0 8 0 0 0.935091 1 8 7 574 424 8 567 353 4 450 465 6 422 339 1 503 322 10 430 407 5 637 388 9 604 298 
5 3 19 0.500000 0 2 0 0 1.062124 1 10 1 408 424 10 469 462 NA NA NA NA NA NA NA NA NA NA NA NA NA NA NA NA NA NA 
5 3 20 0.500000 0 2 1 1 1.162176 0 1 9 418 372 7 593 369 NA NA NA NA NA NA NA NA NA NA NA NA NA NA NA NA NA NA 
5 3 21 0.500000 0 2 0 0 1.017204 0 5 5 468 446 9 614 324 NA NA NA NA NA NA NA NA NA NA NA NA NA NA NA NA NA NA 
5 3 22 0.500000 0 8 0 1 2.154874 7 10 1 483 440 6 558 474 4 598 422 9 448 379 7 483 307 5 575 303 2 426 320 10 414 431 
5 3 23 0.500000 0 8 1 0 0.974700 4 10 4 417 375 2 596 373 3 533 326 5 633 309 7 443 428 6 626 468 8 387 450 9 432 302 
5 3 24 0.500000 0 5 0 0 0.937972 0 4 4 569 423 9 397 307 7 458 329 10 604 338 8 404 444 NA NA NA NA NA NA NA NA NA 
5 3 25 0.500000 0 8 0 0 1.126071 5 1 5 516 299 4 610 303 10 504 458 8 422 459 3 629 445 1 401 336 6 410 399 2 567 412 
5 3 26 0.500000 0 5 1 1 1.559035 3 2 4 440 438 7 448 352 3 569 463 10 594 341 5 502 469 NA NA NA NA NA NA NA NA NA 
5 3 27 0.500000 0 5 0 0 0.725278 4 5 6 619 357 2 396 442 1 447 408 3 425 326 5 565 441 NA NA NA NA NA NA NA NA NA 
5 3 28 0.500000 0 2 1 0 1.383009 0 1 10 519 467 9 595 398 NA NA NA NA NA NA NA NA NA NA NA NA NA NA NA NA NA NA 
5 3 29 0.500000 0 8 1 1 1.050905 5 6 7 610 305 2 582 395 8 393 466 5 400 312 10 482 464 3 547 326 1 619 471 4 494 297 
5 3 30 0.500000 0 2 0 0 0.797141 0 8 8 478 304 1 462 472 NA NA NA NA NA NA NA NA NA NA NA NA NA NA NA NA NA NA 
5 3 31 0.500000 0 5 1 1 1.134199 3 9 1 614 307 3 488 451 4 445 409 8 541 321 2 459 320 NA NA NA NA NA NA NA NA NA 
5 3 32 0.500000 0 8 1 1 0.849956 2 1 7 495 444 9 583 378 6 439 406 8 541 295 2 632 436 3 390 345 10 617 299 5 471 295 
5 3 33 0.500000 0 8 1 1 1.250119 7 1 7 469 456 9 423 393 3 526 311 10 610 446 2 388 333 4 629 303 6 469 338 5 591 365 
5 3 34 0.500000 0 2 0 0 1.061145 0 1 1 486 315 6 444 408 NA NA NA NA NA NA NA NA NA NA NA NA NA NA NA NA NA NA 
5 3 35 0.500000 0 8 1 1 1.049735 0 7 10 496 314 1 618 451 3 511 474 5 452 405 8 585 365 2 434 336 4 630 319 9 418 454 
5 3 36 0.500000 0 2 0 0 0.683797 0 8 8 438 415 2 410 351 NA NA NA NA NA NA NA NA NA NA NA NA NA NA NA NA NA NA 
5 3 37 0.500000 0 8 0 0 1.103354 1 2 10 458 358 2 442 430 6 413 299 1 599 366 5 515 461 9 588 472 8 631 312 3 567 297 
5 3 38 0.500000 0 2 1 1 0.949558 0 3 5 434 454 7 411 310 NA NA NA NA NA NA NA NA NA NA NA NA NA NA NA NA NA NA 
5 3 39 0.500000 0 2 0 0 0.836993 0 10 10 594 352 8 472 307 NA NA NA NA NA NA NA NA NA NA NA NA NA NA NA NA NA NA 
5 3 40 0.500000 0 5 1 1 2.572807 3 6 8 565 333 3 612 378 4 428 361 5 581 454 9 402 307 NA NA NA NA NA NA NA NA NA 
5 3 41 0.500000 0 2 1 1 0.842111 1 6 9 591 443 1 459 343 NA NA NA NA NA NA NA NA NA NA NA NA NA NA NA NA NA NA 
5 3 42 0.500000 0 8 0 0 1.257189 3 1 3 415 312 2 601 420 7 454 433 1 605 310 6 416 372 8 546 325 5 553 470 10 395 458 
5 3 43 0.500000 0 5 0 1 0.692133 2 4 1 553 301 9 434 458 4 435 344 2 530 460 5 623 324 NA NA NA NA NA NA NA NA NA 
5 3 44 0.500000 0 2 1 1 2.122320 1 3 1 524 317 10 501 456 NA NA NA NA NA NA NA NA NA NA NA NA NA NA NA NA NA NA 
5 3 45 0.500000 0 2 0 0 1.206899 1 2 10 547 474 2 588 420 NA NA NA NA NA NA NA NA NA NA NA NA NA NA NA NA NA NA 
5 3 46 0.500000 0 8 0 0 0.959196 0 5 5 565 454 8 605 308 1 422 305 2 469 467 3 411 416 4 487 328 9 635 453 6 628 371 
5 3 47 0.500000 0 8 0 0 1.344205 7 2 8 417 361 10 535 444 5 424 464 3 570 379 4 492 294 9 549 316 1 632 366 2 587 474 
5 3 48 0.500000 0 2 0 0 0.664916 1 8 10 395 324 8 517 313 NA NA NA NA NA NA NA NA NA NA NA NA NA NA NA NA NA NA 
5 3 49 0.500000 0 5 0 1 0.820175 4 6 5 439 395 4 482 448 8 595 465 10 631 417 6 415 305 NA NA NA NA NA NA NA NA NA 
5 3 50 0.500000 0 5 0 1 1.746431 1 7 2 457 339 7 496 465 1 612 376 10 529 317 5 588 445 NA NA NA NA NA NA NA NA NA 
5 3 51 0.500000 0 2 1 1 1.390140 1 5 9 397 424 8 510 454 NA NA NA NA NA NA NA NA NA NA NA NA NA NA NA NA NA NA 
5 3 52 0.500000 0 2 1 1 0.823896 0 2 8 459 437 9 413 325 NA NA NA NA NA NA NA NA NA NA NA NA NA NA NA NA NA NA 
5 3 53 0.500000 0 5 1 1 0.805938 0 7 10 603 425 5 452 300 4 408 391 3 636 319 8 481 456 NA NA NA NA NA NA NA NA NA 
5 3 54 0.500000 0 8 1 1 0.846115 1 6 10 609 460 7 517 326 3 577 346 4 399 432 2 623 383 8 430 366 1 534 439 9 625 297 
5 3 55 0.500000 0 5 1 1 1.613704 2 2 9 419 452 6 604 321 1 409 362 4 449 315 3 486 461 NA NA NA NA NA NA NA NA NA 
5 3 56 0.500000 0 8 0 0 0.697358 1 1 8 469 320 1 401 308 5 433 396 6 633 414 4 508 467 10 564 429 7 590 331 2 410 454 
5 3 57 0.500000 0 2 1 1 1.360531 1 7 9 424 322 8 581 316 NA NA NA NA NA NA NA NA NA NA NA NA NA NA NA NA NA NA 
5 3 58 0.500000 0 5 0 0 0.994912 2 9 5 398 377 7 410 304 9 607 427 8 469 342 1 603 356 NA NA NA NA NA NA NA NA NA 
5 3 59 0.500000 0 2 1 1 1.592915 1 5 3 419 344 8 407 438 NA NA NA NA NA NA NA NA NA NA NA NA NA NA NA NA NA NA 
5 4 0 0.300000 0 8 0 0 0.780852 5 10 7 633 434 4 523 460 1 393 465 3 613 322 8 442 315 10 442 432 6 636 376 5 517 302 
5 4 1 0.300000 0 5 0 0 0.656925 1 7 10 406 450 7 407 321 1 619 398 4 621 464 9 396 390 NA NA NA NA NA NA NA NA NA 
5 4 2 0.300000 0 5 0 1 1.004202 3 4 2 404 431 5 453 350 6 589 322 4 525 304 1 610 467 NA NA NA NA NA NA NA NA NA 
5 4 3 0.300000 0 5 1 1 1.373093 0 7 1 619 452 3 394 335 10 438 424 4 608 334 9 485 307 NA NA NA NA NA NA NA NA NA 
5 4 4 0.300000 0 8 0 0 0.826314 3 8 2 483 314 10 486 445 5 615 330 8 398 323 9 426 460 6 592 453 7 608 395 3 432 386 
5 4 5 0.300000 0 2 0 0 2.092908 1 5 6 538 320 5 423 343 NA NA NA NA NA NA NA NA NA NA NA NA NA NA NA NA NA NA 
5 4 6 0.300000 0 8 0 0 0.736567 0 9 9 582 335 8 471 309 6 387 364 10 606 446 1 534 442 4 435 426 5 631 295 7 530 309 
5 4 7 0.300000 0 5 0 0 0.696363 1 5 9 591 431 5 441 309 6 603 346 1 420 381 10 523 302 NA NA NA NA NA NA NA NA NA 
5 4 8 0.300000 0 8 0 0 1.507034 0 2 2 610 332 8 428 307 10 547 448 7 472 441 5 625 459 3 399 413 1 486 317 6 441 372 
5 4 9 0.300000 0 2 0 0 0.619080 1 7 1 554 427 7 597 370 NA NA NA NA NA NA NA NA NA NA NA NA NA NA NA NA NA NA 
5 4 10 0.300000 0 5 1 1 1.521781 0 5 10 628 378 6 436 375 7 438 295 2 406 425 3 475 443 NA NA NA NA NA NA NA NA NA 
5 4 11 0.300000 0 2 1 1 1.093480 0 1 7 419 368 9 567 302 NA NA NA NA NA NA NA NA NA NA NA NA NA NA NA NA NA NA 
5 4 12 0.300000 0 5 1 1 1.168186 0 9 10 395 376 6 535 450 2 426 446 4 616 311 7 600 397 NA NA NA NA NA NA NA NA NA 
5 4 13 0.300000 0 2 1 1 1.000536 1 6 8 584 390 7 391 439 NA NA NA NA NA NA NA NA NA NA NA NA NA NA NA NA NA NA 
5 4 14 0.300000 0 2 0 0 1.164188 0 4 4 513 445 9 588 366 NA NA NA NA NA NA NA NA NA NA NA NA NA NA NA NA NA NA 
5 4 15 0.300000 0 8 0 0 1.214438 3 5 3 442 424 7 507 313 10 614 322 5 625 439 6 582 384 4 416 318 9 547 452 1 392 457 
5 4 16 0.300000 0 2 0 0 1.270374 1 1 8 611 318 1 407 324 NA NA NA NA NA NA NA NA NA NA NA NA NA NA NA NA NA NA 
5 4 17 0.300000 0 2 0 0 1.150809 1 10 6 508 315 10 595 374 NA NA NA NA NA NA NA NA NA NA NA NA NA NA NA NA NA NA 
5 4 18 0.300000 0 5 0 0 1.309697 0 6 6 621 468 3 388 444 1 560 314 2 424 353 5 466 468 NA NA NA NA NA NA NA NA NA 
5 4 19 0.300000 0 5 0 0 0.866431 2 8 9 580 470 6 421 308 8 418 438 5 563 335 7 447 375 NA NA NA NA NA NA NA NA NA 
5 4 20 0.300000 0 2 1 1 0.832734 1 9 10 554 466 4 591 327 NA NA NA NA NA NA NA NA NA NA NA NA NA NA NA NA NA NA 
5 4 21 0.300000 0 2 0 0 1.597003 1 1 5 443 296 1 596 422 NA NA NA NA NA NA NA NA NA NA NA NA NA NA NA NA NA NA 
5 4 22 0.300000 0 8 1 0 0.855084 3 8 10 625 441 2 448 345 1 612 363 6 393 394 9 507 455 4 446 467 5 394 316 7 567 470 
5 4 23 0.300000 0 5 0 0 1.021923 4 9 6 457 459 3 602 335 10 427 303 8 565 435 9 618 463 NA NA NA NA NA NA NA NA NA 
5 4 24 0.300000 0 8 1 0 0.721008 6 8 3 428 474 10 476 313 6 561 457 4 598 335 1 392 370 2 590 396 7 540 330 5 443 414 
5 4 25 0.300000 0 5 0 0 0.926789 2 2 1 405 428 5 625 357 2 485 450 7 412 294 6 595 415 NA NA NA NA NA NA NA NA NA 
5 4 26 0.300000 0 5 0 0 0.715104 3 10 4 508 301 6 589 372 2 413 401 10 429 328 9 398 469 NA NA NA NA NA NA NA NA NA 
5 4 27 0.300000 0 2 0 0 0.675247 1 1 10 517 452 1 594 453 NA NA NA NA NA NA NA NA NA NA NA NA NA NA NA NA NA NA 
5 4 28 0.300000 0 8 0 0 0.780088 5 2 10 624 473 5 631 353 7 576 314 6 436 466 9 569 400 2 390 430 3 440 345 4 494 314 
5 4 29 0.300000 0 2 0 0 0.427632 0 8 8 399 448 10 431 367 NA NA NA NA NA NA NA NA NA NA NA NA NA NA NA NA NA NA 
5 4 30 0.300000 0 2 0 0 0.586975 1 10 8 556 332 10 404 380 NA NA NA NA NA NA NA NA NA NA NA NA NA NA NA NA NA NA 
5 4 31 0.300000 0 2 0 0 0.685513 1 10 2 413 449 10 549 318 NA NA NA NA NA NA NA NA NA NA NA NA NA NA NA NA NA NA 
5 4 32 0.300000 0 5 0 0 0.749123 3 10 3 597 314 1 607 444 4 396 350 10 516 463 9 425 447 NA NA NA NA NA NA NA NA NA 
5 4 33 0.300000 0 8 0 1 1.711920 3 7 9 556 432 10 614 457 5 393 363 7 624 331 2 525 306 3 401 438 8 457 300 1 493 473 
5 4 34 0.300000 0 8 1 1 0.982909 6 8 7 615 367 4 489 450 2 412 418 10 445 358 9 556 300 1 580 455 6 387 315 3 496 320 
5 4 35 0.300000 0 8 0 0 0.851926 0 4 4 524 312 8 452 432 7 632 415 5 400 397 10 396 473 1 619 352 3 568 456 2 400 332 
5 4 36 0.300000 0 8 0 0 1.142978 7 7 4 484 437 6 609 349 1 397 446 10 389 359 3 505 298 9 573 401 8 637 432 7 543 473 
5 4 37 0.300000 0 8 1 1 0.819024 0 3 9 430 310 2 596 367 10 427 451 8 566 455 1 615 298 6 534 309 5 507 446 7 437 391 
5 4 38 0.300000 0 5 0 0 0.677380 0 8 8 568 450 3 396 341 9 397 446 1 583 321 2 488 307 NA NA NA NA NA NA NA NA NA 
5 4 39 0.300000 0 8 1 1 0.805156 1 4 5 500 473 9 427 330 7 449 387 6 637 350 1 612 457 3 599 396 10 582 326 8 487 317 
5 4 40 0.300000 0 5 1 1 0.771223 1 7 3 542 436 8 393 454 1 406 368 2 580 317 9 625 461 NA NA NA NA NA NA NA NA NA 
5 4 41 0.300000 0 8 0 0 1.139309 4 9 8 584 442 2 426 330 3 488 459 7 597 294 9 429 446 6 629 343 5 529 311 10 390 384 
5 4 42 0.300000 0 5 1 1 1.134173 3 6 8 588 437 9 417 302 3 615 318 1 440 377 2 427 447 NA NA NA NA NA NA NA NA NA 
5 4 43 0.300000 0 5 0 0 0.957651 4 10 1 603 451 9 411 345 7 525 323 8 429 454 10 606 348 NA NA NA NA NA NA NA NA NA 
5 4 44 0.300000 0 2 1 1 0.818704 0 8 10 426 366 6 387 442 NA NA NA NA NA NA NA NA NA NA NA NA NA NA NA NA NA NA 
5 4 45 0.300000 0 5 0 0 0.973325 3 10 5 582 342 3 443 466 7 436 299 10 631 399 9 605 472 NA NA NA NA NA NA NA NA NA 
5 4 46 0.300000 0 2 0 0 0.823024 0 7 7 390 300 8 584 345 NA NA NA NA NA NA NA NA NA NA NA NA NA NA NA NA NA NA 
5 4 47 0.300000 0 5 0 0 1.526896 2 1 6 415 298 7 588 325 1 484 455 9 422 371 5 474 322 NA NA NA NA NA NA NA NA NA 
5 4 48 0.300000 0 2 0 0 0.921804 1 5 4 495 300 5 613 382 NA NA NA NA NA NA NA NA NA NA NA NA NA NA NA NA NA NA 
5 4 49 0.300000 0 2 1 1 1.497534 0 6 3 544 450 9 630 318 NA NA NA NA NA NA NA NA NA NA NA NA NA NA NA NA NA NA 
5 4 50 0.300000 0 8 0 0 0.922000 5 3 6 447 471 1 399 416 5 399 316 4 619 355 9 507 471 3 597 427 10 516 296 2 567 329 
5 4 51 0.300000 0 2 1 1 1.001004 1 5 7 540 296 2 562 436 NA NA NA NA NA NA NA NA NA NA NA NA NA NA NA NA NA NA 
5 4 52 0.300000 0 5 1 1 0.990846 0 4 1 416 347 2 457 441 5 575 411 10 635 300 9 535 459 NA NA NA NA NA NA NA NA NA 
5 4 53 0.300000 0 5 0 0 1.109560 4 9 7 574 378 2 592 438 3 631 311 6 451 417 9 388 300 NA NA NA NA NA NA NA NA NA 
5 4 54 0.300000 0 8 0 0 0.602333 1 6 7 439 329 6 636 431 2 397 426 8 564 323 10 596 386 3 545 462 9 453 460 4 502 314 
5 4 55 0.300000 0 8 1 0 0.762330 1 7 1 581 372 10 419 469 4 501 310 3 623 323 6 394 371 8 637 433 9 542 436 2 406 304 
5 4 56 0.300000 0 8 0 0 0.934198 2 9 10 604 339 5 444 317 9 492 471 6 567 412 3 407 460 2 629 446 4 514 326 7 408 392 
5 4 57 0.300000 0 2 0 0 0.521029 0 6 6 612 333 2 550 471 NA NA NA NA NA NA NA NA NA NA NA NA NA NA NA NA NA NA 
5 4 58 0.300000 0 8 0 0 0.427544 1 6 4 582 297 6 624 428 9 493 444 1 408 430 2 581 385 10 429 327 8 497 318 5 577 467 
5 4 59 0.300000 0 2 0 0 0.693076 1 10 8 591 322 10 632 469 NA NA NA NA NA NA NA NA NA NA NA NA NA NA NA NA NA NA 
5 5 0 0.500000 0 2 0 0 0.669942 1 3 5 387 401 3 503 295 NA NA NA NA NA NA NA NA NA NA NA NA NA NA NA NA NA NA 
5 5 1 0.500000 0 2 1 1 1.302283 1 10 8 443 338 4 565 474 NA NA NA NA NA NA NA NA NA NA NA NA NA NA NA NA NA NA 
5 5 2 0.500000 0 5 1 1 1.018616 3 6 2 601 307 1 488 445 7 557 432 10 431 364 3 398 469 NA NA NA NA NA NA NA NA NA 
5 5 3 0.500000 0 8 1 1 0.967397 1 3 10 573 398 6 415 386 7 539 298 4 455 447 2 592 341 1 468 300 9 631 444 5 394 442 
5 5 4 0.500000 0 8 1 1 0.750837 0 7 2 586 440 9 399 321 5 409 409 4 489 446 8 587 316 1 526 310 6 637 393 3 468 346 
5 5 5 0.500000 0 8 1 0 0.826247 6 9 10 396 329 3 624 366 2 619 425 1 632 306 4 477 306 5 411 474 8 547 327 7 513 454 
5 5 6 0.500000 0 2 0 0 1.013405 1 1 10 404 397 1 519 312 NA NA NA NA NA NA NA NA NA NA NA NA NA NA NA NA NA NA 
5 5 7 0.500000 0 8 0 0 1.332307 7 9 5 396 390 8 579 377 3 484 324 10 637 324 4 569 444 1 575 300 2 456 403 9 492 468 
5 5 8 0.500000 0 5 0 0 0.575677 0 9 9 406 394 5 591 368 8 553 455 1 620 299 3 404 310 NA NA NA NA NA NA NA NA NA 
5 5 9 0.500000 0 5 1 1 1.157676 0 6 10 549 329 5 465 325 3 572 388 7 629 424 9 413 383 NA NA NA NA NA NA NA NA NA 
5 5 10 0.500000 0 5 0 0 1.163095 2 4 2 424 420 1 502 324 4 577 461 7 626 345 10 569 402 NA NA NA NA NA NA NA NA NA 
5 5 11 0.500000 0 5 1 1 0.760653 4 5 4 456 430 3 430 326 8 393 402 10 613 364 6 597 448 NA NA NA NA NA NA NA NA NA 
5 5 12 0.500000 0 5 0 0 0.891692 3 10 1 428 330 4 601 426 2 514 305 10 575 294 7 453 439 NA NA NA NA NA NA NA NA NA 
5 5 13 0.500000 0 2 0 0 1.797441 0 10 10 511 451 3 436 335 NA NA NA NA NA NA NA NA NA NA NA NA NA NA NA NA NA NA 
5 5 14 0.500000 0 2 0 0 1.855827 0 4 4 455 469 8 603 379 NA NA NA NA NA NA NA NA NA NA NA NA NA NA NA NA NA NA 
5 5 15 0.500000 0 2 0 0 0.690736 0 3 3 460 336 10 421 473 NA NA NA NA NA NA NA NA NA NA NA NA NA NA NA NA NA NA 
5 5 16 0.500000 0 5 0 0 0.709340 1 10 2 452 402 10 417 300 5 469 344 4 547 320 3 402 472 NA NA NA NA NA NA NA NA NA 
5 5 17 0.500000 0 2 0 0 0.696890 1 1 6 476 439 1 427 345 NA NA NA NA NA NA NA NA NA NA NA NA NA NA NA NA NA NA 
5 5 18 0.500000 0 2 1 1 1.043151 0 2 10 562 308 4 471 448 NA NA NA NA NA NA NA NA NA NA NA NA NA NA NA NA NA NA 
5 5 19 0.500000 0 8 1 1 0.940675 1 5 8 540 438 4 618 389 7 391 460 10 538 328 9 471 441 3 411 337 1 631 462 6 628 314 
5 5 20 0.500000 0 5 1 0 1.717614 0 9 3 487 300 5 558 336 10 621 333 1 422 302 4 392 450 NA NA NA NA NA NA NA NA NA 
5 5 21 0.500000 0 8 0 0 0.762990 6 5 8 395 445 6 546 309 9 588 438 7 511 453 3 637 330 1 580 361 5 438 315 10 400 378 
5 5 22 0.500000 0 5 1 0 1.142820 0 1 10 395 324 2 601 414 7 558 466 6 479 311 8 447 442 NA NA NA NA NA NA NA NA NA 
5 5 23 0.500000 0 8 1 0 1.149955 6 9 1 588 343 5 615 407 7 394 386 4 515 454 6 441 312 2 431 447 8 637 307 3 508 304 
5 5 24 0.500000 0 8 0 0 1.563128 2 3 9 630 295 1 615 462 3 411 463 2 575 376 8 635 360 4 447 299 5 564 315 7 550 459 
5 5 25 0.500000 0 8 1 0 1.368991 6 5 3 586 454 1 466 471 9 512 315 6 401 474 8 628 324 10 411 353 2 451 299 7 422 414 
5 5 26 0.500000 0 5 1 1 1.001091 4 5 1 627 310 7 510 295 8 600 386 9 548 455 6 612 448 NA NA NA NA NA NA NA NA NA 
5 5 27 0.500000 0 2 1 1 1.299691 1 10 5 407 371 9 579 431 NA NA NA NA NA NA NA NA NA NA NA NA NA NA NA NA NA NA 
5 5 28 0.500000 0 2 0 0 0.864810 0 7 7 434 310 1 514 308 NA NA NA NA NA NA NA NA NA NA NA NA NA NA NA NA NA NA 
5 5 29 0.500000 0 8 0 1 1.398234 6 4 1 428 394 6 534 301 2 387 343 10 637 305 8 618 363 9 454 310 4 547 433 7 620 426 
5 5 30 0.500000 0 8 0 0 0.809998 0 1 1 624 388 9 425 356 4 464 302 8 637 311 5 454 419 7 589 443 10 388 464 2 562 317 
5 5 31 0.500000 0 2 1 1 1.084857 0 8 7 576 339 4 604 457 NA NA NA NA NA NA NA NA NA NA NA NA NA NA NA NA NA NA 
5 5 32 0.500000 0 8 0 0 0.636934 3 3 6 454 369 1 602 399 9 401 410 3 549 330 5 544 436 7 616 323 8 388 349 10 475 312 
5 5 33 0.500000 0 8 0 0 1.118944 6 1 9 412 422 4 554 445 5 569 370 6 401 339 10 466 448 7 576 299 1 634 444 2 461 317 
5 5 34 0.500000 0 8 1 0 0.841924 2 9 8 424 321 5 503 458 4 486 316 3 387 373 7 627 457 6 449 425 2 584 321 1 589 379 
5 5 35 0.500000 0 8 1 0 0.819965 4 1 5 491 444 10 461 319 6 533 326 9 626 421 3 432 371 7 573 383 2 567 471 4 403 315 
5 5 36 0.500000 0 5 0 1 1.510686 4 9 4 435 400 10 459 455 8 432 327 7 562 450 9 531 307 NA NA NA NA NA NA NA NA NA 
5 5 37 0.500000 0 5 1 1 0.805933 1 3 4 526 321 7 410 339 1 570 397 10 481 474 8 441 414 NA NA NA NA NA NA NA NA NA 
5 5 38 0.500000 0 2 1 1 0.731417 1 6 5 437 457 2 572 441 NA NA NA NA NA NA NA NA NA NA NA NA NA NA NA NA NA NA 
5 5 39 0.500000 0 2 1 1 0.915580 0 7 6 442 435 1 609 377 NA NA NA NA NA NA NA NA NA NA NA NA NA NA NA NA NA NA 
5 5 40 0.500000 0 2 1 1 0.899846 0 1 6 591 312 3 569 449 NA NA NA NA NA NA NA NA NA NA NA NA NA NA NA NA NA NA 
5 5 41 0.500000 0 8 1 1 0.874542 2 4 1 599 411 8 456 307 2 628 462 6 543 325 9 461 428 3 387 464 5 547 447 10 637 336 
5 5 42 0.500000 0 5 0 0 1.480893 4 4 1 452 294 5 612 390 8 616 300 6 556 474 4 482 440 NA NA NA NA NA NA NA NA NA 
5 5 43 0.500000 0 5 1 1 0.947307 2 7 5 601 345 1 457 430 10 404 386 3 510 303 8 588 473 NA NA NA NA NA NA NA NA NA 
5 5 44 0.500000 0 8 0 0 1.710411 5 10 1 397 458 6 420 327 7 602 398 3 631 295 8 547 323 10 496 458 9 554 456 2 441 398 
5 5 45 0.500000 0 2 1 1 0.718729 0 3 9 405 369 8 631 435 NA NA NA NA NA NA NA NA NA NA NA NA NA NA NA NA NA NA 
5 5 46 0.500000 0 2 0 0 0.941335 0 6 6 557 311 7 397 404 NA NA NA NA NA NA NA NA NA NA NA NA NA NA NA NA NA NA 
5 5 47 0.500000 0 8 0 0 2.519638 2 7 8 407 336 3 475 314 7 586 451 4 443 404 1 527 462 5 616 326 9 536 322 6 606 392 
5 5 48 0.500000 0 5 1 1 0.731231 2 8 3 405 372 1 606 301 4 625 366 10 528 310 9 621 428 NA NA NA NA NA NA NA NA NA 
5 5 49 0.500000 0 8 1 0 1.166096 1 1 4 610 377 8 430 452 2 593 320 6 633 469 10 496 473 9 573 440 5 452 308 3 526 301 
5 5 50 0.500000 0 2 0 0 0.783784 1 8 9 434 353 8 636 331 NA NA NA NA NA NA NA NA NA NA NA NA NA NA NA NA NA NA 
5 5 51 0.500000 0 2 1 1 0.683252 1 9 10 529 306 1 400 390 NA NA NA NA NA NA NA NA NA NA NA NA NA NA NA NA NA NA 
5 5 52 0.500000 0 5 0 0 1.187945 2 3 5 582 322 10 480 330 3 457 406 4 498 455 2 620 428 NA NA NA NA NA NA NA NA NA 
5 5 53 0.500000 0 2 0 0 0.843269 1 9 1 452 383 9 627 471 NA NA NA NA NA NA NA NA NA NA NA NA NA NA NA NA NA NA 
5 5 54 0.500000 0 5 1 1 1.283225 0 6 9 620 306 4 562 316 8 415 417 5 480 330 1 608 415 NA NA NA NA NA NA NA NA NA 
5 5 55 0.500000 0 5 0 0 0.675101 2 7 1 613 342 5 460 345 7 586 399 9 400 432 4 405 319 NA NA NA NA NA NA NA NA NA 
5 5 56 0.500000 0 8 0 0 0.570819 5 2 7 464 441 8 532 458 9 518 311 6 603 449 3 591 354 2 450 367 10 393 306 1 388 414 
5 5 57 0.500000 0 5 0 0 0.524128 1 2 6 441 427 2 568 366 8 612 304 3 525 320 4 627 446 NA NA NA NA NA NA NA NA NA 
5 5 58 0.500000 0 2 1 1 1.233942 1 3 10 405 380 4 590 339 NA NA NA NA NA NA NA NA NA NA NA NA NA NA NA NA NA NA 
5 5 59 0.500000 0 5 0 0 0.639113 1 2 7 494 467 2 446 367 6 621 407 8 503 326 3 412 422 NA NA NA NA NA NA NA NA NA 
5 6 0 0.700000 0 2 1 1 0.573035 0 9 4 453 299 2 516 462 NA NA NA NA NA NA NA NA NA NA NA NA NA NA NA NA NA NA 
5 6 1 0.700000 0 8 1 1 0.577338 1 3 10 576 364 8 477 451 1 624 414 2 572 446 5 529 319 6 414 460 7 426 306 9 420 364 
5 6 2 0.700000 0 8 0 0 1.556787 6 9 4 479 439 2 393 329 5 581 320 6 594 396 1 414 435 8 619 467 9 456 332 10 543 462 
5 6 3 0.700000 0 5 1 1 0.956878 4 5 6 571 330 8 601 471 2 476 455 9 415 463 3 426 335 NA NA NA NA NA NA NA NA NA 
5 6 4 0.700000 0 8 1 1 1.202779 5 1 9 404 452 8 568 450 10 550 313 7 387 338 4 446 392 2 633 403 6 475 468 5 481 332 
5 6 5 0.700000 0 5 0 0 1.445596 2 1 7 619 356 6 479 331 1 406 379 8 451 420 9 535 459 NA NA NA NA NA NA NA NA NA 
5 6 6 0.700000 0 5 1 1 1.032426 3 6 10 591 416 4 610 304 7 456 328 8 482 448 2 619 473 NA NA NA NA NA NA NA NA NA 
5 6 7 0.700000 0 8 1 0 1.337850 4 10 9 439 385 8 603 368 2 493 468 7 569 449 5 423 302 3 393 450 6 491 302 1 554 321 
5 6 8 0.700000 0 2 1 1 0.784107 1 3 7 591 358 8 458 332 NA NA NA NA NA NA NA NA NA NA NA NA NA NA NA NA NA NA 
5 6 9 0.700000 0 8 1 0 1.264721 3 8 4 536 439 9 585 379 10 597 436 7 451 332 6 536 329 1 444 423 5 389 402 2 633 320 
5 6 10 0.700000 0 8 1 1 0.816789 1 6 3 486 463 2 620 323 5 570 394 1 449 312 7 506 299 4 593 465 8 446 399 9 389 307 
5 6 11 0.700000 0 8 1 1 0.940142 4 2 10 528 459 7 413 311 3 511 310 6 414 454 8 614 471 9 623 343 1 394 396 4 566 411 
5 6 12 0.700000 0 2 1 1 0.672898 1 3 2 560 439 6 426 442 NA NA NA NA NA NA NA NA NA NA NA NA NA NA NA NA NA NA 
5 6 13 0.700000 0 5 0 0 1.493415 4 8 10 520 451 9 416 408 7 549 311 4 405 473 8 426 298 NA NA NA NA NA NA NA NA NA 
5 6 14 0.700000 0 8 1 1 1.222709 7 9 8 576 349 1 488 458 4 399 432 10 610 444 6 413 303 3 432 378 5 546 443 7 636 313 
5 6 15 0.700000 0 8 0 1 1.819445 1 3 7 623 294 3 420 474 1 441 389 10 500 300 9 425 333 5 565 315 2 626 421 4 485 459 
5 6 16 0.700000 0 2 1 1 0.521783 1 6 5 582 460 10 509 311 NA NA NA NA NA NA NA NA NA NA NA NA NA NA NA NA NA NA 
5 6 17 0.700000 0 5 1 1 1.092207 1 2 4 577 361 9 607 450 7 462 353 3 506 453 10 419 305 NA NA NA NA NA NA NA NA NA 
5 6 18 0.700000 0 5 0 0 1.275470 4 1 10 390 302 8 593 360 2 527 448 5 463 319 1 390 405 NA NA NA NA NA NA NA NA NA 
5 6 19 0.700000 0 2 1 1 0.911161 0 7 10 481 443 2 430 472 NA NA NA NA NA NA NA NA NA NA NA NA NA NA NA NA NA NA 
5 6 20 0.700000 0 5 0 0 1.450954 4 4 10 560 346 8 413 344 5 451 437 7 570 416 4 468 300 NA NA NA NA NA NA NA NA NA 
5 6 21 0.700000 0 2 0 0 1.065703 0 8 8 438 447 10 388 409 NA NA NA NA NA NA NA NA NA NA NA NA NA NA NA NA NA NA 
5 6 22 0.700000 0 5 1 0 1.220006 1 8 4 613 317 1 532 439 10 414 322 2 457 473 6 524 326 NA NA NA NA NA NA NA NA NA 
5 6 23 0.700000 0 2 1 1 2.154434 0 8 9 398 323 10 423 435 NA NA NA NA NA NA NA NA NA NA NA NA NA NA NA NA NA NA 
5 6 24 0.700000 0 2 0 0 1.555351 0 5 5 582 371 10 463 452 NA NA NA NA NA NA NA NA NA NA NA NA NA NA NA NA NA NA 
5 6 25 0.700000 0 2 0 0 1.153933 0 7 7 460 357 4 397 337 NA NA NA NA NA NA NA NA NA NA NA NA NA NA NA NA NA NA 
5 6 26 0.700000 0 8 1 1 1.456746 3 10 7 568 471 1 422 430 9 490 448 4 478 324 8 398 370 5 583 361 3 413 299 6 622 315 
5 6 27 0.700000 0 5 0 0 1.063018 2 6 3 538 448 4 396 375 6 610 369 1 441 465 7 527 312 NA NA NA NA NA NA NA NA NA 
5 6 28 0.700000 0 5 1 1 0.949151 2 3 7 631 372 1 484 309 8 395 427 5 604 309 6 583 468 NA NA NA NA NA NA NA NA NA 
5 6 29 0.700000 0 5 0 0 0.963998 0 6 6 594 343 3 626 439 2 474 303 4 412 341 8 407 409 NA NA NA NA NA NA NA NA NA 
5 6 30 0.700000 0 2 1 1 1.126035 0 3 4 637 370 6 406 297 NA NA NA NA NA NA NA NA NA NA NA NA NA NA NA NA NA NA 
5 6 31 0.700000 0 8 1 1 1.558736 2 9 8 636 446 7 605 385 3 395 446 5 518 469 1 567 316 4 389 341 2 493 318 6 428 388 
5 6 32 0.700000 0 8 1 1 1.065338 7 3 8 553 442 6 571 304 7 626 342 10 437 462 2 635 411 9 450 362 1 500 299 5 413 314 
5 6 33 0.700000 0 8 0 0 1.298594 2 8 9 618 294 10 455 333 8 578 433 1 389 344 2 621 352 7 510 313 3 453 405 4 636 452 
5 6 34 0.700000 0 5 1 1 0.593956 4 6 9 434 308 7 549 437 8 616 305 5 402 430 1 614 428 NA NA NA NA NA NA NA NA NA 
5 6 35 0.700000 0 2 1 1 0.467552 0 7 10 416 384 2 611 394 NA NA NA NA NA NA NA NA NA NA NA NA NA NA NA NA NA NA 
5 6 36 0.700000 0 5 1 1 0.792949 1 9 3 576 438 10 627 345 4 482 331 7 423 369 6 459 443 NA NA NA NA NA NA NA NA NA 
5 6 37 0.700000 0 8 1 1 0.759899 3 6 5 606 367 10 448 392 4 434 474 9 458 311 7 567 411 1 540 471 2 573 299 3 405 348 
5 6 38 0.700000 0 8 0 0 1.349606 5 4 5 389 356 2 581 300 1 635 417 8 457 413 9 416 460 4 495 461 6 577 460 7 470 333 
5 6 39 0.700000 0 2 1 1 0.836489 0 5 10 450 304 6 407 432 NA NA NA NA NA NA NA NA NA NA NA NA NA NA NA NA NA NA 
5 6 40 0.700000 0 8 0 1 0.718035 2 3 4 588 312 7 579 410 3 442 330 1 510 453 5 450 431 10 627 447 2 403 374 6 392 435 
5 6 41 0.700000 0 8 0 1 0.678679 4 4 7 453 353 9 393 311 8 436 432 2 496 297 4 605 361 10 586 456 5 394 374 1 492 469 
5 6 42 0.700000 0 5 1 1 0.588464 0 3 6 415 337 10 624 461 5 615 315 8 426 446 1 587 410 NA NA NA NA NA NA NA NA NA 
5 6 43 0.700000 0 8 1 1 0.649681 3 4 2 587 449 5 423 354 7 524 318 8 487 437 6 602 305 1 396 470 9 429 413 3 590 376 
5 6 44 0.700000 0 2 1 1 0.635111 0 10 4 394 336 8 399 394 NA NA NA NA NA NA NA NA NA NA NA NA NA NA NA NA NA NA 
5 6 45 0.700000 0 2 1 1 0.981229 0 7 6 393 426 10 396 308 NA NA NA NA NA NA NA NA NA NA NA NA NA NA NA NA NA NA 
5 6 46 0.700000 0 2 0 0 1.472070 0 3 3 526 311 4 439 304 NA NA NA NA NA NA NA NA NA NA NA NA NA NA NA NA NA NA 
5 6 47 0.700000 0 5 1 1 1.379456 0 8 6 573 392 4 418 382 9 428 297 10 419 451 2 630 437 NA NA NA NA NA NA NA NA NA 
5 6 48 0.700000 0 5 1 1 0.953687 2 5 7 564 432 3 440 325 1 627 343 2 425 472 10 561 324 NA NA NA NA NA NA NA NA NA 
5 6 49 0.700000 0 5 1 1 0.933439 0 7 1 459 451 3 417 401 4 559 418 2 545 334 10 463 326 NA NA NA NA NA NA NA NA NA 
5 6 50 0.700000 0 5 1 1 0.640395 4 5 9 394 378 1 412 317 6 604 346 10 565 460 4 444 450 NA NA NA NA NA NA NA NA NA 
5 6 51 0.700000 0 2 0 0 1.456388 1 4 5 575 351 4 488 464 NA NA NA NA NA NA NA NA NA NA NA NA NA NA NA NA NA NA 
5 6 52 0.700000 0 5 1 1 0.532280 0 6 7 494 443 2 394 386 9 597 384 10 457 336 8 566 460 NA NA NA NA NA NA NA NA NA 
5 6 53 0.700000 0 2 1 1 0.592941 1 5 10 622 445 7 457 321 NA NA NA NA NA NA NA NA NA NA NA NA NA NA NA NA NA NA 
5 6 54 0.700000 0 2 1 1 0.868711 0 4 6 454 339 8 389 392 NA NA NA NA NA NA NA NA NA NA NA NA NA NA NA NA NA NA 
5 6 55 0.700000 0 8 1 1 0.811655 4 9 5 405 328 7 443 412 8 516 306 2 578 305 6 505 469 3 594 371 10 628 457 1 399 473 
5 6 56 0.700000 0 8 1 1 0.782415 1 1 9 404 457 6 428 388 3 490 307 2 559 444 5 474 468 4 597 332 10 612 419 8 395 306 
5 6 57 0.700000 0 2 1 1 0.807076 1 5 7 539 470 8 439 323 NA NA NA NA NA NA NA NA NA NA NA NA NA NA NA NA NA NA 
5 6 58 0.700000 0 2 0 0 1.911826 0 2 2 399 435 10 637 318 NA NA NA NA NA NA NA NA NA NA NA NA NA NA NA NA NA NA 
5 6 59 0.700000 0 5 1 1 0.481005 4 7 9 515 297 8 406 454 1 455 318 5 595 439 4 492 469 NA NA NA NA NA NA NA NA NA 
5 7 0 0.500000 0 5 0 0 1.695178 4 7 2 583 347 1 572 466 9 437 443 10 416 334 7 632 389 NA NA NA NA NA NA NA NA NA 
5 7 1 0.500000 0 5 0 0 1.178134 0 2 2 403 311 6 602 364 10 503 311 5 419 447 1 565 316 NA NA NA NA NA NA NA NA NA 
5 7 2 0.500000 0 2 0 0 0.872411 1 3 7 536 314 3 472 462 NA NA NA NA NA NA NA NA NA NA NA NA NA NA NA NA NA NA 
5 7 3 0.500000 0 2 0 0 0.861177 0 4 4 453 309 1 524 321 NA NA NA NA NA NA NA NA NA NA NA NA NA NA NA NA NA NA 
5 7 4 0.500000 0 2 0 0 1.358047 0 9 9 430 472 6 464 320 NA NA NA NA NA NA NA NA NA NA NA NA NA NA NA NA NA NA 
5 7 5 0.500000 0 5 1 1 1.048117 0 6 7 607 438 9 613 336 4 492 443 5 393 327 1 543 318 NA NA NA NA NA NA NA NA NA 
5 7 6 0.500000 0 2 1 1 0.965407 0 7 1 567 364 10 617 403 NA NA NA NA NA NA NA NA NA NA NA NA NA NA NA NA NA NA 
5 7 7 0.500000 0 2 0 0 0.907346 1 3 2 608 386 3 520 312 NA NA NA NA NA NA NA NA NA NA NA NA NA NA NA NA NA NA 
5 7 8 0.500000 0 5 1 1 0.885175 0 1 4 564 445 6 405 415 3 491 313 8 634 318 10 618 468 NA NA NA NA NA NA NA NA NA 
5 7 9 0.500000 0 5 0 0 1.136623 3 10 9 597 345 5 459 463 8 614 447 10 444 314 4 550 434 NA NA NA NA NA NA NA NA NA 
5 7 10 0.500000 0 8 1 1 0.965043 2 7 6 453 451 10 486 299 2 608 382 9 414 333 3 590 318 8 557 459 1 629 463 5 441 387 
5 7 11 0.500000 0 2 1 1 0.982557 1 10 6 595 415 9 417 390 NA NA NA NA NA NA NA NA NA NA NA NA NA NA NA NA NA NA 
5 7 12 0.500000 0 5 1 1 1.000115 2 1 9 567 471 7 389 393 2 410 302 3 485 329 6 486 443 NA NA NA NA NA NA NA NA NA 
5 7 13 0.500000 0 8 1 1 1.107119 1 6 1 560 444 10 602 309 5 457 345 2 582 376 4 523 313 7 395 302 3 410 474 9 479 468 
5 7 14 0.500000 0 8 0 0 1.200644 6 6 1 439 342 4 618 309 5 497 319 2 588 360 3 542 461 7 604 424 6 423 432 8 391 309 
5 7 15 0.500000 0 5 0 0 0.859015 0 3 3 567 416 10 519 465 6 617 304 7 400 307 1 434 445 NA NA NA NA NA NA NA NA NA 
5 7 16 0.500000 0 5 1 1 0.951076 3 7 3 550 328 10 497 470 6 613 440 2 545 434 5 619 307 NA NA NA NA NA NA NA NA NA 
5 7 17 0.500000 0 2 1 1 0.901270 1 1 4 602 337 3 538 302 NA NA NA NA NA NA NA NA NA NA NA NA NA NA NA NA NA NA 
5 7 18 0.500000 0 5 0 0 1.161345 1 6 10 596 445 6 502 309 5 423 471 2 408 358 4 500 442 NA NA NA NA NA NA NA NA NA 
5 7 19 0.500000 0 5 0 0 2.193878 4 7 10 588 419 4 627 332 2 510 296 9 420 382 7 465 341 NA NA NA NA NA NA NA NA NA 
5 7 20 0.500000 0 8 1 0 1.196301 7 8 1 426 343 7 435 434 9 567 440 6 587 334 10 630 383 3 475 305 4 624 464 5 513 465 
5 7 21 0.500000 0 5 0 0 1.212241 3 1 2 460 301 7 455 417 10 604 393 1 603 299 3 411 351 NA NA NA NA NA NA NA NA NA 
5 7 22 0.500000 0 8 0 0 1.175094 5 5 8 388 336 3 612 339 2 453 462 6 553 474 7 402 411 5 512 303 1 621 397 9 565 414 
5 7 23 0.500000 0 8 1 1 0.975793 3 1 7 573 357 10 636 337 3 491 449 5 472 331 4 418 405 6 557 428 9 391 345 2 435 467 
5 7 24 0.500000 0 2 0 0 0.948584 1 6 3 572 366 6 637 430 NA NA NA NA NA NA NA NA NA NA NA NA NA NA NA NA NA NA 
5 7 25 0.500000 0 8 1 0 0.982623 5 9 5 628 313 10 569 441 8 409 406 7 401 298 4 513 316 3 439 348 2 441 468 1 573 350 
5 7 26 0.500000 0 2 0 0 1.016783 0 5 5 623 401 9 577 357 NA NA NA NA NA NA NA NA NA NA NA NA NA NA NA NA NA NA 
5 7 27 0.500000 0 2 1 1 1.009459 1 6 2 461 323 4 585 337 NA NA NA NA NA NA NA NA NA NA NA NA NA NA NA NA NA NA 
5 7 28 0.500000 0 8 1 1 0.974152 3 1 8 419 321 9 611 448 5 440 473 4 557 474 3 584 332 2 518 300 7 427 397 6 575 394 
5 7 29 0.500000 0 5 1 0 1.028008 4 4 6 567 404 5 506 302 7 430 425 10 542 474 2 449 335 NA NA NA NA NA NA NA NA NA 
5 7 30 0.500000 0 2 1 1 1.040054 0 1 4 626 308 9 534 315 NA NA NA NA NA NA NA NA NA NA NA NA NA NA NA NA NA NA 
5 7 31 0.500000 0 8 0 0 1.711522 2 3 6 564 443 2 403 406 3 504 442 5 391 312 7 438 356 10 607 307 4 521 303 8 619 381 
5 7 32 0.500000 0 8 0 0 1.007141 3 8 1 625 436 2 620 323 3 469 435 8 572 383 10 476 302 9 430 350 4 557 460 7 544 296 
5 7 33 0.500000 0 5 0 0 1.089036 3 5 4 491 306 6 405 310 8 571 453 5 613 379 10 436 366 NA NA NA NA NA NA NA NA NA 
5 7 34 0.500000 0 2 1 1 1.546307 1 6 7 448 412 5 624 341 NA NA NA NA NA NA NA NA NA NA NA NA NA NA NA NA NA NA 
5 7 35 0.500000 0 8 1 1 1.902832 6 3 10 389 376 2 577 352 6 438 320 5 623 304 9 453 424 7 605 447 4 541 447 1 636 391 
5 7 36 0.500000 0 5 1 0 1.295643 1 3 4 408 331 6 431 448 9 537 309 1 620 396 10 605 321 NA NA NA NA NA NA NA NA NA 
5 7 37 0.500000 0 2 1 1 0.875364 1 5 3 585 311 1 600 469 NA NA NA NA NA NA NA NA NA NA NA NA NA NA NA NA NA NA 
5 7 38 0.500000 0 8 0 0 1.352476 2 8 5 626 464 1 478 301 8 568 419 7 389 304 10 395 405 9 456 465 4 517 447 2 557 298 
5 7 39 0.500000 0 5 1 0 1.420958 2 1 9 436 397 6 620 301 3 525 443 5 636 405 7 392 314 NA NA NA NA NA NA NA NA NA 
5 7 40 0.500000 0 8 0 0 1.003932 4 1 6 504 298 3 399 440 8 544 438 4 619 384 1 616 294 7 441 384 10 410 320 2 557 342 
5 7 41 0.500000 0 8 0 1 1.704877 3 9 4 438 311 10 478 461 7 543 446 9 392 398 6 621 419 1 528 327 3 632 358 2 629 294 
5 7 42 0.500000 0 2 0 0 1.146213 1 5 6 621 432 5 560 424 NA NA NA NA NA NA NA NA NA NA NA NA NA NA NA NA NA NA 
5 7 43 0.500000 0 5 0 0 1.586573 0 9 9 589 430 1 443 326 3 539 302 8 459 440 10 607 312 NA NA NA NA NA NA NA NA NA 
5 7 44 0.500000 0 2 1 1 1.060437 1 8 1 403 438 7 633 429 NA NA NA NA NA NA NA NA NA NA NA NA NA NA NA NA NA NA 
5 7 45 0.500000 0 8 1 1 1.316036 2 4 10 456 402 6 491 459 8 587 341 9 388 454 1 408 324 2 484 308 5 561 421 7 390 383 
5 7 46 0.500000 0 8 1 0 1.114905 4 8 3 522 448 2 612 363 1 404 466 7 485 301 10 544 302 9 453 358 4 616 439 5 456 427 
5 7 47 0.500000 0 2 1 1 1.697843 0 10 6 476 311 8 566 320 NA NA NA NA NA NA NA NA NA NA NA NA NA NA NA NA NA NA 
5 7 48 0.500000 0 8 0 1 1.649891 0 6 6 545 332 8 599 371 3 413 339 7 486 320 5 443 459 4 541 451 9 397 400 1 611 430 
5 7 49 0.500000 0 5 1 1 0.998379 3 2 10 621 428 1 539 306 8 474 451 5 589 348 3 416 320 NA NA NA NA NA NA NA NA NA 
5 7 50 0.500000 0 5 1 1 2.412467 0 7 3 601 350 10 389 310 5 473 305 4 392 443 8 494 440 NA NA NA NA NA NA NA NA NA 
5 7 51 0.500000 0 2 0 0 0.994541 1 5 9 424 335 5 537 468 NA NA NA NA NA NA NA NA NA NA NA NA NA NA NA NA NA NA 
5 7 52 0.500000 0 2 0 0 0.931374 0 7 7 538 473 4 630 402 NA NA NA NA NA NA NA NA NA NA NA NA NA NA NA NA NA NA 
5 7 53 0.500000 0 5 0 1 1.521610 3 3 5 487 457 8 519 304 7 565 459 3 412 416 6 400 345 NA NA NA NA NA NA NA NA NA 
5 7 54 0.500000 0 8 0 0 1.215884 3 10 3 604 470 2 616 312 5 397 360 10 464 345 9 405 296 7 503 451 1 571 391 4 422 464 
5 7 55 0.500000 0 2 1 1 0.855153 1 2 7 540 319 9 435 473 NA NA NA NA NA NA NA NA NA NA NA NA NA NA NA NA NA NA 
5 7 56 0.500000 0 5 1 1 1.321898 3 1 2 470 467 5 569 403 7 403 405 9 592 332 8 533 310 NA NA NA NA NA NA NA NA NA 
5 7 57 0.500000 0 8 1 1 1.414437 0 3 7 465 302 10 454 418 2 578 443 8 419 371 6 608 379 1 497 471 4 405 469 5 596 319 
5 7 58 0.500000 0 2 0 0 0.974071 0 4 4 551 294 7 443 428 NA NA NA NA NA NA NA NA NA NA NA NA NA NA NA NA NA NA 
5 7 59 0.500000 0 8 0 0 1.134234 5 1 8 392 419 4 592 363 10 612 456 3 586 303 7 389 322 1 506 460 9 558 433 2 504 304 
5 8 0 0.300000 0 8 1 1 1.912965 5 3 6 621 367 5 387 342 10 427 431 7 583 312 8 516 470 9 603 459 1 564 416 4 504 302 
5 8 1 0.300000 0 2 1 1 1.120715 0 7 8 630 459 3 548 452 NA NA NA NA NA NA NA NA NA NA NA NA NA NA NA NA NA NA 
5 8 2 0.300000 0 2 0 0 1.111608 1 2 4 460 418 2 596 399 NA NA NA NA NA NA NA NA NA NA NA NA NA NA NA NA NA NA 
5 8 3 0.300000 0 2 1 1 0.885048 1 6 9 595 307 3 548 445 NA NA NA NA NA NA NA NA NA NA NA NA NA NA NA NA NA NA 
5 8 4 0.300000 0 2 0 0 0.686115 0 8 8 404 454 7 567 305 NA NA NA NA NA NA NA NA NA NA NA NA NA NA NA NA NA NA 
5 8 5 0.300000 0 5 1 0 0.809956 4 8 9 576 436 6 505 454 5 401 452 3 458 325 4 625 391 NA NA NA NA NA NA NA NA NA 
5 8 6 0.300000 0 2 1 1 0.880964 1 10 3 519 326 1 426 368 NA NA NA NA NA NA NA NA NA NA NA NA NA NA NA NA NA NA 
5 8 7 0.300000 0 2 0 0 0.542045 1 5 1 620 458 5 420 474 NA NA NA NA NA NA NA NA NA NA NA NA NA NA NA NA NA NA 
5 8 8 0.300000 0 5 1 1 1.008464 2 3 6 414 307 8 396 381 7 574 411 2 534 464 9 634 442 NA NA NA NA NA NA NA NA NA 
5 8 9 0.300000 0 5 0 0 1.039365 3 2 6 493 442 3 604 305 4 413 440 2 622 438 5 417 344 NA NA NA NA NA NA NA NA NA 
5 8 10 0.300000 0 8 0 0 0.877367 5 2 5 519 472 1 610 446 9 579 390 4 402 313 10 451 373 2 618 321 3 394 392 7 397 468 
5 8 11 0.300000 0 5 0 0 0.753737 4 4 7 608 346 10 427 336 2 529 461 8 399 430 4 581 416 NA NA NA NA NA NA NA NA NA 
5 8 12 0.300000 0 2 0 0 0.676507 0 3 3 622 318 2 463 444 NA NA NA NA NA NA NA NA NA NA NA NA NA NA NA NA NA NA 
5 8 13 0.300000 0 2 0 0 0.875284 1 1 6 401 404 1 587 340 NA NA NA NA NA NA NA NA NA NA NA NA NA NA NA NA NA NA 
5 8 14 0.300000 0 2 0 0 1.030673 0 8 8 441 399 6 585 341 NA NA NA NA NA NA NA NA NA NA NA NA NA NA NA NA NA NA 
5 8 15 0.300000 0 5 0 0 0.404634 2 3 7 505 311 1 455 369 3 631 462 5 399 470 4 603 387 NA NA NA NA NA NA NA NA NA 
5 8 16 0.300000 0 2 0 0 0.439567 0 6 6 448 379 9 630 401 NA NA NA NA NA NA NA NA NA NA NA NA NA NA NA NA NA NA 
5 8 17 0.300000 0 5 0 1 1.503064 4 2 9 630 381 10 412 342 1 626 458 3 607 308 2 551 451 NA NA NA NA NA NA NA NA NA 
5 8 18 0.300000 0 5 0 0 0.916957 3 4 2 439 464 7 433 308 5 637 427 4 528 310 9 394 375 NA NA NA NA NA NA NA NA NA 
5 8 19 0.300000 0 5 0 0 0.679820 1 9 10 436 342 9 622 299 6 431 474 3 550 321 1 499 463 NA NA NA NA NA NA NA NA NA 
5 8 20 0.300000 0 5 0 0 0.546780 1 3 5 440 465 3 547 304 8 449 364 1 394 428 9 625 369 NA NA NA NA NA NA NA NA NA 
5 8 21 0.300000 0 5 0 0 0.811716 0 4 4 391 371 5 620 463 9 404 461 10 563 429 2 549 336 NA NA NA NA NA NA NA NA NA 
5 8 22 0.300000 0 8 0 0 0.847557 2 9 10 620 306 8 424 413 9 459 343 1 402 325 7 558 443 4 560 303 2 611 392 6 469 463 
5 8 23 0.300000 0 5 0 0 0.791251 0 9 9 472 295 6 465 440 3 601 303 7 552 335 2 429 391 NA NA NA NA NA NA NA NA NA 
5 8 24 0.300000 0 8 0 0 1.522678 3 1 8 425 468 10 434 373 4 591 304 1 592 423 6 497 447 9 522 306 3 438 315 2 636 349 
5 8 25 0.300000 0 2 0 0 0.599035 0 7 7 398 310 2 611 398 NA NA NA NA NA NA NA NA NA NA NA NA NA NA NA NA NA NA 
5 8 26 0.300000 0 8 0 0 0.392669 3 9 4 601 412 10 459 459 5 588 323 9 529 449 1 508 316 6 413 422 8 405 300 7 436 360 
5 8 27 0.300000 0 2 1 1 0.785325 1 6 5 612 332 1 428 404 NA NA NA NA NA NA NA NA NA NA NA NA NA NA NA NA NA NA 
5 8 28 0.300000 0 2 0 0 1.388131 1 1 7 582 345 1 387 409 NA NA NA NA NA NA NA NA NA NA NA NA NA NA NA NA NA NA 
5 8 29 0.300000 0 5 0 0 0.635585 3 7 4 587 410 10 392 308 2 628 349 7 407 370 3 485 305 NA NA NA NA NA NA NA NA NA 
5 8 30 0.300000 0 2 0 0 0.720388 0 3 3 518 444 4 388 389 NA NA NA NA NA NA NA NA NA NA NA NA NA NA NA NA NA NA 
5 8 31 0.300000 0 8 0 0 1.087558 1 9 2 415 341 9 529 464 7 512 322 1 588 347 6 633 419 3 596 472 10 388 425 5 441 471 
5 8 32 0.300000 0 5 0 0 0.771571 0 6 6 423 414 4 438 294 8 593 366 10 605 309 3 540 468 NA NA NA NA NA NA NA NA NA 
5 8 33 0.300000 0 8 1 0 0.742994 2 10 2 610 343 5 599 422 4 464 312 6 533 450 1 433 473 7 425 402 8 537 302 9 405 328 
5 8 34 0.300000 0 5 0 0 0.887553 4 9 8 428 298 10 576 406 4 430 444 5 496 312 9 577 300 NA NA NA NA NA NA NA NA NA 
5 8 35 0.300000 0 8 0 1 0.819517 4 3 7 632 436 5 448 350 4 447 426 9 605 357 3 541 453 2 539 310 8 398 468 10 387 357 
5 8 36 0.300000 0 2 0 0 0.611607 1 8 10 439 408 8 551 440 NA NA NA NA NA NA NA NA NA NA NA NA NA NA NA NA NA NA 
5 8 37 0.300000 0 8 1 1 2.000764 7 5 6 432 393 8 388 465 3 461 472 2 590 344 9 479 323 10 575 474 1 637 454 4 403 310 
5 8 38 0.300000 0 8 0 0 1.559809 6 2 1 409 350 5 602 468 8 496 457 10 389 427 6 611 406 3 585 334 2 497 315 7 451 405 
5 8 39 0.300000 0 8 1 1 1.523441 2 2 6 509 311 3 409 344 10 628 432 8 421 425 7 572 391 4 530 441 9 626 359 1 594 300 
5 8 40 0.300000 0 8 0 0 1.385771 1 2 6 595 397 2 426 328 9 396 437 7 445 396 10 550 465 1 556 306 8 628 316 4 496 300 
5 8 41 0.300000 0 2 0 0 1.132760 1 8 9 603 296 8 464 350 NA NA NA NA NA NA NA NA NA NA NA NA NA NA NA NA NA NA 
5 8 42 0.300000 0 5 1 0 1.143951 2 5 8 585 413 10 453 459 7 635 314 1 529 294 4 443 352 NA NA NA NA NA NA NA NA NA 
5 8 43 0.300000 0 5 1 1 1.275101 3 3 4 627 432 1 611 334 8 389 462 7 514 314 9 432 382 NA NA NA NA NA NA NA NA NA 
5 8 44 0.300000 0 5 0 0 1.163921 1 7 10 567 323 7 607 429 5 537 438 3 406 336 9 633 304 NA NA NA NA NA NA NA NA NA 
5 8 45 0.300000 0 8 0 0 1.283819 5 9 4 444 423 3 433 341 7 602 396 6 570 303 1 550 458 9 628 321 5 476 294 10 636 471 
5 8 46 0.300000 0 8 0 0 1.013426 4 7 1 459 447 8 584 314 10 627 403 5 596 467 7 524 309 6 414 308 3 391 453 4 450 366 
5 8 47 0.300000 0 2 0 0 1.012198 0 7 7 565 455 3 623 344 NA NA NA NA NA NA NA NA NA NA NA NA NA NA NA NA NA NA 
5 8 48 0.300000 0 8 0 0 1.200745 3 8 7 502 308 10 525 458 6 389 466 8 622 384 5 428 380 4 401 324 2 602 326 9 466 470 
5 8 49 0.300000 0 2 1 1 1.555576 0 2 10 575 366 8 442 441 NA NA NA NA NA NA NA NA NA NA NA NA NA NA NA NA NA NA 
5 8 50 0.300000 0 8 0 0 1.326123 2 1 3 390 426 6 595 368 1 596 444 2 477 337 4 471 454 5 431 382 8 541 329 9 398 301 
5 8 51 0.300000 0 8 0 1 1.508602 3 9 2 409 354 6 594 329 5 597 474 9 451 426 10 570 390 8 525 317 4 468 333 1 532 466 
5 8 52 0.300000 0 2 1 1 1.731415 0 9 4 569 406 5 431 408 NA NA NA NA NA NA NA NA NA NA NA NA NA NA NA NA NA NA 
5 8 53 0.300000 0 5 0 0 1.065807 4 9 10 632 352 6 606 467 1 449 385 7 389 438 9 399 333 NA NA NA NA NA NA NA NA NA 
5 8 54 0.300000 0 5 1 1 1.115564 3 8 1 416 351 6 633 315 5 557 302 7 587 386 3 468 311 NA NA NA NA NA NA NA NA NA 
5 8 55 0.300000 0 8 1 1 1.003711 4 6 3 605 301 8 627 429 2 427 383 7 477 443 9 581 392 10 536 314 5 413 458 4 426 297 
5 8 56 0.300000 0 8 0 0 1.304428 2 1 6 474 338 9 575 415 1 430 469 2 555 319 4 514 473 10 408 312 8 434 408 5 618 360 
5 8 57 0.300000 0 5 1 1 1.191002 2 6 10 465 438 9 534 451 8 483 295 5 616 360 1 625 445 NA NA NA NA NA NA NA NA NA 
5 8 58 0.300000 0 8 1 0 1.280390 0 2 1 419 421 7 611 397 8 467 311 6 601 458 5 561 319 9 530 458 3 450 472 10 393 346 
5 8 59 0.300000 0 2 0 0 1.093706 0 8 8 554 442 2 444 315 NA NA NA NA NA NA NA NA NA NA NA NA NA NA NA NA NA NA 
