8 0 0 0.500000 0 8 1 1 1.152788 2 3 7 597 378 6 421 311 2 462 437 1 582 308 9 397 419 8 609 471 10 480 312 5 440 370 
8 0 1 0.500000 0 2 1 1 1.161804 0 1 4 399 392 3 622 348 NA NA NA NA NA NA NA NA NA NA NA NA NA NA NA NA NA NA 
8 0 2 0.500000 0 8 0 1 1.484702 2 9 4 623 452 3 538 455 9 404 417 7 464 342 6 604 385 1 400 327 5 591 321 10 462 439 
8 0 3 0.500000 0 2 0 0 1.117446 1 10 7 432 360 10 481 440 NA NA NA NA NA NA NA NA NA NA NA NA NA NA NA NA NA NA 
8 0 4 0.500000 0 2 0 0 0.883818 0 6 6 405 395 2 572 463 NA NA NA NA NA NA NA NA NA NA NA NA NA NA NA NA NA NA 
8 0 5 0.500000 0 8 1 1 1.495157 4 5 3 604 357 7 601 457 8 404 471 10 405 399 6 476 448 1 469 311 2 397 303 4 546 322 
8 0 6 0.500000 0 2 1 1 2.128691 1 4 5 560 456 6 424 355 NA NA NA NA NA NA NA NA NA NA NA NA NA NA NA NA NA NA 
8 0 7 0.500000 0 8 0 1 1.285328 6 9 3 628 369 1 545 449 5 465 443 10 600 430 6 391 345 4 616 295 9 400 465 8 536 310 
8 0 8 0.500000 0 8 1 1 1.710546 5 6 7 458 442 10 609 466 8 539 451 4 556 321 1 418 399 9 444 345 2 623 409 5 392 309 
8 0 9 0.500000 0 8 0 0 1.088902 1 1 2 628 308 1 454 345 9 574 472 7 534 325 8 609 418 10 428 461 5 513 453 4 396 395 
8 0 10 0.500000 0 2 0 0 0.756830 0 4 4 400 298 1 542 320 NA NA NA NA NA NA NA NA NA NA NA NA NA NA NA NA NA NA 
8 0 11 0.500000 0 2 1 1 0.611391 1 9 4 573 357 5 427 376 NA NA NA NA NA NA NA NA NA NA NA NA NA NA NA NA NA NA 
8 0 12 0.500000 0 5 1 1 1.278234 1 7 5 444 472 1 439 377 2 630 322 3 394 417 4 392 304 NA NA NA NA NA NA NA NA NA 
8 0 13 0.500000 0 2 0 0 2.187425 0 5 5 529 464 7 503 323 NA NA NA NA NA NA NA NA NA NA NA NA NA NA NA NA NA NA 
8 0 14 0.500000 0 5 1 1 0.930884 3 7 3 609 369 1 484 443 10 417 454 4 577 449 8 518 302 NA NA NA NA NA NA NA NA NA 
8 0 15 0.500000 0 2 0 0 1.157163 0 3 3 582 307 1 487 309 NA NA NA NA NA NA NA NA NA NA NA NA NA NA NA NA NA NA 
8 0 16 0.500000 0 8 1 1 2.106847 2 5 10 432 358 1 541 446 3 399 414 7 616 419 4 597 360 2 509 295 9 465 459 6 426 294 
8 0 17 0.500000 0 5 0 1 2.029603 3 8 7 535 310 3 397 400 5 418 301 8 608 448 9 527 455 NA NA NA NA NA NA NA NA NA 
8 0 18 0.500000 0 5 0 1 1.546247 0 3 3 624 453 1 612 371 7 565 472 6 578 295 8 452 467 NA NA NA NA NA NA NA NA NA 
8 0 19 0.500000 0 2 0 0 1.502535 0 4 4 403 295 7 572 382 NA NA NA NA NA NA NA NA NA NA NA NA NA NA NA NA NA NA 
8 0 20 0.500000 0 2 1 1 0.981744 1 9 2 504 322 1 407 310 NA NA NA NA NA NA NA NA NA NA NA NA NA NA NA NA NA NA 
8 0 21 0.500000 0 2 1 1 1.195577 0 8 9 429 454 5 554 313 NA NA NA NA NA NA NA NA NA NA NA NA NA NA NA NA NA NA 
8 0 22 0.500000 0 5 0 0 1.461403 0 7 7 415 346 6 387 468 2 544 449 1 538 310 5 619 406 NA NA NA NA NA NA NA NA NA 
8 0 23 0.500000 0 8 1 1 1.041753 3 2 4 390 329 3 481 472 9 610 409 6 478 297 10 390 426 7 540 299 8 579 464 1 616 350 
8 0 24 0.500000 0 8 0 1 1.930059 5 5 8 634 339 7 430 336 10 580 399 9 403 433 6 512 322 5 540 464 4 461 412 2 635 470 
8 0 25 0.500000 0 8 1 1 1.095088 4 9 3 587 360 10 458 471 8 465 302 6 406 305 7 415 387 2 637 428 5 535 318 1 394 461 
8 0 26 0.500000 0 2 1 1 0.784133 0 1 5 584 460 6 453 470 NA NA NA NA NA NA NA NA NA NA NA NA NA NA NA NA NA NA 
8 0 27 0.500000 0 5 0 0 1.108391 4 10 4 451 432 1 589 302 7 491 319 9 438 358 10 561 443 NA NA NA NA NA NA NA NA NA 
8 0 28 0.500000 0 5 0 0 1.008370 3 10 4 422 386 8 467 428 7 571 389 10 445 329 3 416 471 NA NA NA NA NA NA NA NA NA 
8 0 29 0.500000 0 5 1 1 1.068081 1 6 8 396 464 7 621 431 4 439 403 9 571 384 5 411 327 NA NA NA NA NA NA NA NA NA 
8 0 30 0.500000 0 2 1 1 0.747300 0 6 2 417 417 7 409 312 NA NA NA NA NA NA NA NA NA NA NA NA NA NA NA NA NA NA 
8 0 31 0.500000 0 5 0 0 1.078396 3 1 2 603 431 9 410 381 6 552 471 1 619 301 5 558 295 NA NA NA NA NA NA NA NA NA 
8 0 32 0.500000 0 8 0 1 0.863267 6 6 10 429 337 9 537 450 1 598 356 7 388 463 4 455 412 8 483 296 6 602 427 3 554 300 
8 0 33 0.500000 0 5 1 1 0.894177 1 8 6 588 438 4 457 426 2 436 320 1 531 472 10 614 331 NA NA NA NA NA NA NA NA NA 
8 0 34 0.500000 0 2 0 0 0.845692 1 8 1 428 321 8 408 472 NA NA NA NA NA NA NA NA NA NA NA NA NA NA NA NA NA NA 
8 0 35 0.500000 0 5 1 1 1.101723 2 8 9 576 466 4 594 315 6 419 308 2 487 470 7 397 375 NA NA NA NA NA NA NA NA NA 
8 0 36 0.500000 0 5 1 1 2.245663 3 4 1 602 382 8 431 319 7 429 426 9 397 375 2 506 316 NA NA NA NA NA NA NA NA NA 
8 0 37 0.500000 0 8 0 0 0.585978 1 6 8 570 399 6 447 399 9 546 328 4 609 350 3 498 447 5 443 316 1 618 432 7 555 473 
8 0 38 0.500000 0 5 0 1 1.089056 0 9 9 609 434 3 455 312 10 605 303 8 460 428 7 434 369 NA NA NA NA NA NA NA NA NA 
8 0 39 0.500000 0 8 0 0 0.662343 7 5 6 594 464 4 516 310 7 527 469 1 432 338 8 610 327 9 588 394 2 433 430 5 393 385 
8 0 40 0.500000 0 2 0 0 1.001713 0 9 9 580 407 2 446 457 NA NA NA NA NA NA NA NA NA NA NA NA NA NA NA NA NA NA 
8 0 41 0.500000 0 2 1 1 0.874767 1 10 2 544 303 9 414 440 NA NA NA NA NA NA NA NA NA NA NA NA NA NA NA NA NA NA 
8 0 42 0.500000 0 8 1 1 1.183983 3 4 6 560 440 2 584 365 1 469 460 7 402 356 10 397 416 5 502 313 8 614 417 3 428 294 
8 0 43 0.500000 0 5 1 1 0.695262 2 4 10 502 311 5 554 461 6 582 399 2 565 306 8 388 465 NA NA NA NA NA NA NA NA NA 
8 0 44 0.500000 0 5 0 1 0.730491 0 6 6 565 338 1 594 463 3 454 422 8 389 345 10 451 294 NA NA NA NA NA NA NA NA NA 
8 0 45 0.500000 0 8 1 1 1.116436 1 2 7 596 373 4 452 400 3 546 460 5 514 312 10 634 471 1 636 299 8 419 337 6 483 458 
8 0 46 0.500000 0 8 1 1 0.623837 7 6 5 589 465 7 439 324 4 619 313 9 388 430 1 503 324 3 482 468 8 565 343 2 602 395 
8 0 47 0.500000 0 2 1 1 0.574312 1 6 2 601 343 4 403 466 NA NA NA NA NA NA NA NA NA NA NA NA NA NA NA NA NA NA 
8 0 48 0.500000 0 5 0 0 1.580779 3 2 7 581 474 6 599 413 4 429 375 2 470 446 9 630 337 NA NA NA NA NA NA NA NA NA 
8 0 49 0.500000 0 8 0 0 0.970515 4 3 9 458 296 2 602 334 1 593 424 5 404 327 3 453 365 7 402 398 4 430 456 8 538 310 
8 0 50 0.500000 0 5 1 0 0.785043 0 5 7 389 414 3 566 465 10 414 360 8 629 357 6 488 450 NA NA NA NA NA NA NA NA NA 
8 0 51 0.500000 0 2 0 0 1.537856 0 1 1 577 342 5 415 464 NA NA NA NA NA NA NA NA NA NA NA NA NA NA NA NA NA NA 
8 0 52 0.500000 0 8 0 0 0.710678 2 10 1 611 382 2 582 438 10 450 400 6 563 297 5 456 305 4 401 454 8 517 451 3 396 320 
8 0 53 0.500000 0 8 1 1 1.008042 6 9 4 599 300 6 436 412 10 563 462 1 449 471 3 418 324 8 577 380 7 492 326 5 637 380 
8 0 54 0.500000 0 2 0 0 1.200575 0 10 10 571 345 4 448 314 NA NA NA NA NA NA NA NA NA NA NA NA NA NA NA NA NA NA 
8 0 55 0.500000 0 5 0 1 0.819922 2 8 7 395 374 3 565 301 8 628 342 4 623 426 10 487 447 NA NA NA NA NA NA NA NA NA 
8 0 56 0.500000 0 8 0 1 1.095742 1 3 5 421 412 3 545 444 2 635 296 8 637 356 6 614 422 4 493 321 1 481 469 10 554 306 
8 0 57 0.500000 0 2 1 1 1.099632 0 1 6 428 357 5 524 314 NA NA NA NA NA NA NA NA NA NA NA NA NA NA NA NA NA NA 
8 0 58 0.500000 0 5 1 1 0.737819 2 7 8 620 385 9 530 466 10 458 347 6 387 419 2 512 301 NA NA NA NA NA NA NA NA NA 
8 0 59 0.500000 0 5 1 1 0.647423 0 8 5 630 413 9 566 307 2 437 300 3 627 350 1 394 451 NA NA NA NA NA NA NA NA NA 
8 1 0 0.300000 0 2 0 0 1.125010 0 6 6 622 473 9 472 438 NA NA NA NA NA NA NA NA NA NA NA NA NA NA NA NA NA NA 
8 1 1 0.300000 0 5 1 1 2.945520 4 3 5 475 435 10 431 359 8 623 431 7 394 459 6 593 297 NA NA NA NA NA NA NA NA NA 
8 1 2 0.300000 0 8 0 0 0.680767 5 6 4 423 446 3 612 437 10 582 308 2 506 465 8 416 302 6 396 392 9 637 345 5 517 321 
8 1 3 0.300000 0 2 1 1 0.789983 0 4 7 524 465 1 430 421 NA NA NA NA NA NA NA NA NA NA NA NA NA NA NA NA NA NA 
8 1 4 0.300000 0 2 0 0 0.879755 1 10 2 425 390 10 415 297 NA NA NA NA NA NA NA NA NA NA NA NA NA NA NA NA NA NA 
8 1 5 0.300000 0 5 0 0 0.491435 4 9 4 417 302 6 393 389 1 514 295 10 457 353 9 636 345 NA NA NA NA NA NA NA NA NA 
8 1 6 0.300000 0 2 1 0 1.725254 1 2 8 466 318 5 484 471 NA NA NA NA NA NA NA NA NA NA NA NA NA NA NA NA NA NA 
8 1 7 0.300000 0 8 0 0 1.451037 5 10 7 409 297 8 461 433 3 557 305 6 547 449 1 478 300 10 612 464 2 598 349 5 389 434 
8 1 8 0.300000 0 8 0 0 0.636839 3 8 4 424 422 6 560 450 5 407 310 8 603 408 3 565 338 7 617 474 1 473 296 2 625 306 
8 1 9 0.300000 0 8 1 1 0.800593 0 2 6 469 459 8 625 328 5 441 371 4 594 389 1 447 310 10 552 320 7 389 427 9 387 307 
8 1 10 0.300000 0 8 0 0 0.692718 4 10 4 610 384 8 502 454 7 563 469 3 408 451 10 419 326 6 628 324 2 564 324 1 445 396 
8 1 11 0.300000 0 8 0 0 0.668977 7 8 10 465 451 5 538 442 1 609 400 9 452 317 3 600 304 6 535 314 2 434 398 8 396 455 
8 1 12 0.300000 0 5 1 1 0.659180 4 1 6 637 299 8 587 431 5 494 451 4 420 423 7 446 298 NA NA NA NA NA NA NA NA NA 
8 1 13 0.300000 0 2 0 0 0.957917 0 6 6 577 342 3 426 308 NA NA NA NA NA NA NA NA NA NA NA NA NA NA NA NA NA NA 
8 1 14 0.300000 0 5 1 1 1.162599 0 7 5 581 368 4 559 309 8 449 419 3 439 341 2 580 450 NA NA NA NA NA NA NA NA NA 
8 1 15 0.300000 0 2 0 0 1.167351 0 3 3 587 467 8 636 345 NA NA NA NA NA NA NA NA NA NA NA NA NA NA NA NA NA NA 
8 1 16 0.300000 0 5 0 0 0.649376 1 9 5 441 338 9 405 436 8 604 468 3 592 370 7 541 449 NA NA NA NA NA NA NA NA NA 
8 1 17 0.300000 0 2 1 1 0.621305 0 8 3 634 455 6 454 307 NA NA NA NA NA NA NA NA NA NA NA NA NA NA NA NA NA NA 
8 1 18 0.300000 0 8 1 0 0.558736 4 3 9 405 444 10 455 306 7 438 372 6 625 295 4 562 317 2 568 450 5 390 313 8 627 462 
8 1 19 0.300000 0 2 1 1 1.812459 1 4 10 393 309 5 595 311 NA NA NA NA NA NA NA NA NA NA NA NA NA NA NA NA NA NA 
8 1 20 0.300000 0 2 1 1 1.108006 1 2 8 621 307 7 416 306 NA NA NA NA NA NA NA NA NA NA NA NA NA NA NA NA NA NA 
8 1 21 0.300000 0 8 0 0 0.343224 3 2 3 634 321 4 395 328 7 429 454 2 590 422 9 523 461 6 457 294 8 583 364 5 439 384 
8 1 22 0.300000 0 5 0 0 0.369025 3 1 3 517 299 4 439 324 8 562 339 1 445 470 10 631 337 NA NA NA NA NA NA NA NA NA 
8 1 23 0.300000 0 2 0 0 0.331354 1 9 6 409 373 9 451 424 NA NA NA NA NA NA NA NA NA NA NA NA NA NA NA NA NA NA 
8 1 24 0.300000 0 5 0 0 0.611780 3 9 6 436 378 3 404 468 10 600 468 9 617 347 7 513 473 NA NA NA NA NA NA NA NA NA 
8 1 25 0.300000 0 5 0 0 0.782456 4 8 10 414 314 4 387 381 1 601 413 6 449 367 8 565 335 NA NA NA NA NA NA NA NA NA 
8 1 26 0.300000 0 2 0 0 1.394308 0 10 10 522 295 9 464 464 NA NA NA NA NA NA NA NA NA NA NA NA NA NA NA NA NA NA 
8 1 27 0.300000 0 8 0 0 0.574070 2 10 8 553 340 1 438 472 10 614 320 7 633 407 2 461 341 4 558 460 5 387 324 6 398 407 
8 1 28 0.300000 0 5 0 0 0.602442 1 9 1 416 469 9 420 407 3 600 330 5 532 315 6 448 351 NA NA NA NA NA NA NA NA NA 
8 1 29 0.300000 0 8 0 1 0.530153 2 5 4 570 303 7 410 406 5 562 423 1 467 453 2 576 366 3 451 328 9 628 461 6 395 301 
8 1 30 0.300000 0 8 0 1 0.432469 4 6 5 546 435 9 391 330 1 463 304 3 409 433 6 624 296 8 479 455 2 589 393 7 448 375 
8 1 31 0.300000 0 5 1 1 1.334673 1 10 6 628 391 1 412 338 7 397 429 2 444 473 8 525 297 NA NA NA NA NA NA NA NA NA 
8 1 32 0.300000 0 8 1 0 0.601730 7 10 5 579 465 1 456 359 7 626 419 6 513 467 3 556 337 4 611 361 9 406 470 2 492 309 
8 1 33 0.300000 0 8 0 0 0.878023 7 10 4 604 414 2 605 295 1 544 308 5 460 303 8 494 461 9 458 362 3 426 450 10 400 377 
8 1 34 0.300000 0 5 0 1 0.760955 0 7 7 501 310 3 411 450 4 592 468 10 601 375 1 518 453 NA NA NA NA NA NA NA NA NA 
8 1 35 0.300000 0 5 0 0 1.171338 3 1 4 530 302 5 592 332 3 430 418 1 477 331 8 545 432 NA NA NA NA NA NA NA NA NA 
8 1 36 0.300000 0 8 0 0 0.573374 5 4 9 473 333 8 592 297 3 589 441 6 504 458 7 389 338 4 412 450 5 579 372 10 439 393 
8 1 37 0.300000 0 5 1 0 0.761862 0 4 10 621 436 8 566 465 1 401 387 3 551 341 9 636 298 NA NA NA NA NA NA NA NA NA 
8 1 38 0.300000 0 2 0 0 0.523744 0 4 4 406 464 8 453 416 NA NA NA NA NA NA NA NA NA NA NA NA NA NA NA NA NA NA 
8 1 39 0.300000 0 5 0 1 1.914482 4 6 8 513 322 3 413 326 4 586 374 9 413 414 6 464 449 NA NA NA NA NA NA NA NA NA 
8 1 40 0.300000 0 2 0 0 0.729923 0 5 5 425 384 1 609 339 NA NA NA NA NA NA NA NA NA NA NA NA NA NA NA NA NA NA 
8 1 41 0.300000 0 2 0 0 0.662827 1 6 5 437 433 6 582 330 NA NA NA NA NA NA NA NA NA NA NA NA NA NA NA NA NA NA 
8 1 42 0.300000 0 2 1 1 0.580616 1 10 5 504 317 8 447 368 NA NA NA NA NA NA NA NA NA NA NA NA NA NA NA NA NA NA 
8 1 43 0.300000 0 8 1 0 1.125605 1 1 9 468 452 3 603 441 5 421 391 4 548 335 6 623 314 8 455 324 2 397 461 10 538 474 
8 1 44 0.300000 0 2 0 0 0.539804 0 8 8 417 439 3 594 443 NA NA NA NA NA NA NA NA NA NA NA NA NA NA NA NA NA NA 
8 1 45 0.300000 0 2 0 0 0.709323 0 9 9 574 443 1 396 400 NA NA NA NA NA NA NA NA NA NA NA NA NA NA NA NA NA NA 
8 1 46 0.300000 0 2 0 0 0.528615 0 10 10 407 455 4 620 407 NA NA NA NA NA NA NA NA NA NA NA NA NA NA NA NA NA NA 
8 1 47 0.300000 0 5 0 1 0.723337 4 9 6 614 398 1 421 407 4 498 450 8 481 306 9 569 315 NA NA NA NA NA NA NA NA NA 
8 1 48 0.300000 0 5 0 0 0.650628 1 7 2 555 338 7 434 422 6 569 438 3 507 450 8 504 298 NA NA NA NA NA NA NA NA NA 
8 1 49 0.300000 0 2 0 1 1.199331 1 4 9 392 330 4 556 314 NA NA NA NA NA NA NA NA NA NA NA NA NA NA NA NA NA NA 
8 1 50 0.300000 0 5 1 1 0.905101 3 3 2 416 425 10 606 463 4 392 344 7 543 444 8 451 353 NA NA NA NA NA NA NA NA NA 
8 1 51 0.300000 0 8 0 1 0.657355 2 6 7 516 312 3 589 466 6 577 337 4 626 400 8 429 463 10 402 363 2 395 301 5 505 461 
8 1 52 0.300000 0 8 0 1 1.904044 6 8 2 586 418 1 445 334 6 624 368 4 444 435 9 558 469 5 544 320 8 629 466 10 397 368 
8 1 53 0.300000 0 8 0 0 0.702937 3 10 4 458 298 7 444 472 3 556 334 10 430 389 2 607 420 6 390 443 8 633 311 1 502 456 
8 1 54 0.300000 0 8 1 1 1.339396 0 7 6 629 418 10 423 353 9 560 313 2 435 442 5 581 463 8 482 314 3 396 295 1 570 405 
8 1 55 0.300000 0 8 1 1 1.450201 7 8 9 502 464 5 584 309 3 448 402 2 592 417 7 517 302 4 400 441 1 408 330 10 626 357 
8 1 56 0.300000 0 5 0 0 0.524706 0 1 1 540 305 7 578 401 5 398 331 6 430 420 3 446 296 NA NA NA NA NA NA NA NA NA 
8 1 57 0.300000 0 2 0 0 0.935821 1 4 5 621 461 4 423 332 NA NA NA NA NA NA NA NA NA NA NA NA NA NA NA NA NA NA 
8 1 58 0.300000 0 5 0 1 0.590227 0 5 5 426 430 6 576 399 3 531 449 9 408 308 1 601 300 NA NA NA NA NA NA NA NA NA 
8 1 59 0.300000 0 5 0 0 0.888058 3 1 6 588 432 4 493 457 3 418 420 1 627 339 9 461 325 NA NA NA NA NA NA NA NA NA 
8 2 0 0.500000 0 2 0 0 0.864021 1 2 10 436 373 2 492 320 NA NA NA NA NA NA NA NA NA NA NA NA NA NA NA NA NA NA 
8 2 1 0.500000 0 5 1 1 0.925647 4 7 1 444 316 2 453 444 10 621 345 3 442 378 8 524 443 NA NA NA NA NA NA NA NA NA 
8 2 2 0.500000 0 5 1 1 0.974462 4 4 1 426 444 2 631 319 6 534 318 5 627 424 10 395 297 NA NA NA NA NA NA NA NA NA 
8 2 3 0.500000 0 5 1 1 1.076291 2 9 2 617 417 7 545 468 6 432 435 1 480 304 10 558 328 NA NA NA NA NA NA NA NA NA 
8 2 4 0.500000 0 8 1 1 0.842025 6 1 9 431 298 2 425 439 3 411 367 10 614 338 8 489 296 4 572 394 6 552 474 5 554 325 
8 2 5 0.500000 0 2 0 0 1.066173 0 1 1 560 454 8 444 300 NA NA NA NA NA NA NA NA NA NA NA NA NA NA NA NA NA NA 
8 2 6 0.500000 0 8 0 0 1.060948 2 1 6 569 319 9 469 311 1 415 473 3 391 402 4 595 410 5 520 466 2 452 401 8 629 361 
8 2 7 0.500000 0 2 1 1 0.925464 1 9 8 467 438 4 430 362 NA NA NA NA NA NA NA NA NA NA NA NA NA NA NA NA NA NA 
8 2 8 0.500000 0 5 0 0 0.761570 2 8 6 398 413 2 620 456 8 390 336 3 598 379 7 457 296 NA NA NA NA NA NA NA NA NA 
8 2 9 0.500000 0 8 1 1 1.064223 2 4 5 525 443 6 456 408 9 570 320 7 392 377 8 620 406 2 454 344 10 387 295 1 447 474 
8 2 10 0.500000 0 5 1 0 0.727736 0 7 9 440 301 5 571 333 8 514 298 4 393 400 6 410 467 NA NA NA NA NA NA NA NA NA 
8 2 11 0.500000 0 5 1 1 0.817434 2 3 2 426 464 4 615 404 6 495 470 9 458 304 5 607 295 NA NA NA NA NA NA NA NA NA 
8 2 12 0.500000 0 2 1 1 0.904818 1 9 3 444 313 4 563 432 NA NA NA NA NA NA NA NA NA NA NA NA NA NA NA NA NA NA 
8 2 13 0.500000 0 2 0 0 0.943736 0 6 6 418 297 4 601 385 NA NA NA NA NA NA NA NA NA NA NA NA NA NA NA NA NA NA 
8 2 14 0.500000 0 2 1 1 0.646950 0 4 5 509 322 3 437 396 NA NA NA NA NA NA NA NA NA NA NA NA NA NA NA NA NA NA 
8 2 15 0.500000 0 5 0 0 1.244626 2 4 10 392 344 2 451 438 4 577 455 3 393 411 1 619 414 NA NA NA NA NA NA NA NA NA 
8 2 16 0.500000 0 2 0 0 0.482737 0 5 5 435 297 1 633 303 NA NA NA NA NA NA NA NA NA NA NA NA NA NA NA NA NA NA 
8 2 17 0.500000 0 2 0 0 0.724711 1 5 8 404 297 5 600 472 NA NA NA NA NA NA NA NA NA NA NA NA NA NA NA NA NA NA 
8 2 18 0.500000 0 8 0 0 0.570680 0 2 2 443 352 6 568 356 5 631 426 4 563 298 10 450 428 1 631 350 9 583 474 8 514 444 
8 2 19 0.500000 0 5 0 0 1.375693 4 10 1 573 363 3 604 431 2 452 450 5 635 381 10 446 364 NA NA NA NA NA NA NA NA NA 
8 2 20 0.500000 0 5 0 0 2.084784 3 7 10 446 443 8 431 360 5 432 294 7 513 455 4 589 319 NA NA NA NA NA NA NA NA NA 
8 2 21 0.500000 0 2 1 1 0.441375 0 8 10 573 457 9 584 385 NA NA NA NA NA NA NA NA NA NA NA NA NA NA NA NA NA NA 
8 2 22 0.500000 0 5 0 0 1.376664 4 5 7 475 313 6 556 453 2 547 331 1 453 369 5 406 464 NA NA NA NA NA NA NA NA NA 
8 2 23 0.500000 0 8 0 1 0.595047 0 7 7 553 451 5 617 473 1 468 438 3 421 378 4 563 329 9 588 397 2 403 306 8 488 322 
8 2 24 0.500000 0 5 1 1 1.307505 2 3 1 404 330 7 612 311 9 632 373 8 526 470 2 451 438 NA NA NA NA NA NA NA NA NA 
8 2 25 0.500000 0 5 0 0 0.960174 4 3 2 478 449 10 534 317 5 583 403 1 396 441 3 596 335 NA NA NA NA NA NA NA NA NA 
8 2 26 0.500000 0 8 0 -1 0.903726 3 10 5 505 310 8 454 432 2 588 402 10 577 307 9 417 300 1 531 448 7 435 358 6 631 361 
8 2 27 0.500000 0 2 1 1 2.432287 0 6 2 425 362 1 632 329 NA NA NA NA NA NA NA NA NA NA NA NA NA NA NA NA NA NA 
8 2 28 0.500000 0 8 1 0 0.908990 1 5 1 566 449 4 430 356 8 633 417 7 495 440 2 430 464 10 495 302 9 393 295 3 577 337 
8 2 29 0.500000 0 8 1 0 0.599589 7 5 9 581 378 6 413 344 8 541 440 1 451 444 2 616 455 4 514 308 10 635 343 3 401 411 
8 2 30 0.500000 0 5 0 0 0.670946 3 7 4 585 369 6 404 370 1 594 461 7 626 318 8 508 315 NA NA NA NA NA NA NA NA NA 
8 2 31 0.500000 0 2 1 1 0.881266 0 10 9 636 391 1 409 296 NA NA NA NA NA NA NA NA NA NA NA NA NA NA NA NA NA NA 
8 2 32 0.500000 0 8 0 1 1.196465 0 8 8 462 422 1 433 328 6 599 448 4 632 299 7 487 302 5 577 334 3 387 393 10 414 469 
8 2 33 0.500000 0 5 0 0 0.633397 1 6 4 583 364 6 452 365 1 467 443 3 406 448 5 544 443 NA NA NA NA NA NA NA NA NA 
8 2 34 0.500000 0 2 0 0 1.927059 0 3 3 438 440 2 556 447 NA NA NA NA NA NA NA NA NA NA NA NA NA NA NA NA NA NA 
8 2 35 0.500000 0 8 1 1 1.134779 3 8 3 525 474 2 552 324 1 400 462 4 419 397 5 459 467 10 422 317 9 613 314 6 609 472 
8 2 36 0.500000 0 2 0 0 1.227504 1 6 2 604 418 6 499 306 NA NA NA NA NA NA NA NA NA NA NA NA NA NA NA NA NA NA 
8 2 37 0.500000 0 5 1 1 1.071912 2 4 6 417 422 1 588 317 3 426 301 5 604 434 9 546 467 NA NA NA NA NA NA NA NA NA 
8 2 38 0.500000 0 5 0 1 0.838824 2 6 10 605 371 7 512 457 6 591 463 1 461 329 8 387 393 NA NA NA NA NA NA NA NA NA 
8 2 39 0.500000 0 5 1 1 0.915237 1 9 7 635 342 5 567 449 1 472 450 10 400 380 6 618 407 NA NA NA NA NA NA NA NA NA 
8 2 40 0.500000 0 2 1 1 0.721565 1 7 5 576 435 8 633 324 NA NA NA NA NA NA NA NA NA NA NA NA NA NA NA NA NA NA 
8 2 41 0.500000 0 5 1 1 1.162797 0 7 5 594 316 4 515 445 8 445 314 10 606 400 3 627 458 NA NA NA NA NA NA NA NA NA 
8 2 42 0.500000 0 2 1 1 0.614036 1 2 4 553 462 10 488 299 NA NA NA NA NA NA NA NA NA NA NA NA NA NA NA NA NA NA 
8 2 43 0.500000 0 2 0 1 0.471564 1 5 8 602 456 5 455 354 NA NA NA NA NA NA NA NA NA NA NA NA NA NA NA NA NA NA 
8 2 44 0.500000 0 8 0 0 0.662431 5 7 2 626 346 4 451 395 8 599 425 9 468 327 6 529 460 7 388 429 5 409 315 10 557 326 
8 2 45 0.500000 0 8 0 0 0.729790 5 5 10 456 343 4 478 431 3 388 441 1 540 317 8 591 381 5 633 325 9 578 449 6 637 418 
8 2 46 0.500000 0 2 0 0 0.684465 0 9 9 443 348 1 636 308 NA NA NA NA NA NA NA NA NA NA NA NA NA NA NA NA NA NA 
8 2 47 0.500000 0 2 1 1 0.565036 0 10 1 596 437 6 441 355 NA NA NA NA NA NA NA NA NA NA NA NA NA NA NA NA NA NA 
8 2 48 0.500000 0 8 0 1 0.702433 4 8 6 585 385 2 527 448 10 403 361 1 409 471 8 603 474 5 633 320 9 435 418 3 524 296 
8 2 49 0.500000 0 8 0 0 0.752716 4 1 6 629 407 2 565 342 8 409 440 3 580 470 1 511 313 5 637 346 7 476 472 4 456 345 
8 2 50 0.500000 0 5 1 1 0.812239 2 2 9 500 302 5 417 365 10 602 356 8 601 421 3 515 457 NA NA NA NA NA NA NA NA NA 
8 2 51 0.500000 0 2 0 0 0.775903 1 6 1 574 449 6 532 300 NA NA NA NA NA NA NA NA NA NA NA NA NA NA NA NA NA NA 
8 2 52 0.500000 0 5 0 0 0.642870 1 6 7 478 460 6 599 315 9 405 351 1 560 452 3 595 380 NA NA NA NA NA NA NA NA NA 
8 2 53 0.500000 0 8 1 1 1.119563 7 9 5 627 399 7 484 311 3 617 460 4 556 324 8 395 355 10 417 432 2 555 441 1 477 464 
8 2 54 0.500000 0 8 1 1 1.559522 4 10 3 441 432 2 601 473 4 551 315 9 634 331 1 437 302 6 401 378 8 541 447 7 603 410 
8 2 55 0.500000 0 8 1 0 0.654624 4 3 6 440 294 7 580 299 8 415 436 1 609 367 5 578 440 10 469 467 9 434 379 4 388 330 
8 2 56 0.500000 0 8 1 0 1.176906 5 2 6 625 327 10 619 439 9 563 419 3 410 365 4 566 313 8 460 458 5 509 324 1 442 307 
8 2 57 0.500000 0 2 1 1 1.042395 0 8 7 627 364 2 426 310 NA NA NA NA NA NA NA NA NA NA NA NA NA NA NA NA NA NA 
8 2 58 0.500000 0 8 0 1 0.685570 5 10 6 558 339 2 407 466 9 609 380 8 413 329 4 491 441 10 619 467 5 473 324 3 408 391 
8 2 59 0.500000 0 8 1 1 1.242118 5 9 7 430 391 10 493 464 6 601 334 4 443 325 5 571 444 1 528 322 8 602 392 3 387 470 
8 3 0 0.700000 0 5 1 1 0.858786 1 7 2 613 316 4 441 456 9 627 465 10 514 322 5 564 414 NA NA NA NA NA NA NA NA NA 
8 3 1 0.700000 0 2 1 1 0.410496 1 8 1 574 380 3 442 467 NA NA NA NA NA NA NA NA NA NA NA NA NA NA NA NA NA NA 
8 3 2 0.700000 0 2 1 1 0.547326 1 6 2 574 468 10 568 350 NA NA NA NA NA NA NA NA NA NA NA NA NA NA NA NA NA NA 
8 3 3 0.700000 0 5 1 1 0.520573 0 2 6 624 326 7 479 448 8 567 448 4 422 464 10 404 398 NA NA NA NA NA NA NA NA NA 
8 3 4 0.700000 0 5 0 1 1.097368 3 5 10 413 388 6 483 449 2 437 326 5 553 461 4 531 319 NA NA NA NA NA NA NA NA NA 
8 3 5 0.700000 0 2 0 0 0.559255 1 7 1 566 470 7 635 345 NA NA NA NA NA NA NA NA NA NA NA NA NA NA NA NA NA NA 
8 3 6 0.700000 0 8 1 0 0.815867 5 7 6 430 432 2 587 368 3 617 317 4 500 447 1 501 318 5 436 357 8 599 441 10 399 297 
8 3 7 0.700000 0 5 0 0 0.844320 2 5 8 610 360 10 626 466 5 429 369 4 429 474 2 561 425 NA NA NA NA NA NA NA NA NA 
8 3 8 0.700000 0 2 1 1 0.607512 1 10 3 559 339 1 450 406 NA NA NA NA NA NA NA NA NA NA NA NA NA NA NA NA NA NA 
8 3 9 0.700000 0 5 0 0 1.471778 0 3 3 407 418 6 400 302 7 483 325 1 531 448 2 458 451 NA NA NA NA NA NA NA NA NA 
8 3 10 0.700000 0 5 1 1 0.858741 4 4 9 573 338 5 515 464 6 635 448 7 389 352 3 634 304 NA NA NA NA NA NA NA NA NA 
8 3 11 0.700000 0 5 1 1 0.864512 2 6 8 628 319 5 542 472 7 624 420 9 467 430 3 568 296 NA NA NA NA NA NA NA NA NA 
8 3 12 0.700000 0 2 1 1 0.496806 1 6 9 457 408 2 456 329 NA NA NA NA NA NA NA NA NA NA NA NA NA NA NA NA NA NA 
8 3 13 0.700000 0 2 1 1 0.465451 0 8 3 553 434 10 434 371 NA NA NA NA NA NA NA NA NA NA NA NA NA NA NA NA NA NA 
8 3 14 0.700000 0 8 1 0 1.552015 6 8 2 536 298 7 603 405 10 596 466 1 412 334 6 605 325 9 457 405 4 529 472 5 408 450 
8 3 15 0.700000 0 5 0 1 0.927887 0 3 3 587 330 2 420 454 7 592 438 5 500 469 1 430 373 NA NA NA NA NA NA NA NA NA 
8 3 16 0.700000 0 2 0 0 1.624447 1 4 6 614 413 4 513 448 NA NA NA NA NA NA NA NA NA NA NA NA NA NA NA NA NA NA 
8 3 17 0.700000 0 8 1 1 0.276225 0 4 6 621 320 1 580 394 8 437 430 5 430 336 3 527 456 9 635 470 7 515 306 10 389 465 
8 3 18 0.700000 0 8 1 1 0.372086 5 7 8 439 425 6 399 296 2 615 442 9 522 297 10 620 341 4 392 360 3 453 342 5 399 474 
8 3 19 0.700000 0 8 0 1 0.725142 0 1 1 583 455 10 396 322 5 410 462 4 554 302 9 612 382 2 521 443 8 616 305 7 455 355 
8 3 20 0.700000 0 2 1 1 0.492787 0 4 10 613 383 6 575 444 NA NA NA NA NA NA NA NA NA NA NA NA NA NA NA NA NA NA 
8 3 21 0.700000 0 8 1 1 1.102076 5 4 6 460 427 10 403 317 5 603 373 3 481 316 9 617 470 2 411 380 1 398 462 7 559 461 
8 3 22 0.700000 0 2 1 1 0.652222 0 6 5 476 325 2 405 296 NA NA NA NA NA NA NA NA NA NA NA NA NA NA NA NA NA NA 
8 3 23 0.700000 0 5 0 0 1.142072 1 1 5 439 445 1 506 325 9 617 436 8 507 465 7 584 333 NA NA NA NA NA NA NA NA NA 
8 3 24 0.700000 0 5 1 1 0.758981 1 8 7 595 314 4 450 392 1 562 458 10 400 441 3 387 340 NA NA NA NA NA NA NA NA NA 
8 3 25 0.700000 0 8 1 1 1.314425 1 9 6 592 392 8 459 318 3 520 468 1 550 329 4 617 333 7 607 463 2 416 440 10 451 381 
8 3 26 0.700000 0 2 1 1 0.613828 0 9 8 394 349 5 631 435 NA NA NA NA NA NA NA NA NA NA NA NA NA NA NA NA NA NA 
8 3 27 0.700000 0 8 1 1 0.647700 6 8 1 445 462 3 420 373 6 636 357 7 595 415 4 521 300 5 412 296 10 581 308 2 622 469 
8 3 28 0.700000 0 8 0 1 1.519462 4 8 9 562 328 1 449 436 7 461 345 4 597 379 8 399 342 3 605 459 6 496 295 10 634 320 
8 3 29 0.700000 0 2 1 1 0.688810 1 4 10 596 422 6 464 425 NA NA NA NA NA NA NA NA NA NA NA NA NA NA NA NA NA NA 
8 3 30 0.700000 0 8 1 1 0.623594 0 5 1 502 312 7 434 453 6 414 300 8 428 393 4 569 419 2 611 363 10 628 435 3 564 301 
8 3 31 0.700000 0 2 0 0 0.776230 0 4 4 619 465 1 543 448 NA NA NA NA NA NA NA NA NA NA NA NA NA NA NA NA NA NA 
8 3 32 0.700000 0 8 1 1 2.681566 6 10 3 453 454 6 398 433 8 519 457 4 557 346 5 463 312 2 429 359 1 636 442 7 600 396 
8 3 33 0.700000 0 5 0 0 1.532104 0 7 7 527 448 5 610 388 4 587 321 2 416 458 10 511 315 NA NA NA NA NA NA NA NA NA 
8 3 34 0.700000 0 8 1 1 0.866290 4 7 8 623 412 10 427 320 1 554 315 2 396 474 9 525 466 3 421 412 5 627 315 6 595 466 
8 3 35 0.700000 0 8 0 0 0.555289 0 6 6 419 344 9 485 326 2 625 451 4 581 406 3 387 401 5 459 423 7 520 468 1 396 463 
8 3 36 0.700000 0 2 0 0 0.374260 0 6 6 563 452 8 577 357 NA NA NA NA NA NA NA NA NA NA NA NA NA NA NA NA NA NA 
8 3 37 0.700000 0 5 1 1 0.879249 3 9 3 571 399 8 634 419 2 527 325 10 389 364 6 453 331 NA NA NA NA NA NA NA NA NA 
8 3 38 0.700000 0 8 0 0 0.744189 0 10 10 464 295 7 404 424 1 416 352 4 580 468 2 595 323 9 577 392 5 468 442 6 524 310 
8 3 39 0.700000 0 5 1 1 0.658226 1 8 2 418 450 4 535 320 3 481 459 9 567 465 10 444 327 NA NA NA NA NA NA NA NA NA 
8 3 40 0.700000 0 2 1 1 0.983634 0 6 2 398 398 4 396 312 NA NA NA NA NA NA NA NA NA NA NA NA NA NA NA NA NA NA 
8 3 41 0.700000 0 8 0 0 0.696655 5 3 10 432 313 5 414 460 2 573 383 1 442 375 4 608 314 3 497 469 9 576 449 6 631 421 
8 3 42 0.700000 0 2 1 1 0.817886 0 1 7 553 308 6 596 350 NA NA NA NA NA NA NA NA NA NA NA NA NA NA NA NA NA NA 
8 3 43 0.700000 0 8 1 1 0.738508 4 7 3 390 314 10 630 363 1 574 435 5 477 444 4 609 306 9 438 395 8 393 447 2 485 301 
8 3 44 0.700000 0 5 1 0 0.639448 1 2 3 424 307 7 429 420 8 396 360 5 633 394 4 569 460 NA NA NA NA NA NA NA NA NA 
8 3 45 0.700000 0 8 0 0 1.381713 6 8 2 636 375 7 431 382 3 467 434 4 618 310 9 527 441 1 548 308 8 617 435 10 451 311 
8 3 46 0.700000 0 8 1 1 0.824730 1 5 8 399 324 2 523 307 9 444 413 10 584 295 7 572 415 6 592 353 3 636 461 4 494 465 
8 3 47 0.700000 0 5 1 1 0.529510 3 1 9 607 298 7 533 295 3 581 421 5 415 365 6 494 447 NA NA NA NA NA NA NA NA NA 
8 3 48 0.700000 0 2 1 1 0.536496 1 9 8 611 412 2 536 455 NA NA NA NA NA NA NA NA NA NA NA NA NA NA NA NA NA NA 
8 3 49 0.700000 0 8 1 1 0.494360 1 7 10 564 440 9 506 322 3 506 442 2 447 447 5 423 315 6 603 311 8 618 369 1 629 470 
8 3 50 0.700000 0 2 1 1 0.431325 1 10 8 395 468 4 454 314 NA NA NA NA NA NA NA NA NA NA NA NA NA NA NA NA NA NA 
8 3 51 0.700000 0 5 1 1 1.370622 4 10 4 458 358 1 636 408 9 633 336 2 556 346 6 406 455 NA NA NA NA NA NA NA NA NA 
8 3 52 0.700000 0 5 1 1 0.679144 2 7 2 587 452 9 438 396 4 457 297 1 550 318 8 633 392 NA NA NA NA NA NA NA NA NA 
8 3 53 0.700000 0 5 1 0 0.819976 2 10 8 431 460 5 501 301 3 600 347 2 545 442 1 418 377 NA NA NA NA NA NA NA NA NA 
8 3 54 0.700000 0 5 1 1 1.065437 4 1 8 550 430 3 615 399 6 405 298 10 406 410 4 550 295 NA NA NA NA NA NA NA NA NA 
8 3 55 0.700000 0 2 0 0 0.889771 0 9 9 582 387 8 401 314 NA NA NA NA NA NA NA NA NA NA NA NA NA NA NA NA NA NA 
8 3 56 0.700000 0 2 1 1 0.658906 0 3 9 460 320 7 521 320 NA NA NA NA NA NA NA NA NA NA NA NA NA NA NA NA NA NA 
8 3 57 0.700000 0 8 1 1 0.862343 1 5 6 580 312 2 397 391 3 509 310 9 441 294 10 558 471 8 391 463 7 611 378 4 627 435 
8 3 58 0.700000 0 2 0 0 1.263579 0 4 4 615 335 1 605 451 NA NA NA NA NA NA NA NA NA NA NA NA NA NA NA NA NA NA 
8 3 59 0.700000 0 5 1 1 1.506312 0 10 9 606 349 8 387 413 1 572 472 5 487 463 6 453 372 NA NA NA NA NA NA NA NA NA 
8 4 0 0.500000 0 2 0 0 1.349351 0 8 8 621 341 9 486 321 NA NA NA NA NA NA NA NA NA NA NA NA NA NA NA NA NA NA 
8 4 1 0.500000 0 8 1 1 0.867554 5 5 7 412 298 2 476 298 8 562 421 6 406 452 3 537 304 10 393 394 4 628 399 9 483 460 
8 4 2 0.500000 0 5 0 0 1.347131 2 2 7 617 380 1 478 455 2 407 423 6 392 315 10 451 328 NA NA NA NA NA NA NA NA NA 
8 4 3 0.500000 0 2 0 0 1.126990 0 2 2 389 413 4 518 299 NA NA NA NA NA NA NA NA NA NA NA NA NA NA NA NA NA NA 
8 4 4 0.500000 0 8 1 1 0.855668 2 6 3 597 351 7 610 464 4 389 456 1 465 425 5 549 306 10 461 308 2 422 372 8 551 439 
8 4 5 0.500000 0 2 0 0 1.110506 1 10 4 543 319 10 421 401 NA NA NA NA NA NA NA NA NA NA NA NA NA NA NA NA NA NA 
8 4 6 0.500000 0 5 0 0 1.310043 4 7 1 402 321 9 581 410 3 452 467 2 540 298 7 468 302 NA NA NA NA NA NA NA NA NA 
8 4 7 0.500000 0 5 0 1 0.919590 4 4 3 473 467 9 468 299 1 632 380 5 612 302 4 409 309 NA NA NA NA NA NA NA NA NA 
8 4 8 0.500000 0 8 1 1 0.673229 4 5 7 490 453 6 626 433 3 484 299 10 412 321 9 556 425 1 610 364 2 415 451 8 441 386 
8 4 9 0.500000 0 5 1 1 0.965751 2 2 4 406 455 5 598 430 8 388 367 10 609 316 1 544 315 NA NA NA NA NA NA NA NA NA 
8 4 10 0.500000 0 2 1 1 0.693784 1 8 10 432 307 2 562 465 NA NA NA NA NA NA NA NA NA NA NA NA NA NA NA NA NA NA 
8 4 11 0.500000 0 5 1 1 0.801882 1 7 3 586 466 5 466 458 9 435 387 2 475 307 8 582 300 NA NA NA NA NA NA NA NA NA 
8 4 12 0.500000 0 8 0 1 0.695848 5 1 4 403 301 9 574 378 2 635 337 7 621 449 10 573 310 1 510 471 6 427 443 8 480 315 
8 4 13 0.500000 0 5 0 0 0.922790 0 1 1 420 473 7 515 452 9 626 313 2 460 416 6 514 304 NA NA NA NA NA NA NA NA NA 
8 4 14 0.500000 0 5 1 1 1.314329 3 6 8 576 338 1 413 370 2 463 421 5 537 454 4 590 411 NA NA NA NA NA NA NA NA NA 
8 4 15 0.500000 0 5 1 1 1.247007 3 1 10 584 356 6 397 439 3 412 319 2 567 474 8 457 425 NA NA NA NA NA NA NA NA NA 
8 4 16 0.500000 0 2 0 0 0.507774 0 6 6 495 328 10 605 396 NA NA NA NA NA NA NA NA NA NA NA NA NA NA NA NA NA NA 
8 4 17 0.500000 0 8 1 1 1.654861 0 8 9 613 326 10 621 449 5 433 328 1 472 428 2 606 386 6 550 459 4 389 376 3 503 306 
8 4 18 0.500000 0 2 1 1 0.621939 1 3 2 635 424 5 456 299 NA NA NA NA NA NA NA NA NA NA NA NA NA NA NA NA NA NA 
8 4 19 0.500000 0 8 0 0 0.651198 2 4 8 576 369 2 611 433 4 565 306 10 437 465 1 626 296 6 433 316 9 508 465 5 410 380 
8 4 20 0.500000 0 2 1 1 0.595223 1 2 5 454 440 4 417 300 NA NA NA NA NA NA NA NA NA NA NA NA NA NA NA NA NA NA 
8 4 21 0.500000 0 5 1 1 0.958050 1 9 6 467 330 7 407 337 2 622 405 1 534 319 8 414 467 NA NA NA NA NA NA NA NA NA 
8 4 22 0.500000 0 8 0 1 0.540927 7 2 4 387 352 3 598 465 8 474 302 7 592 406 6 594 303 1 491 448 5 399 464 2 442 407 
8 4 23 0.500000 0 5 0 1 0.482489 3 1 7 438 450 5 470 304 4 588 313 1 551 443 9 613 378 NA NA NA NA NA NA NA NA NA 
8 4 24 0.500000 0 8 0 0 0.439610 6 10 6 471 448 3 576 380 8 544 456 4 493 315 7 392 358 5 411 459 10 637 294 1 625 436 
8 4 25 0.500000 0 2 1 1 0.579205 0 5 10 462 454 7 581 468 NA NA NA NA NA NA NA NA NA NA NA NA NA NA NA NA NA NA 
8 4 26 0.500000 0 5 0 1 0.519402 1 1 10 636 326 1 396 383 9 457 325 4 437 468 6 529 327 NA NA NA NA NA NA NA NA NA 
8 4 27 0.500000 0 5 1 1 0.775224 4 7 6 577 380 2 598 471 1 423 435 4 495 298 8 391 379 NA NA NA NA NA NA NA NA NA 
8 4 28 0.500000 0 5 1 0 0.680867 0 6 8 586 462 5 398 320 1 525 471 3 557 313 9 466 427 NA NA NA NA NA NA NA NA NA 
8 4 29 0.500000 0 5 0 1 0.343255 2 4 1 417 407 10 545 473 4 617 333 6 490 301 5 621 449 NA NA NA NA NA NA NA NA NA 
8 4 30 0.500000 0 8 0 0 1.055083 7 7 10 387 371 1 488 461 2 599 354 5 456 362 9 604 413 4 474 294 8 431 473 7 538 309 
8 4 31 0.500000 0 2 1 1 0.518179 1 2 5 577 431 8 427 295 NA NA NA NA NA NA NA NA NA NA NA NA NA NA NA NA NA NA 
8 4 32 0.500000 0 8 1 1 1.475486 5 3 1 580 294 4 618 348 9 431 443 5 552 443 6 481 316 2 399 334 7 444 379 8 387 402 
8 4 33 0.500000 0 2 0 0 0.633359 1 10 1 611 474 10 500 444 NA NA NA NA NA NA NA NA NA NA NA NA NA NA NA NA NA NA 
8 4 34 0.500000 0 2 1 1 1.062697 0 3 1 387 411 2 594 393 NA NA NA NA NA NA NA NA NA NA NA NA NA NA NA NA NA NA 
8 4 35 0.500000 0 2 0 1 0.883642 1 9 8 462 433 9 624 387 NA NA NA NA NA NA NA NA NA NA NA NA NA NA NA NA NA NA 
8 4 36 0.500000 0 2 1 1 1.143773 1 2 9 545 461 5 625 377 NA NA NA NA NA NA NA NA NA NA NA NA NA NA NA NA NA NA 
8 4 37 0.500000 0 8 0 1 1.689721 5 10 3 409 388 1 501 322 2 629 464 8 579 342 4 495 470 10 424 295 5 599 408 6 624 296 
8 4 38 0.500000 0 2 0 0 1.237673 1 3 8 388 378 3 632 349 NA NA NA NA NA NA NA NA NA NA NA NA NA NA NA NA NA NA 
8 4 39 0.500000 0 8 0 0 1.314038 3 9 5 424 382 7 473 328 4 544 318 9 505 448 1 577 414 8 400 438 10 603 321 3 415 318 
8 4 40 0.500000 0 2 0 0 1.155597 0 4 4 579 318 9 447 374 NA NA NA NA NA NA NA NA NA NA NA NA NA NA NA NA NA NA 
8 4 41 0.500000 0 8 1 1 1.572045 2 2 9 576 404 6 415 442 1 596 302 3 402 354 5 503 451 7 514 303 8 454 308 10 629 364 
8 4 42 0.500000 0 5 0 0 1.322826 3 9 3 585 457 5 549 295 7 614 392 9 441 341 2 406 466 NA NA NA NA NA NA NA NA NA 
8 4 43 0.500000 0 8 0 1 1.669963 1 3 1 395 451 3 391 370 5 542 451 9 515 305 10 475 453 2 448 321 6 630 400 7 608 346 
8 4 44 0.500000 0 2 1 1 1.228001 0 5 9 555 434 6 456 360 NA NA NA NA NA NA NA NA NA NA NA NA NA NA NA NA NA NA 
8 4 45 0.500000 0 8 1 0 0.930816 6 10 6 619 422 1 451 345 9 388 471 3 554 303 4 478 450 5 580 359 2 397 398 8 568 470 
8 4 46 0.500000 0 2 0 0 2.728472 0 5 5 420 317 2 530 453 NA NA NA NA NA NA NA NA NA NA NA NA NA NA NA NA NA NA 
8 4 47 0.500000 0 5 0 1 0.923929 1 9 1 394 381 9 455 464 2 610 471 4 628 350 3 590 406 NA NA NA NA NA NA NA NA NA 
8 4 48 0.500000 0 2 1 1 1.538105 1 3 2 609 415 7 418 366 NA NA NA NA NA NA NA NA NA NA NA NA NA NA NA NA NA NA 
8 4 49 0.500000 0 2 1 1 0.845703 0 1 5 538 451 8 618 378 NA NA NA NA NA NA NA NA NA NA NA NA NA NA NA NA NA NA 
8 4 50 0.500000 0 8 1 1 1.019210 5 9 7 614 458 3 614 397 8 550 470 5 477 328 2 407 421 4 581 331 10 396 294 1 481 472 
8 4 51 0.500000 0 2 0 0 0.962876 1 7 5 548 458 7 424 319 NA NA NA NA NA NA NA NA NA NA NA NA NA NA NA NA NA NA 
8 4 52 0.500000 0 5 1 1 1.207653 3 10 6 604 423 3 612 303 9 473 297 2 424 334 4 555 345 NA NA NA NA NA NA NA NA NA 
8 4 53 0.500000 0 8 0 0 1.240238 6 1 7 583 395 9 474 458 6 596 306 4 529 297 3 572 472 2 388 463 1 447 297 5 422 395 
8 4 54 0.500000 0 5 1 1 1.348135 2 1 6 634 474 5 397 309 2 449 374 7 585 400 10 561 473 NA NA NA NA NA NA NA NA NA 
8 4 55 0.500000 0 8 0 1 1.371418 5 8 9 397 294 7 634 352 3 571 457 1 572 384 2 466 440 8 398 414 10 585 300 6 469 303 
8 4 56 0.500000 0 5 1 1 1.422253 4 5 10 605 407 8 568 304 7 392 339 6 443 296 2 427 412 NA NA NA NA NA NA NA NA NA 
8 4 57 0.500000 0 8 1 1 1.016798 3 1 4 419 351 7 557 467 10 576 295 5 463 440 9 452 303 6 635 408 3 573 398 2 390 443 
8 4 58 0.500000 0 8 1 1 1.522489 1 6 7 392 310 1 457 407 10 634 430 2 516 309 9 392 409 8 537 454 4 633 294 5 455 296 
8 4 59 0.500000 0 5 0 0 0.770605 1 10 1 429 357 10 632 403 5 583 450 3 562 349 9 485 305 NA NA NA NA NA NA NA NA NA 
8 5 0 0.300000 0 5 0 0 1.073948 3 6 3 447 338 5 623 373 9 473 432 6 589 451 10 584 314 NA NA NA NA NA NA NA NA NA 
8 5 1 0.300000 0 8 0 0 0.788974 5 10 6 602 342 1 525 305 4 406 446 2 415 388 8 504 453 10 447 333 3 388 299 7 637 435 
8 5 2 0.300000 0 5 0 0 0.776232 2 2 9 606 435 4 407 310 2 569 371 8 427 454 10 520 449 NA NA NA NA NA NA NA NA NA 
8 5 3 0.300000 0 5 0 0 0.750809 1 3 2 443 427 3 630 412 5 623 299 1 503 316 8 443 303 NA NA NA NA NA NA NA NA NA 
8 5 4 0.300000 0 2 1 1 0.660602 0 2 1 552 340 6 476 324 NA NA NA NA NA NA NA NA NA NA NA NA NA NA NA NA NA NA 
8 5 5 0.300000 0 8 0 0 0.862168 5 2 9 441 415 10 407 307 5 512 296 3 524 469 6 595 337 2 623 413 7 622 471 4 458 357 
8 5 6 0.300000 0 5 1 1 1.361502 4 10 1 449 464 8 598 300 4 583 474 6 566 354 5 590 409 NA NA NA NA NA NA NA NA NA 
8 5 7 0.300000 0 8 1 0 0.658799 7 2 1 629 463 9 451 445 6 449 340 4 599 301 7 604 374 3 394 416 8 533 441 5 520 295 
8 5 8 0.300000 0 5 0 0 0.292219 3 1 2 477 453 5 609 461 8 419 389 1 583 402 6 626 350 NA NA NA NA NA NA NA NA NA 
8 5 9 0.300000 0 5 1 1 0.711484 1 8 10 394 456 3 464 434 6 451 376 7 574 303 2 633 411 NA NA NA NA NA NA NA NA NA 
8 5 10 0.300000 0 8 0 0 0.622249 4 8 4 482 314 6 401 320 2 621 326 9 549 320 8 572 423 7 612 465 3 447 409 1 539 473 
8 5 11 0.300000 0 2 1 1 0.914860 0 10 5 459 436 6 390 443 NA NA NA NA NA NA NA NA NA NA NA NA NA NA NA NA NA NA 
8 5 12 0.300000 0 5 0 1 1.440676 1 7 9 397 425 7 429 358 6 514 314 10 583 354 2 551 471 NA NA NA NA NA NA NA NA NA 
8 5 13 0.300000 0 5 1 1 3.549887 0 6 3 405 426 10 538 305 8 585 441 7 420 331 2 486 437 NA NA NA NA NA NA NA NA NA 
8 5 14 0.300000 0 2 1 1 0.985168 1 2 9 431 452 10 616 418 NA NA NA NA NA NA NA NA NA NA NA NA NA NA NA NA NA NA 
8 5 15 0.300000 0 8 0 0 1.696128 0 3 3 628 349 9 422 407 5 563 425 6 566 314 10 406 348 2 495 327 8 475 457 7 625 466 
8 5 16 0.300000 0 2 0 0 0.537946 0 3 3 562 323 9 433 393 NA NA NA NA NA NA NA NA NA NA NA NA NA NA NA NA NA NA 
8 5 17 0.300000 0 2 0 0 0.640093 1 6 8 518 294 6 556 341 NA NA NA NA NA NA NA NA NA NA NA NA NA NA NA NA NA NA 
8 5 18 0.300000 0 5 1 1 0.705223 2 6 8 421 375 2 457 306 5 629 363 4 536 443 7 564 313 NA NA NA NA NA NA NA NA NA 
8 5 19 0.300000 0 2 0 0 0.629129 1 2 10 634 372 2 423 468 NA NA NA NA NA NA NA NA NA NA NA NA NA NA NA NA NA NA 
8 5 20 0.300000 0 8 0 0 0.534200 5 2 8 584 457 9 418 429 5 482 316 10 575 305 4 494 459 2 422 307 3 585 390 6 387 379 
8 5 21 0.300000 0 5 1 1 0.734082 1 9 5 444 406 3 464 346 6 612 341 10 536 459 7 563 298 NA NA NA NA NA NA NA NA NA 
8 5 22 0.300000 0 2 0 0 0.711634 0 8 8 607 397 3 415 299 NA NA NA NA NA NA NA NA NA NA NA NA NA NA NA NA NA NA 
8 5 23 0.300000 0 8 0 0 0.685311 1 1 3 616 428 1 419 413 5 499 313 2 425 339 8 474 469 6 566 340 4 624 355 10 548 430 
8 5 24 0.300000 0 2 0 0 0.691856 0 9 9 629 317 2 392 351 NA NA NA NA NA NA NA NA NA NA NA NA NA NA NA NA NA NA 
8 5 25 0.300000 0 8 0 1 0.641906 3 4 3 479 319 6 548 329 5 390 355 4 598 361 10 632 428 8 399 417 1 557 437 2 473 473 
8 5 26 0.300000 0 8 1 1 2.484347 4 8 4 553 465 7 458 339 9 468 440 1 389 432 3 636 456 6 586 378 10 540 324 2 627 294 
8 5 27 0.300000 0 2 0 1 2.068609 0 6 6 470 337 4 612 333 NA NA NA NA NA NA NA NA NA NA NA NA NA NA NA NA NA NA 
8 5 28 0.300000 0 5 0 1 1.395382 3 5 7 440 363 8 563 316 10 388 318 5 626 296 2 465 430 NA NA NA NA NA NA NA NA NA 
8 5 29 0.300000 0 2 0 0 1.399665 1 3 7 604 336 3 619 461 NA NA NA NA NA NA NA NA NA NA NA NA NA NA NA NA NA NA 
8 5 30 0.300000 0 8 1 1 1.273804 2 2 6 605 471 8 431 373 5 583 364 4 402 452 3 391 300 7 522 458 9 637 330 1 489 299 
8 5 31 0.300000 0 2 0 1 1.621948 0 7 7 428 375 6 539 310 NA NA NA NA NA NA NA NA NA NA NA NA NA NA NA NA NA NA 
8 5 32 0.300000 0 8 1 1 0.608068 0 3 6 577 415 2 622 319 1 447 412 8 530 462 9 620 461 4 548 307 7 397 340 5 484 319 
8 5 33 0.300000 0 5 0 0 1.230675 1 1 6 467 438 1 437 382 5 571 415 2 555 317 8 417 306 NA NA NA NA NA NA NA NA NA 
8 5 34 0.300000 0 8 0 0 1.218358 6 7 3 394 407 9 469 312 5 626 318 4 556 427 10 430 357 1 480 441 7 635 401 6 574 357 
8 5 35 0.300000 0 2 1 1 0.853215 0 10 4 579 469 9 588 408 NA NA NA NA NA NA NA NA NA NA NA NA NA NA NA NA NA NA 
8 5 36 0.300000 0 8 0 0 1.924325 5 5 4 623 412 6 442 377 3 390 441 2 459 302 9 577 348 5 551 469 7 448 462 10 522 321 
8 5 37 0.300000 0 2 0 0 0.428462 1 7 6 563 338 7 568 459 NA NA NA NA NA NA NA NA NA NA NA NA NA NA NA NA NA NA 
8 5 38 0.300000 0 2 0 0 0.810206 1 3 10 425 298 3 467 453 NA NA NA NA NA NA NA NA NA NA NA NA NA NA NA NA NA NA 
8 5 39 0.300000 0 8 0 1 1.216956 6 10 9 468 453 1 402 372 2 575 349 4 462 327 8 627 427 6 539 474 10 516 297 5 404 469 
8 5 40 0.300000 0 8 0 0 0.557525 5 8 7 508 453 9 469 315 6 535 329 10 635 389 5 425 375 8 574 449 2 424 452 3 597 311 
8 5 41 0.300000 0 8 0 1 0.739826 5 3 10 627 329 6 539 326 8 432 434 2 423 325 4 622 403 3 636 469 9 549 440 7 487 461 
8 5 42 0.300000 0 8 0 0 0.406854 4 1 9 543 474 7 634 442 2 436 428 3 553 334 1 602 368 6 462 303 5 392 356 8 387 471 
8 5 43 0.300000 0 5 0 0 0.315056 3 4 10 408 362 6 491 443 3 554 468 4 622 396 9 543 321 NA NA NA NA NA NA NA NA NA 
8 5 44 0.300000 0 8 1 0 0.923519 3 5 9 596 369 6 422 419 2 582 445 7 494 468 4 415 338 3 628 312 1 539 299 10 461 298 
8 5 45 0.300000 0 8 0 0 0.299088 6 1 2 388 384 8 629 355 4 444 362 5 521 447 10 521 298 6 601 447 1 388 316 7 570 363 
8 5 46 0.300000 0 2 0 0 0.369676 0 5 5 476 431 3 578 427 NA NA NA NA NA NA NA NA NA NA NA NA NA NA NA NA NA NA 
8 5 47 0.300000 0 5 0 0 0.773989 4 2 5 426 401 6 449 300 10 570 400 4 624 423 2 388 338 NA NA NA NA NA NA NA NA NA 
8 5 48 0.300000 0 2 0 0 1.371763 1 9 10 597 399 9 514 452 NA NA NA NA NA NA NA NA NA NA NA NA NA NA NA NA NA NA 
8 5 49 0.300000 0 2 0 0 0.563034 0 4 4 577 315 5 398 457 NA NA NA NA NA NA NA NA NA NA NA NA NA NA NA NA NA NA 
8 5 50 0.300000 0 5 0 0 0.418651 0 1 1 544 452 10 625 468 2 585 307 9 520 320 3 429 470 NA NA NA NA NA NA NA NA NA 
8 5 51 0.300000 0 2 1 1 0.607958 1 10 8 408 355 4 526 313 NA NA NA NA NA NA NA NA NA NA NA NA NA NA NA NA NA NA 
8 5 52 0.300000 0 5 0 0 0.573355 0 8 8 556 443 4 445 382 10 392 456 7 614 327 3 486 455 NA NA NA NA NA NA NA NA NA 
8 5 53 0.300000 0 8 1 0 0.287609 5 7 8 551 456 3 450 419 2 408 296 6 391 357 9 619 437 1 637 310 5 399 452 10 570 320 
8 5 54 0.300000 0 5 0 0 0.582388 3 7 4 616 367 8 424 457 10 394 327 7 478 310 1 537 440 NA NA NA NA NA NA NA NA NA 
8 5 55 0.300000 0 2 0 0 0.393694 0 6 6 435 458 3 611 312 NA NA NA NA NA NA NA NA NA NA NA NA NA NA NA NA NA NA 
8 5 56 0.300000 0 5 0 0 1.796397 4 9 1 632 320 2 608 468 5 420 323 8 576 303 9 430 460 NA NA NA NA NA NA NA NA NA 
8 5 57 0.300000 0 5 1 1 1.096203 3 3 1 498 473 5 548 433 2 431 441 4 401 355 7 606 428 NA NA NA NA NA NA NA NA NA 
8 5 58 0.300000 0 5 0 0 0.632668 2 2 10 516 474 7 424 473 2 597 331 8 626 384 9 419 414 NA NA NA NA NA NA NA NA NA 
8 5 59 0.300000 0 2 1 1 0.662236 1 5 9 592 472 4 435 408 NA NA NA NA NA NA NA NA NA NA NA NA NA NA NA NA NA NA 
8 6 0 0.700000 0 2 1 1 1.223644 1 5 1 424 407 4 454 461 NA NA NA NA NA NA NA NA NA NA NA NA NA NA NA NA NA NA 
8 6 1 0.700000 0 2 1 1 1.365410 0 10 3 550 445 4 611 388 NA NA NA NA NA NA NA NA NA NA NA NA NA NA NA NA NA NA 
8 6 2 0.700000 0 5 1 1 0.253541 3 3 1 420 424 4 459 338 9 623 458 6 578 295 8 525 324 NA NA NA NA NA NA NA NA NA 
8 6 3 0.700000 0 8 1 1 0.662997 0 2 6 403 446 1 494 442 3 599 413 9 421 330 8 634 365 10 573 306 7 488 299 4 551 466 
8 6 4 0.700000 0 2 1 0 0.383928 0 9 8 447 467 10 589 418 NA NA NA NA NA NA NA NA NA NA NA NA NA NA NA NA NA NA 
8 6 5 0.700000 0 2 1 1 0.471371 1 4 5 397 424 10 623 424 NA NA NA NA NA NA NA NA NA NA NA NA NA NA NA NA NA NA 
8 6 6 0.700000 0 5 1 1 0.542213 3 1 8 427 467 6 579 422 2 415 375 4 555 325 5 632 461 NA NA NA NA NA NA NA NA NA 
8 6 7 0.700000 0 8 1 1 0.585139 7 1 9 414 373 5 600 424 6 568 308 7 552 460 10 408 446 8 485 330 2 630 340 3 472 457 
8 6 8 0.700000 0 5 1 1 1.731420 2 2 5 564 311 1 465 335 4 574 416 9 416 303 7 627 373 NA NA NA NA NA NA NA NA NA 
8 6 9 0.700000 0 5 1 1 0.983685 3 9 5 628 302 6 534 301 10 558 473 8 448 382 2 445 306 NA NA NA NA NA NA NA NA NA 
8 6 10 0.700000 0 5 1 1 0.620615 1 6 7 394 415 1 619 323 4 418 309 8 625 384 9 572 447 NA NA NA NA NA NA NA NA NA 
8 6 11 0.700000 0 5 1 1 0.536904 0 1 10 592 371 7 452 432 8 543 331 6 416 357 5 592 465 NA NA NA NA NA NA NA NA NA 
8 6 12 0.700000 0 8 1 1 0.625771 0 9 5 601 349 8 539 311 7 457 329 6 441 437 4 614 463 3 528 462 2 392 374 1 390 472 
8 6 13 0.700000 0 2 0 0 1.031948 0 6 6 401 462 7 608 449 NA NA NA NA NA NA NA NA NA NA NA NA NA NA NA NA NA NA 
8 6 14 0.700000 0 8 0 1 1.118574 1 10 8 416 366 10 516 453 2 388 427 6 606 416 3 634 343 5 504 315 7 576 354 9 437 472 
8 6 15 0.700000 0 8 0 1 1.257735 7 3 4 465 438 2 421 304 7 633 464 9 605 377 8 529 306 1 543 457 5 443 362 3 606 296 
8 6 16 0.700000 0 5 0 1 0.422793 2 10 3 451 378 9 478 317 10 594 471 7 596 391 2 533 295 NA NA NA NA NA NA NA NA NA 
8 6 17 0.700000 0 8 1 1 0.417426 3 3 8 609 434 1 603 296 5 458 423 10 610 371 9 393 296 4 532 325 2 423 376 7 388 464 
8 6 18 0.700000 0 8 1 1 0.376496 0 3 9 574 448 10 430 371 5 616 347 4 456 454 8 546 336 1 456 306 7 396 456 2 635 432 
8 6 19 0.700000 0 8 0 1 0.304217 1 10 6 580 403 10 507 469 2 430 373 5 615 463 1 630 307 9 530 314 4 451 436 7 439 313 
8 6 20 0.700000 0 5 0 0 0.729028 2 9 4 633 391 10 504 457 9 601 307 7 515 303 3 416 452 NA NA NA NA NA NA NA NA NA 
8 6 21 0.700000 0 2 1 1 0.605269 0 5 6 433 356 3 394 434 NA NA NA NA NA NA NA NA NA NA NA NA NA NA NA NA NA NA 
8 6 22 0.700000 0 2 1 1 0.578923 1 10 9 545 325 6 531 468 NA NA NA NA NA NA NA NA NA NA NA NA NA NA NA NA NA NA 
8 6 23 0.700000 0 2 1 1 0.431453 1 5 6 483 439 9 411 434 NA NA NA NA NA NA NA NA NA NA NA NA NA NA NA NA NA NA 
8 6 24 0.700000 0 5 1 1 0.439207 3 1 9 634 358 6 415 462 4 539 321 10 575 441 2 470 329 NA NA NA NA NA NA NA NA NA 
8 6 25 0.700000 0 8 1 1 0.446809 7 4 8 439 393 1 491 462 3 477 309 7 550 445 9 630 311 5 607 420 10 566 322 6 415 327 
8 6 26 0.700000 0 5 1 1 0.516573 1 7 1 530 452 4 422 458 8 393 362 10 530 295 6 589 390 NA NA NA NA NA NA NA NA NA 
8 6 27 0.700000 0 2 1 1 0.606266 1 7 5 574 461 3 484 295 NA NA NA NA NA NA NA NA NA NA NA NA NA NA NA NA NA NA 
8 6 28 0.700000 0 2 1 1 0.598620 0 9 3 398 464 1 416 304 NA NA NA NA NA NA NA NA NA NA NA NA NA NA NA NA NA NA 
8 6 29 0.700000 0 5 0 1 0.261462 3 4 2 425 298 8 388 380 3 522 306 4 501 471 10 614 395 NA NA NA NA NA NA NA NA NA 
8 6 30 0.700000 0 8 0 1 0.381481 0 4 4 581 350 8 495 442 3 635 372 1 534 294 10 590 421 5 418 371 9 437 432 6 468 330 
8 6 31 0.700000 0 8 1 1 0.710414 4 1 8 615 364 3 507 295 6 394 432 9 615 305 10 633 449 7 559 347 4 464 340 5 550 429 
8 6 32 0.700000 0 2 1 1 0.464920 0 1 5 622 389 7 550 455 NA NA NA NA NA NA NA NA NA NA NA NA NA NA NA NA NA NA 
8 6 33 0.700000 0 8 0 0 1.779888 2 9 8 422 356 4 540 435 9 587 473 7 462 473 6 434 298 2 637 440 3 423 428 10 593 308 
8 6 34 0.700000 0 8 1 1 0.361618 5 9 8 611 407 1 610 345 3 492 307 7 460 412 10 554 299 4 397 335 2 556 472 6 390 440 
8 6 35 0.700000 0 8 1 1 -1.000000 4 1 7 597 417 9 470 460 6 448 369 5 620 310 10 536 449 8 472 301 4 407 298 2 536 312 
8 6 36 0.700000 0 2 1 1 -1.000000 0 6 2 489 298 10 471 461 NA NA NA NA NA NA NA NA NA NA NA NA NA NA NA NA NA NA 
8 6 37 0.700000 0 5 1 1 0.395863 2 6 9 601 337 2 393 373 8 460 336 10 623 438 1 558 446 NA NA NA NA NA NA NA NA NA 
8 6 38 0.700000 0 5 0 1 0.348478 2 10 1 593 470 2 582 324 10 598 380 6 443 460 4 430 392 NA NA NA NA NA NA NA NA NA 
8 6 39 0.700000 0 5 1 1 0.304502 0 3 7 483 326 4 544 461 10 602 305 2 607 395 1 398 316 NA NA NA NA NA NA NA NA NA 
8 6 40 0.700000 0 2 1 1 0.415535 0 2 7 415 346 4 610 389 NA NA NA NA NA NA NA NA NA NA NA NA NA NA NA NA NA NA 
8 6 41 0.700000 0 5 1 1 0.431920 2 10 2 624 456 1 391 464 5 538 442 3 494 318 7 626 296 NA NA NA NA NA NA NA NA NA 
8 6 42 0.700000 0 5 1 1 0.475451 2 9 1 533 442 4 407 438 7 559 309 2 625 390 8 471 454 NA NA NA NA NA NA NA NA NA 
8 6 43 0.700000 0 2 0 0 1.053653 0 10 10 451 374 7 478 461 NA NA NA NA NA NA NA NA NA NA NA NA NA NA NA NA NA NA 
8 6 44 0.700000 0 8 0 1 0.482267 7 6 1 633 417 4 405 321 9 448 395 2 488 324 7 605 334 8 504 451 10 594 469 6 419 467 
8 6 45 0.700000 0 5 1 1 0.313435 4 8 10 478 449 6 624 334 7 406 361 9 522 320 5 632 451 NA NA NA NA NA NA NA NA NA 
8 6 46 0.700000 0 5 0 1 0.335583 2 1 2 636 351 9 556 310 1 617 406 5 387 421 4 444 347 NA NA NA NA NA NA NA NA NA 
8 6 47 0.700000 0 8 1 1 0.453672 1 7 4 596 373 5 417 363 6 522 300 1 430 430 10 520 464 2 568 431 3 623 464 9 440 306 
8 6 48 0.700000 0 2 0 1 1.056523 1 3 9 613 404 3 601 294 NA NA NA NA NA NA NA NA NA NA NA NA NA NA NA NA NA NA 
8 6 49 0.700000 0 2 1 1 0.413018 0 2 7 620 349 9 632 450 NA NA NA NA NA NA NA NA NA NA NA NA NA NA NA NA NA NA 
8 6 50 0.700000 0 2 0 0 1.705325 1 10 8 572 320 10 563 445 NA NA NA NA NA NA NA NA NA NA NA NA NA NA NA NA NA NA 
8 6 51 0.700000 0 2 1 1 0.474747 0 9 4 620 379 6 397 315 NA NA NA NA NA NA NA NA NA NA NA NA NA NA NA NA NA NA 
8 6 52 0.700000 0 5 1 1 0.414273 1 4 2 428 342 1 424 418 5 616 404 7 482 446 3 560 342 NA NA NA NA NA NA NA NA NA 
8 6 53 0.700000 0 8 1 1 0.371711 7 7 3 463 442 9 565 463 5 399 364 6 467 330 2 579 379 10 573 300 4 630 430 1 413 304 
8 6 54 0.700000 0 8 1 0 1.992216 0 4 6 590 364 7 404 434 8 498 464 3 635 308 10 506 325 9 614 451 5 416 324 2 557 470 
8 6 55 0.700000 0 5 0 0 1.257740 3 9 8 544 296 6 417 308 1 572 414 9 452 392 4 407 451 NA NA NA NA NA NA NA NA NA 
8 6 56 0.700000 0 8 1 1 0.457336 2 5 6 450 413 3 569 455 4 401 449 1 451 302 8 405 353 9 585 294 2 580 397 7 628 334 
8 6 57 0.700000 0 2 0 0 1.087523 0 8 8 473 461 4 426 308 NA NA NA NA NA NA NA NA NA NA NA NA NA NA NA NA NA NA 
8 6 58 0.700000 0 8 1 1 0.810733 2 6 2 567 430 4 427 466 7 410 319 10 458 357 1 499 463 8 631 422 9 628 337 3 565 323 
8 6 59 0.700000 0 2 0 0 0.929318 1 3 8 608 316 3 397 420 NA NA NA NA NA NA NA NA NA NA NA NA NA NA NA NA NA NA 
8 7 0 0.300000 0 2 0 0 1.012503 0 4 4 426 369 7 563 304 NA NA NA NA NA NA NA NA NA NA NA NA NA NA NA NA NA NA 
8 7 1 0.300000 0 5 0 0 1.027990 3 4 9 512 442 3 444 298 8 456 414 4 499 321 5 575 358 NA NA NA NA NA NA NA NA NA 
8 7 2 0.300000 0 2 0 0 1.332486 0 2 2 470 324 10 452 432 NA NA NA NA NA NA NA NA NA NA NA NA NA NA NA NA NA NA 
8 7 3 0.300000 0 8 0 0 1.834486 1 2 1 544 462 2 420 451 5 453 351 8 415 297 9 579 405 6 622 464 7 537 302 10 635 381 
8 7 4 0.300000 0 8 0 0 1.035929 2 5 3 615 447 6 620 323 5 429 306 10 390 404 7 541 462 4 541 300 1 628 386 2 443 429 
8 7 5 0.300000 0 5 0 0 1.443092 3 7 5 430 311 8 435 371 1 629 342 7 416 435 9 629 443 NA NA NA NA NA NA NA NA NA 
8 7 6 0.300000 0 2 0 1 1.093074 0 9 9 568 295 6 464 474 NA NA NA NA NA NA NA NA NA NA NA NA NA NA NA NA NA NA 
8 7 7 0.300000 0 5 0 0 0.994947 0 6 6 434 473 2 597 438 9 460 417 7 541 472 3 463 348 NA NA NA NA NA NA NA NA NA 
8 7 8 0.300000 0 2 1 1 1.105228 1 5 3 422 342 7 511 466 NA NA NA NA NA NA NA NA NA NA NA NA NA NA NA NA NA NA 
8 7 9 0.300000 0 8 1 0 1.288353 2 6 10 447 402 8 627 302 4 588 467 2 626 415 9 525 317 5 445 462 7 431 333 1 588 356 
8 7 10 0.300000 0 5 0 0 1.752035 4 2 5 627 438 3 620 336 10 452 394 7 453 310 2 413 448 NA NA NA NA NA NA NA NA NA 
8 7 11 0.300000 0 2 1 0 1.597272 1 10 1 497 322 9 427 356 NA NA NA NA NA NA NA NA NA NA NA NA NA NA NA NA NA NA 
8 7 12 0.300000 0 2 0 0 2.291420 1 3 6 589 369 3 463 464 NA NA NA NA NA NA NA NA NA NA NA NA NA NA NA NA NA NA 
8 7 13 0.300000 0 2 1 1 1.766109 0 2 6 497 457 8 395 360 NA NA NA NA NA NA NA NA NA NA NA NA NA NA NA NA NA NA 
8 7 14 0.300000 0 5 0 1 5.206937 1 6 10 561 463 6 573 384 2 468 444 9 447 303 8 422 376 NA NA NA NA NA NA NA NA NA 
8 7 15 0.300000 0 5 0 0 0.268593 3 7 10 422 468 1 415 365 8 600 437 7 532 468 6 505 298 NA NA NA NA NA NA NA NA NA 
8 7 16 0.300000 0 8 0 0 0.461986 1 10 4 530 322 10 529 454 8 599 415 5 621 331 3 469 299 1 427 457 9 429 389 7 392 295 
8 7 17 0.300000 0 5 0 0 0.247415 4 8 3 578 330 2 584 454 5 404 456 10 615 401 8 459 419 NA NA NA NA NA NA NA NA NA 
8 7 18 0.300000 0 2 0 0 0.476733 1 6 4 538 314 6 592 383 NA NA NA NA NA NA NA NA NA NA NA NA NA NA NA NA NA NA 
8 7 19 0.300000 0 8 0 0 0.399982 1 9 6 411 347 9 599 466 5 421 451 1 572 339 4 632 336 3 445 396 2 479 447 7 521 296 
8 7 20 0.300000 0 5 1 0 0.669149 0 5 7 621 402 3 467 451 1 426 306 9 534 450 6 632 462 NA NA NA NA NA NA NA NA NA 
8 7 21 0.300000 0 2 0 1 1.330182 0 6 6 560 470 5 591 396 NA NA NA NA NA NA NA NA NA NA NA NA NA NA NA NA NA NA 
8 7 22 0.300000 0 8 0 0 1.048795 5 3 2 599 334 4 449 366 5 585 392 6 444 470 7 523 468 3 411 303 8 400 424 9 594 450 
8 7 23 0.300000 0 8 0 0 1.337250 1 1 7 596 319 1 533 326 9 429 411 5 570 388 8 483 447 6 633 381 3 388 458 4 411 326 
8 7 24 0.300000 0 8 0 1 1.239450 3 8 1 612 439 3 426 373 5 505 469 8 516 295 7 574 337 4 400 306 9 410 439 10 554 428 
8 7 25 0.300000 0 2 0 0 0.434227 1 3 6 454 330 3 401 303 NA NA NA NA NA NA NA NA NA NA NA NA NA NA NA NA NA NA 
8 7 26 0.300000 0 2 0 0 0.475809 1 4 8 432 411 4 563 470 NA NA NA NA NA NA NA NA NA NA NA NA NA NA NA NA NA NA 
8 7 27 0.300000 0 2 0 0 0.380728 0 1 1 400 365 2 591 328 NA NA NA NA NA NA NA NA NA NA NA NA NA NA NA NA NA NA 
8 7 28 0.300000 0 5 1 0 0.322664 3 3 5 445 435 10 582 322 1 494 473 7 413 364 4 504 322 NA NA NA NA NA NA NA NA NA 
8 7 29 0.300000 0 5 1 0 0.306319 3 10 3 504 316 4 444 304 7 590 440 1 636 366 5 447 375 NA NA NA NA NA NA NA NA NA 
8 7 30 0.300000 0 2 0 0 1.934034 1 2 8 585 473 2 458 353 NA NA NA NA NA NA NA NA NA NA NA NA NA NA NA NA NA NA 
8 7 31 0.300000 0 8 0 0 0.216028 5 5 3 521 322 4 592 408 8 402 387 9 606 310 10 394 450 5 600 472 2 437 312 7 461 454 
8 7 32 0.300000 0 8 1 0 0.416564 7 1 4 596 355 7 617 419 8 404 386 5 510 311 9 481 470 6 447 304 3 425 450 2 552 457 
8 7 33 0.300000 0 2 0 0 0.298224 0 8 8 553 336 1 453 304 NA NA NA NA NA NA NA NA NA NA NA NA NA NA NA NA NA NA 
8 7 34 0.300000 0 5 1 0 0.456231 0 8 9 393 375 5 424 305 10 608 447 6 628 305 1 576 388 NA NA NA NA NA NA NA NA NA 
8 7 35 0.300000 0 8 0 0 0.284068 3 2 8 464 306 4 507 468 7 566 303 2 412 438 6 602 415 5 448 365 3 633 334 1 391 298 
8 7 36 0.300000 0 2 0 0 0.437177 1 3 8 589 384 3 604 294 NA NA NA NA NA NA NA NA NA NA NA NA NA NA NA NA NA NA 
8 7 37 0.300000 0 8 0 0 0.246321 7 8 7 411 427 1 624 311 2 611 442 9 557 298 4 443 336 6 617 380 5 488 298 8 502 471 
8 7 38 0.300000 0 8 1 0 0.252136 6 6 2 579 362 5 423 445 8 586 467 1 398 308 3 516 471 10 630 294 4 404 376 9 506 302 
8 7 39 0.300000 0 8 1 0 0.305294 1 4 1 538 310 10 467 451 9 616 456 7 419 354 6 390 470 3 597 305 2 477 329 8 556 466 
8 7 40 0.300000 0 5 0 0 0.338197 2 4 3 582 332 5 426 366 4 455 304 7 403 426 6 467 457 NA NA NA NA NA NA NA NA NA 
8 7 41 0.300000 0 8 0 0 0.276006 4 2 7 486 314 1 594 322 6 406 383 8 456 458 2 578 458 9 634 432 3 588 396 10 424 313 
8 7 42 0.300000 0 2 1 1 1.176541 1 5 2 421 316 9 624 441 NA NA NA NA NA NA NA NA NA NA NA NA NA NA NA NA NA NA 
8 7 43 0.300000 0 5 0 0 0.369729 1 7 10 449 446 7 530 446 9 436 368 6 568 366 2 623 339 NA NA NA NA NA NA NA NA NA 
8 7 44 0.300000 0 8 0 0 0.385510 2 4 2 611 474 10 397 364 4 528 469 6 574 353 3 583 415 5 416 439 9 527 313 1 434 314 
8 7 45 0.300000 0 2 0 0 0.330354 0 3 3 612 365 6 406 329 NA NA NA NA NA NA NA NA NA NA NA NA NA NA NA NA NA NA 
8 7 46 0.300000 0 5 0 1 1.116002 1 2 5 438 421 2 507 458 1 571 395 10 487 307 7 592 456 NA NA NA NA NA NA NA NA NA 
8 7 47 0.300000 0 8 0 0 1.144490 3 3 1 467 337 9 584 436 5 620 349 3 404 362 7 518 468 2 531 328 6 429 446 10 415 295 
8 7 48 0.300000 0 2 0 0 2.947128 1 6 5 587 391 6 511 453 NA NA NA NA NA NA NA NA NA NA NA NA NA NA NA NA NA NA 
8 7 49 0.300000 0 5 1 1 0.758224 0 1 3 556 441 5 460 469 9 435 324 4 556 338 6 635 354 NA NA NA NA NA NA NA NA NA 
8 7 50 0.300000 0 5 1 1 1.939345 2 2 1 449 311 9 600 400 5 433 389 7 541 304 3 522 461 NA NA NA NA NA NA NA NA NA 
8 7 51 0.300000 0 2 1 1 1.496220 1 6 5 406 339 3 588 440 NA NA NA NA NA NA NA NA NA NA NA NA NA NA NA NA NA NA 
8 7 52 0.300000 0 5 0 0 0.314544 2 9 8 594 340 1 439 361 9 631 403 2 583 457 3 390 466 NA NA NA NA NA NA NA NA NA 
8 7 53 0.300000 0 5 0 0 0.299340 3 6 3 428 367 5 619 451 2 545 312 6 570 368 7 634 378 NA NA NA NA NA NA NA NA NA 
8 7 54 0.300000 0 8 0 0 0.387034 1 5 4 419 404 5 472 433 2 462 325 6 588 360 3 625 437 10 534 458 8 550 296 9 628 303 
8 7 55 0.300000 0 8 1 0 0.213024 5 8 9 559 467 7 427 301 4 619 358 5 475 452 2 615 295 10 487 299 6 451 376 1 555 300 
8 7 56 0.300000 0 5 0 0 0.264758 4 6 10 431 427 4 391 300 3 474 336 1 600 415 6 596 337 NA NA NA NA NA NA NA NA NA 
8 7 57 0.300000 0 2 1 0 0.282592 1 8 4 561 328 6 616 384 NA NA NA NA NA NA NA NA NA NA NA NA NA NA NA NA NA NA 
8 7 58 0.300000 0 8 1 0 0.262695 7 8 6 531 464 1 416 398 7 417 310 9 597 408 3 446 460 4 595 333 2 478 307 5 536 300 
8 7 59 0.300000 0 5 0 0 0.284046 0 6 6 629 372 8 450 388 7 492 325 10 494 448 1 400 339 NA NA NA NA NA NA NA NA NA 
8 8 0 0.700000 0 8 0 0 -1.000000 2 5 2 436 453 4 630 356 5 568 431 7 460 322 10 391 315 8 520 314 9 595 306 3 440 382 
8 8 1 0.700000 0 5 1 1 1.544323 2 6 9 390 326 3 507 314 5 468 473 4 597 396 2 388 421 NA NA NA NA NA NA NA NA NA 
8 8 2 0.700000 0 5 1 1 0.394009 1 1 9 619 403 2 404 395 7 405 469 6 464 452 10 525 461 NA NA NA NA NA NA NA NA NA 
8 8 3 0.700000 0 5 1 1 0.504637 4 5 2 621 336 8 433 337 6 538 472 7 482 446 10 612 453 NA NA NA NA NA NA NA NA NA 
8 8 4 0.700000 0 5 1 1 0.476891 1 10 2 539 295 3 578 469 1 455 420 6 453 301 5 398 458 NA NA NA NA NA NA NA NA NA 
8 8 5 0.700000 0 8 1 1 0.585185 1 1 2 511 322 7 410 433 3 592 361 8 435 338 9 561 452 6 497 469 5 620 458 10 391 377 
8 8 6 0.700000 0 2 0 0 1.465212 1 6 8 427 436 6 562 431 NA NA NA NA NA NA NA NA NA NA NA NA NA NA NA NA NA NA 
8 8 7 0.700000 0 2 1 1 0.508479 0 6 5 523 298 2 387 377 NA NA NA NA NA NA NA NA NA NA NA NA NA NA NA NA NA NA 
8 8 8 0.700000 0 8 1 1 0.423209 0 4 9 420 297 7 609 343 2 450 390 10 501 305 1 414 454 6 552 431 8 481 465 5 628 444 
8 8 9 0.700000 0 5 1 1 0.456800 4 8 4 634 308 9 408 408 7 463 433 1 477 336 2 544 329 NA NA NA NA NA NA NA NA NA 
8 8 10 0.700000 0 5 1 1 0.554695 2 7 10 555 474 9 478 450 2 426 389 6 529 317 4 613 331 NA NA NA NA NA NA NA NA NA 
8 8 11 0.700000 0 2 1 1 0.422907 0 5 7 406 456 2 628 409 NA NA NA NA NA NA NA NA NA NA NA NA NA NA NA NA NA NA 
8 8 12 0.700000 0 2 0 0 1.239152 1 6 7 413 435 6 429 310 NA NA NA NA NA NA NA NA NA NA NA NA NA NA NA NA NA NA 
8 8 13 0.700000 0 2 0 0 1.049120 1 7 1 438 421 7 504 309 NA NA NA NA NA NA NA NA NA NA NA NA NA NA NA NA NA NA 
8 8 14 0.700000 0 5 1 1 0.500455 1 9 5 411 456 8 496 467 1 550 429 4 601 365 7 399 352 NA NA NA NA NA NA NA NA NA 
8 8 15 0.700000 0 8 0 1 0.659795 3 6 2 561 295 4 427 336 9 466 432 6 550 455 8 407 451 3 610 437 5 576 366 7 491 304 
8 8 16 0.700000 0 8 1 1 0.555742 4 2 5 567 330 6 485 295 4 534 454 1 635 376 10 459 353 8 454 412 7 622 448 9 470 473 
8 8 17 0.700000 0 2 1 1 0.421802 1 2 10 615 383 4 548 451 NA NA NA NA NA NA NA NA NA NA NA NA NA NA NA NA NA NA 
8 8 18 0.700000 0 8 1 1 0.469231 1 7 4 621 342 5 476 315 1 591 448 3 436 381 6 563 348 9 421 458 10 406 300 2 512 456 
8 8 19 0.700000 0 2 0 0 0.951404 0 4 4 392 442 1 525 449 NA NA NA NA NA NA NA NA NA NA NA NA NA NA NA NA NA NA 
8 8 20 0.700000 0 5 1 1 0.586973 2 2 7 569 330 4 442 437 1 587 397 10 439 326 6 558 462 NA NA NA NA NA NA NA NA NA 
8 8 21 0.700000 0 8 1 1 0.397141 7 4 7 482 296 8 626 421 9 445 351 5 395 449 2 456 464 1 530 447 10 627 351 3 389 326 
8 8 22 0.700000 0 8 1 1 0.369467 5 1 10 406 444 5 600 304 4 572 472 9 468 440 3 569 413 2 404 325 8 503 317 6 625 363 
8 8 23 0.700000 0 8 1 1 0.233249 0 7 3 546 470 8 620 321 2 419 361 9 443 414 4 502 316 10 417 474 5 604 442 6 572 375 
8 8 24 0.700000 0 5 0 0 1.243670 2 8 10 623 377 3 560 334 8 445 337 4 456 461 1 590 474 NA NA NA NA NA NA NA NA NA 
8 8 25 0.700000 0 5 0 0 1.578922 4 1 3 412 305 9 583 311 10 409 473 4 493 326 1 595 417 NA NA NA NA NA NA NA NA NA 
8 8 26 0.700000 0 2 1 1 1.526969 0 8 6 605 451 9 605 354 NA NA NA NA NA NA NA NA NA NA NA NA NA NA NA NA NA NA 
8 8 27 0.700000 0 5 1 1 0.628301 4 8 2 635 381 3 403 392 4 434 444 10 474 324 7 609 451 NA NA NA NA NA NA NA NA NA 
8 8 28 0.700000 0 8 0 1 0.521496 2 6 2 597 402 7 387 474 6 576 471 8 397 301 5 436 402 3 495 307 9 495 443 1 611 308 
8 8 29 0.700000 0 8 1 1 0.476559 7 3 5 387 311 8 553 323 9 417 469 7 463 321 2 587 471 10 629 304 1 607 358 6 455 412 
8 8 30 0.700000 0 8 0 1 0.387598 1 3 4 574 442 3 558 305 8 436 474 10 470 307 1 447 402 6 626 410 9 497 473 2 390 309 
8 8 31 0.700000 0 2 1 1 0.424723 1 4 6 444 309 3 389 344 NA NA NA NA NA NA NA NA NA NA NA NA NA NA NA NA NA NA 
8 8 32 0.700000 0 2 1 1 0.504994 1 8 1 582 347 10 414 304 NA NA NA NA NA NA NA NA NA NA NA NA NA NA NA NA NA NA 
8 8 33 0.700000 0 8 0 1 0.244063 4 10 8 523 324 2 396 415 4 605 332 7 586 396 10 426 330 5 456 472 3 630 473 6 532 446 
8 8 34 0.700000 0 8 1 1 1.094565 5 6 3 575 313 8 608 375 1 447 460 4 402 403 5 458 312 7 631 453 9 514 463 10 395 305 
8 8 35 0.700000 0 5 0 0 1.092428 2 1 8 528 474 5 445 303 1 588 320 10 621 391 4 402 462 NA NA NA NA NA NA NA NA NA 
8 8 36 0.700000 0 2 1 1 0.470222 1 6 1 417 460 10 575 321 NA NA NA NA NA NA NA NA NA NA NA NA NA NA NA NA NA NA 
8 8 37 0.700000 0 2 1 1 0.375352 0 3 6 422 430 2 557 308 NA NA NA NA NA NA NA NA NA NA NA NA NA NA NA NA NA NA 
8 8 38 0.700000 0 8 1 1 1.005260 4 10 7 601 335 4 500 312 9 451 362 2 570 451 1 388 326 6 446 460 3 387 467 5 615 401 
8 8 39 0.700000 0 8 1 1 0.472388 5 5 2 620 307 9 557 326 4 544 456 3 445 385 10 592 403 7 495 313 1 410 459 6 482 466 
8 8 40 0.700000 0 5 1 1 0.401980 2 2 10 559 321 3 448 396 7 472 460 1 623 305 6 392 414 NA NA NA NA NA NA NA NA NA 
8 8 41 0.700000 0 2 1 1 0.422704 0 6 2 440 316 7 484 455 NA NA NA NA NA NA NA NA NA NA NA NA NA NA NA NA NA NA 
8 8 42 0.700000 0 5 0 0 1.601734 0 10 10 597 310 1 603 449 2 394 315 3 426 424 7 539 326 NA NA NA NA NA NA NA NA NA 
8 8 43 0.700000 0 2 1 1 0.374064 1 9 10 391 416 2 564 321 NA NA NA NA NA NA NA NA NA NA NA NA NA NA NA NA NA NA 
8 8 44 0.700000 0 8 1 1 0.630802 6 10 2 512 297 6 438 317 3 627 433 8 408 422 5 552 450 7 563 325 9 485 467 4 620 341 
8 8 45 0.700000 0 8 1 1 0.247984 7 2 9 452 380 3 396 411 7 572 320 5 396 296 6 472 306 4 528 442 1 635 345 8 578 391 
8 8 46 0.700000 0 2 0 0 1.022769 0 4 4 425 323 8 481 297 NA NA NA NA NA NA NA NA NA NA NA NA NA NA NA NA NA NA 
8 8 47 0.700000 0 2 1 1 0.559461 0 8 4 608 348 2 420 414 NA NA NA NA NA NA NA NA NA NA NA NA NA NA NA NA NA NA 
8 8 48 0.700000 0 5 1 1 0.468176 3 10 7 404 320 3 441 408 6 582 395 2 517 313 8 551 466 NA NA NA NA NA NA NA NA NA 
8 8 49 0.700000 0 2 1 1 0.424458 1 5 8 612 388 3 445 407 NA NA NA NA NA NA NA NA NA NA NA NA NA NA NA NA NA NA 
8 8 50 0.700000 0 5 1 1 0.371593 0 8 10 391 320 9 467 338 3 603 439 5 423 414 7 574 295 NA NA NA NA NA NA NA NA NA 
8 8 51 0.700000 0 5 1 1 0.349721 2 9 2 569 458 5 616 308 7 423 295 8 397 388 1 607 376 NA NA NA NA NA NA NA NA NA 
8 8 52 0.700000 0 8 0 1 0.425847 3 1 2 440 392 4 558 299 9 594 349 1 443 467 10 465 317 8 513 451 3 590 467 6 637 299 
8 8 53 0.700000 0 2 1 1 0.468192 1 4 6 482 443 9 563 323 NA NA NA NA NA NA NA NA NA NA NA NA NA NA NA NA NA NA 
8 8 54 0.700000 0 2 1 1 0.455442 1 4 1 498 312 9 633 454 NA NA NA NA NA NA NA NA NA NA NA NA NA NA NA NA NA NA 
8 8 55 0.700000 0 5 0 0 1.495466 4 6 4 557 343 9 475 445 3 585 469 2 407 394 6 411 336 NA NA NA NA NA NA NA NA NA 
8 8 56 0.700000 0 8 1 1 0.384287 7 6 10 623 404 2 578 310 7 516 464 4 398 304 8 446 461 5 422 358 1 565 417 9 507 302 
8 8 57 0.700000 0 2 0 0 1.039434 0 8 8 447 436 7 576 388 NA NA NA NA NA NA NA NA NA NA NA NA NA NA NA NA NA NA 
8 8 58 0.700000 0 5 1 1 0.383257 1 6 9 613 420 3 538 300 10 446 449 1 558 444 4 465 322 NA NA NA NA NA NA NA NA NA 
8 8 59 0.700000 0 5 0 0 1.087236 2 2 4 420 440 6 603 449 2 478 294 5 401 329 9 487 441 NA NA NA NA NA NA NA NA NA 
