4 0 0 0.300000 0 2 1 1 1.010580 1 10 5 467 472 6 409 348 NA NA NA NA NA NA NA NA NA NA NA NA NA NA NA NA NA NA 
4 0 1 0.300000 0 5 1 1 1.243812 1 4 7 575 473 1 583 396 8 585 305 6 488 299 10 432 474 NA NA NA NA NA NA NA NA NA 
4 0 2 0.300000 0 5 0 0 1.049108 0 10 10 592 386 3 399 367 5 548 474 1 460 464 7 489 301 NA NA NA NA NA NA NA NA NA 
4 0 3 0.300000 0 2 0 0 1.208581 0 10 10 580 322 9 521 453 NA NA NA NA NA NA NA NA NA NA NA NA NA NA NA NA NA NA 
4 0 4 0.300000 0 8 0 0 1.098257 3 6 4 484 452 3 459 306 5 588 402 6 400 332 8 591 331 2 598 467 1 425 455 10 525 314 
4 0 5 0.300000 0 2 0 0 0.691378 1 1 8 596 402 1 451 316 NA NA NA NA NA NA NA NA NA NA NA NA NA NA NA NA NA NA 
4 0 6 0.300000 0 2 0 0 1.052368 0 6 6 636 317 8 568 318 NA NA NA NA NA NA NA NA NA NA NA NA NA NA NA NA NA NA 
4 0 7 0.300000 0 8 1 1 1.081339 1 5 8 620 398 9 420 454 3 413 360 7 529 320 10 546 436 4 630 331 2 601 461 6 569 366 
4 0 8 0.300000 0 8 0 1 1.069160 5 4 9 497 453 8 391 466 3 522 303 6 626 474 10 637 395 4 439 304 5 403 396 7 615 316 
4 0 9 0.300000 0 2 1 1 1.002899 1 4 3 415 351 1 451 403 NA NA NA NA NA NA NA NA NA NA NA NA NA NA NA NA NA NA 
4 0 10 0.300000 0 5 0 0 1.268074 3 8 3 460 344 9 492 474 6 399 316 8 501 294 1 583 344 NA NA NA NA NA NA NA NA NA 
4 0 11 0.300000 0 5 0 0 0.978071 1 1 7 623 450 1 435 330 8 636 327 10 538 302 6 389 450 NA NA NA NA NA NA NA NA NA 
4 0 12 0.300000 0 2 0 0 0.912065 0 5 5 611 301 2 493 316 NA NA NA NA NA NA NA NA NA NA NA NA NA NA NA NA NA NA 
4 0 13 0.300000 0 5 0 0 0.739933 4 3 9 630 429 10 511 454 5 417 411 1 596 360 3 462 339 NA NA NA NA NA NA NA NA NA 
4 0 14 0.300000 0 5 1 1 0.956095 1 9 1 596 310 10 598 380 6 448 383 5 446 443 8 488 325 NA NA NA NA NA NA NA NA NA 
4 0 15 0.300000 0 8 0 0 1.515004 4 1 7 600 440 10 428 395 3 607 329 4 459 455 1 532 462 2 400 296 6 492 306 9 389 442 
4 0 16 0.300000 0 2 0 0 0.694089 0 5 5 433 423 4 470 313 NA NA NA NA NA NA NA NA NA NA NA NA NA NA NA NA NA NA 
4 0 17 0.300000 0 5 1 0 1.630486 1 1 8 421 421 6 570 353 9 397 314 4 621 457 2 530 300 NA NA NA NA NA NA NA NA NA 
4 0 18 0.300000 0 8 0 0 0.855418 6 7 5 629 406 10 565 295 2 580 469 9 449 429 1 509 326 4 416 361 7 629 337 6 431 294 
4 0 19 0.300000 0 8 0 0 0.641868 7 5 7 403 432 4 563 420 3 515 309 1 630 406 8 446 360 2 611 322 6 392 311 5 489 442 
4 0 20 0.300000 0 8 1 1 0.728150 7 3 5 619 383 4 471 465 2 395 401 6 514 295 10 434 296 7 559 419 1 591 325 9 475 339 
4 0 21 0.300000 0 5 0 0 1.153040 3 7 8 488 319 5 424 342 10 617 400 7 538 472 4 430 436 NA NA NA NA NA NA NA NA NA 
4 0 22 0.300000 0 2 1 1 0.647625 0 8 6 530 305 7 600 362 NA NA NA NA NA NA NA NA NA NA NA NA NA NA NA NA NA NA 
4 0 23 0.300000 0 8 0 0 0.833786 3 2 5 592 468 8 448 452 10 585 358 2 626 305 6 393 357 9 512 462 3 545 314 1 394 298 
4 0 24 0.300000 0 2 0 0 0.944735 1 9 6 480 320 9 628 420 NA NA NA NA NA NA NA NA NA NA NA NA NA NA NA NA NA NA 
4 0 25 0.300000 0 8 0 0 0.771252 6 5 6 631 417 8 601 294 1 571 440 7 407 375 9 451 329 4 454 432 5 536 297 3 621 357 
4 0 26 0.300000 0 5 0 0 0.562340 3 3 4 628 381 10 452 414 8 544 457 3 451 331 9 630 311 NA NA NA NA NA NA NA NA NA 
4 0 27 0.300000 0 2 0 0 0.477687 0 7 7 603 439 1 448 384 NA NA NA NA NA NA NA NA NA NA NA NA NA NA NA NA NA NA 
4 0 28 0.300000 0 5 0 0 0.638558 2 4 7 416 303 3 573 415 4 431 380 10 504 304 2 489 464 NA NA NA NA NA NA NA NA NA 
4 0 29 0.300000 0 8 0 0 1.381296 4 6 9 584 330 1 417 429 3 612 419 8 470 302 6 511 471 4 403 359 5 577 474 2 399 300 
4 0 30 0.300000 0 8 0 0 0.544953 7 3 4 591 296 6 579 380 8 425 429 10 388 323 5 522 318 2 623 444 1 481 448 3 628 347 
4 0 31 0.300000 0 8 0 0 0.739122 4 7 1 413 406 3 463 341 6 402 348 2 630 369 7 635 300 10 557 472 5 577 403 8 554 311 
4 0 32 0.300000 0 8 1 1 1.025370 6 7 10 566 297 8 440 359 5 617 467 4 625 359 1 441 419 9 495 457 6 402 312 2 569 401 
4 0 33 0.300000 0 5 0 0 0.757769 1 10 7 612 445 10 443 470 8 445 395 4 583 359 1 550 465 NA NA NA NA NA NA NA NA NA 
4 0 34 0.300000 0 8 0 0 0.697286 7 3 8 471 431 2 531 316 5 395 384 6 609 314 1 391 307 4 522 474 7 584 380 3 470 303 
4 0 35 0.300000 0 8 0 0 0.725368 6 5 7 453 316 1 410 401 3 459 441 9 613 381 6 572 315 2 563 453 5 631 459 4 398 343 
4 0 36 0.300000 0 2 0 0 0.472035 1 6 1 594 443 6 442 313 NA NA NA NA NA NA NA NA NA NA NA NA NA NA NA NA NA NA 
4 0 37 0.300000 0 5 1 1 0.784476 2 7 5 610 448 3 407 321 6 570 354 2 550 439 4 455 424 NA NA NA NA NA NA NA NA NA 
4 0 38 0.300000 0 5 0 0 0.593876 3 7 5 608 313 9 403 404 4 470 446 7 400 297 1 459 347 NA NA NA NA NA NA NA NA NA 
4 0 39 0.300000 0 5 0 0 1.146566 0 4 4 443 364 1 438 452 8 635 419 7 455 307 9 575 441 NA NA NA NA NA NA NA NA NA 
4 0 40 0.300000 0 8 1 1 1.448608 2 5 6 602 326 9 433 346 10 413 462 2 574 427 7 623 468 8 515 447 3 470 294 1 628 386 
4 0 41 0.300000 0 2 0 0 0.526556 0 1 1 442 298 6 592 324 NA NA NA NA NA NA NA NA NA NA NA NA NA NA NA NA NA NA 
4 0 42 0.300000 0 2 1 1 1.108281 1 10 4 393 453 7 485 442 NA NA NA NA NA NA NA NA NA NA NA NA NA NA NA NA NA NA 
4 0 43 0.300000 0 5 0 0 0.796133 1 9 6 609 469 9 392 388 3 470 328 5 628 354 1 557 302 NA NA NA NA NA NA NA NA NA 
4 0 44 0.300000 0 8 1 1 0.843120 3 1 9 519 455 5 577 425 3 632 405 7 421 338 6 440 410 2 611 328 8 482 295 10 398 458 
4 0 45 0.300000 0 2 0 0 0.570077 0 6 6 578 444 8 607 303 NA NA NA NA NA NA NA NA NA NA NA NA NA NA NA NA NA NA 
4 0 46 0.300000 0 8 0 0 1.523237 3 9 6 409 403 8 492 313 7 628 329 9 426 339 4 439 471 3 525 464 2 626 459 10 571 361 
4 0 47 0.300000 0 8 0 0 1.279875 6 2 10 387 398 9 562 297 6 566 355 5 454 371 7 455 310 8 627 464 2 423 462 4 629 303 
4 0 48 0.300000 0 2 0 0 0.479025 0 8 8 633 322 10 629 435 NA NA NA NA NA NA NA NA NA NA NA NA NA NA NA NA NA NA 
4 0 49 0.300000 0 5 0 0 0.561937 2 2 8 636 308 5 629 410 2 409 428 1 562 421 4 555 304 NA NA NA NA NA NA NA NA NA 
4 0 50 0.300000 0 2 0 0 0.625954 0 7 7 510 473 6 450 389 NA NA NA NA NA NA NA NA NA NA NA NA NA NA NA NA NA NA 
4 0 51 0.300000 0 2 1 1 0.880264 1 7 4 591 389 2 487 299 NA NA NA NA NA NA NA NA NA NA NA NA NA NA NA NA NA NA 
4 0 52 0.300000 0 5 0 0 0.876529 4 6 7 597 342 3 397 325 10 476 443 5 505 297 6 422 384 NA NA NA NA NA NA NA NA NA 
4 0 53 0.300000 0 8 1 1 0.802574 2 9 10 546 438 7 466 455 6 636 473 2 619 401 1 402 342 5 471 312 4 396 408 3 564 354 
4 0 54 0.300000 0 2 0 0 0.644375 0 4 4 610 441 3 596 346 NA NA NA NA NA NA NA NA NA NA NA NA NA NA NA NA NA NA 
4 0 55 0.300000 0 2 0 0 0.531433 0 9 9 427 309 6 570 325 NA NA NA NA NA NA NA NA NA NA NA NA NA NA NA NA NA NA 
4 0 56 0.300000 0 5 1 1 0.780249 3 1 10 537 313 4 512 464 6 388 372 7 599 452 9 605 319 NA NA NA NA NA NA NA NA NA 
4 0 57 0.300000 0 2 1 1 0.882197 1 3 1 552 454 7 611 330 NA NA NA NA NA NA NA NA NA NA NA NA NA NA NA NA NA NA 
4 0 58 0.300000 0 5 1 1 0.995095 1 6 3 443 377 7 487 455 8 581 449 10 444 307 9 606 311 NA NA NA NA NA NA NA NA NA 
4 0 59 0.300000 0 5 0 0 0.672085 3 9 5 423 330 6 524 456 10 618 308 9 390 435 2 619 394 NA NA NA NA NA NA NA NA NA 
4 1 0 0.700000 0 5 1 1 0.884753 2 5 9 576 396 7 430 365 2 532 327 10 511 472 4 477 304 NA NA NA NA NA NA NA NA NA 
4 1 1 0.700000 0 8 0 0 0.913878 3 5 8 557 430 9 581 356 7 458 350 5 448 417 1 629 301 6 400 372 2 404 474 4 417 307 
4 1 2 0.700000 0 2 1 1 0.785249 0 5 3 388 459 9 632 394 NA NA NA NA NA NA NA NA NA NA NA NA NA NA NA NA NA NA 
4 1 3 0.700000 0 5 1 1 0.757281 1 3 2 544 468 1 631 321 4 432 389 7 635 394 9 563 300 NA NA NA NA NA NA NA NA NA 
4 1 4 0.700000 0 2 1 1 0.432558 1 9 10 436 328 6 550 458 NA NA NA NA NA NA NA NA NA NA NA NA NA NA NA NA NA NA 
4 1 5 0.700000 0 2 1 1 0.554616 0 1 10 441 466 6 387 330 NA NA NA NA NA NA NA NA NA NA NA NA NA NA NA NA NA NA 
4 1 6 0.700000 0 8 0 0 1.349491 2 6 10 589 410 2 610 315 6 421 451 9 542 311 4 525 445 7 390 379 8 388 309 3 485 327 
4 1 7 0.700000 0 2 0 0 1.017149 0 7 7 426 379 5 396 437 NA NA NA NA NA NA NA NA NA NA NA NA NA NA NA NA NA NA 
4 1 8 0.700000 0 5 0 0 2.439351 1 6 7 625 460 6 606 385 3 413 449 4 615 306 9 404 374 NA NA NA NA NA NA NA NA NA 
4 1 9 0.700000 0 5 0 0 1.067369 4 2 3 604 330 8 620 411 1 420 302 7 395 379 2 400 454 NA NA NA NA NA NA NA NA NA 
4 1 10 0.700000 0 2 1 1 0.664952 1 10 7 622 438 5 636 294 NA NA NA NA NA NA NA NA NA NA NA NA NA NA NA NA NA NA 
4 1 11 0.700000 0 8 1 0 4.258862 2 6 4 587 356 7 423 321 3 626 454 10 552 436 9 514 295 8 406 415 2 473 433 1 633 296 
4 1 12 0.700000 0 5 1 1 1.354892 4 7 4 579 460 10 392 416 8 625 375 3 398 302 2 468 313 NA NA NA NA NA NA NA NA NA 
4 1 13 0.700000 0 5 1 1 0.500794 4 7 9 417 409 10 557 298 4 500 455 8 607 470 1 600 403 NA NA NA NA NA NA NA NA NA 
4 1 14 0.700000 0 2 0 0 0.839117 0 9 9 635 370 8 432 403 NA NA NA NA NA NA NA NA NA NA NA NA NA NA NA NA NA NA 
4 1 15 0.700000 0 2 1 1 0.431286 0 1 9 442 442 6 415 389 NA NA NA NA NA NA NA NA NA NA NA NA NA NA NA NA NA NA 
4 1 16 0.700000 0 2 0 0 0.672747 0 3 3 606 347 5 612 413 NA NA NA NA NA NA NA NA NA NA NA NA NA NA NA NA NA NA 
4 1 17 0.700000 0 8 0 0 0.758370 4 7 5 607 377 4 387 309 1 619 435 9 475 310 7 501 471 8 436 365 3 562 307 2 406 422 
4 1 18 0.700000 0 8 1 1 1.452974 3 7 6 600 472 2 390 396 9 424 474 8 407 317 3 500 471 1 629 363 4 575 325 10 548 435 
4 1 19 0.700000 0 8 1 1 0.639692 5 9 6 436 334 8 625 449 2 491 299 4 390 385 7 537 472 10 589 311 5 440 454 1 635 359 
4 1 20 0.700000 0 2 1 1 0.424164 0 1 3 605 319 8 432 435 NA NA NA NA NA NA NA NA NA NA NA NA NA NA NA NA NA NA 
4 1 21 0.700000 0 5 1 1 0.514274 2 6 2 451 469 9 604 424 7 497 310 8 404 407 5 589 296 NA NA NA NA NA NA NA NA NA 
4 1 22 0.700000 0 5 0 0 1.163981 4 2 9 398 352 7 593 394 3 446 413 5 612 317 2 481 303 NA NA NA NA NA NA NA NA NA 
4 1 23 0.700000 0 8 1 0 0.850373 6 2 5 431 337 10 550 456 6 582 387 8 490 464 7 589 321 9 528 326 4 431 401 3 636 452 
4 1 24 0.700000 0 8 1 1 1.320815 2 7 1 423 470 10 441 301 4 448 417 3 507 311 2 623 386 9 582 438 8 399 342 6 574 353 
4 1 25 0.700000 0 2 1 1 0.662970 1 9 2 413 388 4 387 472 NA NA NA NA NA NA NA NA NA NA NA NA NA NA NA NA NA NA 
4 1 26 0.700000 0 8 1 1 0.370871 2 1 7 619 308 10 563 468 9 436 450 3 433 378 5 629 470 2 519 320 4 425 313 6 576 392 
4 1 27 0.700000 0 5 1 1 0.734991 1 2 9 601 430 10 405 357 7 438 467 4 581 333 8 538 466 NA NA NA NA NA NA NA NA NA 
4 1 28 0.700000 0 2 1 1 0.554313 1 8 2 627 451 7 459 360 NA NA NA NA NA NA NA NA NA NA NA NA NA NA NA NA NA NA 
4 1 29 0.700000 0 8 1 1 0.554145 4 3 9 599 419 7 562 305 10 492 460 5 627 346 1 413 468 8 418 308 6 428 370 2 492 298 
4 1 30 0.700000 0 5 0 1 0.659848 0 1 1 596 474 8 461 427 4 600 366 2 458 331 5 533 447 NA NA NA NA NA NA NA NA NA 
4 1 31 0.700000 0 8 0 0 1.025505 2 8 9 509 453 5 389 461 8 626 456 3 626 331 6 407 330 2 591 388 10 423 386 1 542 315 
4 1 32 0.700000 0 8 0 1 0.756637 0 7 7 590 417 4 423 378 5 425 300 8 612 336 9 465 455 2 624 471 6 499 305 3 541 469 
4 1 33 0.700000 0 8 1 1 0.640860 7 1 5 592 342 3 444 454 8 598 470 7 450 299 10 387 296 4 454 378 2 580 408 6 394 405 
4 1 34 0.700000 0 2 1 1 0.887224 0 7 2 403 310 3 568 453 NA NA NA NA NA NA NA NA NA NA NA NA NA NA NA NA NA NA 
4 1 35 0.700000 0 8 0 1 1.132481 4 4 5 561 465 7 625 412 6 448 347 9 455 471 4 395 472 8 430 408 3 595 334 1 516 297 
4 1 36 0.700000 0 5 0 1 2.711689 1 7 1 460 414 7 591 378 8 480 314 6 629 472 9 554 458 NA NA NA NA NA NA NA NA NA 
4 1 37 0.700000 0 8 1 1 0.581442 4 9 3 416 319 4 501 455 7 619 342 1 589 416 5 431 416 2 398 464 8 554 294 6 482 297 
4 1 38 0.700000 0 2 1 1 0.502475 1 6 7 423 392 1 494 312 NA NA NA NA NA NA NA NA NA NA NA NA NA NA NA NA NA NA 
4 1 39 0.700000 0 8 1 1 2.303766 7 5 2 462 445 1 598 375 3 390 437 10 594 439 6 442 373 8 502 301 4 619 315 9 564 294 
4 1 40 0.700000 0 5 1 1 0.616665 0 6 3 433 352 9 588 312 2 481 313 7 599 468 8 393 473 NA NA NA NA NA NA NA NA NA 
4 1 41 0.700000 0 5 1 1 0.755764 2 10 1 581 331 6 623 456 9 610 393 5 395 297 7 437 468 NA NA NA NA NA NA NA NA NA 
4 1 42 0.700000 0 2 1 1 0.493689 1 2 9 485 445 10 453 302 NA NA NA NA NA NA NA NA NA NA NA NA NA NA NA NA NA NA 
4 1 43 0.700000 0 5 1 1 0.646873 3 7 4 452 363 5 420 414 1 390 310 8 510 299 9 621 409 NA NA NA NA NA NA NA NA NA 
4 1 44 0.700000 0 5 0 0 0.706937 3 4 8 434 407 2 400 348 3 613 313 4 461 331 5 486 447 NA NA NA NA NA NA NA NA NA 
4 1 45 0.700000 0 8 1 1 0.660120 6 8 9 401 447 2 619 308 1 629 459 5 531 473 3 581 408 7 454 472 10 435 349 6 396 301 
4 1 46 0.700000 0 5 1 1 0.924821 4 8 3 530 308 4 430 448 10 615 471 7 580 385 6 388 404 NA NA NA NA NA NA NA NA NA 
4 1 47 0.700000 0 5 1 1 0.563751 2 8 9 387 323 4 408 424 5 570 294 6 582 368 10 612 463 NA NA NA NA NA NA NA NA NA 
4 1 48 0.700000 0 5 1 1 0.591202 1 6 10 618 383 8 538 326 7 394 463 5 632 472 2 413 335 NA NA NA NA NA NA NA NA NA 
4 1 49 0.700000 0 2 1 1 0.447495 1 4 5 517 319 3 449 462 NA NA NA NA NA NA NA NA NA NA NA NA NA NA NA NA NA NA 
4 1 50 0.700000 0 2 0 0 1.115571 1 10 7 576 438 10 404 329 NA NA NA NA NA NA NA NA NA NA NA NA NA NA NA NA NA NA 
4 1 51 0.700000 0 2 1 1 0.684948 0 2 4 611 420 7 433 436 NA NA NA NA NA NA NA NA NA NA NA NA NA NA NA NA NA NA 
4 1 52 0.700000 0 2 0 0 0.682226 1 3 6 533 442 3 439 338 NA NA NA NA NA NA NA NA NA NA NA NA NA NA NA NA NA NA 
4 1 53 0.700000 0 8 1 1 1.485076 1 7 2 535 441 6 585 379 5 411 335 10 590 470 1 424 392 3 470 460 8 631 317 4 470 321 
4 1 54 0.700000 0 8 1 1 0.660785 5 2 6 400 339 3 592 406 4 449 449 10 607 319 1 514 449 8 609 463 9 489 328 5 437 294 
4 1 55 0.700000 0 2 1 1 0.528310 1 1 8 407 406 4 591 457 NA NA NA NA NA NA NA NA NA NA NA NA NA NA NA NA NA NA 
4 1 56 0.700000 0 5 1 1 0.621558 3 2 9 549 446 3 407 448 1 619 339 8 472 437 7 629 456 NA NA NA NA NA NA NA NA NA 
4 1 57 0.700000 0 2 0 0 0.777192 0 2 2 617 335 5 559 311 NA NA NA NA NA NA NA NA NA NA NA NA NA NA NA NA NA NA 
4 1 58 0.700000 0 5 1 1 0.598743 4 1 9 571 312 2 511 457 7 432 324 4 617 416 3 415 407 NA NA NA NA NA NA NA NA NA 
4 1 59 0.700000 0 8 1 1 0.639035 6 10 4 633 301 5 394 464 9 404 366 8 589 379 2 483 313 6 600 438 7 474 432 1 571 312 
4 2 0 0.300000 0 8 0 1 2.330262 7 10 2 418 337 3 564 426 7 605 383 5 414 420 1 550 324 6 621 303 4 460 464 10 624 441 
4 2 1 0.300000 0 5 1 1 1.346496 4 9 10 509 469 5 440 297 8 605 311 1 607 415 7 392 352 NA NA NA NA NA NA NA NA NA 
4 2 2 0.300000 0 2 0 0 0.709879 0 3 3 591 375 8 426 339 NA NA NA NA NA NA NA NA NA NA NA NA NA NA NA NA NA NA 
4 2 3 0.300000 0 8 0 0 0.822981 6 4 9 564 453 7 416 474 5 393 340 3 603 332 8 494 299 10 452 399 4 634 453 2 484 462 
4 2 4 0.300000 0 5 1 1 1.054747 0 1 5 610 353 2 533 451 9 414 379 3 462 303 4 473 474 NA NA NA NA NA NA NA NA NA 
4 2 5 0.300000 0 5 0 1 3.515317 0 3 3 572 466 6 453 338 10 514 305 5 570 388 7 592 330 NA NA NA NA NA NA NA NA NA 
4 2 6 0.300000 0 8 0 0 0.421080 0 4 4 403 422 6 455 345 7 618 400 10 577 350 5 564 440 2 506 469 9 393 353 8 636 459 
4 2 7 0.300000 0 2 1 1 1.214136 0 10 9 462 473 4 572 369 NA NA NA NA NA NA NA NA NA NA NA NA NA NA NA NA NA NA 
4 2 8 0.300000 0 2 1 1 0.873004 1 4 2 418 299 1 440 420 NA NA NA NA NA NA NA NA NA NA NA NA NA NA NA NA NA NA 
4 2 9 0.300000 0 8 0 0 1.014234 6 8 2 531 311 5 591 419 4 409 330 6 635 338 3 537 460 7 438 431 8 571 356 9 465 308 
4 2 10 0.300000 0 8 0 1 0.767154 0 9 9 566 467 10 569 400 1 446 358 2 403 464 5 630 317 6 493 461 4 448 423 8 552 332 
4 2 11 0.300000 0 5 1 1 0.816391 3 2 1 442 397 3 390 370 5 508 323 7 543 472 4 490 441 NA NA NA NA NA NA NA NA NA 
4 2 12 0.300000 0 2 0 0 0.485706 0 4 4 436 294 1 537 464 NA NA NA NA NA NA NA NA NA NA NA NA NA NA NA NA NA NA 
4 2 13 0.300000 0 5 0 0 0.628953 2 1 3 480 466 6 565 319 1 423 397 5 444 323 9 568 405 NA NA NA NA NA NA NA NA NA 
4 2 14 0.300000 0 5 0 0 0.709043 2 10 7 413 443 1 607 428 10 516 295 9 429 319 5 489 464 NA NA NA NA NA NA NA NA NA 
4 2 15 0.300000 0 2 0 0 0.494919 0 7 7 622 430 5 518 322 NA NA NA NA NA NA NA NA NA NA NA NA NA NA NA NA NA NA 
4 2 16 0.300000 0 5 1 1 1.027020 3 2 5 637 357 4 405 446 7 555 304 1 419 334 3 577 419 NA NA NA NA NA NA NA NA NA 
4 2 17 0.300000 0 5 0 0 1.150557 3 6 2 605 385 8 433 297 3 420 470 6 605 466 4 551 311 NA NA NA NA NA NA NA NA NA 
4 2 18 0.300000 0 2 0 0 0.505977 1 10 4 568 321 10 449 399 NA NA NA NA NA NA NA NA NA NA NA NA NA NA NA NA NA NA 
4 2 19 0.300000 0 8 1 1 1.153698 2 6 1 450 423 8 529 323 5 420 320 4 622 382 9 544 471 7 591 294 10 401 474 3 598 440 
4 2 20 0.300000 0 2 0 0 0.400935 1 5 1 571 369 5 433 350 NA NA NA NA NA NA NA NA NA NA NA NA NA NA NA NA NA NA 
4 2 21 0.300000 0 8 0 0 1.181764 7 1 8 623 315 9 415 297 4 573 463 5 440 447 6 610 397 7 461 339 10 526 296 1 404 377 
4 2 22 0.300000 0 8 1 1 1.195635 4 7 6 608 390 1 593 305 10 399 474 9 495 320 8 546 474 5 413 325 4 451 383 2 603 454 
4 2 23 0.300000 0 8 1 1 1.020287 5 9 5 589 340 4 426 452 2 627 407 7 407 385 6 542 441 3 458 303 1 605 464 10 530 304 
4 2 24 0.300000 0 2 0 0 0.706550 0 10 10 450 325 1 620 387 NA NA NA NA NA NA NA NA NA NA NA NA NA NA NA NA NA NA 
4 2 25 0.300000 0 5 0 0 0.620064 2 6 2 453 467 5 555 315 6 538 443 8 618 464 1 424 370 NA NA NA NA NA NA NA NA NA 
4 2 26 0.300000 0 5 0 0 0.654768 1 8 2 424 428 8 610 378 5 419 332 9 545 303 7 536 462 NA NA NA NA NA NA NA NA NA 
4 2 27 0.300000 0 5 0 0 0.707857 0 2 2 608 337 8 434 351 9 522 466 1 508 298 7 593 399 NA NA NA NA NA NA NA NA NA 
4 2 28 0.300000 0 5 0 0 0.737644 0 9 9 500 461 8 592 449 4 400 344 10 462 318 6 424 427 NA NA NA NA NA NA NA NA NA 
4 2 29 0.300000 0 2 0 0 0.442401 0 1 1 408 456 9 462 308 NA NA NA NA NA NA NA NA NA NA NA NA NA NA NA NA NA NA 
4 2 30 0.300000 0 2 0 0 0.771091 1 3 8 435 427 3 430 337 NA NA NA NA NA NA NA NA NA NA NA NA NA NA NA NA NA NA 
4 2 31 0.300000 0 2 0 0 1.074999 1 4 5 406 436 4 620 430 NA NA NA NA NA NA NA NA NA NA NA NA NA NA NA NA NA NA 
4 2 32 0.300000 0 2 0 0 0.444590 1 5 3 456 324 5 597 331 NA NA NA NA NA NA NA NA NA NA NA NA NA NA NA NA NA NA 
4 2 33 0.300000 0 5 0 0 2.006850 1 5 1 570 294 5 427 318 10 627 407 2 457 417 7 484 306 NA NA NA NA NA NA NA NA NA 
4 2 34 0.300000 0 2 1 1 0.607860 0 3 6 486 469 4 407 359 NA NA NA NA NA NA NA NA NA NA NA NA NA NA NA NA NA NA 
4 2 35 0.300000 0 8 1 1 0.659912 2 5 6 551 431 10 526 298 4 629 302 7 617 379 1 504 467 3 429 438 9 397 382 8 405 312 
4 2 36 0.300000 0 8 0 0 1.318291 7 10 8 524 311 4 459 358 5 570 396 7 419 419 2 392 314 3 538 456 9 623 312 10 609 452 
4 2 37 0.300000 0 5 1 1 1.145261 3 9 7 450 389 5 636 426 10 602 315 4 602 376 8 478 471 NA NA NA NA NA NA NA NA NA 
4 2 38 0.300000 0 8 0 0 0.536460 0 3 3 461 474 6 453 382 5 633 373 8 434 296 1 543 331 4 605 462 9 387 340 2 493 298 
4 2 39 0.300000 0 5 0 1 0.800727 2 4 1 501 473 3 621 297 4 621 409 9 452 351 5 411 397 NA NA NA NA NA NA NA NA NA 
4 2 40 0.300000 0 5 1 1 0.614448 3 3 1 616 346 7 563 418 5 433 409 10 448 467 6 539 329 NA NA NA NA NA NA NA NA NA 
4 2 41 0.300000 0 8 0 1 0.619571 7 7 8 442 319 10 481 456 5 430 399 1 569 425 6 614 368 3 544 311 2 416 456 7 626 451 
4 2 42 0.300000 0 2 0 0 0.900475 1 10 8 400 468 10 612 400 NA NA NA NA NA NA NA NA NA NA NA NA NA NA NA NA NA NA 
4 2 43 0.300000 0 2 0 0 0.481063 0 3 3 390 421 5 588 326 NA NA NA NA NA NA NA NA NA NA NA NA NA NA NA NA NA NA 
4 2 44 0.300000 0 5 0 0 0.647358 0 2 2 460 416 3 603 382 10 512 304 8 591 314 6 400 324 NA NA NA NA NA NA NA NA NA 
4 2 45 0.300000 0 2 1 1 0.866187 0 1 9 487 320 8 610 418 NA NA NA NA NA NA NA NA NA NA NA NA NA NA NA NA NA NA 
4 2 46 0.300000 0 8 1 1 0.738069 0 6 3 436 366 7 603 415 2 399 295 1 588 340 9 488 443 10 420 431 5 536 302 8 472 295 
4 2 47 0.300000 0 8 0 0 0.621800 1 6 10 438 440 6 453 383 4 616 423 9 398 311 7 634 315 5 545 445 1 560 335 3 459 296 
4 2 48 0.300000 0 5 0 0 1.351690 1 3 7 566 453 3 550 333 6 396 388 2 394 330 1 451 425 NA NA NA NA NA NA NA NA NA 
4 2 49 0.300000 0 5 0 0 0.675651 2 10 2 449 405 3 421 463 10 516 451 1 580 352 4 451 336 NA NA NA NA NA NA NA NA NA 
4 2 50 0.300000 0 8 0 0 0.680276 0 8 8 405 356 6 626 377 3 517 303 1 582 435 4 451 411 7 563 340 9 425 299 5 445 473 
4 2 51 0.300000 0 8 0 0 0.552344 5 1 2 439 429 5 550 447 6 462 319 7 617 448 10 576 378 1 388 400 9 495 472 8 626 315 
4 2 52 0.300000 0 2 0 0 0.570870 1 10 5 392 425 10 403 333 NA NA NA NA NA NA NA NA NA NA NA NA NA NA NA NA NA NA 
4 2 53 0.300000 0 2 1 1 1.245880 1 4 8 569 426 3 637 367 NA NA NA NA NA NA NA NA NA NA NA NA NA NA NA NA NA NA 
4 2 54 0.300000 0 8 0 0 0.921631 2 2 4 558 442 8 474 312 2 431 465 5 580 380 3 617 428 6 447 373 9 586 320 10 490 448 
4 2 55 0.300000 0 2 1 0 0.497057 1 2 9 441 374 7 430 439 NA NA NA NA NA NA NA NA NA NA NA NA NA NA NA NA NA NA 
4 2 56 0.300000 0 8 1 1 0.661744 6 2 7 550 309 1 442 386 3 499 473 4 554 446 6 475 307 9 619 365 8 387 317 5 445 447 
4 2 57 0.300000 0 2 0 0 0.550271 0 4 4 568 348 8 634 432 NA NA NA NA NA NA NA NA NA NA NA NA NA NA NA NA NA NA 
4 2 58 0.300000 0 8 0 0 1.109133 3 7 9 627 438 3 414 369 4 492 454 7 576 340 1 409 430 8 552 429 2 636 340 10 404 305 
4 2 59 0.300000 0 5 0 0 0.520596 0 5 5 635 303 8 537 459 7 419 358 4 553 301 10 454 450 NA NA NA NA NA NA NA NA NA 
4 3 0 0.700000 0 5 1 1 0.466601 0 9 1 472 456 2 597 383 8 409 342 4 451 386 7 505 296 NA NA NA NA NA NA NA NA NA 
4 3 1 0.700000 0 8 1 1 0.410880 5 10 9 632 387 6 621 454 4 567 319 5 461 334 1 394 374 3 514 472 8 447 472 7 388 310 
4 3 2 0.700000 0 8 0 1 0.451750 5 1 9 626 467 7 408 459 4 561 296 3 494 466 6 630 323 1 435 347 8 623 402 2 557 438 
4 3 3 0.700000 0 5 1 1 0.597041 1 5 9 575 409 7 560 300 10 407 448 4 629 310 2 441 370 NA NA NA NA NA NA NA NA NA 
4 3 4 0.700000 0 5 1 1 0.617436 2 3 10 491 452 6 426 371 9 490 315 1 608 305 7 572 460 NA NA NA NA NA NA NA NA NA 
4 3 5 0.700000 0 8 1 1 0.623323 7 6 3 402 297 10 435 450 8 409 378 5 612 385 9 503 318 1 498 467 2 603 452 4 615 303 
4 3 6 0.700000 0 5 0 1 0.763873 4 1 7 424 369 3 588 441 9 565 324 8 439 306 1 413 458 NA NA NA NA NA NA NA NA NA 
4 3 7 0.700000 0 8 0 0 1.095378 1 10 4 559 305 10 542 444 9 448 317 1 467 446 8 635 363 3 402 459 2 573 378 7 618 436 
4 3 8 0.700000 0 8 1 1 0.545100 1 9 4 592 465 3 566 353 7 442 328 8 438 467 1 623 323 6 524 457 2 598 406 10 399 404 
4 3 9 0.700000 0 8 1 1 0.797145 1 9 3 415 440 7 449 377 5 586 384 1 428 298 10 571 325 8 633 328 2 498 456 6 597 454 
4 3 10 0.700000 0 2 1 1 0.529838 1 5 6 472 325 3 592 386 NA NA NA NA NA NA NA NA NA NA NA NA NA NA NA NA NA NA 
4 3 11 0.700000 0 2 0 0 1.227665 1 3 4 531 454 3 637 411 NA NA NA NA NA NA NA NA NA NA NA NA NA NA NA NA NA NA 
4 3 12 0.700000 0 5 1 1 0.722857 0 1 6 572 434 3 441 322 8 568 317 10 429 387 9 623 298 NA NA NA NA NA NA NA NA NA 
4 3 13 0.700000 0 8 0 0 1.085641 6 7 8 608 430 10 451 311 5 455 433 2 552 447 4 549 306 3 633 352 7 410 376 9 575 369 
4 3 14 0.700000 0 2 0 0 0.587174 1 7 3 546 306 7 604 364 NA NA NA NA NA NA NA NA NA NA NA NA NA NA NA NA NA NA 
4 3 15 0.700000 0 2 1 1 1.029133 0 9 3 414 392 10 504 303 NA NA NA NA NA NA NA NA NA NA NA NA NA NA NA NA NA NA 
4 3 16 0.700000 0 5 0 1 1.789532 3 8 1 570 351 5 417 371 3 619 449 8 417 305 7 445 470 NA NA NA NA NA NA NA NA NA 
4 3 17 0.700000 0 5 1 1 1.164416 3 9 5 578 318 2 407 392 7 551 439 4 634 457 3 577 381 NA NA NA NA NA NA NA NA NA 
4 3 18 0.700000 0 2 1 1 0.906912 0 1 7 614 371 5 476 322 NA NA NA NA NA NA NA NA NA NA NA NA NA NA NA NA NA NA 
4 3 19 0.700000 0 2 0 0 1.023854 1 3 9 409 468 3 524 316 NA NA NA NA NA NA NA NA NA NA NA NA NA NA NA NA NA NA 
4 3 20 0.700000 0 8 1 1 0.918751 3 5 7 630 318 8 421 430 9 520 466 2 425 341 1 466 298 4 635 417 10 538 330 6 588 457 
4 3 21 0.700000 0 5 1 1 1.046321 1 10 1 623 339 2 434 459 3 435 299 5 605 445 8 527 474 NA NA NA NA NA NA NA NA NA 
4 3 22 0.700000 0 5 1 1 0.886580 4 2 9 442 308 4 562 462 6 504 321 5 624 471 8 473 466 NA NA NA NA NA NA NA NA NA 
4 3 23 0.700000 0 5 1 0 1.174511 1 2 7 526 452 3 442 451 6 394 310 9 411 368 10 492 327 NA NA NA NA NA NA NA NA NA 
4 3 24 0.700000 0 8 1 1 0.914264 4 3 5 632 316 1 407 360 8 603 414 7 547 308 10 420 435 9 526 455 6 481 323 4 629 471 
4 3 25 0.700000 0 5 1 1 1.325603 0 7 1 395 358 2 615 294 6 576 363 10 464 471 3 613 424 NA NA NA NA NA NA NA NA NA 
4 3 26 0.700000 0 8 0 1 1.423263 0 9 9 601 302 10 482 438 1 568 359 3 404 438 6 584 463 4 607 405 5 455 357 8 406 294 
4 3 27 0.700000 0 2 1 1 1.161922 1 5 9 408 347 8 635 396 NA NA NA NA NA NA NA NA NA NA NA NA NA NA NA NA NA NA 
4 3 28 0.700000 0 8 1 1 1.274837 5 5 10 422 360 4 548 306 9 621 452 6 431 455 1 597 399 8 476 320 7 623 306 2 536 451 
4 3 29 0.700000 0 5 1 1 1.380151 0 8 1 387 438 10 603 337 9 571 439 5 458 452 7 628 464 NA NA NA NA NA NA NA NA NA 
4 3 30 0.700000 0 8 1 0 1.115027 7 1 4 590 424 9 543 319 2 608 365 3 451 425 10 628 294 5 388 327 7 474 327 8 387 456 
4 3 31 0.700000 0 5 1 1 1.081336 4 6 3 579 420 10 506 326 4 620 355 7 492 455 2 426 351 NA NA NA NA NA NA NA NA NA 
4 3 32 0.700000 0 8 1 1 0.923611 4 8 4 424 357 7 616 457 1 390 426 3 541 471 5 416 298 10 588 387 9 604 303 2 514 307 
4 3 33 0.700000 0 5 1 1 1.673615 1 5 4 521 473 2 586 324 7 451 410 1 444 305 3 602 393 NA NA NA NA NA NA NA NA NA 
4 3 34 0.700000 0 8 0 1 1.046242 6 3 6 482 321 4 538 302 1 621 360 2 396 398 9 395 324 10 463 444 3 407 473 7 624 450 
4 3 35 0.700000 0 8 1 0 1.830745 2 2 9 595 379 7 611 474 8 456 296 5 403 383 10 589 308 3 395 450 6 461 441 1 535 460 
4 3 36 0.700000 0 2 1 1 0.650575 0 7 1 634 457 4 475 302 NA NA NA NA NA NA NA NA NA NA NA NA NA NA NA NA NA NA 
4 3 37 0.700000 0 5 0 0 1.315457 4 1 7 599 427 4 411 320 3 554 296 9 461 445 1 613 302 NA NA NA NA NA NA NA NA NA 
4 3 38 0.700000 0 2 1 1 0.854411 0 3 5 461 421 1 526 295 NA NA NA NA NA NA NA NA NA NA NA NA NA NA NA NA NA NA 
4 3 39 0.700000 0 2 1 1 0.635463 1 4 10 614 426 8 443 450 NA NA NA NA NA NA NA NA NA NA NA NA NA NA NA NA NA NA 
4 3 40 0.700000 0 8 1 1 0.847092 1 10 1 465 465 3 568 348 8 511 310 2 451 360 7 398 446 4 575 460 9 630 436 5 391 327 
4 3 41 0.700000 0 8 0 0 0.658568 1 6 9 450 467 6 413 379 10 604 354 3 548 294 1 403 302 7 478 329 5 580 411 8 600 466 
4 3 42 0.700000 0 2 1 1 0.522798 1 3 5 469 437 6 582 388 NA NA NA NA NA NA NA NA NA NA NA NA NA NA NA NA NA NA 
4 3 43 0.700000 0 8 1 1 0.878474 5 9 10 476 307 7 418 372 8 592 418 4 622 342 1 402 452 2 535 444 3 549 302 5 609 474 
4 3 44 0.700000 0 5 1 1 0.786135 0 1 7 510 322 8 460 419 4 603 407 5 442 302 9 635 310 NA NA NA NA NA NA NA NA NA 
4 3 45 0.700000 0 5 0 0 0.890640 0 9 9 407 331 8 593 331 4 596 454 6 389 466 7 533 449 NA NA NA NA NA NA NA NA NA 
4 3 46 0.700000 0 5 0 0 1.203729 0 1 1 455 468 3 619 294 8 456 307 2 577 354 9 548 463 NA NA NA NA NA NA NA NA NA 
4 3 47 0.700000 0 2 1 1 0.551438 0 10 6 437 370 1 602 474 NA NA NA NA NA NA NA NA NA NA NA NA NA NA NA NA NA NA 
4 3 48 0.700000 0 2 1 1 0.524086 1 2 5 466 333 8 521 466 NA NA NA NA NA NA NA NA NA NA NA NA NA NA NA NA NA NA 
4 3 49 0.700000 0 5 1 1 0.651854 3 3 8 415 318 10 461 429 4 475 305 9 606 410 2 404 397 NA NA NA NA NA NA NA NA NA 
4 3 50 0.700000 0 2 1 1 0.500089 1 9 1 424 378 8 563 333 NA NA NA NA NA NA NA NA NA NA NA NA NA NA NA NA NA NA 
4 3 51 0.700000 0 8 1 1 3.090072 4 4 10 586 393 5 464 300 3 591 453 9 472 436 1 401 382 2 574 307 7 636 348 6 520 473 
4 3 52 0.700000 0 2 0 0 0.500812 1 6 1 440 303 6 558 452 NA NA NA NA NA NA NA NA NA NA NA NA NA NA NA NA NA NA 
4 3 53 0.700000 0 2 1 0 1.364990 0 10 9 413 389 4 460 449 NA NA NA NA NA NA NA NA NA NA NA NA NA NA NA NA NA NA 
4 3 54 0.700000 0 8 1 1 0.657113 2 10 9 406 300 5 497 308 8 460 456 7 392 399 2 630 425 1 565 419 6 449 374 4 400 472 
4 3 55 0.700000 0 2 0 0 0.849461 0 4 4 418 430 6 496 440 NA NA NA NA NA NA NA NA NA NA NA NA NA NA NA NA NA NA 
4 3 56 0.700000 0 5 0 1 0.984861 2 3 6 637 390 4 528 326 3 545 437 9 602 329 1 395 351 NA NA NA NA NA NA NA NA NA 
4 3 57 0.700000 0 2 0 0 0.510955 1 7 1 598 348 7 448 376 NA NA NA NA NA NA NA NA NA NA NA NA NA NA NA NA NA NA 
4 3 58 0.700000 0 2 1 1 0.744452 1 10 1 600 344 7 444 323 NA NA NA NA NA NA NA NA NA NA NA NA NA NA NA NA NA NA 
4 3 59 0.700000 0 2 1 1 0.732095 0 9 2 543 473 10 474 340 NA NA NA NA NA NA NA NA NA NA NA NA NA NA NA NA NA NA 
4 4 0 0.500000 0 5 0 0 0.894281 4 9 3 542 474 4 403 347 7 398 459 5 611 421 9 479 331 NA NA NA NA NA NA NA NA NA 
4 4 1 0.500000 0 8 1 1 1.558980 5 2 8 433 328 9 583 461 4 508 324 3 612 377 7 400 468 6 608 305 10 461 468 5 420 389 
4 4 2 0.500000 0 2 0 0 0.713073 0 3 3 616 360 4 401 423 NA NA NA NA NA NA NA NA NA NA NA NA NA NA NA NA NA NA 
4 4 3 0.500000 0 5 1 0 2.171987 3 5 10 629 407 6 434 377 3 486 317 1 506 473 8 427 457 NA NA NA NA NA NA NA NA NA 
4 4 4 0.500000 0 5 1 1 0.493475 3 2 10 428 460 9 387 362 6 588 465 3 517 459 4 456 347 NA NA NA NA NA NA NA NA NA 
4 4 5 0.500000 0 5 1 1 0.779146 1 7 4 449 459 2 614 447 3 412 315 8 581 354 6 408 377 NA NA NA NA NA NA NA NA NA 
4 4 6 0.500000 0 5 1 1 0.801055 3 5 1 481 453 6 580 426 9 448 340 4 634 354 2 394 438 NA NA NA NA NA NA NA NA NA 
4 4 7 0.500000 0 5 1 1 0.694461 2 2 10 426 364 4 549 301 6 617 331 5 615 401 1 520 442 NA NA NA NA NA NA NA NA NA 
4 4 8 0.500000 0 8 0 0 0.555911 2 2 1 553 305 3 399 363 2 485 465 6 421 458 8 460 340 10 592 357 4 620 423 5 549 474 
4 4 9 0.500000 0 8 0 1 2.706327 6 4 9 488 303 5 623 434 2 427 386 6 602 357 8 390 341 7 553 437 4 469 467 1 636 299 
4 4 10 0.500000 0 8 0 0 0.473717 0 9 9 408 457 4 446 312 7 574 474 6 480 470 5 613 390 3 569 348 10 604 299 8 435 369 
4 4 11 0.500000 0 8 1 1 1.144459 0 2 1 599 472 4 616 301 7 490 308 9 454 453 3 430 397 8 395 460 5 608 365 6 387 349 
4 4 12 0.500000 0 2 1 1 0.923900 1 5 2 470 466 3 533 324 NA NA NA NA NA NA NA NA NA NA NA NA NA NA NA NA NA NA 
4 4 13 0.500000 0 2 1 1 0.822452 1 1 9 390 405 4 487 312 NA NA NA NA NA NA NA NA NA NA NA NA NA NA NA NA NA NA 
4 4 14 0.500000 0 8 0 0 1.175128 7 10 6 606 402 8 415 448 4 424 327 5 583 305 1 516 467 2 490 319 3 437 389 10 626 473 
4 4 15 0.500000 0 2 0 0 0.959371 1 10 1 536 471 10 413 450 NA NA NA NA NA NA NA NA NA NA NA NA NA NA NA NA NA NA 
4 4 16 0.500000 0 5 0 1 1.195387 2 3 1 568 358 8 614 311 3 563 474 5 426 320 7 416 395 NA NA NA NA NA NA NA NA NA 
4 4 17 0.500000 0 2 1 1 1.025391 1 7 4 430 326 8 407 408 NA NA NA NA NA NA NA NA NA NA NA NA NA NA NA NA NA NA 
4 4 18 0.500000 0 8 0 0 1.037164 3 9 8 630 472 4 448 396 10 509 454 9 543 326 7 592 378 5 411 446 1 467 301 2 631 296 
4 4 19 0.500000 0 2 0 0 1.048776 1 7 9 420 317 7 615 295 NA NA NA NA NA NA NA NA NA NA NA NA NA NA NA NA NA NA 
4 4 20 0.500000 0 5 1 1 1.092760 3 6 5 520 308 9 410 325 3 631 308 10 388 415 1 567 355 NA NA NA NA NA NA NA NA NA 
4 4 21 0.500000 0 5 0 0 1.079219 3 4 1 617 357 10 563 413 3 457 471 4 625 468 6 455 403 NA NA NA NA NA NA NA NA NA 
4 4 22 0.500000 0 8 0 0 1.149725 0 10 10 589 458 2 432 392 3 472 437 7 636 349 1 571 309 4 462 342 9 405 450 8 513 308 
4 4 23 0.500000 0 5 0 0 0.999067 2 4 5 453 324 6 395 385 4 610 306 3 570 361 10 552 441 NA NA NA NA NA NA NA NA NA 
4 4 24 0.500000 0 2 0 0 0.827928 1 1 9 461 350 1 476 435 NA NA NA NA NA NA NA NA NA NA NA NA NA NA NA NA NA NA 
4 4 25 0.500000 0 5 0 0 0.961801 3 6 8 574 404 7 587 469 10 625 326 6 453 294 4 633 417 NA NA NA NA NA NA NA NA NA 
4 4 26 0.500000 0 2 0 0 0.935534 1 1 4 546 432 1 584 368 NA NA NA NA NA NA NA NA NA NA NA NA NA NA NA NA NA NA 
4 4 27 0.500000 0 8 1 1 1.055606 2 8 7 629 395 10 591 338 6 424 387 2 548 455 4 462 339 3 482 458 5 393 301 9 529 303 
4 4 28 0.500000 0 5 0 0 0.923998 1 8 10 395 340 8 581 424 7 449 453 9 629 372 3 388 467 NA NA NA NA NA NA NA NA NA 
4 4 29 0.500000 0 2 0 0 0.822778 1 5 1 421 396 5 594 425 NA NA NA NA NA NA NA NA NA NA NA NA NA NA NA NA NA NA 
4 4 30 0.500000 0 8 1 1 0.978569 6 6 1 462 332 2 574 396 10 389 334 7 583 319 3 470 468 5 612 440 4 411 406 9 545 447 
4 4 31 0.500000 0 5 1 0 2.085098 3 4 6 530 470 1 597 441 5 411 469 3 546 305 10 619 322 NA NA NA NA NA NA NA NA NA 
4 4 32 0.500000 0 2 1 1 0.956571 1 3 1 451 338 10 393 387 NA NA NA NA NA NA NA NA NA NA NA NA NA NA NA NA NA NA 
4 4 33 0.500000 0 2 0 0 0.865303 0 7 7 440 321 3 474 447 NA NA NA NA NA NA NA NA NA NA NA NA NA NA NA NA NA NA 
4 4 34 0.500000 0 8 1 1 0.925019 4 9 5 608 457 7 588 383 6 567 296 3 430 331 1 417 400 2 490 473 8 489 326 4 432 471 
4 4 35 0.500000 0 2 1 1 0.896891 0 7 3 628 473 5 467 319 NA NA NA NA NA NA NA NA NA NA NA NA NA NA NA NA NA NA 
4 4 36 0.500000 0 5 1 1 1.077830 1 7 9 566 424 5 451 472 8 458 295 10 580 299 4 432 382 NA NA NA NA NA NA NA NA NA 
4 4 37 0.500000 0 2 0 0 0.732150 1 6 4 512 316 6 576 454 NA NA NA NA NA NA NA NA NA NA NA NA NA NA NA NA NA NA 
4 4 38 0.500000 0 2 1 1 0.524844 1 2 3 633 348 9 438 468 NA NA NA NA NA NA NA NA NA NA NA NA NA NA NA NA NA NA 
4 4 39 0.500000 0 8 0 0 1.375678 0 10 10 508 449 7 390 466 4 510 315 2 577 327 8 439 340 9 614 433 5 448 437 1 636 368 
4 4 40 0.500000 0 2 1 1 0.517058 1 5 7 627 456 2 495 447 NA NA NA NA NA NA NA NA NA NA NA NA NA NA NA NA NA NA 
4 4 41 0.500000 0 2 1 1 0.559196 1 10 3 569 306 6 431 295 NA NA NA NA NA NA NA NA NA NA NA NA NA NA NA NA NA NA 
4 4 42 0.500000 0 8 1 0 1.785376 4 1 6 407 367 8 500 451 10 507 300 9 624 435 4 440 438 5 616 332 3 387 301 2 579 398 
4 4 43 0.500000 0 8 1 1 1.016006 2 6 1 603 314 8 447 443 3 573 449 5 393 312 7 483 307 9 621 373 10 637 470 4 423 365 
4 4 44 0.500000 0 2 1 1 1.128222 1 8 6 438 309 2 592 374 NA NA NA NA NA NA NA NA NA NA NA NA NA NA NA NA NA NA 
4 4 45 0.500000 0 2 1 1 0.819158 0 7 10 569 397 6 462 334 NA NA NA NA NA NA NA NA NA NA NA NA NA NA NA NA NA NA 
4 4 46 0.500000 0 5 0 0 1.018666 1 9 7 597 367 9 567 297 10 420 400 3 514 465 5 464 325 NA NA NA NA NA NA NA NA NA 
4 4 47 0.500000 0 5 0 1 2.040096 0 6 6 577 442 10 464 437 3 635 333 5 489 300 1 557 329 NA NA NA NA NA NA NA NA NA 
4 4 48 0.500000 0 8 1 1 3.113709 0 2 3 498 451 9 631 454 10 580 370 4 459 350 6 402 366 5 436 428 1 562 469 8 388 464 
4 4 49 0.500000 0 8 1 1 1.714811 7 4 3 445 349 8 625 335 7 547 312 6 610 411 5 481 443 9 420 425 2 481 294 1 591 468 
4 4 50 0.500000 0 8 0 0 0.992758 2 3 10 554 311 9 628 397 3 449 307 4 481 466 7 619 302 5 409 436 6 408 370 8 575 466 
4 4 51 0.500000 0 5 1 1 1.044320 3 1 3 450 317 9 567 428 2 583 353 4 525 323 6 455 430 NA NA NA NA NA NA NA NA NA 
4 4 52 0.500000 0 8 0 0 0.978174 6 5 6 472 303 8 599 418 10 563 345 7 617 318 4 453 400 1 405 473 5 400 344 2 499 455 
4 4 53 0.500000 0 2 0 0 1.000462 0 10 10 581 380 5 396 337 NA NA NA NA NA NA NA NA NA NA NA NA NA NA NA NA NA NA 
4 4 54 0.500000 0 8 1 1 1.251776 3 8 6 612 473 2 510 307 9 631 328 1 428 379 10 488 446 5 555 431 4 412 443 7 576 297 
4 4 55 0.500000 0 5 1 1 1.523792 4 3 5 490 314 1 415 296 8 570 399 7 529 462 9 479 432 NA NA NA NA NA NA NA NA NA 
4 4 56 0.500000 0 5 0 0 0.855950 0 8 8 462 471 5 624 378 2 412 420 3 520 464 7 544 312 NA NA NA NA NA NA NA NA NA 
4 4 57 0.500000 0 5 0 0 1.338306 4 8 4 593 307 3 448 334 2 603 388 7 447 456 8 409 409 NA NA NA NA NA NA NA NA NA 
4 4 58 0.500000 0 2 0 0 0.571716 0 7 7 614 347 10 404 383 NA NA NA NA NA NA NA NA NA NA NA NA NA NA NA NA NA NA 
4 4 59 0.500000 0 8 0 0 0.988530 0 9 9 592 383 6 450 471 4 414 357 7 630 451 2 568 473 1 557 325 8 401 296 5 618 299 
4 5 0 0.300000 0 8 1 1 1.073564 1 3 8 398 431 4 520 442 5 393 317 1 481 295 9 603 434 7 435 362 2 596 341 10 457 446 
4 5 1 0.300000 0 5 0 0 0.373924 3 5 4 501 442 8 635 314 9 544 323 5 415 448 2 392 296 NA NA NA NA NA NA NA NA NA 
4 5 2 0.300000 0 8 0 0 0.528367 7 3 8 441 353 5 601 387 1 515 320 7 508 445 10 428 438 6 570 470 2 628 310 3 631 468 
4 5 3 0.300000 0 2 1 1 0.874730 0 3 8 570 336 7 468 297 NA NA NA NA NA NA NA NA NA NA NA NA NA NA NA NA NA NA 
4 5 4 0.300000 0 8 0 0 0.461338 1 8 5 625 462 8 561 325 3 400 471 9 455 400 10 445 308 1 487 468 6 594 412 2 617 304 
4 5 5 0.300000 0 8 0 1 1.314912 3 3 10 606 415 5 536 443 2 440 439 3 390 372 4 479 295 6 614 327 8 404 313 9 544 302 
4 5 6 0.300000 0 5 1 1 1.134721 3 10 3 451 462 4 554 322 6 393 334 9 632 350 8 569 434 NA NA NA NA NA NA NA NA NA 
4 5 7 0.300000 0 8 1 1 1.334239 5 8 5 577 346 2 423 438 4 554 464 6 637 381 3 624 304 7 481 302 1 414 357 10 397 301 
4 5 8 0.300000 0 8 0 0 0.662936 2 8 3 569 316 9 586 450 8 431 319 5 634 366 7 447 461 1 504 449 10 421 381 6 637 300 
4 5 9 0.300000 0 8 0 0 0.434796 4 8 6 531 313 10 446 466 3 616 427 4 393 405 8 633 308 9 433 331 1 586 345 2 510 463 
4 5 10 0.300000 0 2 0 0 0.442385 1 8 10 442 392 8 396 471 NA NA NA NA NA NA NA NA NA NA NA NA NA NA NA NA NA NA 
4 5 11 0.300000 0 8 1 0 0.585163 5 6 3 626 303 8 556 322 7 415 409 1 598 421 2 485 330 5 623 474 4 417 340 9 488 445 
4 5 12 0.300000 0 2 0 0 0.450238 1 5 3 604 297 5 539 449 NA NA NA NA NA NA NA NA NA NA NA NA NA NA NA NA NA NA 
4 5 13 0.300000 0 8 0 0 0.425010 7 2 10 570 436 3 605 311 9 632 468 6 449 465 1 389 318 7 396 431 5 533 305 2 421 375 
4 5 14 0.300000 0 2 1 1 0.964664 1 6 10 567 465 3 500 303 NA NA NA NA NA NA NA NA NA NA NA NA NA NA NA NA NA NA 
4 5 15 0.300000 0 8 0 1 1.003430 5 9 6 402 301 8 615 420 4 579 315 5 427 456 3 534 454 9 429 396 7 513 313 10 629 357 
4 5 16 0.300000 0 2 0 0 0.851783 0 1 1 442 295 5 506 324 NA NA NA NA NA NA NA NA NA NA NA NA NA NA NA NA NA NA 
4 5 17 0.300000 0 5 1 1 1.023203 2 2 9 442 453 4 629 323 8 450 301 5 627 473 10 560 427 NA NA NA NA NA NA NA NA NA 
4 5 18 0.300000 0 2 0 0 0.998393 0 1 1 410 395 2 571 440 NA NA NA NA NA NA NA NA NA NA NA NA NA NA NA NA NA NA 
4 5 19 0.300000 0 5 0 0 1.087516 1 7 3 533 463 7 633 388 4 544 312 8 391 363 1 396 471 NA NA NA NA NA NA NA NA NA 
4 5 20 0.300000 0 2 0 0 1.664387 1 1 2 472 441 1 448 383 NA NA NA NA NA NA NA NA NA NA NA NA NA NA NA NA NA NA 
4 5 21 0.300000 0 8 0 1 1.809906 0 9 9 428 367 1 446 438 5 637 408 6 568 356 7 525 299 4 565 439 8 504 457 10 625 310 
4 5 22 0.300000 0 2 0 0 0.894683 0 9 9 567 351 7 611 303 NA NA NA NA NA NA NA NA NA NA NA NA NA NA NA NA NA NA 
4 5 23 0.300000 0 5 0 0 0.759737 0 10 10 429 416 6 402 321 3 631 328 4 560 464 1 544 322 NA NA NA NA NA NA NA NA NA 
4 5 24 0.300000 0 8 0 0 1.012439 7 10 5 497 300 3 598 333 9 389 352 1 434 422 2 622 455 6 594 398 4 523 468 10 452 343 
4 5 25 0.300000 0 2 0 0 1.091159 1 9 1 607 314 9 583 409 NA NA NA NA NA NA NA NA NA NA NA NA NA NA NA NA NA NA 
4 5 26 0.300000 0 8 0 0 0.883500 3 3 10 446 440 5 596 458 2 630 411 3 422 366 6 494 301 8 585 331 9 513 468 7 409 308 
4 5 27 0.300000 0 2 0 0 1.628004 1 9 4 597 447 9 575 383 NA NA NA NA NA NA NA NA NA NA NA NA NA NA NA NA NA NA 
4 5 28 0.300000 0 5 0 0 0.846978 3 4 9 416 368 5 606 359 3 634 428 4 485 437 10 582 297 NA NA NA NA NA NA NA NA NA 
4 5 29 0.300000 0 5 0 0 0.949132 4 9 1 629 467 3 467 446 4 616 380 5 538 456 9 525 319 NA NA NA NA NA NA NA NA NA 
4 5 30 0.300000 0 2 0 0 0.948028 1 1 6 506 448 1 561 340 NA NA NA NA NA NA NA NA NA NA NA NA NA NA NA NA NA NA 
4 5 31 0.300000 0 8 1 0 0.830848 1 2 8 470 342 3 432 431 7 570 343 4 609 412 10 532 446 9 610 471 6 412 346 5 635 316 
4 5 32 0.300000 0 8 0 1 1.247463 1 3 9 428 393 3 609 397 7 466 437 6 395 471 8 442 327 1 619 310 4 557 334 2 531 448 
4 5 33 0.300000 0 2 0 0 0.660546 1 4 8 554 341 4 636 294 NA NA NA NA NA NA NA NA NA NA NA NA NA NA NA NA NA NA 
4 5 34 0.300000 0 8 0 0 0.967394 2 7 3 513 323 1 398 456 7 605 422 6 411 390 2 631 299 9 462 466 8 409 319 10 592 343 
4 5 35 0.300000 0 8 1 1 1.111921 7 7 3 565 356 10 490 304 8 618 395 9 437 339 6 396 468 4 395 392 5 388 297 2 610 311 
4 5 36 0.300000 0 5 1 1 1.188112 2 5 9 560 296 3 487 295 7 615 334 10 398 398 6 603 409 NA NA NA NA NA NA NA NA NA 
4 5 37 0.300000 0 5 0 0 0.726691 0 4 4 440 360 7 425 422 10 587 330 2 597 405 5 495 454 NA NA NA NA NA NA NA NA NA 
4 5 38 0.300000 0 2 0 0 0.477138 0 7 7 454 413 9 637 307 NA NA NA NA NA NA NA NA NA NA NA NA NA NA NA NA NA NA 
4 5 39 0.300000 0 2 0 0 0.450760 0 2 2 633 422 5 410 466 NA NA NA NA NA NA NA NA NA NA NA NA NA NA NA NA NA NA 
4 5 40 0.300000 0 2 0 0 0.563422 1 7 9 618 351 7 477 462 NA NA NA NA NA NA NA NA NA NA NA NA NA NA NA NA NA NA 
4 5 41 0.300000 0 5 1 1 1.141419 1 8 9 558 441 4 589 333 1 622 455 10 393 437 7 400 305 NA NA NA NA NA NA NA NA NA 
4 5 42 0.300000 0 5 0 0 1.025266 3 1 10 604 454 7 632 396 8 402 464 1 389 384 5 506 468 NA NA NA NA NA NA NA NA NA 
4 5 43 0.300000 0 5 0 1 0.771386 1 10 7 613 469 10 571 386 2 400 359 5 576 318 8 471 330 NA NA NA NA NA NA NA NA NA 
4 5 44 0.300000 0 5 0 0 0.693781 1 10 1 446 376 10 597 319 2 427 435 6 579 449 9 440 318 NA NA NA NA NA NA NA NA NA 
4 5 45 0.300000 0 8 0 0 0.718964 5 8 3 392 474 2 616 315 6 586 374 9 424 392 1 587 470 8 443 327 7 481 461 5 554 302 
4 5 46 0.300000 0 2 1 1 0.561364 0 1 9 536 469 4 583 356 NA NA NA NA NA NA NA NA NA NA NA NA NA NA NA NA NA NA 
4 5 47 0.300000 0 5 0 0 0.942227 1 9 5 527 474 9 525 300 6 461 296 10 396 434 1 620 449 NA NA NA NA NA NA NA NA NA 
4 5 48 0.300000 0 2 1 1 1.798872 1 5 3 503 321 7 632 405 NA NA NA NA NA NA NA NA NA NA NA NA NA NA NA NA NA NA 
4 5 49 0.300000 0 5 1 0 2.184304 0 6 1 401 373 9 593 405 7 464 460 4 397 458 5 610 307 NA NA NA NA NA NA NA NA NA 
4 5 50 0.300000 0 5 0 0 0.598792 1 8 6 448 380 8 458 445 9 548 332 3 400 419 10 627 363 NA NA NA NA NA NA NA NA NA 
4 5 51 0.300000 0 2 0 0 0.427783 1 6 8 432 385 6 578 430 NA NA NA NA NA NA NA NA NA NA NA NA NA NA NA NA NA NA 
4 5 52 0.300000 0 5 0 0 1.841436 1 7 6 426 463 7 444 382 5 498 314 8 528 470 1 616 356 NA NA NA NA NA NA NA NA NA 
4 5 53 0.300000 0 8 0 0 0.781932 4 3 10 452 473 4 547 300 6 507 453 5 602 446 3 408 435 9 438 347 7 595 361 1 486 305 
4 5 54 0.300000 0 2 1 1 0.877259 1 7 10 489 317 1 426 431 NA NA NA NA NA NA NA NA NA NA NA NA NA NA NA NA NA NA 
4 5 55 0.300000 0 8 1 1 1.029837 6 4 6 582 443 9 453 310 1 597 358 7 445 471 3 599 295 5 405 405 2 542 307 8 512 451 
4 5 56 0.300000 0 2 1 1 0.908180 1 3 1 589 443 5 433 328 NA NA NA NA NA NA NA NA NA NA NA NA NA NA NA NA NA NA 
4 5 57 0.300000 0 5 1 1 0.505361 4 3 2 487 320 6 391 453 9 623 424 8 487 446 4 614 309 NA NA NA NA NA NA NA NA NA 
4 5 58 0.300000 0 5 0 0 0.373532 2 8 9 531 450 3 515 321 8 449 375 6 394 307 4 598 383 NA NA NA NA NA NA NA NA NA 
4 5 59 0.300000 0 5 0 0 0.690478 2 9 4 482 471 8 457 325 9 399 309 5 431 413 2 635 296 NA NA NA NA NA NA NA NA NA 
4 6 0 0.500000 0 8 0 0 1.535292 6 10 3 561 449 4 483 449 9 483 331 2 612 396 6 389 326 7 398 437 10 453 382 1 619 338 
4 6 1 0.500000 0 5 0 0 0.580533 1 9 7 388 379 9 423 331 5 580 343 10 457 471 2 634 436 NA NA NA NA NA NA NA NA NA 
4 6 2 0.500000 0 5 1 1 2.731979 0 10 6 561 462 1 442 362 5 409 430 9 566 343 8 452 304 NA NA NA NA NA NA NA NA NA 
4 6 3 0.500000 0 8 1 0 1.230406 2 2 10 457 309 3 620 418 9 584 318 1 402 417 6 497 466 4 423 356 7 555 459 8 637 358 
4 6 4 0.500000 0 2 1 1 0.528349 0 4 9 398 404 8 562 455 NA NA NA NA NA NA NA NA NA NA NA NA NA NA NA NA NA NA 
4 6 5 0.500000 0 2 1 1 1.330985 1 10 3 450 378 4 466 472 NA NA NA NA NA NA NA NA NA NA NA NA NA NA NA NA NA NA 
4 6 6 0.500000 0 8 0 0 1.434052 7 2 3 432 462 5 570 308 9 518 453 4 468 336 8 413 356 6 597 420 1 632 300 2 621 357 
4 6 7 0.500000 0 5 0 0 0.709693 0 10 10 388 316 6 610 443 4 453 377 7 392 392 3 590 378 NA NA NA NA NA NA NA NA NA 
4 6 8 0.500000 0 8 1 1 0.793562 2 1 3 621 466 5 537 328 7 604 409 6 405 348 2 516 442 4 399 471 9 633 347 8 442 303 
4 6 9 0.500000 0 2 1 1 0.724294 1 3 8 406 465 7 573 428 NA NA NA NA NA NA NA NA NA NA NA NA NA NA NA NA NA NA 
4 6 10 0.500000 0 2 0 0 0.830462 1 8 3 631 410 8 602 318 NA NA NA NA NA NA NA NA NA NA NA NA NA NA NA NA NA NA 
4 6 11 0.500000 0 5 0 0 0.787506 4 10 5 468 433 4 539 326 9 440 305 6 401 448 10 608 342 NA NA NA NA NA NA NA NA NA 
4 6 12 0.500000 0 8 0 0 0.399023 7 3 7 434 466 10 567 467 6 475 330 2 565 348 1 616 316 4 637 434 8 441 402 3 402 345 
4 6 13 0.500000 0 5 1 1 0.812809 4 10 3 522 295 9 413 337 1 450 433 5 634 351 6 632 467 NA NA NA NA NA NA NA NA NA 
4 6 14 0.500000 0 8 0 0 0.869838 5 1 2 460 306 7 623 339 3 399 399 8 560 299 5 455 441 1 602 425 4 541 447 6 401 309 
4 6 15 0.500000 0 2 1 1 0.559953 0 6 7 489 299 5 613 458 NA NA NA NA NA NA NA NA NA NA NA NA NA NA NA NA NA NA 
4 6 16 0.500000 0 2 1 1 0.682885 1 7 9 418 310 6 634 314 NA NA NA NA NA NA NA NA NA NA NA NA NA NA NA NA NA NA 
4 6 17 0.500000 0 8 0 1 2.514696 3 6 2 619 392 9 493 322 1 567 295 6 451 367 8 535 440 10 389 335 3 416 438 5 594 446 
4 6 18 0.500000 0 2 1 1 0.398842 1 7 1 439 414 8 586 397 NA NA NA NA NA NA NA NA NA NA NA NA NA NA NA NA NA NA 
4 6 19 0.500000 0 5 1 1 0.458268 0 9 10 478 321 5 407 345 2 575 432 1 501 445 8 398 430 NA NA NA NA NA NA NA NA NA 
4 6 20 0.500000 0 8 1 1 1.430517 6 10 5 523 447 3 598 352 9 597 421 4 547 305 7 462 436 1 443 353 2 398 427 8 394 311 
4 6 21 0.500000 0 2 0 0 0.701308 0 10 10 441 342 3 596 340 NA NA NA NA NA NA NA NA NA NA NA NA NA NA NA NA NA NA 
4 6 22 0.500000 0 5 1 1 0.628540 0 6 4 410 354 5 577 303 8 560 424 9 399 411 2 461 303 NA NA NA NA NA NA NA NA NA 
4 6 23 0.500000 0 2 1 1 0.911324 1 10 4 586 388 3 626 462 NA NA NA NA NA NA NA NA NA NA NA NA NA NA NA NA NA NA 
4 6 24 0.500000 0 8 0 0 0.925646 7 10 6 438 418 3 619 357 1 406 306 8 562 307 2 452 359 5 512 469 4 469 296 10 614 474 
4 6 25 0.500000 0 5 0 1 0.646777 0 2 2 616 429 3 533 294 1 624 362 8 431 345 6 417 438 NA NA NA NA NA NA NA NA NA 
4 6 26 0.500000 0 2 0 0 0.513884 0 9 9 510 297 2 545 438 NA NA NA NA NA NA NA NA NA NA NA NA NA NA NA NA NA NA 
4 6 27 0.500000 0 8 1 1 1.098851 5 3 6 576 424 2 515 307 8 449 355 7 616 375 1 470 441 5 394 313 9 631 301 4 411 473 
4 6 28 0.500000 0 8 1 0 1.165225 1 10 5 460 428 6 563 347 4 391 295 9 456 304 8 617 460 2 404 363 1 611 308 3 535 463 
4 6 29 0.500000 0 2 0 0 0.688911 1 9 10 398 327 9 498 295 NA NA NA NA NA NA NA NA NA NA NA NA NA NA NA NA NA NA 
4 6 30 0.500000 0 2 1 1 1.052272 0 9 10 456 334 3 483 461 NA NA NA NA NA NA NA NA NA NA NA NA NA NA NA NA NA NA 
4 6 31 0.500000 0 5 1 1 0.989964 2 2 9 391 427 8 621 337 6 485 331 10 604 419 4 422 341 NA NA NA NA NA NA NA NA NA 
4 6 32 0.500000 0 8 1 1 0.980626 4 1 8 544 332 4 470 454 9 637 432 10 534 456 7 414 398 2 598 298 5 402 300 6 458 356 
4 6 33 0.500000 0 5 0 0 0.701452 2 1 8 580 381 5 458 433 1 389 333 4 592 457 3 470 319 NA NA NA NA NA NA NA NA NA 
4 6 34 0.500000 0 5 1 1 0.941006 2 3 8 433 474 9 591 463 2 531 448 7 462 339 4 399 334 NA NA NA NA NA NA NA NA NA 
4 6 35 0.500000 0 5 0 0 1.306069 4 9 5 593 385 1 442 435 6 427 312 10 513 326 9 562 472 NA NA NA NA NA NA NA NA NA 
4 6 36 0.500000 0 2 1 1 0.817822 1 9 1 632 470 10 588 419 NA NA NA NA NA NA NA NA NA NA NA NA NA NA NA NA NA NA 
4 6 37 0.500000 0 5 0 0 0.645092 1 8 10 539 305 8 425 426 6 623 320 7 573 376 9 500 474 NA NA NA NA NA NA NA NA NA 
4 6 38 0.500000 0 8 1 1 0.964113 1 1 7 587 336 6 484 307 5 502 450 2 404 305 10 428 438 8 565 420 9 633 457 3 449 372 
4 6 39 0.500000 0 5 0 1 1.288653 3 3 5 569 344 4 408 323 7 448 468 3 629 394 9 607 469 NA NA NA NA NA NA NA NA NA 
4 6 40 0.500000 0 8 1 1 0.896016 6 4 2 584 330 10 432 407 7 606 434 1 511 453 8 416 345 3 476 337 6 528 304 5 397 455 
4 6 41 0.500000 0 5 1 1 1.438955 1 2 7 421 379 5 570 336 3 412 466 1 566 412 8 636 415 NA NA NA NA NA NA NA NA NA 
4 6 42 0.500000 0 5 1 1 0.893275 0 2 9 634 410 5 389 422 7 445 406 8 578 392 10 550 316 NA NA NA NA NA NA NA NA NA 
4 6 43 0.500000 0 8 1 1 0.756752 5 2 4 422 452 3 441 364 5 590 464 9 599 359 7 562 313 1 470 306 8 527 451 6 637 409 
4 6 44 0.500000 0 8 0 0 0.661299 5 2 5 583 417 1 410 353 8 531 298 4 422 472 10 627 469 2 484 461 7 627 300 6 444 298 
4 6 45 0.500000 0 2 0 0 0.406653 1 7 1 492 295 7 525 465 NA NA NA NA NA NA NA NA NA NA NA NA NA NA NA NA NA NA 
4 6 46 0.500000 0 2 0 0 0.655879 1 7 2 411 434 7 569 468 NA NA NA NA NA NA NA NA NA NA NA NA NA NA NA NA NA NA 
4 6 47 0.500000 0 5 1 1 1.055327 3 7 2 635 417 9 561 453 10 511 311 1 431 435 6 420 322 NA NA NA NA NA NA NA NA NA 
4 6 48 0.500000 0 2 0 0 0.424641 0 7 7 629 325 3 496 455 NA NA NA NA NA NA NA NA NA NA NA NA NA NA NA NA NA NA 
4 6 49 0.500000 0 8 0 0 0.427260 5 3 8 482 450 2 567 466 7 463 330 5 617 308 4 574 370 3 418 368 9 397 298 6 521 295 
4 6 50 0.500000 0 2 1 1 1.009499 0 1 6 406 425 3 595 322 NA NA NA NA NA NA NA NA NA NA NA NA NA NA NA NA NA NA 
4 6 51 0.500000 0 5 0 0 1.091522 3 8 1 555 466 6 592 359 10 455 459 8 400 402 7 466 312 NA NA NA NA NA NA NA NA NA 
4 6 52 0.500000 0 8 1 1 1.117036 3 5 6 461 298 7 618 385 1 530 298 4 593 325 10 486 453 9 422 385 8 418 454 3 578 428 
4 6 53 0.500000 0 5 0 0 0.571725 4 2 9 590 372 4 413 389 6 423 329 8 523 442 2 489 306 NA NA NA NA NA NA NA NA NA 
4 6 54 0.500000 0 2 0 0 0.535561 1 9 6 399 334 9 582 333 NA NA NA NA NA NA NA NA NA NA NA NA NA NA NA NA NA NA 
4 6 55 0.500000 0 2 0 0 0.549187 0 8 8 596 410 10 398 425 NA NA NA NA NA NA NA NA NA NA NA NA NA NA NA NA NA NA 
4 6 56 0.500000 0 8 0 0 0.703457 6 8 6 424 427 2 620 298 3 462 354 10 522 306 1 589 350 7 508 442 8 580 431 5 432 298 
4 6 57 0.500000 0 5 1 1 1.020745 2 8 2 399 368 9 537 311 1 450 471 7 582 398 3 631 361 NA NA NA NA NA NA NA NA NA 
4 6 58 0.500000 0 2 0 0 0.404656 1 5 1 527 301 5 553 446 NA NA NA NA NA NA NA NA NA NA NA NA NA NA NA NA NA NA 
4 6 59 0.500000 0 8 0 0 0.449477 2 8 10 436 418 7 518 445 8 452 319 1 596 401 3 593 322 5 530 294 9 399 364 2 599 465 
4 7 0 0.700000 0 2 1 1 0.642251 0 3 5 416 386 8 415 457 NA NA NA NA NA NA NA NA NA NA NA NA NA NA NA NA NA NA 
4 7 1 0.700000 0 5 1 1 0.482949 0 1 6 478 333 7 615 325 2 522 449 9 588 399 5 457 406 NA NA NA NA NA NA NA NA NA 
4 7 2 0.700000 0 5 0 1 0.713922 4 4 10 416 350 6 545 304 2 437 441 8 605 406 4 471 331 NA NA NA NA NA NA NA NA NA 
4 7 3 0.700000 0 2 0 0 1.152153 0 10 10 562 431 5 596 297 NA NA NA NA NA NA NA NA NA NA NA NA NA NA NA NA NA NA 
4 7 4 0.700000 0 5 1 0 0.825325 3 6 10 633 450 1 395 425 8 596 374 5 419 361 9 585 305 NA NA NA NA NA NA NA NA NA 
4 7 5 0.700000 0 5 1 1 0.896857 4 1 8 393 458 4 592 431 9 574 366 6 446 348 5 472 457 NA NA NA NA NA NA NA NA NA 
4 7 6 0.700000 0 2 1 1 0.590012 1 3 6 432 464 5 552 339 NA NA NA NA NA NA NA NA NA NA NA NA NA NA NA NA NA NA 
4 7 7 0.700000 0 8 1 0 1.924752 4 8 4 442 460 1 585 376 7 566 465 10 490 325 2 509 450 5 402 300 3 609 313 6 411 407 
4 7 8 0.700000 0 5 0 0 0.998907 4 3 10 620 417 9 619 340 2 531 449 6 486 312 3 450 389 NA NA NA NA NA NA NA NA NA 
4 7 9 0.700000 0 8 1 1 1.170929 0 6 8 428 357 7 464 461 1 601 341 9 502 305 4 628 407 3 534 473 2 387 442 10 594 470 
4 7 10 0.700000 0 2 0 0 1.024894 0 10 10 598 472 1 387 319 NA NA NA NA NA NA NA NA NA NA NA NA NA NA NA NA NA NA 
4 7 11 0.700000 0 8 0 0 1.139525 7 6 2 634 309 7 454 330 3 499 447 10 391 406 5 560 461 4 424 461 1 522 323 6 605 388 
4 7 12 0.700000 0 2 1 1 0.880418 0 3 1 555 451 9 418 357 NA NA NA NA NA NA NA NA NA NA NA NA NA NA NA NA NA NA 
4 7 13 0.700000 0 2 1 1 0.944044 0 6 8 583 309 3 625 439 NA NA NA NA NA NA NA NA NA NA NA NA NA NA NA NA NA NA 
4 7 14 0.700000 0 2 1 1 0.876555 1 4 6 461 322 2 633 427 NA NA NA NA NA NA NA NA NA NA NA NA NA NA NA NA NA NA 
4 7 15 0.700000 0 2 0 0 0.827327 1 1 4 614 451 1 516 458 NA NA NA NA NA NA NA NA NA NA NA NA NA NA NA NA NA NA 
4 7 16 0.700000 0 5 1 1 1.404475 0 8 1 628 310 7 567 471 6 631 410 5 501 303 4 636 470 NA NA NA NA NA NA NA NA NA 
4 7 17 0.700000 0 2 1 1 1.186980 1 9 10 628 425 6 403 386 NA NA NA NA NA NA NA NA NA NA NA NA NA NA NA NA NA NA 
4 7 18 0.700000 0 8 1 1 0.897170 2 5 8 543 333 6 450 452 3 444 366 1 458 305 10 407 412 9 629 329 2 621 403 7 517 456 
4 7 19 0.700000 0 2 1 1 0.629048 1 7 6 602 400 4 401 426 NA NA NA NA NA NA NA NA NA NA NA NA NA NA NA NA NA NA 
4 7 20 0.700000 0 2 1 1 0.757376 0 6 3 394 350 7 621 472 NA NA NA NA NA NA NA NA NA NA NA NA NA NA NA NA NA NA 
4 7 21 0.700000 0 8 1 1 1.088155 0 5 7 512 469 8 390 315 9 457 294 6 581 416 1 402 422 3 444 359 2 546 315 10 632 302 
4 7 22 0.700000 0 5 1 1 0.663004 0 5 1 488 444 8 388 458 6 599 463 3 607 373 7 452 304 NA NA NA NA NA NA NA NA NA 
4 7 23 0.700000 0 8 0 0 1.118023 4 1 8 588 418 4 496 452 7 390 352 9 489 309 1 420 453 6 634 341 2 551 302 3 621 470 
4 7 24 0.700000 0 2 1 1 1.084486 0 5 4 523 468 8 442 415 NA NA NA NA NA NA NA NA NA NA NA NA NA NA NA NA NA NA 
4 7 25 0.700000 0 5 0 1 2.417646 4 9 10 634 297 4 445 423 8 581 400 5 443 315 9 594 469 NA NA NA NA NA NA NA NA NA 
4 7 26 0.700000 0 5 1 1 1.379524 1 10 4 590 390 2 608 304 3 405 328 6 500 305 1 578 452 NA NA NA NA NA NA NA NA NA 
4 7 27 0.700000 0 5 1 1 1.772066 0 5 8 401 415 10 554 426 9 401 324 6 606 461 2 597 330 NA NA NA NA NA NA NA NA NA 
4 7 28 0.700000 0 8 1 1 1.074796 5 3 6 434 362 2 556 461 4 621 432 7 388 425 8 464 428 1 581 386 5 480 307 10 427 473 
4 7 29 0.700000 0 8 1 0 2.308838 0 10 2 391 456 4 606 413 5 496 305 6 459 431 9 398 310 7 568 297 8 516 473 3 435 376 
4 7 30 0.700000 0 5 1 1 1.503511 1 8 5 409 404 9 567 408 4 436 295 3 579 331 6 634 457 NA NA NA NA NA NA NA NA NA 
4 7 31 0.700000 0 5 1 1 1.306007 0 4 8 426 326 9 391 383 6 608 464 1 633 391 10 464 452 NA NA NA NA NA NA NA NA NA 
4 7 32 0.700000 0 8 1 1 0.593280 2 6 4 452 441 10 571 430 3 542 310 9 580 372 1 450 302 5 629 468 8 401 335 7 393 456 
4 7 33 0.700000 0 5 1 1 0.709032 4 9 5 408 341 1 619 310 6 405 430 10 560 473 4 566 357 NA NA NA NA NA NA NA NA NA 
4 7 34 0.700000 0 5 0 0 1.311500 1 10 5 599 304 10 605 415 3 388 348 6 471 429 9 447 312 NA NA NA NA NA NA NA NA NA 
4 7 35 0.700000 0 8 0 0 1.214509 2 10 3 390 335 5 459 314 10 571 451 8 416 472 9 435 417 4 618 318 7 485 469 6 604 379 
4 7 36 0.700000 0 2 0 0 1.640959 0 5 5 575 469 7 634 338 NA NA NA NA NA NA NA NA NA NA NA NA NA NA NA NA NA NA 
4 7 37 0.700000 0 8 1 1 1.350510 1 5 6 460 464 10 472 303 2 636 465 4 609 358 9 527 441 3 452 401 1 539 319 7 399 368 
4 7 38 0.700000 0 2 1 1 1.159203 1 6 4 387 400 7 519 304 NA NA NA NA NA NA NA NA NA NA NA NA NA NA NA NA NA NA 
4 7 39 0.700000 0 8 0 0 2.300011 2 7 10 555 320 8 631 382 7 604 451 6 542 463 5 469 345 1 420 301 3 422 421 9 479 437 
4 7 40 0.700000 0 2 0 0 1.007971 0 4 4 626 331 8 558 328 NA NA NA NA NA NA NA NA NA NA NA NA NA NA NA NA NA NA 
4 7 41 0.700000 0 5 1 1 1.291126 4 9 7 396 357 6 588 464 4 450 404 3 552 317 8 481 469 NA NA NA NA NA NA NA NA NA 
4 7 42 0.700000 0 2 0 0 1.442463 0 9 9 589 423 1 569 354 NA NA NA NA NA NA NA NA NA NA NA NA NA NA NA NA NA NA 
4 7 43 0.700000 0 8 0 0 1.222360 4 10 2 459 445 9 632 421 1 620 294 7 421 323 10 538 445 3 559 350 4 390 450 8 521 305 
4 7 44 0.700000 0 8 0 1 1.781808 0 3 3 573 420 6 421 429 5 623 322 2 392 308 8 559 331 10 611 464 4 464 471 9 395 372 
4 7 45 0.700000 0 8 1 1 1.948198 7 7 9 560 441 3 457 426 5 537 296 6 615 465 4 433 369 10 466 302 8 392 427 1 564 355 
4 7 46 0.700000 0 8 1 1 0.770605 2 4 10 556 448 8 633 470 6 608 312 7 629 400 9 516 313 2 501 472 5 432 436 1 454 333 
4 7 47 0.700000 0 5 1 1 1.103481 3 4 2 393 326 3 632 322 1 476 307 9 571 368 10 397 391 NA NA NA NA NA NA NA NA NA 
4 7 48 0.700000 0 5 0 0 1.027072 3 1 4 529 310 8 456 349 2 587 365 1 457 432 9 590 463 NA NA NA NA NA NA NA NA NA 
4 7 49 0.700000 0 8 1 0 2.251679 1 4 8 446 437 2 452 361 6 411 313 1 622 332 3 562 439 7 543 312 10 624 421 5 393 383 
4 7 50 0.700000 0 5 1 1 1.112538 2 1 4 387 332 8 574 314 6 560 458 7 438 441 9 459 354 NA NA NA NA NA NA NA NA NA 
4 7 51 0.700000 0 5 1 1 1.738793 1 6 4 459 296 9 616 473 7 519 310 3 431 473 1 574 416 NA NA NA NA NA NA NA NA NA 
4 7 52 0.700000 0 2 1 1 1.191572 1 10 1 634 420 3 486 473 NA NA NA NA NA NA NA NA NA NA NA NA NA NA NA NA NA NA 
4 7 53 0.700000 0 5 0 0 1.251147 2 10 5 474 327 8 433 410 10 607 389 6 392 320 4 465 470 NA NA NA NA NA NA NA NA NA 
4 7 54 0.700000 0 8 1 1 1.855395 7 9 2 504 467 10 631 455 8 449 364 6 429 444 5 549 309 1 607 366 4 485 317 3 567 415 
4 7 55 0.700000 0 2 1 1 1.240876 1 3 1 529 443 2 603 313 NA NA NA NA NA NA NA NA NA NA NA NA NA NA NA NA NA NA 
4 7 56 0.700000 0 2 1 1 0.871049 0 5 9 570 344 6 416 349 NA NA NA NA NA NA NA NA NA NA NA NA NA NA NA NA NA NA 
4 7 57 0.700000 0 2 1 0 1.458218 0 1 4 607 410 7 579 310 NA NA NA NA NA NA NA NA NA NA NA NA NA NA NA NA NA NA 
4 7 58 0.700000 0 8 1 0 2.583004 1 10 4 455 321 7 523 473 6 441 457 8 585 392 1 627 302 9 388 387 5 597 463 3 545 299 
4 7 59 0.700000 0 8 1 1 1.449385 5 5 2 427 381 7 590 412 4 624 317 3 554 315 10 401 300 8 547 456 9 431 469 1 489 325 
4 8 0 0.500000 0 5 0 0 0.984969 2 1 9 474 450 10 554 315 1 434 403 5 623 430 6 619 299 NA NA NA NA NA NA NA NA NA 
4 8 1 0.500000 0 2 1 1 0.949778 1 7 8 583 309 3 624 374 NA NA NA NA NA NA NA NA NA NA NA NA NA NA NA NA NA NA 
4 8 2 0.500000 0 5 0 0 1.115951 2 2 7 454 378 9 601 323 2 532 447 5 401 462 3 473 456 NA NA NA NA NA NA NA NA NA 
4 8 3 0.500000 0 2 1 1 1.110280 0 10 4 585 342 6 403 411 NA NA NA NA NA NA NA NA NA NA NA NA NA NA NA NA NA NA 
4 8 4 0.500000 0 5 0 0 1.291122 0 1 1 485 298 9 398 473 6 610 308 4 419 379 8 586 371 NA NA NA NA NA NA NA NA NA 
4 8 5 0.500000 0 5 0 0 1.386354 2 5 10 549 471 9 487 463 5 554 297 7 389 445 4 577 355 NA NA NA NA NA NA NA NA NA 
4 8 6 0.500000 0 8 1 0 1.124602 4 5 4 588 377 3 522 298 10 624 426 9 450 443 2 405 406 1 429 324 7 618 294 6 510 458 
4 8 7 0.500000 0 8 0 0 1.397357 2 1 4 454 312 5 532 302 1 518 465 7 597 418 10 424 363 8 606 298 9 470 426 2 624 472 
4 8 8 0.500000 0 8 1 1 1.234880 4 7 5 400 311 8 586 464 9 589 381 1 555 316 10 436 453 6 467 308 3 509 447 2 445 376 
4 8 9 0.500000 0 8 0 0 1.561340 5 10 1 566 297 5 607 455 6 418 399 7 545 442 2 450 460 10 445 323 4 585 399 9 637 304 
4 8 10 0.500000 0 5 1 1 1.166247 0 4 8 448 414 7 457 346 9 577 352 6 616 430 2 387 387 NA NA NA NA NA NA NA NA NA 
4 8 11 0.500000 0 5 1 1 0.682575 0 7 8 443 411 9 452 337 10 541 466 6 609 432 2 392 311 NA NA NA NA NA NA NA NA NA 
4 8 12 0.500000 0 5 1 1 0.536392 3 5 9 507 453 8 586 299 2 464 295 1 399 433 6 409 370 NA NA NA NA NA NA NA NA NA 
4 8 13 0.500000 0 5 1 0 0.950900 0 5 4 411 307 10 615 372 3 526 457 2 634 466 8 545 305 NA NA NA NA NA NA NA NA NA 
4 8 14 0.500000 0 5 0 0 1.736780 1 6 10 631 403 6 495 325 3 609 459 9 580 355 1 397 360 NA NA NA NA NA NA NA NA NA 
4 8 15 0.500000 0 5 1 1 1.143559 1 6 3 439 473 9 568 311 5 586 465 7 436 414 1 589 397 NA NA NA NA NA NA NA NA NA 
4 8 16 0.500000 0 2 0 0 1.156095 1 10 6 423 424 10 564 339 NA NA NA NA NA NA NA NA NA NA NA NA NA NA NA NA NA NA 
4 8 17 0.500000 0 8 0 0 0.987334 3 6 3 557 463 4 406 439 5 565 315 6 426 298 10 490 461 2 488 317 7 406 371 9 634 417 
4 8 18 0.500000 0 2 0 0 0.992519 0 8 8 557 464 5 551 335 NA NA NA NA NA NA NA NA NA NA NA NA NA NA NA NA NA NA 
4 8 19 0.500000 0 8 0 0 0.889468 3 7 4 417 453 9 615 330 6 603 441 7 415 367 3 526 446 2 478 336 1 391 296 8 461 413 
4 8 20 0.500000 0 2 0 0 1.113726 0 10 10 563 472 7 458 446 NA NA NA NA NA NA NA NA NA NA NA NA NA NA NA NA NA NA 
4 8 21 0.500000 0 5 0 0 1.094902 0 10 10 398 320 3 576 294 8 580 396 5 630 447 4 491 442 NA NA NA NA NA NA NA NA NA 
4 8 22 0.500000 0 8 0 1 1.176522 1 9 6 443 350 9 572 349 10 616 440 2 425 453 7 387 389 8 401 308 4 498 474 5 506 303 
4 8 23 0.500000 0 2 1 1 0.928299 1 5 6 505 450 10 564 294 NA NA NA NA NA NA NA NA NA NA NA NA NA NA NA NA NA NA 
4 8 24 0.500000 0 8 0 1 1.876791 7 10 4 519 471 7 410 444 9 607 420 2 409 354 6 632 305 5 519 321 1 632 473 10 584 359 
4 8 25 0.500000 0 8 1 1 1.286222 5 6 3 413 393 1 579 319 5 438 337 9 616 427 2 462 429 8 624 369 7 521 303 4 543 451 
4 8 26 0.500000 0 5 1 1 1.216545 2 7 1 486 470 2 591 329 10 633 452 8 446 328 4 614 394 NA NA NA NA NA NA NA NA NA 
4 8 27 0.500000 0 8 1 1 1.023859 4 5 3 495 314 9 618 401 2 401 312 7 408 419 8 506 457 6 602 472 4 456 365 10 626 295 
4 8 28 0.500000 0 5 0 0 1.026174 1 1 4 430 437 1 576 339 5 400 325 8 557 468 10 514 298 NA NA NA NA NA NA NA NA NA 
4 8 29 0.500000 0 2 0 0 1.000970 0 6 6 396 377 2 612 310 NA NA NA NA NA NA NA NA NA NA NA NA NA NA NA NA NA NA 
4 8 30 0.500000 0 8 1 0 3.896192 3 1 9 632 457 5 454 455 4 563 423 7 589 362 2 390 414 6 507 321 3 412 328 10 569 295 
4 8 31 0.500000 0 8 1 0 1.612024 2 10 7 623 381 2 597 442 5 450 351 3 555 301 4 514 449 8 414 452 6 410 301 1 616 305 
4 8 32 0.500000 0 2 1 1 1.077434 0 3 6 467 308 7 590 359 NA NA NA NA NA NA NA NA NA NA NA NA NA NA NA NA NA NA 
4 8 33 0.500000 0 8 0 1 1.934432 5 3 4 395 461 6 490 449 2 405 379 8 566 312 9 481 309 3 636 466 10 568 460 5 636 329 
4 8 34 0.500000 0 5 0 0 1.569504 1 8 9 622 396 8 553 320 1 432 398 6 457 469 3 543 450 NA NA NA NA NA NA NA NA NA 
4 8 35 0.500000 0 2 0 0 0.775981 1 10 7 401 351 10 602 445 NA NA NA NA NA NA NA NA NA NA NA NA NA NA NA NA NA NA 
4 8 36 0.500000 0 2 1 1 1.119889 0 8 6 400 322 2 599 296 NA NA NA NA NA NA NA NA NA NA NA NA NA NA NA NA NA NA 
4 8 37 0.500000 0 2 0 0 0.724381 1 7 6 495 295 7 628 332 NA NA NA NA NA NA NA NA NA NA NA NA NA NA NA NA NA NA 
4 8 38 0.500000 0 8 0 1 1.388902 3 3 4 446 360 2 620 468 6 539 318 3 603 408 8 432 472 5 407 409 10 596 298 1 388 348 
4 8 39 0.500000 0 8 0 0 0.976186 2 3 9 607 458 4 542 470 3 492 322 6 474 429 7 603 326 8 393 305 5 403 446 10 438 380 
4 8 40 0.500000 0 2 0 0 1.298947 0 1 1 497 306 7 616 398 NA NA NA NA NA NA NA NA NA NA NA NA NA NA NA NA NA NA 
4 8 41 0.500000 0 2 1 1 1.266813 1 4 9 623 443 5 629 372 NA NA NA NA NA NA NA NA NA NA NA NA NA NA NA NA NA NA 
4 8 42 0.500000 0 2 0 0 0.854869 0 1 1 589 441 7 592 332 NA NA NA NA NA NA NA NA NA NA NA NA NA NA NA NA NA NA 
4 8 43 0.500000 0 2 1 1 1.740625 0 10 5 413 304 9 594 367 NA NA NA NA NA NA NA NA NA NA NA NA NA NA NA NA NA NA 
4 8 44 0.500000 0 5 1 1 1.632982 3 1 6 611 350 4 590 417 9 436 308 7 483 439 10 573 474 NA NA NA NA NA NA NA NA NA 
4 8 45 0.500000 0 8 1 1 1.584237 6 4 6 616 415 2 525 309 9 401 400 1 608 298 3 545 465 7 466 295 8 477 452 5 401 300 
4 8 46 0.500000 0 5 1 1 1.731554 2 10 4 410 306 7 613 295 2 612 442 9 538 438 1 470 339 NA NA NA NA NA NA NA NA NA 
4 8 47 0.500000 0 5 0 0 0.958089 0 7 7 437 370 2 476 315 10 514 472 8 632 355 9 396 316 NA NA NA NA NA NA NA NA NA 
4 8 48 0.500000 0 8 1 1 1.289364 1 1 10 635 406 3 553 300 6 599 453 8 399 360 5 581 351 9 420 424 7 484 321 4 421 306 
4 8 49 0.500000 0 2 1 1 0.935957 0 8 10 561 298 2 557 439 NA NA NA NA NA NA NA NA NA NA NA NA NA NA NA NA NA NA 
4 8 50 0.500000 0 8 1 1 1.061941 6 7 5 588 372 8 390 372 10 632 450 6 567 457 3 466 307 9 439 408 2 634 333 4 529 311 
4 8 51 0.500000 0 2 1 1 1.466654 1 1 3 422 444 5 568 466 NA NA NA NA NA NA NA NA NA NA NA NA NA NA NA NA NA NA 
4 8 52 0.500000 0 8 0 0 0.959506 7 1 10 445 377 5 419 309 8 584 434 4 595 301 2 512 310 6 621 358 7 518 465 1 442 453 
4 8 53 0.500000 0 5 1 1 1.158531 2 3 7 553 342 4 609 424 2 452 425 9 470 336 6 565 469 NA NA NA NA NA NA NA NA NA 
4 8 54 0.500000 0 8 1 1 1.152413 1 10 2 618 447 6 593 367 1 425 303 9 483 330 5 487 454 3 416 440 4 418 382 7 556 434 
4 8 55 0.500000 0 2 0 0 0.845794 0 7 7 566 357 2 403 354 NA NA NA NA NA NA NA NA NA NA NA NA NA NA NA NA NA NA 
4 8 56 0.500000 0 5 1 1 1.001911 2 3 7 416 395 8 462 306 6 544 314 1 609 342 4 481 440 NA NA NA NA NA NA NA NA NA 
4 8 57 0.500000 0 2 0 0 1.318392 0 9 9 526 312 8 528 453 NA NA NA NA NA NA NA NA NA NA NA NA NA NA NA NA NA NA 
4 8 58 0.500000 0 2 1 1 1.121603 0 10 5 451 418 4 629 387 NA NA NA NA NA NA NA NA NA NA NA NA NA NA NA NA NA NA 
4 8 59 0.500000 0 5 0 0 1.316281 4 4 8 392 372 7 619 394 6 555 430 9 461 302 4 551 309 NA NA NA NA NA NA NA NA NA 
