7 0 0 0.700000 0 8 1 1 1.294790 5 4 10 594 343 6 500 462 8 433 322 1 392 473 9 603 422 5 441 398 2 523 303 7 558 465 
7 0 1 0.700000 0 8 0 1 1.336574 3 6 9 505 459 1 429 311 2 583 330 6 454 415 7 572 396 8 637 472 3 524 308 4 575 459 
7 0 2 0.700000 0 8 1 0 0.620458 2 4 8 577 457 9 486 310 1 592 313 7 453 470 3 421 351 10 389 407 6 392 471 5 584 377 
7 0 3 0.700000 0 2 0 0 1.331807 0 6 6 473 313 1 551 330 NA NA NA NA NA NA NA NA NA NA NA NA NA NA NA NA NA NA 
7 0 4 0.700000 0 2 1 1 1.181896 0 2 8 420 457 10 445 343 NA NA NA NA NA NA NA NA NA NA NA NA NA NA NA NA NA NA 
7 0 5 0.700000 0 8 1 1 2.008975 5 1 7 584 342 5 489 440 10 500 300 9 567 425 6 632 418 3 436 329 2 420 408 4 429 467 
7 0 6 0.700000 0 5 1 0 1.244267 3 10 7 549 322 8 602 364 3 625 455 9 416 465 2 558 429 NA NA NA NA NA NA NA NA NA 
7 0 7 0.700000 0 5 1 1 0.770041 3 10 7 483 296 3 484 444 1 598 436 6 429 395 4 431 323 NA NA NA NA NA NA NA NA NA 
7 0 8 0.700000 0 8 1 1 1.486425 1 3 5 546 324 4 624 350 8 575 467 2 393 423 7 479 463 10 447 357 1 452 299 6 637 449 
7 0 9 0.700000 0 8 0 1 1.483578 4 9 5 479 451 4 510 324 6 637 383 1 431 348 9 409 418 7 614 313 2 537 468 8 632 444 
7 0 10 0.700000 0 8 0 1 1.478279 7 10 8 558 310 7 434 297 3 616 437 1 625 369 4 460 443 2 534 466 5 404 413 10 629 301 
7 0 11 0.700000 0 8 1 1 0.784679 4 3 9 519 301 8 515 457 5 589 349 10 428 413 7 455 323 4 628 427 6 400 296 1 394 470 
7 0 12 0.700000 0 5 1 1 1.010427 3 6 9 589 297 8 446 463 1 453 313 5 587 397 2 391 429 NA NA NA NA NA NA NA NA NA 
7 0 13 0.700000 0 2 1 1 1.008579 0 3 4 611 434 2 623 312 NA NA NA NA NA NA NA NA NA NA NA NA NA NA NA NA NA NA 
7 0 14 0.700000 0 8 1 0 0.488431 0 8 4 440 462 7 507 461 10 438 342 6 633 408 1 502 323 3 574 401 5 603 330 9 395 401 
7 0 15 0.700000 0 5 0 0 1.547554 1 6 4 626 331 6 604 403 10 433 348 9 472 426 7 630 459 NA NA NA NA NA NA NA NA NA 
7 0 16 0.700000 0 2 1 1 1.819407 1 1 5 630 411 9 400 446 NA NA NA NA NA NA NA NA NA NA NA NA NA NA NA NA NA NA 
7 0 17 0.700000 0 5 1 1 1.336009 1 2 8 472 471 7 569 336 10 437 415 3 616 442 6 438 313 NA NA NA NA NA NA NA NA NA 
7 0 18 0.700000 0 8 0 1 0.998710 1 3 8 496 298 3 412 312 6 610 365 1 613 307 2 587 467 7 417 377 4 483 459 9 392 472 
7 0 19 0.700000 0 8 1 1 1.167203 0 1 6 520 461 4 421 432 5 636 446 3 394 348 7 521 320 8 598 308 2 580 406 10 633 372 
7 0 20 0.700000 0 5 1 1 1.174082 0 2 10 519 461 3 394 448 1 439 367 6 604 363 9 455 426 NA NA NA NA NA NA NA NA NA 
7 0 21 0.700000 0 5 1 1 1.081273 2 6 9 418 322 10 398 417 4 617 398 3 621 320 5 601 463 NA NA NA NA NA NA NA NA NA 
7 0 22 0.700000 0 5 0 0 1.168936 4 1 4 453 470 9 391 440 10 553 453 7 454 398 1 509 326 NA NA NA NA NA NA NA NA NA 
7 0 23 0.700000 0 5 0 0 1.112918 0 4 4 391 321 5 472 337 10 623 453 8 580 340 6 398 399 NA NA NA NA NA NA NA NA NA 
7 0 24 0.700000 0 2 0 1 0.772172 0 1 1 596 405 10 455 404 NA NA NA NA NA NA NA NA NA NA NA NA NA NA NA NA NA NA 
7 0 25 0.700000 0 2 1 1 1.413770 0 2 9 455 436 4 593 347 NA NA NA NA NA NA NA NA NA NA NA NA NA NA NA NA NA NA 
7 0 26 0.700000 0 2 0 0 0.987593 1 2 4 402 433 2 576 438 NA NA NA NA NA NA NA NA NA NA NA NA NA NA NA NA NA NA 
7 0 27 0.700000 0 2 1 1 2.009521 0 2 4 561 471 10 449 399 NA NA NA NA NA NA NA NA NA NA NA NA NA NA NA NA NA NA 
7 0 28 0.700000 0 8 0 0 1.040121 6 5 10 499 457 6 557 299 7 595 425 2 635 471 9 439 429 1 460 314 5 404 375 3 606 366 
7 0 29 0.700000 0 8 0 1 1.231711 2 7 9 600 343 5 414 454 7 612 423 6 518 465 10 459 294 4 394 392 3 527 304 2 412 329 
7 0 30 0.700000 0 5 0 1 1.164639 2 2 8 452 297 10 592 467 2 601 352 1 554 311 6 406 391 NA NA NA NA NA NA NA NA NA 
7 0 31 0.700000 0 5 0 0 0.929658 2 8 7 439 441 3 603 380 8 482 304 5 505 457 10 622 437 NA NA NA NA NA NA NA NA NA 
7 0 32 0.700000 0 8 1 1 1.081758 5 7 3 582 449 8 426 315 1 455 467 6 595 370 9 443 392 2 510 318 5 635 319 4 513 442 
7 0 33 0.700000 0 5 1 1 1.309542 0 2 7 584 463 9 479 324 10 454 404 5 621 338 3 404 315 NA NA NA NA NA NA NA NA NA 
7 0 34 0.700000 0 5 1 0 1.210507 3 5 3 453 349 8 444 428 1 571 410 4 524 458 2 396 308 NA NA NA NA NA NA NA NA NA 
7 0 35 0.700000 0 5 1 1 1.126561 3 3 1 448 391 6 428 312 5 604 363 7 393 438 4 535 440 NA NA NA NA NA NA NA NA NA 
7 0 36 0.700000 0 8 1 0 1.251426 2 5 9 439 451 1 421 346 7 558 449 8 606 412 3 390 419 2 630 359 4 573 323 6 502 319 
7 0 37 0.700000 0 5 1 1 1.225340 2 7 3 606 464 4 419 354 2 624 342 8 549 447 10 426 461 NA NA NA NA NA NA NA NA NA 
7 0 38 0.700000 0 5 1 1 0.960614 1 4 9 453 358 1 463 442 3 576 370 5 520 474 7 389 353 NA NA NA NA NA NA NA NA NA 
7 0 39 0.700000 0 2 1 1 0.830142 0 4 9 489 323 10 456 423 NA NA NA NA NA NA NA NA NA NA NA NA NA NA NA NA NA NA 
7 0 40 0.700000 0 2 1 1 0.763650 1 1 8 398 407 7 610 407 NA NA NA NA NA NA NA NA NA NA NA NA NA NA NA NA NA NA 
7 0 41 0.700000 0 2 1 1 0.886971 0 2 5 441 347 1 438 411 NA NA NA NA NA NA NA NA NA NA NA NA NA NA NA NA NA NA 
7 0 42 0.700000 0 2 1 1 0.764739 0 4 9 569 356 1 409 377 NA NA NA NA NA NA NA NA NA NA NA NA NA NA NA NA NA NA 
7 0 43 0.700000 0 2 1 1 1.296939 0 3 9 566 411 1 479 440 NA NA NA NA NA NA NA NA NA NA NA NA NA NA NA NA NA NA 
7 0 44 0.700000 0 8 1 1 1.168977 3 9 6 413 299 8 575 305 7 405 411 10 588 467 4 458 359 5 404 474 3 477 439 2 617 396 
7 0 45 0.700000 0 5 1 1 1.195964 4 10 5 412 418 6 473 336 4 614 393 1 525 444 2 441 473 NA NA NA NA NA NA NA NA NA 
7 0 46 0.700000 0 2 1 1 0.615025 1 7 2 568 447 5 398 458 NA NA NA NA NA NA NA NA NA NA NA NA NA NA NA NA NA NA 
7 0 47 0.700000 0 2 0 0 1.063173 1 3 1 440 357 3 480 298 NA NA NA NA NA NA NA NA NA NA NA NA NA NA NA NA NA NA 
7 0 48 0.700000 0 5 0 1 1.479760 2 8 10 475 469 7 401 362 8 609 453 9 628 299 2 608 354 NA NA NA NA NA NA NA NA NA 
7 0 49 0.700000 0 2 0 0 0.984363 0 5 5 439 404 7 391 294 NA NA NA NA NA NA NA NA NA NA NA NA NA NA NA NA NA NA 
7 0 50 0.700000 0 8 1 1 2.101047 6 3 7 608 416 8 442 304 5 525 441 6 444 426 4 575 325 10 403 360 9 635 304 1 391 463 
7 0 51 0.700000 0 2 1 0 2.686382 1 6 10 506 454 2 613 436 NA NA NA NA NA NA NA NA NA NA NA NA NA NA NA NA NA NA 
7 0 52 0.700000 0 8 1 1 2.527472 0 7 8 398 473 6 443 372 1 540 449 2 564 333 4 467 465 5 632 428 3 502 316 10 635 363 
7 0 53 0.700000 0 2 1 1 1.124536 0 2 10 570 372 9 428 338 NA NA NA NA NA NA NA NA NA NA NA NA NA NA NA NA NA NA 
7 0 54 0.700000 0 5 1 1 5.480498 0 1 3 506 453 10 397 326 9 586 404 4 576 340 6 458 343 NA NA NA NA NA NA NA NA NA 
7 0 55 0.700000 0 5 1 0 1.616639 1 7 1 499 313 8 444 460 3 573 380 4 538 469 2 408 315 NA NA NA NA NA NA NA NA NA 
7 0 56 0.700000 0 2 1 1 2.120232 0 7 9 485 320 10 543 305 NA NA NA NA NA NA NA NA NA NA NA NA NA NA NA NA NA NA 
7 0 57 0.700000 0 8 1 1 4.336916 4 8 3 443 471 6 554 311 9 600 432 7 541 460 1 480 324 4 388 345 5 624 359 10 391 419 
7 0 58 0.700000 0 2 0 1 2.807874 0 2 2 578 389 1 566 327 NA NA NA NA NA NA NA NA NA NA NA NA NA NA NA NA NA NA 
7 0 59 0.700000 0 8 1 1 3.779138 1 9 4 388 309 6 631 456 2 557 447 3 399 432 5 622 350 8 506 306 7 450 322 1 482 447 
7 1 0 0.500000 0 8 0 1 0.986073 2 7 1 456 361 6 637 418 7 594 360 4 557 458 5 490 308 2 435 472 10 560 302 9 412 314 
7 1 1 0.500000 0 5 1 1 1.041100 2 5 6 589 363 8 417 354 10 585 451 2 629 409 4 398 473 NA NA NA NA NA NA NA NA NA 
7 1 2 0.500000 0 8 0 0 0.801066 0 10 10 445 441 7 396 310 2 600 456 5 607 392 6 627 314 8 394 373 4 561 345 9 473 320 
7 1 3 0.500000 0 8 0 0 0.644284 1 9 4 586 430 9 409 342 2 526 450 10 432 472 3 399 411 5 614 346 8 559 310 1 463 296 
7 1 4 0.500000 0 5 0 0 1.253207 3 1 2 425 359 9 625 351 8 558 459 1 457 440 3 492 306 NA NA NA NA NA NA NA NA NA 
7 1 5 0.500000 0 5 1 1 1.120201 1 3 6 633 309 4 614 422 7 559 314 10 401 400 1 390 306 NA NA NA NA NA NA NA NA NA 
7 1 6 0.500000 0 8 1 0 0.902649 5 3 9 495 325 7 635 440 1 427 454 10 612 297 6 582 393 4 430 322 8 401 379 2 545 452 
7 1 7 0.500000 0 8 1 1 0.765538 5 8 3 544 324 6 444 405 10 619 405 7 438 326 2 549 444 4 626 315 9 488 444 5 430 473 
7 1 8 0.500000 0 8 1 0 0.644041 1 8 3 483 466 9 520 306 10 585 312 7 430 380 6 599 465 2 421 302 1 405 463 4 628 380 
7 1 9 0.500000 0 2 1 1 1.207853 1 3 5 476 318 2 417 388 NA NA NA NA NA NA NA NA NA NA NA NA NA NA NA NA NA NA 
7 1 10 0.500000 0 2 1 1 0.968232 0 8 9 564 313 1 399 388 NA NA NA NA NA NA NA NA NA NA NA NA NA NA NA NA NA NA 
7 1 11 0.500000 0 5 1 1 1.039708 3 10 4 516 315 8 531 456 6 444 463 9 439 321 2 612 426 NA NA NA NA NA NA NA NA NA 
7 1 12 0.500000 0 8 0 0 1.102759 4 3 2 628 464 6 453 370 8 549 435 4 591 304 3 422 460 7 493 461 5 485 298 10 572 361 
7 1 13 0.500000 0 5 0 0 0.615179 0 8 8 433 437 2 622 366 5 444 356 6 537 304 3 573 462 NA NA NA NA NA NA NA NA NA 
7 1 14 0.500000 0 2 1 1 1.134431 0 10 3 449 384 6 595 334 NA NA NA NA NA NA NA NA NA NA NA NA NA NA NA NA NA NA 
7 1 15 0.500000 0 8 0 0 1.000016 7 1 7 455 339 10 523 303 9 604 336 5 605 459 6 439 424 2 585 401 3 396 367 1 511 445 
7 1 16 0.500000 0 5 1 1 0.860671 4 7 6 388 445 1 599 377 2 514 314 8 481 449 9 432 349 NA NA NA NA NA NA NA NA NA 
7 1 17 0.500000 0 8 1 1 0.811648 4 7 5 580 350 6 560 452 9 498 299 2 625 471 8 409 370 3 430 454 1 610 403 10 616 295 
7 1 18 0.500000 0 8 1 1 1.804863 1 9 7 390 419 4 591 416 3 453 467 1 582 358 10 622 308 5 469 337 6 446 395 2 522 444 
7 1 19 0.500000 0 5 1 1 1.138325 4 1 4 554 335 7 476 436 5 404 341 9 613 393 3 617 325 NA NA NA NA NA NA NA NA NA 
7 1 20 0.500000 0 2 0 0 0.680643 1 4 1 619 429 4 439 454 NA NA NA NA NA NA NA NA NA NA NA NA NA NA NA NA NA NA 
7 1 21 0.500000 0 8 0 0 0.960503 7 2 6 626 371 8 423 412 1 395 346 10 494 449 5 581 437 4 637 474 7 595 296 2 451 305 
7 1 22 0.500000 0 2 1 1 0.776374 1 4 5 474 313 9 412 419 NA NA NA NA NA NA NA NA NA NA NA NA NA NA NA NA NA NA 
7 1 23 0.500000 0 5 1 1 0.998694 3 6 3 547 330 9 389 370 1 550 453 2 444 312 4 403 471 NA NA NA NA NA NA NA NA NA 
7 1 24 0.500000 0 2 0 1 1.605952 0 8 8 618 322 7 439 308 NA NA NA NA NA NA NA NA NA NA NA NA NA NA NA NA NA NA 
7 1 25 0.500000 0 2 1 1 1.125681 1 10 8 570 301 9 434 386 NA NA NA NA NA NA NA NA NA NA NA NA NA NA NA NA NA NA 
7 1 26 0.500000 0 8 1 1 0.939350 2 1 9 513 459 8 592 440 7 598 300 10 407 397 3 417 296 6 580 357 2 460 431 4 492 325 
7 1 27 0.500000 0 5 1 1 0.576579 2 9 6 419 330 10 629 398 8 604 324 7 450 469 1 443 384 NA NA NA NA NA NA NA NA NA 
7 1 28 0.500000 0 5 0 0 0.987313 0 7 7 564 358 3 584 445 1 478 435 10 615 295 8 407 465 NA NA NA NA NA NA NA NA NA 
7 1 29 0.500000 0 8 0 1 1.001062 6 3 1 403 307 8 454 433 9 393 370 7 460 345 5 592 311 6 636 473 3 533 302 10 594 427 
7 1 30 0.500000 0 2 1 1 1.012099 1 1 4 512 321 7 603 306 NA NA NA NA NA NA NA NA NA NA NA NA NA NA NA NA NA NA 
7 1 31 0.500000 0 2 0 0 1.039794 1 2 6 524 324 2 415 474 NA NA NA NA NA NA NA NA NA NA NA NA NA NA NA NA NA NA 
7 1 32 0.500000 0 5 1 1 0.747466 1 4 9 427 327 7 436 416 6 590 328 3 629 421 5 577 470 NA NA NA NA NA NA NA NA NA 
7 1 33 0.500000 0 8 1 1 1.060824 1 10 1 411 330 3 522 442 5 624 444 8 601 338 6 441 418 2 478 312 7 399 461 4 551 302 
7 1 34 0.500000 0 2 1 1 1.258736 0 9 3 455 346 7 589 377 NA NA NA NA NA NA NA NA NA NA NA NA NA NA NA NA NA NA 
7 1 35 0.500000 0 8 1 1 1.301004 3 1 5 594 361 3 481 437 6 566 422 10 402 459 9 388 402 7 391 317 4 628 441 2 575 294 
7 1 36 0.500000 0 2 0 0 0.908572 1 8 1 561 332 8 421 360 NA NA NA NA NA NA NA NA NA NA NA NA NA NA NA NA NA NA 
7 1 37 0.500000 0 8 0 1 0.743724 5 5 6 388 354 2 564 315 3 396 295 10 409 461 1 499 324 5 559 450 7 633 391 8 450 388 
7 1 38 0.500000 0 2 0 0 0.591744 0 5 5 452 345 10 572 391 NA NA NA NA NA NA NA NA NA NA NA NA NA NA NA NA NA NA 
7 1 39 0.500000 0 2 1 1 1.105124 1 8 1 496 443 9 534 310 NA NA NA NA NA NA NA NA NA NA NA NA NA NA NA NA NA NA 
7 1 40 0.500000 0 8 0 0 1.049842 2 6 9 404 347 5 504 451 6 629 372 10 397 410 3 463 298 7 572 397 8 617 449 4 552 336 
7 1 41 0.500000 0 5 0 1 0.788003 4 3 10 498 303 5 415 407 2 444 336 8 614 325 3 573 377 NA NA NA NA NA NA NA NA NA 
7 1 42 0.500000 0 8 1 1 1.024003 6 6 1 628 319 4 537 473 5 610 456 2 430 428 7 549 316 3 485 318 9 395 345 10 603 395 
7 1 43 0.500000 0 5 1 0 1.026879 1 2 6 606 333 1 416 375 4 454 446 5 588 471 7 524 327 NA NA NA NA NA NA NA NA NA 
7 1 44 0.500000 0 2 0 1 0.954184 0 4 4 486 458 7 587 306 NA NA NA NA NA NA NA NA NA NA NA NA NA NA NA NA NA NA 
7 1 45 0.500000 0 2 0 0 0.931495 1 7 10 601 381 7 519 471 NA NA NA NA NA NA NA NA NA NA NA NA NA NA NA NA NA NA 
7 1 46 0.500000 0 8 1 1 1.002575 4 3 5 414 432 6 506 305 2 633 417 4 395 332 1 623 345 9 474 465 10 566 456 7 443 375 
7 1 47 0.500000 0 5 0 1 1.009662 4 6 8 547 307 9 430 318 7 634 322 4 620 406 6 452 406 NA NA NA NA NA NA NA NA NA 
7 1 48 0.500000 0 5 0 0 0.516463 3 2 3 605 305 4 603 388 1 495 450 2 435 387 7 465 328 NA NA NA NA NA NA NA NA NA 
7 1 49 0.500000 0 2 0 0 0.792643 0 2 2 603 391 4 617 461 NA NA NA NA NA NA NA NA NA NA NA NA NA NA NA NA NA NA 
7 1 50 0.500000 0 2 1 1 0.872452 0 1 5 510 313 3 410 306 NA NA NA NA NA NA NA NA NA NA NA NA NA NA NA NA NA NA 
7 1 51 0.500000 0 8 0 0 0.910551 3 2 10 517 304 4 576 305 9 438 426 2 580 382 5 632 428 7 523 442 8 428 364 1 391 467 
7 1 52 0.500000 0 2 0 0 0.474318 0 2 2 447 469 1 450 389 NA NA NA NA NA NA NA NA NA NA NA NA NA NA NA NA NA NA 
7 1 53 0.500000 0 5 1 1 0.842915 2 1 9 586 455 10 422 331 5 477 452 3 613 331 7 398 452 NA NA NA NA NA NA NA NA NA 
7 1 54 0.500000 0 5 0 0 0.900529 2 8 4 411 315 3 626 436 8 459 360 2 582 335 5 636 368 NA NA NA NA NA NA NA NA NA 
7 1 55 0.500000 0 5 0 0 1.156315 2 9 1 420 365 8 571 318 9 406 451 10 512 470 7 513 307 NA NA NA NA NA NA NA NA NA 
7 1 56 0.500000 0 5 0 0 0.883652 3 2 3 562 426 9 589 321 5 449 413 2 458 314 7 516 303 NA NA NA NA NA NA NA NA NA 
7 1 57 0.500000 0 2 1 1 12.166012 1 10 5 586 300 1 609 448 NA NA NA NA NA NA NA NA NA NA NA NA NA NA NA NA NA NA 
7 1 58 0.500000 0 5 0 1 1.366057 0 4 4 425 433 3 536 447 2 630 336 7 521 311 5 400 352 NA NA NA NA NA NA NA NA NA 
7 1 59 0.500000 0 2 0 1 1.821229 1 1 9 566 448 1 415 299 NA NA NA NA NA NA NA NA NA NA NA NA NA NA NA NA NA NA 
7 2 0 0.300000 0 8 0 1 1.122938 2 10 8 407 384 1 606 357 10 503 470 3 490 310 6 549 308 5 409 461 7 624 454 9 433 299 
7 2 1 0.300000 0 8 0 1 0.713369 4 6 1 486 455 8 572 322 4 416 365 10 510 307 6 565 436 2 448 306 5 437 422 7 394 462 
7 2 2 0.300000 0 5 0 0 0.803549 4 1 6 504 465 8 565 472 5 399 298 2 413 418 1 462 294 NA NA NA NA NA NA NA NA NA 
7 2 3 0.300000 0 5 0 0 0.819179 0 4 4 403 324 9 460 300 1 555 325 10 419 391 8 484 446 NA NA NA NA NA NA NA NA NA 
7 2 4 0.300000 0 5 1 1 0.720906 0 3 1 627 373 6 423 342 7 411 418 8 587 419 10 621 315 NA NA NA NA NA NA NA NA NA 
7 2 5 0.300000 0 2 0 0 0.425801 1 8 10 413 392 8 612 406 NA NA NA NA NA NA NA NA NA NA NA NA NA NA NA NA NA NA 
7 2 6 0.300000 0 5 1 0 0.565333 0 8 4 481 306 1 452 472 6 518 474 5 389 404 9 622 410 NA NA NA NA NA NA NA NA NA 
7 2 7 0.300000 0 5 0 1 1.347004 1 7 10 387 311 7 549 463 8 556 312 2 600 352 3 568 403 NA NA NA NA NA NA NA NA NA 
7 2 8 0.300000 0 2 0 0 0.366020 1 5 9 605 343 5 422 336 NA NA NA NA NA NA NA NA NA NA NA NA NA NA NA NA NA NA 
7 2 9 0.300000 0 2 0 1 0.747570 0 3 3 615 369 5 453 373 NA NA NA NA NA NA NA NA NA NA NA NA NA NA NA NA NA NA 
7 2 10 0.300000 0 2 0 0 0.947024 1 1 6 562 354 1 519 462 NA NA NA NA NA NA NA NA NA NA NA NA NA NA NA NA NA NA 
7 2 11 0.300000 0 5 1 0 1.259784 1 1 10 467 463 4 607 402 2 450 375 9 566 354 7 532 304 NA NA NA NA NA NA NA NA NA 
7 2 12 0.300000 0 8 1 0 0.773835 2 6 4 625 321 1 509 446 10 622 449 9 391 340 2 469 305 8 429 433 5 583 370 7 444 369 
7 2 13 0.300000 0 8 0 0 0.982174 6 10 3 457 414 9 438 309 2 634 340 1 480 473 4 545 303 7 399 443 10 545 456 8 620 461 
7 2 14 0.300000 0 8 0 0 0.435029 7 3 10 429 356 7 485 315 2 548 448 5 463 432 8 593 380 6 394 427 1 635 296 3 562 311 
7 2 15 0.300000 0 5 0 0 0.878667 4 6 2 577 318 3 592 448 4 511 458 10 403 403 6 462 312 NA NA NA NA NA NA NA NA NA 
7 2 16 0.300000 0 8 0 0 0.947934 6 6 2 399 408 7 393 326 3 636 315 8 533 296 4 591 446 5 475 474 6 576 374 9 454 341 
7 2 17 0.300000 0 8 0 0 0.843841 7 10 4 603 367 2 430 319 5 525 452 9 613 442 1 444 440 6 393 383 7 572 313 10 492 305 
7 2 18 0.300000 0 5 0 1 0.670942 3 4 9 395 301 6 399 437 8 428 382 4 591 305 10 610 456 NA NA NA NA NA NA NA NA NA 
7 2 19 0.300000 0 5 0 0 0.663748 3 9 5 612 463 8 521 297 6 465 451 9 591 306 3 591 378 NA NA NA NA NA NA NA NA NA 
7 2 20 0.300000 0 5 0 0 0.495282 1 3 5 553 339 3 394 308 8 615 404 7 454 326 2 394 369 NA NA NA NA NA NA NA NA NA 
7 2 21 0.300000 0 8 1 1 1.284801 7 7 8 552 308 4 585 405 6 423 348 1 564 465 3 402 468 2 486 310 10 482 474 5 445 404 
7 2 22 0.300000 0 8 0 0 0.429502 4 2 6 633 350 7 440 439 5 597 428 8 422 379 2 401 318 9 500 474 4 477 330 1 579 319 
7 2 23 0.300000 0 5 0 0 0.600495 4 3 6 388 370 4 604 456 7 478 458 1 408 448 3 444 388 NA NA NA NA NA NA NA NA NA 
7 2 24 0.300000 0 5 0 0 0.462822 3 2 7 486 467 10 600 400 9 400 433 2 418 307 3 600 342 NA NA NA NA NA NA NA NA NA 
7 2 25 0.300000 0 8 1 1 25.563650 1 7 8 475 438 1 569 337 4 395 355 6 623 298 3 409 430 2 573 473 10 636 420 5 514 303 
7 2 26 0.300000 0 2 1 1 1.844842 1 9 5 404 348 8 516 314 NA NA NA NA NA NA NA NA NA NA NA NA NA NA NA NA NA NA 
7 2 27 0.300000 0 8 0 1 1.248343 2 4 6 570 423 2 441 330 4 571 365 10 611 298 9 452 390 3 537 316 1 505 473 8 401 427 
7 2 28 0.300000 0 5 1 0 -1.000000 0 10 6 454 421 1 592 451 9 630 352 7 399 452 3 460 295 NA NA NA NA NA NA NA NA NA 
7 2 29 0.300000 0 8 0 1 3.205931 2 8 2 419 361 1 598 372 8 525 299 4 568 469 9 440 424 3 501 447 10 627 300 5 451 310 
7 2 30 0.300000 0 2 1 1 1.249194 1 7 6 514 442 2 447 427 NA NA NA NA NA NA NA NA NA NA NA NA NA NA NA NA NA NA 
7 2 31 0.300000 0 8 1 1 1.871781 4 3 2 629 402 7 504 472 1 410 432 8 459 352 4 555 435 5 562 294 6 595 355 10 392 347 
7 2 32 0.300000 0 2 0 0 1.478809 0 1 1 567 349 5 405 468 NA NA NA NA NA NA NA NA NA NA NA NA NA NA NA NA NA NA 
7 2 33 0.300000 0 2 0 0 2.484502 1 2 9 607 455 2 455 299 NA NA NA NA NA NA NA NA NA NA NA NA NA NA NA NA NA NA 
7 2 34 0.300000 0 2 1 1 4.545464 1 5 3 567 351 1 398 473 NA NA NA NA NA NA NA NA NA NA NA NA NA NA NA NA NA NA 
7 2 35 0.300000 0 8 0 0 4.077558 5 8 5 521 456 3 630 308 2 592 372 6 628 445 9 434 306 8 514 310 4 443 421 7 391 363 
7 2 36 0.300000 0 2 0 0 0.920418 0 1 1 525 326 7 617 433 NA NA NA NA NA NA NA NA NA NA NA NA NA NA NA NA NA NA 
7 2 37 0.300000 0 8 1 1 3.610343 4 10 8 426 307 1 599 471 3 566 360 2 463 442 6 502 301 9 393 408 7 616 408 5 623 333 
7 2 38 0.300000 0 2 1 1 2.196053 0 2 9 453 338 4 535 448 NA NA NA NA NA NA NA NA NA NA NA NA NA NA NA NA NA NA 
7 2 39 0.300000 0 5 0 1 1.843631 3 10 3 409 409 8 632 342 2 459 439 10 579 417 9 507 304 NA NA NA NA NA NA NA NA NA 
7 2 40 0.300000 0 8 0 0 4.748902 6 9 3 409 413 5 626 403 1 546 324 7 400 324 4 543 434 8 605 343 9 460 451 2 488 316 
7 2 41 0.300000 0 2 0 1 -1.000000 1 6 8 418 435 6 569 352 NA NA NA NA NA NA NA NA NA NA NA NA NA NA NA NA NA NA 
7 2 42 0.300000 0 2 0 0 3.329533 1 6 3 441 334 6 566 360 NA NA NA NA NA NA NA NA NA NA NA NA NA NA NA NA NA NA 
7 2 43 0.300000 0 5 0 1 3.009748 1 7 10 611 437 7 387 306 2 437 373 5 556 339 3 430 440 NA NA NA NA NA NA NA NA NA 
7 2 44 0.300000 0 8 0 0 2.755495 2 7 4 617 440 3 409 377 7 590 384 1 472 318 2 510 445 5 595 299 6 445 453 10 634 343 
7 2 45 0.300000 0 2 0 0 0.927692 1 7 9 398 436 7 468 346 NA NA NA NA NA NA NA NA NA NA NA NA NA NA NA NA NA NA 
7 2 46 0.300000 0 2 1 1 1.066694 0 8 5 397 398 3 513 448 NA NA NA NA NA NA NA NA NA NA NA NA NA NA NA NA NA NA 
7 2 47 0.300000 0 5 1 1 0.938696 2 2 9 601 455 6 405 329 8 604 373 5 465 311 4 392 420 NA NA NA NA NA NA NA NA NA 
7 2 48 0.300000 0 8 0 1 1.515291 2 6 3 571 412 10 619 349 6 557 340 2 404 406 4 480 450 8 393 473 9 454 297 5 559 472 
7 2 49 0.300000 0 5 1 1 1.024585 0 4 1 515 448 9 521 313 3 626 337 10 405 437 5 447 396 NA NA NA NA NA NA NA NA NA 
7 2 50 0.300000 0 8 0 1 0.843174 7 4 7 448 305 3 576 424 5 430 439 2 584 336 10 626 469 9 497 463 8 440 367 4 631 394 
7 2 51 0.300000 0 2 1 0 1.609585 0 4 6 459 467 7 588 424 NA NA NA NA NA NA NA NA NA NA NA NA NA NA NA NA NA NA 
7 2 52 0.300000 0 2 0 0 0.984331 0 9 9 409 297 2 510 323 NA NA NA NA NA NA NA NA NA NA NA NA NA NA NA NA NA NA 
7 2 53 0.300000 0 8 1 1 3.080616 2 6 7 603 299 4 462 456 1 446 298 9 609 427 5 407 360 10 549 329 2 388 466 8 534 439 
7 2 54 0.300000 0 2 0 1 3.352153 1 4 1 530 307 4 402 368 NA NA NA NA NA NA NA NA NA NA NA NA NA NA NA NA NA NA 
7 2 55 0.300000 0 5 0 0 2.620378 4 3 6 631 342 10 567 408 7 544 308 9 606 469 3 449 358 NA NA NA NA NA NA NA NA NA 
7 2 56 0.300000 0 2 0 1 1.578199 1 3 7 552 320 3 409 371 NA NA NA NA NA NA NA NA NA NA NA NA NA NA NA NA NA NA 
7 2 57 0.300000 0 5 0 0 1.463129 1 6 2 578 432 6 473 452 5 463 309 8 537 324 1 621 337 NA NA NA NA NA NA NA NA NA 
7 2 58 0.300000 0 2 0 1 0.982006 0 9 9 390 336 5 497 474 NA NA NA NA NA NA NA NA NA NA NA NA NA NA NA NA NA NA 
7 2 59 0.300000 0 5 0 0 0.897704 2 3 9 500 445 8 402 428 3 597 310 4 477 315 1 622 444 NA NA NA NA NA NA NA NA NA 
7 3 0 0.500000 0 5 1 1 1.184606 0 6 4 423 470 3 504 301 10 450 418 8 493 467 7 627 463 NA NA NA NA NA NA NA NA NA 
7 3 1 0.500000 0 8 0 1 1.320113 2 7 6 462 349 2 619 327 7 387 369 1 399 437 8 542 470 3 416 297 5 571 401 10 540 322 
7 3 2 0.500000 0 8 0 0 2.759346 0 9 9 590 423 8 412 361 4 526 305 6 615 294 10 387 438 3 592 364 5 389 299 1 451 317 
7 3 3 0.500000 0 5 1 1 1.043528 4 5 6 609 300 3 635 374 9 441 323 8 579 461 7 429 472 NA NA NA NA NA NA NA NA NA 
7 3 4 0.500000 0 2 1 1 1.664988 0 3 8 589 364 6 451 393 NA NA NA NA NA NA NA NA NA NA NA NA NA NA NA NA NA NA 
7 3 5 0.500000 0 2 0 0 0.984995 1 10 8 586 462 10 613 327 NA NA NA NA NA NA NA NA NA NA NA NA NA NA NA NA NA NA 
7 3 6 0.500000 0 2 0 1 1.236274 0 5 5 594 321 9 419 463 NA NA NA NA NA NA NA NA NA NA NA NA NA NA NA NA NA NA 
7 3 7 0.500000 0 8 1 0 1.025171 0 5 6 555 457 7 426 294 3 621 313 8 492 439 2 503 312 9 414 397 4 633 373 1 570 355 
7 3 8 0.500000 0 5 0 1 1.441800 4 4 3 415 425 8 434 314 7 574 463 2 624 337 4 632 434 NA NA NA NA NA NA NA NA NA 
7 3 9 0.500000 0 5 0 0 0.907020 1 10 7 569 314 10 487 328 1 568 421 8 636 294 5 411 469 NA NA NA NA NA NA NA NA NA 
7 3 10 0.500000 0 8 0 0 1.068806 1 1 8 554 473 1 623 309 2 456 311 4 418 468 7 575 385 9 618 454 10 444 400 3 556 299 
7 3 11 0.500000 0 5 1 1 1.100541 2 2 7 429 306 4 587 356 9 388 416 10 445 382 3 430 467 NA NA NA NA NA NA NA NA NA 
7 3 12 0.500000 0 5 1 1 1.103442 1 1 9 407 423 3 485 312 5 425 302 4 590 401 6 564 349 NA NA NA NA NA NA NA NA NA 
7 3 13 0.500000 0 2 0 0 0.781001 0 3 3 546 316 2 410 458 NA NA NA NA NA NA NA NA NA NA NA NA NA NA NA NA NA NA 
7 3 14 0.500000 0 5 0 0 0.825201 1 6 10 634 354 6 520 307 5 536 448 8 625 473 4 439 347 NA NA NA NA NA NA NA NA NA 
7 3 15 0.500000 0 5 1 1 1.502044 0 10 1 586 327 9 419 304 8 572 436 7 439 394 2 612 385 NA NA NA NA NA NA NA NA NA 
7 3 16 0.500000 0 2 1 1 0.899136 0 5 9 624 411 4 580 358 NA NA NA NA NA NA NA NA NA NA NA NA NA NA NA NA NA NA 
7 3 17 0.500000 0 5 0 0 0.781800 1 7 2 631 389 7 533 462 6 599 448 10 426 299 8 543 308 NA NA NA NA NA NA NA NA NA 
7 3 18 0.500000 0 2 1 1 1.392608 1 8 2 442 353 3 619 409 NA NA NA NA NA NA NA NA NA NA NA NA NA NA NA NA NA NA 
7 3 19 0.500000 0 5 0 1 0.884158 1 10 4 415 320 10 620 378 1 620 474 8 393 440 3 545 327 NA NA NA NA NA NA NA NA NA 
7 3 20 0.500000 0 8 1 0 0.889632 3 7 8 575 422 9 507 316 4 429 295 1 623 381 10 451 433 2 596 326 3 453 349 5 633 445 
7 3 21 0.500000 0 2 1 1 1.204755 0 5 8 589 345 2 425 420 NA NA NA NA NA NA NA NA NA NA NA NA NA NA NA NA NA NA 
7 3 22 0.500000 0 5 0 1 1.722360 3 6 8 535 458 5 470 473 2 391 473 6 476 321 1 633 440 NA NA NA NA NA NA NA NA NA 
7 3 23 0.500000 0 5 1 1 1.151300 4 9 6 636 444 3 397 329 8 393 433 10 444 463 1 520 467 NA NA NA NA NA NA NA NA NA 
7 3 24 0.500000 0 2 1 0 1.251886 0 10 8 415 382 2 556 318 NA NA NA NA NA NA NA NA NA NA NA NA NA NA NA NA NA NA 
7 3 25 0.500000 0 2 0 0 1.077515 0 2 2 492 312 8 609 398 NA NA NA NA NA NA NA NA NA NA NA NA NA NA NA NA NA NA 
7 3 26 0.500000 0 2 0 0 0.665691 0 2 2 462 416 9 592 405 NA NA NA NA NA NA NA NA NA NA NA NA NA NA NA NA NA NA 
7 3 27 0.500000 0 5 1 1 0.966104 2 5 10 437 296 6 471 464 3 593 316 1 577 462 2 439 402 NA NA NA NA NA NA NA NA NA 
7 3 28 0.500000 0 5 0 1 0.921597 3 2 3 409 433 9 479 319 10 401 364 2 609 416 1 581 351 NA NA NA NA NA NA NA NA NA 
7 3 29 0.500000 0 5 1 1 1.297873 3 4 3 637 428 10 411 385 6 390 299 7 567 470 2 590 363 NA NA NA NA NA NA NA NA NA 
7 3 30 0.500000 0 8 1 1 1.092859 1 3 4 433 316 8 597 342 10 569 473 6 430 408 1 447 471 9 597 405 7 523 322 5 507 472 
7 3 31 0.500000 0 8 0 1 0.940399 5 5 10 512 464 3 574 309 1 625 366 8 408 315 9 586 446 5 443 470 7 466 299 6 387 417 
7 3 32 0.500000 0 5 0 0 0.695300 1 5 8 615 395 5 568 336 9 557 460 3 442 355 1 503 304 NA NA NA NA NA NA NA NA NA 
7 3 33 0.500000 0 8 0 1 0.915099 5 4 6 550 318 10 597 451 8 493 459 1 424 390 5 416 296 4 636 361 3 478 294 7 425 456 
7 3 34 0.500000 0 8 1 1 0.987297 4 9 10 462 468 7 598 381 5 418 423 1 520 299 4 439 310 6 552 461 3 583 311 2 408 363 
7 3 35 0.500000 0 8 1 1 0.781167 2 4 3 470 469 9 577 334 6 400 329 7 392 448 5 615 459 1 423 398 2 555 425 10 473 314 
7 3 36 0.500000 0 8 0 0 1.154146 1 1 2 476 333 1 559 318 3 634 395 4 400 372 9 444 451 6 611 461 10 425 298 7 634 316 
7 3 37 0.500000 0 8 1 0 0.903725 7 7 6 515 321 9 596 364 3 430 327 1 466 420 2 395 464 8 633 422 4 622 311 10 387 366 
7 3 38 0.500000 0 2 1 1 1.141116 0 10 2 391 301 5 624 321 NA NA NA NA NA NA NA NA NA NA NA NA NA NA NA NA NA NA 
7 3 39 0.500000 0 2 0 0 1.057931 1 3 5 529 452 3 630 469 NA NA NA NA NA NA NA NA NA NA NA NA NA NA NA NA NA NA 
7 3 40 0.500000 0 2 0 0 0.885542 1 9 7 444 340 9 421 470 NA NA NA NA NA NA NA NA NA NA NA NA NA NA NA NA NA NA 
7 3 41 0.500000 0 8 0 0 0.994409 7 3 6 439 382 5 601 376 4 527 462 8 413 295 7 525 319 9 633 322 2 629 456 3 460 463 
7 3 42 0.500000 0 8 0 0 1.085808 1 8 9 584 409 8 431 366 2 580 350 7 636 457 3 481 450 6 402 441 4 406 298 10 562 471 
7 3 43 0.500000 0 2 1 1 1.416335 0 7 1 477 466 8 416 425 NA NA NA NA NA NA NA NA NA NA NA NA NA NA NA NA NA NA 
7 3 44 0.500000 0 8 0 1 1.393235 7 7 10 419 420 5 389 472 9 628 380 1 431 295 2 576 309 6 615 457 8 484 326 7 523 472 
7 3 45 0.500000 0 8 1 0 0.801018 7 9 10 535 324 5 468 471 3 626 347 7 412 349 1 410 460 4 591 431 8 589 297 6 450 398 
7 3 46 0.500000 0 5 1 1 1.655453 2 4 8 436 391 7 512 307 2 572 379 5 425 304 1 550 446 NA NA NA NA NA NA NA NA NA 
7 3 47 0.500000 0 8 1 1 2.510063 7 6 8 566 471 1 424 418 7 423 351 10 615 299 4 511 308 5 628 426 2 578 393 3 482 467 
7 3 48 0.500000 0 2 0 0 0.771717 1 8 9 392 318 8 609 454 NA NA NA NA NA NA NA NA NA NA NA NA NA NA NA NA NA NA 
7 3 49 0.500000 0 2 1 1 1.424490 0 2 6 504 471 4 608 433 NA NA NA NA NA NA NA NA NA NA NA NA NA NA NA NA NA NA 
7 3 50 0.500000 0 2 0 0 0.668263 0 10 10 458 294 1 548 431 NA NA NA NA NA NA NA NA NA NA NA NA NA NA NA NA NA NA 
7 3 51 0.500000 0 5 1 1 0.887995 1 6 3 607 337 7 563 413 10 480 331 2 434 474 4 633 427 NA NA NA NA NA NA NA NA NA 
7 3 52 0.500000 0 2 1 1 1.367538 0 5 7 613 370 4 598 439 NA NA NA NA NA NA NA NA NA NA NA NA NA NA NA NA NA NA 
7 3 53 0.500000 0 8 1 1 1.094157 4 6 9 451 442 8 415 389 2 562 439 7 636 427 4 526 327 5 626 295 10 388 299 1 462 310 
7 3 54 0.500000 0 5 0 0 0.880378 1 3 1 637 404 3 531 296 7 427 467 2 553 464 5 442 378 NA NA NA NA NA NA NA NA NA 
7 3 55 0.500000 0 8 0 1 1.005558 5 4 7 548 304 5 628 307 6 490 310 8 402 361 2 572 400 4 402 447 9 507 460 1 565 467 
7 3 56 0.500000 0 8 1 0 2.525426 3 2 9 549 434 7 387 404 3 621 437 6 428 457 1 436 322 8 593 296 10 634 374 5 453 381 
7 3 57 0.500000 0 5 0 0 3.098685 2 1 7 603 453 9 579 340 1 438 470 10 412 323 4 509 460 NA NA NA NA NA NA NA NA NA 
7 3 58 0.500000 0 2 0 0 1.069518 1 6 3 634 359 6 537 322 NA NA NA NA NA NA NA NA NA NA NA NA NA NA NA NA NA NA 
7 3 59 0.500000 0 2 1 1 1.209297 0 4 8 388 328 10 480 311 NA NA NA NA NA NA NA NA NA NA NA NA NA NA NA NA NA NA 
7 4 0 0.700000 0 8 1 1 2.797941 3 5 9 426 472 10 429 396 7 548 430 4 484 449 6 491 307 2 430 313 3 602 371 1 552 320 
7 4 1 0.700000 0 5 1 0 1.007662 4 10 7 426 411 9 465 339 6 622 404 3 541 332 1 627 323 NA NA NA NA NA NA NA NA NA 
7 4 2 0.700000 0 5 0 1 1.129064 4 2 5 389 467 10 410 335 7 571 344 1 613 400 2 585 464 NA NA NA NA NA NA NA NA NA 
7 4 3 0.700000 0 2 1 1 1.930280 1 5 7 581 341 6 407 362 NA NA NA NA NA NA NA NA NA NA NA NA NA NA NA NA NA NA 
7 4 4 0.700000 0 5 1 1 1.288206 2 9 10 451 354 8 573 309 4 388 453 1 394 314 6 608 435 NA NA NA NA NA NA NA NA NA 
7 4 5 0.700000 0 8 1 0 0.715781 3 10 2 604 405 3 600 344 9 489 323 5 429 431 8 505 455 4 625 470 6 565 297 1 409 325 
7 4 6 0.700000 0 2 1 1 1.320520 1 7 8 444 461 3 571 323 NA NA NA NA NA NA NA NA NA NA NA NA NA NA NA NA NA NA 
7 4 7 0.700000 0 5 0 1 1.450948 4 4 7 387 346 1 536 318 8 631 355 10 442 430 4 589 432 NA NA NA NA NA NA NA NA NA 
7 4 8 0.700000 0 5 0 0 0.972427 3 3 8 413 443 10 444 309 7 612 352 3 503 319 6 605 420 NA NA NA NA NA NA NA NA NA 
7 4 9 0.700000 0 2 1 1 0.954674 0 10 7 608 428 1 391 342 NA NA NA NA NA NA NA NA NA NA NA NA NA NA NA NA NA NA 
7 4 10 0.700000 0 5 1 1 0.816181 0 1 10 507 466 3 446 363 4 628 324 9 618 390 5 443 304 NA NA NA NA NA NA NA NA NA 
7 4 11 0.700000 0 5 0 1 1.282126 2 10 4 449 460 2 580 459 10 413 376 7 550 321 5 635 436 NA NA NA NA NA NA NA NA NA 
7 4 12 0.700000 0 2 0 0 0.899365 0 5 5 523 460 8 615 356 NA NA NA NA NA NA NA NA NA NA NA NA NA NA NA NA NA NA 
7 4 13 0.700000 0 5 1 1 1.026225 3 7 3 598 350 2 435 436 9 491 323 8 396 329 5 578 425 NA NA NA NA NA NA NA NA NA 
7 4 14 0.700000 0 2 1 0 0.957730 0 7 1 588 372 3 410 397 NA NA NA NA NA NA NA NA NA NA NA NA NA NA NA NA NA NA 
7 4 15 0.700000 0 5 1 1 0.967328 3 5 1 600 429 2 594 355 4 425 461 6 394 325 9 488 450 NA NA NA NA NA NA NA NA NA 
7 4 16 0.700000 0 8 0 1 1.771647 3 9 6 448 372 3 512 461 4 577 374 9 407 319 5 588 472 1 607 311 10 472 299 2 416 444 
7 4 17 0.700000 0 2 1 0 1.277261 0 9 8 535 448 6 559 318 NA NA NA NA NA NA NA NA NA NA NA NA NA NA NA NA NA NA 
7 4 18 0.700000 0 2 1 1 1.132070 0 4 1 449 341 9 621 369 NA NA NA NA NA NA NA NA NA NA NA NA NA NA NA NA NA NA 
7 4 19 0.700000 0 5 1 1 1.627406 3 9 2 445 336 6 579 348 5 420 435 7 630 395 10 552 296 NA NA NA NA NA NA NA NA NA 
7 4 20 0.700000 0 8 1 1 1.227411 3 7 10 438 442 9 566 347 2 478 319 3 564 442 4 416 323 6 633 436 1 620 296 8 388 395 
7 4 21 0.700000 0 5 1 1 1.181666 4 10 1 553 439 5 581 382 4 428 335 3 407 415 6 559 316 NA NA NA NA NA NA NA NA NA 
7 4 22 0.700000 0 2 1 1 1.440225 0 2 4 602 360 3 460 307 NA NA NA NA NA NA NA NA NA NA NA NA NA NA NA NA NA NA 
7 4 23 0.700000 0 8 1 1 1.248182 1 10 1 535 309 5 476 451 9 465 341 8 568 474 4 392 321 3 604 343 7 631 405 2 402 449 
7 4 24 0.700000 0 8 1 1 1.442150 3 1 3 622 354 5 564 471 8 531 316 6 391 414 7 619 429 4 394 311 9 446 352 10 448 451 
7 4 25 0.700000 0 2 1 1 0.965706 0 1 5 452 331 2 538 302 NA NA NA NA NA NA NA NA NA NA NA NA NA NA NA NA NA NA 
7 4 26 0.700000 0 2 1 1 1.253778 0 2 8 528 327 1 609 364 NA NA NA NA NA NA NA NA NA NA NA NA NA NA NA NA NA NA 
7 4 27 0.700000 0 8 1 1 1.118798 2 6 3 424 317 9 527 300 8 613 303 1 528 457 5 581 418 7 457 416 4 600 474 10 402 390 
7 4 28 0.700000 0 2 1 1 1.120033 0 7 2 452 403 6 454 319 NA NA NA NA NA NA NA NA NA NA NA NA NA NA NA NA NA NA 
7 4 29 0.700000 0 2 0 0 0.991046 1 4 8 420 461 4 565 352 NA NA NA NA NA NA NA NA NA NA NA NA NA NA NA NA NA NA 
7 4 30 0.700000 0 2 0 1 2.835578 1 9 1 571 379 9 421 299 NA NA NA NA NA NA NA NA NA NA NA NA NA NA NA NA NA NA 
7 4 31 0.700000 0 5 1 1 1.820952 1 1 3 580 448 2 449 465 7 633 420 4 591 313 10 448 328 NA NA NA NA NA NA NA NA NA 
7 4 32 0.700000 0 8 1 1 1.197843 4 4 10 532 309 3 449 430 2 600 462 7 509 464 6 439 372 8 394 473 5 625 368 9 473 308 
7 4 33 0.700000 0 2 0 0 0.638599 1 8 5 456 335 8 608 308 NA NA NA NA NA NA NA NA NA NA NA NA NA NA NA NA NA NA 
7 4 34 0.700000 0 2 0 0 -1.000000 0 1 1 523 318 5 591 462 NA NA NA NA NA NA NA NA NA NA NA NA NA NA NA NA NA NA 
7 4 35 0.700000 0 2 1 1 4.435964 0 1 2 550 429 7 409 356 NA NA NA NA NA NA NA NA NA NA NA NA NA NA NA NA NA NA 
7 4 36 0.700000 0 8 0 1 1.961947 6 10 4 448 321 5 603 366 3 523 451 1 406 433 8 543 312 2 389 351 10 610 456 9 450 379 
7 4 37 0.700000 0 2 1 0 1.158449 1 5 4 558 428 9 388 323 NA NA NA NA NA NA NA NA NA NA NA NA NA NA NA NA NA NA 
7 4 38 0.700000 0 5 1 1 0.964248 3 5 3 517 307 1 582 364 6 398 398 2 545 456 7 445 303 NA NA NA NA NA NA NA NA NA 
7 4 39 0.700000 0 5 1 1 1.051463 2 9 1 600 426 3 426 305 5 602 334 10 515 301 8 476 444 NA NA NA NA NA NA NA NA NA 
7 4 40 0.700000 0 2 0 1 0.882261 0 3 3 431 465 1 517 298 NA NA NA NA NA NA NA NA NA NA NA NA NA NA NA NA NA NA 
7 4 41 0.700000 0 8 1 1 1.222395 5 1 2 420 430 4 515 314 6 553 439 10 455 303 9 490 462 3 614 294 5 393 368 7 603 470 
7 4 42 0.700000 0 5 0 0 1.745151 2 1 10 461 356 5 614 364 1 520 452 2 437 459 7 404 298 NA NA NA NA NA NA NA NA NA 
7 4 43 0.700000 0 5 0 1 0.882554 4 5 8 457 422 3 610 380 2 617 456 6 541 446 5 584 301 NA NA NA NA NA NA NA NA NA 
7 4 44 0.700000 0 8 1 0 1.304450 7 5 1 440 367 8 622 416 7 444 457 10 538 319 3 480 297 6 627 354 4 560 426 2 399 309 
7 4 45 0.700000 0 5 1 1 1.059805 0 4 8 423 447 2 582 412 9 434 367 5 455 296 7 581 311 NA NA NA NA NA NA NA NA NA 
7 4 46 0.700000 0 8 0 1 1.077397 3 10 5 608 440 2 457 462 4 566 329 10 437 400 7 525 442 9 390 313 8 627 317 3 471 308 
7 4 47 0.700000 0 8 1 1 0.956364 4 9 7 389 312 1 452 459 10 513 454 2 481 311 5 555 325 8 607 472 4 401 394 6 628 339 
7 4 48 0.700000 0 8 0 1 1.879818 7 2 8 564 345 3 537 444 1 626 412 6 465 462 5 637 311 4 465 307 9 405 307 2 404 463 
7 4 49 0.700000 0 5 1 1 0.978135 1 3 10 604 357 4 569 432 6 391 327 7 426 462 5 513 300 NA NA NA NA NA NA NA NA NA 
7 4 50 0.700000 0 2 1 1 1.417316 1 7 9 393 321 10 586 318 NA NA NA NA NA NA NA NA NA NA NA NA NA NA NA NA NA NA 
7 4 51 0.700000 0 5 1 1 0.929306 4 9 4 458 318 3 441 414 1 390 342 5 628 383 8 637 298 NA NA NA NA NA NA NA NA NA 
7 4 52 0.700000 0 8 1 1 0.681958 5 4 8 577 320 5 454 317 2 494 444 3 585 452 10 585 391 7 637 355 9 432 409 1 399 344 
7 4 53 0.700000 0 8 0 0 1.077797 3 5 2 453 377 9 497 294 3 473 464 5 413 473 4 402 411 7 536 458 8 580 380 1 415 303 
7 4 54 0.700000 0 2 1 1 0.763284 0 2 4 573 459 5 517 312 NA NA NA NA NA NA NA NA NA NA NA NA NA NA NA NA NA NA 
7 4 55 0.700000 0 8 0 1 1.204181 0 7 7 590 388 2 475 448 8 390 343 6 575 320 10 426 404 4 415 464 9 490 316 5 626 465 
7 4 56 0.700000 0 8 1 0 0.932544 2 2 7 476 461 6 469 308 3 600 333 8 398 348 1 570 398 10 430 422 4 604 463 9 530 319 
7 4 57 0.700000 0 8 1 1 2.102585 1 8 1 425 358 7 621 403 6 587 454 10 388 445 2 469 465 9 563 325 4 505 294 3 404 296 
7 4 58 0.700000 0 8 1 1 1.671370 7 4 7 387 444 9 508 319 6 595 411 1 422 358 2 626 360 8 567 294 3 547 458 5 457 418 
7 4 59 0.700000 0 5 1 1 1.614122 3 10 6 571 388 1 388 318 7 482 333 5 529 457 4 434 472 NA NA NA NA NA NA NA NA NA 
7 5 0 0.500000 0 5 0 1 5.367037 1 1 6 513 313 1 450 348 5 396 418 2 596 303 8 489 446 NA NA NA NA NA NA NA NA NA 
7 5 1 0.500000 0 2 1 0 2.462122 0 6 1 395 414 10 636 299 NA NA NA NA NA NA NA NA NA NA NA NA NA NA NA NA NA NA 
7 5 2 0.500000 0 8 0 1 1.189280 5 4 3 626 304 1 430 464 5 561 336 6 633 418 9 389 395 4 493 452 2 574 439 10 424 330 
7 5 3 0.500000 0 2 0 0 1.146822 1 9 10 421 472 9 419 378 NA NA NA NA NA NA NA NA NA NA NA NA NA NA NA NA NA NA 
7 5 4 0.500000 0 8 1 0 1.065554 6 9 7 392 373 5 438 436 3 434 321 4 578 348 1 602 424 8 505 442 10 502 316 6 633 329 
7 5 5 0.500000 0 5 1 1 1.670668 1 10 9 601 397 7 446 333 3 583 323 4 388 424 1 467 450 NA NA NA NA NA NA NA NA NA 
7 5 6 0.500000 0 2 0 0 0.930602 1 3 5 578 307 3 494 448 NA NA NA NA NA NA NA NA NA NA NA NA NA NA NA NA NA NA 
7 5 7 0.500000 0 2 1 1 2.842067 0 9 1 608 414 10 431 329 NA NA NA NA NA NA NA NA NA NA NA NA NA NA NA NA NA NA 
7 5 8 0.500000 0 8 1 0 0.916868 4 2 9 445 396 1 631 441 8 561 447 3 450 316 6 596 380 7 470 471 5 587 320 10 530 303 
7 5 9 0.500000 0 5 0 1 1.066587 0 3 3 436 346 7 583 418 1 467 458 4 416 409 10 405 470 NA NA NA NA NA NA NA NA NA 
7 5 10 0.500000 0 5 1 1 2.634905 4 2 6 569 471 4 615 338 5 586 402 3 400 336 10 436 474 NA NA NA NA NA NA NA NA NA 
7 5 11 0.500000 0 5 0 0 0.976710 2 6 2 508 317 3 430 397 6 577 364 8 572 456 4 634 324 NA NA NA NA NA NA NA NA NA 
7 5 12 0.500000 0 2 0 1 -1.000000 1 3 8 472 469 3 631 459 NA NA NA NA NA NA NA NA NA NA NA NA NA NA NA NA NA NA 
7 5 13 0.500000 0 8 0 1 3.123176 3 6 3 632 420 8 606 355 4 465 422 6 554 317 2 561 451 9 636 304 1 468 328 7 387 441 
7 5 14 0.500000 0 5 0 1 1.831556 0 7 7 610 418 4 519 296 5 407 406 1 560 449 9 630 319 NA NA NA NA NA NA NA NA NA 
7 5 15 0.500000 0 5 0 1 1.264445 4 4 5 461 317 6 619 365 7 534 324 3 394 455 4 458 461 NA NA NA NA NA NA NA NA NA 
7 5 16 0.500000 0 8 0 1 0.890235 7 3 9 422 334 10 496 463 2 471 294 1 597 432 4 418 472 5 566 355 7 389 401 3 603 310 
7 5 17 0.500000 0 5 1 1 1.402585 0 2 1 457 297 7 587 398 8 427 410 9 589 323 5 528 455 NA NA NA NA NA NA NA NA NA 
7 5 18 0.500000 0 2 0 0 0.890001 0 2 2 423 362 4 600 345 NA NA NA NA NA NA NA NA NA NA NA NA NA NA NA NA NA NA 
7 5 19 0.500000 0 8 1 0 1.668110 2 7 10 421 417 5 633 407 3 612 468 2 446 312 9 505 296 4 571 318 1 406 354 8 519 459 
7 5 20 0.500000 0 2 1 1 1.420421 1 7 3 555 425 10 495 457 NA NA NA NA NA NA NA NA NA NA NA NA NA NA NA NA NA NA 
7 5 21 0.500000 0 8 0 1 1.703903 1 9 10 566 432 9 474 473 2 393 413 5 618 395 1 615 335 3 475 316 4 410 322 8 567 298 
7 5 22 0.500000 0 2 0 0 1.355332 1 8 1 502 307 8 623 309 NA NA NA NA NA NA NA NA NA NA NA NA NA NA NA NA NA NA 
7 5 23 0.500000 0 8 1 1 1.706447 4 1 3 544 473 7 394 467 5 578 309 4 516 313 10 453 474 2 452 386 8 597 406 6 410 341 
7 5 24 0.500000 0 5 1 1 1.266840 4 10 6 599 431 9 518 444 5 398 456 1 409 398 3 550 323 NA NA NA NA NA NA NA NA NA 
7 5 25 0.500000 0 5 0 0 1.319512 0 10 10 447 364 3 560 330 8 426 435 2 617 400 9 406 321 NA NA NA NA NA NA NA NA NA 
7 5 26 0.500000 0 2 0 0 1.124007 1 4 5 614 433 4 419 422 NA NA NA NA NA NA NA NA NA NA NA NA NA NA NA NA NA NA 
7 5 27 0.500000 0 8 0 1 2.078765 1 5 7 505 467 5 429 406 10 505 313 1 592 382 4 613 448 8 428 344 2 390 452 9 565 316 
7 5 28 0.500000 0 2 0 0 1.328164 0 9 9 598 431 5 470 328 NA NA NA NA NA NA NA NA NA NA NA NA NA NA NA NA NA NA 
7 5 29 0.500000 0 5 1 1 1.483298 1 9 3 425 296 1 597 295 4 511 307 5 396 426 6 439 380 NA NA NA NA NA NA NA NA NA 
7 5 30 0.500000 0 2 1 1 1.352214 0 10 1 544 471 3 400 389 NA NA NA NA NA NA NA NA NA NA NA NA NA NA NA NA NA NA 
7 5 31 0.500000 0 8 0 1 1.237123 6 3 8 493 460 2 603 368 9 565 453 1 457 364 4 454 303 7 417 449 3 601 294 10 398 380 
7 5 32 0.500000 0 5 0 1 1.866927 3 6 10 403 436 9 462 346 7 577 474 6 610 390 3 474 444 NA NA NA NA NA NA NA NA NA 
7 5 33 0.500000 0 2 0 0 0.691971 1 7 6 587 387 7 459 414 NA NA NA NA NA NA NA NA NA NA NA NA NA NA NA NA NA NA 
7 5 34 0.500000 0 8 0 1 1.332922 7 4 7 606 341 9 477 468 6 624 469 10 399 415 2 523 323 8 463 311 3 543 450 4 598 407 
7 5 35 0.500000 0 5 1 1 2.217224 3 3 6 576 370 5 625 438 8 469 435 1 467 323 2 434 379 NA NA NA NA NA NA NA NA NA 
7 5 36 0.500000 0 2 1 1 1.387281 0 7 8 408 440 1 546 302 NA NA NA NA NA NA NA NA NA NA NA NA NA NA NA NA NA NA 
7 5 37 0.500000 0 8 0 1 1.376402 3 6 5 439 405 3 452 308 4 592 375 6 580 459 9 507 465 10 390 454 1 620 310 7 529 325 
7 5 38 0.500000 0 5 0 0 1.413368 3 2 5 592 450 4 406 408 1 607 329 2 409 322 10 549 329 NA NA NA NA NA NA NA NA NA 
7 5 39 0.500000 0 5 1 1 0.892210 2 4 9 425 382 8 607 436 10 540 333 2 450 439 6 631 349 NA NA NA NA NA NA NA NA NA 
7 5 40 0.500000 0 2 1 1 1.072159 0 6 2 408 390 8 398 328 NA NA NA NA NA NA NA NA NA NA NA NA NA NA NA NA NA NA 
7 5 41 0.500000 0 8 1 1 1.196575 1 7 1 473 433 2 587 367 5 393 441 10 567 451 3 430 379 4 529 307 8 390 318 9 628 466 
7 5 42 0.500000 0 8 1 0 1.904277 7 1 6 520 459 7 600 334 10 536 306 5 398 437 4 457 445 2 577 404 3 398 317 8 637 389 
7 5 43 0.500000 0 2 1 1 0.919605 1 7 10 536 319 6 577 443 NA NA NA NA NA NA NA NA NA NA NA NA NA NA NA NA NA NA 
7 5 44 0.500000 0 8 1 1 1.324733 7 2 10 416 455 7 604 298 3 410 386 4 614 464 1 387 317 9 495 308 8 486 442 5 566 355 
7 5 45 0.500000 0 8 1 1 1.522434 1 4 8 610 318 1 398 304 9 629 437 3 499 466 5 439 432 10 553 338 7 456 336 2 557 429 
7 5 46 0.500000 0 8 1 1 2.830901 3 3 5 628 412 4 470 305 9 621 312 6 389 465 8 512 453 1 571 352 7 411 348 2 541 294 
7 5 47 0.500000 0 5 1 1 1.646992 0 7 3 580 406 4 592 464 5 474 310 9 616 343 2 413 415 NA NA NA NA NA NA NA NA NA 
7 5 48 0.500000 0 2 0 0 1.274999 0 1 1 583 392 2 622 461 NA NA NA NA NA NA NA NA NA NA NA NA NA NA NA NA NA NA 
7 5 49 0.500000 0 5 0 0 1.116305 1 1 4 614 295 1 626 366 6 590 432 10 521 305 2 436 357 NA NA NA NA NA NA NA NA NA 
7 5 50 0.500000 0 5 1 1 1.923862 4 5 4 609 314 8 525 460 2 569 363 1 390 314 10 455 337 NA NA NA NA NA NA NA NA NA 
7 5 51 0.500000 0 2 1 1 1.393852 1 10 7 631 352 9 558 348 NA NA NA NA NA NA NA NA NA NA NA NA NA NA NA NA NA NA 
7 5 52 0.500000 0 2 1 1 0.269987 1 9 4 418 403 10 631 412 NA NA NA NA NA NA NA NA NA NA NA NA NA NA NA NA NA NA 
7 5 53 0.500000 0 8 0 1 2.653825 7 7 6 595 340 1 452 318 8 500 449 3 424 387 10 524 325 4 622 467 5 562 457 7 440 467 
7 5 54 0.500000 0 5 0 0 1.219191 1 3 1 431 429 3 601 428 10 445 330 6 634 379 8 506 459 NA NA NA NA NA NA NA NA NA 
7 5 55 0.500000 0 8 0 1 1.457641 1 7 1 589 345 7 538 450 9 411 470 6 481 327 8 414 401 4 617 469 3 594 411 5 395 314 
7 5 56 0.500000 0 2 1 1 1.681148 1 6 7 578 366 1 557 301 NA NA NA NA NA NA NA NA NA NA NA NA NA NA NA NA NA NA 
7 5 57 0.500000 0 5 1 1 1.171798 0 6 4 422 295 8 389 364 1 616 452 9 620 384 7 484 325 NA NA NA NA NA NA NA NA NA 
7 5 58 0.500000 0 2 0 0 1.252111 0 8 8 389 474 2 634 341 NA NA NA NA NA NA NA NA NA NA NA NA NA NA NA NA NA NA 
7 5 59 0.500000 0 8 1 1 1.016693 4 10 5 535 314 7 448 335 6 451 443 9 393 454 8 625 385 3 532 451 1 604 297 4 407 387 
7 6 0 0.300000 0 2 1 1 2.016542 1 5 8 592 412 3 405 400 NA NA NA NA NA NA NA NA NA NA NA NA NA NA NA NA NA NA 
7 6 1 0.300000 0 8 0 1 1.459115 3 3 9 574 428 7 403 335 10 538 302 3 624 350 8 502 447 4 467 331 5 432 466 6 411 407 
7 6 2 0.300000 0 2 0 0 1.619876 1 5 10 422 341 5 439 448 NA NA NA NA NA NA NA NA NA NA NA NA NA NA NA NA NA NA 
7 6 3 0.300000 0 2 0 0 1.242070 0 8 8 406 377 6 621 454 NA NA NA NA NA NA NA NA NA NA NA NA NA NA NA NA NA NA 
7 6 4 0.300000 0 5 1 1 1.475712 2 6 8 419 473 7 441 361 3 535 452 2 620 400 9 626 300 NA NA NA NA NA NA NA NA NA 
7 6 5 0.300000 0 5 0 0 1.919366 2 4 2 603 369 6 404 449 4 496 315 5 623 433 7 480 439 NA NA NA NA NA NA NA NA NA 
7 6 6 0.300000 0 5 0 0 1.302200 4 5 2 591 376 1 489 326 7 599 470 6 387 315 5 421 431 NA NA NA NA NA NA NA NA NA 
7 6 7 0.300000 0 8 0 1 1.223668 2 7 4 629 455 2 564 342 7 435 384 8 409 471 5 543 456 1 593 398 3 443 324 6 519 294 
7 6 8 0.300000 0 5 1 0 1.453991 0 6 10 477 474 7 621 303 5 412 297 1 423 442 3 466 319 NA NA NA NA NA NA NA NA NA 
7 6 9 0.300000 0 2 1 1 1.431499 0 5 9 587 437 10 533 314 NA NA NA NA NA NA NA NA NA NA NA NA NA NA NA NA NA NA 
7 6 10 0.300000 0 8 1 1 1.955860 5 4 10 404 406 7 401 298 3 502 468 8 568 311 1 619 399 5 610 465 2 433 458 9 476 298 
7 6 11 0.300000 0 2 0 0 0.968705 0 6 6 551 317 3 578 372 NA NA NA NA NA NA NA NA NA NA NA NA NA NA NA NA NA NA 
7 6 12 0.300000 0 5 1 1 1.011964 2 6 1 588 332 5 597 419 4 496 463 3 511 307 7 447 383 NA NA NA NA NA NA NA NA NA 
7 6 13 0.300000 0 5 0 1 1.030934 2 8 5 543 443 10 502 314 8 620 380 3 390 390 6 627 313 NA NA NA NA NA NA NA NA NA 
7 6 14 0.300000 0 8 1 0 0.999216 4 5 1 534 312 8 442 395 3 637 387 7 631 322 2 460 298 6 579 358 9 395 324 4 438 466 
7 6 15 0.300000 0 2 0 0 1.492694 1 3 1 465 436 3 623 317 NA NA NA NA NA NA NA NA NA NA NA NA NA NA NA NA NA NA 
7 6 16 0.300000 0 8 0 1 1.813124 2 6 4 463 340 7 422 462 6 569 428 2 510 445 5 612 349 10 394 308 1 402 373 8 554 342 
7 6 17 0.300000 0 8 0 1 1.427683 4 9 7 567 411 3 444 382 8 626 441 10 436 314 9 532 297 1 460 456 4 637 311 2 400 462 
7 6 18 0.300000 0 8 0 0 1.049574 7 1 7 471 327 10 440 441 5 409 313 8 558 448 4 631 360 3 402 376 9 625 430 1 573 352 
7 6 19 0.300000 0 8 0 1 1.277729 4 6 5 587 428 3 426 461 1 483 442 9 411 313 6 431 393 7 623 382 4 628 315 2 572 295 
7 6 20 0.300000 0 5 1 0 0.859988 3 1 6 561 416 8 396 422 10 622 393 5 617 453 4 393 319 NA NA NA NA NA NA NA NA NA 
7 6 21 0.300000 0 2 0 0 0.947532 0 8 8 613 459 7 545 301 NA NA NA NA NA NA NA NA NA NA NA NA NA NA NA NA NA NA 
7 6 22 0.300000 0 5 0 0 1.743462 0 10 10 394 330 5 551 303 2 583 420 3 474 438 7 624 309 NA NA NA NA NA NA NA NA NA 
7 6 23 0.300000 0 5 0 0 0.546078 1 8 1 390 413 8 421 349 2 475 452 6 607 391 3 601 458 NA NA NA NA NA NA NA NA NA 
7 6 24 0.300000 0 2 0 0 1.195379 1 5 6 507 309 5 393 456 NA NA NA NA NA NA NA NA NA NA NA NA NA NA NA NA NA NA 
7 6 25 0.300000 0 8 1 1 0.698735 1 2 8 574 406 3 403 316 5 426 449 6 462 342 1 546 462 7 584 328 10 518 325 4 607 474 
7 6 26 0.300000 0 8 1 0 1.109045 0 1 7 417 314 2 564 469 8 607 386 5 458 360 10 542 317 4 630 453 3 409 473 6 478 299 
7 6 27 0.300000 0 2 0 1 0.991992 1 6 8 564 294 6 447 296 NA NA NA NA NA NA NA NA NA NA NA NA NA NA NA NA NA NA 
7 6 28 0.300000 0 2 0 0 1.018650 0 2 2 571 468 10 407 361 NA NA NA NA NA NA NA NA NA NA NA NA NA NA NA NA NA NA 
7 6 29 0.300000 0 8 0 0 0.746710 1 10 8 424 316 10 524 298 1 575 395 2 439 411 9 505 453 7 627 306 6 436 472 5 611 463 
7 6 30 0.300000 0 2 0 0 0.747742 1 10 3 444 452 10 444 365 NA NA NA NA NA NA NA NA NA NA NA NA NA NA NA NA NA NA 
7 6 31 0.300000 0 2 1 1 0.765141 0 9 4 454 417 1 554 468 NA NA NA NA NA NA NA NA NA NA NA NA NA NA NA NA NA NA 
7 6 32 0.300000 0 8 0 0 0.604408 6 10 1 410 382 9 459 445 5 493 312 6 583 348 8 598 436 2 553 474 10 391 444 7 423 299 
7 6 33 0.300000 0 2 1 1 1.315557 0 1 6 616 362 9 581 308 NA NA NA NA NA NA NA NA NA NA NA NA NA NA NA NA NA NA 
7 6 34 0.300000 0 8 0 0 0.593870 7 6 1 439 383 4 449 472 3 572 331 10 550 446 8 474 319 2 630 406 7 620 296 6 392 315 
7 6 35 0.300000 0 5 1 1 0.833964 0 5 8 606 455 6 558 346 4 396 311 1 486 436 2 504 302 NA NA NA NA NA NA NA NA NA 
7 6 36 0.300000 0 8 1 0 1.506368 0 6 2 450 302 1 552 297 9 606 331 7 633 446 5 451 457 4 401 423 10 452 365 3 576 410 
7 6 37 0.300000 0 2 0 1 2.394665 0 4 4 467 461 8 592 341 NA NA NA NA NA NA NA NA NA NA NA NA NA NA NA NA NA NA 
7 6 38 0.300000 0 5 0 0 0.832054 1 1 8 622 393 1 443 361 6 534 300 9 573 427 5 422 302 NA NA NA NA NA NA NA NA NA 
7 6 39 0.300000 0 2 1 1 0.972914 0 8 7 602 316 9 403 385 NA NA NA NA NA NA NA NA NA NA NA NA NA NA NA NA NA NA 
7 6 40 0.300000 0 8 1 1 1.119570 7 3 4 447 444 9 538 295 5 396 376 7 587 446 1 391 295 8 564 349 2 613 304 10 459 326 
7 6 41 0.300000 0 2 0 1 1.437307 1 3 7 617 473 3 448 431 NA NA NA NA NA NA NA NA NA NA NA NA NA NA NA NA NA NA 
7 6 42 0.300000 0 5 0 1 1.937796 0 6 6 585 302 3 391 352 4 482 314 8 484 472 9 574 414 NA NA NA NA NA NA NA NA NA 
7 6 43 0.300000 0 8 0 1 1.387573 3 3 1 394 313 4 565 305 10 563 449 3 492 313 6 498 453 8 436 382 5 636 349 9 396 472 
7 6 44 0.300000 0 5 0 1 0.925441 1 7 5 391 397 7 415 330 8 609 474 1 542 331 2 443 431 NA NA NA NA NA NA NA NA NA 
7 6 45 0.300000 0 8 0 1 1.015671 5 7 10 458 410 2 430 300 4 497 327 8 549 295 3 576 422 7 519 461 1 390 408 5 607 371 
7 6 46 0.300000 0 8 0 0 1.689974 4 3 5 555 453 2 553 297 9 633 408 10 475 458 3 430 299 7 395 363 1 591 356 6 412 437 
7 6 47 0.300000 0 2 0 0 0.935650 0 10 10 467 431 1 585 419 NA NA NA NA NA NA NA NA NA NA NA NA NA NA NA NA NA NA 
7 6 48 0.300000 0 5 1 1 1.365921 0 5 9 412 321 3 536 294 6 583 403 1 609 331 4 586 472 NA NA NA NA NA NA NA NA NA 
7 6 49 0.300000 0 5 0 1 1.709007 3 7 9 635 356 10 555 427 6 446 307 7 592 472 1 576 362 NA NA NA NA NA NA NA NA NA 
7 6 50 0.300000 0 8 0 1 1.415174 6 10 4 454 457 2 631 336 5 403 335 3 542 306 6 474 316 8 633 415 10 578 464 1 406 395 
7 6 51 0.300000 0 5 0 0 1.715678 4 9 5 608 408 6 542 323 4 512 443 8 433 323 9 417 419 NA NA NA NA NA NA NA NA NA 
7 6 52 0.300000 0 8 0 0 1.820425 0 9 9 460 350 1 427 437 2 391 347 5 612 330 7 513 317 4 603 450 3 518 447 8 581 395 
7 6 53 0.300000 0 2 1 1 1.794259 0 10 3 452 380 8 541 312 NA NA NA NA NA NA NA NA NA NA NA NA NA NA NA NA NA NA 
7 6 54 0.300000 0 5 0 1 1.009379 2 9 10 568 300 5 402 364 9 607 378 8 431 298 6 566 451 NA NA NA NA NA NA NA NA NA 
7 6 55 0.300000 0 2 0 0 1.499433 0 10 10 468 345 8 408 432 NA NA NA NA NA NA NA NA NA NA NA NA NA NA NA NA NA NA 
7 6 56 0.300000 0 5 0 0 1.232249 3 9 1 577 397 10 614 309 3 508 298 9 390 465 2 468 466 NA NA NA NA NA NA NA NA NA 
7 6 57 0.300000 0 2 0 1 3.150428 0 10 10 629 429 3 493 455 NA NA NA NA NA NA NA NA NA NA NA NA NA NA NA NA NA NA 
7 6 58 0.300000 0 5 0 0 3.374284 1 2 9 627 348 2 422 420 10 464 469 3 579 418 7 525 310 NA NA NA NA NA NA NA NA NA 
7 6 59 0.300000 0 5 0 0 0.977205 2 2 10 596 465 7 610 382 2 491 304 5 558 310 4 496 460 NA NA NA NA NA NA NA NA NA 
7 7 0 0.700000 0 5 1 1 1.324678 0 9 6 562 460 8 516 312 10 635 334 7 415 459 5 568 355 NA NA NA NA NA NA NA NA NA 
7 7 1 0.700000 0 5 0 1 0.954402 0 5 5 555 308 1 438 453 3 525 449 8 403 331 6 592 367 NA NA NA NA NA NA NA NA NA 
7 7 2 0.700000 0 5 1 1 0.820497 4 8 1 464 430 7 630 424 9 447 366 4 606 367 5 558 309 NA NA NA NA NA NA NA NA NA 
7 7 3 0.700000 0 2 1 1 0.954078 1 7 2 527 457 5 594 376 NA NA NA NA NA NA NA NA NA NA NA NA NA NA NA NA NA NA 
7 7 4 0.700000 0 2 1 0 0.668909 1 10 6 600 306 1 392 318 NA NA NA NA NA NA NA NA NA NA NA NA NA NA NA NA NA NA 
7 7 5 0.700000 0 8 1 1 1.394073 4 6 5 587 398 10 437 473 8 421 309 1 627 332 4 400 388 3 517 315 7 535 440 9 600 466 
7 7 6 0.700000 0 8 1 1 0.857493 2 10 7 619 462 3 396 399 5 593 316 8 410 468 6 440 337 9 499 452 4 489 302 2 559 442 
7 7 7 0.700000 0 5 0 0 1.230205 4 8 1 393 294 5 599 350 4 614 469 2 404 455 8 473 438 NA NA NA NA NA NA NA NA NA 
7 7 8 0.700000 0 8 1 0 1.566907 0 3 9 578 438 4 608 311 6 454 294 7 393 386 5 436 466 1 540 315 2 636 367 10 507 448 
7 7 9 0.700000 0 5 1 1 0.673510 0 9 1 624 308 6 595 412 2 450 373 4 398 327 10 523 446 NA NA NA NA NA NA NA NA NA 
7 7 10 0.700000 0 8 1 1 0.867133 1 2 10 560 327 9 450 418 4 621 386 5 516 460 1 599 456 6 415 313 7 392 404 8 618 321 
7 7 11 0.700000 0 2 0 0 1.359918 0 1 1 633 374 8 580 402 NA NA NA NA NA NA NA NA NA NA NA NA NA NA NA NA NA NA 
7 7 12 0.700000 0 5 1 1 2.294061 1 10 8 637 346 6 592 434 9 447 471 4 423 396 5 603 295 NA NA NA NA NA NA NA NA NA 
7 7 13 0.700000 0 2 0 1 0.609475 0 2 2 629 404 4 469 437 NA NA NA NA NA NA NA NA NA NA NA NA NA NA NA NA NA NA 
7 7 14 0.700000 0 5 1 1 0.911219 4 1 4 475 436 10 530 316 6 601 448 9 614 312 7 394 310 NA NA NA NA NA NA NA NA NA 
7 7 15 0.700000 0 5 1 1 1.005310 3 8 5 460 328 4 407 416 3 635 469 2 597 341 6 390 329 NA NA NA NA NA NA NA NA NA 
7 7 16 0.700000 0 5 1 1 0.628880 2 7 10 571 396 3 621 304 2 432 303 5 597 464 4 390 343 NA NA NA NA NA NA NA NA NA 
7 7 17 0.700000 0 5 1 0 1.215181 2 2 9 436 324 8 551 303 7 405 407 10 568 421 1 635 422 NA NA NA NA NA NA NA NA NA 
7 7 18 0.700000 0 8 1 1 0.829873 3 3 6 629 323 10 474 441 7 403 304 5 390 417 8 520 303 1 600 429 2 561 346 9 461 303 
7 7 19 0.700000 0 2 1 1 0.929745 0 7 2 402 301 1 421 448 NA NA NA NA NA NA NA NA NA NA NA NA NA NA NA NA NA NA 
7 7 20 0.700000 0 8 1 1 0.869899 5 5 6 418 426 1 558 455 8 586 299 4 627 359 7 622 444 9 403 348 3 465 338 10 477 445 
7 7 21 0.700000 0 2 1 1 2.464143 0 5 4 604 474 6 434 295 NA NA NA NA NA NA NA NA NA NA NA NA NA NA NA NA NA NA 
7 7 22 0.700000 0 8 0 0 1.262435 1 7 10 400 436 7 604 462 9 570 347 5 442 348 8 614 401 3 452 471 6 502 297 1 543 442 
7 7 23 0.700000 0 5 1 1 0.894932 1 1 7 390 392 8 480 315 6 544 455 2 559 348 5 624 447 NA NA NA NA NA NA NA NA NA 
7 7 24 0.700000 0 5 0 1 2.525811 1 3 8 490 474 3 586 433 4 398 352 5 455 337 10 553 316 NA NA NA NA NA NA NA NA NA 
7 7 25 0.700000 0 8 1 1 2.914598 7 2 5 546 458 4 630 422 6 559 317 9 629 306 7 387 440 10 435 368 8 448 429 3 488 323 
7 7 26 0.700000 0 8 1 1 2.385394 4 1 10 585 352 8 418 377 5 464 327 4 505 443 2 523 326 7 451 473 6 624 406 3 563 452 
7 7 27 0.700000 0 8 1 0 1.543659 5 6 9 573 430 7 437 316 1 398 363 10 416 447 4 619 346 3 523 309 2 501 449 5 634 459 
7 7 28 0.700000 0 5 1 1 2.748605 2 2 7 620 409 6 478 434 8 570 444 10 398 406 4 403 307 NA NA NA NA NA NA NA NA NA 
7 7 29 0.700000 0 2 1 1 1.460966 0 2 10 586 341 8 628 435 NA NA NA NA NA NA NA NA NA NA NA NA NA NA NA NA NA NA 
7 7 30 0.700000 0 2 1 0 3.971265 1 3 6 596 311 9 603 434 NA NA NA NA NA NA NA NA NA NA NA NA NA NA NA NA NA NA 
7 7 31 0.700000 0 5 1 1 2.415378 4 6 9 584 382 10 412 457 1 543 450 8 416 324 3 577 321 NA NA NA NA NA NA NA NA NA 
7 7 32 0.700000 0 8 1 1 1.918097 7 4 2 585 441 5 443 451 3 632 325 10 421 387 8 429 329 7 513 298 6 582 374 9 521 463 
7 7 33 0.700000 0 5 0 0 3.071516 0 7 7 586 403 10 613 312 1 446 457 6 499 315 2 401 406 NA NA NA NA NA NA NA NA NA 
7 7 34 0.700000 0 8 0 1 1.440186 1 5 7 473 306 5 635 454 10 574 381 4 425 408 6 521 451 1 613 313 3 404 324 9 406 465 
7 7 35 0.700000 0 5 1 1 3.289102 2 2 7 427 350 9 633 354 8 491 320 10 607 421 1 499 441 NA NA NA NA NA NA NA NA NA 
7 7 36 0.700000 0 8 1 1 1.405121 0 8 9 595 468 10 515 296 2 421 410 5 421 310 4 531 464 3 579 337 6 469 453 1 599 397 
7 7 37 0.700000 0 5 1 0 2.135296 1 7 1 619 456 4 606 382 2 567 430 3 428 361 6 533 315 NA NA NA NA NA NA NA NA NA 
7 7 38 0.700000 0 2 0 1 2.532173 0 3 3 390 386 5 474 468 NA NA NA NA NA NA NA NA NA NA NA NA NA NA NA NA NA NA 
7 7 39 0.700000 0 2 0 0 1.560947 0 1 1 553 472 10 612 420 NA NA NA NA NA NA NA NA NA NA NA NA NA NA NA NA NA NA 
7 7 40 0.700000 0 8 1 1 2.261981 7 6 10 633 336 4 484 328 1 553 458 9 474 439 7 402 449 5 400 316 3 443 372 8 540 303 
7 7 41 0.700000 0 2 1 1 1.263103 1 9 10 409 370 8 405 443 NA NA NA NA NA NA NA NA NA NA NA NA NA NA NA NA NA NA 
7 7 42 0.700000 0 5 0 0 0.982153 4 1 2 624 341 3 492 462 8 480 296 9 394 376 1 394 464 NA NA NA NA NA NA NA NA NA 
7 7 43 0.700000 0 8 1 1 0.587293 1 1 6 618 446 4 608 343 3 403 414 8 426 306 7 495 302 9 530 452 5 437 472 2 462 414 
7 7 44 0.700000 0 2 1 1 0.702000 0 3 8 604 381 10 519 466 NA NA NA NA NA NA NA NA NA NA NA NA NA NA NA NA NA NA 
7 7 45 0.700000 0 2 1 1 1.673332 0 10 3 596 442 9 418 460 NA NA NA NA NA NA NA NA NA NA NA NA NA NA NA NA NA NA 
7 7 46 0.700000 0 2 1 1 1.362737 0 10 5 436 369 1 576 420 NA NA NA NA NA NA NA NA NA NA NA NA NA NA NA NA NA NA 
7 7 47 0.700000 0 2 0 0 1.308140 0 3 3 470 432 9 547 464 NA NA NA NA NA NA NA NA NA NA NA NA NA NA NA NA NA NA 
7 7 48 0.700000 0 8 0 1 1.544906 6 10 2 433 416 9 544 462 6 602 461 8 630 356 1 434 328 5 528 295 10 573 379 7 473 460 
7 7 49 0.700000 0 2 1 1 1.325922 1 9 6 572 323 4 408 301 NA NA NA NA NA NA NA NA NA NA NA NA NA NA NA NA NA NA 
7 7 50 0.700000 0 2 1 1 1.810863 1 2 10 551 319 7 477 442 NA NA NA NA NA NA NA NA NA NA NA NA NA NA NA NA NA NA 
7 7 51 0.700000 0 5 0 1 0.770062 3 5 9 595 311 10 453 357 7 591 412 5 420 451 6 388 311 NA NA NA NA NA NA NA NA NA 
7 7 52 0.700000 0 2 1 1 1.300384 0 1 10 424 427 9 635 430 NA NA NA NA NA NA NA NA NA NA NA NA NA NA NA NA NA NA 
7 7 53 0.700000 0 8 0 1 0.873897 2 5 8 562 457 6 422 381 5 596 327 3 424 443 1 453 330 9 629 422 4 499 470 2 534 296 
7 7 54 0.700000 0 8 0 1 0.775253 2 10 1 448 304 2 597 446 10 548 307 8 593 360 7 421 406 9 394 329 6 495 457 3 421 466 
7 7 55 0.700000 0 2 1 1 0.674144 1 1 8 481 458 7 411 294 NA NA NA NA NA NA NA NA NA NA NA NA NA NA NA NA NA NA 
7 7 56 0.700000 0 2 0 0 1.776457 0 7 7 573 441 6 618 357 NA NA NA NA NA NA NA NA NA NA NA NA NA NA NA NA NA NA 
7 7 57 0.700000 0 5 1 1 1.104173 0 10 2 501 310 6 577 409 7 458 411 1 620 469 8 404 388 NA NA NA NA NA NA NA NA NA 
7 7 58 0.700000 0 8 1 1 0.756068 3 2 8 459 469 6 596 331 1 617 449 9 397 452 3 547 463 7 410 341 5 523 326 4 628 389 
7 7 59 0.700000 0 8 0 1 0.865584 7 6 4 468 451 10 533 440 3 619 473 7 422 404 5 618 361 1 504 301 2 399 304 6 597 299 
7 8 0 0.300000 0 2 0 1 -1.000000 0 6 6 548 467 5 398 422 NA NA NA NA NA NA NA NA NA NA NA NA NA NA NA NA NA NA 
7 8 1 0.300000 0 2 1 1 1.214272 0 9 10 465 447 2 574 369 NA NA NA NA NA NA NA NA NA NA NA NA NA NA NA NA NA NA 
7 8 2 0.300000 0 2 0 0 1.250742 0 8 8 533 318 3 440 347 NA NA NA NA NA NA NA NA NA NA NA NA NA NA NA NA NA NA 
7 8 3 0.300000 0 2 0 0 0.442181 0 2 2 414 396 6 533 452 NA NA NA NA NA NA NA NA NA NA NA NA NA NA NA NA NA NA 
7 8 4 0.300000 0 8 1 1 1.596877 6 2 4 575 408 10 588 304 5 428 395 7 630 461 3 411 301 6 563 468 8 486 301 9 440 459 
7 8 5 0.300000 0 5 1 0 1.780102 4 4 3 591 348 9 620 297 6 611 455 7 432 359 5 499 466 NA NA NA NA NA NA NA NA NA 
7 8 6 0.300000 0 2 0 0 1.049168 0 3 3 538 304 6 522 456 NA NA NA NA NA NA NA NA NA NA NA NA NA NA NA NA NA NA 
7 8 7 0.300000 0 2 0 1 1.419695 0 7 7 445 409 8 456 332 NA NA NA NA NA NA NA NA NA NA NA NA NA NA NA NA NA NA 
7 8 8 0.300000 0 8 1 0 1.359274 1 9 2 439 309 5 605 336 1 422 406 4 610 444 7 528 466 3 461 460 8 501 301 6 561 297 
7 8 9 0.300000 0 8 0 0 3.131892 2 6 5 400 405 7 409 322 6 581 324 8 552 456 9 518 313 2 403 464 10 637 351 3 636 447 
7 8 10 0.300000 0 2 1 1 1.456172 1 10 9 438 332 3 576 319 NA NA NA NA NA NA NA NA NA NA NA NA NA NA NA NA NA NA 
7 8 11 0.300000 0 8 0 1 1.393001 6 1 6 596 382 8 564 468 2 404 457 4 425 329 3 453 394 9 500 461 1 503 304 7 607 324 
7 8 12 0.300000 0 2 1 1 1.500069 0 6 8 626 317 1 535 458 NA NA NA NA NA NA NA NA NA NA NA NA NA NA NA NA NA NA 
7 8 13 0.300000 0 2 0 0 1.493609 1 2 6 402 473 2 409 362 NA NA NA NA NA NA NA NA NA NA NA NA NA NA NA NA NA NA 
7 8 14 0.300000 0 8 0 1 1.068407 6 10 4 441 397 8 573 426 1 570 323 7 518 449 9 443 471 5 391 317 10 621 390 2 489 314 
7 8 15 0.300000 0 2 0 0 1.761629 1 5 9 399 320 5 398 449 NA NA NA NA NA NA NA NA NA NA NA NA NA NA NA NA NA NA 
7 8 16 0.300000 0 5 1 1 1.150537 4 1 3 419 384 9 452 300 7 549 295 10 450 444 6 581 378 NA NA NA NA NA NA NA NA NA 
7 8 17 0.300000 0 8 0 0 2.946449 0 3 3 467 333 10 606 408 5 542 312 2 536 455 9 395 441 7 452 399 1 399 305 6 609 327 
7 8 18 0.300000 0 8 0 1 1.450447 3 4 1 554 456 10 447 317 8 607 378 4 512 311 5 458 473 6 637 309 9 392 374 3 629 474 
7 8 19 0.300000 0 5 1 1 1.610995 4 7 6 627 434 1 607 372 3 525 317 2 607 299 9 455 295 NA NA NA NA NA NA NA NA NA 
7 8 20 0.300000 0 5 0 0 1.247508 3 5 3 493 306 1 450 363 8 396 299 5 407 472 9 552 304 NA NA NA NA NA NA NA NA NA 
7 8 21 0.300000 0 5 1 1 1.206329 0 3 2 449 392 5 563 423 10 387 318 8 489 295 7 437 466 NA NA NA NA NA NA NA NA NA 
7 8 22 0.300000 0 5 0 1 1.084674 1 4 3 570 455 4 546 332 2 415 435 6 431 368 8 611 398 NA NA NA NA NA NA NA NA NA 
7 8 23 0.300000 0 5 1 0 0.674652 4 1 6 623 421 3 437 368 10 402 474 8 568 451 4 459 439 NA NA NA NA NA NA NA NA NA 
7 8 24 0.300000 0 5 0 0 0.798319 0 5 5 583 423 6 595 295 4 449 436 9 535 317 3 516 452 NA NA NA NA NA NA NA NA NA 
7 8 25 0.300000 0 2 0 0 0.833772 1 9 8 450 416 9 577 457 NA NA NA NA NA NA NA NA NA NA NA NA NA NA NA NA NA NA 
7 8 26 0.300000 0 5 0 0 0.762744 1 6 1 630 337 6 548 474 4 419 312 7 634 414 2 488 472 NA NA NA NA NA NA NA NA NA 
7 8 27 0.300000 0 8 0 1 1.600394 4 3 8 466 433 2 442 318 7 587 296 1 521 465 3 608 455 9 409 396 5 526 326 4 587 361 
7 8 28 0.300000 0 8 0 0 1.134367 0 3 3 523 467 10 414 355 6 529 303 9 419 444 5 580 334 7 459 312 2 613 398 4 631 470 
7 8 29 0.300000 0 8 1 1 1.044562 5 6 4 502 449 9 419 344 3 600 333 8 595 434 7 443 408 10 538 321 2 472 303 5 399 459 
7 8 30 0.300000 0 2 0 0 1.037986 1 8 2 625 359 8 436 323 NA NA NA NA NA NA NA NA NA NA NA NA NA NA NA NA NA NA 
7 8 31 0.300000 0 5 0 0 1.307286 1 3 9 399 443 3 631 295 5 592 374 7 546 438 4 422 323 NA NA NA NA NA NA NA NA NA 
7 8 32 0.300000 0 5 0 0 0.750672 4 8 3 634 367 5 587 318 7 452 416 1 600 457 8 431 471 NA NA NA NA NA NA NA NA NA 
7 8 33 0.300000 0 2 0 0 1.230854 0 10 10 481 442 9 407 440 NA NA NA NA NA NA NA NA NA NA NA NA NA NA NA NA NA NA 
7 8 34 0.300000 0 2 1 1 1.046217 0 3 9 461 432 8 613 323 NA NA NA NA NA NA NA NA NA NA NA NA NA NA NA NA NA NA 
7 8 35 0.300000 0 5 0 0 0.850098 1 6 8 553 322 6 427 297 9 574 464 2 425 384 4 602 399 NA NA NA NA NA NA NA NA NA 
7 8 36 0.300000 0 8 0 1 0.645817 0 3 3 585 307 1 523 324 7 630 383 8 437 423 9 531 471 2 581 421 5 391 375 6 459 314 
7 8 37 0.300000 0 8 1 0 0.579543 3 5 7 562 352 10 448 310 2 628 422 4 637 307 9 440 373 3 509 449 8 515 300 6 392 431 
7 8 38 0.300000 0 5 0 1 0.831731 0 4 4 408 357 1 614 461 5 600 353 8 459 459 7 554 461 NA NA NA NA NA NA NA NA NA 
7 8 39 0.300000 0 8 1 0 0.699229 3 1 5 409 312 4 597 463 3 493 474 9 425 390 7 602 402 6 636 321 8 521 323 2 464 338 
7 8 40 0.300000 0 8 0 1 2.552895 6 5 7 554 464 8 591 327 6 455 316 4 428 467 9 397 335 3 398 416 5 614 423 1 538 297 
7 8 41 0.300000 0 5 0 0 0.766319 1 1 3 427 299 1 578 345 10 465 430 2 633 449 8 511 321 NA NA NA NA NA NA NA NA NA 
7 8 42 0.300000 0 2 1 0 1.166033 1 2 4 430 343 9 490 443 NA NA NA NA NA NA NA NA NA NA NA NA NA NA NA NA NA NA 
7 8 43 0.300000 0 8 0 1 1.370374 1 6 5 524 314 6 435 325 2 612 435 3 405 426 10 468 445 4 539 463 1 587 327 8 570 387 
7 8 44 0.300000 0 8 0 0 0.467417 0 7 7 437 467 5 440 303 3 621 387 10 446 365 6 561 307 2 552 466 4 632 457 9 389 392 
7 8 45 0.300000 0 8 0 1 0.953087 6 2 10 430 353 3 607 436 7 604 344 6 480 435 1 499 310 5 393 445 2 558 470 4 567 299 
7 8 46 0.300000 0 5 1 0 0.707371 0 10 5 610 368 9 636 474 8 556 342 2 410 389 3 442 438 NA NA NA NA NA NA NA NA NA 
7 8 47 0.300000 0 2 0 0 1.208806 1 1 5 456 365 1 509 304 NA NA NA NA NA NA NA NA NA NA NA NA NA NA NA NA NA NA 
7 8 48 0.300000 0 5 0 1 0.691168 3 3 2 412 314 9 486 465 10 397 470 3 623 463 4 547 462 NA NA NA NA NA NA NA NA NA 
7 8 49 0.300000 0 2 1 1 1.135492 0 5 6 629 306 4 423 438 NA NA NA NA NA NA NA NA NA NA NA NA NA NA NA NA NA NA 
7 8 50 0.300000 0 2 0 0 0.861412 0 3 3 617 379 2 400 424 NA NA NA NA NA NA NA NA NA NA NA NA NA NA NA NA NA NA 
7 8 51 0.300000 0 5 0 0 1.668937 3 5 10 443 339 7 486 454 2 636 296 5 618 422 8 546 441 NA NA NA NA NA NA NA NA NA 
7 8 52 0.300000 0 8 0 0 1.375953 5 9 4 609 428 6 468 448 7 428 359 3 496 317 8 548 444 9 608 349 2 401 439 5 560 311 
7 8 53 0.300000 0 5 0 0 0.604194 1 8 2 629 349 8 566 322 6 425 316 10 465 441 1 614 467 NA NA NA NA NA NA NA NA NA 
7 8 54 0.300000 0 8 0 0 0.627486 0 2 2 625 344 8 467 327 6 393 459 10 624 427 5 561 442 7 410 338 4 458 418 3 545 296 
7 8 55 0.300000 0 2 0 0 1.381880 0 10 10 610 311 8 492 468 NA NA NA NA NA NA NA NA NA NA NA NA NA NA NA NA NA NA 
7 8 56 0.300000 0 5 0 0 0.886388 0 7 7 507 443 2 600 396 5 414 314 9 509 305 8 630 304 NA NA NA NA NA NA NA NA NA 
7 8 57 0.300000 0 5 0 1 1.585275 0 6 6 415 428 10 628 397 1 573 334 5 395 324 4 465 330 NA NA NA NA NA NA NA NA NA 
7 8 58 0.300000 0 2 0 0 1.275599 0 9 9 426 348 7 572 332 NA NA NA NA NA NA NA NA NA NA NA NA NA NA NA NA NA NA 
7 8 59 0.300000 0 8 1 0 3.003356 3 2 8 583 357 10 411 349 4 513 461 1 527 308 7 626 470 3 425 410 6 465 314 9 572 433 
