18 0 0 0.300000 0 8 0 1 1.126336 0 3 3 619 357 2 571 451 9 405 295 7 410 462 6 449 348 8 504 474 1 600 296 5 530 312 
18 0 1 0.300000 0 5 0 1 1.366078 0 6 6 575 373 8 603 427 7 507 452 2 495 303 9 395 419 NA NA NA NA NA NA NA NA NA 
18 0 2 0.300000 0 8 0 1 1.500848 5 1 4 606 315 5 602 411 2 544 329 6 427 370 10 405 429 1 479 445 8 558 468 9 477 323 
18 0 3 0.300000 0 8 0 0 1.084787 2 2 5 397 372 9 597 409 2 606 318 7 425 424 1 431 314 6 476 464 3 556 454 10 499 306 
18 0 4 0.300000 0 2 0 0 1.466810 0 1 1 445 433 5 627 394 NA NA NA NA NA NA NA NA NA NA NA NA NA NA NA NA NA NA 
18 0 5 0.300000 0 2 0 0 1.354441 1 8 1 399 394 8 463 443 NA NA NA NA NA NA NA NA NA NA NA NA NA NA NA NA NA NA 
18 0 6 0.300000 0 8 0 0 0.988240 4 1 3 609 300 7 441 451 6 392 394 9 587 419 1 397 316 4 494 300 5 519 468 8 572 362 
18 0 7 0.300000 0 8 0 1 1.528999 2 10 1 423 374 9 586 332 10 628 461 8 497 452 7 619 394 3 437 433 5 423 300 4 510 297 
18 0 8 0.300000 0 5 0 0 0.854011 0 6 6 589 431 7 586 344 9 530 452 3 400 317 1 392 461 NA NA NA NA NA NA NA NA NA 
18 0 9 0.300000 0 5 1 0 0.998841 0 6 9 482 328 8 562 415 10 488 461 4 429 398 3 632 319 NA NA NA NA NA NA NA NA NA 
18 0 10 0.300000 0 2 0 0 1.400131 1 2 5 415 372 2 633 426 NA NA NA NA NA NA NA NA NA NA NA NA NA NA NA NA NA NA 
18 0 11 0.300000 0 2 1 1 1.880192 1 5 9 581 374 4 452 337 NA NA NA NA NA NA NA NA NA NA NA NA NA NA NA NA NA NA 
18 0 12 0.300000 0 5 1 1 1.607084 4 10 4 568 402 7 398 346 5 592 345 3 449 447 8 478 332 NA NA NA NA NA NA NA NA NA 
18 0 13 0.300000 0 2 0 0 1.851386 0 1 1 576 413 5 413 466 NA NA NA NA NA NA NA NA NA NA NA NA NA NA NA NA NA NA 
18 0 14 0.300000 0 2 0 0 1.074351 0 9 9 450 474 10 572 433 NA NA NA NA NA NA NA NA NA NA NA NA NA NA NA NA NA NA 
18 0 15 0.300000 0 8 1 0 1.152936 7 9 10 520 298 8 556 452 7 424 415 2 626 307 5 459 335 3 580 344 4 399 302 6 460 469 
18 0 16 0.300000 0 2 0 0 1.086863 1 1 10 608 355 1 441 461 NA NA NA NA NA NA NA NA NA NA NA NA NA NA NA NA NA NA 
18 0 17 0.300000 0 8 0 1 1.268299 5 4 9 479 450 1 448 397 5 489 323 10 393 326 6 568 350 4 634 441 8 416 465 2 629 380 
18 0 18 0.300000 0 2 0 0 2.194050 1 8 4 404 395 8 409 474 NA NA NA NA NA NA NA NA NA NA NA NA NA NA NA NA NA NA 
18 0 19 0.300000 0 8 0 0 2.593978 5 9 3 554 428 4 396 360 2 529 294 10 438 455 1 607 376 9 615 465 8 435 314 6 596 317 
18 0 20 0.300000 0 8 0 1 2.529555 6 2 4 589 413 3 612 299 9 634 471 6 401 460 5 437 329 7 411 383 2 538 299 8 457 440 
18 0 21 0.300000 0 8 1 0 0.756897 2 5 3 538 296 7 634 337 1 440 402 9 387 347 6 570 456 10 468 331 2 623 429 4 563 353 
18 0 22 0.300000 0 8 0 0 0.909741 5 8 2 491 442 1 400 324 5 565 339 9 466 348 6 626 419 8 422 458 4 409 401 10 569 443 
18 0 23 0.300000 0 8 0 0 0.956936 6 5 4 431 465 8 624 384 1 570 418 3 491 315 10 615 460 2 551 329 5 514 461 9 636 295 
18 0 24 0.300000 0 8 0 0 0.820561 2 9 10 402 362 8 465 310 9 583 440 5 584 333 6 636 401 7 467 449 4 530 305 2 398 294 
18 0 25 0.300000 0 2 1 1 1.098499 1 10 3 436 463 7 600 447 NA NA NA NA NA NA NA NA NA NA NA NA NA NA NA NA NA NA 
18 0 26 0.300000 0 2 0 0 1.132285 1 6 2 431 419 6 577 447 NA NA NA NA NA NA NA NA NA NA NA NA NA NA NA NA NA NA 
18 0 27 0.300000 0 5 0 0 1.717663 3 3 10 558 328 1 457 295 9 538 445 3 621 343 4 436 365 NA NA NA NA NA NA NA NA NA 
18 0 28 0.300000 0 5 0 1 0.921053 4 8 4 612 337 1 534 467 10 591 403 3 509 302 8 411 464 NA NA NA NA NA NA NA NA NA 
18 0 29 0.300000 0 8 0 0 1.283296 7 9 10 556 467 4 581 303 3 446 332 7 421 437 6 622 447 1 629 349 8 488 447 9 515 309 
18 0 30 0.300000 0 8 1 0 1.027989 1 3 5 614 331 8 585 389 10 399 423 6 505 450 2 527 304 9 437 353 4 610 463 7 469 300 
18 0 31 0.300000 0 2 0 0 1.042586 0 10 10 401 322 3 607 414 NA NA NA NA NA NA NA NA NA NA NA NA NA NA NA NA NA NA 
18 0 32 0.300000 0 5 0 0 1.053978 0 4 4 392 299 2 507 295 7 621 441 3 397 415 1 455 465 NA NA NA NA NA NA NA NA NA 
18 0 33 0.300000 0 5 0 1 1.659084 0 5 5 396 456 4 436 300 8 610 386 2 524 469 7 434 388 NA NA NA NA NA NA NA NA NA 
18 0 34 0.300000 0 5 0 0 0.583176 4 3 8 557 434 10 626 446 2 455 319 5 601 325 3 438 418 NA NA NA NA NA NA NA NA NA 
18 0 35 0.300000 0 2 0 0 1.008535 0 2 2 556 314 1 416 340 NA NA NA NA NA NA NA NA NA NA NA NA NA NA NA NA NA NA 
18 0 36 0.300000 0 2 0 0 0.796979 1 5 7 439 321 5 522 472 NA NA NA NA NA NA NA NA NA NA NA NA NA NA NA NA NA NA 
18 0 37 0.300000 0 8 0 0 1.228253 4 1 10 424 406 9 542 330 6 632 320 2 438 316 1 615 410 7 560 453 5 419 469 8 501 446 
18 0 38 0.300000 0 5 0 0 0.739476 2 3 4 544 462 9 570 367 3 406 344 8 445 442 6 601 306 NA NA NA NA NA NA NA NA NA 
18 0 39 0.300000 0 2 0 0 0.878565 0 9 9 428 317 6 620 447 NA NA NA NA NA NA NA NA NA NA NA NA NA NA NA NA NA NA 
18 0 40 0.300000 0 5 1 1 0.920401 1 1 3 586 447 9 398 430 8 525 324 6 620 337 2 458 361 NA NA NA NA NA NA NA NA NA 
18 0 41 0.300000 0 5 0 0 0.758862 0 5 5 564 301 3 421 325 9 633 386 2 517 444 1 629 296 NA NA NA NA NA NA NA NA NA 
18 0 42 0.300000 0 5 0 1 1.145621 2 8 6 629 377 1 619 444 8 540 331 9 561 468 10 439 344 NA NA NA NA NA NA NA NA NA 
18 0 43 0.300000 0 2 1 1 1.155108 0 9 4 602 359 10 390 294 NA NA NA NA NA NA NA NA NA NA NA NA NA NA NA NA NA NA 
18 0 44 0.300000 0 8 1 0 1.240060 4 6 5 558 429 3 391 314 4 630 408 7 495 299 1 462 445 2 622 468 10 625 303 8 554 341 
18 0 45 0.300000 0 5 1 1 1.325968 1 3 8 572 386 6 454 389 10 556 464 2 489 304 4 472 466 NA NA NA NA NA NA NA NA NA 
18 0 46 0.300000 0 5 0 0 1.261256 2 8 3 435 405 6 616 378 8 393 453 4 494 304 10 609 319 NA NA NA NA NA NA NA NA NA 
18 0 47 0.300000 0 5 0 0 0.644917 4 3 7 462 299 8 611 357 4 633 435 1 478 472 3 411 435 NA NA NA NA NA NA NA NA NA 
18 0 48 0.300000 0 8 1 0 0.996194 6 4 9 532 306 8 506 454 6 582 362 7 428 410 10 625 317 1 637 454 3 407 465 2 407 355 
18 0 49 0.300000 0 2 0 0 1.013816 1 4 3 420 459 4 452 326 NA NA NA NA NA NA NA NA NA NA NA NA NA NA NA NA NA NA 
18 0 50 0.300000 0 5 1 0 1.148352 1 8 2 408 397 7 573 429 5 601 356 4 511 304 1 629 304 NA NA NA NA NA NA NA NA NA 
18 0 51 0.300000 0 2 1 1 0.862579 1 9 1 581 449 8 630 392 NA NA NA NA NA NA NA NA NA NA NA NA NA NA NA NA NA NA 
18 0 52 0.300000 0 5 0 0 0.757116 3 7 1 458 429 4 560 435 9 620 402 7 563 309 6 487 302 NA NA NA NA NA NA NA NA NA 
18 0 53 0.300000 0 2 1 1 0.668450 1 1 9 617 450 6 414 329 NA NA NA NA NA NA NA NA NA NA NA NA NA NA NA NA NA NA 
18 0 54 0.300000 0 2 0 0 0.662026 1 8 2 541 448 8 420 347 NA NA NA NA NA NA NA NA NA NA NA NA NA NA NA NA NA NA 
18 0 55 0.300000 0 8 1 0 0.948803 2 1 3 503 455 6 602 349 4 417 443 8 596 450 5 561 296 7 433 356 9 481 304 10 632 299 
18 0 56 0.300000 0 5 1 1 0.871249 3 7 9 443 300 2 427 369 10 483 445 5 421 464 3 602 346 NA NA NA NA NA NA NA NA NA 
18 0 57 0.300000 0 8 0 0 0.584594 0 7 7 415 367 1 621 456 6 434 299 5 569 372 9 408 470 8 535 313 4 472 461 2 614 296 
18 0 58 0.300000 0 5 0 1 1.480891 4 4 8 411 467 9 473 296 6 592 371 10 603 465 4 479 469 NA NA NA NA NA NA NA NA NA 
18 0 59 0.300000 0 2 1 0 0.683525 0 9 10 578 383 3 573 445 NA NA NA NA NA NA NA NA NA NA NA NA NA NA NA NA NA NA 
18 1 0 0.500000 0 2 1 1 0.865660 1 10 6 607 431 1 387 305 NA NA NA NA NA NA NA NA NA NA NA NA NA NA NA NA NA NA 
18 1 1 0.500000 0 2 1 1 1.275883 1 7 2 408 316 6 530 306 NA NA NA NA NA NA NA NA NA NA NA NA NA NA NA NA NA NA 
18 1 2 0.500000 0 5 0 1 1.550107 3 3 5 460 296 10 561 350 1 617 381 3 506 453 6 607 456 NA NA NA NA NA NA NA NA NA 
18 1 3 0.500000 0 2 0 0 1.031680 1 6 5 462 332 6 550 307 NA NA NA NA NA NA NA NA NA NA NA NA NA NA NA NA NA NA 
18 1 4 0.500000 0 5 1 1 1.325086 2 1 2 408 342 9 505 315 7 619 306 6 618 451 10 394 407 NA NA NA NA NA NA NA NA NA 
18 1 5 0.500000 0 2 0 0 0.557575 0 9 9 441 453 7 563 325 NA NA NA NA NA NA NA NA NA NA NA NA NA NA NA NA NA NA 
18 1 6 0.500000 0 5 0 1 1.219484 4 1 10 419 365 6 436 447 8 569 348 4 629 425 1 510 450 NA NA NA NA NA NA NA NA NA 
18 1 7 0.500000 0 2 1 1 1.028681 0 9 3 401 315 1 426 418 NA NA NA NA NA NA NA NA NA NA NA NA NA NA NA NA NA NA 
18 1 8 0.500000 0 8 1 0 0.870555 2 7 5 574 361 9 448 352 4 625 309 8 410 455 3 636 468 6 571 422 10 489 441 2 467 295 
18 1 9 0.500000 0 2 0 0 1.163844 0 10 10 487 440 4 612 405 NA NA NA NA NA NA NA NA NA NA NA NA NA NA NA NA NA NA 
18 1 10 0.500000 0 5 0 0 1.424107 0 3 3 491 462 5 598 388 6 418 468 10 442 321 2 598 463 NA NA NA NA NA NA NA NA NA 
18 1 11 0.500000 0 5 1 1 1.119670 4 4 3 487 296 5 402 413 6 631 383 10 489 446 1 427 298 NA NA NA NA NA NA NA NA NA 
18 1 12 0.500000 0 8 1 0 0.842033 5 3 9 621 394 8 603 312 10 448 320 2 585 452 6 402 378 4 463 450 5 406 464 1 522 321 
18 1 13 0.500000 0 2 1 1 1.073827 1 3 2 627 310 8 452 440 NA NA NA NA NA NA NA NA NA NA NA NA NA NA NA NA NA NA 
18 1 14 0.500000 0 5 0 1 1.328130 1 6 4 572 325 6 388 452 10 526 458 3 445 344 5 464 450 NA NA NA NA NA NA NA NA NA 
18 1 15 0.500000 0 5 1 0 0.937171 4 5 9 445 433 7 409 295 10 636 446 3 591 390 1 520 314 NA NA NA NA NA NA NA NA NA 
18 1 16 0.500000 0 2 0 1 0.752089 0 1 1 556 308 8 475 319 NA NA NA NA NA NA NA NA NA NA NA NA NA NA NA NA NA NA 
18 1 17 0.500000 0 8 0 0 1.317740 0 9 9 594 330 10 437 331 5 608 411 4 561 453 6 417 461 1 522 294 3 417 395 8 481 449 
18 1 18 0.500000 0 2 0 0 1.044504 1 4 1 607 375 4 459 336 NA NA NA NA NA NA NA NA NA NA NA NA NA NA NA NA NA NA 
18 1 19 0.500000 0 8 1 0 1.343506 4 4 7 399 306 1 559 436 3 400 374 8 544 325 5 489 294 2 424 463 10 635 398 9 616 327 
18 1 20 0.500000 0 8 1 0 1.020413 2 4 5 581 454 9 402 406 3 535 324 2 593 392 10 455 455 1 469 336 6 628 335 7 396 343 
18 1 21 0.500000 0 8 0 0 1.165925 5 9 1 432 305 7 600 339 2 517 307 4 410 453 3 620 397 9 412 380 6 490 453 5 619 460 
18 1 22 0.500000 0 8 1 1 0.844282 5 1 4 397 454 8 608 318 10 398 380 7 472 302 3 581 426 9 529 327 2 454 413 5 523 452 
18 1 23 0.500000 0 8 0 0 0.607766 5 7 8 469 326 3 405 325 5 505 457 6 570 330 4 414 426 7 574 407 2 629 381 1 620 294 
18 1 24 0.500000 0 8 0 1 1.162537 0 4 4 404 466 10 423 400 9 531 459 6 625 325 7 585 407 3 420 328 2 520 303 5 633 445 
18 1 25 0.500000 0 2 0 0 0.824255 0 3 3 520 452 8 505 310 NA NA NA NA NA NA NA NA NA NA NA NA NA NA NA NA NA NA 
18 1 26 0.500000 0 2 1 1 0.879758 1 2 1 526 458 7 631 325 NA NA NA NA NA NA NA NA NA NA NA NA NA NA NA NA NA NA 
18 1 27 0.500000 0 5 0 0 1.033546 4 9 2 417 378 5 509 311 8 635 339 3 596 432 9 449 318 NA NA NA NA NA NA NA NA NA 
18 1 28 0.500000 0 5 1 1 0.790216 2 1 3 607 328 6 573 459 10 428 299 8 507 310 5 397 396 NA NA NA NA NA NA NA NA NA 
18 1 29 0.500000 0 2 0 0 1.787224 1 5 1 623 404 5 467 474 NA NA NA NA NA NA NA NA NA NA NA NA NA NA NA NA NA NA 
18 1 30 0.500000 0 5 1 1 0.899268 4 9 7 459 468 4 435 332 8 616 395 2 573 472 1 545 299 NA NA NA NA NA NA NA NA NA 
18 1 31 0.500000 0 8 1 1 0.880365 3 3 4 397 318 9 610 375 10 502 470 2 397 451 1 531 320 5 621 473 7 450 383 6 606 308 
18 1 32 0.500000 0 8 1 0 1.022540 4 3 2 551 294 1 541 437 10 408 434 5 616 406 7 403 318 4 466 424 6 628 474 9 635 300 
18 1 33 0.500000 0 5 1 1 0.754358 4 8 1 530 451 10 636 371 5 392 360 2 391 435 6 451 398 NA NA NA NA NA NA NA NA NA 
18 1 34 0.500000 0 5 1 1 0.675322 3 10 3 616 308 1 618 404 4 403 376 5 539 444 2 457 306 NA NA NA NA NA NA NA NA NA 
18 1 35 0.500000 0 2 1 1 0.759193 0 1 8 559 338 4 578 427 NA NA NA NA NA NA NA NA NA NA NA NA NA NA NA NA NA NA 
18 1 36 0.500000 0 5 0 0 0.920878 0 8 8 435 460 6 440 383 7 597 318 4 503 309 2 597 376 NA NA NA NA NA NA NA NA NA 
18 1 37 0.500000 0 8 1 1 0.674721 1 1 9 396 409 5 490 444 2 504 312 7 576 324 4 551 440 3 422 297 6 444 363 10 614 458 
18 1 38 0.500000 0 2 1 1 0.766682 1 2 1 590 392 10 596 323 NA NA NA NA NA NA NA NA NA NA NA NA NA NA NA NA NA NA 
18 1 39 0.500000 0 5 0 0 0.936977 3 6 8 560 458 1 412 473 3 590 327 6 524 315 4 450 317 NA NA NA NA NA NA NA NA NA 
18 1 40 0.500000 0 2 1 1 2.515562 1 3 7 491 447 9 616 384 NA NA NA NA NA NA NA NA NA NA NA NA NA NA NA NA NA NA 
18 1 41 0.500000 0 8 0 0 1.076307 3 3 8 521 473 4 459 318 7 392 323 3 614 301 5 592 421 10 620 364 6 389 413 2 454 376 
18 1 42 0.500000 0 5 1 1 1.158796 0 4 9 532 468 7 436 320 1 633 382 10 544 320 6 605 318 NA NA NA NA NA NA NA NA NA 
18 1 43 0.500000 0 8 1 1 0.998635 4 3 2 487 321 1 607 444 4 500 454 5 428 366 6 627 294 8 438 461 7 577 356 10 393 308 
18 1 44 0.500000 0 8 0 0 0.673967 1 6 5 562 339 6 401 302 3 442 449 1 499 321 7 630 333 10 590 395 2 411 399 8 506 465 
18 1 45 0.500000 0 2 1 1 0.967126 1 10 3 588 430 5 467 441 NA NA NA NA NA NA NA NA NA NA NA NA NA NA NA NA NA NA 
18 1 46 0.500000 0 8 0 1 0.649805 7 4 2 633 469 8 399 302 10 629 352 1 458 421 7 390 422 3 524 455 5 472 315 4 598 414 
18 1 47 0.500000 0 8 0 1 1.582779 7 7 6 617 368 8 576 428 4 477 436 5 594 296 3 396 430 9 456 337 2 623 471 7 403 313 
18 1 48 0.500000 0 5 0 0 1.009530 4 2 6 616 379 1 510 319 4 404 439 5 425 337 2 505 445 NA NA NA NA NA NA NA NA NA 
18 1 49 0.500000 0 5 1 0 1.196992 0 4 1 413 461 5 599 411 8 475 436 7 446 352 9 404 311 NA NA NA NA NA NA NA NA NA 
18 1 50 0.500000 0 8 1 1 0.796054 5 5 1 628 464 6 586 416 4 435 313 9 441 434 3 538 453 10 528 318 2 424 374 8 606 337 
18 1 51 0.500000 0 2 1 1 0.755242 0 6 2 441 468 4 599 423 NA NA NA NA NA NA NA NA NA NA NA NA NA NA NA NA NA NA 
18 1 52 0.500000 0 8 0 0 1.042851 7 10 5 614 379 1 618 320 9 541 320 3 415 299 7 601 474 2 551 437 6 477 435 10 469 327 
18 1 53 0.500000 0 5 1 1 1.364921 4 3 6 449 339 1 605 322 5 423 452 2 520 446 10 631 473 NA NA NA NA NA NA NA NA NA 
18 1 54 0.500000 0 2 0 0 2.309539 0 4 4 575 384 6 406 335 NA NA NA NA NA NA NA NA NA NA NA NA NA NA NA NA NA NA 
18 1 55 0.500000 0 5 0 0 0.785604 2 1 7 610 465 8 637 334 1 417 347 9 585 403 4 483 296 NA NA NA NA NA NA NA NA NA 
18 1 56 0.500000 0 5 0 1 1.012503 0 2 2 437 378 6 453 306 3 632 347 10 547 432 9 570 336 NA NA NA NA NA NA NA NA NA 
18 1 57 0.500000 0 2 0 0 1.150338 0 9 9 600 435 10 420 361 NA NA NA NA NA NA NA NA NA NA NA NA NA NA NA NA NA NA 
18 1 58 0.500000 0 8 0 1 0.712635 7 2 3 419 396 6 622 302 4 562 303 9 500 441 8 607 412 7 427 312 1 418 463 2 566 458 
18 1 59 0.500000 0 2 0 0 0.752049 1 8 6 596 459 8 397 473 NA NA NA NA NA NA NA NA NA NA NA NA NA NA NA NA NA NA 
18 2 0 0.700000 0 2 1 0 3.373147 0 1 8 570 402 9 631 334 NA NA NA NA NA NA NA NA NA NA NA NA NA NA NA NA NA NA 
18 2 1 0.700000 0 5 1 1 0.753241 4 8 9 628 375 2 621 446 4 431 364 1 530 323 3 505 442 NA NA NA NA NA NA NA NA NA 
18 2 2 0.700000 0 8 1 1 1.099615 5 6 7 414 343 10 598 467 1 468 439 5 583 355 4 419 405 9 527 296 3 636 300 2 628 399 
18 2 3 0.700000 0 2 1 1 0.761598 1 5 8 389 407 2 445 295 NA NA NA NA NA NA NA NA NA NA NA NA NA NA NA NA NA NA 
18 2 4 0.700000 0 5 1 0 0.625259 2 10 8 419 385 7 501 460 4 601 451 9 542 319 2 582 380 NA NA NA NA NA NA NA NA NA 
18 2 5 0.700000 0 5 0 1 0.614570 3 5 7 420 395 6 617 454 10 399 312 5 579 320 4 504 444 NA NA NA NA NA NA NA NA NA 
18 2 6 0.700000 0 2 1 1 0.977020 0 10 5 592 386 7 426 372 NA NA NA NA NA NA NA NA NA NA NA NA NA NA NA NA NA NA 
18 2 7 0.700000 0 8 1 1 0.661001 6 7 10 426 472 3 589 391 4 423 401 9 485 436 5 573 328 2 635 457 8 555 443 1 452 311 
18 2 8 0.700000 0 5 1 1 1.051651 4 9 8 422 454 6 532 319 1 437 381 3 532 464 10 611 299 NA NA NA NA NA NA NA NA NA 
18 2 9 0.700000 0 8 1 0 1.967645 5 3 2 472 432 1 598 413 10 391 301 8 396 432 9 526 298 7 630 328 4 468 324 6 540 473 
18 2 10 0.700000 0 2 1 1 0.858525 1 7 9 623 442 1 461 327 NA NA NA NA NA NA NA NA NA NA NA NA NA NA NA NA NA NA 
18 2 11 0.700000 0 5 0 1 0.597817 4 6 5 524 317 3 613 370 4 409 414 8 462 462 6 594 463 NA NA NA NA NA NA NA NA NA 
18 2 12 0.700000 0 5 1 1 1.224939 1 7 1 450 456 8 583 338 6 407 375 10 634 405 3 579 444 NA NA NA NA NA NA NA NA NA 
18 2 13 0.700000 0 2 1 1 0.748255 0 5 7 598 304 6 526 474 NA NA NA NA NA NA NA NA NA NA NA NA NA NA NA NA NA NA 
18 2 14 0.700000 0 5 1 1 1.088939 4 4 7 623 336 6 434 363 10 443 296 8 588 406 2 501 443 NA NA NA NA NA NA NA NA NA 
18 2 15 0.700000 0 5 1 0 0.673254 3 7 3 566 460 2 608 377 1 469 474 4 461 355 8 595 317 NA NA NA NA NA NA NA NA NA 
18 2 16 0.700000 0 5 0 0 1.150203 0 9 9 563 354 1 390 473 3 410 372 8 599 439 4 462 330 NA NA NA NA NA NA NA NA NA 
18 2 17 0.700000 0 8 0 1 0.704349 2 6 1 520 461 2 440 474 6 513 322 8 591 348 3 627 432 10 400 419 5 444 374 4 402 316 
18 2 18 0.700000 0 5 1 0 0.532733 2 3 6 400 321 4 466 331 8 518 303 10 577 351 2 408 446 NA NA NA NA NA NA NA NA NA 
18 2 19 0.700000 0 8 0 1 1.856988 1 9 1 431 426 9 533 446 8 536 310 10 635 319 2 437 297 4 405 369 7 611 414 5 635 472 
18 2 20 0.700000 0 5 1 0 0.530343 0 8 4 573 382 9 471 458 3 468 330 5 536 301 7 546 440 NA NA NA NA NA NA NA NA NA 
18 2 21 0.700000 0 8 1 1 1.051960 2 2 3 578 355 10 466 426 5 396 314 7 635 326 8 599 416 6 416 378 1 522 474 9 392 468 
18 2 22 0.700000 0 5 1 0 0.878820 0 1 6 453 461 3 481 331 4 627 347 8 565 326 7 397 294 NA NA NA NA NA NA NA NA NA 
18 2 23 0.700000 0 8 1 1 0.605587 7 8 3 430 380 1 393 309 2 629 317 5 483 447 9 560 342 10 388 455 7 613 452 6 545 465 
18 2 24 0.700000 0 5 0 0 1.225085 1 7 5 423 461 7 622 331 6 548 440 3 575 377 4 432 352 NA NA NA NA NA NA NA NA NA 
18 2 25 0.700000 0 5 1 1 1.181714 4 7 10 604 427 5 401 438 1 512 466 6 438 392 4 387 355 NA NA NA NA NA NA NA NA NA 
18 2 26 0.700000 0 2 0 0 1.014767 0 7 7 633 358 10 417 310 NA NA NA NA NA NA NA NA NA NA NA NA NA NA NA NA NA NA 
18 2 27 0.700000 0 8 1 1 0.997519 6 6 1 580 460 3 475 474 5 409 360 8 595 403 2 560 325 9 456 405 7 478 315 10 624 328 
18 2 28 0.700000 0 2 0 0 0.857931 1 7 1 396 391 7 475 469 NA NA NA NA NA NA NA NA NA NA NA NA NA NA NA NA NA NA 
18 2 29 0.700000 0 5 0 1 0.689538 3 5 10 415 448 6 617 402 8 430 376 5 476 327 1 620 331 NA NA NA NA NA NA NA NA NA 
18 2 30 0.700000 0 8 0 0 -1.000000 1 6 2 553 439 6 424 339 4 479 434 9 625 314 7 396 472 5 516 295 10 615 375 1 623 469 
18 2 31 0.700000 0 2 0 0 0.848721 1 4 7 395 323 4 605 461 NA NA NA NA NA NA NA NA NA NA NA NA NA NA NA NA NA NA 
18 2 32 0.700000 0 8 0 0 0.485289 5 7 5 512 451 9 499 306 6 427 356 8 603 448 3 572 359 7 415 298 1 417 443 4 629 337 
18 2 33 0.700000 0 5 1 1 0.753939 2 5 2 544 327 6 413 416 10 603 327 7 471 448 3 594 465 NA NA NA NA NA NA NA NA NA 
18 2 34 0.700000 0 8 0 1 0.694041 3 5 6 523 471 8 409 441 9 618 441 5 571 340 7 413 307 3 481 309 1 422 365 4 569 408 
18 2 35 0.700000 0 8 1 0 0.421941 2 2 3 608 444 4 582 342 1 447 360 6 539 472 9 410 302 5 527 315 7 455 446 10 635 313 
18 2 36 0.700000 0 2 1 1 2.142315 0 9 7 450 429 5 634 401 NA NA NA NA NA NA NA NA NA NA NA NA NA NA NA NA NA NA 
18 2 37 0.700000 0 5 1 1 0.675082 2 1 2 575 471 6 468 306 4 621 356 5 436 386 10 501 456 NA NA NA NA NA NA NA NA NA 
18 2 38 0.700000 0 8 1 1 0.427983 2 10 2 518 324 6 627 428 7 581 319 1 429 366 3 550 474 5 464 446 9 574 379 4 394 439 
18 2 39 0.700000 0 5 1 1 0.573514 1 3 1 408 350 2 556 307 7 588 428 10 604 370 9 408 455 NA NA NA NA NA NA NA NA NA 
18 2 40 0.700000 0 2 1 1 0.449595 1 4 8 408 463 2 635 444 NA NA NA NA NA NA NA NA NA NA NA NA NA NA NA NA NA NA 
18 2 41 0.700000 0 5 0 1 1.169405 1 6 7 429 433 6 434 331 1 605 329 2 611 410 5 502 444 NA NA NA NA NA NA NA NA NA 
18 2 42 0.700000 0 2 0 0 1.144885 1 1 5 624 400 1 412 450 NA NA NA NA NA NA NA NA NA NA NA NA NA NA NA NA NA NA 
18 2 43 0.700000 0 2 0 0 0.780600 1 2 4 568 320 2 552 463 NA NA NA NA NA NA NA NA NA NA NA NA NA NA NA NA NA NA 
18 2 44 0.700000 0 2 1 1 1.261559 0 2 4 619 307 8 535 455 NA NA NA NA NA NA NA NA NA NA NA NA NA NA NA NA NA NA 
18 2 45 0.700000 0 2 1 1 0.816888 1 10 8 469 474 3 626 462 NA NA NA NA NA NA NA NA NA NA NA NA NA NA NA NA NA NA 
18 2 46 0.700000 0 5 1 1 0.874372 2 7 10 624 326 1 431 325 9 453 432 3 578 448 5 504 314 NA NA NA NA NA NA NA NA NA 
18 2 47 0.700000 0 8 1 1 1.057723 6 10 5 418 334 4 572 295 7 431 423 8 491 469 6 503 295 9 603 426 3 626 362 1 545 441 
18 2 48 0.700000 0 2 1 1 0.665355 0 3 1 428 333 8 540 464 NA NA NA NA NA NA NA NA NA NA NA NA NA NA NA NA NA NA 
18 2 49 0.700000 0 8 1 1 1.045658 0 9 10 618 344 5 630 424 4 550 340 6 455 347 7 525 448 2 464 456 8 391 416 3 393 357 
18 2 50 0.700000 0 8 1 1 1.110042 5 7 3 584 325 5 434 439 4 502 445 2 615 473 9 598 412 1 447 318 6 390 401 8 522 300 
18 2 51 0.700000 0 8 1 1 1.592081 3 2 3 415 364 7 565 336 5 455 427 10 621 393 8 416 298 4 557 443 9 625 297 6 470 321 
18 2 52 0.700000 0 2 1 1 0.727594 1 9 1 480 301 5 563 335 NA NA NA NA NA NA NA NA NA NA NA NA NA NA NA NA NA NA 
18 2 53 0.700000 0 2 0 0 0.826674 1 9 7 395 336 9 502 297 NA NA NA NA NA NA NA NA NA NA NA NA NA NA NA NA NA NA 
18 2 54 0.700000 0 2 1 1 0.661451 0 1 4 611 340 7 558 441 NA NA NA NA NA NA NA NA NA NA NA NA NA NA NA NA NA NA 
18 2 55 0.700000 0 8 0 1 1.312254 0 8 8 600 392 4 547 435 10 523 318 5 635 455 6 444 376 2 629 295 7 426 432 1 463 315 
18 2 56 0.700000 0 2 1 1 0.842159 0 7 6 434 305 1 629 379 NA NA NA NA NA NA NA NA NA NA NA NA NA NA NA NA NA NA 
18 2 57 0.700000 0 2 1 1 0.947075 1 4 5 604 333 7 495 472 NA NA NA NA NA NA NA NA NA NA NA NA NA NA NA NA NA NA 
18 2 58 0.700000 0 8 1 0 1.353991 1 9 3 605 425 8 412 462 5 588 324 10 484 472 7 519 303 2 449 395 4 431 298 1 545 467 
18 2 59 0.700000 0 8 1 1 0.622307 1 2 3 632 360 10 416 469 7 451 394 9 565 458 5 563 303 1 490 299 8 634 471 6 402 296 
18 3 0 0.500000 0 8 1 0 0.556472 4 9 1 387 335 10 528 463 6 631 416 2 446 344 8 391 426 3 463 474 4 454 402 5 528 317 
18 3 1 0.500000 0 2 0 0 1.118195 0 5 5 430 396 6 568 415 NA NA NA NA NA NA NA NA NA NA NA NA NA NA NA NA NA NA 
18 3 2 0.500000 0 8 1 1 17.522940 5 4 10 590 420 6 431 470 7 610 295 3 413 408 1 464 331 8 631 366 5 534 304 9 577 343 
18 3 3 0.500000 0 2 1 1 0.721294 0 2 6 625 332 1 406 440 NA NA NA NA NA NA NA NA NA NA NA NA NA NA NA NA NA NA 
18 3 4 0.500000 0 5 0 0 0.575068 2 10 1 395 308 9 544 443 10 415 453 2 540 320 8 425 363 NA NA NA NA NA NA NA NA NA 
18 3 5 0.500000 0 5 1 1 -1.000000 0 9 3 508 460 5 400 453 2 579 450 6 445 381 1 474 306 NA NA NA NA NA NA NA NA NA 
18 3 6 0.500000 0 5 1 0 0.625699 2 9 5 534 441 8 422 299 3 470 455 2 634 380 1 422 388 NA NA NA NA NA NA NA NA NA 
18 3 7 0.500000 0 8 0 1 0.551968 3 9 7 477 434 8 568 300 3 409 295 9 621 341 5 581 463 4 445 376 1 395 422 2 614 400 
18 3 8 0.500000 0 5 0 0 0.527823 1 4 5 530 309 4 414 333 9 620 403 1 617 332 6 505 453 NA NA NA NA NA NA NA NA NA 
18 3 9 0.500000 0 5 1 1 0.863642 0 9 2 451 438 6 613 397 8 480 333 10 568 340 7 569 458 NA NA NA NA NA NA NA NA NA 
18 3 10 0.500000 0 8 1 1 0.576030 5 3 10 586 376 1 411 380 8 510 316 7 614 304 5 388 446 6 616 430 4 456 440 2 418 297 
18 3 11 0.500000 0 5 0 0 2.806700 0 9 9 549 329 1 625 348 7 502 468 10 428 470 5 459 297 NA NA NA NA NA NA NA NA NA 
18 3 12 0.500000 0 8 0 1 4.084928 7 1 7 406 393 5 528 459 6 623 457 10 590 357 3 421 323 2 453 439 4 509 311 1 578 416 
18 3 13 0.500000 0 5 1 0 1.535954 3 9 4 452 373 2 476 455 3 393 467 7 612 355 6 565 467 NA NA NA NA NA NA NA NA NA 
18 3 14 0.500000 0 5 0 1 0.762550 0 6 6 602 460 9 481 313 7 412 365 10 577 370 5 629 297 NA NA NA NA NA NA NA NA NA 
18 3 15 0.500000 0 8 0 0 1.073948 3 6 7 609 381 1 446 320 2 434 449 6 562 334 9 501 465 5 391 362 8 598 456 4 633 307 
18 3 16 0.500000 0 8 1 1 0.717433 2 4 3 438 398 8 636 326 9 387 471 6 487 301 5 582 364 1 581 446 7 506 464 10 402 331 
18 3 17 0.500000 0 5 1 0 0.616292 4 7 4 595 464 2 517 470 10 433 365 9 626 320 3 435 304 NA NA NA NA NA NA NA NA NA 
18 3 18 0.500000 0 5 0 1 0.406558 1 7 9 608 340 7 553 434 3 465 307 5 430 466 10 498 470 NA NA NA NA NA NA NA NA NA 
18 3 19 0.500000 0 2 0 0 0.838644 0 3 3 429 320 4 398 389 NA NA NA NA NA NA NA NA NA NA NA NA NA NA NA NA NA NA 
18 3 20 0.500000 0 8 1 1 0.829480 3 2 9 476 451 4 516 309 7 425 323 6 614 304 3 564 410 1 630 462 10 387 455 8 417 402 
18 3 21 0.500000 0 2 1 1 0.968578 1 8 5 399 319 1 458 425 NA NA NA NA NA NA NA NA NA NA NA NA NA NA NA NA NA NA 
18 3 22 0.500000 0 8 1 1 0.968388 7 7 1 602 327 5 442 402 4 508 442 8 572 426 3 432 315 2 393 454 10 509 312 9 633 431 
18 3 23 0.500000 0 2 1 1 0.876733 0 4 5 570 304 6 632 428 NA NA NA NA NA NA NA NA NA NA NA NA NA NA NA NA NA NA 
18 3 24 0.500000 0 8 1 1 0.630957 6 9 7 574 461 1 400 417 4 488 314 6 634 342 2 551 330 8 443 352 5 487 472 3 586 394 
18 3 25 0.500000 0 2 1 1 0.785358 0 3 6 610 382 4 397 305 NA NA NA NA NA NA NA NA NA NA NA NA NA NA NA NA NA NA 
18 3 26 0.500000 0 8 1 1 0.645048 3 8 10 506 302 5 599 356 4 413 437 6 451 336 9 609 431 2 543 452 1 585 296 7 387 331 
18 3 27 0.500000 0 2 0 0 0.941958 1 6 5 409 386 6 592 340 NA NA NA NA NA NA NA NA NA NA NA NA NA NA NA NA NA NA 
18 3 28 0.500000 0 2 0 1 0.568767 0 1 1 596 416 4 478 459 NA NA NA NA NA NA NA NA NA NA NA NA NA NA NA NA NA NA 
18 3 29 0.500000 0 5 1 1 1.021525 1 8 7 486 306 1 526 441 2 632 385 10 393 373 3 428 305 NA NA NA NA NA NA NA NA NA 
18 3 30 0.500000 0 8 1 1 0.790684 6 7 4 393 377 9 490 446 8 566 467 3 425 465 10 633 328 1 594 416 2 425 298 5 547 334 
18 3 31 0.500000 0 5 1 1 1.355174 3 10 6 469 316 9 560 449 4 403 327 7 625 399 1 411 466 NA NA NA NA NA NA NA NA NA 
18 3 32 0.500000 0 8 0 1 1.565877 1 7 6 406 394 7 429 462 10 484 314 4 557 472 9 601 349 8 570 298 2 413 302 3 610 426 
18 3 33 0.500000 0 5 0 0 0.826783 4 7 4 576 401 8 476 333 9 402 403 1 455 463 7 619 470 NA NA NA NA NA NA NA NA NA 
18 3 34 0.500000 0 5 0 0 1.066078 0 1 1 391 323 2 544 304 5 430 419 9 550 432 6 445 345 NA NA NA NA NA NA NA NA NA 
18 3 35 0.500000 0 2 0 0 0.726396 0 7 7 524 447 5 415 395 NA NA NA NA NA NA NA NA NA NA NA NA NA NA NA NA NA NA 
18 3 36 0.500000 0 5 1 0 0.761971 4 5 2 592 361 9 439 343 6 636 464 8 574 464 4 399 441 NA NA NA NA NA NA NA NA NA 
18 3 37 0.500000 0 8 0 1 0.566828 5 10 6 636 369 1 631 469 4 492 309 3 394 468 2 390 334 10 457 406 7 619 311 8 573 417 
18 3 38 0.500000 0 2 0 0 0.400872 1 10 9 627 440 10 579 398 NA NA NA NA NA NA NA NA NA NA NA NA NA NA NA NA NA NA 
18 3 39 0.500000 0 8 0 0 0.650445 4 1 2 395 458 4 432 325 6 574 448 9 630 354 1 458 406 8 540 322 7 506 449 3 394 390 
18 3 40 0.500000 0 2 0 0 0.911424 0 8 8 543 434 7 572 312 NA NA NA NA NA NA NA NA NA NA NA NA NA NA NA NA NA NA 
18 3 41 0.500000 0 8 0 0 0.694501 5 10 5 616 449 8 558 442 4 594 391 6 394 407 3 393 319 10 475 334 7 621 296 1 436 470 
18 3 42 0.500000 0 2 1 1 0.615849 1 2 8 495 321 9 575 384 NA NA NA NA NA NA NA NA NA NA NA NA NA NA NA NA NA NA 
18 3 43 0.500000 0 8 0 0 0.569802 0 3 3 426 340 1 402 426 2 608 297 7 553 441 6 630 373 4 515 323 5 460 454 10 622 470 
18 3 44 0.500000 0 2 1 1 0.658379 1 3 10 468 431 2 414 351 NA NA NA NA NA NA NA NA NA NA NA NA NA NA NA NA NA NA 
18 3 45 0.500000 0 5 1 1 0.751716 3 5 9 388 311 8 553 337 4 421 389 2 465 472 7 568 401 NA NA NA NA NA NA NA NA NA 
18 3 46 0.500000 0 2 0 0 0.467002 1 3 6 610 333 3 406 382 NA NA NA NA NA NA NA NA NA NA NA NA NA NA NA NA NA NA 
18 3 47 0.500000 0 5 0 0 0.931251 1 6 3 582 319 6 396 297 9 556 464 10 429 430 4 625 399 NA NA NA NA NA NA NA NA NA 
18 3 48 0.500000 0 5 0 0 0.834282 4 5 3 424 465 2 582 424 1 510 296 9 405 388 5 393 313 NA NA NA NA NA NA NA NA NA 
18 3 49 0.500000 0 2 1 1 0.596233 0 7 10 604 334 3 405 417 NA NA NA NA NA NA NA NA NA NA NA NA NA NA NA NA NA NA 
18 3 50 0.500000 0 2 0 0 0.889796 0 1 1 503 301 4 402 459 NA NA NA NA NA NA NA NA NA NA NA NA NA NA NA NA NA NA 
18 3 51 0.500000 0 5 1 0 0.738994 3 1 8 620 377 3 431 469 6 566 443 9 562 351 7 460 351 NA NA NA NA NA NA NA NA NA 
18 3 52 0.500000 0 2 1 1 1.236934 0 1 10 547 322 9 462 294 NA NA NA NA NA NA NA NA NA NA NA NA NA NA NA NA NA NA 
18 3 53 0.500000 0 8 0 0 0.756530 3 8 9 582 402 6 453 396 2 433 321 8 473 464 4 615 345 10 394 445 7 551 318 1 630 454 
18 3 54 0.500000 0 8 0 0 0.678134 5 5 10 576 331 1 436 429 4 593 387 3 403 326 2 387 390 5 489 307 9 605 474 8 489 468 
18 3 55 0.500000 0 2 0 0 0.810429 0 1 1 594 467 8 633 324 NA NA NA NA NA NA NA NA NA NA NA NA NA NA NA NA NA NA 
18 3 56 0.500000 0 5 0 0 0.547680 3 7 9 622 376 1 617 436 4 399 400 7 533 462 8 612 306 NA NA NA NA NA NA NA NA NA 
18 3 57 0.500000 0 2 1 1 0.683199 1 2 7 583 295 3 534 440 NA NA NA NA NA NA NA NA NA NA NA NA NA NA NA NA NA NA 
18 3 58 0.500000 0 8 1 0 0.762824 2 1 8 442 296 4 488 454 10 630 314 2 399 457 7 612 455 6 387 368 3 614 373 5 562 319 
18 3 59 0.500000 0 2 1 1 0.469871 1 6 4 391 348 9 632 466 NA NA NA NA NA NA NA NA NA NA NA NA NA NA NA NA NA NA 
18 4 0 0.300000 0 5 0 0 0.752261 1 5 3 624 300 5 406 378 4 601 357 7 637 422 1 423 435 NA NA NA NA NA NA NA NA NA 
18 4 1 0.300000 0 2 0 0 0.698696 1 6 2 445 326 6 430 403 NA NA NA NA NA NA NA NA NA NA NA NA NA NA NA NA NA NA 
18 4 2 0.300000 0 8 1 1 0.762160 5 7 5 579 375 1 542 322 10 387 437 4 525 465 3 434 335 2 459 444 6 629 453 9 628 296 
18 4 3 0.300000 0 8 1 1 1.048738 2 7 4 566 354 9 431 456 8 519 305 2 512 456 1 439 358 5 628 397 3 616 472 10 604 295 
18 4 4 0.300000 0 5 1 1 0.913129 4 2 10 559 426 4 421 441 5 400 327 6 621 294 9 483 450 NA NA NA NA NA NA NA NA NA 
18 4 5 0.300000 0 8 0 0 0.952023 4 7 6 592 417 2 428 355 4 390 424 3 576 331 7 481 316 5 426 295 10 481 465 8 636 364 
18 4 6 0.300000 0 2 0 0 0.598816 1 7 8 431 340 7 409 468 NA NA NA NA NA NA NA NA NA NA NA NA NA NA NA NA NA NA 
18 4 7 0.300000 0 5 0 0 0.670810 3 1 10 625 315 7 592 377 5 457 300 1 400 421 2 554 301 NA NA NA NA NA NA NA NA NA 
18 4 8 0.300000 0 2 0 0 0.617223 1 8 7 580 430 8 460 437 NA NA NA NA NA NA NA NA NA NA NA NA NA NA NA NA NA NA 
18 4 9 0.300000 0 5 1 1 0.900512 2 1 3 572 431 4 471 463 5 468 330 10 564 353 6 611 300 NA NA NA NA NA NA NA NA NA 
18 4 10 0.300000 0 8 0 1 0.769788 7 9 7 422 440 1 411 309 4 609 383 5 616 451 6 584 329 8 486 332 10 531 460 9 445 386 
18 4 11 0.300000 0 5 0 0 0.579756 3 7 6 572 305 3 475 466 10 406 314 7 470 343 8 571 406 NA NA NA NA NA NA NA NA NA 
18 4 12 0.300000 0 8 0 0 0.622990 4 3 2 387 317 5 637 327 10 434 443 7 528 452 3 558 309 6 452 325 8 597 451 9 618 390 
18 4 13 0.300000 0 2 0 0 0.635216 1 1 9 490 312 1 625 454 NA NA NA NA NA NA NA NA NA NA NA NA NA NA NA NA NA NA 
18 4 14 0.300000 0 8 0 1 0.715324 1 7 10 394 307 7 467 428 2 582 402 1 488 316 4 607 325 9 418 370 5 405 428 3 552 466 
18 4 15 0.300000 0 8 1 0 1.084669 5 9 4 534 316 10 526 465 6 607 344 2 472 317 3 453 393 8 610 431 1 388 357 7 466 469 
18 4 16 0.300000 0 5 0 1 0.594698 4 7 4 389 336 10 634 457 3 472 465 1 440 398 7 624 355 NA NA NA NA NA NA NA NA NA 
18 4 17 0.300000 0 8 0 0 0.651923 6 6 8 592 318 4 440 463 7 444 315 1 502 460 2 440 383 3 529 296 6 629 439 10 563 425 
18 4 18 0.300000 0 5 1 0 0.656982 1 6 5 465 450 1 418 415 10 593 466 3 570 328 2 631 339 NA NA NA NA NA NA NA NA NA 
18 4 19 0.300000 0 2 0 1 0.572276 0 7 7 514 455 8 393 446 NA NA NA NA NA NA NA NA NA NA NA NA NA NA NA NA NA NA 
18 4 20 0.300000 0 8 0 0 0.579140 4 3 6 592 391 2 569 308 1 425 456 9 472 299 3 542 464 4 418 324 5 400 391 7 612 463 
18 4 21 0.300000 0 5 0 0 0.396715 1 2 1 594 402 2 423 353 7 413 434 8 450 296 6 637 445 NA NA NA NA NA NA NA NA NA 
18 4 22 0.300000 0 2 0 1 0.623860 0 10 10 636 302 8 450 422 NA NA NA NA NA NA NA NA NA NA NA NA NA NA NA NA NA NA 
18 4 23 0.300000 0 8 0 0 0.424565 1 3 9 556 337 3 442 410 7 448 308 5 481 463 6 578 458 10 634 432 8 408 351 1 413 466 
18 4 24 0.300000 0 8 1 1 0.525645 3 7 1 609 435 3 627 306 4 402 458 6 515 325 9 533 442 2 399 379 10 440 330 5 620 366 
18 4 25 0.300000 0 2 0 0 0.507832 1 6 2 569 406 6 389 334 NA NA NA NA NA NA NA NA NA NA NA NA NA NA NA NA NA NA 
18 4 26 0.300000 0 2 1 1 0.601058 1 5 1 631 431 9 515 302 NA NA NA NA NA NA NA NA NA NA NA NA NA NA NA NA NA NA 
18 4 27 0.300000 0 5 0 1 0.703061 1 2 9 469 469 2 555 471 8 570 327 1 401 359 3 636 345 NA NA NA NA NA NA NA NA NA 
18 4 28 0.300000 0 2 0 0 0.440199 1 4 1 623 312 4 548 301 NA NA NA NA NA NA NA NA NA NA NA NA NA NA NA NA NA NA 
18 4 29 0.300000 0 5 0 0 0.427645 0 3 3 411 463 8 473 473 4 461 327 5 614 305 1 594 473 NA NA NA NA NA NA NA NA NA 
18 4 30 0.300000 0 2 1 1 0.576240 1 1 9 554 342 7 621 402 NA NA NA NA NA NA NA NA NA NA NA NA NA NA NA NA NA NA 
18 4 31 0.300000 0 2 0 0 0.452195 0 6 6 630 345 10 509 468 NA NA NA NA NA NA NA NA NA NA NA NA NA NA NA NA NA NA 
18 4 32 0.300000 0 5 1 1 0.581448 3 3 5 584 304 10 509 302 6 455 406 4 540 469 1 388 436 NA NA NA NA NA NA NA NA NA 
18 4 33 0.300000 0 2 0 0 0.593919 0 4 4 618 315 10 589 461 NA NA NA NA NA NA NA NA NA NA NA NA NA NA NA NA NA NA 
18 4 34 0.300000 0 2 0 0 0.506650 1 9 3 537 300 9 469 434 NA NA NA NA NA NA NA NA NA NA NA NA NA NA NA NA NA NA 
18 4 35 0.300000 0 5 0 0 0.558590 1 6 3 591 313 6 432 373 4 624 451 5 498 457 2 526 326 NA NA NA NA NA NA NA NA NA 
18 4 36 0.300000 0 5 0 1 0.521016 0 1 1 540 437 9 624 413 4 404 433 2 434 302 7 515 308 NA NA NA NA NA NA NA NA NA 
18 4 37 0.300000 0 8 0 0 0.436876 2 9 1 479 316 5 563 324 9 416 437 4 543 471 7 625 465 3 414 323 2 634 360 8 486 447 
18 4 38 0.300000 0 8 0 0 0.608058 2 6 7 605 415 3 624 327 6 420 397 10 528 321 9 405 473 5 446 306 8 587 474 1 389 319 
18 4 39 0.300000 0 8 0 0 1.153546 4 6 7 457 354 9 391 325 2 448 296 4 633 410 6 554 442 3 541 323 8 595 360 10 442 411 
18 4 40 0.300000 0 2 1 1 0.563950 1 5 8 415 338 1 387 443 NA NA NA NA NA NA NA NA NA NA NA NA NA NA NA NA NA NA 
18 4 41 0.300000 0 5 0 0 0.450878 4 9 10 418 299 4 399 366 8 618 427 7 607 316 9 528 469 NA NA NA NA NA NA NA NA NA 
18 4 42 0.300000 0 5 0 0 0.674782 4 10 3 604 300 1 482 449 4 466 325 9 415 400 10 634 382 NA NA NA NA NA NA NA NA NA 
18 4 43 0.300000 0 8 0 1 1.147731 7 5 3 453 373 4 545 333 2 408 419 9 603 335 10 466 432 6 593 396 7 410 318 5 564 455 
18 4 44 0.300000 0 2 1 1 0.571926 1 1 5 423 402 8 585 387 NA NA NA NA NA NA NA NA NA NA NA NA NA NA NA NA NA NA 
18 4 45 0.300000 0 5 0 0 0.576521 4 8 4 585 431 6 597 333 1 413 352 2 425 429 8 530 301 NA NA NA NA NA NA NA NA NA 
18 4 46 0.300000 0 2 0 0 0.408059 0 4 4 534 325 7 602 335 NA NA NA NA NA NA NA NA NA NA NA NA NA NA NA NA NA NA 
18 4 47 0.300000 0 5 1 0 0.493157 3 8 4 593 341 6 406 397 1 585 408 9 484 309 3 387 295 NA NA NA NA NA NA NA NA NA 
18 4 48 0.300000 0 5 0 0 0.514839 4 5 9 405 412 7 609 334 8 454 338 1 527 443 5 552 309 NA NA NA NA NA NA NA NA NA 
18 4 49 0.300000 0 2 0 0 0.589035 0 4 4 630 401 8 472 461 NA NA NA NA NA NA NA NA NA NA NA NA NA NA NA NA NA NA 
18 4 50 0.300000 0 8 1 1 0.557780 3 3 2 540 311 9 576 427 5 472 469 7 616 374 1 395 437 4 400 334 8 451 298 10 618 316 
18 4 51 0.300000 0 5 1 0 0.381205 0 10 5 428 318 6 604 319 3 635 388 1 502 325 7 395 437 NA NA NA NA NA NA NA NA NA 
18 4 52 0.300000 0 8 0 0 0.555046 1 10 6 637 382 10 409 345 1 553 454 2 454 423 3 609 302 4 490 321 9 624 469 5 393 412 
18 4 53 0.300000 0 8 0 1 0.808307 7 8 10 589 456 4 493 451 5 389 330 6 591 371 9 620 301 3 451 383 7 403 449 8 450 313 
18 4 54 0.300000 0 2 1 1 0.610460 0 8 2 532 305 6 567 365 NA NA NA NA NA NA NA NA NA NA NA NA NA NA NA NA NA NA 
18 4 55 0.300000 0 8 1 1 0.865417 5 7 2 573 336 6 467 454 3 487 331 8 404 352 4 622 406 9 387 442 10 534 443 1 634 469 
18 4 56 0.300000 0 8 0 1 0.859902 6 6 2 632 413 8 538 465 5 410 417 1 449 325 3 622 333 4 471 440 6 514 300 7 395 302 
18 4 57 0.300000 0 5 0 0 0.717631 4 8 9 405 308 6 416 469 1 575 367 4 619 446 8 398 374 NA NA NA NA NA NA NA NA NA 
18 4 58 0.300000 0 2 1 1 0.605917 0 1 10 486 324 7 484 445 NA NA NA NA NA NA NA NA NA NA NA NA NA NA NA NA NA NA 
18 4 59 0.300000 0 2 0 0 0.746764 1 6 4 564 413 6 466 340 NA NA NA NA NA NA NA NA NA NA NA NA NA NA NA NA NA NA 
18 5 0 0.700000 0 5 1 0 0.395597 4 5 8 571 457 10 437 394 7 584 352 6 399 449 3 390 329 NA NA NA NA NA NA NA NA NA 
18 5 1 0.700000 0 8 1 1 1.497458 4 6 7 624 426 10 431 388 1 397 447 3 606 300 4 579 367 8 528 468 2 438 330 9 505 302 
18 5 2 0.700000 0 5 0 1 0.555476 1 9 5 428 354 9 613 356 10 519 298 4 602 471 2 454 463 NA NA NA NA NA NA NA NA NA 
18 5 3 0.700000 0 5 0 1 5.930463 1 5 7 436 342 5 571 390 2 562 295 4 446 429 3 395 394 NA NA NA NA NA NA NA NA NA 
18 5 4 0.700000 0 2 1 1 0.642388 1 10 5 632 296 7 583 362 NA NA NA NA NA NA NA NA NA NA NA NA NA NA NA NA NA NA 
18 5 5 0.700000 0 2 0 0 -1.000000 0 3 3 450 369 5 470 466 NA NA NA NA NA NA NA NA NA NA NA NA NA NA NA NA NA NA 
18 5 6 0.700000 0 5 1 1 0.651855 2 8 3 544 298 1 617 309 4 567 443 9 422 340 5 575 372 NA NA NA NA NA NA NA NA NA 
18 5 7 0.700000 0 8 0 0 0.523001 4 4 8 436 351 7 637 391 5 523 465 10 637 328 4 585 435 6 480 303 1 398 414 2 454 430 
18 5 8 0.700000 0 8 0 0 0.574376 7 8 2 631 425 5 428 385 10 561 467 3 451 320 7 587 347 6 444 461 1 389 431 8 516 319 
18 5 9 0.700000 0 2 1 1 0.565499 0 6 5 573 461 2 588 349 NA NA NA NA NA NA NA NA NA NA NA NA NA NA NA NA NA NA 
18 5 10 0.700000 0 5 1 1 0.615271 2 8 2 600 427 5 409 317 7 608 361 1 564 315 3 395 446 NA NA NA NA NA NA NA NA NA 
18 5 11 0.700000 0 2 1 1 0.570204 1 8 9 390 472 1 589 345 NA NA NA NA NA NA NA NA NA NA NA NA NA NA NA NA NA NA 
18 5 12 0.700000 0 2 1 1 0.619666 1 1 7 449 406 5 458 323 NA NA NA NA NA NA NA NA NA NA NA NA NA NA NA NA NA NA 
18 5 13 0.700000 0 2 0 0 0.674952 1 3 4 418 438 3 595 338 NA NA NA NA NA NA NA NA NA NA NA NA NA NA NA NA NA NA 
18 5 14 0.700000 0 2 0 0 0.813145 0 2 2 615 392 7 576 451 NA NA NA NA NA NA NA NA NA NA NA NA NA NA NA NA NA NA 
18 5 15 0.700000 0 2 1 1 0.576125 1 1 7 566 450 6 581 345 NA NA NA NA NA NA NA NA NA NA NA NA NA NA NA NA NA NA 
18 5 16 0.700000 0 8 0 1 0.371923 3 8 10 623 300 4 524 299 7 454 465 8 603 355 2 418 303 1 398 394 6 580 435 5 529 466 
18 5 17 0.700000 0 8 0 0 0.690652 3 10 3 444 424 5 525 318 7 458 325 10 629 300 9 600 424 6 404 474 2 550 466 1 574 359 
18 5 18 0.700000 0 2 1 1 0.450759 1 3 8 431 417 7 540 468 NA NA NA NA NA NA NA NA NA NA NA NA NA NA NA NA NA NA 
18 5 19 0.700000 0 5 1 1 0.521387 0 6 7 610 313 9 429 360 2 604 467 1 602 400 10 497 448 NA NA NA NA NA NA NA NA NA 
18 5 20 0.700000 0 5 0 0 0.916291 4 1 6 615 470 7 509 466 2 418 344 5 409 412 1 555 319 NA NA NA NA NA NA NA NA NA 
18 5 21 0.700000 0 8 1 0 0.908766 3 9 10 493 322 1 579 398 6 454 374 7 397 392 3 630 428 2 535 443 8 597 302 4 633 366 
18 5 22 0.700000 0 8 1 1 0.681248 1 10 5 403 402 8 584 402 7 393 341 4 448 451 2 527 446 6 619 462 3 578 328 1 634 348 
18 5 23 0.700000 0 8 0 0 0.808743 4 1 6 460 420 2 540 467 3 392 461 4 548 334 1 601 418 8 620 294 9 490 299 7 399 379 
18 5 24 0.700000 0 8 1 1 0.702643 1 6 3 602 394 1 507 300 9 428 409 4 507 456 10 592 320 2 418 346 7 601 465 8 398 464 
18 5 25 0.700000 0 2 0 0 0.805305 1 1 10 442 303 1 456 412 NA NA NA NA NA NA NA NA NA NA NA NA NA NA NA NA NA NA 
18 5 26 0.700000 0 8 1 0 0.501589 5 2 7 599 426 9 423 456 3 603 323 4 414 390 1 486 461 8 413 330 6 534 306 10 471 327 
18 5 27 0.700000 0 2 1 1 0.690128 1 5 9 530 314 3 409 366 NA NA NA NA NA NA NA NA NA NA NA NA NA NA NA NA NA NA 
18 5 28 0.700000 0 2 0 0 0.631284 1 1 3 502 324 1 563 315 NA NA NA NA NA NA NA NA NA NA NA NA NA NA NA NA NA NA 
18 5 29 0.700000 0 2 1 1 0.739844 1 1 4 567 474 2 409 400 NA NA NA NA NA NA NA NA NA NA NA NA NA NA NA NA NA NA 
18 5 30 0.700000 0 8 1 0 0.539177 3 7 8 619 408 5 401 306 6 523 447 3 531 316 1 437 373 9 597 313 10 416 438 4 583 460 
18 5 31 0.700000 0 5 1 1 0.563378 2 3 1 417 347 5 601 317 4 417 459 2 627 436 8 545 299 NA NA NA NA NA NA NA NA NA 
18 5 32 0.700000 0 5 0 0 -1.000000 3 7 10 552 308 4 440 342 9 391 384 7 605 408 8 531 466 NA NA NA NA NA NA NA NA NA 
18 5 33 0.700000 0 2 1 1 0.756427 1 10 7 636 448 1 472 469 NA NA NA NA NA NA NA NA NA NA NA NA NA NA NA NA NA NA 
18 5 34 0.700000 0 8 1 1 0.583354 1 8 5 634 295 2 574 300 10 458 417 6 556 446 3 437 358 4 477 474 1 497 309 9 631 379 
18 5 35 0.700000 0 5 1 1 0.663639 2 8 1 390 368 5 575 338 9 474 431 6 619 296 10 510 316 NA NA NA NA NA NA NA NA NA 
18 5 36 0.700000 0 2 1 1 0.632202 0 9 3 415 429 10 523 448 NA NA NA NA NA NA NA NA NA NA NA NA NA NA NA NA NA NA 
18 5 37 0.700000 0 5 1 1 1.189315 1 2 8 425 409 1 627 306 7 453 299 6 620 383 3 502 460 NA NA NA NA NA NA NA NA NA 
18 5 38 0.700000 0 2 1 1 0.615948 1 3 9 618 445 10 534 454 NA NA NA NA NA NA NA NA NA NA NA NA NA NA NA NA NA NA 
18 5 39 0.700000 0 8 1 1 0.544951 4 1 2 572 390 6 458 360 8 596 443 7 435 444 10 559 303 9 402 334 4 632 338 3 507 446 
18 5 40 0.700000 0 8 1 1 0.660794 1 2 7 447 461 3 457 316 8 582 397 6 579 474 4 510 442 10 445 399 5 629 442 9 616 303 
18 5 41 0.700000 0 8 1 1 0.685157 2 3 7 411 317 10 469 426 5 591 371 1 613 300 2 403 409 8 617 456 9 502 324 6 538 459 
18 5 42 0.700000 0 2 0 0 1.326237 1 2 7 627 310 2 415 408 NA NA NA NA NA NA NA NA NA NA NA NA NA NA NA NA NA NA 
18 5 43 0.700000 0 5 1 1 0.710202 4 9 7 397 360 4 600 414 5 433 417 10 574 302 3 486 320 NA NA NA NA NA NA NA NA NA 
18 5 44 0.700000 0 8 1 1 0.637413 5 9 6 558 306 8 627 424 3 409 426 2 467 324 7 528 453 4 596 365 5 387 318 1 467 437 
18 5 45 0.700000 0 8 0 1 0.611337 6 3 8 606 358 4 421 299 1 598 454 7 539 316 5 389 363 9 394 429 3 471 471 6 531 470 
18 5 46 0.700000 0 5 1 0 0.493374 2 10 5 560 336 4 632 370 2 465 336 7 404 317 9 635 458 NA NA NA NA NA NA NA NA NA 
18 5 47 0.700000 0 2 1 1 0.757087 1 6 3 567 418 4 399 411 NA NA NA NA NA NA NA NA NA NA NA NA NA NA NA NA NA NA 
18 5 48 0.700000 0 2 1 1 0.748672 1 4 8 544 448 5 584 393 NA NA NA NA NA NA NA NA NA NA NA NA NA NA NA NA NA NA 
18 5 49 0.700000 0 2 1 1 0.500439 0 1 4 568 423 3 577 318 NA NA NA NA NA NA NA NA NA NA NA NA NA NA NA NA NA NA 
18 5 50 0.700000 0 8 1 1 0.822476 5 7 5 416 387 1 615 473 2 610 374 10 390 448 3 492 470 8 387 294 6 511 315 4 442 320 
18 5 51 0.700000 0 5 1 1 0.926278 2 5 7 628 473 8 398 405 2 427 341 4 517 320 3 463 427 NA NA NA NA NA NA NA NA NA 
18 5 52 0.700000 0 5 0 1 0.541970 1 4 3 601 381 4 435 314 2 504 462 6 633 469 10 417 458 NA NA NA NA NA NA NA NA NA 
18 5 53 0.700000 0 5 1 0 0.672222 0 8 6 415 346 10 536 452 9 406 430 7 577 306 2 480 319 NA NA NA NA NA NA NA NA NA 
18 5 54 0.700000 0 5 1 1 0.702552 3 10 6 577 325 4 412 396 7 431 309 9 606 409 2 635 300 NA NA NA NA NA NA NA NA NA 
18 5 55 0.700000 0 5 1 1 1.304207 1 9 4 392 416 1 574 452 6 592 330 3 628 404 5 449 391 NA NA NA NA NA NA NA NA NA 
18 5 56 0.700000 0 5 0 1 0.369853 3 7 3 613 426 4 401 450 6 530 455 7 611 342 2 496 295 NA NA NA NA NA NA NA NA NA 
18 5 57 0.700000 0 8 1 0 0.738880 7 2 8 571 306 7 451 457 1 484 307 6 397 366 3 601 393 5 526 442 10 604 460 9 406 297 
18 5 58 0.700000 0 8 1 1 0.695051 1 8 7 584 410 2 444 313 10 415 419 9 578 339 1 471 471 6 404 355 4 522 322 3 636 313 
18 5 59 0.700000 0 5 1 1 0.900904 3 5 7 629 330 2 586 469 1 457 362 6 402 463 9 515 318 NA NA NA NA NA NA NA NA NA 
18 6 0 0.300000 0 5 0 1 -1.000000 4 10 2 557 428 4 574 339 6 628 454 5 449 400 10 490 306 NA NA NA NA NA NA NA NA NA 
18 6 1 0.300000 0 5 1 1 0.458394 3 2 4 406 391 8 566 296 6 510 449 7 587 401 9 411 451 NA NA NA NA NA NA NA NA NA 
18 6 2 0.300000 0 5 0 1 0.947748 4 6 2 401 297 8 396 443 5 496 299 10 613 314 6 473 473 NA NA NA NA NA NA NA NA NA 
18 6 3 0.300000 0 2 1 1 0.775751 0 8 7 523 454 1 616 368 NA NA NA NA NA NA NA NA NA NA NA NA NA NA NA NA NA NA 
18 6 4 0.300000 0 2 0 0 0.524856 1 8 4 538 457 8 448 447 NA NA NA NA NA NA NA NA NA NA NA NA NA NA NA NA NA NA 
18 6 5 0.300000 0 8 0 1 0.752694 0 10 10 393 388 9 446 445 3 453 375 4 633 436 6 416 326 7 596 323 2 531 440 1 482 296 
18 6 6 0.300000 0 2 0 0 1.324609 0 4 4 401 421 2 625 350 NA NA NA NA NA NA NA NA NA NA NA NA NA NA NA NA NA NA 
18 6 7 0.300000 0 5 1 1 0.423649 4 5 10 504 465 6 451 419 3 623 384 7 469 330 2 595 451 NA NA NA NA NA NA NA NA NA 
18 6 8 0.300000 0 5 0 1 0.625866 3 1 7 492 471 9 470 311 3 407 379 1 613 397 2 562 297 NA NA NA NA NA NA NA NA NA 
18 6 9 0.300000 0 2 0 0 0.862457 1 7 4 614 448 7 424 327 NA NA NA NA NA NA NA NA NA NA NA NA NA NA NA NA NA NA 
18 6 10 0.300000 0 5 0 1 0.505768 1 2 1 629 389 2 561 305 6 502 460 9 494 317 10 394 469 NA NA NA NA NA NA NA NA NA 
18 6 11 0.300000 0 8 0 0 1.455294 4 1 10 596 300 5 463 435 8 416 319 7 598 375 1 393 374 4 579 445 9 407 453 6 473 332 
18 6 12 0.300000 0 2 0 0 0.678072 1 7 1 428 366 7 404 457 NA NA NA NA NA NA NA NA NA NA NA NA NA NA NA NA NA NA 
18 6 13 0.300000 0 8 0 1 0.775687 1 6 9 476 307 6 597 344 3 408 311 10 522 450 4 427 404 7 422 466 5 587 417 1 556 297 
18 6 14 0.300000 0 2 0 0 0.603648 0 1 1 528 472 8 426 330 NA NA NA NA NA NA NA NA NA NA NA NA NA NA NA NA NA NA 
18 6 15 0.300000 0 5 0 1 0.388403 0 8 8 475 473 1 429 317 10 600 456 4 609 355 3 406 386 NA NA NA NA NA NA NA NA NA 
18 6 16 0.300000 0 5 0 1 1.767205 2 3 2 452 391 9 586 351 3 451 301 5 466 458 10 585 444 NA NA NA NA NA NA NA NA NA 
18 6 17 0.300000 0 5 0 0 0.645849 2 4 10 430 435 9 594 464 4 615 371 7 579 318 2 521 451 NA NA NA NA NA NA NA NA NA 
18 6 18 0.300000 0 5 0 1 0.922414 4 5 1 605 412 3 450 404 10 575 294 8 459 463 5 387 327 NA NA NA NA NA NA NA NA NA 
18 6 19 0.300000 0 2 1 1 0.671712 0 10 6 391 469 2 460 342 NA NA NA NA NA NA NA NA NA NA NA NA NA NA NA NA NA NA 
18 6 20 0.300000 0 2 0 0 0.774102 1 4 10 533 328 4 402 329 NA NA NA NA NA NA NA NA NA NA NA NA NA NA NA NA NA NA 
18 6 21 0.300000 0 8 0 1 0.755118 7 8 3 593 405 10 407 388 1 474 333 4 498 460 6 566 322 2 624 333 5 403 319 8 443 434 
18 6 22 0.300000 0 8 1 0 0.554893 6 4 2 463 317 5 594 418 9 393 446 7 408 351 1 532 463 3 470 449 8 521 302 10 633 336 
18 6 23 0.300000 0 8 1 1 0.630411 3 5 4 476 430 10 616 388 6 440 353 9 596 327 3 530 298 7 391 462 8 631 447 2 543 445 
18 6 24 0.300000 0 8 1 0 0.448974 1 4 1 615 389 3 431 337 9 635 334 5 426 441 6 530 454 10 547 314 7 490 301 8 592 465 
18 6 25 0.300000 0 2 1 1 0.696444 1 6 5 473 434 9 532 461 NA NA NA NA NA NA NA NA NA NA NA NA NA NA NA NA NA NA 
18 6 26 0.300000 0 5 0 0 0.665297 2 2 1 581 474 5 569 303 2 404 408 8 572 412 10 428 470 NA NA NA NA NA NA NA NA NA 
18 6 27 0.300000 0 5 1 0 1.292416 2 5 8 463 297 7 614 449 10 396 315 3 553 467 6 413 464 NA NA NA NA NA NA NA NA NA 
18 6 28 0.300000 0 5 1 1 0.909781 0 5 1 607 411 3 414 449 9 416 385 6 538 298 4 634 354 NA NA NA NA NA NA NA NA NA 
18 6 29 0.300000 0 5 1 1 0.804741 1 8 1 629 351 5 549 473 2 428 297 9 426 431 4 609 415 NA NA NA NA NA NA NA NA NA 
18 6 30 0.300000 0 5 0 0 0.766404 4 2 1 411 398 6 622 473 7 488 469 8 606 383 2 564 316 NA NA NA NA NA NA NA NA NA 
18 6 31 0.300000 0 8 0 1 0.978219 4 10 7 579 449 4 429 452 5 389 360 3 481 304 10 591 391 9 400 294 6 545 298 1 603 327 
18 6 32 0.300000 0 8 1 0 0.658677 1 10 7 428 361 9 406 416 3 598 392 1 543 331 8 547 469 2 419 296 5 485 299 4 602 294 
18 6 33 0.300000 0 8 0 1 0.779230 7 6 8 495 310 9 423 375 7 481 460 2 567 351 1 626 353 10 596 298 5 418 439 6 616 472 
18 6 34 0.300000 0 8 0 0 0.774460 0 7 7 514 294 9 551 443 4 443 299 10 611 405 8 431 416 3 628 316 1 563 355 5 392 347 
18 6 35 0.300000 0 5 0 1 0.582392 3 10 4 421 355 7 616 325 2 572 474 10 410 424 8 630 419 NA NA NA NA NA NA NA NA NA 
18 6 36 0.300000 0 5 0 0 0.790621 3 6 5 438 351 4 408 433 2 534 452 6 584 326 1 606 468 NA NA NA NA NA NA NA NA NA 
18 6 37 0.300000 0 2 1 1 0.632665 1 5 10 412 469 9 609 406 NA NA NA NA NA NA NA NA NA NA NA NA NA NA NA NA NA NA 
18 6 38 0.300000 0 2 1 1 0.478882 0 8 1 400 317 3 583 335 NA NA NA NA NA NA NA NA NA NA NA NA NA NA NA NA NA NA 
18 6 39 0.300000 0 8 0 1 0.536123 4 10 8 563 434 9 623 345 6 438 421 3 481 301 10 564 307 2 485 469 5 393 321 7 619 414 
18 6 40 0.300000 0 5 0 1 0.602354 1 5 6 630 327 5 447 474 7 585 421 2 409 346 3 544 307 NA NA NA NA NA NA NA NA NA 
18 6 41 0.300000 0 2 0 0 0.922463 1 5 10 404 306 5 527 441 NA NA NA NA NA NA NA NA NA NA NA NA NA NA NA NA NA NA 
18 6 42 0.300000 0 8 0 1 0.497606 6 4 1 397 398 2 627 350 3 436 465 7 479 301 8 589 305 9 454 385 4 504 449 5 597 450 
18 6 43 0.300000 0 8 0 0 0.390472 3 9 7 388 347 5 595 357 3 437 468 9 544 321 10 440 375 1 503 453 8 469 294 4 625 456 
18 6 44 0.300000 0 2 0 0 0.793864 1 9 1 617 388 9 577 438 NA NA NA NA NA NA NA NA NA NA NA NA NA NA NA NA NA NA 
18 6 45 0.300000 0 2 0 0 0.593581 1 4 3 430 409 4 548 309 NA NA NA NA NA NA NA NA NA NA NA NA NA NA NA NA NA NA 
18 6 46 0.300000 0 8 0 0 0.710421 2 8 1 516 307 5 515 473 8 417 296 3 439 357 10 587 474 6 597 391 2 439 421 7 576 300 
18 6 47 0.300000 0 5 1 0 0.651936 0 1 8 599 353 4 454 421 9 421 365 7 620 413 2 395 421 NA NA NA NA NA NA NA NA NA 
18 6 48 0.300000 0 2 0 0 0.470666 1 10 3 434 343 10 567 421 NA NA NA NA NA NA NA NA NA NA NA NA NA NA NA NA NA NA 
18 6 49 0.300000 0 2 0 0 0.522614 0 8 8 448 404 2 433 334 NA NA NA NA NA NA NA NA NA NA NA NA NA NA NA NA NA NA 
18 6 50 0.300000 0 8 1 0 0.698192 0 7 2 570 442 8 422 458 4 423 375 1 420 314 9 494 444 6 628 427 3 494 326 5 559 334 
18 6 51 0.300000 0 2 0 0 0.444550 0 7 7 459 301 8 441 393 NA NA NA NA NA NA NA NA NA NA NA NA NA NA NA NA NA NA 
18 6 52 0.300000 0 2 0 0 0.502350 1 3 7 436 400 3 432 312 NA NA NA NA NA NA NA NA NA NA NA NA NA NA NA NA NA NA 
18 6 53 0.300000 0 8 0 0 0.526801 6 2 4 438 418 10 620 309 8 617 434 5 559 299 9 449 329 6 592 371 2 544 439 1 397 369 
18 6 54 0.300000 0 5 0 1 0.846961 3 4 8 575 432 7 635 367 10 463 471 4 627 295 1 429 385 NA NA NA NA NA NA NA NA NA 
18 6 55 0.300000 0 8 0 1 1.031473 0 9 9 558 331 3 618 372 8 490 457 7 482 321 2 439 407 6 601 459 1 423 295 4 401 362 
18 6 56 0.300000 0 8 0 0 0.960496 0 7 7 410 402 9 421 329 10 621 463 5 493 468 6 604 387 1 409 462 4 603 294 8 554 424 
18 6 57 0.300000 0 2 0 0 0.685558 0 1 1 501 467 9 393 437 NA NA NA NA NA NA NA NA NA NA NA NA NA NA NA NA NA NA 
18 6 58 0.300000 0 2 1 1 0.596381 1 6 8 453 378 7 393 422 NA NA NA NA NA NA NA NA NA NA NA NA NA NA NA NA NA NA 
18 6 59 0.300000 0 8 1 0 0.559615 4 3 4 637 324 10 419 470 8 565 474 7 616 431 5 489 307 6 420 377 2 403 294 1 558 323 
18 7 0 0.700000 0 2 0 0 0.557712 1 6 1 421 323 6 553 457 NA NA NA NA NA NA NA NA NA NA NA NA NA NA NA NA NA NA 
18 7 1 0.700000 0 2 1 1 0.660407 0 5 8 433 353 1 474 310 NA NA NA NA NA NA NA NA NA NA NA NA NA NA NA NA NA NA 
18 7 2 0.700000 0 5 0 0 0.610251 1 4 9 559 317 4 635 380 6 464 444 7 550 432 5 388 463 NA NA NA NA NA NA NA NA NA 
18 7 3 0.700000 0 8 1 1 0.671744 1 9 2 611 457 4 541 321 10 597 298 6 403 402 3 456 451 7 549 448 1 411 321 8 622 398 
18 7 4 0.700000 0 5 0 1 0.844648 1 2 10 422 307 2 587 422 1 584 324 7 516 313 5 489 450 NA NA NA NA NA NA NA NA NA 
18 7 5 0.700000 0 2 1 1 1.023644 1 1 9 507 307 7 526 470 NA NA NA NA NA NA NA NA NA NA NA NA NA NA NA NA NA NA 
18 7 6 0.700000 0 5 1 1 0.654424 1 8 5 498 326 7 498 441 4 617 396 3 449 362 9 403 420 NA NA NA NA NA NA NA NA NA 
18 7 7 0.700000 0 8 0 0 0.582042 6 3 8 451 404 5 626 453 4 424 325 7 393 460 2 532 454 1 612 377 3 393 397 9 568 302 
18 7 8 0.700000 0 2 1 1 0.766380 1 2 1 435 341 7 455 439 NA NA NA NA NA NA NA NA NA NA NA NA NA NA NA NA NA NA 
18 7 9 0.700000 0 8 1 1 0.655533 3 4 5 582 340 6 459 412 2 417 302 1 401 428 8 637 379 3 571 472 9 471 327 10 489 468 
18 7 10 0.700000 0 2 1 1 0.635984 0 9 10 434 330 8 538 310 NA NA NA NA NA NA NA NA NA NA NA NA NA NA NA NA NA NA 
18 7 11 0.700000 0 8 1 0 1.031446 7 5 6 396 463 9 447 368 3 629 357 1 457 447 10 572 460 2 494 302 4 431 299 8 387 386 
18 7 12 0.700000 0 8 0 1 0.559282 5 1 5 623 412 3 556 341 4 427 362 2 533 474 10 461 439 1 492 296 6 628 307 9 395 301 
18 7 13 0.700000 0 2 1 1 0.537061 1 5 10 445 423 9 605 398 NA NA NA NA NA NA NA NA NA NA NA NA NA NA NA NA NA NA 
18 7 14 0.700000 0 5 1 1 0.617142 1 4 3 439 357 10 455 464 2 413 421 9 508 311 6 579 359 NA NA NA NA NA NA NA NA NA 
18 7 15 0.700000 0 5 1 1 0.642580 0 8 6 610 445 3 451 346 4 432 437 10 590 386 5 627 322 NA NA NA NA NA NA NA NA NA 
18 7 16 0.700000 0 8 1 1 0.687460 3 6 7 570 334 8 559 468 5 489 326 1 451 470 2 449 399 9 503 444 10 634 378 3 392 443 
18 7 17 0.700000 0 2 1 1 0.500890 1 6 9 542 329 7 449 349 NA NA NA NA NA NA NA NA NA NA NA NA NA NA NA NA NA NA 
18 7 18 0.700000 0 8 0 1 0.753616 0 2 2 591 322 5 426 377 7 480 317 4 428 454 3 575 472 9 406 312 1 636 415 6 493 458 
18 7 19 0.700000 0 8 1 0 0.921135 0 8 9 592 367 3 500 325 4 463 416 10 399 384 7 624 448 1 442 473 5 564 439 2 408 315 
18 7 20 0.700000 0 2 0 0 0.845041 1 1 3 565 421 1 530 312 NA NA NA NA NA NA NA NA NA NA NA NA NA NA NA NA NA NA 
18 7 21 0.700000 0 2 0 0 0.564953 0 5 5 462 458 10 557 347 NA NA NA NA NA NA NA NA NA NA NA NA NA NA NA NA NA NA 
18 7 22 0.700000 0 2 0 0 0.453247 1 10 8 620 428 10 563 458 NA NA NA NA NA NA NA NA NA NA NA NA NA NA NA NA NA NA 
18 7 23 0.700000 0 5 1 1 0.750614 0 9 10 415 339 4 513 305 3 586 449 8 482 444 1 599 319 NA NA NA NA NA NA NA NA NA 
18 7 24 0.700000 0 2 1 1 0.633986 0 4 7 411 329 9 582 457 NA NA NA NA NA NA NA NA NA NA NA NA NA NA NA NA NA NA 
18 7 25 0.700000 0 5 1 1 0.628375 0 8 1 628 314 6 480 468 5 614 419 10 401 367 2 419 310 NA NA NA NA NA NA NA NA NA 
18 7 26 0.700000 0 8 1 1 0.876236 7 5 7 587 447 3 456 406 10 446 322 2 595 318 1 529 328 8 397 463 4 506 470 6 606 376 
18 7 27 0.700000 0 8 0 0 2.114709 6 10 1 399 369 4 419 426 8 507 455 5 604 384 2 568 298 3 627 311 10 460 295 6 607 445 
18 7 28 0.700000 0 5 1 1 1.012327 4 1 4 620 358 9 433 440 3 556 337 7 458 302 6 625 297 NA NA NA NA NA NA NA NA NA 
18 7 29 0.700000 0 2 1 1 0.590421 1 10 7 396 381 8 455 334 NA NA NA NA NA NA NA NA NA NA NA NA NA NA NA NA NA NA 
18 7 30 0.700000 0 2 1 1 0.495581 1 1 2 451 435 4 461 331 NA NA NA NA NA NA NA NA NA NA NA NA NA NA NA NA NA NA 
18 7 31 0.700000 0 5 0 1 0.450711 2 3 8 589 386 7 424 450 3 519 461 10 598 461 4 396 305 NA NA NA NA NA NA NA NA NA 
18 7 32 0.700000 0 5 1 0 0.865220 1 2 3 582 444 10 627 298 7 578 337 1 413 406 8 489 440 NA NA NA NA NA NA NA NA NA 
18 7 33 0.700000 0 2 0 0 0.679395 1 3 10 503 306 3 393 297 NA NA NA NA NA NA NA NA NA NA NA NA NA NA NA NA NA NA 
18 7 34 0.700000 0 2 1 1 0.417524 0 8 10 633 342 4 443 360 NA NA NA NA NA NA NA NA NA NA NA NA NA NA NA NA NA NA 
18 7 35 0.700000 0 5 1 1 0.383450 0 8 6 598 457 2 595 342 4 438 474 3 429 409 7 469 306 NA NA NA NA NA NA NA NA NA 
18 7 36 0.700000 0 2 1 1 0.510783 0 2 4 568 352 6 435 337 NA NA NA NA NA NA NA NA NA NA NA NA NA NA NA NA NA NA 
18 7 37 0.700000 0 2 1 1 0.529789 0 3 2 427 352 7 520 314 NA NA NA NA NA NA NA NA NA NA NA NA NA NA NA NA NA NA 
18 7 38 0.700000 0 2 1 1 0.406412 1 6 4 567 457 10 611 342 NA NA NA NA NA NA NA NA NA NA NA NA NA NA NA NA NA NA 
18 7 39 0.700000 0 8 1 1 0.450011 2 6 5 628 425 3 461 454 1 544 444 7 561 297 9 438 341 8 614 332 2 403 459 4 389 374 
18 7 40 0.700000 0 5 1 1 0.697143 3 10 2 613 439 4 487 321 5 401 432 8 616 346 3 414 314 NA NA NA NA NA NA NA NA NA 
18 7 41 0.700000 0 2 1 1 0.742081 0 6 4 614 295 9 413 376 NA NA NA NA NA NA NA NA NA NA NA NA NA NA NA NA NA NA 
18 7 42 0.700000 0 5 1 1 0.511971 0 3 9 637 323 7 441 442 5 555 464 10 613 414 4 467 294 NA NA NA NA NA NA NA NA NA 
18 7 43 0.700000 0 8 1 1 1.189345 5 1 2 435 393 6 449 323 9 619 326 5 561 429 3 621 465 7 547 296 4 388 453 10 474 458 
18 7 44 0.700000 0 5 0 0 0.888143 4 1 7 550 336 3 550 432 10 405 386 5 414 471 1 595 380 NA NA NA NA NA NA NA NA NA 
18 7 45 0.700000 0 5 1 1 0.504407 1 9 1 448 297 7 567 419 6 401 456 2 625 442 8 615 346 NA NA NA NA NA NA NA NA NA 
18 7 46 0.700000 0 8 1 1 0.690408 7 3 5 448 435 10 445 309 8 549 457 1 632 355 7 572 314 4 608 435 2 447 369 6 393 344 
18 7 47 0.700000 0 8 0 1 0.673834 1 4 7 636 301 4 445 375 9 574 367 1 411 424 10 431 310 2 618 428 8 507 299 3 554 458 
18 7 48 0.700000 0 5 1 0 0.565168 2 8 3 576 307 7 532 471 6 393 299 1 598 447 10 390 399 NA NA NA NA NA NA NA NA NA 
18 7 49 0.700000 0 8 1 1 0.512550 7 7 9 616 373 6 572 468 3 565 332 10 463 427 1 401 359 8 437 312 4 500 320 2 626 296 
18 7 50 0.700000 0 5 0 1 0.626157 1 3 7 561 464 3 407 350 4 558 334 6 453 457 10 391 408 NA NA NA NA NA NA NA NA NA 
18 7 51 0.700000 0 8 1 1 1.089045 3 5 10 622 422 6 439 391 8 430 462 7 631 315 1 529 474 4 462 336 2 395 306 3 564 353 
18 7 52 0.700000 0 8 1 0 1.001907 5 6 9 581 393 10 397 374 2 465 316 7 415 464 5 621 350 1 626 471 4 525 307 3 456 405 
18 7 53 0.700000 0 8 1 1 0.390307 3 8 5 467 472 3 397 473 7 610 454 6 605 326 2 397 352 1 525 456 4 392 414 9 455 342 
18 7 54 0.700000 0 5 0 1 0.653975 0 9 9 504 312 4 630 296 1 537 456 2 397 319 6 603 437 NA NA NA NA NA NA NA NA NA 
18 7 55 0.700000 0 8 1 1 0.545534 5 4 3 585 311 6 544 472 8 602 438 7 390 357 1 442 436 9 628 357 10 495 318 2 419 302 
18 7 56 0.700000 0 5 1 1 1.014029 0 1 4 627 366 2 531 455 8 456 415 10 513 320 9 389 384 NA NA NA NA NA NA NA NA NA 
18 7 57 0.700000 0 8 0 0 0.581221 5 2 6 390 450 7 435 296 9 436 406 1 520 322 3 584 474 2 466 347 5 625 407 4 477 453 
18 7 58 0.700000 0 2 0 0 0.734744 1 5 7 440 443 5 416 295 NA NA NA NA NA NA NA NA NA NA NA NA NA NA NA NA NA NA 
18 7 59 0.700000 0 5 1 1 0.567749 0 10 6 633 451 3 472 459 1 629 342 5 454 298 2 583 415 NA NA NA NA NA NA NA NA NA 
18 8 0 0.500000 0 2 0 0 0.670399 0 6 6 389 449 10 579 463 NA NA NA NA NA NA NA NA NA NA NA NA NA NA NA NA NA NA 
18 8 1 0.500000 0 8 1 1 0.453749 1 8 1 391 415 5 559 297 4 634 360 10 573 376 2 542 444 9 464 421 7 603 458 6 417 326 
18 8 2 0.500000 0 5 0 0 0.492568 2 4 7 634 422 2 499 474 4 388 467 10 416 328 9 584 470 NA NA NA NA NA NA NA NA NA 
18 8 3 0.500000 0 2 0 0 0.493957 1 3 2 592 312 3 500 463 NA NA NA NA NA NA NA NA NA NA NA NA NA NA NA NA NA NA 
18 8 4 0.500000 0 8 1 1 0.727968 5 10 9 458 439 1 567 312 5 634 385 6 601 471 8 448 308 3 417 359 2 507 320 7 567 404 
18 8 5 0.500000 0 2 1 1 0.535932 0 7 4 467 342 9 391 381 NA NA NA NA NA NA NA NA NA NA NA NA NA NA NA NA NA NA 
18 8 6 0.500000 0 5 0 0 1.068119 4 9 1 456 451 3 628 299 7 473 318 8 422 369 9 554 428 NA NA NA NA NA NA NA NA NA 
18 8 7 0.500000 0 5 0 1 0.950744 4 10 5 620 443 8 519 302 6 441 339 9 607 324 10 541 435 NA NA NA NA NA NA NA NA NA 
18 8 8 0.500000 0 5 1 1 0.704231 0 7 9 551 462 5 524 303 6 459 433 10 435 314 8 404 474 NA NA NA NA NA NA NA NA NA 
18 8 9 0.500000 0 5 0 1 0.520384 1 1 5 612 462 1 597 390 2 464 325 9 546 473 4 632 340 NA NA NA NA NA NA NA NA NA 
18 8 10 0.500000 0 5 0 0 0.551076 3 10 6 623 447 4 423 434 2 585 389 10 488 462 9 436 319 NA NA NA NA NA NA NA NA NA 
18 8 11 0.500000 0 2 0 0 0.545693 1 6 3 567 294 6 622 472 NA NA NA NA NA NA NA NA NA NA NA NA NA NA NA NA NA NA 
18 8 12 0.500000 0 5 0 0 0.649489 4 7 2 437 408 9 533 469 6 402 462 3 401 318 7 487 306 NA NA NA NA NA NA NA NA NA 
18 8 13 0.500000 0 2 1 1 0.572594 1 9 5 446 395 6 432 456 NA NA NA NA NA NA NA NA NA NA NA NA NA NA NA NA NA NA 
18 8 14 0.500000 0 5 1 1 0.753468 1 3 5 597 428 10 405 346 7 433 418 9 569 337 1 502 458 NA NA NA NA NA NA NA NA NA 
18 8 15 0.500000 0 2 0 0 0.768179 1 10 6 460 465 10 546 303 NA NA NA NA NA NA NA NA NA NA NA NA NA NA NA NA NA NA 
18 8 16 0.500000 0 2 1 1 0.506997 1 2 3 610 406 8 407 300 NA NA NA NA NA NA NA NA NA NA NA NA NA NA NA NA NA NA 
18 8 17 0.500000 0 8 1 1 0.668313 5 5 6 564 327 2 557 431 9 614 416 3 404 384 10 469 319 1 636 473 7 503 457 4 399 315 
18 8 18 0.500000 0 8 0 0 0.640697 6 4 8 421 317 7 594 343 3 601 451 5 512 317 6 454 470 10 424 385 4 515 470 9 391 447 
18 8 19 0.500000 0 2 0 0 0.498971 1 10 1 445 379 10 551 458 NA NA NA NA NA NA NA NA NA NA NA NA NA NA NA NA NA NA 
18 8 20 0.500000 0 8 1 1 1.187780 3 4 9 632 464 5 582 379 10 462 306 6 388 449 7 484 443 1 557 442 2 537 331 3 402 326 
18 8 21 0.500000 0 5 1 1 0.897478 4 6 3 447 425 4 441 331 8 600 326 9 524 468 10 572 414 NA NA NA NA NA NA NA NA NA 
18 8 22 0.500000 0 2 0 0 0.547542 1 3 1 418 474 3 546 310 NA NA NA NA NA NA NA NA NA NA NA NA NA NA NA NA NA NA 
18 8 23 0.500000 0 2 0 0 0.592323 0 5 5 598 404 6 586 299 NA NA NA NA NA NA NA NA NA NA NA NA NA NA NA NA NA NA 
18 8 24 0.500000 0 5 1 1 0.608873 3 7 6 564 323 2 516 473 3 395 435 9 419 355 1 625 429 NA NA NA NA NA NA NA NA NA 
18 8 25 0.500000 0 8 1 0 0.862380 0 6 8 443 427 10 441 297 1 582 321 3 574 402 5 622 436 7 398 376 4 538 471 9 507 298 
18 8 26 0.500000 0 5 1 1 0.827284 1 6 3 506 468 4 417 398 8 595 437 10 394 310 9 632 335 NA NA NA NA NA NA NA NA NA 
18 8 27 0.500000 0 5 1 1 0.697330 0 3 4 560 468 5 396 409 2 574 313 7 472 462 6 424 326 NA NA NA NA NA NA NA NA NA 
18 8 28 0.500000 0 8 1 1 0.880755 1 1 10 493 469 3 389 433 2 545 331 7 593 390 8 626 331 9 568 454 5 414 373 6 485 324 
18 8 29 0.500000 0 8 0 0 0.639457 0 4 4 442 367 3 591 449 6 539 298 1 495 447 2 624 377 5 396 422 7 442 295 9 388 328 
18 8 30 0.500000 0 8 0 0 0.442507 1 2 4 473 470 2 450 383 5 603 351 10 515 298 8 393 447 3 421 332 9 586 458 7 575 298 
18 8 31 0.500000 0 5 0 1 0.749108 3 8 1 570 356 7 556 447 9 503 313 8 407 300 4 433 432 NA NA NA NA NA NA NA NA NA 
18 8 32 0.500000 0 8 1 1 0.984068 2 3 1 597 405 8 631 329 10 434 311 2 404 458 7 398 386 4 578 471 5 526 307 9 486 451 
18 8 33 0.500000 0 2 1 1 0.550601 1 3 7 611 299 8 464 350 NA NA NA NA NA NA NA NA NA NA NA NA NA NA NA NA NA NA 
18 8 34 0.500000 0 8 0 1 0.676232 0 1 1 488 314 7 400 372 9 603 296 10 600 394 4 465 426 2 546 454 5 394 471 3 405 305 
18 8 35 0.500000 0 8 0 1 0.497984 6 6 5 517 470 4 624 343 9 403 470 1 452 309 2 563 351 3 440 377 6 574 438 7 458 434 
18 8 36 0.500000 0 8 1 0 0.659696 6 2 6 503 442 4 598 333 9 502 323 10 603 428 1 412 437 8 405 304 5 429 381 3 566 473 
18 8 37 0.500000 0 5 1 1 0.543622 0 1 8 583 464 6 421 364 5 600 304 2 567 404 3 400 294 NA NA NA NA NA NA NA NA NA 
18 8 38 0.500000 0 8 1 1 1.092751 3 9 3 527 299 6 426 464 7 629 414 5 423 391 10 454 312 8 580 470 1 598 344 4 489 457 
18 8 39 0.500000 0 2 0 0 0.581772 1 7 1 511 308 7 451 316 NA NA NA NA NA NA NA NA NA NA NA NA NA NA NA NA NA NA 
18 8 40 0.500000 0 2 1 0 0.747009 0 7 4 403 388 3 467 317 NA NA NA NA NA NA NA NA NA NA NA NA NA NA NA NA NA NA 
18 8 41 0.500000 0 5 1 1 0.442242 0 1 7 597 357 5 583 472 6 473 466 3 410 405 8 548 324 NA NA NA NA NA NA NA NA NA 
18 8 42 0.500000 0 2 1 1 0.506239 1 1 3 478 326 4 568 318 NA NA NA NA NA NA NA NA NA NA NA NA NA NA NA NA NA NA 
18 8 43 0.500000 0 5 0 1 1.147581 4 7 5 636 303 6 626 390 3 559 423 4 569 331 7 493 468 NA NA NA NA NA NA NA NA NA 
18 8 44 0.500000 0 2 1 1 0.536751 1 9 1 415 471 6 451 345 NA NA NA NA NA NA NA NA NA NA NA NA NA NA NA NA NA NA 
18 8 45 0.500000 0 2 1 1 0.495164 1 10 7 526 307 9 448 365 NA NA NA NA NA NA NA NA NA NA NA NA NA NA NA NA NA NA 
18 8 46 0.500000 0 8 0 1 0.609791 0 4 4 605 430 7 511 446 6 410 362 1 414 457 3 574 332 5 463 303 10 635 332 8 398 295 
18 8 47 0.500000 0 5 1 1 0.660052 2 10 9 629 437 7 636 296 5 400 458 6 489 474 8 422 328 NA NA NA NA NA NA NA NA NA 
18 8 48 0.500000 0 5 0 1 0.802426 2 7 9 516 306 10 456 319 7 451 416 4 598 315 5 455 474 NA NA NA NA NA NA NA NA NA 
18 8 49 0.500000 0 2 0 0 0.502538 0 4 4 440 335 5 444 459 NA NA NA NA NA NA NA NA NA NA NA NA NA NA NA NA NA NA 
18 8 50 0.500000 0 8 0 1 0.694729 0 4 4 419 459 1 525 302 10 436 377 9 566 474 2 586 387 5 598 324 3 396 299 8 628 473 
18 8 51 0.500000 0 2 1 1 0.572243 1 4 6 620 294 10 605 381 NA NA NA NA NA NA NA NA NA NA NA NA NA NA NA NA NA NA 
18 8 52 0.500000 0 2 0 0 0.512623 0 1 1 608 380 5 388 465 NA NA NA NA NA NA NA NA NA NA NA NA NA NA NA NA NA NA 
18 8 53 0.500000 0 5 1 1 0.576957 0 4 1 480 472 10 596 428 3 573 361 7 424 422 6 449 326 NA NA NA NA NA NA NA NA NA 
18 8 54 0.500000 0 8 0 0 0.758420 7 8 3 445 429 2 549 328 4 455 361 9 606 404 1 620 318 5 623 461 10 508 459 8 394 389 
18 8 55 0.500000 0 5 0 1 0.598608 1 9 1 459 340 9 441 468 4 590 345 7 562 423 8 632 420 NA NA NA NA NA NA NA NA NA 
18 8 56 0.500000 0 8 0 1 1.195487 1 7 9 627 410 7 436 369 8 480 434 6 612 339 1 414 455 10 443 310 4 571 393 5 603 465 
18 8 57 0.500000 0 8 1 1 0.520152 0 3 4 607 372 1 388 435 2 390 357 6 608 446 9 456 355 10 457 471 7 623 312 5 513 317 
18 8 58 0.500000 0 8 0 1 0.969759 3 7 9 452 369 6 593 305 10 632 451 7 510 310 1 579 373 3 564 446 8 390 419 4 392 327 
18 8 59 0.500000 0 2 1 1 0.670815 1 4 5 408 311 2 470 426 NA NA NA NA NA NA NA NA NA NA NA NA NA NA NA NA NA NA 
