10 0 0 0.500000 0 2 1 1 1.161729 0 7 4 435 367 8 599 344 NA NA NA NA NA NA NA NA NA NA NA NA NA NA NA NA NA NA 
10 0 1 0.500000 0 2 1 1 4.428378 0 4 10 462 325 8 399 363 NA NA NA NA NA NA NA NA NA NA NA NA NA NA NA NA NA NA 
10 0 2 0.500000 0 8 0 0 0.907548 2 6 9 591 310 8 412 330 6 522 326 5 400 390 4 439 440 3 555 451 10 610 473 1 610 379 
10 0 3 0.500000 0 8 1 1 1.282222 4 3 1 633 300 8 479 458 6 593 384 10 398 386 9 397 459 4 513 315 7 580 453 2 457 294 
10 0 4 0.500000 0 8 0 0 1.188768 6 8 1 617 446 4 517 460 6 573 356 3 424 366 9 623 305 7 630 388 8 481 333 5 460 447 
10 0 5 0.500000 0 8 1 1 1.570331 0 2 9 546 463 1 454 357 8 602 418 6 460 474 3 392 414 7 422 302 4 632 297 5 558 302 
10 0 6 0.500000 0 2 0 0 1.621706 0 2 2 605 328 7 454 303 NA NA NA NA NA NA NA NA NA NA NA NA NA NA NA NA NA NA 
10 0 7 0.500000 0 5 0 1 0.869086 0 3 3 608 393 4 418 378 5 523 450 9 544 333 6 612 300 NA NA NA NA NA NA NA NA NA 
10 0 8 0.500000 0 2 1 1 1.455523 0 5 6 600 410 1 574 310 NA NA NA NA NA NA NA NA NA NA NA NA NA NA NA NA NA NA 
10 0 9 0.500000 0 5 1 0 1.855294 0 8 2 599 375 3 507 310 10 525 460 1 417 346 7 433 424 NA NA NA NA NA NA NA NA NA 
10 0 10 0.500000 0 2 1 1 0.944829 1 6 10 557 469 8 454 358 NA NA NA NA NA NA NA NA NA NA NA NA NA NA NA NA NA NA 
10 0 11 0.500000 0 5 1 1 1.506521 2 1 10 615 448 8 522 448 5 426 377 6 604 354 4 444 434 NA NA NA NA NA NA NA NA NA 
10 0 12 0.500000 0 2 0 0 2.697310 1 5 3 488 468 5 590 306 NA NA NA NA NA NA NA NA NA NA NA NA NA NA NA NA NA NA 
10 0 13 0.500000 0 8 0 1 2.337101 7 2 6 605 318 4 542 470 8 480 461 3 395 463 10 632 474 5 483 299 1 395 312 2 574 418 
10 0 14 0.500000 0 2 0 0 1.449084 1 6 10 611 410 6 408 325 NA NA NA NA NA NA NA NA NA NA NA NA NA NA NA NA NA NA 
10 0 15 0.500000 0 2 0 1 1.348940 0 10 10 459 323 9 581 319 NA NA NA NA NA NA NA NA NA NA NA NA NA NA NA NA NA NA 
10 0 16 0.500000 0 8 1 0 2.391153 7 4 8 402 331 6 425 425 9 577 413 5 527 320 10 459 345 2 637 321 1 472 474 3 607 473 
10 0 17 0.500000 0 5 0 0 1.349897 2 9 5 442 462 1 605 468 9 430 360 8 637 404 7 409 299 NA NA NA NA NA NA NA NA NA 
10 0 18 0.500000 0 5 0 0 1.690958 1 2 9 463 466 2 582 354 4 406 412 10 625 410 7 387 326 NA NA NA NA NA NA NA NA NA 
10 0 19 0.500000 0 8 0 0 1.184951 5 2 5 551 314 7 391 358 6 607 391 9 466 455 10 551 438 2 615 298 4 391 473 3 623 467 
10 0 20 0.500000 0 5 1 1 1.658859 1 10 1 409 392 9 493 299 5 572 435 8 610 335 6 407 334 NA NA NA NA NA NA NA NA NA 
10 0 21 0.500000 0 8 1 1 1.573956 5 4 10 387 411 6 583 459 7 443 378 9 614 374 2 389 329 1 549 305 5 609 316 8 433 470 
10 0 22 0.500000 0 2 1 1 1.349466 0 3 4 633 423 2 577 447 NA NA NA NA NA NA NA NA NA NA NA NA NA NA NA NA NA NA 
10 0 23 0.500000 0 5 0 0 1.598256 0 6 6 562 430 1 409 337 10 622 376 2 436 445 8 624 437 NA NA NA NA NA NA NA NA NA 
10 0 24 0.500000 0 5 0 0 3.155689 0 6 6 581 465 5 388 398 7 629 397 1 452 396 8 486 465 NA NA NA NA NA NA NA NA NA 
10 0 25 0.500000 0 2 1 1 0.891106 1 1 9 454 455 2 602 450 NA NA NA NA NA NA NA NA NA NA NA NA NA NA NA NA NA NA 
10 0 26 0.500000 0 5 1 0 0.924858 4 2 9 450 326 7 425 433 1 635 399 8 531 459 4 555 302 NA NA NA NA NA NA NA NA NA 
10 0 27 0.500000 0 8 0 0 1.620786 4 3 1 448 329 5 557 323 10 624 395 4 469 457 3 428 399 2 391 346 9 559 451 7 398 470 
10 0 28 0.500000 0 8 0 0 1.739970 3 5 10 401 337 3 602 460 7 528 305 5 388 414 6 614 377 8 457 442 2 458 351 4 609 313 
10 0 29 0.500000 0 2 0 0 2.753787 1 6 10 579 312 6 401 423 NA NA NA NA NA NA NA NA NA NA NA NA NA NA NA NA NA NA 
10 0 30 0.500000 0 8 1 1 1.044965 2 8 5 619 456 9 566 330 4 409 459 7 504 312 10 432 304 1 408 383 2 620 365 3 469 472 
10 0 31 0.500000 0 5 0 0 2.345257 4 5 3 610 441 8 416 328 4 457 405 9 572 318 5 634 313 NA NA NA NA NA NA NA NA NA 
10 0 32 0.500000 0 2 0 0 1.692539 1 9 3 584 326 9 516 442 NA NA NA NA NA NA NA NA NA NA NA NA NA NA NA NA NA NA 
10 0 33 0.500000 0 8 1 1 1.111147 6 1 9 488 316 10 492 443 8 400 396 6 589 423 3 401 473 7 387 324 5 558 295 2 628 370 
10 0 34 0.500000 0 5 1 1 1.179869 2 4 8 598 347 1 538 317 5 490 455 7 613 453 10 423 295 NA NA NA NA NA NA NA NA NA 
10 0 35 0.500000 0 5 0 0 1.103724 2 6 2 469 463 7 428 324 6 552 327 5 395 461 4 627 350 NA NA NA NA NA NA NA NA NA 
10 0 36 0.500000 0 8 0 0 1.350904 0 5 5 545 457 9 632 311 2 452 323 8 547 321 4 595 401 3 424 379 1 611 457 10 464 462 
10 0 37 0.500000 0 2 0 0 3.949056 0 5 5 585 331 9 407 385 NA NA NA NA NA NA NA NA NA NA NA NA NA NA NA NA NA NA 
10 0 38 0.500000 0 5 0 0 1.205509 0 1 1 613 431 10 420 399 9 425 300 4 397 462 2 535 453 NA NA NA NA NA NA NA NA NA 
10 0 39 0.500000 0 2 0 0 0.864932 0 4 4 415 301 7 396 439 NA NA NA NA NA NA NA NA NA NA NA NA NA NA NA NA NA NA 
10 0 40 0.500000 0 8 1 1 1.272913 1 2 8 630 468 4 432 337 10 422 474 6 504 300 1 592 405 7 582 325 3 550 461 5 452 418 
10 0 41 0.500000 0 8 1 1 1.261456 6 9 5 585 440 10 450 410 1 510 313 8 591 381 6 635 306 7 434 323 4 515 460 2 574 296 
10 0 42 0.500000 0 5 0 0 1.130188 4 1 9 615 442 4 499 312 5 563 297 10 563 355 1 627 301 NA NA NA NA NA NA NA NA NA 
10 0 43 0.500000 0 2 1 1 0.827207 1 6 5 637 444 7 584 323 NA NA NA NA NA NA NA NA NA NA NA NA NA NA NA NA NA NA 
10 0 44 0.500000 0 5 1 1 1.718644 4 10 4 449 375 7 492 307 2 390 362 3 522 468 9 428 312 NA NA NA NA NA NA NA NA NA 
10 0 45 0.500000 0 8 0 1 2.176928 2 8 2 454 398 9 424 296 8 587 453 5 524 457 1 625 357 3 542 310 4 389 467 10 482 317 
10 0 46 0.500000 0 2 1 1 0.964335 0 4 5 557 473 9 634 464 NA NA NA NA NA NA NA NA NA NA NA NA NA NA NA NA NA NA 
10 0 47 0.500000 0 8 1 1 1.680627 0 9 5 406 365 10 592 329 1 520 317 2 629 407 4 567 426 7 467 448 3 391 461 6 452 323 
10 0 48 0.500000 0 5 0 0 1.202657 1 4 8 529 450 4 389 437 5 552 325 7 458 451 1 608 431 NA NA NA NA NA NA NA NA NA 
10 0 49 0.500000 0 5 1 1 1.124639 1 4 8 579 298 2 434 394 7 615 377 5 424 303 10 396 462 NA NA NA NA NA NA NA NA NA 
10 0 50 0.500000 0 5 1 1 1.473215 3 5 8 415 335 4 533 327 3 619 307 7 588 445 6 469 448 NA NA NA NA NA NA NA NA NA 
10 0 51 0.500000 0 2 1 1 1.178290 0 8 4 570 348 10 407 374 NA NA NA NA NA NA NA NA NA NA NA NA NA NA NA NA NA NA 
10 0 52 0.500000 0 8 0 0 1.116149 0 2 2 548 460 7 551 318 1 597 396 4 387 429 10 623 467 6 449 428 5 404 357 9 612 297 
10 0 53 0.500000 0 2 0 0 2.568223 1 7 9 618 378 7 484 314 NA NA NA NA NA NA NA NA NA NA NA NA NA NA NA NA NA NA 
10 0 54 0.500000 0 5 1 1 0.808319 1 4 1 415 460 8 627 383 2 579 428 5 528 313 6 434 305 NA NA NA NA NA NA NA NA NA 
10 0 55 0.500000 0 5 1 1 0.872161 0 1 8 606 356 3 395 421 5 471 336 10 618 428 6 408 348 NA NA NA NA NA NA NA NA NA 
10 0 56 0.500000 0 8 0 0 1.118734 4 1 3 437 400 5 547 466 6 456 461 9 625 433 1 593 322 10 388 473 8 405 337 7 511 298 
10 0 57 0.500000 0 2 1 1 0.762996 1 6 9 588 454 8 631 298 NA NA NA NA NA NA NA NA NA NA NA NA NA NA NA NA NA NA 
10 0 58 0.500000 0 2 0 1 1.226097 1 5 3 541 470 5 604 464 NA NA NA NA NA NA NA NA NA NA NA NA NA NA NA NA NA NA 
10 0 59 0.500000 0 8 1 0 0.907339 0 2 8 453 304 7 594 416 3 388 469 1 395 382 5 567 325 4 635 327 10 631 466 6 453 396 
10 1 0 0.700000 0 2 0 0 1.092101 1 4 2 424 331 4 613 340 NA NA NA NA NA NA NA NA NA NA NA NA NA NA NA NA NA NA 
10 1 1 0.700000 0 8 1 0 3.138819 4 5 10 400 444 6 632 356 1 602 296 2 476 433 8 412 372 4 464 303 3 608 426 7 529 472 
10 1 2 0.700000 0 8 1 1 1.326466 3 8 7 407 453 6 629 464 2 570 317 5 403 364 10 588 412 4 416 306 1 511 442 3 503 317 
10 1 3 0.700000 0 2 1 1 0.771233 1 8 3 457 341 5 427 431 NA NA NA NA NA NA NA NA NA NA NA NA NA NA NA NA NA NA 
10 1 4 0.700000 0 5 1 1 0.891628 0 9 10 450 463 2 428 340 8 606 447 7 570 350 1 400 432 NA NA NA NA NA NA NA NA NA 
10 1 5 0.700000 0 2 1 1 0.906351 1 3 1 570 380 2 451 440 NA NA NA NA NA NA NA NA NA NA NA NA NA NA NA NA NA NA 
10 1 6 0.700000 0 5 0 0 0.951956 4 6 3 428 329 8 491 469 10 425 388 1 556 430 6 588 312 NA NA NA NA NA NA NA NA NA 
10 1 7 0.700000 0 5 1 1 0.723779 1 1 4 636 393 6 401 365 5 593 458 9 625 309 2 508 299 NA NA NA NA NA NA NA NA NA 
10 1 8 0.700000 0 5 0 0 1.349106 4 3 7 486 320 2 630 440 10 604 359 4 577 306 3 391 440 NA NA NA NA NA NA NA NA NA 
10 1 9 0.700000 0 2 1 1 0.896863 1 3 5 467 460 6 620 330 NA NA NA NA NA NA NA NA NA NA NA NA NA NA NA NA NA NA 
10 1 10 0.700000 0 2 0 0 0.895366 1 9 10 403 432 9 593 465 NA NA NA NA NA NA NA NA NA NA NA NA NA NA NA NA NA NA 
10 1 11 0.700000 0 2 0 0 0.993881 1 1 8 629 463 1 581 312 NA NA NA NA NA NA NA NA NA NA NA NA NA NA NA NA NA NA 
10 1 12 0.700000 0 2 1 1 0.911137 1 5 1 573 349 8 518 302 NA NA NA NA NA NA NA NA NA NA NA NA NA NA NA NA NA NA 
10 1 13 0.700000 0 5 1 1 1.741717 4 4 2 632 303 6 560 451 7 559 345 5 444 375 10 470 308 NA NA NA NA NA NA NA NA NA 
10 1 14 0.700000 0 8 1 1 1.314729 2 8 3 394 337 7 472 314 10 594 367 2 523 451 1 411 464 4 626 461 9 601 303 5 422 394 
10 1 15 0.700000 0 5 1 1 1.578202 0 2 1 426 297 4 396 447 6 627 399 5 581 335 9 409 373 NA NA NA NA NA NA NA NA NA 
10 1 16 0.700000 0 2 0 0 1.457177 0 6 6 427 383 1 432 318 NA NA NA NA NA NA NA NA NA NA NA NA NA NA NA NA NA NA 
10 1 17 0.700000 0 5 1 1 0.899936 0 3 2 435 412 8 395 327 1 589 414 9 527 323 5 631 369 NA NA NA NA NA NA NA NA NA 
10 1 18 0.700000 0 5 0 0 1.040270 2 6 9 441 411 7 496 327 6 570 341 10 474 468 8 576 450 NA NA NA NA NA NA NA NA NA 
10 1 19 0.700000 0 5 1 0 1.469605 3 2 1 427 415 9 472 298 4 563 356 10 633 377 8 467 474 NA NA NA NA NA NA NA NA NA 
10 1 20 0.700000 0 8 1 1 1.094167 0 9 7 554 427 5 500 466 4 416 469 2 542 307 10 401 339 1 392 406 8 605 377 3 613 447 
10 1 21 0.700000 0 8 1 1 1.194091 1 7 8 575 360 5 451 369 6 523 454 2 613 416 4 410 425 1 390 359 10 497 310 9 635 354 
10 1 22 0.700000 0 2 1 1 0.878611 1 10 8 637 391 4 579 329 NA NA NA NA NA NA NA NA NA NA NA NA NA NA NA NA NA NA 
10 1 23 0.700000 0 2 1 1 0.982887 0 7 2 436 351 4 532 448 NA NA NA NA NA NA NA NA NA NA NA NA NA NA NA NA NA NA 
10 1 24 0.700000 0 5 1 1 0.914453 2 7 4 438 317 6 435 474 1 568 336 9 408 396 3 601 444 NA NA NA NA NA NA NA NA NA 
10 1 25 0.700000 0 2 1 1 0.929601 1 1 7 636 313 6 427 389 NA NA NA NA NA NA NA NA NA NA NA NA NA NA NA NA NA NA 
10 1 26 0.700000 0 8 0 1 1.003407 3 8 5 468 440 2 534 448 1 627 340 8 556 321 6 425 375 3 407 464 10 391 316 4 572 382 
10 1 27 0.700000 0 5 0 1 1.300853 4 5 6 609 417 7 546 324 3 463 464 2 465 348 5 559 463 NA NA NA NA NA NA NA NA NA 
10 1 28 0.700000 0 5 1 1 0.952427 0 4 9 437 297 5 601 396 10 575 343 3 525 469 8 451 372 NA NA NA NA NA NA NA NA NA 
10 1 29 0.700000 0 5 1 1 0.825686 4 4 10 444 352 7 578 349 5 436 451 2 393 312 1 503 448 NA NA NA NA NA NA NA NA NA 
10 1 30 0.700000 0 8 1 1 1.938053 3 1 6 427 370 3 403 461 5 633 400 10 454 309 4 552 314 2 630 308 8 547 448 9 390 319 
10 1 31 0.700000 0 5 0 0 1.112978 2 5 2 610 454 6 614 325 5 442 300 10 397 378 1 538 327 NA NA NA NA NA NA NA NA NA 
10 1 32 0.700000 0 8 1 1 1.129403 6 9 6 587 329 3 610 397 5 396 474 1 573 459 7 471 464 10 449 353 4 532 294 8 398 412 
10 1 33 0.700000 0 2 1 1 0.967388 0 4 7 438 389 8 576 470 NA NA NA NA NA NA NA NA NA NA NA NA NA NA NA NA NA NA 
10 1 34 0.700000 0 2 1 1 0.909998 1 7 3 411 315 2 531 326 NA NA NA NA NA NA NA NA NA NA NA NA NA NA NA NA NA NA 
10 1 35 0.700000 0 2 1 1 0.581186 1 4 8 574 325 3 477 306 NA NA NA NA NA NA NA NA NA NA NA NA NA NA NA NA NA NA 
10 1 36 0.700000 0 5 1 1 2.739797 3 7 6 443 390 10 526 323 2 449 324 1 589 359 9 526 447 NA NA NA NA NA NA NA NA NA 
10 1 37 0.700000 0 5 1 1 0.877615 4 3 2 634 350 7 410 339 1 602 411 5 409 405 10 533 304 NA NA NA NA NA NA NA NA NA 
10 1 38 0.700000 0 5 1 1 1.577018 2 8 10 634 355 9 572 344 1 458 313 4 599 459 7 472 440 NA NA NA NA NA NA NA NA NA 
10 1 39 0.700000 0 8 0 0 1.037742 6 6 4 615 423 9 577 332 2 440 444 5 423 339 3 637 330 7 502 298 6 510 473 8 562 447 
10 1 40 0.700000 0 2 1 1 0.475205 0 10 1 445 456 5 409 388 NA NA NA NA NA NA NA NA NA NA NA NA NA NA NA NA NA NA 
10 1 41 0.700000 0 8 0 0 1.515655 0 3 3 562 302 6 635 448 5 582 472 1 400 365 2 494 307 10 404 451 8 575 404 9 635 336 
10 1 42 0.700000 0 8 1 1 2.154694 4 10 1 481 466 5 393 428 8 635 376 6 450 369 4 568 472 7 637 435 3 607 300 2 473 305 
10 1 43 0.700000 0 8 0 0 1.057401 1 2 3 501 465 2 564 318 10 576 446 7 635 430 1 444 434 4 399 345 8 590 381 5 461 327 
10 1 44 0.700000 0 8 0 0 1.168353 3 1 6 418 434 2 517 308 4 602 432 1 595 339 5 411 370 7 536 469 10 478 436 9 410 297 
10 1 45 0.700000 0 8 0 0 1.484122 4 2 6 586 423 3 448 391 10 507 462 7 388 346 2 478 302 9 540 329 5 399 464 4 617 370 
10 1 46 0.700000 0 8 1 1 1.139874 2 1 3 418 403 4 483 323 9 569 471 7 542 316 5 611 410 10 506 468 6 403 474 2 415 321 
10 1 47 0.700000 0 8 1 1 1.064490 2 3 4 613 419 8 434 471 1 632 364 2 570 326 7 388 345 9 594 474 10 512 448 6 428 404 
10 1 48 0.700000 0 2 1 1 0.815476 1 10 6 554 331 3 448 295 NA NA NA NA NA NA NA NA NA NA NA NA NA NA NA NA NA NA 
10 1 49 0.700000 0 5 1 1 0.797027 4 3 1 603 371 5 418 342 10 434 450 2 510 459 6 467 297 NA NA NA NA NA NA NA NA NA 
10 1 50 0.700000 0 5 1 1 0.741696 1 4 6 464 469 3 390 403 1 583 329 10 521 309 8 585 461 NA NA NA NA NA NA NA NA NA 
10 1 51 0.700000 0 2 1 1 1.339860 0 6 2 424 394 7 621 474 NA NA NA NA NA NA NA NA NA NA NA NA NA NA NA NA NA NA 
10 1 52 0.700000 0 5 0 1 1.047897 0 10 10 546 306 3 416 383 6 482 318 8 579 447 1 393 317 NA NA NA NA NA NA NA NA NA 
10 1 53 0.700000 0 2 0 0 0.759553 0 5 5 624 320 2 454 359 NA NA NA NA NA NA NA NA NA NA NA NA NA NA NA NA NA NA 
10 1 54 0.700000 0 8 1 0 1.690066 6 8 10 434 385 2 573 363 4 547 455 5 542 308 9 398 317 1 607 312 3 434 446 6 478 315 
10 1 55 0.700000 0 8 1 1 0.712704 0 4 7 415 369 3 562 337 1 433 429 10 529 451 6 583 423 8 502 299 9 398 296 5 637 460 
10 1 56 0.700000 0 8 1 1 2.475606 3 7 5 476 474 9 445 295 2 542 438 1 431 355 8 560 342 3 624 438 10 500 319 6 432 425 
10 1 57 0.700000 0 8 1 0 0.995461 3 4 5 593 331 2 602 440 3 437 312 8 422 436 7 503 470 1 398 357 9 520 302 6 570 387 
10 1 58 0.700000 0 2 0 0 1.080764 1 8 4 582 392 8 424 424 NA NA NA NA NA NA NA NA NA NA NA NA NA NA NA NA NA NA 
10 1 59 0.700000 0 2 1 1 1.449508 1 3 4 447 432 9 607 307 NA NA NA NA NA NA NA NA NA NA NA NA NA NA NA NA NA NA 
10 2 0 0.500000 0 8 1 1 1.084181 2 10 3 625 425 5 529 327 6 444 387 4 402 446 7 550 464 8 424 302 1 473 450 2 601 351 
10 2 1 0.500000 0 5 1 1 0.885596 2 6 1 560 434 2 392 343 4 608 391 7 447 382 10 526 312 NA NA NA NA NA NA NA NA NA 
10 2 2 0.500000 0 8 1 1 1.138074 0 4 3 618 320 10 387 461 9 468 332 5 436 409 7 558 459 6 467 459 2 619 389 8 546 332 
10 2 3 0.500000 0 5 1 1 1.015588 4 2 6 492 317 8 561 445 9 422 442 10 424 325 4 564 339 NA NA NA NA NA NA NA NA NA 
10 2 4 0.500000 0 2 0 0 0.794048 0 7 7 593 327 3 431 411 NA NA NA NA NA NA NA NA NA NA NA NA NA NA NA NA NA NA 
10 2 5 0.500000 0 2 1 1 0.535681 0 1 10 427 384 4 581 453 NA NA NA NA NA NA NA NA NA NA NA NA NA NA NA NA NA NA 
10 2 6 0.500000 0 8 0 0 3.281407 7 6 8 456 429 9 398 365 1 552 433 3 578 337 4 493 301 2 635 455 5 610 395 6 422 300 
10 2 7 0.500000 0 5 0 1 1.035093 0 3 3 543 301 9 478 333 7 449 424 2 611 369 1 555 441 NA NA NA NA NA NA NA NA NA 
10 2 8 0.500000 0 5 1 1 0.838910 2 6 9 627 423 10 434 373 7 576 331 5 482 308 1 543 456 NA NA NA NA NA NA NA NA NA 
10 2 9 0.500000 0 2 0 0 1.152433 1 1 5 505 447 1 435 369 NA NA NA NA NA NA NA NA NA NA NA NA NA NA NA NA NA NA 
10 2 10 0.500000 0 5 0 0 1.217319 4 8 6 616 352 10 507 319 5 426 356 2 576 473 8 579 413 NA NA NA NA NA NA NA NA NA 
10 2 11 0.500000 0 5 1 0 0.940860 2 8 7 630 315 10 512 301 4 451 456 1 419 302 2 402 383 NA NA NA NA NA NA NA NA NA 
10 2 12 0.500000 0 8 0 0 1.339097 2 6 8 425 470 10 427 335 6 578 366 9 572 430 5 525 326 2 631 434 4 504 447 3 615 297 
10 2 13 0.500000 0 8 0 0 1.150531 2 1 8 620 322 5 474 337 1 448 447 7 394 329 3 577 419 6 558 316 2 387 389 9 529 463 
10 2 14 0.500000 0 5 0 1 1.379902 1 10 4 484 472 10 393 323 9 439 401 1 635 312 3 632 466 NA NA NA NA NA NA NA NA NA 
10 2 15 0.500000 0 5 1 1 0.733004 4 9 7 504 452 1 436 371 6 593 357 3 416 298 5 609 300 NA NA NA NA NA NA NA NA NA 
10 2 16 0.500000 0 8 0 1 1.379165 2 10 1 589 315 7 436 386 10 592 437 5 477 317 4 445 450 3 401 331 2 625 385 9 531 459 
10 2 17 0.500000 0 2 0 0 1.056873 1 8 5 615 411 8 623 304 NA NA NA NA NA NA NA NA NA NA NA NA NA NA NA NA NA NA 
10 2 18 0.500000 0 2 0 0 0.693828 1 7 8 536 305 7 619 367 NA NA NA NA NA NA NA NA NA NA NA NA NA NA NA NA NA NA 
10 2 19 0.500000 0 2 1 1 0.552065 0 6 2 561 443 7 482 298 NA NA NA NA NA NA NA NA NA NA NA NA NA NA NA NA NA NA 
10 2 20 0.500000 0 8 0 1 1.185877 4 9 8 587 379 7 520 322 4 627 444 6 409 456 9 444 373 3 408 316 5 480 455 10 616 318 
10 2 21 0.500000 0 2 1 1 0.652581 0 9 4 579 352 6 528 468 NA NA NA NA NA NA NA NA NA NA NA NA NA NA NA NA NA NA 
10 2 22 0.500000 0 2 1 1 0.633168 1 9 10 560 418 2 595 301 NA NA NA NA NA NA NA NA NA NA NA NA NA NA NA NA NA NA 
10 2 23 0.500000 0 5 1 1 1.144240 0 8 1 591 453 5 570 384 9 438 347 4 454 438 7 530 468 NA NA NA NA NA NA NA NA NA 
10 2 24 0.500000 0 5 0 1 1.502082 1 10 4 624 362 10 513 457 5 437 428 2 590 432 8 464 332 NA NA NA NA NA NA NA NA NA 
10 2 25 0.500000 0 5 0 0 1.241926 3 10 8 597 416 9 405 353 5 414 415 10 576 356 6 520 310 NA NA NA NA NA NA NA NA NA 
10 2 26 0.500000 0 5 1 1 1.003306 0 7 2 419 335 8 615 346 6 404 432 1 569 410 4 622 441 NA NA NA NA NA NA NA NA NA 
10 2 27 0.500000 0 2 1 1 1.714985 1 2 4 553 438 3 499 470 NA NA NA NA NA NA NA NA NA NA NA NA NA NA NA NA NA NA 
10 2 28 0.500000 0 2 1 1 0.789214 0 7 3 392 366 5 472 443 NA NA NA NA NA NA NA NA NA NA NA NA NA NA NA NA NA NA 
10 2 29 0.500000 0 5 0 0 1.181111 4 1 8 450 398 3 579 312 10 553 458 9 471 331 1 449 472 NA NA NA NA NA NA NA NA NA 
10 2 30 0.500000 0 8 0 0 0.878068 3 2 4 425 404 8 453 328 10 632 312 2 513 457 5 568 361 6 397 455 3 615 443 1 534 306 
10 2 31 0.500000 0 8 1 1 0.905158 7 10 1 463 453 8 570 448 2 557 342 5 512 303 7 394 356 4 610 298 6 429 299 3 629 473 
10 2 32 0.500000 0 5 1 1 1.090830 4 7 1 407 300 8 547 303 3 436 360 10 606 420 6 445 463 NA NA NA NA NA NA NA NA NA 
10 2 33 0.500000 0 2 1 1 0.644348 1 3 8 552 436 1 607 380 NA NA NA NA NA NA NA NA NA NA NA NA NA NA NA NA NA NA 
10 2 34 0.500000 0 8 1 1 1.890363 1 4 2 489 465 1 633 471 8 623 338 10 387 411 5 586 426 7 392 333 6 388 469 9 453 323 
10 2 35 0.500000 0 8 0 0 1.311442 7 7 1 440 433 9 573 312 2 512 468 3 633 406 8 414 357 5 599 461 6 495 313 7 633 302 
10 2 36 0.500000 0 8 0 1 1.394083 5 1 3 555 326 5 580 394 6 633 466 10 388 462 9 416 322 1 480 302 4 559 453 7 633 327 
10 2 37 0.500000 0 8 1 0 0.879280 5 8 7 435 328 2 506 444 4 592 402 3 427 394 5 404 468 6 516 312 10 596 304 9 590 471 
10 2 38 0.500000 0 2 1 1 3.235730 1 8 5 453 426 1 544 440 NA NA NA NA NA NA NA NA NA NA NA NA NA NA NA NA NA NA 
10 2 39 0.500000 0 5 0 0 0.992294 3 5 6 636 328 2 554 449 9 612 422 5 395 331 7 395 420 NA NA NA NA NA NA NA NA NA 
10 2 40 0.500000 0 2 0 0 5.934800 0 4 4 446 415 10 419 337 NA NA NA NA NA NA NA NA NA NA NA NA NA NA NA NA NA NA 
10 2 41 0.500000 0 8 0 1 3.079657 7 9 5 628 361 10 560 337 6 442 396 8 391 424 2 633 444 4 493 449 7 417 329 9 503 322 
10 2 42 0.500000 0 2 0 0 0.882048 0 6 6 604 427 10 533 329 NA NA NA NA NA NA NA NA NA NA NA NA NA NA NA NA NA NA 
10 2 43 0.500000 0 2 0 1 0.708370 1 9 8 528 470 9 577 372 NA NA NA NA NA NA NA NA NA NA NA NA NA NA NA NA NA NA 
10 2 44 0.500000 0 5 0 0 0.910647 3 10 7 630 347 9 559 441 4 418 386 10 499 296 5 628 437 NA NA NA NA NA NA NA NA NA 
10 2 45 0.500000 0 2 1 1 0.658977 1 1 10 466 308 5 588 345 NA NA NA NA NA NA NA NA NA NA NA NA NA NA NA NA NA NA 
10 2 46 0.500000 0 5 1 1 0.645676 2 3 7 637 346 2 471 462 4 417 414 8 425 346 1 597 420 NA NA NA NA NA NA NA NA NA 
10 2 47 0.500000 0 8 1 1 1.037112 7 6 10 480 461 9 422 377 2 493 325 3 417 456 1 613 412 7 550 437 4 440 295 8 620 299 
10 2 48 0.500000 0 8 1 1 2.308510 4 9 8 612 450 3 636 389 5 458 469 4 611 329 10 444 396 2 576 385 1 407 350 7 480 315 
10 2 49 0.500000 0 8 0 0 1.037515 4 3 1 481 320 6 632 406 7 567 310 5 570 421 3 436 412 9 402 322 10 535 468 8 626 324 
10 2 50 0.500000 0 8 1 0 1.844548 2 10 3 589 323 9 588 423 6 421 388 2 408 464 4 414 297 8 510 318 7 509 462 1 629 378 
10 2 51 0.500000 0 5 1 1 0.707212 2 6 8 562 337 4 576 466 9 504 294 1 409 300 10 578 399 NA NA NA NA NA NA NA NA NA 
10 2 52 0.500000 0 5 0 1 2.367883 1 10 4 401 303 10 624 294 6 502 316 1 398 383 3 396 448 NA NA NA NA NA NA NA NA NA 
10 2 53 0.500000 0 2 0 0 1.678985 0 8 8 608 443 2 591 349 NA NA NA NA NA NA NA NA NA NA NA NA NA NA NA NA NA NA 
10 2 54 0.500000 0 2 0 1 0.691348 1 5 3 610 313 5 533 440 NA NA NA NA NA NA NA NA NA NA NA NA NA NA NA NA NA NA 
10 2 55 0.500000 0 8 1 1 1.211652 1 4 7 622 423 10 515 471 2 428 404 8 622 317 5 461 353 1 409 295 6 571 364 9 552 300 
10 2 56 0.500000 0 2 0 0 1.433353 1 5 7 437 462 5 489 329 NA NA NA NA NA NA NA NA NA NA NA NA NA NA NA NA NA NA 
10 2 57 0.500000 0 8 1 1 1.648594 4 4 9 569 474 10 600 391 2 395 360 6 425 419 7 466 323 3 537 323 8 496 448 5 629 319 
10 2 58 0.500000 0 5 0 0 0.868174 2 5 2 485 439 6 609 445 5 546 333 3 608 325 8 417 472 NA NA NA NA NA NA NA NA NA 
10 2 59 0.500000 0 2 1 1 0.619222 1 9 1 598 466 8 391 400 NA NA NA NA NA NA NA NA NA NA NA NA NA NA NA NA NA NA 
10 3 0 0.300000 0 2 1 1 1.074317 1 2 3 574 301 8 457 466 NA NA NA NA NA NA NA NA NA NA NA NA NA NA NA NA NA NA 
10 3 1 0.300000 0 8 0 0 1.373765 4 2 6 573 424 7 429 328 5 635 359 3 447 450 2 527 303 10 406 395 4 637 298 1 616 463 
10 3 2 0.300000 0 5 0 0 1.354330 2 1 10 611 304 8 552 301 1 446 358 4 440 437 6 405 305 NA NA NA NA NA NA NA NA NA 
10 3 3 0.300000 0 2 0 0 1.930245 1 4 5 592 460 4 479 332 NA NA NA NA NA NA NA NA NA NA NA NA NA NA NA NA NA NA 
10 3 4 0.300000 0 2 0 0 0.789982 1 4 2 443 406 4 515 299 NA NA NA NA NA NA NA NA NA NA NA NA NA NA NA NA NA NA 
10 3 5 0.300000 0 8 0 0 2.520960 7 7 6 544 334 1 428 299 3 611 429 2 635 373 5 601 298 10 479 439 9 414 358 7 552 459 
10 3 6 0.300000 0 8 1 1 1.184272 6 3 9 529 304 5 609 315 2 419 363 7 615 395 4 518 442 10 430 438 8 457 294 1 589 459 
10 3 7 0.300000 0 2 0 0 0.814153 0 5 5 428 314 9 394 463 NA NA NA NA NA NA NA NA NA NA NA NA NA NA NA NA NA NA 
10 3 8 0.300000 0 2 1 1 1.212626 0 4 6 574 456 3 498 444 NA NA NA NA NA NA NA NA NA NA NA NA NA NA NA NA NA NA 
10 3 9 0.300000 0 2 0 0 0.677507 1 8 1 578 357 8 560 462 NA NA NA NA NA NA NA NA NA NA NA NA NA NA NA NA NA NA 
10 3 10 0.300000 0 5 1 1 1.463550 0 4 6 461 445 1 616 345 9 624 418 2 556 474 3 415 297 NA NA NA NA NA NA NA NA NA 
10 3 11 0.300000 0 8 0 0 1.313185 5 6 2 451 425 7 422 305 4 601 370 10 547 328 8 597 432 6 631 304 3 387 398 9 516 449 
10 3 12 0.300000 0 5 1 1 0.851387 1 4 3 392 320 7 519 449 10 555 297 1 459 473 5 609 431 NA NA NA NA NA NA NA NA NA 
10 3 13 0.300000 0 8 1 1 1.398333 2 8 5 401 445 7 421 385 6 500 315 10 528 473 4 637 302 9 578 347 2 628 425 1 396 313 
10 3 14 0.300000 0 8 0 0 0.990447 5 3 6 607 419 1 527 453 2 434 297 10 404 398 7 412 465 3 587 337 9 516 297 8 471 437 
10 3 15 0.300000 0 5 0 1 0.827912 4 5 2 582 358 3 397 448 7 575 462 1 449 420 5 498 457 NA NA NA NA NA NA NA NA NA 
10 3 16 0.300000 0 2 0 0 1.000238 0 3 3 581 459 4 591 359 NA NA NA NA NA NA NA NA NA NA NA NA NA NA NA NA NA NA 
10 3 17 0.300000 0 2 0 1 1.000809 0 5 5 608 308 10 580 412 NA NA NA NA NA NA NA NA NA NA NA NA NA NA NA NA NA NA 
10 3 18 0.300000 0 8 0 1 1.605088 3 7 9 582 348 3 611 296 1 587 411 7 541 467 10 428 331 6 429 394 8 501 300 2 632 456 
10 3 19 0.300000 0 2 1 1 0.726374 0 10 7 549 334 1 604 457 NA NA NA NA NA NA NA NA NA NA NA NA NA NA NA NA NA NA 
10 3 20 0.300000 0 2 0 0 0.710765 0 8 8 568 345 1 558 431 NA NA NA NA NA NA NA NA NA NA NA NA NA NA NA NA NA NA 
10 3 21 0.300000 0 2 0 0 0.941944 0 3 3 540 298 7 433 445 NA NA NA NA NA NA NA NA NA NA NA NA NA NA NA NA NA NA 
10 3 22 0.300000 0 5 1 1 0.981346 0 6 5 573 453 1 447 446 4 473 300 8 630 331 9 541 305 NA NA NA NA NA NA NA NA NA 
10 3 23 0.300000 0 5 0 0 1.621476 4 6 3 445 316 9 427 429 1 404 366 5 604 319 6 628 431 NA NA NA NA NA NA NA NA NA 
10 3 24 0.300000 0 5 0 1 1.046889 0 8 8 595 299 6 481 468 5 608 382 3 595 464 9 388 300 NA NA NA NA NA NA NA NA NA 
10 3 25 0.300000 0 8 0 0 1.147868 3 8 9 407 379 2 474 439 5 513 314 8 599 362 3 426 302 1 593 454 10 593 304 6 399 439 
10 3 26 0.300000 0 5 1 1 1.263696 3 1 8 588 366 9 391 422 3 537 321 6 624 311 5 611 434 NA NA NA NA NA NA NA NA NA 
10 3 27 0.300000 0 8 1 1 1.123044 2 7 3 390 323 2 553 296 8 446 367 6 630 391 9 457 449 4 613 309 10 633 473 5 453 299 
10 3 28 0.300000 0 5 0 1 0.976019 4 7 6 600 320 10 471 336 9 398 463 4 448 425 7 405 329 NA NA NA NA NA NA NA NA NA 
10 3 29 0.300000 0 5 0 1 1.325424 2 10 1 402 383 3 465 450 10 418 303 7 597 307 6 477 303 NA NA NA NA NA NA NA NA NA 
10 3 30 0.300000 0 8 0 0 0.744241 4 4 8 608 393 9 400 427 1 552 460 5 477 331 4 443 387 7 631 313 10 555 316 6 405 303 
10 3 31 0.300000 0 5 0 0 0.614994 1 2 3 406 413 2 630 360 10 467 424 9 580 416 5 390 298 NA NA NA NA NA NA NA NA NA 
10 3 32 0.300000 0 8 0 0 0.582901 5 4 1 625 386 3 463 351 5 556 442 6 498 460 8 596 320 4 630 464 7 429 424 2 437 298 
10 3 33 0.300000 0 5 0 0 0.902854 1 8 5 579 330 8 516 319 2 444 422 9 403 343 7 593 457 NA NA NA NA NA NA NA NA NA 
10 3 34 0.300000 0 5 0 0 1.017392 1 3 1 620 328 3 424 422 8 532 302 6 418 341 2 509 474 NA NA NA NA NA NA NA NA NA 
10 3 35 0.300000 0 2 1 1 0.604167 0 2 3 583 455 5 463 432 NA NA NA NA NA NA NA NA NA NA NA NA NA NA NA NA NA NA 
10 3 36 0.300000 0 8 1 1 1.135571 5 10 4 607 372 7 451 448 5 400 329 9 572 304 8 489 318 6 635 308 2 562 440 3 445 375 
10 3 37 0.300000 0 8 0 0 1.125317 3 10 5 435 395 3 579 397 4 539 450 10 594 303 8 476 305 2 466 449 7 608 451 6 406 308 
10 3 38 0.300000 0 5 0 1 2.115891 2 6 10 389 437 1 429 314 6 546 440 9 604 443 5 456 443 NA NA NA NA NA NA NA NA NA 
10 3 39 0.300000 0 2 0 0 1.154114 0 8 8 619 463 3 592 390 NA NA NA NA NA NA NA NA NA NA NA NA NA NA NA NA NA NA 
10 3 40 0.300000 0 2 1 1 0.658190 1 8 2 411 444 6 530 327 NA NA NA NA NA NA NA NA NA NA NA NA NA NA NA NA NA NA 
10 3 41 0.300000 0 8 1 1 1.966456 3 3 9 462 428 2 564 312 10 626 441 5 402 307 7 407 459 4 564 440 6 636 337 8 387 388 
10 3 42 0.300000 0 2 0 0 0.888687 1 1 6 553 315 1 465 420 NA NA NA NA NA NA NA NA NA NA NA NA NA NA NA NA NA NA 
10 3 43 0.300000 0 2 0 0 1.500735 0 1 1 413 341 9 517 312 NA NA NA NA NA NA NA NA NA NA NA NA NA NA NA NA NA NA 
10 3 44 0.300000 0 5 0 0 1.412721 0 3 3 405 354 8 608 453 4 477 294 10 454 473 6 584 379 NA NA NA NA NA NA NA NA NA 
10 3 45 0.300000 0 2 0 0 1.211350 0 3 3 405 294 1 511 454 NA NA NA NA NA NA NA NA NA NA NA NA NA NA NA NA NA NA 
10 3 46 0.300000 0 2 1 1 1.447649 1 9 8 576 426 10 625 386 NA NA NA NA NA NA NA NA NA NA NA NA NA NA NA NA NA NA 
10 3 47 0.300000 0 8 1 1 1.727334 0 8 6 468 451 4 549 469 2 549 298 3 401 404 5 395 329 1 615 394 7 390 468 10 467 321 
10 3 48 0.300000 0 8 0 0 1.120270 7 7 6 449 386 10 476 295 1 581 331 2 552 473 4 403 310 8 425 439 5 598 437 7 489 455 
10 3 49 0.300000 0 5 0 0 4.027684 3 8 1 616 474 10 407 318 6 456 365 8 570 332 9 422 441 NA NA NA NA NA NA NA NA NA 
10 3 50 0.300000 0 2 0 0 1.225155 1 2 1 556 452 2 599 348 NA NA NA NA NA NA NA NA NA NA NA NA NA NA NA NA NA NA 
10 3 51 0.300000 0 5 0 0 1.147933 2 4 2 560 317 5 541 446 4 618 465 9 431 332 1 632 339 NA NA NA NA NA NA NA NA NA 
10 3 52 0.300000 0 2 0 0 1.211080 1 3 6 636 405 3 403 322 NA NA NA NA NA NA NA NA NA NA NA NA NA NA NA NA NA NA 
10 3 53 0.300000 0 5 1 0 1.519645 1 10 5 425 444 8 635 401 1 406 329 9 630 305 2 591 440 NA NA NA NA NA NA NA NA NA 
10 3 54 0.300000 0 8 0 0 1.316746 5 8 9 447 416 2 616 294 7 465 317 4 501 472 5 406 361 8 596 386 3 603 468 1 533 310 
10 3 55 0.300000 0 8 0 0 1.263627 3 10 7 576 344 8 573 473 5 407 320 10 441 410 4 486 324 1 463 467 6 633 422 3 390 467 
10 3 56 0.300000 0 5 1 1 1.278931 2 3 4 480 323 8 575 446 2 481 469 5 427 350 6 423 429 NA NA NA NA NA NA NA NA NA 
10 3 57 0.300000 0 8 0 0 1.420602 7 10 3 602 396 1 633 333 4 506 467 7 403 397 2 566 330 5 448 331 8 601 458 10 509 306 
10 3 58 0.300000 0 5 0 0 1.245056 2 7 2 486 318 4 588 453 7 448 421 3 519 456 9 631 410 NA NA NA NA NA NA NA NA NA 
10 3 59 0.300000 0 8 0 1 1.353309 6 1 10 604 354 6 576 471 5 403 452 7 509 296 4 424 302 9 485 436 1 439 363 2 568 408 
10 4 0 0.700000 0 5 1 1 1.618996 4 3 1 548 328 7 434 300 9 445 390 5 415 466 10 619 311 NA NA NA NA NA NA NA NA NA 
10 4 1 0.700000 0 8 1 1 3.227104 7 10 2 395 360 5 580 454 1 472 295 9 630 373 8 537 304 4 407 297 3 505 442 6 431 426 
10 4 2 0.700000 0 2 1 1 1.357718 0 7 8 547 310 10 409 417 NA NA NA NA NA NA NA NA NA NA NA NA NA NA NA NA NA NA 
10 4 3 0.700000 0 5 1 1 0.665132 0 3 7 402 415 10 453 360 4 405 317 5 577 337 9 608 448 NA NA NA NA NA NA NA NA NA 
10 4 4 0.700000 0 8 0 0 0.836722 7 5 3 448 439 2 587 389 1 620 333 7 395 356 6 510 459 4 621 466 10 391 462 5 504 313 
10 4 5 0.700000 0 8 0 1 1.890060 7 10 1 603 355 9 454 418 5 613 427 8 438 340 7 548 444 3 423 472 2 395 380 10 558 315 
10 4 6 0.700000 0 8 1 0 0.871109 4 2 1 490 447 3 419 330 5 583 321 9 572 449 6 629 380 7 484 297 4 636 451 8 431 452 
10 4 7 0.700000 0 8 1 1 0.923825 1 3 8 624 415 9 567 466 7 392 355 2 581 338 5 401 463 6 499 451 1 459 352 10 632 299 
10 4 8 0.700000 0 8 1 1 0.415624 0 6 4 579 300 1 430 462 10 632 394 2 485 441 7 399 374 5 502 298 8 553 444 9 616 454 
10 4 9 0.700000 0 8 0 0 0.831816 2 3 4 423 471 9 420 410 3 612 310 6 578 424 8 437 342 1 567 354 10 523 443 7 628 389 
10 4 10 0.700000 0 2 1 1 0.582685 0 5 3 403 410 6 542 466 NA NA NA NA NA NA NA NA NA NA NA NA NA NA NA NA NA NA 
10 4 11 0.700000 0 2 0 0 0.996888 0 10 10 458 442 7 425 353 NA NA NA NA NA NA NA NA NA NA NA NA NA NA NA NA NA NA 
10 4 12 0.700000 0 2 1 1 0.776696 0 7 5 587 411 10 635 465 NA NA NA NA NA NA NA NA NA NA NA NA NA NA NA NA NA NA 
10 4 13 0.700000 0 8 1 0 0.913151 7 2 6 434 401 7 560 324 9 454 316 4 627 352 5 604 472 10 420 465 1 393 316 8 512 447 
10 4 14 0.700000 0 2 1 1 0.561842 0 2 6 571 343 5 523 300 NA NA NA NA NA NA NA NA NA NA NA NA NA NA NA NA NA NA 
10 4 15 0.700000 0 2 0 0 0.998163 1 1 9 605 360 1 452 339 NA NA NA NA NA NA NA NA NA NA NA NA NA NA NA NA NA NA 
10 4 16 0.700000 0 5 0 0 0.744528 0 7 7 637 414 6 586 351 8 446 434 5 388 368 4 467 307 NA NA NA NA NA NA NA NA NA 
10 4 17 0.700000 0 5 1 1 2.171345 3 8 1 419 433 6 581 318 3 394 326 7 501 465 4 595 381 NA NA NA NA NA NA NA NA NA 
10 4 18 0.700000 0 8 0 1 1.000152 6 9 3 539 311 10 632 459 8 529 470 1 437 310 7 610 379 4 443 453 9 569 427 2 625 315 
10 4 19 0.700000 0 2 0 0 0.880550 1 7 6 464 315 7 544 448 NA NA NA NA NA NA NA NA NA NA NA NA NA NA NA NA NA NA 
10 4 20 0.700000 0 2 0 0 1.092985 1 4 6 607 449 4 593 322 NA NA NA NA NA NA NA NA NA NA NA NA NA NA NA NA NA NA 
10 4 21 0.700000 0 5 1 1 1.231278 1 6 7 549 449 1 590 363 9 637 454 2 488 304 3 423 321 NA NA NA NA NA NA NA NA NA 
10 4 22 0.700000 0 5 1 1 1.405997 1 2 1 406 315 4 591 297 7 575 455 3 421 388 8 397 441 NA NA NA NA NA NA NA NA NA 
10 4 23 0.700000 0 8 1 1 0.886551 5 1 8 616 409 3 631 298 2 454 307 5 388 467 4 404 354 7 429 408 6 571 319 9 521 458 
10 4 24 0.700000 0 5 1 1 0.721354 1 7 5 611 416 1 556 462 6 455 362 4 588 306 10 466 450 NA NA NA NA NA NA NA NA NA 
10 4 25 0.700000 0 8 1 1 1.318114 3 3 8 610 302 5 519 308 1 589 392 9 429 433 10 522 466 2 604 451 6 454 341 7 394 297 
10 4 26 0.700000 0 5 0 1 0.734055 2 3 2 576 342 10 612 399 3 449 349 1 553 427 4 390 470 NA NA NA NA NA NA NA NA NA 
10 4 27 0.700000 0 2 1 1 0.789265 1 3 7 436 430 5 626 361 NA NA NA NA NA NA NA NA NA NA NA NA NA NA NA NA NA NA 
10 4 28 0.700000 0 5 0 0 1.545846 3 5 3 552 342 8 461 442 1 412 391 5 585 424 9 479 328 NA NA NA NA NA NA NA NA NA 
10 4 29 0.700000 0 8 1 1 1.244717 0 9 1 396 402 4 434 352 3 582 438 6 584 374 10 593 315 8 387 472 7 463 427 2 515 325 
10 4 30 0.700000 0 2 1 1 1.825654 1 9 6 623 423 5 412 420 NA NA NA NA NA NA NA NA NA NA NA NA NA NA NA NA NA NA 
10 4 31 0.700000 0 8 1 1 0.783553 0 4 1 461 327 8 405 360 3 451 467 10 599 372 9 532 298 2 634 324 6 629 431 7 509 474 
10 4 32 0.700000 0 2 1 1 1.028309 0 8 9 595 346 2 440 352 NA NA NA NA NA NA NA NA NA NA NA NA NA NA NA NA NA NA 
10 4 33 0.700000 0 5 1 0 1.132355 4 7 9 603 420 10 551 457 8 467 473 6 427 385 4 426 309 NA NA NA NA NA NA NA NA NA 
10 4 34 0.700000 0 5 1 1 0.700385 0 6 4 610 414 5 603 320 2 534 316 3 455 368 8 442 427 NA NA NA NA NA NA NA NA NA 
10 4 35 0.700000 0 2 1 1 0.791401 1 8 5 522 309 1 463 318 NA NA NA NA NA NA NA NA NA NA NA NA NA NA NA NA NA NA 
10 4 36 0.700000 0 8 1 1 1.033306 1 3 8 625 470 6 446 378 5 579 412 4 601 321 9 635 388 1 407 450 10 511 306 2 412 323 
10 4 37 0.700000 0 5 1 1 0.771404 4 4 5 402 403 6 598 420 8 392 465 7 428 316 1 604 332 NA NA NA NA NA NA NA NA NA 
10 4 38 0.700000 0 5 1 1 0.854358 2 9 6 448 460 1 624 389 4 519 298 10 399 332 3 622 298 NA NA NA NA NA NA NA NA NA 
10 4 39 0.700000 0 8 1 1 0.976999 5 6 10 504 448 2 478 333 8 573 308 4 592 429 7 637 330 3 426 295 5 432 474 9 418 390 
10 4 40 0.700000 0 2 1 1 0.698042 1 8 10 446 362 1 494 450 NA NA NA NA NA NA NA NA NA NA NA NA NA NA NA NA NA NA 
10 4 41 0.700000 0 5 0 1 0.758239 2 3 1 576 426 8 634 321 3 506 296 5 437 370 4 623 472 NA NA NA NA NA NA NA NA NA 
10 4 42 0.700000 0 5 1 1 0.631976 1 4 2 438 312 1 506 466 9 595 321 7 393 422 3 633 369 NA NA NA NA NA NA NA NA NA 
10 4 43 0.700000 0 5 0 1 0.957505 3 6 3 622 454 1 442 310 9 387 386 6 628 302 4 552 308 NA NA NA NA NA NA NA NA NA 
10 4 44 0.700000 0 2 1 1 0.994253 1 9 6 418 365 5 423 436 NA NA NA NA NA NA NA NA NA NA NA NA NA NA NA NA NA NA 
10 4 45 0.700000 0 2 1 1 0.617171 0 6 8 424 432 7 563 347 NA NA NA NA NA NA NA NA NA NA NA NA NA NA NA NA NA NA 
10 4 46 0.700000 0 8 0 0 0.802503 3 3 2 447 349 7 442 438 10 554 337 3 609 356 9 596 467 1 608 296 4 389 407 5 507 301 
10 4 47 0.700000 0 2 0 0 1.039403 0 7 7 600 447 3 440 296 NA NA NA NA NA NA NA NA NA NA NA NA NA NA NA NA NA NA 
10 4 48 0.700000 0 2 1 1 0.719081 1 8 6 534 456 2 551 338 NA NA NA NA NA NA NA NA NA NA NA NA NA NA NA NA NA NA 
10 4 49 0.700000 0 8 1 1 1.283088 1 7 8 431 450 5 405 310 6 559 348 4 472 316 9 449 385 1 629 434 3 567 465 2 608 306 
10 4 50 0.700000 0 8 0 1 1.990426 6 2 10 576 391 9 498 299 6 448 382 5 417 444 3 626 425 8 593 307 2 625 358 4 391 296 
10 4 51 0.700000 0 5 1 1 0.838258 1 3 5 569 349 6 560 449 1 423 433 9 634 371 10 484 328 NA NA NA NA NA NA NA NA NA 
10 4 52 0.700000 0 2 0 0 2.313846 1 5 2 422 432 5 592 452 NA NA NA NA NA NA NA NA NA NA NA NA NA NA NA NA NA NA 
10 4 53 0.700000 0 2 1 1 1.188866 0 2 5 606 431 3 427 355 NA NA NA NA NA NA NA NA NA NA NA NA NA NA NA NA NA NA 
10 4 54 0.700000 0 5 1 1 0.995123 0 7 1 620 418 6 393 468 5 556 443 10 404 396 9 565 322 NA NA NA NA NA NA NA NA NA 
10 4 55 0.700000 0 2 1 1 1.664193 1 2 7 444 442 4 622 419 NA NA NA NA NA NA NA NA NA NA NA NA NA NA NA NA NA NA 
10 4 56 0.700000 0 5 0 0 1.540633 3 6 8 427 408 3 587 355 7 623 464 6 410 305 2 417 474 NA NA NA NA NA NA NA NA NA 
10 4 57 0.700000 0 5 1 1 1.058948 1 3 6 445 324 7 397 393 4 529 454 9 513 306 10 629 295 NA NA NA NA NA NA NA NA NA 
10 4 58 0.700000 0 8 1 1 2.066416 0 6 9 599 300 3 449 295 8 447 371 7 393 437 5 527 299 10 630 426 1 574 372 2 476 437 
10 4 59 0.700000 0 8 1 1 1.259517 7 7 9 533 464 6 599 370 4 602 308 2 424 409 3 445 464 10 515 302 5 456 327 1 389 360 
10 5 0 0.300000 0 2 0 0 0.871456 0 7 7 590 299 1 519 458 NA NA NA NA NA NA NA NA NA NA NA NA NA NA NA NA NA NA 
10 5 1 0.300000 0 8 0 0 1.042285 7 2 4 429 303 9 494 455 1 425 422 6 612 425 5 581 355 3 619 306 8 493 326 2 552 446 
10 5 2 0.300000 0 8 0 1 1.597471 1 5 8 420 328 5 602 344 10 448 464 1 482 305 2 543 326 7 615 471 4 541 438 6 422 412 
10 5 3 0.300000 0 8 1 0 1.049118 7 2 4 616 334 3 632 458 5 425 405 10 388 318 1 437 463 9 458 342 8 534 320 7 579 397 
10 5 4 0.300000 0 5 1 1 1.637534 0 10 6 617 356 9 419 338 5 567 441 7 441 474 2 435 410 NA NA NA NA NA NA NA NA NA 
10 5 5 0.300000 0 8 0 1 0.843579 1 4 5 457 426 4 505 300 9 633 415 10 456 332 8 569 307 2 556 434 3 394 425 6 616 471 
10 5 6 0.300000 0 2 1 1 0.650267 1 9 2 483 460 8 635 359 NA NA NA NA NA NA NA NA NA NA NA NA NA NA NA NA NA NA 
10 5 7 0.300000 0 8 0 0 0.995899 1 7 6 387 361 7 591 472 9 521 446 1 388 435 5 614 335 3 453 470 2 499 298 10 558 298 
10 5 8 0.300000 0 2 0 0 0.803731 0 6 6 596 309 8 401 466 NA NA NA NA NA NA NA NA NA NA NA NA NA NA NA NA NA NA 
10 5 9 0.300000 0 5 1 1 0.798120 4 7 8 563 468 2 479 472 9 605 398 4 398 458 10 420 330 NA NA NA NA NA NA NA NA NA 
10 5 10 0.300000 0 2 0 0 1.152732 0 4 4 576 374 10 527 471 NA NA NA NA NA NA NA NA NA NA NA NA NA NA NA NA NA NA 
10 5 11 0.300000 0 2 0 0 1.201697 1 1 8 629 319 1 395 454 NA NA NA NA NA NA NA NA NA NA NA NA NA NA NA NA NA NA 
10 5 12 0.300000 0 5 0 0 1.913424 4 9 8 622 469 10 518 313 3 453 450 4 418 334 9 392 470 NA NA NA NA NA NA NA NA NA 
10 5 13 0.300000 0 5 1 1 0.947822 0 1 2 617 397 3 412 412 5 495 312 8 587 334 6 477 463 NA NA NA NA NA NA NA NA NA 
10 5 14 0.300000 0 5 0 0 0.755928 4 8 9 598 468 6 435 403 3 482 308 4 570 339 8 409 455 NA NA NA NA NA NA NA NA NA 
10 5 15 0.300000 0 8 0 0 1.383664 1 9 1 628 409 9 571 386 2 481 296 7 473 439 4 598 300 5 414 339 3 628 350 10 407 451 
10 5 16 0.300000 0 8 0 0 0.833588 1 2 9 429 432 2 538 453 7 457 303 5 574 383 3 620 303 4 611 454 1 453 365 8 635 361 
10 5 17 0.300000 0 2 1 1 0.847683 1 2 3 491 302 5 602 396 NA NA NA NA NA NA NA NA NA NA NA NA NA NA NA NA NA NA 
10 5 18 0.300000 0 8 0 1 1.982579 0 8 8 461 438 2 560 313 9 437 322 5 634 403 1 392 436 6 427 384 10 575 397 3 582 455 
10 5 19 0.300000 0 5 0 1 0.860822 1 9 6 388 437 9 429 316 1 630 453 4 635 349 5 478 438 NA NA NA NA NA NA NA NA NA 
10 5 20 0.300000 0 5 0 0 0.810867 0 2 2 588 352 3 405 317 5 605 441 1 438 433 6 485 305 NA NA NA NA NA NA NA NA NA 
10 5 21 0.300000 0 5 0 0 1.230285 1 10 7 448 405 10 617 350 2 538 465 9 422 296 3 502 324 NA NA NA NA NA NA NA NA NA 
10 5 22 0.300000 0 2 0 0 0.856043 0 6 6 483 460 7 401 443 NA NA NA NA NA NA NA NA NA NA NA NA NA NA NA NA NA NA 
10 5 23 0.300000 0 5 0 0 1.051607 0 2 2 484 319 6 566 461 4 621 355 8 406 440 7 437 358 NA NA NA NA NA NA NA NA NA 
10 5 24 0.300000 0 8 1 0 0.958792 1 7 2 521 453 5 415 309 4 490 294 6 620 392 1 577 336 9 421 450 3 634 308 8 421 379 
10 5 25 0.300000 0 5 1 1 1.381992 2 3 4 579 351 6 632 306 7 590 474 5 455 427 2 413 377 NA NA NA NA NA NA NA NA NA 
10 5 26 0.300000 0 8 1 1 0.949483 2 3 8 590 375 1 485 447 9 596 315 2 401 343 10 408 404 6 510 309 4 621 445 7 458 356 
10 5 27 0.300000 0 5 1 1 0.916310 0 9 6 501 317 1 621 379 3 449 402 10 559 321 7 546 436 NA NA NA NA NA NA NA NA NA 
10 5 28 0.300000 0 5 1 1 0.908739 4 3 1 607 457 7 426 356 4 536 462 8 614 356 2 515 299 NA NA NA NA NA NA NA NA NA 
10 5 29 0.300000 0 2 0 0 2.250654 0 8 8 388 465 6 402 308 NA NA NA NA NA NA NA NA NA NA NA NA NA NA NA NA NA NA 
10 5 30 0.300000 0 8 0 1 1.457414 3 9 1 424 404 5 423 302 4 622 348 9 595 457 2 536 464 7 488 329 6 404 471 8 546 318 
10 5 31 0.300000 0 2 0 0 0.639900 0 2 2 571 353 7 550 464 NA NA NA NA NA NA NA NA NA NA NA NA NA NA NA NA NA NA 
10 5 32 0.300000 0 2 0 0 0.547110 0 7 7 484 449 10 388 413 NA NA NA NA NA NA NA NA NA NA NA NA NA NA NA NA NA NA 
10 5 33 0.300000 0 5 0 0 0.943144 1 2 3 421 352 2 595 430 10 627 297 7 539 450 5 556 296 NA NA NA NA NA NA NA NA NA 
10 5 34 0.300000 0 8 1 0 0.774013 3 10 3 603 334 1 583 452 7 471 465 6 397 426 9 470 300 2 437 360 4 392 304 8 547 301 
10 5 35 0.300000 0 8 0 0 0.785518 6 3 1 464 424 9 599 332 7 614 413 4 542 454 5 522 294 2 400 467 3 418 316 8 392 400 
10 5 36 0.300000 0 8 0 0 0.534365 1 2 3 404 451 2 569 463 6 608 338 4 500 452 1 420 308 5 552 320 8 608 410 7 424 389 
10 5 37 0.300000 0 2 1 1 1.914793 1 9 3 590 331 10 448 328 NA NA NA NA NA NA NA NA NA NA NA NA NA NA NA NA NA NA 
10 5 38 0.300000 0 2 1 1 1.238259 0 9 8 447 463 5 526 311 NA NA NA NA NA NA NA NA NA NA NA NA NA NA NA NA NA NA 
10 5 39 0.300000 0 5 0 1 0.998382 3 4 1 572 391 9 622 353 2 444 393 4 501 294 5 588 472 NA NA NA NA NA NA NA NA NA 
10 5 40 0.300000 0 2 0 0 1.537017 1 1 9 492 442 1 422 417 NA NA NA NA NA NA NA NA NA NA NA NA NA NA NA NA NA NA 
10 5 41 0.300000 0 5 0 0 1.150693 2 9 2 401 354 7 489 459 9 491 315 8 610 430 6 410 430 NA NA NA NA NA NA NA NA NA 
10 5 42 0.300000 0 8 0 0 0.583512 0 3 3 389 464 1 445 297 8 622 380 5 553 303 4 433 424 10 613 316 2 511 446 9 616 468 
10 5 43 0.300000 0 8 0 0 2.792992 5 2 5 429 471 4 433 396 6 629 416 7 573 371 8 582 468 2 452 312 1 389 331 3 593 301 
10 5 44 0.300000 0 2 0 0 0.838082 0 7 7 464 469 4 600 302 NA NA NA NA NA NA NA NA NA NA NA NA NA NA NA NA NA NA 
10 5 45 0.300000 0 2 0 0 0.827166 0 1 1 532 308 7 624 417 NA NA NA NA NA NA NA NA NA NA NA NA NA NA NA NA NA NA 
10 5 46 0.300000 0 2 0 0 0.707326 1 2 9 443 375 2 499 454 NA NA NA NA NA NA NA NA NA NA NA NA NA NA NA NA NA NA 
10 5 47 0.300000 0 5 0 0 1.383534 4 2 8 540 466 3 397 364 1 603 326 6 443 470 2 394 304 NA NA NA NA NA NA NA NA NA 
10 5 48 0.300000 0 2 0 0 1.261655 1 5 4 596 447 5 526 321 NA NA NA NA NA NA NA NA NA NA NA NA NA NA NA NA NA NA 
10 5 49 0.300000 0 2 1 1 1.563998 1 8 1 410 454 9 480 453 NA NA NA NA NA NA NA NA NA NA NA NA NA NA NA NA NA NA 
10 5 50 0.300000 0 5 0 0 1.244229 0 6 6 405 423 9 463 328 3 557 326 4 563 429 5 396 296 NA NA NA NA NA NA NA NA NA 
10 5 51 0.300000 0 8 1 1 1.406388 6 3 5 588 360 4 410 368 10 410 442 8 472 337 6 607 468 1 506 462 7 554 424 2 576 303 
10 5 52 0.300000 0 2 0 0 1.271085 1 9 8 396 461 9 599 336 NA NA NA NA NA NA NA NA NA NA NA NA NA NA NA NA NA NA 
10 5 53 0.300000 0 2 1 1 1.165577 0 5 8 409 426 9 546 432 NA NA NA NA NA NA NA NA NA NA NA NA NA NA NA NA NA NA 
10 5 54 0.300000 0 5 0 0 1.512330 0 10 10 544 323 5 427 350 1 408 432 4 576 386 2 633 354 NA NA NA NA NA NA NA NA NA 
10 5 55 0.300000 0 8 0 0 1.367369 2 9 10 587 326 6 450 375 9 529 327 5 436 473 8 555 468 1 589 394 7 406 302 2 486 437 
10 5 56 0.300000 0 5 0 0 0.813921 4 5 10 622 347 4 427 395 3 456 325 1 633 427 5 388 329 NA NA NA NA NA NA NA NA NA 
10 5 57 0.300000 0 8 0 0 0.801134 0 6 6 512 470 2 609 363 10 415 455 3 403 357 1 579 451 8 637 423 4 462 305 5 539 295 
10 5 58 0.300000 0 5 0 1 1.484711 2 3 6 572 447 2 410 335 3 414 453 5 516 326 7 440 392 NA NA NA NA NA NA NA NA NA 
10 5 59 0.300000 0 8 1 1 1.428380 4 9 3 447 388 5 500 311 7 590 323 2 565 414 8 612 470 4 498 445 1 396 332 10 435 451 
10 6 0 0.700000 0 2 0 0 1.451727 0 9 9 535 457 6 637 366 NA NA NA NA NA NA NA NA NA NA NA NA NA NA NA NA NA NA 
10 6 1 0.700000 0 8 0 1 0.674655 1 3 4 591 330 3 393 408 2 611 465 6 474 309 8 514 461 10 407 295 1 440 362 5 440 464 
10 6 2 0.700000 0 8 1 1 0.999539 6 9 4 626 356 8 396 360 7 550 449 1 420 413 10 624 423 3 474 330 5 474 456 2 582 305 
10 6 3 0.700000 0 5 0 1 0.473700 2 6 8 398 452 1 459 312 6 565 356 9 409 389 10 574 473 NA NA NA NA NA NA NA NA NA 
10 6 4 0.700000 0 2 1 1 0.774346 1 8 4 436 367 5 588 326 NA NA NA NA NA NA NA NA NA NA NA NA NA NA NA NA NA NA 
10 6 5 0.700000 0 8 0 0 1.281376 1 5 2 599 396 5 484 444 9 435 337 4 393 461 7 636 320 6 522 310 1 620 473 8 404 403 
10 6 6 0.700000 0 5 1 1 1.897785 1 2 7 432 403 3 600 365 10 412 472 1 595 296 6 399 301 NA NA NA NA NA NA NA NA NA 
10 6 7 0.700000 0 2 0 0 1.415192 1 6 10 389 440 6 446 341 NA NA NA NA NA NA NA NA NA NA NA NA NA NA NA NA NA NA 
10 6 8 0.700000 0 8 0 1 0.565331 1 1 9 421 471 1 624 447 5 498 462 6 418 406 8 468 346 7 586 315 3 412 313 10 569 398 
10 6 9 0.700000 0 8 1 1 0.344275 4 3 4 570 313 6 417 320 2 492 466 10 606 472 5 432 461 1 490 319 8 402 378 7 552 448 
10 6 10 0.700000 0 8 1 1 1.997010 4 2 4 407 304 1 499 299 10 634 308 5 594 424 3 423 418 6 483 439 8 569 345 7 435 358 
10 6 11 0.700000 0 2 1 1 0.593609 1 5 6 443 411 10 458 305 NA NA NA NA NA NA NA NA NA NA NA NA NA NA NA NA NA NA 
10 6 12 0.700000 0 8 1 1 0.668734 4 7 4 572 426 1 482 301 2 547 311 8 432 380 9 635 376 6 442 470 5 392 331 3 632 295 
10 6 13 0.700000 0 2 1 1 1.404189 1 1 4 403 432 2 616 438 NA NA NA NA NA NA NA NA NA NA NA NA NA NA NA NA NA NA 
10 6 14 0.700000 0 2 1 1 0.593136 1 4 7 428 461 2 626 323 NA NA NA NA NA NA NA NA NA NA NA NA NA NA NA NA NA NA 
10 6 15 0.700000 0 2 1 1 0.758005 0 1 6 580 454 2 554 326 NA NA NA NA NA NA NA NA NA NA NA NA NA NA NA NA NA NA 
10 6 16 0.700000 0 8 1 1 1.496803 6 1 4 547 444 9 404 366 6 577 348 2 447 433 8 395 295 7 626 415 3 473 322 10 637 315 
10 6 17 0.700000 0 5 0 0 1.412014 4 8 6 559 332 5 487 305 3 425 423 4 606 433 8 423 332 NA NA NA NA NA NA NA NA NA 
10 6 18 0.700000 0 5 1 1 1.472973 4 7 10 613 416 1 442 450 6 431 333 3 607 347 5 545 303 NA NA NA NA NA NA NA NA NA 
10 6 19 0.700000 0 5 0 0 1.600339 1 3 4 602 397 3 465 344 10 636 449 6 508 294 1 409 441 NA NA NA NA NA NA NA NA NA 
10 6 20 0.700000 0 2 1 1 0.704164 1 1 9 552 462 5 595 306 NA NA NA NA NA NA NA NA NA NA NA NA NA NA NA NA NA NA 
10 6 21 0.700000 0 8 1 1 1.282544 2 6 10 579 342 3 431 352 7 419 294 8 446 459 5 627 422 1 480 304 9 566 462 4 636 306 
10 6 22 0.700000 0 8 0 1 1.127864 2 6 4 617 342 3 389 413 6 456 446 8 458 344 5 404 300 1 559 309 9 619 416 2 559 445 
10 6 23 0.700000 0 8 1 1 0.812272 5 9 6 485 464 7 432 304 10 623 300 5 392 427 1 623 360 4 490 317 8 590 459 2 568 325 
10 6 24 0.700000 0 8 1 1 2.752616 4 8 5 470 443 3 466 309 4 557 443 7 425 399 9 404 456 10 635 356 6 528 317 1 398 322 
10 6 25 0.700000 0 5 0 0 2.507295 0 9 9 598 394 6 557 314 8 451 418 2 448 352 4 628 455 NA NA NA NA NA NA NA NA NA 
10 6 26 0.700000 0 2 1 1 0.705565 1 3 5 394 443 7 426 345 NA NA NA NA NA NA NA NA NA NA NA NA NA NA NA NA NA NA 
10 6 27 0.700000 0 2 1 1 0.716625 0 4 1 589 441 2 436 426 NA NA NA NA NA NA NA NA NA NA NA NA NA NA NA NA NA NA 
10 6 28 0.700000 0 8 1 1 0.717695 2 9 2 585 357 8 577 458 5 451 451 6 472 342 1 395 329 7 557 296 3 631 303 4 627 415 
10 6 29 0.700000 0 5 1 1 0.604202 2 1 9 581 390 3 430 423 6 513 468 7 426 299 10 623 433 NA NA NA NA NA NA NA NA NA 
10 6 30 0.700000 0 8 0 1 1.731737 1 6 4 454 369 6 464 428 2 625 323 7 560 351 1 532 461 8 402 433 3 400 317 10 462 299 
10 6 31 0.700000 0 5 1 1 1.068881 1 5 8 395 337 9 605 341 3 560 468 7 462 345 6 419 406 NA NA NA NA NA NA NA NA NA 
10 6 32 0.700000 0 5 0 1 1.142086 1 6 3 634 325 6 458 432 8 438 307 4 567 428 10 515 456 NA NA NA NA NA NA NA NA NA 
10 6 33 0.700000 0 5 0 0 1.579104 2 1 4 406 407 2 525 311 1 629 450 6 417 471 5 432 325 NA NA NA NA NA NA NA NA NA 
10 6 34 0.700000 0 2 0 0 1.199921 0 4 4 563 439 5 452 330 NA NA NA NA NA NA NA NA NA NA NA NA NA NA NA NA NA NA 
10 6 35 0.700000 0 8 1 1 1.888241 4 7 8 459 447 5 595 380 6 400 386 3 486 313 10 577 306 1 558 429 9 427 300 2 626 466 
10 6 36 0.700000 0 2 1 1 0.725470 1 6 10 529 442 8 510 296 NA NA NA NA NA NA NA NA NA NA NA NA NA NA NA NA NA NA 
10 6 37 0.700000 0 5 1 0 1.411047 4 2 8 533 442 5 451 385 10 610 303 1 532 309 6 418 466 NA NA NA NA NA NA NA NA NA 
10 6 38 0.700000 0 5 1 1 1.374531 2 3 10 435 295 6 534 322 4 444 384 8 607 463 9 416 436 NA NA NA NA NA NA NA NA NA 
10 6 39 0.700000 0 8 1 1 0.672307 1 3 6 451 358 2 606 311 10 592 429 9 404 422 5 475 441 7 391 341 8 487 306 1 634 386 
10 6 40 0.700000 0 2 1 1 0.653089 1 10 1 411 347 8 581 425 NA NA NA NA NA NA NA NA NA NA NA NA NA NA NA NA NA NA 
10 6 41 0.700000 0 2 0 0 1.927803 0 9 9 550 428 3 405 362 NA NA NA NA NA NA NA NA NA NA NA NA NA NA NA NA NA NA 
10 6 42 0.700000 0 5 1 1 1.078731 1 1 8 584 452 2 451 378 9 517 299 4 566 355 6 626 338 NA NA NA NA NA NA NA NA NA 
10 6 43 0.700000 0 5 1 1 1.254427 4 9 1 593 435 8 437 434 2 484 298 6 614 344 4 393 358 NA NA NA NA NA NA NA NA NA 
10 6 44 0.700000 0 8 1 1 1.884823 5 7 2 430 380 5 418 448 1 466 313 4 627 404 6 573 376 10 628 320 8 549 471 3 523 324 
10 6 45 0.700000 0 2 1 1 1.344858 0 5 9 629 382 7 393 347 NA NA NA NA NA NA NA NA NA NA NA NA NA NA NA NA NA NA 
10 6 46 0.700000 0 2 0 0 1.336011 0 5 5 623 427 4 554 330 NA NA NA NA NA NA NA NA NA NA NA NA NA NA NA NA NA NA 
10 6 47 0.700000 0 8 1 1 1.656322 6 6 4 407 309 8 519 461 9 422 466 7 603 319 3 513 317 1 624 375 5 396 404 2 621 449 
10 6 48 0.700000 0 5 1 1 1.196226 2 7 9 400 294 2 612 297 3 390 459 8 565 463 10 481 460 NA NA NA NA NA NA NA NA NA 
10 6 49 0.700000 0 2 0 0 1.157553 1 9 2 512 470 9 427 391 NA NA NA NA NA NA NA NA NA NA NA NA NA NA NA NA NA NA 
10 6 50 0.700000 0 5 1 0 1.202873 3 2 4 635 468 9 553 295 7 593 347 5 435 368 6 568 453 NA NA NA NA NA NA NA NA NA 
10 6 51 0.700000 0 5 1 1 0.630629 3 10 1 609 354 7 416 295 8 455 423 2 395 357 6 485 307 NA NA NA NA NA NA NA NA NA 
10 6 52 0.700000 0 8 1 1 0.893149 2 4 1 569 366 8 399 474 5 482 459 7 577 441 2 617 333 3 420 318 10 509 323 6 397 391 
10 6 53 0.700000 0 2 1 1 0.461481 0 7 10 624 321 2 393 390 NA NA NA NA NA NA NA NA NA NA NA NA NA NA NA NA NA NA 
10 6 54 0.700000 0 2 1 1 1.522301 1 2 1 589 344 4 620 444 NA NA NA NA NA NA NA NA NA NA NA NA NA NA NA NA NA NA 
10 6 55 0.700000 0 8 0 1 0.774072 3 7 9 626 416 2 597 469 8 392 410 7 430 467 4 418 325 10 584 355 1 454 404 6 630 303 
10 6 56 0.700000 0 5 1 1 1.172595 1 3 4 467 465 1 456 312 6 625 460 5 586 324 10 520 320 NA NA NA NA NA NA NA NA NA 
10 6 57 0.700000 0 2 1 1 1.036195 0 4 10 562 327 5 551 439 NA NA NA NA NA NA NA NA NA NA NA NA NA NA NA NA NA NA 
10 6 58 0.700000 0 5 1 1 0.620650 2 7 3 413 448 9 568 437 6 484 467 10 589 304 5 504 325 NA NA NA NA NA NA NA NA NA 
10 6 59 0.700000 0 5 1 1 1.110230 1 3 1 596 295 6 478 458 5 454 376 9 590 424 4 418 446 NA NA NA NA NA NA NA NA NA 
10 7 0 0.500000 0 2 0 0 1.047585 0 5 5 619 412 1 498 441 NA NA NA NA NA NA NA NA NA NA NA NA NA NA NA NA NA NA 
10 7 1 0.500000 0 2 1 1 0.664304 1 5 6 514 296 4 612 297 NA NA NA NA NA NA NA NA NA NA NA NA NA NA NA NA NA NA 
10 7 2 0.500000 0 2 0 0 0.859937 1 4 8 631 393 4 513 447 NA NA NA NA NA NA NA NA NA NA NA NA NA NA NA NA NA NA 
10 7 3 0.500000 0 8 1 0 1.165768 7 10 9 635 383 6 548 446 4 574 364 7 618 317 3 409 430 2 417 296 1 482 452 5 522 299 
10 7 4 0.500000 0 8 1 0 2.480266 4 2 8 419 376 10 620 355 3 524 468 7 545 312 4 398 296 6 435 445 1 623 445 9 484 303 
10 7 5 0.500000 0 5 1 1 0.683941 3 1 9 626 438 2 412 362 7 583 344 8 429 465 5 558 449 NA NA NA NA NA NA NA NA NA 
10 7 6 0.500000 0 2 1 1 0.641793 0 6 3 539 438 5 571 316 NA NA NA NA NA NA NA NA NA NA NA NA NA NA NA NA NA NA 
10 7 7 0.500000 0 5 1 1 1.206622 0 2 9 405 458 8 535 296 10 625 326 5 408 386 6 576 408 NA NA NA NA NA NA NA NA NA 
10 7 8 0.500000 0 5 0 0 1.472887 2 2 10 587 463 5 400 324 2 534 326 3 466 420 8 499 468 NA NA NA NA NA NA NA NA NA 
10 7 9 0.500000 0 2 1 1 0.787998 0 5 6 403 352 8 612 305 NA NA NA NA NA NA NA NA NA NA NA NA NA NA NA NA NA NA 
10 7 10 0.500000 0 5 1 1 2.007654 4 7 1 429 408 5 509 452 6 563 413 2 633 426 8 529 301 NA NA NA NA NA NA NA NA NA 
10 7 11 0.500000 0 8 1 1 2.231936 1 8 2 548 301 6 462 414 10 388 320 4 401 444 3 618 372 5 570 459 1 456 324 9 627 301 
10 7 12 0.500000 0 5 0 0 1.882256 1 2 8 524 305 2 408 461 9 608 317 10 607 464 6 593 386 NA NA NA NA NA NA NA NA NA 
10 7 13 0.500000 0 2 1 1 1.890787 0 9 4 477 455 6 523 319 NA NA NA NA NA NA NA NA NA NA NA NA NA NA NA NA NA NA 
10 7 14 0.500000 0 8 0 0 1.080331 6 3 8 413 457 4 566 441 9 567 303 5 457 309 1 394 329 2 634 330 3 489 442 7 630 408 
10 7 15 0.500000 0 8 1 0 1.040636 1 5 4 487 468 1 409 341 10 519 296 8 388 408 7 607 394 9 559 453 3 593 322 2 618 454 
10 7 16 0.500000 0 8 0 1 1.107748 7 4 3 518 459 9 610 424 5 590 340 1 429 377 7 471 297 6 421 469 10 392 306 4 524 323 
10 7 17 0.500000 0 5 0 1 2.502723 1 8 7 428 428 8 601 395 2 396 296 10 551 298 6 467 331 NA NA NA NA NA NA NA NA NA 
10 7 18 0.500000 0 5 1 1 1.634167 0 10 4 523 310 2 387 305 5 501 473 1 461 315 6 392 447 NA NA NA NA NA NA NA NA NA 
10 7 19 0.500000 0 2 1 1 0.950269 1 9 6 627 425 3 410 460 NA NA NA NA NA NA NA NA NA NA NA NA NA NA NA NA NA NA 
10 7 20 0.500000 0 8 1 1 1.332711 2 8 6 461 343 2 578 411 1 534 470 9 605 301 10 461 466 4 395 330 3 391 434 5 563 349 
10 7 21 0.500000 0 2 1 1 0.836747 0 3 8 391 365 1 570 349 NA NA NA NA NA NA NA NA NA NA NA NA NA NA NA NA NA NA 
10 7 22 0.500000 0 5 1 0 1.241422 1 1 8 397 317 6 600 400 2 464 448 9 547 317 3 531 443 NA NA NA NA NA NA NA NA NA 
10 7 23 0.500000 0 8 1 1 0.540826 4 4 7 473 309 10 603 304 5 441 442 9 541 303 1 519 447 2 602 431 8 578 364 3 408 311 
10 7 24 0.500000 0 2 0 0 0.592949 1 6 3 433 325 6 394 423 NA NA NA NA NA NA NA NA NA NA NA NA NA NA NA NA NA NA 
10 7 25 0.500000 0 2 1 1 0.819913 0 8 5 454 371 10 597 372 NA NA NA NA NA NA NA NA NA NA NA NA NA NA NA NA NA NA 
10 7 26 0.500000 0 5 0 0 1.307581 0 1 1 423 434 5 615 302 8 448 366 10 551 333 2 487 315 NA NA NA NA NA NA NA NA NA 
10 7 27 0.500000 0 5 0 0 0.956636 0 10 10 435 423 5 600 378 8 467 297 6 630 294 4 564 321 NA NA NA NA NA NA NA NA NA 
10 7 28 0.500000 0 8 0 0 0.787714 3 3 8 450 297 9 485 450 2 617 458 3 551 321 6 392 312 10 435 355 4 630 398 5 422 471 
10 7 29 0.500000 0 2 0 0 0.968343 1 3 2 433 460 3 565 300 NA NA NA NA NA NA NA NA NA NA NA NA NA NA NA NA NA NA 
10 7 30 0.500000 0 5 1 1 1.397732 3 8 6 569 309 1 543 445 2 389 304 3 430 374 9 475 467 NA NA NA NA NA NA NA NA NA 
10 7 31 0.500000 0 8 1 1 1.079183 0 4 10 404 447 9 545 453 6 619 450 7 452 377 8 555 345 1 499 319 2 409 330 5 611 389 
10 7 32 0.500000 0 2 1 1 0.596352 0 2 3 429 416 8 621 307 NA NA NA NA NA NA NA NA NA NA NA NA NA NA NA NA NA NA 
10 7 33 0.500000 0 8 0 1 1.538833 7 2 7 394 327 6 457 353 3 566 437 4 606 334 8 412 434 9 495 466 5 630 427 2 509 315 
10 7 34 0.500000 0 5 1 1 1.022676 1 1 8 462 324 10 439 402 6 500 465 3 615 449 2 628 303 NA NA NA NA NA NA NA NA NA 
10 7 35 0.500000 0 2 0 0 1.106301 0 7 7 565 309 3 414 343 NA NA NA NA NA NA NA NA NA NA NA NA NA NA NA NA NA NA 
10 7 36 0.500000 0 8 0 1 1.299642 0 10 10 595 455 9 406 451 2 398 308 8 565 319 6 471 324 5 599 395 7 538 471 3 481 442 
10 7 37 0.500000 0 2 1 1 0.667862 0 9 2 428 355 6 528 294 NA NA NA NA NA NA NA NA NA NA NA NA NA NA NA NA NA NA 
10 7 38 0.500000 0 5 1 1 0.735626 3 4 2 434 325 10 620 461 7 388 436 5 473 440 6 568 327 NA NA NA NA NA NA NA NA NA 
10 7 39 0.500000 0 2 0 0 1.103177 1 1 2 575 353 1 632 388 NA NA NA NA NA NA NA NA NA NA NA NA NA NA NA NA NA NA 
10 7 40 0.500000 0 2 0 1 2.490057 0 2 2 460 466 6 554 434 NA NA NA NA NA NA NA NA NA NA NA NA NA NA NA NA NA NA 
10 7 41 0.500000 0 8 0 1 1.741911 0 6 6 464 314 5 392 401 8 578 431 3 567 314 10 400 332 9 472 435 1 626 371 4 633 459 
10 7 42 0.500000 0 5 0 0 0.933290 4 4 6 514 473 7 547 303 10 637 433 1 484 311 4 635 337 NA NA NA NA NA NA NA NA NA 
10 7 43 0.500000 0 8 0 0 0.971785 4 2 8 594 322 3 456 471 1 458 349 5 388 356 2 533 304 10 634 404 7 578 430 4 522 461 
10 7 44 0.500000 0 8 0 1 0.600103 4 4 1 600 427 7 405 349 5 598 350 10 460 326 4 512 460 3 528 326 8 432 466 6 399 415 
10 7 45 0.500000 0 2 0 0 0.860007 0 10 10 616 473 3 442 405 NA NA NA NA NA NA NA NA NA NA NA NA NA NA NA NA NA NA 
10 7 46 0.500000 0 8 1 1 1.619354 1 10 6 634 438 5 559 307 7 499 301 3 395 430 9 602 347 4 455 368 1 438 471 8 543 472 
10 7 47 0.500000 0 8 1 1 1.424823 0 1 8 402 395 9 555 428 3 498 311 10 592 346 2 426 452 7 618 432 4 515 472 5 401 329 
10 7 48 0.500000 0 8 0 0 0.925087 5 8 2 426 422 5 572 455 1 483 325 9 556 294 6 388 296 8 517 474 4 612 412 3 430 349 
10 7 49 0.500000 0 5 0 0 1.325256 0 9 9 601 382 6 613 458 5 460 323 8 405 418 2 570 315 NA NA NA NA NA NA NA NA NA 
10 7 50 0.500000 0 5 0 0 1.341543 3 4 8 592 405 2 429 364 10 538 464 4 407 465 1 631 474 NA NA NA NA NA NA NA NA NA 
10 7 51 0.500000 0 2 0 0 0.538560 0 9 9 572 439 2 550 331 NA NA NA NA NA NA NA NA NA NA NA NA NA NA NA NA NA NA 
10 7 52 0.500000 0 5 0 0 0.792623 4 9 5 409 354 1 573 353 6 432 453 3 530 304 9 513 474 NA NA NA NA NA NA NA NA NA 
10 7 53 0.500000 0 8 0 0 0.601045 4 4 2 624 360 9 619 298 6 510 452 10 629 462 4 420 332 1 449 389 3 549 318 7 446 452 
10 7 54 0.500000 0 5 1 0 1.274077 3 2 6 626 302 10 599 434 7 435 464 4 499 442 3 562 310 NA NA NA NA NA NA NA NA NA 
10 7 55 0.500000 0 5 0 1 2.181095 4 1 6 390 346 10 534 474 2 593 433 4 579 358 1 428 437 NA NA NA NA NA NA NA NA NA 
10 7 56 0.500000 0 2 0 0 1.238744 0 3 3 422 327 10 506 313 NA NA NA NA NA NA NA NA NA NA NA NA NA NA NA NA NA NA 
10 7 57 0.500000 0 8 1 1 0.845979 1 5 9 531 324 1 401 363 8 544 474 2 457 341 10 576 368 6 631 302 4 396 458 3 623 441 
10 7 58 0.500000 0 5 1 1 0.880813 1 5 3 452 326 9 591 367 7 415 409 1 542 294 6 463 468 NA NA NA NA NA NA NA NA NA 
10 7 59 0.500000 0 2 1 1 0.678335 0 10 4 633 360 1 434 354 NA NA NA NA NA NA NA NA NA NA NA NA NA NA NA NA NA NA 
10 8 0 0.300000 0 8 0 1 0.530350 2 4 10 547 329 9 427 464 4 460 305 3 624 369 1 395 363 7 546 474 2 615 429 6 628 307 
10 8 1 0.300000 0 8 0 0 0.775856 4 2 6 605 294 3 607 366 8 388 313 4 503 447 2 466 340 9 403 418 7 568 433 5 633 434 
10 8 2 0.300000 0 8 0 1 0.597808 4 4 10 403 444 5 620 377 9 554 335 3 471 452 4 408 305 6 486 331 2 568 420 7 627 453 
10 8 3 0.300000 0 8 0 1 0.600509 7 6 4 594 398 7 466 446 10 494 312 3 414 383 9 585 312 8 567 458 2 635 469 6 399 452 
10 8 4 0.300000 0 8 0 1 -1.000000 4 8 9 395 362 3 504 307 7 403 441 4 571 399 8 617 455 1 573 304 2 448 402 10 419 300 
10 8 5 0.300000 0 2 1 0 0.917915 1 4 10 592 405 2 461 458 NA NA NA NA NA NA NA NA NA NA NA NA NA NA NA NA NA NA 
10 8 6 0.300000 0 2 0 0 0.961963 1 4 2 608 357 4 415 345 NA NA NA NA NA NA NA NA NA NA NA NA NA NA NA NA NA NA 
10 8 7 0.300000 0 8 1 1 1.045386 1 1 6 467 424 3 486 321 8 388 340 2 618 408 7 628 322 5 425 465 10 552 439 9 617 468 
10 8 8 0.300000 0 5 1 1 0.704316 3 8 3 429 362 9 428 462 10 609 356 4 512 450 5 608 458 NA NA NA NA NA NA NA NA NA 
10 8 9 0.300000 0 2 0 0 1.761863 0 5 5 610 385 1 428 329 NA NA NA NA NA NA NA NA NA NA NA NA NA NA NA NA NA NA 
10 8 10 0.300000 0 8 0 1 0.735417 3 3 9 408 297 1 557 319 7 597 463 3 441 425 4 488 326 10 520 452 2 404 376 6 633 302 
10 8 11 0.300000 0 2 0 0 1.907444 0 7 7 448 315 3 422 425 NA NA NA NA NA NA NA NA NA NA NA NA NA NA NA NA NA NA 
10 8 12 0.300000 0 8 0 1 0.723742 2 2 10 522 294 8 391 431 2 462 452 4 603 447 9 608 335 7 405 364 6 570 393 1 456 297 
10 8 13 0.300000 0 2 0 0 0.669134 1 4 1 460 447 4 531 456 NA NA NA NA NA NA NA NA NA NA NA NA NA NA NA NA NA NA 
10 8 14 0.300000 0 8 1 0 1.043825 0 5 4 554 308 8 602 395 3 629 460 7 438 324 10 570 459 9 395 415 1 465 428 6 496 323 
10 8 15 0.300000 0 5 0 0 0.405877 1 3 1 423 409 3 493 295 10 623 335 4 450 466 6 623 400 NA NA NA NA NA NA NA NA NA 
10 8 16 0.300000 0 2 0 0 0.784396 1 6 5 562 323 6 442 314 NA NA NA NA NA NA NA NA NA NA NA NA NA NA NA NA NA NA 
10 8 17 0.300000 0 5 0 0 0.515155 0 5 5 590 397 1 565 473 2 392 410 9 485 324 10 417 320 NA NA NA NA NA NA NA NA NA 
10 8 18 0.300000 0 5 1 1 1.381396 2 6 7 623 470 1 548 307 2 387 314 10 627 350 5 387 452 NA NA NA NA NA NA NA NA NA 
10 8 19 0.300000 0 2 0 0 1.454116 0 3 3 568 460 2 422 328 NA NA NA NA NA NA NA NA NA NA NA NA NA NA NA NA NA NA 
10 8 20 0.300000 0 2 1 1 1.488300 0 9 6 636 425 10 387 376 NA NA NA NA NA NA NA NA NA NA NA NA NA NA NA NA NA NA 
10 8 21 0.300000 0 5 0 0 1.473445 4 5 3 628 440 7 508 304 4 597 362 8 400 410 5 538 454 NA NA NA NA NA NA NA NA NA 
10 8 22 0.300000 0 5 0 0 1.339778 4 2 10 431 351 5 602 350 1 429 421 7 515 447 2 506 300 NA NA NA NA NA NA NA NA NA 
10 8 23 0.300000 0 2 0 0 0.509034 0 2 2 507 322 3 616 421 NA NA NA NA NA NA NA NA NA NA NA NA NA NA NA NA NA NA 
10 8 24 0.300000 0 5 0 1 1.457989 1 8 3 600 342 8 472 445 2 452 347 6 608 410 4 531 299 NA NA NA NA NA NA NA NA NA 
10 8 25 0.300000 0 5 1 1 1.084087 1 2 10 414 376 9 594 441 1 534 309 4 474 327 7 624 328 NA NA NA NA NA NA NA NA NA 
10 8 26 0.300000 0 5 1 0 0.880631 1 3 6 418 462 1 437 398 4 451 321 10 574 451 9 610 341 NA NA NA NA NA NA NA NA NA 
10 8 27 0.300000 0 5 0 1 0.444177 4 10 1 404 417 9 415 335 5 585 469 2 603 364 10 581 297 NA NA NA NA NA NA NA NA NA 
10 8 28 0.300000 0 8 1 1 1.458576 3 4 9 558 299 1 458 313 10 400 367 5 571 406 2 470 443 6 624 329 7 626 452 8 399 297 
10 8 29 0.300000 0 2 0 0 0.802089 1 2 5 609 328 2 453 443 NA NA NA NA NA NA NA NA NA NA NA NA NA NA NA NA NA NA 
10 8 30 0.300000 0 5 1 1 0.725976 0 4 10 431 305 8 623 406 2 632 315 5 516 321 6 564 437 NA NA NA NA NA NA NA NA NA 
10 8 31 0.300000 0 5 0 1 1.160775 2 9 4 452 465 5 574 450 9 575 365 1 636 444 6 586 295 NA NA NA NA NA NA NA NA NA 
10 8 32 0.300000 0 5 0 1 0.524556 3 9 4 395 333 7 563 467 6 579 318 9 616 413 2 468 458 NA NA NA NA NA NA NA NA NA 
10 8 33 0.300000 0 8 0 0 0.431944 3 10 1 406 341 9 617 359 6 515 323 10 540 462 8 476 430 3 637 423 4 399 461 2 608 296 
10 8 34 0.300000 0 5 0 0 0.788666 4 4 6 443 367 10 457 452 3 596 366 7 549 300 4 387 419 NA NA NA NA NA NA NA NA NA 
10 8 35 0.300000 0 2 0 0 0.488628 0 4 4 455 425 2 620 344 NA NA NA NA NA NA NA NA NA NA NA NA NA NA NA NA NA NA 
10 8 36 0.300000 0 5 0 0 0.692092 2 8 5 632 331 6 550 434 8 430 446 2 392 349 4 537 316 NA NA NA NA NA NA NA NA NA 
10 8 37 0.300000 0 5 0 0 0.975560 3 10 2 446 295 7 435 405 5 606 434 10 608 375 9 525 316 NA NA NA NA NA NA NA NA NA 
10 8 38 0.300000 0 5 0 1 1.230320 4 3 10 401 386 5 416 300 4 602 445 9 560 321 3 461 346 NA NA NA NA NA NA NA NA NA 
10 8 39 0.300000 0 2 0 0 0.814901 0 1 1 423 316 9 596 427 NA NA NA NA NA NA NA NA NA NA NA NA NA NA NA NA NA NA 
10 8 40 0.300000 0 2 1 1 1.260924 0 8 1 584 367 7 615 302 NA NA NA NA NA NA NA NA NA NA NA NA NA NA NA NA NA NA 
10 8 41 0.300000 0 2 0 0 1.486515 1 10 1 564 451 10 390 367 NA NA NA NA NA NA NA NA NA NA NA NA NA NA NA NA NA NA 
10 8 42 0.300000 0 5 1 1 1.249733 3 1 7 545 311 2 427 393 6 589 460 3 388 468 4 483 471 NA NA NA NA NA NA NA NA NA 
10 8 43 0.300000 0 8 0 0 0.962706 2 3 2 389 381 1 391 444 3 540 321 10 505 444 6 388 299 7 600 403 9 631 348 5 466 344 
10 8 44 0.300000 0 8 1 1 0.640871 2 5 6 449 361 9 432 437 10 563 472 1 612 438 2 567 345 4 513 309 7 637 297 8 632 361 
10 8 45 0.300000 0 5 0 0 0.945789 0 4 4 409 366 3 629 324 5 477 335 10 550 435 8 470 460 NA NA NA NA NA NA NA NA NA 
10 8 46 0.300000 0 2 0 1 0.425381 0 3 3 469 470 4 402 449 NA NA NA NA NA NA NA NA NA NA NA NA NA NA NA NA NA NA 
10 8 47 0.300000 0 8 1 0 1.268443 6 5 2 405 357 1 387 466 8 612 402 10 586 469 4 486 302 6 545 303 3 613 308 9 461 426 
10 8 48 0.300000 0 8 0 1 0.711736 7 8 2 568 403 9 430 299 6 612 335 3 527 466 7 400 358 1 388 459 4 597 472 8 455 407 
10 8 49 0.300000 0 2 1 1 0.598140 0 2 5 553 301 6 414 364 NA NA NA NA NA NA NA NA NA NA NA NA NA NA NA NA NA NA 
10 8 50 0.300000 0 2 1 1 0.635048 0 9 3 511 316 6 464 458 NA NA NA NA NA NA NA NA NA NA NA NA NA NA NA NA NA NA 
10 8 51 0.300000 0 2 1 1 0.812135 1 6 10 482 307 1 406 460 NA NA NA NA NA NA NA NA NA NA NA NA NA NA NA NA NA NA 
10 8 52 0.300000 0 8 0 1 0.634841 7 8 2 574 347 3 452 466 6 390 348 1 517 443 4 621 419 10 452 321 7 453 398 8 516 300 
10 8 53 0.300000 0 8 0 0 0.719284 7 5 10 460 418 1 571 413 7 398 300 2 395 390 9 493 325 3 618 295 8 559 304 5 418 469 
10 8 54 0.300000 0 2 0 0 0.449484 0 5 5 415 465 7 635 432 NA NA NA NA NA NA NA NA NA NA NA NA NA NA NA NA NA NA 
10 8 55 0.300000 0 8 1 0 0.616591 2 10 6 597 440 8 468 465 2 417 326 4 599 308 7 438 390 9 491 311 3 572 364 5 546 473 
10 8 56 0.300000 0 2 0 0 0.424400 1 7 8 604 363 7 540 301 NA NA NA NA NA NA NA NA NA NA NA NA NA NA NA NA NA NA 
10 8 57 0.300000 0 5 0 0 0.826553 1 10 2 571 440 10 438 326 9 636 421 8 427 447 3 559 295 NA NA NA NA NA NA NA NA NA 
10 8 58 0.300000 0 8 0 0 0.851152 7 9 6 407 461 2 486 471 4 586 410 8 394 314 7 607 299 3 606 467 5 442 408 9 563 354 
10 8 59 0.300000 0 8 0 0 1.968740 0 3 3 633 432 8 452 424 2 519 326 4 577 457 6 443 304 10 591 308 7 581 395 9 398 471 
