21 0 0 0.500000 0 2 1 1 0.790425 0 5 4 617 318 10 483 333 NA NA NA NA NA NA NA NA NA NA NA NA NA NA NA NA NA NA 
21 0 1 0.500000 0 8 1 1 1.057589 0 1 5 622 308 7 486 467 4 430 295 10 419 455 9 448 386 8 524 300 2 637 425 3 580 370 
21 0 2 0.500000 0 2 0 0 1.940867 0 2 2 394 296 3 579 388 NA NA NA NA NA NA NA NA NA NA NA NA NA NA NA NA NA NA 
21 0 3 0.500000 0 8 0 0 2.222079 3 7 9 591 346 8 590 417 1 396 421 7 402 355 2 449 458 10 521 460 4 520 298 6 603 474 
21 0 4 0.500000 0 2 0 0 0.764466 1 9 1 570 457 9 433 297 NA NA NA NA NA NA NA NA NA NA NA NA NA NA NA NA NA NA 
21 0 5 0.500000 0 8 1 1 2.468422 6 6 8 408 338 10 460 431 5 571 452 7 636 367 3 391 455 2 602 317 9 476 301 4 570 387 
21 0 6 0.500000 0 8 1 1 1.442222 5 2 7 511 466 8 571 339 3 513 294 5 593 447 10 621 295 9 387 433 6 445 377 1 615 388 
21 0 7 0.500000 0 5 1 1 0.721540 2 1 6 461 447 2 401 464 7 439 328 8 523 325 5 583 427 NA NA NA NA NA NA NA NA NA 
21 0 8 0.500000 0 5 0 0 0.956701 4 9 10 545 305 2 612 358 7 428 441 8 411 370 9 614 461 NA NA NA NA NA NA NA NA NA 
21 0 9 0.500000 0 8 0 0 0.974630 7 2 6 421 303 1 387 428 7 616 314 4 566 433 3 636 441 8 449 374 10 611 386 2 544 322 
21 0 10 0.500000 0 2 1 1 0.690393 1 6 10 534 466 4 581 365 NA NA NA NA NA NA NA NA NA NA NA NA NA NA NA NA NA NA 
21 0 11 0.500000 0 5 1 1 1.204360 1 8 3 399 417 7 615 348 9 432 356 5 478 304 10 450 464 NA NA NA NA NA NA NA NA NA 
21 0 12 0.500000 0 5 1 1 3.505280 1 8 5 623 305 7 457 474 3 510 326 6 532 445 4 441 339 NA NA NA NA NA NA NA NA NA 
21 0 13 0.500000 0 5 1 1 1.192948 1 5 4 476 333 8 623 462 9 411 372 2 536 466 1 448 457 NA NA NA NA NA NA NA NA NA 
21 0 14 0.500000 0 2 0 0 0.885545 1 1 6 624 406 1 478 321 NA NA NA NA NA NA NA NA NA NA NA NA NA NA NA NA NA NA 
21 0 15 0.500000 0 2 0 0 0.875176 0 3 3 502 445 4 580 428 NA NA NA NA NA NA NA NA NA NA NA NA NA NA NA NA NA NA 
21 0 16 0.500000 0 5 0 0 0.906457 1 9 6 560 297 9 489 313 7 620 305 10 434 412 5 436 474 NA NA NA NA NA NA NA NA NA 
21 0 17 0.500000 0 5 1 1 2.877724 2 6 2 390 450 5 482 450 3 601 367 10 616 302 4 460 319 NA NA NA NA NA NA NA NA NA 
21 0 18 0.500000 0 8 1 1 0.833787 7 7 3 620 326 2 414 469 6 584 397 9 608 466 10 528 299 8 394 335 5 537 445 1 438 385 
21 0 19 0.500000 0 2 1 1 0.876113 0 1 3 454 385 8 615 342 NA NA NA NA NA NA NA NA NA NA NA NA NA NA NA NA NA NA 
21 0 20 0.500000 0 8 0 1 1.498331 2 7 9 591 427 4 620 330 7 547 336 8 445 311 10 426 438 1 477 467 2 425 376 3 531 443 
21 0 21 0.500000 0 5 0 0 0.861675 2 7 4 417 460 8 588 371 7 501 472 10 389 390 1 454 325 NA NA NA NA NA NA NA NA NA 
21 0 22 0.500000 0 2 0 0 0.731834 0 7 7 424 465 9 570 301 NA NA NA NA NA NA NA NA NA NA NA NA NA NA NA NA NA NA 
21 0 23 0.500000 0 5 1 1 0.937442 0 7 10 624 451 8 593 393 6 485 325 4 388 363 5 426 300 NA NA NA NA NA NA NA NA NA 
21 0 24 0.500000 0 8 0 0 0.710826 0 9 9 394 474 1 476 462 5 600 377 10 495 316 7 573 451 3 402 414 4 392 346 8 590 316 
21 0 25 0.500000 0 8 1 1 0.756161 3 5 7 603 323 2 395 439 3 456 306 1 454 448 10 398 310 9 534 312 6 604 439 4 542 438 
21 0 26 0.500000 0 5 1 1 0.849206 4 2 3 457 353 9 615 394 4 578 452 6 498 296 1 440 457 NA NA NA NA NA NA NA NA NA 
21 0 27 0.500000 0 2 0 0 1.861505 1 8 10 484 458 8 517 313 NA NA NA NA NA NA NA NA NA NA NA NA NA NA NA NA NA NA 
21 0 28 0.500000 0 8 0 1 1.918345 1 4 3 422 348 4 629 295 10 447 424 2 574 333 6 621 385 8 509 468 5 515 299 7 389 414 
21 0 29 0.500000 0 2 0 0 0.584131 1 10 5 576 471 10 578 307 NA NA NA NA NA NA NA NA NA NA NA NA NA NA NA NA NA NA 
21 0 30 0.500000 0 2 1 1 0.756687 0 8 5 540 471 7 618 374 NA NA NA NA NA NA NA NA NA NA NA NA NA NA NA NA NA NA 
21 0 31 0.500000 0 5 0 0 0.748961 2 10 7 583 303 1 426 441 10 557 463 9 582 395 6 513 317 NA NA NA NA NA NA NA NA NA 
21 0 32 0.500000 0 2 1 1 0.983912 1 4 10 619 455 7 468 339 NA NA NA NA NA NA NA NA NA NA NA NA NA NA NA NA NA NA 
21 0 33 0.500000 0 8 0 1 7.097072 3 5 9 441 386 4 591 431 10 425 328 5 581 328 2 448 472 7 510 473 6 488 300 3 397 439 
21 0 34 0.500000 0 5 0 1 1.811841 4 8 4 578 350 1 589 419 6 391 474 10 447 396 8 487 454 NA NA NA NA NA NA NA NA NA 
21 0 35 0.500000 0 5 0 0 0.706001 1 1 9 486 311 1 388 421 3 423 330 2 584 368 7 605 465 NA NA NA NA NA NA NA NA NA 
21 0 36 0.500000 0 8 1 1 1.187550 4 10 5 488 442 4 550 339 6 407 383 1 601 410 3 452 309 7 611 332 9 557 450 2 416 463 
21 0 37 0.500000 0 5 1 0 2.431105 0 2 8 450 361 9 578 308 5 477 470 6 517 323 4 633 396 NA NA NA NA NA NA NA NA NA 
21 0 38 0.500000 0 2 1 1 0.683823 1 10 6 577 426 8 632 372 NA NA NA NA NA NA NA NA NA NA NA NA NA NA NA NA NA NA 
21 0 39 0.500000 0 2 0 0 0.735404 1 2 5 441 366 2 621 443 NA NA NA NA NA NA NA NA NA NA NA NA NA NA NA NA NA NA 
21 0 40 0.500000 0 2 0 0 0.933263 1 5 2 603 334 5 435 324 NA NA NA NA NA NA NA NA NA NA NA NA NA NA NA NA NA NA 
21 0 41 0.500000 0 8 0 1 0.879598 1 4 6 558 319 4 466 449 10 482 330 2 617 429 9 625 330 5 549 442 8 411 416 3 422 340 
21 0 42 0.500000 0 5 0 0 0.633698 0 5 5 407 446 7 449 383 1 609 342 8 474 297 2 583 474 NA NA NA NA NA NA NA NA NA 
21 0 43 0.500000 0 8 1 1 1.088295 0 9 2 599 461 8 456 306 1 487 458 5 402 448 10 584 339 3 395 303 7 629 302 4 427 386 
21 0 44 0.500000 0 5 1 1 1.126709 3 9 10 498 442 4 614 361 5 427 343 7 572 432 3 433 426 NA NA NA NA NA NA NA NA NA 
21 0 45 0.500000 0 2 1 1 0.804406 0 4 3 635 381 10 577 313 NA NA NA NA NA NA NA NA NA NA NA NA NA NA NA NA NA NA 
21 0 46 0.500000 0 8 0 0 1.049561 7 3 9 586 309 5 567 460 10 455 395 4 416 440 2 444 326 1 493 456 8 615 417 3 528 314 
21 0 47 0.500000 0 5 0 0 0.650023 3 5 1 429 408 4 545 307 3 614 413 5 402 463 10 597 471 NA NA NA NA NA NA NA NA NA 
21 0 48 0.500000 0 8 1 0 2.236506 6 5 8 429 388 6 416 304 10 428 473 2 512 303 3 581 428 4 576 300 1 619 344 7 633 402 
21 0 49 0.500000 0 8 0 1 1.749817 5 3 5 622 419 1 592 359 9 522 460 4 581 465 2 401 391 3 416 294 7 569 304 6 401 462 
21 0 50 0.500000 0 2 1 1 0.757910 0 1 6 416 404 4 625 473 NA NA NA NA NA NA NA NA NA NA NA NA NA NA NA NA NA NA 
21 0 51 0.500000 0 8 0 1 0.993081 2 4 3 409 407 6 635 321 4 497 447 1 599 416 2 480 335 10 414 331 9 581 354 5 414 472 
21 0 52 0.500000 0 8 1 1 0.746878 1 6 10 421 451 2 551 301 1 434 364 3 617 441 4 487 298 7 624 325 9 478 435 5 391 302 
21 0 53 0.500000 0 5 0 0 0.781804 3 1 2 475 450 9 529 318 6 401 444 1 414 351 8 630 406 NA NA NA NA NA NA NA NA NA 
21 0 54 0.500000 0 5 1 1 0.724999 3 1 9 397 429 6 561 321 2 618 355 4 596 414 5 510 453 NA NA NA NA NA NA NA NA NA 
21 0 55 0.500000 0 2 1 1 0.907334 1 1 6 589 412 7 607 344 NA NA NA NA NA NA NA NA NA NA NA NA NA NA NA NA NA NA 
21 0 56 0.500000 0 2 0 0 0.759193 0 6 6 495 445 7 410 469 NA NA NA NA NA NA NA NA NA NA NA NA NA NA NA NA NA NA 
21 0 57 0.500000 0 8 1 1 0.967783 7 2 8 584 462 6 610 363 10 395 428 4 477 439 1 565 315 5 397 369 3 434 296 7 499 312 
21 0 58 0.500000 0 2 1 1 1.420143 1 7 3 425 309 1 429 421 NA NA NA NA NA NA NA NA NA NA NA NA NA NA NA NA NA NA 
21 0 59 0.500000 0 5 0 0 0.715230 2 8 9 426 302 1 461 434 8 545 459 5 555 312 3 444 376 NA NA NA NA NA NA NA NA NA 
21 1 0 0.300000 0 5 0 0 0.762288 4 6 10 586 419 1 426 363 2 448 306 9 576 358 6 632 334 NA NA NA NA NA NA NA NA NA 
21 1 1 0.300000 0 2 1 1 0.801327 0 3 9 621 388 2 451 459 NA NA NA NA NA NA NA NA NA NA NA NA NA NA NA NA NA NA 
21 1 2 0.300000 0 8 1 0 1.488908 6 2 8 637 329 1 584 406 6 419 353 7 456 412 10 513 317 5 592 473 3 491 467 4 407 470 
21 1 3 0.300000 0 5 1 1 0.808664 3 5 6 467 458 9 571 473 4 454 315 8 585 394 3 581 325 NA NA NA NA NA NA NA NA NA 
21 1 4 0.300000 0 2 0 0 0.536260 1 2 9 570 400 2 398 381 NA NA NA NA NA NA NA NA NA NA NA NA NA NA NA NA NA NA 
21 1 5 0.300000 0 5 0 0 0.710468 3 6 3 409 307 8 446 403 5 595 324 6 621 473 10 529 298 NA NA NA NA NA NA NA NA NA 
21 1 6 0.300000 0 8 0 1 2.792184 2 8 6 577 406 3 391 333 8 509 454 4 424 455 2 585 467 5 609 339 7 465 297 9 547 300 
21 1 7 0.300000 0 2 0 0 0.614102 1 10 1 635 352 10 609 474 NA NA NA NA NA NA NA NA NA NA NA NA NA NA NA NA NA NA 
21 1 8 0.300000 0 5 1 1 1.799549 2 3 2 556 426 9 418 321 7 585 299 4 432 430 8 478 328 NA NA NA NA NA NA NA NA NA 
21 1 9 0.300000 0 2 0 0 0.818794 0 6 6 597 298 5 601 473 NA NA NA NA NA NA NA NA NA NA NA NA NA NA NA NA NA NA 
21 1 10 0.300000 0 5 0 0 1.115358 1 10 9 609 390 10 392 376 3 476 436 2 453 350 8 546 337 NA NA NA NA NA NA NA NA NA 
21 1 11 0.300000 0 8 1 0 3.516614 5 3 9 495 471 6 576 351 5 395 400 4 635 340 2 566 448 7 462 416 1 623 414 10 437 326 
21 1 12 0.300000 0 8 1 1 0.804585 7 9 4 527 313 5 603 397 2 415 359 6 438 467 3 628 466 10 622 322 1 551 442 8 463 299 
21 1 13 0.300000 0 2 0 0 1.051244 0 8 8 428 461 7 399 366 NA NA NA NA NA NA NA NA NA NA NA NA NA NA NA NA NA NA 
21 1 14 0.300000 0 8 0 0 0.685534 5 8 4 520 448 1 442 364 9 578 463 3 605 353 10 501 310 8 442 422 2 626 421 5 408 304 
21 1 15 0.300000 0 8 0 0 1.107922 0 7 7 611 449 6 578 359 8 567 294 10 465 332 9 480 443 4 393 350 1 417 421 3 637 377 
21 1 16 0.300000 0 8 0 1 1.511421 3 6 4 605 444 7 571 375 8 482 464 6 408 406 1 421 341 10 492 317 3 629 358 9 567 316 
21 1 17 0.300000 0 8 0 0 0.842642 4 6 10 573 406 8 468 439 4 535 315 3 467 347 6 548 460 7 622 330 2 388 317 5 636 403 
21 1 18 0.300000 0 8 1 1 0.981391 5 3 10 421 391 9 508 322 2 400 296 6 610 370 8 487 461 1 388 459 7 626 296 5 556 472 
21 1 19 0.300000 0 5 0 0 0.804025 2 3 8 595 296 7 489 300 3 477 470 4 627 446 1 451 346 NA NA NA NA NA NA NA NA NA 
21 1 20 0.300000 0 8 1 1 0.815088 2 9 10 566 412 3 424 304 1 488 296 6 481 462 8 601 349 5 404 428 4 454 390 7 623 440 
21 1 21 0.300000 0 2 1 1 0.830709 0 10 6 481 331 9 410 315 NA NA NA NA NA NA NA NA NA NA NA NA NA NA NA NA NA NA 
21 1 22 0.300000 0 8 0 1 3.213165 2 8 3 634 356 2 553 316 8 419 299 6 453 405 1 579 429 7 400 446 4 397 384 10 461 467 
21 1 23 0.300000 0 2 0 0 0.608597 1 6 5 586 412 6 432 322 NA NA NA NA NA NA NA NA NA NA NA NA NA NA NA NA NA NA 
21 1 24 0.300000 0 5 0 0 0.691612 3 1 7 422 429 10 605 297 9 623 462 1 401 299 8 448 367 NA NA NA NA NA NA NA NA NA 
21 1 25 0.300000 0 8 0 0 0.781303 4 8 7 414 313 3 593 394 10 469 435 9 498 319 8 632 304 1 404 409 2 530 448 5 624 445 
21 1 26 0.300000 0 8 0 1 1.317254 1 5 3 571 471 5 507 463 8 394 415 9 464 417 1 425 472 10 630 416 2 610 349 7 440 338 
21 1 27 0.300000 0 2 0 0 0.649131 1 7 3 620 399 7 442 448 NA NA NA NA NA NA NA NA NA NA NA NA NA NA NA NA NA NA 
21 1 28 0.300000 0 5 0 0 0.867105 0 7 7 493 445 9 432 389 10 622 308 2 398 314 3 608 367 NA NA NA NA NA NA NA NA NA 
21 1 29 0.300000 0 5 0 0 0.710802 3 7 8 619 456 1 409 404 3 592 383 7 459 441 6 619 303 NA NA NA NA NA NA NA NA NA 
21 1 30 0.300000 0 5 1 1 0.833305 1 2 9 423 370 6 571 393 3 421 307 5 520 306 7 563 464 NA NA NA NA NA NA NA NA NA 
21 1 31 0.300000 0 8 0 1 1.808999 0 3 3 481 453 8 622 300 2 445 379 10 599 410 9 507 303 7 391 295 6 417 461 4 623 473 
21 1 32 0.300000 0 5 0 1 0.761859 2 6 10 636 321 5 389 300 6 470 336 4 614 418 7 539 322 NA NA NA NA NA NA NA NA NA 
21 1 33 0.300000 0 5 0 0 0.815375 2 3 9 453 401 2 620 355 3 618 418 7 556 338 8 415 300 NA NA NA NA NA NA NA NA NA 
21 1 34 0.300000 0 5 0 0 3.347653 2 9 10 421 382 1 449 472 9 558 473 4 636 424 7 575 370 NA NA NA NA NA NA NA NA NA 
21 1 35 0.300000 0 2 1 1 0.760679 0 9 3 609 329 10 436 324 NA NA NA NA NA NA NA NA NA NA NA NA NA NA NA NA NA NA 
21 1 36 0.300000 0 2 0 0 0.511391 1 6 1 576 451 6 468 310 NA NA NA NA NA NA NA NA NA NA NA NA NA NA NA NA NA NA 
21 1 37 0.300000 0 2 0 0 0.588000 1 3 9 586 353 3 485 467 NA NA NA NA NA NA NA NA NA NA NA NA NA NA NA NA NA NA 
21 1 38 0.300000 0 8 0 0 0.982492 7 2 1 522 467 4 473 330 7 618 364 6 593 295 5 448 421 3 617 430 10 402 317 2 388 404 
21 1 39 0.300000 0 2 1 1 1.204404 1 5 10 387 388 2 590 423 NA NA NA NA NA NA NA NA NA NA NA NA NA NA NA NA NA NA 
21 1 40 0.300000 0 2 0 0 0.751272 1 1 2 430 310 1 509 456 NA NA NA NA NA NA NA NA NA NA NA NA NA NA NA NA NA NA 
21 1 41 0.300000 0 8 1 1 2.504238 6 6 4 628 349 5 580 312 10 616 421 1 514 469 3 403 462 8 451 406 2 421 334 9 500 295 
21 1 42 0.300000 0 5 0 0 1.960524 4 2 10 429 439 7 582 342 6 418 365 5 575 462 2 487 467 NA NA NA NA NA NA NA NA NA 
21 1 43 0.300000 0 2 0 0 0.676345 0 9 9 481 464 2 628 319 NA NA NA NA NA NA NA NA NA NA NA NA NA NA NA NA NA NA 
21 1 44 0.300000 0 5 1 1 1.748662 0 7 3 619 394 5 518 319 8 441 443 10 557 471 4 624 318 NA NA NA NA NA NA NA NA NA 
21 1 45 0.300000 0 2 0 0 0.805973 1 6 7 549 470 6 413 402 NA NA NA NA NA NA NA NA NA NA NA NA NA NA NA NA NA NA 
21 1 46 0.300000 0 5 0 1 0.932062 1 4 1 625 454 4 418 440 2 399 310 6 563 340 10 503 323 NA NA NA NA NA NA NA NA NA 
21 1 47 0.300000 0 8 0 1 0.985291 0 9 9 538 331 4 395 388 3 609 403 6 423 463 5 403 325 10 618 337 8 610 473 2 471 328 
21 1 48 0.300000 0 2 0 0 0.733016 0 10 10 449 454 3 446 307 NA NA NA NA NA NA NA NA NA NA NA NA NA NA NA NA NA NA 
21 1 49 0.300000 0 2 0 0 0.768201 0 5 5 529 301 1 635 371 NA NA NA NA NA NA NA NA NA NA NA NA NA NA NA NA NA NA 
21 1 50 0.300000 0 2 1 1 0.800551 0 6 3 458 440 7 430 318 NA NA NA NA NA NA NA NA NA NA NA NA NA NA NA NA NA NA 
21 1 51 0.300000 0 8 0 0 0.872114 4 9 5 595 338 2 420 399 1 630 417 4 476 463 9 464 305 10 566 437 7 395 474 3 399 297 
21 1 52 0.300000 0 8 0 1 1.356514 2 1 2 429 465 3 573 420 1 411 398 4 413 316 7 634 430 5 484 330 10 524 455 6 588 319 
21 1 53 0.300000 0 2 0 0 0.801045 0 7 7 409 377 2 491 456 NA NA NA NA NA NA NA NA NA NA NA NA NA NA NA NA NA NA 
21 1 54 0.300000 0 5 0 1 1.712758 1 6 9 551 318 6 478 308 8 404 349 2 569 401 4 441 401 NA NA NA NA NA NA NA NA NA 
21 1 55 0.300000 0 8 0 0 0.641939 3 5 10 392 437 1 636 327 2 622 416 5 448 460 9 556 295 3 471 317 8 403 373 4 565 461 
21 1 56 0.300000 0 5 0 0 1.273386 4 7 5 598 392 3 417 321 8 475 455 9 635 466 7 425 405 NA NA NA NA NA NA NA NA NA 
21 1 57 0.300000 0 5 1 1 0.819933 0 2 5 623 410 10 570 324 7 563 453 8 394 404 9 399 311 NA NA NA NA NA NA NA NA NA 
21 1 58 0.300000 0 2 1 1 0.951595 1 6 9 438 333 8 436 469 NA NA NA NA NA NA NA NA NA NA NA NA NA NA NA NA NA NA 
21 1 59 0.300000 0 5 1 1 0.700188 4 4 9 576 382 1 623 435 7 404 424 6 479 443 5 467 341 NA NA NA NA NA NA NA NA NA 
21 2 0 0.700000 0 2 1 1 0.721105 0 1 3 416 461 9 454 380 NA NA NA NA NA NA NA NA NA NA NA NA NA NA NA NA NA NA 
21 2 1 0.700000 0 5 0 0 1.492565 2 7 10 610 356 1 396 314 7 493 305 2 582 452 4 444 361 NA NA NA NA NA NA NA NA NA 
21 2 2 0.700000 0 8 0 1 1.819930 4 7 5 465 439 1 481 325 8 632 441 3 416 372 7 568 432 10 629 378 6 608 313 2 538 297 
21 2 3 0.700000 0 8 1 1 0.932062 0 1 10 637 302 6 609 394 3 397 431 8 465 305 5 624 471 9 437 370 2 531 444 4 403 307 
21 2 4 0.700000 0 8 1 1 0.653326 6 1 9 411 370 3 566 436 5 632 340 6 546 315 7 619 461 8 424 440 4 414 312 2 483 328 
21 2 5 0.700000 0 8 1 1 2.508560 1 4 1 395 471 10 474 449 3 520 305 5 580 445 8 448 364 9 423 296 7 574 384 6 629 303 
21 2 6 0.700000 0 8 1 1 0.744821 2 2 8 389 404 9 556 333 10 545 459 4 407 324 7 622 356 6 486 330 5 446 379 1 487 455 
21 2 7 0.700000 0 8 1 0 0.766507 2 6 8 442 328 7 483 462 2 391 357 1 565 445 3 574 312 5 604 397 4 411 424 10 634 334 
21 2 8 0.700000 0 5 1 1 0.621479 4 1 6 444 432 10 578 447 3 390 325 7 515 472 4 615 305 NA NA NA NA NA NA NA NA NA 
21 2 9 0.700000 0 5 1 1 0.593041 0 1 3 429 337 8 591 433 5 615 364 2 388 421 10 531 469 NA NA NA NA NA NA NA NA NA 
21 2 10 0.700000 0 2 1 1 1.339150 0 10 2 444 319 5 510 443 NA NA NA NA NA NA NA NA NA NA NA NA NA NA NA NA NA NA 
21 2 11 0.700000 0 5 1 1 0.651267 1 6 2 424 401 10 554 433 4 417 306 5 622 474 7 623 409 NA NA NA NA NA NA NA NA NA 
21 2 12 0.700000 0 2 1 1 0.550108 1 1 2 619 418 8 550 460 NA NA NA NA NA NA NA NA NA NA NA NA NA NA NA NA NA NA 
21 2 13 0.700000 0 8 1 1 1.607400 0 6 7 437 340 9 468 474 2 615 348 5 524 446 3 604 406 10 453 410 1 510 316 8 582 465 
21 2 14 0.700000 0 5 0 0 0.710301 1 8 2 458 441 8 581 388 6 589 464 5 517 302 7 393 457 NA NA NA NA NA NA NA NA NA 
21 2 15 0.700000 0 8 1 1 0.638877 1 8 1 577 349 6 523 457 5 456 296 10 391 359 2 449 470 9 422 412 3 582 427 7 629 304 
21 2 16 0.700000 0 8 1 1 0.953318 5 4 5 452 375 7 569 358 8 441 305 9 528 442 3 614 408 10 528 298 2 422 462 6 393 363 
21 2 17 0.700000 0 5 1 0 2.151342 3 8 1 636 355 9 471 314 2 589 452 10 405 441 5 416 354 NA NA NA NA NA NA NA NA NA 
21 2 18 0.700000 0 5 1 1 1.119787 0 3 4 556 296 9 621 378 10 454 312 7 442 466 5 457 409 NA NA NA NA NA NA NA NA NA 
21 2 19 0.700000 0 2 1 1 1.262848 1 5 2 394 373 10 444 335 NA NA NA NA NA NA NA NA NA NA NA NA NA NA NA NA NA NA 
21 2 20 0.700000 0 2 1 1 0.611040 0 3 5 625 328 8 571 464 NA NA NA NA NA NA NA NA NA NA NA NA NA NA NA NA NA NA 
21 2 21 0.700000 0 5 0 0 0.795313 0 3 3 388 430 6 547 317 7 603 454 4 541 438 9 450 457 NA NA NA NA NA NA NA NA NA 
21 2 22 0.700000 0 2 0 0 2.479404 1 4 6 453 348 4 623 358 NA NA NA NA NA NA NA NA NA NA NA NA NA NA NA NA NA NA 
21 2 23 0.700000 0 8 1 1 0.685779 0 1 2 459 330 8 565 352 3 621 402 10 499 465 4 606 471 6 444 444 5 588 294 7 395 404 
21 2 24 0.700000 0 2 1 0 0.723717 1 1 3 393 341 7 402 457 NA NA NA NA NA NA NA NA NA NA NA NA NA NA NA NA NA NA 
21 2 25 0.700000 0 5 1 1 0.803229 3 8 7 435 443 3 619 311 1 600 387 6 589 459 4 418 354 NA NA NA NA NA NA NA NA NA 
21 2 26 0.700000 0 5 1 1 1.385838 3 3 10 421 400 9 473 434 8 568 362 7 387 306 1 449 309 NA NA NA NA NA NA NA NA NA 
21 2 27 0.700000 0 8 1 1 1.227275 6 5 4 459 417 7 572 436 10 629 341 6 484 326 3 396 405 9 564 331 1 399 322 2 625 412 
21 2 28 0.700000 0 5 1 1 1.189000 1 9 8 578 420 10 524 453 7 587 298 4 434 360 2 566 355 NA NA NA NA NA NA NA NA NA 
21 2 29 0.700000 0 8 1 0 1.623732 5 9 10 458 337 8 528 317 1 609 391 5 487 464 6 404 407 4 395 306 2 575 451 3 632 298 
21 2 30 0.700000 0 2 1 1 0.807391 1 4 2 411 316 8 421 452 NA NA NA NA NA NA NA NA NA NA NA NA NA NA NA NA NA NA 
21 2 31 0.700000 0 2 0 0 1.010359 1 8 2 440 329 8 402 454 NA NA NA NA NA NA NA NA NA NA NA NA NA NA NA NA NA NA 
21 2 32 0.700000 0 2 1 1 3.367157 1 2 1 630 471 6 481 317 NA NA NA NA NA NA NA NA NA NA NA NA NA NA NA NA NA NA 
21 2 33 0.700000 0 5 1 1 0.660721 3 4 8 416 433 10 627 442 6 495 322 3 612 344 2 497 471 NA NA NA NA NA NA NA NA NA 
21 2 34 0.700000 0 8 0 0 1.428190 2 7 2 480 446 9 562 345 7 494 304 4 397 445 6 630 417 5 566 453 1 618 324 10 396 345 
21 2 35 0.700000 0 5 1 1 0.649533 0 4 8 482 437 2 421 472 1 584 347 5 557 423 3 505 322 NA NA NA NA NA NA NA NA NA 
21 2 36 0.700000 0 5 0 1 4.316956 1 10 8 413 432 10 436 338 3 629 471 1 613 383 5 544 461 NA NA NA NA NA NA NA NA NA 
21 2 37 0.700000 0 2 1 1 1.545717 0 2 9 450 312 7 632 467 NA NA NA NA NA NA NA NA NA NA NA NA NA NA NA NA NA NA 
21 2 38 0.700000 0 2 1 1 3.449373 0 8 2 596 390 10 597 301 NA NA NA NA NA NA NA NA NA NA NA NA NA NA NA NA NA NA 
21 2 39 0.700000 0 8 1 1 1.444341 0 2 6 620 424 7 540 447 1 524 312 4 398 306 9 452 384 10 404 466 5 568 357 3 611 299 
21 2 40 0.700000 0 5 0 0 0.436064 4 2 7 462 323 5 601 455 1 631 358 9 541 329 2 398 307 NA NA NA NA NA NA NA NA NA 
21 2 41 0.700000 0 2 1 1 0.891192 0 7 1 429 294 3 396 398 NA NA NA NA NA NA NA NA NA NA NA NA NA NA NA NA NA NA 
21 2 42 0.700000 0 5 1 0 0.662636 2 8 10 508 446 3 634 361 4 425 332 7 590 471 5 439 462 NA NA NA NA NA NA NA NA NA 
21 2 43 0.700000 0 5 1 1 1.068439 2 7 5 598 375 9 402 319 10 395 394 2 554 445 1 408 460 NA NA NA NA NA NA NA NA NA 
21 2 44 0.700000 0 5 0 1 1.131613 2 4 10 622 402 5 536 469 4 390 396 2 594 329 6 476 448 NA NA NA NA NA NA NA NA NA 
21 2 45 0.700000 0 8 0 0 0.728915 6 4 2 448 413 10 408 333 5 388 413 9 592 309 3 568 436 1 621 410 4 506 311 8 499 443 
21 2 46 0.700000 0 2 0 0 0.574315 0 1 1 450 368 10 446 470 NA NA NA NA NA NA NA NA NA NA NA NA NA NA NA NA NA NA 
21 2 47 0.700000 0 2 1 1 0.796218 1 8 10 444 430 6 464 335 NA NA NA NA NA NA NA NA NA NA NA NA NA NA NA NA NA NA 
21 2 48 0.700000 0 5 1 1 0.942287 1 10 7 621 381 1 575 336 5 426 366 3 528 440 9 598 474 NA NA NA NA NA NA NA NA NA 
21 2 49 0.700000 0 2 0 0 0.802624 1 8 9 401 442 8 496 317 NA NA NA NA NA NA NA NA NA NA NA NA NA NA NA NA NA NA 
21 2 50 0.700000 0 8 0 0 1.550723 7 3 8 405 443 10 591 355 5 575 457 1 502 311 6 634 460 2 439 312 4 502 448 3 422 378 
21 2 51 0.700000 0 2 1 1 0.668907 0 2 6 409 333 7 395 445 NA NA NA NA NA NA NA NA NA NA NA NA NA NA NA NA NA NA 
21 2 52 0.700000 0 5 1 1 0.746733 4 9 3 498 454 2 425 298 4 585 296 8 403 360 10 615 360 NA NA NA NA NA NA NA NA NA 
21 2 53 0.700000 0 2 1 1 0.660492 1 2 6 560 425 10 584 312 NA NA NA NA NA NA NA NA NA NA NA NA NA NA NA NA NA NA 
21 2 54 0.700000 0 8 1 1 0.763371 2 2 4 635 376 3 546 448 10 397 410 8 538 302 1 597 317 9 436 468 5 633 447 6 423 349 
21 2 55 0.700000 0 8 0 0 0.630103 4 2 8 599 394 10 447 392 5 412 473 7 451 310 2 389 345 4 568 344 3 387 409 9 621 474 
21 2 56 0.700000 0 2 0 0 0.809242 1 10 2 599 369 10 465 313 NA NA NA NA NA NA NA NA NA NA NA NA NA NA NA NA NA NA 
21 2 57 0.700000 0 2 0 0 0.922534 1 4 7 475 324 4 528 460 NA NA NA NA NA NA NA NA NA NA NA NA NA NA NA NA NA NA 
21 2 58 0.700000 0 8 0 0 0.720029 1 7 10 404 340 7 396 449 9 597 339 8 460 436 6 530 311 5 597 432 1 452 294 4 523 450 
21 2 59 0.700000 0 8 1 1 0.965416 1 7 2 576 442 3 628 411 1 428 452 4 399 330 8 493 309 5 616 309 10 555 322 6 575 381 
21 3 0 0.300000 0 2 1 1 1.068268 0 3 8 628 474 5 519 453 NA NA NA NA NA NA NA NA NA NA NA NA NA NA NA NA NA NA 
21 3 1 0.300000 0 5 1 1 0.814424 1 5 10 633 469 7 529 451 6 458 304 4 622 391 2 399 358 NA NA NA NA NA NA NA NA NA 
21 3 2 0.300000 0 2 0 0 0.715110 0 6 6 582 471 3 497 322 NA NA NA NA NA NA NA NA NA NA NA NA NA NA NA NA NA NA 
21 3 3 0.300000 0 8 1 0 1.544917 2 6 2 513 320 7 620 389 4 453 332 5 400 418 10 566 429 8 393 355 9 569 341 1 630 294 
21 3 4 0.300000 0 5 0 0 0.875070 0 6 6 601 464 7 597 306 2 462 294 3 417 460 10 637 366 NA NA NA NA NA NA NA NA NA 
21 3 5 0.300000 0 2 0 0 0.804442 0 10 10 505 317 2 396 383 NA NA NA NA NA NA NA NA NA NA NA NA NA NA NA NA NA NA 
21 3 6 0.300000 0 5 1 1 1.473755 1 7 6 559 303 8 414 369 1 624 450 9 390 469 4 464 438 NA NA NA NA NA NA NA NA NA 
21 3 7 0.300000 0 5 0 0 1.085717 1 5 2 618 339 5 415 436 4 517 320 1 556 444 10 619 404 NA NA NA NA NA NA NA NA NA 
21 3 8 0.300000 0 5 1 1 0.746558 1 5 9 609 440 6 418 430 4 598 334 10 394 300 7 474 469 NA NA NA NA NA NA NA NA NA 
21 3 9 0.300000 0 8 1 0 0.770983 1 8 7 569 368 4 459 319 2 576 428 1 613 324 10 404 402 5 624 468 6 466 443 9 395 324 
21 3 10 0.300000 0 2 0 0 0.927084 1 8 5 527 465 8 419 397 NA NA NA NA NA NA NA NA NA NA NA NA NA NA NA NA NA NA 
21 3 11 0.300000 0 2 0 0 0.695283 1 6 4 415 327 6 413 436 NA NA NA NA NA NA NA NA NA NA NA NA NA NA NA NA NA NA 
21 3 12 0.300000 0 5 0 0 0.925928 1 9 5 600 403 9 580 320 2 470 449 7 403 430 4 448 317 NA NA NA NA NA NA NA NA NA 
21 3 13 0.300000 0 2 0 0 2.575583 0 6 6 599 469 2 593 325 NA NA NA NA NA NA NA NA NA NA NA NA NA NA NA NA NA NA 
21 3 14 0.300000 0 8 0 1 1.149040 6 10 6 572 379 4 437 396 5 558 458 9 626 440 1 594 297 2 441 322 10 458 465 8 633 367 
21 3 15 0.300000 0 5 0 0 1.288033 3 1 6 607 312 8 604 441 3 405 425 1 465 451 10 434 360 NA NA NA NA NA NA NA NA NA 
21 3 16 0.300000 0 8 0 1 1.340636 4 7 5 401 438 6 629 303 10 589 414 3 493 459 7 505 298 9 453 340 1 396 314 4 456 402 
21 3 17 0.300000 0 2 0 0 0.673869 1 4 7 536 445 4 453 429 NA NA NA NA NA NA NA NA NA NA NA NA NA NA NA NA NA NA 
21 3 18 0.300000 0 5 0 0 0.909810 0 7 7 406 425 1 536 450 9 616 414 8 478 327 4 460 449 NA NA NA NA NA NA NA NA NA 
21 3 19 0.300000 0 8 0 0 1.582060 2 5 4 436 440 3 542 311 5 584 410 6 417 336 1 479 322 2 633 350 9 497 444 8 616 471 
21 3 20 0.300000 0 2 0 0 2.144781 0 5 5 427 336 7 623 415 NA NA NA NA NA NA NA NA NA NA NA NA NA NA NA NA NA NA 
21 3 21 0.300000 0 2 0 0 2.648721 1 1 7 562 350 1 513 309 NA NA NA NA NA NA NA NA NA NA NA NA NA NA NA NA NA NA 
21 3 22 0.300000 0 8 0 0 0.979970 0 10 10 616 453 9 623 368 4 469 315 8 531 448 2 392 307 6 441 420 5 576 409 1 535 310 
21 3 23 0.300000 0 8 0 0 3.066337 4 3 2 429 316 9 631 439 4 573 305 10 444 385 3 612 352 7 491 320 1 480 443 5 400 468 
21 3 24 0.300000 0 5 0 0 0.824374 4 9 6 618 335 2 637 411 8 545 442 10 484 453 9 455 354 NA NA NA NA NA NA NA NA NA 
21 3 25 0.300000 0 2 0 0 0.996177 0 2 2 537 310 10 603 431 NA NA NA NA NA NA NA NA NA NA NA NA NA NA NA NA NA NA 
21 3 26 0.300000 0 5 0 0 3.741183 2 9 4 634 360 3 535 299 9 445 341 8 632 429 2 516 454 NA NA NA NA NA NA NA NA NA 
21 3 27 0.300000 0 2 1 1 1.191543 1 1 10 583 338 5 433 380 NA NA NA NA NA NA NA NA NA NA NA NA NA NA NA NA NA NA 
21 3 28 0.300000 0 8 0 1 6.952598 7 4 7 416 414 3 554 309 2 555 459 1 433 317 6 619 400 8 635 314 10 426 473 4 488 462 
21 3 29 0.300000 0 5 0 0 0.797854 2 4 8 432 365 1 521 444 4 602 421 10 417 430 5 387 294 NA NA NA NA NA NA NA NA NA 
21 3 30 0.300000 0 8 1 1 0.998009 7 6 3 390 387 9 571 348 2 596 449 4 471 456 5 469 329 7 633 361 8 612 297 10 395 473 
21 3 31 0.300000 0 8 0 0 0.619877 0 9 9 556 430 2 468 445 7 617 316 8 442 359 10 502 317 6 424 296 5 635 421 4 594 372 
21 3 32 0.300000 0 8 0 0 1.880791 6 1 5 624 460 8 620 364 2 547 447 6 508 326 10 394 354 7 449 464 1 566 331 9 450 385 
21 3 33 0.300000 0 8 0 0 2.413491 6 10 4 441 383 2 606 315 6 591 447 7 440 473 1 428 313 9 543 305 10 598 382 8 510 467 
21 3 34 0.300000 0 5 1 0 2.840985 2 8 3 622 470 5 438 344 10 530 456 6 593 398 1 636 298 NA NA NA NA NA NA NA NA NA 
21 3 35 0.300000 0 2 1 1 1.137188 1 7 9 414 352 5 571 400 NA NA NA NA NA NA NA NA NA NA NA NA NA NA NA NA NA NA 
21 3 36 0.300000 0 5 0 0 5.887852 0 3 3 587 392 4 395 341 7 398 419 6 607 463 1 633 335 NA NA NA NA NA NA NA NA NA 
21 3 37 0.300000 0 8 1 1 0.694088 1 4 3 584 409 5 398 474 8 606 343 7 538 467 6 409 328 10 566 295 9 481 316 1 454 372 
21 3 38 0.300000 0 5 1 1 7.781630 2 6 8 389 438 3 611 451 1 398 331 7 470 309 5 593 353 NA NA NA NA NA NA NA NA NA 
21 3 39 0.300000 0 5 0 0 0.687714 3 5 6 612 367 9 401 393 2 479 437 5 466 294 3 395 303 NA NA NA NA NA NA NA NA NA 
21 3 40 0.300000 0 2 1 1 0.719502 0 6 9 451 294 10 479 452 NA NA NA NA NA NA NA NA NA NA NA NA NA NA NA NA NA NA 
21 3 41 0.300000 0 8 0 0 1.129427 4 9 8 528 472 3 440 410 6 622 332 2 562 334 9 393 374 1 494 314 4 571 392 10 402 315 
21 3 42 0.300000 0 5 0 0 6.750179 3 8 7 517 449 10 570 408 4 427 335 8 629 414 1 412 406 NA NA NA NA NA NA NA NA NA 
21 3 43 0.300000 0 2 0 0 4.137717 0 9 9 450 346 4 425 461 NA NA NA NA NA NA NA NA NA NA NA NA NA NA NA NA NA NA 
21 3 44 0.300000 0 2 1 1 0.683845 0 6 9 585 463 4 458 308 NA NA NA NA NA NA NA NA NA NA NA NA NA NA NA NA NA NA 
21 3 45 0.300000 0 2 0 0 0.874684 0 8 8 584 404 2 496 462 NA NA NA NA NA NA NA NA NA NA NA NA NA NA NA NA NA NA 
21 3 46 0.300000 0 8 0 0 0.766951 6 6 1 394 428 7 540 323 2 478 449 3 626 309 10 448 345 8 570 435 6 611 369 9 400 300 
21 3 47 0.300000 0 2 1 0 16.235773 1 7 9 468 343 1 625 410 NA NA NA NA NA NA NA NA NA NA NA NA NA NA NA NA NA NA 
21 3 48 0.300000 0 8 1 1 1.492051 1 10 9 619 470 5 516 302 3 449 333 7 483 435 8 620 342 1 393 351 2 574 303 4 389 456 
21 3 49 0.300000 0 5 1 1 0.693626 1 5 7 422 389 4 589 336 8 458 463 10 588 431 2 531 312 NA NA NA NA NA NA NA NA NA 
21 3 50 0.300000 0 5 0 0 0.676886 2 4 5 408 363 1 401 433 4 520 464 10 597 456 8 393 298 NA NA NA NA NA NA NA NA NA 
21 3 51 0.300000 0 8 0 1 1.052970 7 7 8 394 358 1 478 464 6 578 303 10 421 410 9 439 299 3 606 397 4 548 465 7 517 294 
21 3 52 0.300000 0 5 0 0 1.546845 2 2 5 412 374 9 576 415 2 631 375 10 507 446 1 422 444 NA NA NA NA NA NA NA NA NA 
21 3 53 0.300000 0 2 0 1 0.913739 1 10 4 475 458 10 439 404 NA NA NA NA NA NA NA NA NA NA NA NA NA NA NA NA NA NA 
21 3 54 0.300000 0 2 0 0 0.684867 0 7 7 531 442 4 412 435 NA NA NA NA NA NA NA NA NA NA NA NA NA NA NA NA NA NA 
21 3 55 0.300000 0 2 0 0 1.167342 1 10 7 600 355 10 625 434 NA NA NA NA NA NA NA NA NA NA NA NA NA NA NA NA NA NA 
21 3 56 0.300000 0 5 0 1 1.001122 0 6 6 546 443 10 426 456 9 610 343 4 602 421 2 396 370 NA NA NA NA NA NA NA NA NA 
21 3 57 0.300000 0 8 0 0 4.366400 5 9 7 517 472 10 600 379 2 577 453 6 462 315 5 398 446 9 542 297 8 406 383 1 387 325 
21 3 58 0.300000 0 8 1 1 1.064420 5 3 5 579 424 9 413 410 6 543 320 8 431 334 2 499 444 7 636 364 4 621 469 10 605 304 
21 3 59 0.300000 0 8 0 0 0.923493 0 3 3 635 408 2 398 451 6 395 308 7 543 439 5 632 470 10 483 450 9 458 353 1 527 306 
21 4 0 0.700000 0 8 1 0 1.157218 7 8 4 397 339 1 407 439 2 558 449 6 486 320 7 581 364 5 622 434 10 481 453 9 623 302 
21 4 1 0.700000 0 2 1 1 0.831128 1 5 2 635 376 4 447 321 NA NA NA NA NA NA NA NA NA NA NA NA NA NA NA NA NA NA 
21 4 2 0.700000 0 2 1 1 1.017966 1 3 1 568 427 8 487 471 NA NA NA NA NA NA NA NA NA NA NA NA NA NA NA NA NA NA 
21 4 3 0.700000 0 8 1 1 0.974942 4 3 4 508 449 2 628 466 9 467 312 8 396 439 5 625 345 6 412 338 10 562 305 7 585 408 
21 4 4 0.700000 0 2 1 1 0.589422 0 3 10 441 404 1 499 452 NA NA NA NA NA NA NA NA NA NA NA NA NA NA NA NA NA NA 
21 4 5 0.700000 0 5 1 1 1.056504 0 9 10 432 444 1 634 437 4 523 314 8 427 300 5 492 443 NA NA NA NA NA NA NA NA NA 
21 4 6 0.700000 0 8 0 1 1.942658 2 5 10 409 312 1 503 460 5 402 381 7 570 313 6 594 471 4 620 373 8 439 471 2 490 317 
21 4 7 0.700000 0 5 1 1 0.942201 0 1 10 599 390 2 594 331 4 470 428 7 432 380 5 475 331 NA NA NA NA NA NA NA NA NA 
21 4 8 0.700000 0 5 1 1 1.189570 4 10 7 539 443 8 414 334 9 620 461 1 588 325 2 473 319 NA NA NA NA NA NA NA NA NA 
21 4 9 0.700000 0 8 0 0 1.573565 3 9 5 415 373 7 597 357 1 560 424 9 426 464 6 491 296 4 541 332 10 636 406 3 635 466 
21 4 10 0.700000 0 5 0 1 0.904873 1 8 3 543 303 8 548 437 10 447 464 6 457 325 1 599 332 NA NA NA NA NA NA NA NA NA 
21 4 11 0.700000 0 2 1 1 0.744870 1 3 10 596 333 2 437 454 NA NA NA NA NA NA NA NA NA NA NA NA NA NA NA NA NA NA 
21 4 12 0.700000 0 2 0 0 1.244363 1 9 2 562 454 9 428 450 NA NA NA NA NA NA NA NA NA NA NA NA NA NA NA NA NA NA 
21 4 13 0.700000 0 2 1 1 1.879141 1 9 7 433 467 6 553 313 NA NA NA NA NA NA NA NA NA NA NA NA NA NA NA NA NA NA 
21 4 14 0.700000 0 5 1 1 1.305554 4 6 2 488 456 1 593 348 4 625 299 3 395 471 10 423 329 NA NA NA NA NA NA NA NA NA 
21 4 15 0.700000 0 8 1 1 1.030697 4 9 10 614 322 4 393 466 8 630 469 3 489 294 2 392 343 7 454 377 6 552 455 5 469 467 
21 4 16 0.700000 0 2 0 0 2.059889 0 1 1 392 463 7 598 352 NA NA NA NA NA NA NA NA NA NA NA NA NA NA NA NA NA NA 
21 4 17 0.700000 0 2 1 1 1.649235 1 10 1 509 463 3 635 413 NA NA NA NA NA NA NA NA NA NA NA NA NA NA NA NA NA NA 
21 4 18 0.700000 0 2 0 0 0.709573 1 6 9 401 335 6 487 313 NA NA NA NA NA NA NA NA NA NA NA NA NA NA NA NA NA NA 
21 4 19 0.700000 0 5 1 1 0.718147 3 4 6 554 315 2 613 418 10 417 445 1 450 327 8 637 347 NA NA NA NA NA NA NA NA NA 
21 4 20 0.700000 0 8 1 0 3.400884 4 10 5 404 346 3 615 456 1 585 364 9 436 417 4 487 473 8 480 316 2 628 302 6 539 297 
21 4 21 0.700000 0 2 1 1 0.562917 1 9 2 440 375 6 403 296 NA NA NA NA NA NA NA NA NA NA NA NA NA NA NA NA NA NA 
21 4 22 0.700000 0 5 0 0 1.208958 4 6 2 634 342 4 572 309 1 579 457 7 399 421 6 448 371 NA NA NA NA NA NA NA NA NA 
21 4 23 0.700000 0 8 0 1 0.960628 4 7 10 397 391 1 401 306 4 405 466 9 617 305 7 517 309 8 476 472 6 605 463 5 612 405 
21 4 24 0.700000 0 8 1 1 2.029322 3 1 6 387 461 4 409 368 5 456 300 8 592 357 3 528 297 7 450 448 10 525 460 9 590 459 
21 4 25 0.700000 0 8 0 1 3.246132 0 1 1 516 305 3 596 366 5 558 424 2 394 462 9 408 346 8 458 298 7 428 410 6 612 450 
21 4 26 0.700000 0 5 1 1 2.126124 3 5 3 630 369 7 476 456 6 615 471 1 438 298 10 397 452 NA NA NA NA NA NA NA NA NA 
21 4 27 0.700000 0 2 1 1 1.235180 0 2 9 449 394 3 527 445 NA NA NA NA NA NA NA NA NA NA NA NA NA NA NA NA NA NA 
21 4 28 0.700000 0 5 1 1 2.803158 2 2 6 495 318 3 633 334 9 405 411 1 439 344 10 563 351 NA NA NA NA NA NA NA NA NA 
21 4 29 0.700000 0 8 1 0 2.121183 5 2 1 493 441 3 573 336 10 414 432 6 486 329 5 419 330 4 562 458 8 612 404 9 636 462 
21 4 30 0.700000 0 5 1 1 1.103340 4 7 6 501 321 3 612 443 8 399 398 9 521 447 10 585 301 NA NA NA NA NA NA NA NA NA 
21 4 31 0.700000 0 8 0 0 0.942957 5 3 6 414 307 4 390 378 7 636 454 5 485 327 8 615 358 3 489 443 10 566 427 1 403 438 
21 4 32 0.700000 0 2 1 1 0.682898 0 3 6 635 373 4 551 468 NA NA NA NA NA NA NA NA NA NA NA NA NA NA NA NA NA NA 
21 4 33 0.700000 0 5 0 1 4.511763 1 5 2 452 294 5 558 346 1 632 437 9 415 427 10 402 347 NA NA NA NA NA NA NA NA NA 
21 4 34 0.700000 0 5 1 1 0.737910 1 5 3 437 373 1 624 421 4 412 294 6 512 295 10 561 422 NA NA NA NA NA NA NA NA NA 
21 4 35 0.700000 0 2 1 1 0.878979 1 2 5 632 378 7 553 295 NA NA NA NA NA NA NA NA NA NA NA NA NA NA NA NA NA NA 
21 4 36 0.700000 0 5 0 0 0.850614 3 9 1 616 370 5 459 446 10 535 467 9 556 344 3 475 308 NA NA NA NA NA NA NA NA NA 
21 4 37 0.700000 0 8 0 0 1.087704 0 2 2 429 298 8 599 399 6 572 298 1 427 457 7 497 296 4 599 474 10 623 336 3 415 400 
21 4 38 0.700000 0 8 1 1 0.895199 3 4 8 448 368 1 597 310 5 404 306 7 483 320 6 626 388 2 399 429 3 515 472 10 590 441 
21 4 39 0.700000 0 2 0 0 1.055927 1 6 7 553 443 6 441 420 NA NA NA NA NA NA NA NA NA NA NA NA NA NA NA NA NA NA 
21 4 40 0.700000 0 2 1 1 1.237091 0 9 1 582 446 3 458 298 NA NA NA NA NA NA NA NA NA NA NA NA NA NA NA NA NA NA 
21 4 41 0.700000 0 2 0 0 0.896137 0 5 5 408 460 8 621 294 NA NA NA NA NA NA NA NA NA NA NA NA NA NA NA NA NA NA 
21 4 42 0.700000 0 2 1 1 1.401044 0 4 5 395 385 9 582 296 NA NA NA NA NA NA NA NA NA NA NA NA NA NA NA NA NA NA 
21 4 43 0.700000 0 8 1 1 1.650232 3 1 2 433 316 5 630 297 7 569 360 6 513 302 3 504 470 10 564 436 9 392 387 8 407 460 
21 4 44 0.700000 0 5 1 1 0.621629 4 4 9 464 451 1 501 302 2 396 384 3 607 469 8 569 418 NA NA NA NA NA NA NA NA NA 
21 4 45 0.700000 0 2 1 1 1.007293 0 4 10 567 472 9 629 316 NA NA NA NA NA NA NA NA NA NA NA NA NA NA NA NA NA NA 
21 4 46 0.700000 0 5 1 1 0.545390 3 10 1 481 312 3 566 333 2 577 434 9 451 417 8 422 347 NA NA NA NA NA NA NA NA NA 
21 4 47 0.700000 0 8 1 1 0.577605 1 10 7 489 326 8 388 460 5 419 333 1 404 402 9 619 341 6 571 402 2 528 454 4 459 471 
21 4 48 0.700000 0 8 1 0 1.822493 6 7 5 443 361 1 570 381 3 588 458 8 439 450 10 618 320 4 534 321 2 404 300 6 391 404 
21 4 49 0.700000 0 2 0 -1 0.822942 1 4 5 434 313 4 603 422 NA NA NA NA NA NA NA NA NA NA NA NA NA NA NA NA NA NA 
21 4 50 0.700000 0 8 1 1 1.795784 3 5 2 590 379 9 508 325 7 387 357 3 513 467 6 580 441 10 581 295 8 420 427 4 457 294 
21 4 51 0.700000 0 5 1 1 0.635068 4 4 2 574 375 3 537 462 5 471 458 6 424 317 8 393 434 NA NA NA NA NA NA NA NA NA 
21 4 52 0.700000 0 5 0 0 0.884685 0 4 4 472 303 9 389 370 3 635 319 8 442 405 2 601 426 NA NA NA NA NA NA NA NA NA 
21 4 53 0.700000 0 5 1 1 0.642974 3 3 8 522 308 10 455 461 5 620 348 6 518 447 9 439 310 NA NA NA NA NA NA NA NA NA 
21 4 54 0.700000 0 2 1 1 1.492342 0 1 5 393 379 6 633 364 NA NA NA NA NA NA NA NA NA NA NA NA NA NA NA NA NA NA 
21 4 55 0.700000 0 8 1 1 1.810198 1 5 9 462 444 1 613 450 8 635 329 3 410 305 4 408 415 10 533 314 6 454 371 7 547 436 
21 4 56 0.700000 0 5 1 1 0.835455 0 3 9 457 364 4 396 294 8 603 382 1 626 318 2 408 435 NA NA NA NA NA NA NA NA NA 
21 4 57 0.700000 0 8 1 1 0.748161 7 4 8 420 468 5 614 441 1 423 374 6 418 301 9 505 464 2 497 315 7 626 344 10 563 469 
21 4 58 0.700000 0 8 1 1 1.159599 2 9 10 597 428 5 527 447 7 627 299 8 390 462 2 447 400 1 575 365 3 512 303 6 402 302 
21 4 59 0.700000 0 5 0 0 1.541410 3 10 5 414 469 4 634 311 2 581 430 10 395 343 7 534 295 NA NA NA NA NA NA NA NA NA 
21 5 0 0.500000 0 8 0 1 0.858663 1 10 9 406 421 10 631 421 1 554 297 4 520 447 5 449 373 3 623 337 2 437 310 7 441 471 
21 5 1 0.500000 0 5 1 1 1.019685 2 10 9 443 457 6 605 445 8 544 474 5 631 332 7 430 367 NA NA NA NA NA NA NA NA NA 
21 5 2 0.500000 0 5 1 1 0.669119 4 7 8 574 467 10 628 333 2 439 408 6 411 467 3 578 372 NA NA NA NA NA NA NA NA NA 
21 5 3 0.500000 0 2 0 0 0.951389 0 6 6 429 461 1 416 328 NA NA NA NA NA NA NA NA NA NA NA NA NA NA NA NA NA NA 
21 5 4 0.500000 0 8 1 1 0.744855 5 7 10 616 441 8 553 458 1 534 310 4 397 398 3 470 337 5 461 458 6 403 313 2 632 371 
21 5 5 0.500000 0 8 1 1 1.023227 3 8 1 391 434 2 464 451 3 404 316 6 628 362 5 420 372 9 525 305 7 551 472 10 635 453 
21 5 6 0.500000 0 8 0 0 0.714246 4 6 8 499 301 9 427 320 3 551 450 7 407 404 6 586 388 1 604 302 2 460 469 4 632 430 
21 5 7 0.500000 0 2 1 1 0.670843 0 10 8 585 448 6 598 314 NA NA NA NA NA NA NA NA NA NA NA NA NA NA NA NA NA NA 
21 5 8 0.500000 0 2 0 0 1.380421 1 4 10 547 449 4 436 335 NA NA NA NA NA NA NA NA NA NA NA NA NA NA NA NA NA NA 
21 5 9 0.500000 0 5 0 0 2.916915 1 4 2 615 305 4 413 468 8 587 434 7 399 316 9 633 383 NA NA NA NA NA NA NA NA NA 
21 5 10 0.500000 0 2 1 1 0.792563 1 9 8 472 338 7 402 353 NA NA NA NA NA NA NA NA NA NA NA NA NA NA NA NA NA NA 
21 5 11 0.500000 0 8 0 0 0.720283 1 6 3 467 468 6 390 470 2 629 334 8 422 297 5 625 418 4 585 462 10 578 305 1 403 381 
21 5 12 0.500000 0 2 0 0 1.016987 1 8 2 610 327 8 621 456 NA NA NA NA NA NA NA NA NA NA NA NA NA NA NA NA NA NA 
21 5 13 0.500000 0 2 1 1 0.726549 1 3 10 475 311 9 542 302 NA NA NA NA NA NA NA NA NA NA NA NA NA NA NA NA NA NA 
21 5 14 0.500000 0 2 1 1 0.809662 0 5 10 492 295 7 607 427 NA NA NA NA NA NA NA NA NA NA NA NA NA NA NA NA NA NA 
21 5 15 0.500000 0 8 1 1 0.764721 5 10 7 400 351 3 523 312 2 569 433 9 402 468 5 602 332 6 636 460 8 455 299 4 619 402 
21 5 16 0.500000 0 5 0 1 0.824413 2 3 8 419 294 5 602 445 3 449 429 2 586 359 1 407 378 NA NA NA NA NA NA NA NA NA 
21 5 17 0.500000 0 8 1 1 10.489836 7 2 3 429 355 7 398 452 10 637 434 9 613 355 6 445 417 8 502 447 1 541 319 5 560 468 
21 5 18 0.500000 0 2 1 1 0.603742 1 1 3 611 449 9 559 307 NA NA NA NA NA NA NA NA NA NA NA NA NA NA NA NA NA NA 
21 5 19 0.500000 0 5 0 0 0.899834 2 3 9 422 303 5 603 353 3 389 403 2 597 452 7 557 299 NA NA NA NA NA NA NA NA NA 
21 5 20 0.500000 0 2 0 0 0.703478 0 8 8 443 386 4 544 442 NA NA NA NA NA NA NA NA NA NA NA NA NA NA NA NA NA NA 
21 5 21 0.500000 0 5 0 0 0.943568 2 2 4 526 450 5 588 371 2 608 466 6 605 315 10 399 423 NA NA NA NA NA NA NA NA NA 
21 5 22 0.500000 0 8 1 1 1.063399 0 3 10 618 430 5 447 396 4 451 302 2 418 461 8 507 325 6 606 365 7 566 458 1 391 310 
21 5 23 0.500000 0 5 0 0 0.609972 3 5 7 415 381 8 616 301 9 571 444 5 576 351 10 618 402 NA NA NA NA NA NA NA NA NA 
21 5 24 0.500000 0 2 0 0 0.511090 1 2 4 591 410 2 615 321 NA NA NA NA NA NA NA NA NA NA NA NA NA NA NA NA NA NA 
21 5 25 0.500000 0 5 1 1 0.657271 3 2 4 463 425 10 589 413 7 410 340 6 479 309 1 637 330 NA NA NA NA NA NA NA NA NA 
21 5 26 0.500000 0 8 1 1 1.171446 6 6 9 564 412 1 576 343 8 632 437 5 430 461 2 509 468 3 435 385 4 462 312 7 388 420 
21 5 27 0.500000 0 2 0 0 1.664320 1 7 1 427 350 7 485 473 NA NA NA NA NA NA NA NA NA NA NA NA NA NA NA NA NA NA 
21 5 28 0.500000 0 8 0 0 0.883910 1 6 3 405 353 6 456 308 1 611 436 7 499 449 9 614 333 4 419 445 2 515 300 8 571 373 
21 5 29 0.500000 0 5 1 1 0.924581 4 2 9 459 457 7 391 339 5 509 295 1 401 474 10 581 387 NA NA NA NA NA NA NA NA NA 
21 5 30 0.500000 0 8 1 1 1.772316 6 4 1 633 304 8 414 401 6 404 339 9 633 370 2 574 396 3 541 474 7 431 470 5 455 298 
21 5 31 0.500000 0 2 0 0 1.858120 0 8 8 535 449 1 424 466 NA NA NA NA NA NA NA NA NA NA NA NA NA NA NA NA NA NA 
21 5 32 0.500000 0 2 0 0 1.050237 1 5 2 617 440 5 517 449 NA NA NA NA NA NA NA NA NA NA NA NA NA NA NA NA NA NA 
21 5 33 0.500000 0 8 1 1 1.253205 0 6 3 595 460 5 475 435 4 598 365 9 445 364 10 529 317 1 434 307 2 390 433 8 535 468 
21 5 34 0.500000 0 2 1 1 1.054896 1 7 10 516 464 5 611 297 NA NA NA NA NA NA NA NA NA NA NA NA NA NA NA NA NA NA 
21 5 35 0.500000 0 5 1 1 0.711666 1 7 6 404 473 10 565 468 2 602 305 1 427 313 4 606 387 NA NA NA NA NA NA NA NA NA 
21 5 36 0.500000 0 5 0 0 0.498880 0 2 2 573 367 6 440 416 3 623 428 9 522 453 7 429 339 NA NA NA NA NA NA NA NA NA 
21 5 37 0.500000 0 5 1 1 0.682527 0 9 4 439 345 6 540 458 3 488 298 5 616 436 2 432 420 NA NA NA NA NA NA NA NA NA 
21 5 38 0.500000 0 8 0 0 0.986598 3 3 10 416 297 2 617 302 8 472 453 3 597 376 4 395 397 1 637 442 9 530 464 7 530 320 
21 5 39 0.500000 0 8 1 1 0.762655 2 3 7 637 347 1 488 307 4 574 353 9 413 438 2 606 462 5 432 381 8 472 441 10 421 306 
21 5 40 0.500000 0 8 1 0 0.942499 6 2 10 436 443 9 592 337 3 434 323 1 595 444 4 498 313 8 516 445 7 443 385 6 624 390 
21 5 41 0.500000 0 2 0 0 0.790075 1 4 6 582 336 4 570 433 NA NA NA NA NA NA NA NA NA NA NA NA NA NA NA NA NA NA 
21 5 42 0.500000 0 5 1 1 1.525858 0 1 2 391 442 8 419 389 6 595 360 4 613 431 10 551 296 NA NA NA NA NA NA NA NA NA 
21 5 43 0.500000 0 2 1 1 1.736991 0 9 5 572 337 6 637 426 NA NA NA NA NA NA NA NA NA NA NA NA NA NA NA NA NA NA 
21 5 44 0.500000 0 5 0 1 1.251486 1 4 9 484 297 4 622 323 6 394 360 2 547 444 1 606 418 NA NA NA NA NA NA NA NA NA 
21 5 45 0.500000 0 5 0 1 1.292610 3 2 3 567 469 1 506 456 10 416 342 2 624 398 6 545 333 NA NA NA NA NA NA NA NA NA 
21 5 46 0.500000 0 2 0 0 0.558990 0 3 3 635 454 2 397 400 NA NA NA NA NA NA NA NA NA NA NA NA NA NA NA NA NA NA 
21 5 47 0.500000 0 2 1 0 2.690686 1 3 7 497 314 6 434 404 NA NA NA NA NA NA NA NA NA NA NA NA NA NA NA NA NA NA 
21 5 48 0.500000 0 8 0 1 0.864820 7 5 9 582 386 1 613 436 3 444 415 10 423 347 7 632 333 6 542 328 2 546 471 5 414 472 
21 5 49 0.500000 0 5 1 1 0.831188 2 4 10 406 358 3 468 334 7 513 449 1 628 416 6 631 342 NA NA NA NA NA NA NA NA NA 
21 5 50 0.500000 0 5 0 0 0.644910 2 5 10 602 354 8 455 348 5 394 381 2 526 455 6 602 415 NA NA NA NA NA NA NA NA NA 
21 5 51 0.500000 0 8 0 1 2.285583 4 10 9 417 452 3 410 316 1 538 307 7 586 453 10 448 388 8 608 393 5 611 316 6 519 457 
21 5 52 0.500000 0 8 0 0 0.609957 1 7 3 436 371 7 448 298 5 625 395 10 468 463 9 569 351 6 388 321 4 630 465 1 567 451 
21 5 53 0.500000 0 2 1 1 0.630974 0 7 8 485 309 2 394 370 NA NA NA NA NA NA NA NA NA NA NA NA NA NA NA NA NA NA 
21 5 54 0.500000 0 5 0 1 1.459340 4 3 1 533 307 4 600 396 10 431 445 5 617 463 3 553 467 NA NA NA NA NA NA NA NA NA 
21 5 55 0.500000 0 5 1 1 0.653620 3 1 7 571 427 8 419 412 3 634 407 9 425 347 4 562 316 NA NA NA NA NA NA NA NA NA 
21 5 56 0.500000 0 8 0 1 0.770530 0 7 7 631 354 8 481 333 1 613 474 4 389 460 9 544 329 2 467 439 5 413 350 6 555 473 
21 5 57 0.500000 0 8 0 0 0.785183 6 9 2 402 384 8 544 328 10 486 463 3 459 349 4 613 389 1 561 451 9 631 325 7 635 459 
21 5 58 0.500000 0 5 1 1 0.631715 4 4 1 411 454 2 440 340 10 566 410 3 498 322 5 480 440 NA NA NA NA NA NA NA NA NA 
21 5 59 0.500000 0 2 1 1 0.843439 0 2 5 597 455 4 520 453 NA NA NA NA NA NA NA NA NA NA NA NA NA NA NA NA NA NA 
21 6 0 0.300000 0 5 0 0 1.573282 3 10 5 499 456 1 617 328 3 583 427 10 430 349 2 512 323 NA NA NA NA NA NA NA NA NA 
21 6 1 0.300000 0 5 0 0 0.686086 4 10 2 594 354 8 485 324 3 405 419 5 581 451 10 411 345 NA NA NA NA NA NA NA NA NA 
21 6 2 0.300000 0 8 1 1 0.908057 1 9 7 454 311 1 413 386 8 542 469 4 583 413 5 571 344 3 392 302 2 442 469 10 612 471 
21 6 3 0.300000 0 8 0 0 1.399253 2 6 8 589 296 3 530 450 6 604 354 4 493 313 7 636 445 5 413 392 10 425 307 1 470 454 
21 6 4 0.300000 0 8 0 1 1.197881 2 5 8 632 428 7 416 342 5 470 446 6 430 399 4 550 321 2 490 295 10 536 457 9 592 362 
21 6 5 0.300000 0 8 0 0 1.174158 3 1 7 465 419 4 536 455 8 435 342 1 533 308 2 594 339 9 392 435 5 627 465 10 627 407 
21 6 6 0.300000 0 8 0 1 3.207859 1 6 7 603 378 6 625 440 5 563 451 10 410 351 4 620 304 1 547 335 3 398 470 8 476 466 
21 6 7 0.300000 0 2 0 0 0.712137 0 10 10 507 454 4 585 408 NA NA NA NA NA NA NA NA NA NA NA NA NA NA NA NA NA NA 
21 6 8 0.300000 0 5 0 0 1.602737 4 7 6 407 361 1 511 468 2 606 329 8 543 324 7 463 305 NA NA NA NA NA NA NA NA NA 
21 6 9 0.300000 0 2 0 0 2.470535 0 2 2 626 335 9 401 308 NA NA NA NA NA NA NA NA NA NA NA NA NA NA NA NA NA NA 
21 6 10 0.300000 0 5 1 1 0.957135 3 6 5 410 335 7 486 443 1 569 455 8 556 311 10 441 395 NA NA NA NA NA NA NA NA NA 
21 6 11 0.300000 0 8 0 0 0.845266 5 2 5 388 365 7 614 463 4 533 325 9 628 363 6 460 308 2 459 470 1 595 305 3 394 432 
21 6 12 0.300000 0 8 0 0 18.918520 7 9 4 582 404 3 479 328 8 421 421 5 608 465 2 498 446 1 628 309 7 393 344 9 538 294 
21 6 13 0.300000 0 8 0 1 0.662475 6 10 3 591 464 2 609 312 7 388 433 5 457 435 1 427 297 6 587 398 10 516 474 8 516 325 
21 6 14 0.300000 0 5 1 1 1.478565 2 9 3 554 471 7 425 466 5 614 437 8 446 361 10 621 337 NA NA NA NA NA NA NA NA NA 
21 6 15 0.300000 0 2 0 0 1.508822 0 9 9 429 452 5 599 328 NA NA NA NA NA NA NA NA NA NA NA NA NA NA NA NA NA NA 
21 6 16 0.300000 0 8 0 0 2.367443 3 10 1 625 416 8 458 427 4 506 296 10 564 298 5 421 309 3 525 463 6 430 375 9 573 385 
21 6 17 0.300000 0 2 0 0 8.967552 0 9 9 387 333 6 593 424 NA NA NA NA NA NA NA NA NA NA NA NA NA NA NA NA NA NA 
21 6 18 0.300000 0 5 0 1 4.354740 1 2 3 402 410 2 578 341 5 586 465 1 490 306 10 432 322 NA NA NA NA NA NA NA NA NA 
21 6 19 0.300000 0 5 1 1 0.605334 3 3 4 577 369 8 504 304 6 629 295 5 406 325 1 449 445 NA NA NA NA NA NA NA NA NA 
21 6 20 0.300000 0 2 0 0 0.405100 0 1 1 523 315 10 614 474 NA NA NA NA NA NA NA NA NA NA NA NA NA NA NA NA NA NA 
21 6 21 0.300000 0 5 1 1 0.992729 0 2 1 420 369 7 478 311 5 464 467 9 593 336 4 390 303 NA NA NA NA NA NA NA NA NA 
21 6 22 0.300000 0 5 0 0 1.548252 2 4 5 550 437 7 499 294 4 408 468 2 634 339 3 608 455 NA NA NA NA NA NA NA NA NA 
21 6 23 0.300000 0 2 0 0 4.545568 0 3 3 616 447 6 609 342 NA NA NA NA NA NA NA NA NA NA NA NA NA NA NA NA NA NA 
21 6 24 0.300000 0 5 0 0 2.136874 2 7 5 478 324 1 627 393 7 404 302 2 456 453 8 575 459 NA NA NA NA NA NA NA NA NA 
21 6 25 0.300000 0 2 0 0 0.879851 1 5 1 432 437 5 606 404 NA NA NA NA NA NA NA NA NA NA NA NA NA NA NA NA NA NA 
21 6 26 0.300000 0 5 0 0 1.256621 1 5 7 593 380 5 413 458 10 596 472 1 523 447 6 408 397 NA NA NA NA NA NA NA NA NA 
21 6 27 0.300000 0 8 1 1 1.397586 3 1 3 503 296 8 396 452 7 629 367 9 544 465 6 620 467 4 578 323 2 421 383 10 459 473 
21 6 28 0.300000 0 5 0 0 1.069960 0 5 5 584 441 7 581 334 3 422 414 8 472 327 6 520 474 NA NA NA NA NA NA NA NA NA 
21 6 29 0.300000 0 5 0 0 1.481686 3 5 1 436 338 8 531 461 10 533 309 5 622 305 3 595 418 NA NA NA NA NA NA NA NA NA 
21 6 30 0.300000 0 8 0 0 0.849643 7 10 1 462 329 9 581 306 5 413 400 2 578 417 4 630 374 7 437 474 8 626 458 10 528 455 
21 6 31 0.300000 0 2 1 1 0.632476 0 4 9 576 396 3 450 409 NA NA NA NA NA NA NA NA NA NA NA NA NA NA NA NA NA NA 
21 6 32 0.300000 0 2 0 1 1.357792 1 1 9 483 464 1 550 472 NA NA NA NA NA NA NA NA NA NA NA NA NA NA NA NA NA NA 
21 6 33 0.300000 0 8 1 1 1.674615 3 3 8 471 448 2 427 354 5 583 458 6 589 356 10 634 429 9 637 307 4 553 305 1 428 296 
21 6 34 0.300000 0 2 1 1 0.584430 1 9 3 604 334 1 468 343 NA NA NA NA NA NA NA NA NA NA NA NA NA NA NA NA NA NA 
21 6 35 0.300000 0 8 1 1 0.636897 2 6 7 444 307 1 585 467 10 637 422 5 620 309 3 451 396 2 436 469 4 572 397 8 531 298 
21 6 36 0.300000 0 5 0 0 0.713469 4 2 5 393 327 1 475 316 3 434 436 8 495 467 2 619 302 NA NA NA NA NA NA NA NA NA 
21 6 37 0.300000 0 8 1 0 6.128109 6 7 4 574 324 1 409 333 9 560 473 5 412 449 8 461 414 2 608 385 3 492 313 10 624 454 
21 6 38 0.300000 0 2 0 0 2.032905 0 9 9 591 470 2 506 454 NA NA NA NA NA NA NA NA NA NA NA NA NA NA NA NA NA NA 
21 6 39 0.300000 0 5 0 0 1.189544 3 3 10 587 364 6 391 416 7 583 448 3 443 338 2 499 467 NA NA NA NA NA NA NA NA NA 
21 6 40 0.300000 0 2 1 1 0.716018 1 3 1 448 413 4 400 468 NA NA NA NA NA NA NA NA NA NA NA NA NA NA NA NA NA NA 
21 6 41 0.300000 0 2 1 1 3.023082 1 9 4 633 391 2 414 298 NA NA NA NA NA NA NA NA NA NA NA NA NA NA NA NA NA NA 
21 6 42 0.300000 0 8 1 1 1.265719 0 9 6 584 335 8 446 353 7 508 300 10 407 473 5 629 407 2 490 453 4 632 294 1 567 406 
21 6 43 0.300000 0 8 0 1 1.331321 3 9 2 574 329 1 508 299 3 463 438 9 544 456 5 573 396 10 628 367 6 407 367 8 611 464 
21 6 44 0.300000 0 2 0 0 1.750094 1 1 8 405 470 1 445 414 NA NA NA NA NA NA NA NA NA NA NA NA NA NA NA NA NA NA 
21 6 45 0.300000 0 2 0 0 0.738522 0 9 9 402 385 6 394 458 NA NA NA NA NA NA NA NA NA NA NA NA NA NA NA NA NA NA 
21 6 46 0.300000 0 5 0 1 1.737075 2 9 2 635 324 1 485 302 9 431 362 6 613 455 5 406 470 NA NA NA NA NA NA NA NA NA 
21 6 47 0.300000 0 2 1 1 1.454912 0 4 2 595 397 7 517 307 NA NA NA NA NA NA NA NA NA NA NA NA NA NA NA NA NA NA 
21 6 48 0.300000 0 8 0 0 2.301446 7 8 9 392 320 10 609 323 2 404 471 3 427 371 6 461 427 7 503 307 1 585 391 8 627 440 
21 6 49 0.300000 0 5 0 1 1.617086 3 9 8 422 426 3 617 444 10 589 360 9 395 336 6 523 315 NA NA NA NA NA NA NA NA NA 
21 6 50 0.300000 0 2 0 0 0.480684 0 2 2 435 448 9 524 446 NA NA NA NA NA NA NA NA NA NA NA NA NA NA NA NA NA NA 
21 6 51 0.300000 0 5 1 1 1.456644 3 7 6 556 432 9 447 385 1 407 336 10 403 456 5 634 449 NA NA NA NA NA NA NA NA NA 
21 6 52 0.300000 0 8 0 0 1.327484 0 10 10 398 430 4 573 359 7 461 354 8 578 441 2 468 464 1 562 296 6 392 354 9 626 395 
21 6 53 0.300000 0 5 1 1 0.740890 2 4 8 474 324 3 440 418 1 495 457 10 631 375 6 407 345 NA NA NA NA NA NA NA NA NA 
21 6 54 0.300000 0 8 0 0 0.854570 2 6 5 436 366 7 620 415 6 613 331 8 563 430 1 462 436 9 509 305 3 401 304 2 393 414 
21 6 55 0.300000 0 5 0 0 1.039786 2 2 10 520 325 4 400 357 2 595 320 1 415 430 9 625 449 NA NA NA NA NA NA NA NA NA 
21 6 56 0.300000 0 8 0 1 0.782565 5 5 9 519 445 1 494 321 8 615 417 10 410 317 7 607 300 5 397 429 2 460 452 6 565 350 
21 6 57 0.300000 0 2 0 0 1.178696 1 1 4 549 311 1 625 364 NA NA NA NA NA NA NA NA NA NA NA NA NA NA NA NA NA NA 
21 6 58 0.300000 0 2 1 1 0.645361 1 6 7 624 398 2 410 406 NA NA NA NA NA NA NA NA NA NA NA NA NA NA NA NA NA NA 
21 6 59 0.300000 0 2 0 0 0.613048 1 3 5 492 466 3 590 349 NA NA NA NA NA NA NA NA NA NA NA NA NA NA NA NA NA NA 
21 7 0 0.500000 0 2 0 0 0.671063 1 7 8 616 337 7 419 402 NA NA NA NA NA NA NA NA NA NA NA NA NA NA NA NA NA NA 
21 7 1 0.500000 0 5 1 1 0.705613 1 3 4 433 353 7 587 363 5 400 449 8 496 316 9 609 462 NA NA NA NA NA NA NA NA NA 
21 7 2 0.500000 0 8 1 1 0.920669 1 7 9 582 375 8 606 316 3 406 334 2 518 468 4 540 303 6 393 429 5 443 462 1 636 474 
21 7 3 0.500000 0 8 0 0 0.783713 1 3 6 587 334 3 408 452 10 550 454 2 440 308 9 395 346 8 616 425 4 446 387 1 510 323 
21 7 4 0.500000 0 8 1 0 0.857267 4 4 2 627 463 6 580 318 7 510 318 1 477 440 8 635 388 5 397 335 10 405 436 9 557 457 
21 7 5 0.500000 0 5 0 1 12.050611 1 8 7 456 306 8 539 463 9 388 388 4 396 325 6 584 406 NA NA NA NA NA NA NA NA NA 
21 7 6 0.500000 0 5 1 1 0.878117 4 7 1 518 455 2 616 454 9 615 311 8 621 386 4 404 358 NA NA NA NA NA NA NA NA NA 
21 7 7 0.500000 0 8 1 1 1.249641 3 7 1 444 296 2 596 364 6 554 311 3 462 429 4 628 441 10 406 347 5 555 442 8 389 413 
21 7 8 0.500000 0 2 1 1 0.981162 1 7 4 560 420 6 601 312 NA NA NA NA NA NA NA NA NA NA NA NA NA NA NA NA NA NA 
21 7 9 0.500000 0 2 1 1 0.555189 1 8 1 420 369 2 457 310 NA NA NA NA NA NA NA NA NA NA NA NA NA NA NA NA NA NA 
21 7 10 0.500000 0 8 1 1 0.748032 3 3 10 574 339 2 511 312 6 394 390 1 452 379 5 418 308 7 500 446 8 606 458 9 410 459 
21 7 11 0.500000 0 2 1 1 0.643035 1 10 6 399 321 2 617 451 NA NA NA NA NA NA NA NA NA NA NA NA NA NA NA NA NA NA 
21 7 12 0.500000 0 5 0 0 0.779052 2 8 9 566 458 3 422 371 8 442 430 4 628 344 10 626 427 NA NA NA NA NA NA NA NA NA 
21 7 13 0.500000 0 8 0 1 2.085340 7 7 2 461 331 8 436 416 3 540 438 5 571 367 9 472 472 10 624 327 6 395 361 7 523 314 
21 7 14 0.500000 0 5 1 1 2.013532 4 2 4 575 448 3 600 370 6 586 302 1 396 325 7 463 418 NA NA NA NA NA NA NA NA NA 
21 7 15 0.500000 0 2 1 1 0.638144 0 5 1 616 393 6 588 318 NA NA NA NA NA NA NA NA NA NA NA NA NA NA NA NA NA NA 
21 7 16 0.500000 0 5 1 1 1.390445 3 10 4 630 325 7 456 401 2 633 406 8 564 425 5 418 304 NA NA NA NA NA NA NA NA NA 
21 7 17 0.500000 0 8 1 0 1.204719 4 3 2 628 348 8 525 299 4 625 415 10 399 448 1 413 346 7 574 466 5 473 459 9 461 311 
21 7 18 0.500000 0 8 1 1 1.565915 3 2 4 630 331 9 437 440 10 480 294 8 569 437 5 417 347 1 633 430 6 531 323 7 505 463 
21 7 19 0.500000 0 2 1 1 0.816585 0 5 7 531 464 10 567 409 NA NA NA NA NA NA NA NA NA NA NA NA NA NA NA NA NA NA 
21 7 20 0.500000 0 8 0 1 2.000589 4 6 3 559 431 9 508 308 8 445 424 4 637 337 6 620 452 1 442 311 2 573 370 7 566 302 
21 7 21 0.500000 0 8 1 0 15.506612 2 2 10 418 359 7 528 319 3 633 294 4 550 444 6 631 471 5 584 381 9 402 437 1 463 321 
21 7 22 0.500000 0 8 0 0 1.349091 6 1 10 563 459 5 438 386 9 481 442 4 567 339 8 626 450 6 609 388 1 412 332 3 396 428 
21 7 23 0.500000 0 8 0 0 0.882539 6 5 7 604 424 1 599 301 10 518 457 8 436 379 9 397 470 2 513 305 5 459 434 4 400 308 
21 7 24 0.500000 0 2 0 0 0.647833 1 7 3 413 375 7 566 331 NA NA NA NA NA NA NA NA NA NA NA NA NA NA NA NA NA NA 
21 7 25 0.500000 0 2 0 0 0.714715 0 9 9 421 435 10 627 405 NA NA NA NA NA NA NA NA NA NA NA NA NA NA NA NA NA NA 
21 7 26 0.500000 0 2 1 1 1.280974 0 10 5 608 295 6 512 472 NA NA NA NA NA NA NA NA NA NA NA NA NA NA NA NA NA NA 
21 7 27 0.500000 0 5 1 0 15.607450 1 10 1 501 464 7 424 357 2 550 294 5 625 416 3 636 311 NA NA NA NA NA NA NA NA NA 
21 7 28 0.500000 0 5 1 1 0.983758 2 6 5 489 330 10 435 445 8 626 313 4 567 353 2 510 463 NA NA NA NA NA NA NA NA NA 
21 7 29 0.500000 0 8 0 0 1.071589 3 9 1 582 373 4 611 311 10 435 448 9 500 299 8 453 349 2 580 472 6 393 324 5 503 453 
21 7 30 0.500000 0 8 1 0 2.328777 3 2 9 440 454 4 616 428 3 387 418 6 509 307 1 416 339 10 576 318 5 512 454 8 584 376 
21 7 31 0.500000 0 2 1 1 3.488173 1 1 3 634 439 6 527 323 NA NA NA NA NA NA NA NA NA NA NA NA NA NA NA NA NA NA 
21 7 32 0.500000 0 8 0 0 0.469813 3 1 10 485 328 5 463 431 6 580 444 1 400 318 4 600 368 9 424 375 8 404 445 3 615 303 
21 7 33 0.500000 0 2 0 0 0.783767 1 6 7 410 447 6 629 409 NA NA NA NA NA NA NA NA NA NA NA NA NA NA NA NA NA NA 
21 7 34 0.500000 0 5 0 0 1.141007 0 10 10 424 415 4 586 398 8 615 459 2 402 305 3 554 456 NA NA NA NA NA NA NA NA NA 
21 7 35 0.500000 0 5 0 0 0.698810 3 6 1 509 298 5 615 388 7 579 307 6 593 471 3 460 456 NA NA NA NA NA NA NA NA NA 
21 7 36 0.500000 0 2 1 1 0.787809 0 10 9 441 309 2 635 304 NA NA NA NA NA NA NA NA NA NA NA NA NA NA NA NA NA NA 
21 7 37 0.500000 0 5 0 0 0.676433 2 5 1 420 451 2 528 304 5 453 367 8 498 444 7 624 450 NA NA NA NA NA NA NA NA NA 
21 7 38 0.500000 0 5 0 0 0.830857 3 1 3 412 468 5 611 448 10 447 353 1 604 332 9 513 449 NA NA NA NA NA NA NA NA NA 
21 7 39 0.500000 0 2 0 0 0.553835 0 5 5 592 298 7 423 309 NA NA NA NA NA NA NA NA NA NA NA NA NA NA NA NA NA NA 
21 7 40 0.500000 0 2 0 0 0.893245 1 10 6 462 299 10 623 380 NA NA NA NA NA NA NA NA NA NA NA NA NA NA NA NA NA NA 
21 7 41 0.500000 0 5 0 1 1.208130 1 9 6 533 443 9 598 381 7 401 438 2 407 340 3 493 305 NA NA NA NA NA NA NA NA NA 
21 7 42 0.500000 0 5 1 0 0.666237 3 3 5 472 330 2 450 443 8 557 305 4 602 464 9 582 372 NA NA NA NA NA NA NA NA NA 
21 7 43 0.500000 0 8 0 0 0.861000 2 9 4 611 368 5 491 325 9 399 322 2 547 299 3 397 410 7 566 469 8 626 306 1 504 447 
21 7 44 0.500000 0 5 0 0 1.354142 3 1 8 601 440 3 633 297 2 430 323 1 466 471 4 532 465 NA NA NA NA NA NA NA NA NA 
21 7 45 0.500000 0 5 1 1 1.456939 0 4 7 401 417 10 434 323 9 599 437 5 565 317 3 433 467 NA NA NA NA NA NA NA NA NA 
21 7 46 0.500000 0 5 1 1 0.795757 1 10 1 637 444 3 551 464 4 575 317 9 435 387 6 571 409 NA NA NA NA NA NA NA NA NA 
21 7 47 0.500000 0 8 1 1 1.574103 2 3 5 417 467 2 535 315 7 489 454 9 557 432 6 614 380 8 626 300 1 436 400 10 636 434 
21 7 48 0.500000 0 8 0 0 0.674271 0 1 1 464 466 6 446 300 10 409 350 3 523 442 4 618 400 7 552 313 9 389 437 2 451 402 
21 7 49 0.500000 0 2 0 0 0.982469 1 4 2 586 417 4 628 360 NA NA NA NA NA NA NA NA NA NA NA NA NA NA NA NA NA NA 
21 7 50 0.500000 0 8 0 0 1.094356 6 8 7 393 354 9 445 463 5 526 319 6 627 437 3 588 388 2 614 303 8 453 330 4 422 405 
21 7 51 0.500000 0 2 1 1 0.838196 1 9 8 615 374 10 430 327 NA NA NA NA NA NA NA NA NA NA NA NA NA NA NA NA NA NA 
21 7 52 0.500000 0 2 0 0 0.662876 1 8 9 599 354 8 441 455 NA NA NA NA NA NA NA NA NA NA NA NA NA NA NA NA NA NA 
21 7 53 0.500000 0 8 1 1 1.283672 1 1 10 395 321 2 389 387 7 468 319 5 569 351 6 636 367 8 517 467 9 599 469 4 438 451 
21 7 54 0.500000 0 2 0 0 0.822829 0 8 8 579 443 2 452 307 NA NA NA NA NA NA NA NA NA NA NA NA NA NA NA NA NA NA 
21 7 55 0.500000 0 5 0 0 0.658726 0 2 2 393 423 7 546 319 1 575 409 8 452 466 3 430 327 NA NA NA NA NA NA NA NA NA 
21 7 56 0.500000 0 5 1 1 0.659437 2 5 9 559 302 3 392 350 2 571 465 10 394 438 8 624 298 NA NA NA NA NA NA NA NA NA 
21 7 57 0.500000 0 5 0 0 0.652424 2 3 10 580 471 4 439 461 3 409 403 5 520 295 8 576 320 NA NA NA NA NA NA NA NA NA 
21 7 58 0.500000 0 2 0 1 0.603746 0 2 2 553 325 1 391 344 NA NA NA NA NA NA NA NA NA NA NA NA NA NA NA NA NA NA 
21 7 59 0.500000 0 2 1 1 0.851622 1 1 10 529 465 4 609 348 NA NA NA NA NA NA NA NA NA NA NA NA NA NA NA NA NA NA 
21 8 0 0.700000 0 5 1 1 0.714960 2 7 3 611 343 9 507 464 8 503 296 10 433 410 1 416 349 NA NA NA NA NA NA NA NA NA 
21 8 1 0.700000 0 8 1 1 0.787567 0 9 10 626 390 5 573 466 1 408 467 7 433 339 6 626 322 8 516 453 4 544 317 3 441 409 
21 8 2 0.700000 0 2 1 1 0.733809 1 6 5 585 398 4 463 464 NA NA NA NA NA NA NA NA NA NA NA NA NA NA NA NA NA NA 
21 8 3 0.700000 0 5 1 1 0.710895 3 5 1 605 333 2 391 385 7 600 407 10 545 444 6 458 344 NA NA NA NA NA NA NA NA NA 
21 8 4 0.700000 0 5 1 1 0.653023 1 1 4 426 398 6 571 455 5 629 371 2 463 294 3 404 341 NA NA NA NA NA NA NA NA NA 
21 8 5 0.700000 0 8 1 0 1.262510 3 7 5 418 387 9 397 332 10 540 448 8 609 318 6 589 406 3 482 295 4 543 326 1 449 470 
21 8 6 0.700000 0 2 1 1 0.533934 1 3 2 419 332 9 515 457 NA NA NA NA NA NA NA NA NA NA NA NA NA NA NA NA NA NA 
21 8 7 0.700000 0 5 0 0 0.978677 4 5 1 625 472 2 526 295 7 624 379 9 436 403 5 495 452 NA NA NA NA NA NA NA NA NA 
21 8 8 0.700000 0 8 0 0 1.559541 3 3 4 571 363 10 429 332 6 558 463 3 499 304 8 633 367 5 426 463 9 483 442 1 428 392 
21 8 9 0.700000 0 5 0 0 1.152782 1 1 3 626 303 1 457 304 4 430 386 10 523 471 5 633 457 NA NA NA NA NA NA NA NA NA 
21 8 10 0.700000 0 8 0 0 1.507706 4 8 5 417 316 4 556 326 3 483 301 2 436 462 8 569 410 9 637 388 10 526 463 6 587 473 
21 8 11 0.700000 0 5 0 0 0.800717 0 10 10 479 315 3 542 313 8 529 458 4 410 361 5 573 391 NA NA NA NA NA NA NA NA NA 
21 8 12 0.700000 0 8 1 1 1.809270 0 8 4 409 423 9 387 319 5 616 473 1 433 368 2 577 388 6 502 316 3 468 452 10 609 326 
21 8 13 0.700000 0 2 1 1 0.535212 1 10 1 476 455 8 605 364 NA NA NA NA NA NA NA NA NA NA NA NA NA NA NA NA NA NA 
21 8 14 0.700000 0 8 1 1 1.356431 0 6 9 635 297 4 590 456 8 503 468 2 574 296 5 497 309 3 448 371 10 444 440 1 620 400 
21 8 15 0.700000 0 2 1 1 0.571908 1 7 10 565 306 6 624 294 NA NA NA NA NA NA NA NA NA NA NA NA NA NA NA NA NA NA 
21 8 16 0.700000 0 5 1 1 0.702650 4 1 9 563 297 6 570 385 5 581 444 10 435 409 2 418 297 NA NA NA NA NA NA NA NA NA 
21 8 17 0.700000 0 5 0 1 1.053299 3 3 7 403 336 5 524 301 6 572 419 3 427 411 4 627 300 NA NA NA NA NA NA NA NA NA 
21 8 18 0.700000 0 8 1 1 0.709356 2 2 3 434 410 4 412 350 1 558 421 8 524 324 7 595 356 9 505 453 6 600 464 10 437 471 
21 8 19 0.700000 0 2 1 0 0.827008 1 2 8 464 438 10 589 474 NA NA NA NA NA NA NA NA NA NA NA NA NA NA NA NA NA NA 
21 8 20 0.700000 0 5 0 1 3.219861 2 9 8 632 456 4 551 341 9 465 333 3 411 416 5 397 316 NA NA NA NA NA NA NA NA NA 
21 8 21 0.700000 0 2 0 1 1.357065 0 10 10 401 439 7 407 350 NA NA NA NA NA NA NA NA NA NA NA NA NA NA NA NA NA NA 
21 8 22 0.700000 0 2 1 1 0.743788 1 5 6 497 447 2 566 322 NA NA NA NA NA NA NA NA NA NA NA NA NA NA NA NA NA NA 
21 8 23 0.700000 0 8 1 0 0.956479 0 10 1 445 457 7 624 316 6 615 423 4 399 388 3 556 312 5 432 301 9 546 458 8 494 301 
21 8 24 0.700000 0 2 1 1 0.822143 1 9 7 438 312 10 431 408 NA NA NA NA NA NA NA NA NA NA NA NA NA NA NA NA NA NA 
21 8 25 0.700000 0 2 1 1 30.480768 0 4 1 615 399 8 547 471 NA NA NA NA NA NA NA NA NA NA NA NA NA NA NA NA NA NA 
21 8 26 0.700000 0 8 1 1 0.695168 0 9 3 588 440 4 518 463 6 419 316 7 617 311 10 538 309 2 452 401 8 622 393 1 443 461 
21 8 27 0.700000 0 2 1 1 0.676673 1 1 4 505 304 6 515 457 NA NA NA NA NA NA NA NA NA NA NA NA NA NA NA NA NA NA 
21 8 28 0.700000 0 2 0 0 0.707592 0 9 9 408 465 8 469 305 NA NA NA NA NA NA NA NA NA NA NA NA NA NA NA NA NA NA 
21 8 29 0.700000 0 2 1 1 0.967906 1 8 10 395 367 7 637 443 NA NA NA NA NA NA NA NA NA NA NA NA NA NA NA NA NA NA 
21 8 30 0.700000 0 8 1 1 0.727104 2 4 7 588 360 10 622 423 9 470 463 6 408 321 2 470 312 1 396 382 3 534 469 5 631 308 
21 8 31 0.700000 0 2 1 1 0.730507 1 9 8 420 361 1 519 466 NA NA NA NA NA NA NA NA NA NA NA NA NA NA NA NA NA NA 
21 8 32 0.700000 0 5 1 1 0.790361 4 7 5 576 421 3 396 447 1 388 316 4 449 340 8 615 296 NA NA NA NA NA NA NA NA NA 
21 8 33 0.700000 0 5 1 0 3.268605 0 4 3 451 464 2 621 360 6 397 388 5 481 321 1 569 425 NA NA NA NA NA NA NA NA NA 
21 8 34 0.700000 0 5 1 1 0.580484 3 5 8 623 395 9 415 441 3 517 450 1 439 330 2 614 331 NA NA NA NA NA NA NA NA NA 
21 8 35 0.700000 0 5 1 1 0.658882 2 5 9 586 313 3 432 383 4 533 444 8 467 435 1 577 406 NA NA NA NA NA NA NA NA NA 
21 8 36 0.700000 0 8 1 1 1.279586 7 6 3 623 312 1 467 455 5 562 463 4 491 325 8 447 389 10 394 414 9 563 304 2 618 401 
21 8 37 0.700000 0 2 0 0 0.701615 0 2 2 546 333 8 610 471 NA NA NA NA NA NA NA NA NA NA NA NA NA NA NA NA NA NA 
21 8 38 0.700000 0 8 1 1 1.190381 0 7 4 463 417 8 615 349 1 509 309 5 606 428 3 400 466 10 501 465 9 421 342 2 565 474 
21 8 39 0.700000 0 8 0 0 0.859484 3 3 5 387 445 7 481 323 2 573 451 3 452 457 9 571 334 10 397 306 8 636 423 4 423 365 
21 8 40 0.700000 0 2 1 1 0.603607 1 8 3 604 473 10 527 474 NA NA NA NA NA NA NA NA NA NA NA NA NA NA NA NA NA NA 
21 8 41 0.700000 0 5 1 1 0.944463 0 9 4 551 464 10 561 297 3 430 412 2 487 471 1 571 377 NA NA NA NA NA NA NA NA NA 
21 8 42 0.700000 0 8 0 0 0.867609 0 7 7 603 369 4 519 312 10 589 469 2 406 304 5 624 303 8 486 446 6 395 375 9 424 434 
21 8 43 0.700000 0 8 1 1 0.885113 7 5 6 486 319 3 419 420 2 480 470 10 557 305 4 624 375 8 561 460 9 634 468 1 424 350 
21 8 44 0.700000 0 2 0 0 0.733209 0 3 3 483 435 5 593 360 NA NA NA NA NA NA NA NA NA NA NA NA NA NA NA NA NA NA 
21 8 45 0.700000 0 8 1 1 0.820989 0 1 6 549 429 3 439 421 10 584 348 9 460 345 7 616 453 5 389 298 4 399 356 2 636 315 
21 8 46 0.700000 0 5 1 1 1.180531 2 10 3 410 326 2 515 312 7 388 412 9 597 376 8 600 313 NA NA NA NA NA NA NA NA NA 
21 8 47 0.700000 0 8 0 1 1.422545 4 9 7 577 454 5 504 304 4 598 339 2 395 306 9 445 462 8 637 391 10 455 371 6 509 449 
21 8 48 0.700000 0 8 0 1 8.062011 5 8 7 435 454 10 587 304 6 578 370 1 471 304 9 614 428 8 407 367 3 525 470 4 636 357 
21 8 49 0.700000 0 2 0 0 1.195979 0 6 6 590 391 10 547 294 NA NA NA NA NA NA NA NA NA NA NA NA NA NA NA NA NA NA 
21 8 50 0.700000 0 5 1 1 0.740695 3 3 8 614 323 9 427 359 10 517 457 6 522 300 4 434 453 NA NA NA NA NA NA NA NA NA 
21 8 51 0.700000 0 2 1 1 0.702698 0 2 10 490 321 9 429 337 NA NA NA NA NA NA NA NA NA NA NA NA NA NA NA NA NA NA 
21 8 52 0.700000 0 8 1 1 1.601848 6 3 4 551 327 6 612 448 10 428 468 8 504 456 9 396 398 5 637 394 7 471 320 2 404 298 
21 8 53 0.700000 0 5 1 1 0.772215 1 9 2 616 376 5 567 465 3 570 321 7 424 312 1 439 416 NA NA NA NA NA NA NA NA NA 
21 8 54 0.700000 0 5 0 1 0.868462 3 10 4 399 370 8 544 317 3 599 370 10 450 306 2 515 458 NA NA NA NA NA NA NA NA NA 
21 8 55 0.700000 0 8 1 1 1.510077 4 3 2 632 406 5 589 334 10 390 337 6 475 439 9 546 438 8 412 438 4 528 311 7 622 470 
21 8 56 0.700000 0 5 1 1 2.213220 2 2 5 584 452 6 452 385 10 405 313 9 606 366 7 414 449 NA NA NA NA NA NA NA NA NA 
21 8 57 0.700000 0 5 1 1 0.710185 4 2 9 637 458 7 463 455 4 441 322 5 546 319 1 617 401 NA NA NA NA NA NA NA NA NA 
21 8 58 0.700000 0 2 1 1 0.564140 1 10 7 570 445 3 608 351 NA NA NA NA NA NA NA NA NA NA NA NA NA NA NA NA NA NA 
21 8 59 0.700000 0 2 0 0 0.868294 1 1 2 608 448 1 628 323 NA NA NA NA NA NA NA NA NA NA NA NA NA NA NA NA NA NA 
