14 0 0 0.700000 0 2 0 0 0.867260 0 8 8 628 428 9 488 296 NA NA NA NA NA NA NA NA NA NA NA NA NA NA NA NA NA NA 
14 0 1 0.700000 0 5 1 1 1.232073 3 1 8 595 413 4 559 333 6 505 461 9 416 432 2 398 327 NA NA NA NA NA NA NA NA NA 
14 0 2 0.700000 0 5 1 1 0.857369 4 2 7 458 418 4 539 302 6 484 322 1 392 410 8 562 424 NA NA NA NA NA NA NA NA NA 
14 0 3 0.700000 0 2 0 0 0.781325 1 2 10 454 395 2 563 327 NA NA NA NA NA NA NA NA NA NA NA NA NA NA NA NA NA NA 
14 0 4 0.700000 0 2 1 1 0.913933 1 2 8 581 307 3 513 326 NA NA NA NA NA NA NA NA NA NA NA NA NA NA NA NA NA NA 
14 0 5 0.700000 0 5 1 1 0.763022 2 5 1 444 336 8 549 434 3 637 299 2 628 435 4 507 306 NA NA NA NA NA NA NA NA NA 
14 0 6 0.700000 0 2 0 0 1.182164 0 8 8 612 434 3 541 437 NA NA NA NA NA NA NA NA NA NA NA NA NA NA NA NA NA NA 
14 0 7 0.700000 0 5 1 1 1.007169 4 6 4 601 446 3 396 411 9 611 339 5 430 315 10 483 459 NA NA NA NA NA NA NA NA NA 
14 0 8 0.700000 0 5 1 1 0.726605 2 3 9 413 444 4 575 461 10 438 337 5 489 471 8 633 376 NA NA NA NA NA NA NA NA NA 
14 0 9 0.700000 0 8 1 1 0.661069 3 3 2 619 428 6 397 390 7 626 335 1 465 450 8 427 304 10 539 438 4 547 300 5 404 449 
14 0 10 0.700000 0 5 0 0 1.226402 1 9 5 409 429 9 485 458 7 404 355 3 582 426 10 542 298 NA NA NA NA NA NA NA NA NA 
14 0 11 0.700000 0 2 1 0 1.364454 0 1 2 556 317 3 622 360 NA NA NA NA NA NA NA NA NA NA NA NA NA NA NA NA NA NA 
14 0 12 0.700000 0 8 1 1 0.688335 4 10 2 591 436 4 433 466 1 584 340 9 423 328 7 488 439 3 444 397 6 637 366 5 523 301 
14 0 13 0.700000 0 2 1 1 0.473636 1 4 10 407 361 6 595 462 NA NA NA NA NA NA NA NA NA NA NA NA NA NA NA NA NA NA 
14 0 14 0.700000 0 8 1 1 0.644798 7 7 8 400 316 10 596 298 9 620 383 4 441 444 5 548 430 3 396 402 1 499 327 6 626 469 
14 0 15 0.700000 0 8 1 1 0.700833 1 1 4 592 432 7 538 303 9 395 316 8 623 367 10 415 404 5 610 297 2 459 450 6 471 326 
14 0 16 0.700000 0 8 1 1 0.785607 6 2 9 628 422 7 458 433 4 560 313 6 601 368 5 452 329 3 524 463 8 408 393 1 404 459 
14 0 17 0.700000 0 5 1 1 0.601606 1 8 2 467 445 9 544 303 6 392 445 1 412 338 7 572 372 NA NA NA NA NA NA NA NA NA 
14 0 18 0.700000 0 8 1 1 0.668907 6 2 7 443 386 3 551 427 5 428 314 1 622 370 9 582 304 4 492 311 8 388 427 10 588 473 
14 0 19 0.700000 0 5 1 1 0.356327 4 5 4 508 315 8 624 458 3 390 341 10 417 395 6 512 448 NA NA NA NA NA NA NA NA NA 
14 0 20 0.700000 0 8 0 1 0.757892 0 10 10 550 327 9 423 422 6 622 385 7 597 440 8 388 368 3 390 307 1 612 318 5 521 446 
14 0 21 0.700000 0 2 1 1 0.509136 0 1 5 580 472 7 427 348 NA NA NA NA NA NA NA NA NA NA NA NA NA NA NA NA NA NA 
14 0 22 0.700000 0 2 1 1 0.788775 1 6 1 567 317 3 492 295 NA NA NA NA NA NA NA NA NA NA NA NA NA NA NA NA NA NA 
14 0 23 0.700000 0 2 1 1 0.542749 0 10 4 604 314 2 448 360 NA NA NA NA NA NA NA NA NA NA NA NA NA NA NA NA NA NA 
14 0 24 0.700000 0 5 1 1 0.521963 3 3 9 432 350 6 526 450 1 601 379 5 584 303 2 633 432 NA NA NA NA NA NA NA NA NA 
14 0 25 0.700000 0 2 1 1 0.392712 0 9 8 543 333 6 423 426 NA NA NA NA NA NA NA NA NA NA NA NA NA NA NA NA NA NA 
14 0 26 0.700000 0 8 0 0 0.837750 5 5 1 554 310 10 625 426 6 624 361 4 453 340 3 395 435 5 527 463 8 449 401 9 452 464 
14 0 27 0.700000 0 2 1 1 0.596205 0 10 5 439 429 1 574 414 NA NA NA NA NA NA NA NA NA NA NA NA NA NA NA NA NA NA 
14 0 28 0.700000 0 2 1 1 0.724512 0 9 1 428 439 10 627 399 NA NA NA NA NA NA NA NA NA NA NA NA NA NA NA NA NA NA 
14 0 29 0.700000 0 5 1 1 0.656966 2 3 7 634 367 9 449 450 2 586 446 5 394 401 8 414 341 NA NA NA NA NA NA NA NA NA 
14 0 30 0.700000 0 2 1 1 0.413599 1 7 3 520 465 8 634 300 NA NA NA NA NA NA NA NA NA NA NA NA NA NA NA NA NA NA 
14 0 31 0.700000 0 8 1 1 0.556344 1 5 3 544 459 4 615 375 2 442 398 9 559 296 6 419 327 8 630 458 7 476 456 1 389 458 
14 0 32 0.700000 0 5 1 1 0.516171 4 1 2 406 351 3 531 451 10 476 331 6 616 341 8 434 429 NA NA NA NA NA NA NA NA NA 
14 0 33 0.700000 0 8 1 1 0.721655 3 10 7 469 337 1 562 307 3 505 442 4 399 472 6 445 407 5 398 300 2 617 341 9 581 389 
14 0 34 0.700000 0 2 1 1 0.484695 0 1 10 630 370 4 388 344 NA NA NA NA NA NA NA NA NA NA NA NA NA NA NA NA NA NA 
14 0 35 0.700000 0 8 1 1 0.633560 1 7 9 554 472 6 452 365 10 409 430 4 563 323 2 464 302 1 591 423 8 634 463 3 623 324 
14 0 36 0.700000 0 5 1 1 0.460916 1 4 1 576 407 3 626 337 10 428 372 7 502 461 2 405 430 NA NA NA NA NA NA NA NA NA 
14 0 37 0.700000 0 5 1 1 0.552839 2 10 5 433 339 4 560 304 9 489 309 6 616 437 2 450 459 NA NA NA NA NA NA NA NA NA 
14 0 38 0.700000 0 2 1 1 0.384403 1 2 10 535 460 5 433 380 NA NA NA NA NA NA NA NA NA NA NA NA NA NA NA NA NA NA 
14 0 39 0.700000 0 8 0 1 0.693226 0 10 10 510 304 1 578 373 5 616 329 7 418 317 3 423 390 4 510 455 2 613 464 8 399 456 
14 0 40 0.700000 0 8 1 1 0.621029 3 10 6 587 377 8 612 314 3 419 470 7 520 457 5 495 310 2 637 408 4 405 376 1 581 442 
14 0 41 0.700000 0 5 1 1 0.601605 2 8 10 410 374 6 531 317 3 609 294 2 579 443 5 427 294 NA NA NA NA NA NA NA NA NA 
14 0 42 0.700000 0 5 1 1 0.429640 1 5 4 428 347 8 618 316 6 541 457 2 614 390 1 423 466 NA NA NA NA NA NA NA NA NA 
14 0 43 0.700000 0 5 0 0 0.765332 1 4 10 387 376 4 593 296 8 449 342 6 600 451 1 421 459 NA NA NA NA NA NA NA NA NA 
14 0 44 0.700000 0 8 0 1 0.609614 3 7 5 436 349 4 388 309 6 522 296 7 578 438 2 606 328 1 431 409 3 495 447 9 628 469 
14 0 45 0.700000 0 2 0 0 0.579660 0 7 7 605 368 3 467 346 NA NA NA NA NA NA NA NA NA NA NA NA NA NA NA NA NA NA 
14 0 46 0.700000 0 5 0 0 1.103512 0 10 10 484 298 8 423 448 6 636 338 1 592 457 4 387 390 NA NA NA NA NA NA NA NA NA 
14 0 47 0.700000 0 8 1 1 0.800527 4 3 9 539 466 8 405 431 7 450 338 10 579 308 1 602 375 5 497 304 4 469 431 6 388 303 
14 0 48 0.700000 0 2 0 0 0.603236 0 8 8 452 407 5 632 314 NA NA NA NA NA NA NA NA NA NA NA NA NA NA NA NA NA NA 
14 0 49 0.700000 0 2 1 1 0.530224 1 10 4 402 324 5 520 304 NA NA NA NA NA NA NA NA NA NA NA NA NA NA NA NA NA NA 
14 0 50 0.700000 0 2 0 0 0.635521 0 3 3 456 415 1 388 463 NA NA NA NA NA NA NA NA NA NA NA NA NA NA NA NA NA NA 
14 0 51 0.700000 0 8 0 0 1.041900 5 1 2 574 305 3 616 361 9 465 350 10 410 393 5 555 453 1 412 456 4 511 305 8 390 294 
14 0 52 0.700000 0 5 0 0 0.571231 4 7 4 437 474 9 592 355 3 558 441 10 413 323 7 415 419 NA NA NA NA NA NA NA NA NA 
14 0 53 0.700000 0 5 0 0 0.856144 2 1 9 498 460 2 426 417 1 631 394 10 576 438 5 587 300 NA NA NA NA NA NA NA NA NA 
14 0 54 0.700000 0 8 1 0 0.917459 4 10 9 417 350 1 535 327 5 566 452 4 417 462 8 633 467 2 619 399 6 627 336 3 475 441 
14 0 55 0.700000 0 8 1 1 0.795146 3 6 2 458 423 3 406 360 5 624 385 7 592 306 8 421 300 9 594 457 10 485 310 4 390 454 
14 0 56 0.700000 0 8 1 1 0.768141 2 8 6 593 387 4 443 410 9 618 297 5 399 318 1 450 349 3 564 327 2 597 453 7 526 474 
14 0 57 0.700000 0 2 1 1 0.462915 0 3 6 491 307 1 635 461 NA NA NA NA NA NA NA NA NA NA NA NA NA NA NA NA NA NA 
14 0 58 0.700000 0 5 0 0 0.778906 4 8 9 396 351 10 436 456 1 478 337 7 569 373 8 616 414 NA NA NA NA NA NA NA NA NA 
14 0 59 0.700000 0 8 0 1 0.738333 5 9 2 429 370 6 417 437 4 615 462 1 619 320 7 531 322 9 612 394 8 544 466 3 485 470 
14 1 0 0.300000 0 5 0 0 0.703282 3 10 3 531 294 6 594 332 5 592 402 10 398 471 2 457 408 NA NA NA NA NA NA NA NA NA 
14 1 1 0.300000 0 5 0 0 0.980396 4 9 4 556 312 5 625 296 3 612 450 8 513 445 9 408 386 NA NA NA NA NA NA NA NA NA 
14 1 2 0.300000 0 2 1 1 0.601017 0 10 3 582 388 9 612 299 NA NA NA NA NA NA NA NA NA NA NA NA NA NA NA NA NA NA 
14 1 3 0.300000 0 5 0 0 1.014911 4 2 1 611 357 3 462 294 9 610 447 7 388 442 2 439 394 NA NA NA NA NA NA NA NA NA 
14 1 4 0.300000 0 2 0 0 0.416682 1 1 10 601 444 1 449 422 NA NA NA NA NA NA NA NA NA NA NA NA NA NA NA NA NA NA 
14 1 5 0.300000 0 5 0 0 0.502062 4 3 1 410 316 8 550 311 6 588 462 9 410 444 3 428 388 NA NA NA NA NA NA NA NA NA 
14 1 6 0.300000 0 8 0 1 0.763310 3 6 5 601 336 8 392 445 2 636 438 6 523 310 1 527 443 9 437 328 10 453 468 7 388 375 
14 1 7 0.300000 0 8 0 0 0.586148 1 3 9 632 470 3 589 415 1 489 299 5 424 382 7 461 444 2 594 338 8 402 321 6 395 455 
14 1 8 0.300000 0 2 0 0 0.469819 0 6 6 420 419 9 483 318 NA NA NA NA NA NA NA NA NA NA NA NA NA NA NA NA NA NA 
14 1 9 0.300000 0 5 0 0 0.565526 2 10 7 589 343 5 477 469 10 570 406 8 522 315 4 465 294 NA NA NA NA NA NA NA NA NA 
14 1 10 0.300000 0 8 0 0 0.621267 5 2 10 560 459 6 498 327 3 602 353 5 412 395 8 422 317 2 617 436 1 445 459 4 562 295 
14 1 11 0.300000 0 2 0 1 0.433349 1 9 10 433 432 9 491 449 NA NA NA NA NA NA NA NA NA NA NA NA NA NA NA NA NA NA 
14 1 12 0.300000 0 5 0 0 0.365690 0 7 7 493 453 8 477 332 9 406 323 4 607 458 2 445 402 NA NA NA NA NA NA NA NA NA 
14 1 13 0.300000 0 2 0 0 0.409027 1 7 10 615 319 7 475 468 NA NA NA NA NA NA NA NA NA NA NA NA NA NA NA NA NA NA 
14 1 14 0.300000 0 2 0 0 0.503392 1 1 3 474 443 1 591 373 NA NA NA NA NA NA NA NA NA NA NA NA NA NA NA NA NA NA 
14 1 15 0.300000 0 2 0 0 0.394176 0 4 4 392 306 10 636 468 NA NA NA NA NA NA NA NA NA NA NA NA NA NA NA NA NA NA 
14 1 16 0.300000 0 2 0 0 0.354875 0 5 5 484 294 8 611 449 NA NA NA NA NA NA NA NA NA NA NA NA NA NA NA NA NA NA 
14 1 17 0.300000 0 8 0 0 0.460060 0 9 9 635 389 8 401 349 1 595 435 2 409 471 3 555 308 4 515 454 6 627 304 7 475 328 
14 1 18 0.300000 0 2 0 0 0.335876 0 5 5 409 328 1 398 457 NA NA NA NA NA NA NA NA NA NA NA NA NA NA NA NA NA NA 
14 1 19 0.300000 0 2 1 1 0.561867 0 10 7 403 349 6 613 453 NA NA NA NA NA NA NA NA NA NA NA NA NA NA NA NA NA NA 
14 1 20 0.300000 0 2 1 1 0.587849 1 1 6 403 346 10 449 295 NA NA NA NA NA NA NA NA NA NA NA NA NA NA NA NA NA NA 
14 1 21 0.300000 0 8 0 1 0.539742 7 9 8 547 441 3 457 461 7 409 379 10 432 313 1 593 382 5 525 310 6 391 458 9 588 306 
14 1 22 0.300000 0 8 0 0 0.492715 1 8 1 588 331 8 414 358 4 532 315 5 472 336 6 430 464 2 617 449 9 518 460 10 456 404 
14 1 23 0.300000 0 8 0 0 0.481691 7 4 9 515 465 1 438 451 7 423 310 6 603 353 10 589 421 5 387 397 3 505 309 4 446 370 
14 1 24 0.300000 0 8 0 0 0.745926 1 6 9 608 462 6 445 416 10 485 310 2 577 353 8 417 327 7 406 467 1 592 295 4 473 470 
14 1 25 0.300000 0 2 0 0 0.488657 0 1 1 449 298 10 505 465 NA NA NA NA NA NA NA NA NA NA NA NA NA NA NA NA NA NA 
14 1 26 0.300000 0 2 1 1 0.701199 0 5 3 601 393 4 604 455 NA NA NA NA NA NA NA NA NA NA NA NA NA NA NA NA NA NA 
14 1 27 0.300000 0 8 1 1 1.334689 7 7 10 552 455 6 566 310 8 430 444 3 629 325 2 433 317 9 611 464 5 450 382 1 595 405 
14 1 28 0.300000 0 2 0 0 0.415180 0 4 4 463 339 5 624 337 NA NA NA NA NA NA NA NA NA NA NA NA NA NA NA NA NA NA 
14 1 29 0.300000 0 2 0 0 0.779375 0 1 1 550 463 5 573 358 NA NA NA NA NA NA NA NA NA NA NA NA NA NA NA NA NA NA 
14 1 30 0.300000 0 2 1 1 0.550923 0 5 4 409 380 7 617 413 NA NA NA NA NA NA NA NA NA NA NA NA NA NA NA NA NA NA 
14 1 31 0.300000 0 5 1 1 0.744011 3 6 1 443 410 10 571 431 8 431 310 7 630 387 3 611 321 NA NA NA NA NA NA NA NA NA 
14 1 32 0.300000 0 5 1 1 0.867502 4 10 9 613 342 4 429 377 8 432 456 2 503 309 5 613 431 NA NA NA NA NA NA NA NA NA 
14 1 33 0.300000 0 5 0 0 0.825392 1 5 1 397 408 5 607 308 7 491 326 4 460 416 6 610 420 NA NA NA NA NA NA NA NA NA 
14 1 34 0.300000 0 8 1 1 0.680927 7 3 10 569 459 9 449 396 8 610 404 6 478 334 4 546 337 5 475 456 7 397 310 1 413 469 
14 1 35 0.300000 0 5 0 0 0.743090 3 1 6 596 457 7 421 391 8 626 375 1 472 455 9 580 295 NA NA NA NA NA NA NA NA NA 
14 1 36 0.300000 0 8 0 0 0.436719 0 5 5 462 351 10 580 334 4 451 423 6 630 297 3 392 322 2 626 381 9 597 458 8 484 297 
14 1 37 0.300000 0 5 1 0 2.900790 0 3 7 535 307 2 582 355 5 391 342 4 619 457 9 441 413 NA NA NA NA NA NA NA NA NA 
14 1 38 0.300000 0 8 0 0 0.951561 2 3 5 625 421 4 435 378 3 440 308 6 595 306 2 455 435 10 591 474 7 498 307 1 399 455 
14 1 39 0.300000 0 5 1 1 0.929442 2 3 4 411 358 1 437 306 7 513 321 8 433 414 5 511 452 NA NA NA NA NA NA NA NA NA 
14 1 40 0.300000 0 5 0 0 0.588729 3 7 8 425 442 4 585 297 10 501 445 7 420 347 6 627 438 NA NA NA NA NA NA NA NA NA 
14 1 41 0.300000 0 5 1 1 0.584634 2 3 4 615 452 2 636 333 10 532 470 6 389 440 1 392 335 NA NA NA NA NA NA NA NA NA 
14 1 42 0.300000 0 8 1 0 0.874394 7 2 5 426 474 6 487 307 9 418 389 10 633 360 3 591 452 8 558 333 1 527 451 4 631 302 
14 1 43 0.300000 0 8 1 1 0.867702 5 7 3 423 347 2 559 336 9 594 396 1 620 296 4 440 430 10 535 455 8 486 315 5 634 440 
14 1 44 0.300000 0 8 1 1 0.702533 1 4 9 608 295 7 424 404 1 574 391 6 516 323 8 475 471 5 450 340 3 391 340 2 552 465 
14 1 45 0.300000 0 5 1 1 0.813113 3 2 4 460 332 10 575 328 1 405 434 9 611 431 6 534 456 NA NA NA NA NA NA NA NA NA 
14 1 46 0.300000 0 5 0 0 0.709260 1 9 1 514 452 9 599 333 8 438 374 2 501 308 7 426 442 NA NA NA NA NA NA NA NA NA 
14 1 47 0.300000 0 8 0 1 0.907611 3 8 1 443 390 6 567 410 10 610 348 8 513 308 7 534 463 5 429 312 9 475 468 4 577 297 
14 1 48 0.300000 0 8 0 0 0.704410 7 8 9 442 296 7 555 469 3 570 411 1 498 442 2 435 426 10 637 449 5 633 306 8 526 314 
14 1 49 0.300000 0 2 0 0 0.376824 0 9 9 572 295 1 603 434 NA NA NA NA NA NA NA NA NA NA NA NA NA NA NA NA NA NA 
14 1 50 0.300000 0 5 0 0 1.199387 4 8 7 602 340 2 405 434 9 421 365 3 456 310 8 466 450 NA NA NA NA NA NA NA NA NA 
14 1 51 0.300000 0 8 0 0 0.968297 1 1 3 438 439 1 427 344 4 561 327 5 502 465 7 613 454 2 485 310 6 601 383 9 390 299 
14 1 52 0.300000 0 2 0 0 0.513247 1 10 8 604 393 10 423 425 NA NA NA NA NA NA NA NA NA NA NA NA NA NA NA NA NA NA 
14 1 53 0.300000 0 2 0 0 0.892236 0 5 5 589 402 2 443 426 NA NA NA NA NA NA NA NA NA NA NA NA NA NA NA NA NA NA 
14 1 54 0.300000 0 8 0 0 0.544375 0 4 4 556 448 10 415 474 8 461 426 7 506 315 6 387 368 1 605 362 3 453 348 9 637 438 
14 1 55 0.300000 0 2 1 1 1.129627 1 1 3 608 328 10 505 454 NA NA NA NA NA NA NA NA NA NA NA NA NA NA NA NA NA NA 
14 1 56 0.300000 0 5 0 0 0.721005 2 2 5 439 383 9 439 467 2 568 448 3 595 352 6 632 455 NA NA NA NA NA NA NA NA NA 
14 1 57 0.300000 0 5 0 0 0.575597 3 9 1 584 415 7 404 452 8 432 327 9 513 308 4 637 313 NA NA NA NA NA NA NA NA NA 
14 1 58 0.300000 0 5 0 0 0.729467 3 2 10 482 319 9 429 374 4 632 423 2 594 335 7 578 466 NA NA NA NA NA NA NA NA NA 
14 1 59 0.300000 0 8 1 0 0.607855 0 9 7 629 295 6 429 391 10 435 460 2 594 408 8 532 324 3 417 307 1 516 447 5 474 326 
14 2 0 0.700000 0 8 1 1 0.503598 1 9 1 460 465 5 528 460 6 481 333 3 558 299 7 586 438 10 594 366 4 395 404 8 396 297 
14 2 1 0.700000 0 5 0 0 0.751217 1 2 7 470 437 2 392 368 8 581 402 9 622 356 10 610 299 NA NA NA NA NA NA NA NA NA 
14 2 2 0.700000 0 8 1 0 0.569918 3 2 7 570 379 10 580 295 5 471 439 9 411 446 1 470 323 8 391 367 3 602 450 6 634 332 
14 2 3 0.700000 0 2 1 1 0.443688 1 6 2 522 302 3 394 352 NA NA NA NA NA NA NA NA NA NA NA NA NA NA NA NA NA NA 
14 2 4 0.700000 0 8 1 1 0.499916 3 7 6 535 294 5 534 462 2 590 384 8 427 474 9 633 455 3 388 414 4 449 344 10 599 294 
14 2 5 0.700000 0 8 1 1 0.600892 4 10 1 456 347 6 393 387 7 547 300 4 633 436 8 596 336 5 552 462 3 485 473 9 425 437 
14 2 6 0.700000 0 8 1 1 0.659301 3 1 6 524 472 4 626 417 10 401 393 9 450 317 8 406 466 3 579 377 2 457 420 5 634 316 
14 2 7 0.700000 0 2 0 0 0.781640 1 4 3 569 445 4 433 310 NA NA NA NA NA NA NA NA NA NA NA NA NA NA NA NA NA NA 
14 2 8 0.700000 0 8 0 0 0.995268 0 1 1 627 365 5 560 470 3 551 329 6 448 381 2 415 470 7 492 312 8 395 314 9 609 423 
14 2 9 0.700000 0 2 1 1 0.831788 0 4 5 588 404 2 421 449 NA NA NA NA NA NA NA NA NA NA NA NA NA NA NA NA NA NA 
14 2 10 0.700000 0 2 0 0 0.694595 0 2 2 616 408 7 434 428 NA NA NA NA NA NA NA NA NA NA NA NA NA NA NA NA NA NA 
14 2 11 0.700000 0 5 1 1 0.743226 3 6 8 456 416 4 620 305 9 635 422 3 391 458 1 576 379 NA NA NA NA NA NA NA NA NA 
14 2 12 0.700000 0 2 1 1 0.842687 1 2 8 473 297 6 445 412 NA NA NA NA NA NA NA NA NA NA NA NA NA NA NA NA NA NA 
14 2 13 0.700000 0 2 1 1 0.528189 0 3 8 406 314 5 577 330 NA NA NA NA NA NA NA NA NA NA NA NA NA NA NA NA NA NA 
14 2 14 0.700000 0 5 1 1 0.442915 3 10 2 534 303 1 441 325 7 497 460 6 406 402 4 592 374 NA NA NA NA NA NA NA NA NA 
14 2 15 0.700000 0 2 1 1 0.449536 1 7 8 438 455 9 388 370 NA NA NA NA NA NA NA NA NA NA NA NA NA NA NA NA NA NA 
14 2 16 0.700000 0 2 1 1 0.420507 1 7 10 428 448 3 571 408 NA NA NA NA NA NA NA NA NA NA NA NA NA NA NA NA NA NA 
14 2 17 0.700000 0 8 0 0 1.048415 0 8 8 566 462 4 624 385 5 547 325 9 478 453 2 476 335 1 425 389 10 407 314 7 610 317 
14 2 18 0.700000 0 8 0 0 0.908361 3 2 8 387 368 7 608 452 4 618 329 2 444 340 9 519 321 3 492 474 5 548 430 6 570 371 
14 2 19 0.700000 0 2 0 0 0.596542 1 7 10 627 439 7 401 474 NA NA NA NA NA NA NA NA NA NA NA NA NA NA NA NA NA NA 
14 2 20 0.700000 0 5 1 1 0.397185 0 6 7 632 347 1 424 416 8 486 298 3 559 301 4 507 443 NA NA NA NA NA NA NA NA NA 
14 2 21 0.700000 0 8 0 1 0.426663 2 6 4 535 296 5 408 430 6 572 357 7 568 431 3 462 323 9 446 385 2 633 449 8 632 337 
14 2 22 0.700000 0 5 1 1 0.717070 2 6 5 624 443 10 566 406 1 571 337 7 617 373 2 387 457 NA NA NA NA NA NA NA NA NA 
14 2 23 0.700000 0 5 1 1 0.440495 0 3 10 598 354 4 579 417 8 510 296 7 437 384 2 421 318 NA NA NA NA NA NA NA NA NA 
14 2 24 0.700000 0 5 1 1 0.474292 2 2 5 482 438 8 569 472 10 606 373 3 434 320 6 410 411 NA NA NA NA NA NA NA NA NA 
14 2 25 0.700000 0 5 1 1 0.510453 0 10 5 425 437 4 558 429 6 488 311 3 609 306 8 395 312 NA NA NA NA NA NA NA NA NA 
14 2 26 0.700000 0 5 0 1 0.674167 2 4 10 634 406 8 545 447 4 578 357 9 441 469 2 422 326 NA NA NA NA NA NA NA NA NA 
14 2 27 0.700000 0 5 1 0 0.591910 0 9 3 616 378 5 426 339 1 569 469 2 476 434 10 389 453 NA NA NA NA NA NA NA NA NA 
14 2 28 0.700000 0 8 1 1 1.174833 5 3 10 604 301 5 475 451 7 603 395 8 551 444 2 420 326 1 524 297 4 400 384 9 637 453 
14 2 29 0.700000 0 2 1 1 0.405017 1 2 6 565 359 10 422 472 NA NA NA NA NA NA NA NA NA NA NA NA NA NA NA NA NA NA 
14 2 30 0.700000 0 2 1 1 0.412510 1 5 3 449 346 8 616 341 NA NA NA NA NA NA NA NA NA NA NA NA NA NA NA NA NA NA 
14 2 31 0.700000 0 8 1 1 0.539252 0 2 5 488 464 8 578 421 3 451 411 10 555 295 1 404 364 7 408 463 6 630 306 4 499 313 
14 2 32 0.700000 0 2 1 1 0.422046 1 10 6 451 414 2 440 344 NA NA NA NA NA NA NA NA NA NA NA NA NA NA NA NA NA NA 
14 2 33 0.700000 0 5 1 1 0.696187 1 8 5 442 305 9 627 340 2 412 393 1 547 328 7 418 453 NA NA NA NA NA NA NA NA NA 
14 2 34 0.700000 0 5 0 0 0.583864 1 2 6 621 339 2 576 434 8 472 443 1 394 354 10 570 375 NA NA NA NA NA NA NA NA NA 
14 2 35 0.700000 0 5 0 0 1.227199 1 10 1 519 304 10 414 441 5 427 313 2 637 406 8 485 464 NA NA NA NA NA NA NA NA NA 
14 2 36 0.700000 0 8 1 1 0.566632 1 5 9 621 308 4 443 436 7 585 443 6 485 314 2 396 353 8 573 350 10 622 396 1 506 447 
14 2 37 0.700000 0 5 1 1 0.612087 1 8 2 573 313 10 420 455 4 469 320 9 431 380 3 499 442 NA NA NA NA NA NA NA NA NA 
14 2 38 0.700000 0 5 1 1 0.665036 4 8 5 453 314 9 451 435 7 557 325 6 400 375 2 600 461 NA NA NA NA NA NA NA NA NA 
14 2 39 0.700000 0 8 1 1 0.675923 5 10 1 392 366 8 592 327 4 454 428 6 572 393 7 405 469 9 515 318 5 421 305 3 539 443 
14 2 40 0.700000 0 2 1 1 0.471326 0 6 4 586 339 2 414 449 NA NA NA NA NA NA NA NA NA NA NA NA NA NA NA NA NA NA 
14 2 41 0.700000 0 8 1 1 0.663023 6 4 1 588 302 8 417 326 6 442 442 9 601 409 3 498 468 5 494 299 10 391 396 2 591 473 
14 2 42 0.700000 0 2 1 1 0.401760 0 9 4 545 445 8 405 393 NA NA NA NA NA NA NA NA NA NA NA NA NA NA NA NA NA NA 
14 2 43 0.700000 0 5 0 0 0.910496 3 3 10 614 468 2 561 426 1 447 411 3 626 401 4 581 351 NA NA NA NA NA NA NA NA NA 
14 2 44 0.700000 0 8 0 0 1.114584 5 1 5 404 312 6 590 320 9 565 443 7 424 465 4 514 326 1 632 416 3 422 380 10 489 461 
14 2 45 0.700000 0 8 0 0 0.819199 3 3 7 597 396 5 449 299 10 399 389 3 542 456 4 628 302 2 627 474 6 467 451 9 563 319 
14 2 46 0.700000 0 8 1 1 0.639170 6 7 10 582 440 2 556 314 8 611 366 1 403 425 6 479 456 9 474 301 5 394 345 4 452 382 
14 2 47 0.700000 0 2 0 0 0.531003 0 2 2 631 390 6 486 462 NA NA NA NA NA NA NA NA NA NA NA NA NA NA NA NA NA NA 
14 2 48 0.700000 0 8 1 1 0.431979 1 1 7 566 311 9 444 395 10 526 461 5 626 415 2 581 377 6 415 306 8 479 301 3 624 335 
14 2 49 0.700000 0 2 0 0 0.801873 1 8 6 398 336 8 416 446 NA NA NA NA NA NA NA NA NA NA NA NA NA NA NA NA NA NA 
14 2 50 0.700000 0 5 1 1 0.586198 3 10 4 441 461 7 459 349 8 557 435 3 389 344 5 637 304 NA NA NA NA NA NA NA NA NA 
14 2 51 0.700000 0 2 0 0 0.590221 0 8 8 463 324 5 568 471 NA NA NA NA NA NA NA NA NA NA NA NA NA NA NA NA NA NA 
14 2 52 0.700000 0 2 1 1 0.350589 1 1 2 572 316 8 600 455 NA NA NA NA NA NA NA NA NA NA NA NA NA NA NA NA NA NA 
14 2 53 0.700000 0 2 1 1 0.378189 1 7 1 409 391 5 394 300 NA NA NA NA NA NA NA NA NA NA NA NA NA NA NA NA NA NA 
14 2 54 0.700000 0 2 1 1 0.484553 0 2 3 443 332 8 605 357 NA NA NA NA NA NA NA NA NA NA NA NA NA NA NA NA NA NA 
14 2 55 0.700000 0 8 1 1 0.539279 3 1 2 443 403 3 518 444 4 550 294 10 465 469 5 461 347 9 623 341 8 404 313 6 611 429 
14 2 56 0.700000 0 8 1 1 0.465445 1 2 1 503 296 3 439 380 6 619 416 10 426 321 5 539 465 7 603 352 4 463 460 9 637 297 
14 2 57 0.700000 0 5 1 1 0.399094 0 7 6 532 323 2 403 427 3 626 309 1 481 446 5 587 427 NA NA NA NA NA NA NA NA NA 
14 2 58 0.700000 0 5 1 1 0.553933 1 8 5 423 428 7 395 332 9 552 452 1 604 379 6 629 453 NA NA NA NA NA NA NA NA NA 
14 2 59 0.700000 0 5 0 0 0.572368 3 1 4 589 357 2 417 336 5 538 328 1 606 441 6 465 457 NA NA NA NA NA NA NA NA NA 
14 3 0 0.500000 0 8 0 0 0.669083 2 1 10 435 346 6 580 374 1 637 328 5 633 448 9 570 438 8 520 303 2 403 449 3 514 471 
14 3 1 0.500000 0 5 1 1 0.814725 4 8 1 590 432 7 450 401 5 447 299 6 546 322 10 463 459 NA NA NA NA NA NA NA NA NA 
14 3 2 0.500000 0 5 1 0 0.673753 2 1 2 443 335 6 629 419 3 619 319 10 499 304 9 425 449 NA NA NA NA NA NA NA NA NA 
14 3 3 0.500000 0 8 0 1 1.280346 2 9 2 390 375 5 435 456 9 606 459 1 543 459 8 409 297 6 549 334 4 611 365 3 461 341 
14 3 4 0.500000 0 2 0 0 0.596461 0 8 8 615 404 6 564 305 NA NA NA NA NA NA NA NA NA NA NA NA NA NA NA NA NA NA 
14 3 5 0.500000 0 8 0 0 0.973038 2 6 5 613 331 7 441 351 6 580 433 8 405 296 2 442 455 9 513 473 1 549 332 4 397 412 
14 3 6 0.500000 0 5 1 1 1.021089 1 9 4 485 315 10 572 351 7 479 471 6 629 315 5 388 355 NA NA NA NA NA NA NA NA NA 
14 3 7 0.500000 0 8 0 1 0.911648 4 7 10 474 454 8 455 347 1 580 298 9 548 470 7 423 397 2 622 372 4 616 439 5 411 462 
14 3 8 0.500000 0 2 1 1 0.580571 1 7 3 608 400 10 456 315 NA NA NA NA NA NA NA NA NA NA NA NA NA NA NA NA NA NA 
14 3 9 0.500000 0 2 1 1 0.454946 1 6 5 611 441 2 602 344 NA NA NA NA NA NA NA NA NA NA NA NA NA NA NA NA NA NA 
14 3 10 0.500000 0 2 1 1 0.544039 0 1 8 425 396 7 527 456 NA NA NA NA NA NA NA NA NA NA NA NA NA NA NA NA NA NA 
14 3 11 0.500000 0 2 1 1 0.598269 0 5 1 588 437 4 430 410 NA NA NA NA NA NA NA NA NA NA NA NA NA NA NA NA NA NA 
14 3 12 0.500000 0 8 1 1 0.872060 1 5 8 604 412 10 480 306 6 474 451 2 536 458 4 613 335 1 455 364 9 405 452 7 390 317 
14 3 13 0.500000 0 5 1 1 0.828603 3 6 4 405 453 7 570 377 10 524 321 2 430 373 1 635 294 NA NA NA NA NA NA NA NA NA 
14 3 14 0.500000 0 8 0 0 1.417954 6 6 5 585 368 4 401 455 8 632 463 7 444 410 3 521 462 1 404 354 6 464 319 2 559 307 
14 3 15 0.500000 0 5 0 0 0.748865 1 10 4 575 442 10 400 294 2 545 307 3 441 462 9 455 344 NA NA NA NA NA NA NA NA NA 
14 3 16 0.500000 0 8 0 0 0.708593 3 4 7 416 437 9 599 403 8 475 445 4 573 309 2 582 462 6 432 299 5 490 329 10 394 380 
14 3 17 0.500000 0 5 0 0 0.625919 0 3 3 586 319 1 568 459 5 393 344 10 435 468 9 452 351 NA NA NA NA NA NA NA NA NA 
14 3 18 0.500000 0 5 0 0 0.593372 4 4 1 437 313 10 589 470 6 442 378 7 524 301 4 624 318 NA NA NA NA NA NA NA NA NA 
14 3 19 0.500000 0 8 1 0 1.016710 5 6 7 448 382 3 552 453 1 551 334 9 620 321 5 466 320 10 455 462 2 610 456 8 395 441 
14 3 20 0.500000 0 8 0 1 0.698711 0 5 5 532 464 6 438 429 9 619 373 10 619 454 2 405 346 7 500 316 4 625 313 8 557 299 
14 3 21 0.500000 0 5 0 0 0.641721 4 5 3 473 336 2 438 465 7 592 384 8 402 416 5 632 435 NA NA NA NA NA NA NA NA NA 
14 3 22 0.500000 0 8 1 1 0.772170 5 3 1 612 473 8 581 366 7 449 442 5 391 428 10 452 373 4 398 307 9 630 417 2 543 462 
14 3 23 0.500000 0 5 0 0 0.615723 1 1 6 526 299 1 577 462 7 407 355 2 599 334 3 452 395 NA NA NA NA NA NA NA NA NA 
14 3 24 0.500000 0 5 1 1 0.462740 0 4 3 472 437 8 537 294 5 413 431 2 418 364 10 449 308 NA NA NA NA NA NA NA NA NA 
14 3 25 0.500000 0 2 1 1 0.459309 0 6 9 498 446 2 390 295 NA NA NA NA NA NA NA NA NA NA NA NA NA NA NA NA NA NA 
14 3 26 0.500000 0 5 0 0 0.782846 3 3 1 605 427 2 419 340 10 545 326 3 452 442 7 478 305 NA NA NA NA NA NA NA NA NA 
14 3 27 0.500000 0 8 1 1 0.618814 5 5 4 422 435 10 630 313 2 604 437 9 539 327 7 392 358 3 495 447 6 441 321 1 593 373 
14 3 28 0.500000 0 2 0 0 0.568144 1 4 9 594 376 4 454 445 NA NA NA NA NA NA NA NA NA NA NA NA NA NA NA NA NA NA 
14 3 29 0.500000 0 5 1 1 0.800409 4 10 6 509 296 7 576 471 3 633 438 8 585 371 2 420 353 NA NA NA NA NA NA NA NA NA 
14 3 30 0.500000 0 5 1 1 0.542750 0 2 10 407 472 5 625 311 3 571 399 6 461 310 8 624 452 NA NA NA NA NA NA NA NA NA 
14 3 31 0.500000 0 2 1 1 0.622146 0 7 9 444 432 2 413 355 NA NA NA NA NA NA NA NA NA NA NA NA NA NA NA NA NA NA 
14 3 32 0.500000 0 5 1 0 0.681890 0 8 4 630 324 3 407 446 6 454 409 5 606 405 9 500 309 NA NA NA NA NA NA NA NA NA 
14 3 33 0.500000 0 8 1 1 0.667289 3 5 2 605 298 9 432 419 4 557 451 3 563 351 7 621 458 10 388 310 8 619 379 6 501 307 
14 3 34 0.500000 0 8 1 0 1.376793 5 2 5 483 324 8 588 364 1 629 444 3 474 472 6 412 307 7 573 306 4 568 437 10 409 406 
14 3 35 0.500000 0 8 0 0 0.899468 2 3 2 627 392 10 407 430 3 612 449 6 556 466 1 596 295 7 577 359 4 465 301 8 389 362 
14 3 36 0.500000 0 8 1 1 0.793600 6 1 7 581 324 9 456 408 10 588 451 2 515 456 5 490 304 6 399 391 3 392 333 8 449 349 
14 3 37 0.500000 0 5 0 0 0.825265 1 10 9 596 324 10 449 439 6 625 423 3 527 322 2 414 326 NA NA NA NA NA NA NA NA NA 
14 3 38 0.500000 0 8 0 1 1.208503 2 1 2 623 356 7 498 448 1 398 402 5 440 454 4 603 462 10 567 295 8 470 337 3 399 323 
14 3 39 0.500000 0 2 1 1 0.411654 0 2 9 637 391 4 459 321 NA NA NA NA NA NA NA NA NA NA NA NA NA NA NA NA NA NA 
14 3 40 0.500000 0 5 0 0 1.526905 0 8 8 466 458 7 598 462 9 412 296 2 585 312 6 593 403 NA NA NA NA NA NA NA NA NA 
14 3 41 0.500000 0 2 0 0 0.873205 1 1 5 409 321 1 462 447 NA NA NA NA NA NA NA NA NA NA NA NA NA NA NA NA NA NA 
14 3 42 0.500000 0 2 0 0 0.429810 0 5 5 408 365 7 594 376 NA NA NA NA NA NA NA NA NA NA NA NA NA NA NA NA NA NA 
14 3 43 0.500000 0 2 0 0 0.376588 1 4 1 421 296 4 387 410 NA NA NA NA NA NA NA NA NA NA NA NA NA NA NA NA NA NA 
14 3 44 0.500000 0 5 0 0 0.443121 1 10 6 585 413 10 393 368 5 457 308 3 598 351 9 397 440 NA NA NA NA NA NA NA NA NA 
14 3 45 0.500000 0 8 1 1 0.832927 7 10 3 415 429 9 475 297 7 397 307 8 595 410 2 467 457 5 637 461 4 558 348 6 629 331 
14 3 46 0.500000 0 2 1 1 0.579942 1 6 8 583 381 5 462 335 NA NA NA NA NA NA NA NA NA NA NA NA NA NA NA NA NA NA 
14 3 47 0.500000 0 2 1 1 0.432372 0 8 6 422 319 3 573 399 NA NA NA NA NA NA NA NA NA NA NA NA NA NA NA NA NA NA 
14 3 48 0.500000 0 2 0 1 0.366252 0 5 5 440 360 1 501 324 NA NA NA NA NA NA NA NA NA NA NA NA NA NA NA NA NA NA 
14 3 49 0.500000 0 8 0 0 0.479075 4 4 6 456 347 9 618 360 2 424 428 5 625 436 4 550 440 7 608 298 3 539 314 10 492 456 
14 3 50 0.500000 0 2 1 1 0.451492 1 2 4 431 472 6 612 445 NA NA NA NA NA NA NA NA NA NA NA NA NA NA NA NA NA NA 
14 3 51 0.500000 0 2 0 0 0.429448 1 9 10 594 311 9 591 420 NA NA NA NA NA NA NA NA NA NA NA NA NA NA NA NA NA NA 
14 3 52 0.500000 0 8 1 1 0.735780 7 3 10 517 444 1 413 328 4 595 367 8 610 427 7 434 391 5 439 472 9 607 303 2 507 301 
14 3 53 0.500000 0 5 1 1 0.771237 3 4 10 410 429 7 585 444 2 557 319 8 486 436 6 395 371 NA NA NA NA NA NA NA NA NA 
14 3 54 0.500000 0 5 1 0 0.478879 3 3 1 601 377 4 451 425 5 562 457 8 399 380 7 629 444 NA NA NA NA NA NA NA NA NA 
14 3 55 0.500000 0 2 0 0 0.595754 1 5 9 630 316 5 412 422 NA NA NA NA NA NA NA NA NA NA NA NA NA NA NA NA NA NA 
14 3 56 0.500000 0 2 0 0 0.706525 1 1 8 591 407 1 453 393 NA NA NA NA NA NA NA NA NA NA NA NA NA NA NA NA NA NA 
14 3 57 0.500000 0 8 1 1 1.141025 4 9 1 397 329 2 490 469 3 425 454 8 579 325 4 578 433 10 485 324 5 433 378 7 636 339 
14 3 58 0.500000 0 2 0 0 0.889953 1 1 10 578 454 1 526 303 NA NA NA NA NA NA NA NA NA NA NA NA NA NA NA NA NA NA 
14 3 59 0.500000 0 5 0 0 0.776467 2 6 8 577 319 4 440 340 6 622 388 5 546 469 10 622 472 NA NA NA NA NA NA NA NA NA 
14 4 0 0.300000 0 2 1 1 0.504568 1 6 7 539 307 10 443 418 NA NA NA NA NA NA NA NA NA NA NA NA NA NA NA NA NA NA 
14 4 1 0.300000 0 8 0 0 0.583402 0 10 10 487 295 2 434 359 3 567 338 7 401 309 9 633 307 8 466 422 5 404 410 1 623 375 
14 4 2 0.300000 0 8 1 1 0.670840 7 2 5 454 418 1 567 426 8 405 462 7 436 354 4 629 443 6 634 325 10 388 306 9 503 294 
14 4 3 0.300000 0 5 0 0 0.358746 1 3 2 434 340 3 556 319 4 600 411 7 524 442 6 455 465 NA NA NA NA NA NA NA NA NA 
14 4 4 0.300000 0 2 0 0 0.412978 0 3 3 604 312 10 609 457 NA NA NA NA NA NA NA NA NA NA NA NA NA NA NA NA NA NA 
14 4 5 0.300000 0 5 0 0 0.547407 0 10 10 551 448 3 625 454 8 417 307 6 413 373 4 615 369 NA NA NA NA NA NA NA NA NA 
14 4 6 0.300000 0 5 1 1 0.575768 0 3 4 470 310 2 418 401 7 614 410 1 621 352 10 556 304 NA NA NA NA NA NA NA NA NA 
14 4 7 0.300000 0 8 0 0 0.802585 1 2 6 590 338 2 631 415 5 392 303 9 490 459 8 458 331 7 390 453 3 595 468 10 571 412 
14 4 8 0.300000 0 8 0 0 0.777932 4 5 2 561 351 6 396 300 1 462 473 8 596 401 5 537 440 3 397 405 7 493 323 9 603 301 
14 4 9 0.300000 0 2 0 0 0.505456 1 2 10 431 382 2 501 441 NA NA NA NA NA NA NA NA NA NA NA NA NA NA NA NA NA NA 
14 4 10 0.300000 0 5 1 1 0.690698 2 5 7 409 316 6 590 433 4 633 319 3 500 452 10 439 411 NA NA NA NA NA NA NA NA NA 
14 4 11 0.300000 0 5 1 1 0.688508 1 6 3 558 317 8 410 362 9 471 448 5 578 387 4 610 467 NA NA NA NA NA NA NA NA NA 
14 4 12 0.300000 0 2 0 0 0.569055 0 9 9 398 399 6 565 305 NA NA NA NA NA NA NA NA NA NA NA NA NA NA NA NA NA NA 
14 4 13 0.300000 0 5 0 0 0.742232 4 4 7 606 401 10 420 415 3 581 296 1 451 325 4 593 467 NA NA NA NA NA NA NA NA NA 
14 4 14 0.300000 0 5 0 0 0.944965 2 3 4 454 366 8 401 451 3 614 461 7 587 358 2 391 333 NA NA NA NA NA NA NA NA NA 
14 4 15 0.300000 0 8 0 0 0.697013 7 9 2 397 429 4 571 369 8 450 323 3 637 307 10 577 431 1 575 297 5 455 440 9 517 463 
14 4 16 0.300000 0 2 0 0 0.418391 0 3 3 520 471 2 427 339 NA NA NA NA NA NA NA NA NA NA NA NA NA NA NA NA NA NA 
14 4 17 0.300000 0 8 0 0 0.406411 2 9 1 511 474 2 427 356 9 636 449 8 512 314 3 402 466 5 633 357 6 392 303 7 462 428 
14 4 18 0.300000 0 5 0 0 0.735242 1 6 8 565 420 6 411 426 2 568 313 4 500 319 10 616 356 NA NA NA NA NA NA NA NA NA 
14 4 19 0.300000 0 2 0 0 0.405886 0 4 4 545 445 5 614 460 NA NA NA NA NA NA NA NA NA NA NA NA NA NA NA NA NA NA 
14 4 20 0.300000 0 8 1 1 0.753574 0 6 10 454 313 9 473 455 7 632 310 4 409 404 3 564 458 5 541 324 8 406 469 2 616 427 
14 4 21 0.300000 0 8 0 0 0.840696 6 2 8 410 464 5 454 372 10 514 467 6 520 317 9 580 333 3 614 426 2 395 376 7 400 308 
14 4 22 0.300000 0 2 0 0 0.558924 0 9 9 601 404 7 418 469 NA NA NA NA NA NA NA NA NA NA NA NA NA NA NA NA NA NA 
14 4 23 0.300000 0 5 0 0 0.402398 2 9 10 464 341 6 389 454 9 392 348 7 582 307 3 461 465 NA NA NA NA NA NA NA NA NA 
14 4 24 0.300000 0 5 0 0 0.398400 2 7 4 405 379 6 583 383 7 397 451 8 543 320 9 447 302 NA NA NA NA NA NA NA NA NA 
14 4 25 0.300000 0 8 0 0 0.747003 4 3 9 429 334 10 622 403 5 546 446 7 446 411 3 620 313 1 478 472 6 552 319 4 634 463 
14 4 26 0.300000 0 8 0 0 1.206029 3 3 7 438 329 10 485 450 8 595 456 3 498 314 6 424 436 2 635 307 5 578 327 9 602 393 
14 4 27 0.300000 0 8 1 0 0.604310 6 10 5 620 371 8 476 445 1 598 300 2 454 295 6 540 465 4 445 389 7 531 317 9 398 322 
14 4 28 0.300000 0 5 0 0 1.232008 3 9 10 541 469 1 587 324 7 460 423 9 601 385 8 604 446 NA NA NA NA NA NA NA NA NA 
14 4 29 0.300000 0 5 0 0 0.744953 2 7 1 425 297 5 571 424 7 456 463 6 546 313 10 448 384 NA NA NA NA NA NA NA NA NA 
14 4 30 0.300000 0 8 0 0 0.881631 0 5 5 437 296 4 615 437 1 571 397 8 410 460 9 629 366 2 409 348 10 553 324 7 491 474 
14 4 31 0.300000 0 2 0 0 0.558293 0 5 5 509 319 8 438 365 NA NA NA NA NA NA NA NA NA NA NA NA NA NA NA NA NA NA 
14 4 32 0.300000 0 5 0 0 0.709719 3 4 7 607 302 9 397 319 8 578 396 4 403 458 5 465 347 NA NA NA NA NA NA NA NA NA 
14 4 33 0.300000 0 2 1 0 0.434571 1 3 10 457 433 8 421 320 NA NA NA NA NA NA NA NA NA NA NA NA NA NA NA NA NA NA 
14 4 34 0.300000 0 8 1 1 0.789749 2 7 3 463 345 10 572 306 9 566 473 4 394 429 1 404 369 2 483 443 6 619 449 8 608 353 
14 4 35 0.300000 0 2 1 1 0.481472 0 8 6 520 471 9 407 463 NA NA NA NA NA NA NA NA NA NA NA NA NA NA NA NA NA NA 
14 4 36 0.300000 0 8 0 1 0.784261 7 3 5 458 425 2 613 350 1 626 428 4 532 453 9 551 305 8 434 340 10 399 451 3 571 400 
14 4 37 0.300000 0 2 0 0 0.704883 0 3 3 573 412 9 427 408 NA NA NA NA NA NA NA NA NA NA NA NA NA NA NA NA NA NA 
14 4 38 0.300000 0 8 0 0 0.842899 4 5 4 630 299 9 397 304 3 558 427 6 455 451 5 506 312 1 453 367 2 618 410 8 393 370 
14 4 39 0.300000 0 2 1 1 0.580569 1 7 2 548 460 5 431 450 NA NA NA NA NA NA NA NA NA NA NA NA NA NA NA NA NA NA 
14 4 40 0.300000 0 8 1 1 0.783081 7 4 5 433 453 9 580 388 1 528 446 7 444 311 2 546 299 8 601 464 10 400 364 3 602 317 
14 4 41 0.300000 0 2 0 0 0.826166 0 1 1 409 395 4 605 355 NA NA NA NA NA NA NA NA NA NA NA NA NA NA NA NA NA NA 
14 4 42 0.300000 0 2 0 0 0.656221 0 7 7 536 455 1 493 310 NA NA NA NA NA NA NA NA NA NA NA NA NA NA NA NA NA NA 
14 4 43 0.300000 0 5 1 1 0.829907 0 1 5 450 337 9 599 359 2 536 442 10 412 432 7 471 439 NA NA NA NA NA NA NA NA NA 
14 4 44 0.300000 0 8 0 0 0.621584 7 1 4 576 429 3 613 335 7 388 439 10 477 302 5 447 419 2 630 403 8 620 473 1 451 358 
14 4 45 0.300000 0 2 0 0 1.096867 1 10 8 412 311 10 636 361 NA NA NA NA NA NA NA NA NA NA NA NA NA NA NA NA NA NA 
14 4 46 0.300000 0 2 0 0 0.557207 0 2 2 523 458 7 455 331 NA NA NA NA NA NA NA NA NA NA NA NA NA NA NA NA NA NA 
14 4 47 0.300000 0 5 0 1 0.851227 4 3 4 613 444 6 471 330 7 572 322 10 483 443 3 518 295 NA NA NA NA NA NA NA NA NA 
14 4 48 0.300000 0 2 0 0 0.475459 1 9 2 596 356 9 419 410 NA NA NA NA NA NA NA NA NA NA NA NA NA NA NA NA NA NA 
14 4 49 0.300000 0 2 1 1 0.975513 0 8 6 491 460 9 559 450 NA NA NA NA NA NA NA NA NA NA NA NA NA NA NA NA NA NA 
14 4 50 0.300000 0 5 0 0 0.666239 2 7 8 507 318 2 603 301 7 418 440 5 486 463 1 607 425 NA NA NA NA NA NA NA NA NA 
14 4 51 0.300000 0 8 1 1 1.135728 0 4 1 627 461 8 438 364 7 392 456 3 627 335 2 555 326 5 457 469 6 564 414 10 619 393 
14 4 52 0.300000 0 5 1 1 0.632366 3 10 8 625 390 7 421 466 5 460 298 3 389 308 4 505 465 NA NA NA NA NA NA NA NA NA 
14 4 53 0.300000 0 8 0 1 0.590749 5 6 7 495 295 5 547 337 3 497 451 2 419 417 10 632 310 6 607 469 4 388 367 8 440 333 
14 4 54 0.300000 0 5 1 0 0.610024 3 9 4 618 405 7 604 295 6 601 466 1 469 424 5 472 324 NA NA NA NA NA NA NA NA NA 
14 4 55 0.300000 0 2 1 1 0.570809 0 10 6 402 338 7 434 467 NA NA NA NA NA NA NA NA NA NA NA NA NA NA NA NA NA NA 
14 4 56 0.300000 0 5 0 0 0.601668 3 6 1 633 440 4 621 341 10 562 336 6 399 332 5 566 473 NA NA NA NA NA NA NA NA NA 
14 4 57 0.300000 0 8 0 1 0.979496 2 4 9 422 393 1 609 400 4 447 309 7 470 456 5 405 450 8 543 318 10 550 434 6 617 316 
14 4 58 0.300000 0 2 0 0 0.340459 1 2 10 601 338 2 524 299 NA NA NA NA NA NA NA NA NA NA NA NA NA NA NA NA NA NA 
14 4 59 0.300000 0 5 0 0 0.616354 4 2 7 555 297 10 441 347 8 421 404 4 505 465 2 626 443 NA NA NA NA NA NA NA NA NA 
14 5 0 0.500000 0 2 1 1 0.567101 1 6 3 604 468 9 489 445 NA NA NA NA NA NA NA NA NA NA NA NA NA NA NA NA NA NA 
14 5 1 0.500000 0 2 0 0 0.908994 0 1 1 618 365 4 512 310 NA NA NA NA NA NA NA NA NA NA NA NA NA NA NA NA NA NA 
14 5 2 0.500000 0 8 0 1 0.879741 1 6 2 545 434 6 449 398 4 545 325 9 622 443 5 471 314 10 581 387 3 455 466 8 617 307 
14 5 3 0.500000 0 8 1 1 0.796283 2 2 7 546 454 10 454 365 6 480 434 3 549 310 1 614 358 8 406 332 4 390 428 5 468 301 
14 5 4 0.500000 0 2 1 1 1.077260 1 4 9 632 398 2 550 330 NA NA NA NA NA NA NA NA NA NA NA NA NA NA NA NA NA NA 
14 5 5 0.500000 0 5 1 1 0.660301 1 10 1 435 463 9 461 325 7 630 413 4 632 353 5 575 377 NA NA NA NA NA NA NA NA NA 
14 5 6 0.500000 0 5 0 0 0.744373 1 5 8 391 397 5 468 444 3 566 412 7 567 321 1 405 334 NA NA NA NA NA NA NA NA NA 
14 5 7 0.500000 0 5 1 1 0.990217 0 5 6 498 445 3 399 316 1 498 326 2 393 397 8 634 441 NA NA NA NA NA NA NA NA NA 
14 5 8 0.500000 0 8 1 1 0.626846 1 8 6 632 411 10 483 316 9 389 358 3 425 419 5 555 331 2 627 318 4 507 449 7 584 467 
14 5 9 0.500000 0 2 0 0 0.638156 0 6 6 567 352 9 442 318 NA NA NA NA NA NA NA NA NA NA NA NA NA NA NA NA NA NA 
14 5 10 0.500000 0 5 0 0 0.777328 2 6 2 444 367 9 605 324 6 599 399 4 534 460 1 476 305 NA NA NA NA NA NA NA NA NA 
14 5 11 0.500000 0 8 1 1 0.842757 6 2 7 548 434 6 387 310 9 636 443 1 430 469 3 536 299 10 613 341 4 449 356 8 464 422 
14 5 12 0.500000 0 2 0 0 0.473256 1 6 10 453 387 6 508 294 NA NA NA NA NA NA NA NA NA NA NA NA NA NA NA NA NA NA 
14 5 13 0.500000 0 8 1 1 0.909870 0 8 7 636 388 5 549 436 3 442 459 6 619 448 4 511 325 2 432 340 9 391 390 10 636 318 
14 5 14 0.500000 0 5 0 0 1.122793 0 4 4 409 309 3 387 459 5 408 373 9 637 326 8 555 451 NA NA NA NA NA NA NA NA NA 
14 5 15 0.500000 0 2 0 0 0.722530 1 3 9 439 308 3 434 415 NA NA NA NA NA NA NA NA NA NA NA NA NA NA NA NA NA NA 
14 5 16 0.500000 0 5 0 0 1.304613 0 1 1 455 346 4 621 363 5 503 448 6 563 461 9 443 433 NA NA NA NA NA NA NA NA NA 
14 5 17 0.500000 0 5 0 1 0.518986 0 8 8 608 299 2 580 441 9 520 311 6 390 466 7 498 466 NA NA NA NA NA NA NA NA NA 
14 5 18 0.500000 0 8 0 0 0.466205 3 10 5 612 308 2 591 421 9 432 452 10 426 351 6 508 474 4 547 294 7 469 307 3 584 363 
14 5 19 0.500000 0 8 1 0 0.628153 3 3 9 548 330 1 630 338 10 433 436 8 615 466 7 494 455 5 401 311 4 490 314 2 570 386 
14 5 20 0.500000 0 5 1 1 1.324715 2 10 4 422 436 5 551 451 8 443 344 1 589 382 7 387 382 NA NA NA NA NA NA NA NA NA 
14 5 21 0.500000 0 5 0 0 0.464170 2 9 5 545 321 8 433 392 9 632 430 2 609 376 6 485 325 NA NA NA NA NA NA NA NA NA 
14 5 22 0.500000 0 8 1 1 0.771849 5 4 6 402 342 9 581 327 10 478 455 3 614 470 7 493 319 8 411 448 5 584 406 1 535 470 
14 5 23 0.500000 0 8 0 0 0.589434 4 2 10 584 422 8 565 359 4 397 428 1 442 312 2 465 466 6 444 372 9 504 322 5 629 316 
14 5 24 0.500000 0 8 0 0 0.792589 4 2 10 623 355 7 570 329 5 596 454 3 484 452 2 415 444 8 424 359 6 467 302 9 389 304 
14 5 25 0.500000 0 5 1 0 1.027924 1 9 3 437 457 4 625 417 7 389 356 2 503 448 5 514 300 NA NA NA NA NA NA NA NA NA 
14 5 26 0.500000 0 8 0 0 0.765336 3 10 2 577 323 6 410 382 8 597 389 10 574 470 4 424 462 9 503 468 1 410 320 7 508 297 
14 5 27 0.500000 0 5 0 0 0.744089 2 10 7 558 332 5 591 458 10 422 430 6 424 315 8 616 312 NA NA NA NA NA NA NA NA NA 
14 5 28 0.500000 0 8 0 0 0.667104 4 4 8 437 469 9 388 368 5 637 309 2 437 300 4 562 307 10 531 451 1 620 397 3 633 459 
14 5 29 0.500000 0 2 1 1 0.416496 0 5 2 594 438 3 411 299 NA NA NA NA NA NA NA NA NA NA NA NA NA NA NA NA NA NA 
14 5 30 0.500000 0 5 1 1 0.903355 0 7 2 455 464 9 596 464 6 613 387 1 476 318 8 610 325 NA NA NA NA NA NA NA NA NA 
14 5 31 0.500000 0 2 0 1 0.525105 0 8 8 615 305 5 537 318 NA NA NA NA NA NA NA NA NA NA NA NA NA NA NA NA NA NA 
14 5 32 0.500000 0 8 0 1 1.002327 4 3 5 600 452 9 420 444 10 398 336 8 489 314 3 551 295 1 574 373 4 483 469 7 628 297 
14 5 33 0.500000 0 2 0 0 0.532457 0 5 5 551 316 10 630 399 NA NA NA NA NA NA NA NA NA NA NA NA NA NA NA NA NA NA 
14 5 34 0.500000 0 8 1 1 0.499992 2 4 7 578 314 2 617 473 9 420 417 8 466 330 6 576 416 3 406 298 5 405 358 10 631 391 
14 5 35 0.500000 0 2 1 1 0.489567 0 10 2 604 425 8 548 330 NA NA NA NA NA NA NA NA NA NA NA NA NA NA NA NA NA NA 
14 5 36 0.500000 0 8 1 1 0.781051 7 10 8 623 327 1 615 443 3 513 465 6 399 448 9 389 380 7 414 317 2 460 419 5 570 353 
14 5 37 0.500000 0 5 1 1 0.587671 2 9 2 402 408 5 471 435 4 455 346 6 591 301 10 625 377 NA NA NA NA NA NA NA NA NA 
14 5 38 0.500000 0 2 0 0 0.597405 1 9 5 620 420 9 575 378 NA NA NA NA NA NA NA NA NA NA NA NA NA NA NA NA NA NA 
14 5 39 0.500000 0 2 1 1 0.937322 0 1 4 617 466 6 449 344 NA NA NA NA NA NA NA NA NA NA NA NA NA NA NA NA NA NA 
14 5 40 0.500000 0 8 1 1 0.664653 5 8 2 605 393 5 502 306 1 626 336 6 423 452 9 540 451 10 458 347 7 619 469 3 567 306 
14 5 41 0.500000 0 2 1 1 0.580144 0 8 7 618 416 10 572 377 NA NA NA NA NA NA NA NA NA NA NA NA NA NA NA NA NA NA 
14 5 42 0.500000 0 8 1 1 0.674266 4 2 1 412 339 7 401 413 6 615 422 10 505 313 5 622 299 9 463 445 4 556 459 3 562 294 
14 5 43 0.500000 0 2 0 0 0.600948 1 8 4 451 367 8 612 410 NA NA NA NA NA NA NA NA NA NA NA NA NA NA NA NA NA NA 
14 5 44 0.500000 0 2 0 0 0.651204 0 9 9 432 422 2 635 436 NA NA NA NA NA NA NA NA NA NA NA NA NA NA NA NA NA NA 
14 5 45 0.500000 0 8 0 1 0.520681 2 7 6 418 358 8 482 443 7 587 418 4 509 295 10 419 439 9 621 354 2 538 462 1 422 298 
14 5 46 0.500000 0 2 0 0 0.703076 1 1 8 585 359 1 608 441 NA NA NA NA NA NA NA NA NA NA NA NA NA NA NA NA NA NA 
14 5 47 0.500000 0 5 0 0 0.461911 3 3 2 584 345 4 403 414 6 633 312 3 479 458 7 452 310 NA NA NA NA NA NA NA NA NA 
14 5 48 0.500000 0 5 1 1 0.857639 2 2 4 585 308 8 602 469 10 577 405 6 418 318 1 476 337 NA NA NA NA NA NA NA NA NA 
14 5 49 0.500000 0 5 0 0 0.723256 0 4 4 458 355 9 595 336 2 416 452 10 403 386 8 627 416 NA NA NA NA NA NA NA NA NA 
14 5 50 0.500000 0 2 1 0 0.553646 0 2 1 567 348 6 462 425 NA NA NA NA NA NA NA NA NA NA NA NA NA NA NA NA NA NA 
14 5 51 0.500000 0 5 1 1 1.066746 0 5 9 458 439 3 455 323 6 633 380 2 387 327 8 534 301 NA NA NA NA NA NA NA NA NA 
14 5 52 0.500000 0 8 0 0 0.795503 3 2 3 598 337 1 417 332 6 585 403 2 492 312 8 496 463 5 461 414 9 636 446 7 578 473 
14 5 53 0.500000 0 5 1 1 0.679170 4 6 3 546 444 9 467 456 2 423 365 7 618 425 5 625 361 NA NA NA NA NA NA NA NA NA 
14 5 54 0.500000 0 2 1 1 0.362891 1 2 10 608 352 5 461 311 NA NA NA NA NA NA NA NA NA NA NA NA NA NA NA NA NA NA 
14 5 55 0.500000 0 2 1 1 0.662588 0 4 3 433 460 9 432 326 NA NA NA NA NA NA NA NA NA NA NA NA NA NA NA NA NA NA 
14 5 56 0.500000 0 5 1 1 0.529534 4 2 7 577 299 9 421 416 10 627 360 8 607 443 3 551 467 NA NA NA NA NA NA NA NA NA 
14 5 57 0.500000 0 8 0 1 0.447262 1 4 1 516 464 4 509 307 5 442 396 3 562 354 6 439 468 2 600 426 7 630 308 9 394 318 
14 5 58 0.500000 0 2 1 1 0.446124 0 2 4 586 348 6 591 453 NA NA NA NA NA NA NA NA NA NA NA NA NA NA NA NA NA NA 
14 5 59 0.500000 0 5 0 0 0.757486 1 8 3 523 299 8 414 343 4 529 452 5 622 454 1 615 361 NA NA NA NA NA NA NA NA NA 
14 6 0 0.700000 0 8 1 1 0.563739 2 4 10 560 325 6 464 447 1 437 340 3 580 452 8 623 342 7 573 393 2 406 402 5 499 296 
14 6 1 0.700000 0 5 1 1 0.559896 3 2 4 550 448 7 550 336 6 401 300 8 583 386 1 475 468 NA NA NA NA NA NA NA NA NA 
14 6 2 0.700000 0 8 1 1 0.542649 6 7 10 402 349 6 464 417 1 526 468 5 598 378 8 631 469 2 450 314 3 567 307 9 395 440 
14 6 3 0.700000 0 5 0 0 0.567194 2 10 5 628 307 2 393 294 10 422 380 8 560 346 9 460 444 NA NA NA NA NA NA NA NA NA 
14 6 4 0.700000 0 2 1 1 1.763304 1 3 4 583 346 1 570 473 NA NA NA NA NA NA NA NA NA NA NA NA NA NA NA NA NA NA 
14 6 5 0.700000 0 2 0 1 1.644156 1 5 1 434 352 5 452 411 NA NA NA NA NA NA NA NA NA NA NA NA NA NA NA NA NA NA 
14 6 6 0.700000 0 8 1 1 0.653820 1 2 4 550 317 9 623 387 6 412 407 7 585 472 5 474 323 1 458 468 8 395 297 3 519 452 
14 6 7 0.700000 0 5 0 0 0.814671 2 6 4 567 439 7 569 355 6 433 328 3 636 408 8 391 438 NA NA NA NA NA NA NA NA NA 
14 6 8 0.700000 0 2 0 0 0.818262 0 4 4 476 328 3 428 384 NA NA NA NA NA NA NA NA NA NA NA NA NA NA NA NA NA NA 
14 6 9 0.700000 0 5 1 1 0.812836 4 10 1 410 372 6 416 309 8 507 465 9 579 378 4 512 302 NA NA NA NA NA NA NA NA NA 
14 6 10 0.700000 0 8 1 1 0.671406 4 10 6 415 427 3 560 467 1 509 299 5 629 371 2 570 299 7 465 463 9 447 323 8 400 369 
14 6 11 0.700000 0 8 1 1 0.647401 7 1 2 453 326 3 412 417 4 574 471 6 476 437 8 610 334 5 632 470 10 518 296 9 396 299 
14 6 12 0.700000 0 8 1 1 0.540667 3 4 5 444 459 3 520 316 1 539 449 9 461 323 2 608 469 10 637 342 8 586 389 6 399 315 
14 6 13 0.700000 0 5 0 0 0.455406 1 9 5 516 299 9 635 431 8 451 409 3 580 380 7 393 355 NA NA NA NA NA NA NA NA NA 
14 6 14 0.700000 0 8 1 1 0.735955 6 6 9 556 331 8 387 348 1 401 434 7 611 356 5 572 462 4 438 300 2 474 467 10 631 430 
14 6 15 0.700000 0 8 0 0 0.543777 5 7 5 622 343 3 578 452 2 492 468 9 411 470 10 404 359 7 578 387 8 537 321 4 442 406 
14 6 16 0.700000 0 5 0 1 0.994823 0 4 4 450 372 1 610 469 8 469 437 3 485 323 5 607 299 NA NA NA NA NA NA NA NA NA 
14 6 17 0.700000 0 5 0 0 0.575002 0 7 7 443 355 9 618 384 2 436 429 10 523 295 1 592 469 NA NA NA NA NA NA NA NA NA 
14 6 18 0.700000 0 8 1 0 0.763336 0 7 3 462 303 4 484 435 2 401 435 1 610 373 5 436 384 6 564 298 9 388 333 10 586 469 
14 6 19 0.700000 0 2 1 1 0.503543 0 1 7 611 423 5 523 473 NA NA NA NA NA NA NA NA NA NA NA NA NA NA NA NA NA NA 
14 6 20 0.700000 0 2 1 1 0.326568 1 6 5 628 358 2 545 331 NA NA NA NA NA NA NA NA NA NA NA NA NA NA NA NA NA NA 
14 6 21 0.700000 0 8 0 1 0.436707 3 6 7 526 309 5 596 472 9 633 350 6 497 462 4 569 350 3 454 360 10 409 452 8 403 295 
14 6 22 0.700000 0 5 1 1 0.637938 1 5 2 635 457 4 388 436 7 564 351 3 445 410 8 538 457 NA NA NA NA NA NA NA NA NA 
14 6 23 0.700000 0 5 1 1 0.534698 3 4 2 450 294 3 608 354 5 433 395 7 637 418 10 525 468 NA NA NA NA NA NA NA NA NA 
14 6 24 0.700000 0 2 1 1 0.436771 1 10 1 447 310 3 617 470 NA NA NA NA NA NA NA NA NA NA NA NA NA NA NA NA NA NA 
14 6 25 0.700000 0 2 1 1 0.588394 1 10 5 594 370 9 612 445 NA NA NA NA NA NA NA NA NA NA NA NA NA NA NA NA NA NA 
14 6 26 0.700000 0 8 1 1 0.442684 5 4 1 415 296 3 575 470 2 576 361 7 510 460 10 479 309 9 396 421 8 431 356 6 600 294 
14 6 27 0.700000 0 2 0 1 0.374129 1 9 5 570 302 9 496 447 NA NA NA NA NA NA NA NA NA NA NA NA NA NA NA NA NA NA 
14 6 28 0.700000 0 5 1 1 0.600216 4 6 2 446 424 1 578 470 8 391 471 9 425 357 5 636 332 NA NA NA NA NA NA NA NA NA 
14 6 29 0.700000 0 5 1 1 0.432132 1 7 5 520 313 9 633 397 2 461 329 1 458 455 10 388 440 NA NA NA NA NA NA NA NA NA 
14 6 30 0.700000 0 8 1 1 0.403595 3 6 7 521 472 5 592 349 9 414 384 2 605 406 4 515 312 3 394 457 10 592 464 1 463 431 
14 6 31 0.700000 0 2 0 0 0.443879 0 1 1 420 447 3 495 464 NA NA NA NA NA NA NA NA NA NA NA NA NA NA NA NA NA NA 
14 6 32 0.700000 0 5 1 1 0.465009 0 5 2 614 426 8 398 345 10 609 298 6 607 361 3 476 437 NA NA NA NA NA NA NA NA NA 
14 6 33 0.700000 0 8 0 1 0.460194 1 9 8 627 329 9 387 399 10 598 389 3 559 473 1 447 472 2 544 330 7 469 294 4 407 331 
14 6 34 0.700000 0 5 1 1 0.379888 2 10 1 395 313 6 445 451 3 603 362 5 580 449 4 571 295 NA NA NA NA NA NA NA NA NA 
14 6 35 0.700000 0 8 1 1 0.391703 7 1 10 419 331 6 604 309 7 527 450 2 399 398 4 618 462 8 511 319 3 456 473 5 611 376 
14 6 36 0.700000 0 2 1 1 0.471089 1 3 4 409 295 5 395 402 NA NA NA NA NA NA NA NA NA NA NA NA NA NA NA NA NA NA 
14 6 37 0.700000 0 8 1 1 0.390816 3 8 1 420 449 6 574 313 2 634 329 9 506 451 4 612 390 5 430 321 10 395 381 3 613 467 
14 6 38 0.700000 0 2 1 1 0.294916 1 4 6 390 361 8 505 310 NA NA NA NA NA NA NA NA NA NA NA NA NA NA NA NA NA NA 
14 6 39 0.700000 0 8 0 0 0.743618 5 4 6 610 382 8 420 398 9 579 461 2 584 295 7 477 334 4 465 471 3 389 474 10 394 310 
14 6 40 0.700000 0 2 1 1 0.558676 1 5 10 587 446 6 610 377 NA NA NA NA NA NA NA NA NA NA NA NA NA NA NA NA NA NA 
14 6 41 0.700000 0 2 0 0 0.819776 0 8 8 596 295 9 419 462 NA NA NA NA NA NA NA NA NA NA NA NA NA NA NA NA NA NA 
14 6 42 0.700000 0 8 0 0 0.773026 1 4 3 462 437 4 482 327 7 546 303 9 570 386 10 627 415 1 627 320 2 393 393 6 526 455 
14 6 43 0.700000 0 5 1 0 0.800973 1 3 7 393 471 9 452 328 4 625 424 2 572 327 6 536 469 NA NA NA NA NA NA NA NA NA 
14 6 44 0.700000 0 5 1 1 0.497057 2 2 4 446 449 1 466 326 9 637 387 5 552 303 3 571 419 NA NA NA NA NA NA NA NA NA 
14 6 45 0.700000 0 2 1 1 0.412840 0 3 8 607 466 4 474 434 NA NA NA NA NA NA NA NA NA NA NA NA NA NA NA NA NA NA 
14 6 46 0.700000 0 5 0 0 0.619976 3 8 9 414 340 2 571 303 10 583 418 8 490 322 4 395 473 NA NA NA NA NA NA NA NA NA 
14 6 47 0.700000 0 8 1 1 0.646811 7 4 5 561 316 8 593 467 7 497 301 1 399 332 6 474 431 3 622 302 10 401 450 2 605 371 
14 6 48 0.700000 0 8 1 1 0.607110 7 10 9 398 412 8 593 300 4 455 297 6 538 453 5 634 412 2 397 309 1 633 344 3 563 351 
14 6 49 0.700000 0 8 0 0 0.681915 5 9 8 469 433 5 469 331 4 403 326 10 556 454 6 405 429 9 627 369 2 615 450 1 540 329 
14 6 50 0.700000 0 5 1 1 0.405446 3 7 8 581 452 10 505 455 6 524 325 2 627 314 5 440 416 NA NA NA NA NA NA NA NA NA 
14 6 51 0.700000 0 2 1 1 0.450880 0 7 4 580 316 6 494 470 NA NA NA NA NA NA NA NA NA NA NA NA NA NA NA NA NA NA 
14 6 52 0.700000 0 2 1 1 0.474129 1 4 9 431 319 3 496 460 NA NA NA NA NA NA NA NA NA NA NA NA NA NA NA NA NA NA 
14 6 53 0.700000 0 5 1 1 0.439896 3 2 6 441 409 5 636 433 4 389 448 7 448 467 9 465 308 NA NA NA NA NA NA NA NA NA 
14 6 54 0.700000 0 5 1 1 0.775353 0 8 9 409 458 5 466 430 1 632 350 6 540 299 3 574 373 NA NA NA NA NA NA NA NA NA 
14 6 55 0.700000 0 2 1 1 0.400754 0 3 4 437 395 9 586 316 NA NA NA NA NA NA NA NA NA NA NA NA NA NA NA NA NA NA 
14 6 56 0.700000 0 2 1 1 0.529182 1 6 4 460 348 7 452 428 NA NA NA NA NA NA NA NA NA NA NA NA NA NA NA NA NA NA 
14 6 57 0.700000 0 2 1 1 0.336744 0 6 4 587 455 7 599 322 NA NA NA NA NA NA NA NA NA NA NA NA NA NA NA NA NA NA 
14 6 58 0.700000 0 2 0 0 0.534280 0 2 2 630 421 8 477 440 NA NA NA NA NA NA NA NA NA NA NA NA NA NA NA NA NA NA 
14 6 59 0.700000 0 5 1 1 0.611775 1 6 7 425 361 8 523 470 2 528 316 4 615 437 5 390 453 NA NA NA NA NA NA NA NA NA 
14 7 0 0.500000 0 5 0 0 0.755167 2 3 4 551 324 2 412 461 3 388 366 1 544 456 9 458 297 NA NA NA NA NA NA NA NA NA 
14 7 1 0.500000 0 5 1 1 0.331839 3 10 2 562 327 7 455 420 9 400 390 3 417 330 8 621 360 NA NA NA NA NA NA NA NA NA 
14 7 2 0.500000 0 5 0 1 0.390798 1 2 4 576 325 2 402 303 3 437 407 5 598 387 10 504 443 NA NA NA NA NA NA NA NA NA 
14 7 3 0.500000 0 5 0 1 0.537540 1 7 10 408 319 7 532 441 5 584 469 3 594 338 4 397 440 NA NA NA NA NA NA NA NA NA 
14 7 4 0.500000 0 8 1 1 0.971203 4 5 7 429 434 6 637 393 3 636 313 2 527 294 1 601 448 4 588 360 10 442 363 8 533 454 
14 7 5 0.500000 0 5 0 1 0.478287 0 9 9 625 432 6 637 369 5 442 448 1 571 334 7 549 441 NA NA NA NA NA NA NA NA NA 
14 7 6 0.500000 0 8 0 0 0.608253 2 2 8 453 300 3 628 391 2 402 412 10 546 467 6 452 369 4 618 305 7 571 402 1 391 309 
14 7 7 0.500000 0 5 1 1 0.596796 1 4 10 449 441 1 453 346 7 566 409 6 628 403 9 595 343 NA NA NA NA NA NA NA NA NA 
14 7 8 0.500000 0 2 0 0 0.612385 1 5 1 393 407 5 634 370 NA NA NA NA NA NA NA NA NA NA NA NA NA NA NA NA NA NA 
14 7 9 0.500000 0 8 0 0 0.778232 2 6 5 474 428 7 608 455 6 553 324 8 617 342 2 403 311 1 471 339 10 406 450 9 409 386 
14 7 10 0.500000 0 5 1 1 0.588997 2 10 5 406 386 8 601 319 7 625 421 2 496 322 9 429 305 NA NA NA NA NA NA NA NA NA 
14 7 11 0.500000 0 2 1 1 0.394844 1 3 2 629 313 1 463 461 NA NA NA NA NA NA NA NA NA NA NA NA NA NA NA NA NA NA 
14 7 12 0.500000 0 8 0 0 0.697209 0 5 5 594 416 6 412 449 10 411 302 8 529 308 4 526 467 7 395 377 9 631 295 1 470 448 
14 7 13 0.500000 0 8 1 1 0.555360 5 9 1 485 452 7 498 308 2 442 410 5 598 320 6 607 398 3 589 458 4 390 368 10 397 470 
14 7 14 0.500000 0 8 1 1 0.488749 0 10 3 541 332 4 435 415 9 583 402 8 404 321 5 593 465 1 533 445 2 491 302 6 473 463 
14 7 15 0.500000 0 2 0 0 0.456903 1 6 8 534 449 6 410 384 NA NA NA NA NA NA NA NA NA NA NA NA NA NA NA NA NA NA 
14 7 16 0.500000 0 8 0 0 0.576502 4 6 4 453 441 10 628 451 8 450 363 2 592 342 6 389 309 1 389 403 5 564 452 3 387 469 
14 7 17 0.500000 0 2 1 1 0.428926 0 3 4 572 473 1 454 455 NA NA NA NA NA NA NA NA NA NA NA NA NA NA NA NA NA NA 
14 7 18 0.500000 0 2 0 0 0.564945 0 6 6 426 422 2 569 326 NA NA NA NA NA NA NA NA NA NA NA NA NA NA NA NA NA NA 
14 7 19 0.500000 0 5 1 1 0.797611 1 10 6 612 393 7 414 446 5 405 383 1 396 310 3 524 456 NA NA NA NA NA NA NA NA NA 
14 7 20 0.500000 0 8 1 1 0.509209 6 5 10 577 453 1 401 333 6 443 408 7 400 473 2 448 295 3 494 458 8 523 318 9 620 294 
14 7 21 0.500000 0 2 1 1 0.415283 0 8 4 603 298 7 418 368 NA NA NA NA NA NA NA NA NA NA NA NA NA NA NA NA NA NA 
14 7 22 0.500000 0 2 1 1 1.465681 0 5 4 445 338 7 607 325 NA NA NA NA NA NA NA NA NA NA NA NA NA NA NA NA NA NA 
14 7 23 0.500000 0 8 0 0 0.626200 0 9 9 565 466 2 463 471 3 475 338 4 405 380 5 410 317 8 608 338 1 632 472 10 577 403 
14 7 24 0.500000 0 2 0 0 0.791955 0 1 1 414 317 8 436 437 NA NA NA NA NA NA NA NA NA NA NA NA NA NA NA NA NA NA 
14 7 25 0.500000 0 8 0 1 0.923069 3 7 6 399 366 2 407 468 8 441 317 7 522 307 5 627 456 3 448 410 1 508 471 9 632 302 
14 7 26 0.500000 0 2 0 0 0.880635 1 1 9 616 461 1 426 421 NA NA NA NA NA NA NA NA NA NA NA NA NA NA NA NA NA NA 
14 7 27 0.500000 0 5 0 0 0.613160 3 6 1 605 363 2 447 444 10 457 352 6 515 299 4 410 302 NA NA NA NA NA NA NA NA NA 
14 7 28 0.500000 0 2 0 0 0.675628 1 3 10 396 388 3 587 333 NA NA NA NA NA NA NA NA NA NA NA NA NA NA NA NA NA NA 
14 7 29 0.500000 0 8 1 1 0.670024 4 5 10 441 466 3 636 380 6 580 337 4 482 318 7 442 387 2 559 434 9 637 463 1 410 294 
14 7 30 0.500000 0 5 0 0 0.834978 2 8 2 621 390 10 407 392 8 476 333 9 543 324 1 455 443 NA NA NA NA NA NA NA NA NA 
14 7 31 0.500000 0 5 1 0 0.554128 4 9 8 622 347 7 454 437 2 603 452 1 391 434 6 433 380 NA NA NA NA NA NA NA NA NA 
14 7 32 0.500000 0 5 0 0 0.732411 4 7 4 558 325 2 425 471 8 400 356 3 615 339 7 567 461 NA NA NA NA NA NA NA NA NA 
14 7 33 0.500000 0 2 0 0 0.486968 0 7 7 627 405 2 569 322 NA NA NA NA NA NA NA NA NA NA NA NA NA NA NA NA NA NA 
14 7 34 0.500000 0 8 0 0 0.625459 3 7 10 580 354 4 443 360 1 602 410 7 445 443 6 538 307 5 504 443 9 572 469 3 602 298 
14 7 35 0.500000 0 8 0 0 0.737150 4 6 1 415 375 9 617 299 3 585 416 2 635 469 6 461 468 5 514 314 8 420 303 10 562 347 
14 7 36 0.500000 0 5 0 0 0.418816 0 8 8 452 401 5 496 460 4 614 317 3 636 435 7 514 296 NA NA NA NA NA NA NA NA NA 
14 7 37 0.500000 0 2 1 1 0.809520 0 10 1 390 412 6 594 430 NA NA NA NA NA NA NA NA NA NA NA NA NA NA NA NA NA NA 
14 7 38 0.500000 0 5 1 1 0.884555 3 2 5 448 347 7 410 392 1 563 445 6 480 461 4 616 368 NA NA NA NA NA NA NA NA NA 
14 7 39 0.500000 0 2 0 1 0.410705 1 8 7 518 316 8 597 354 NA NA NA NA NA NA NA NA NA NA NA NA NA NA NA NA NA NA 
14 7 40 0.500000 0 5 1 1 0.489812 3 7 4 548 318 6 535 469 9 622 297 5 437 354 10 593 456 NA NA NA NA NA NA NA NA NA 
14 7 41 0.500000 0 8 1 1 0.578300 3 6 2 418 455 8 413 295 7 447 384 9 478 309 1 536 300 4 489 443 3 567 360 5 581 431 
14 7 42 0.500000 0 5 0 0 0.588712 3 7 4 616 436 2 559 342 6 405 312 7 466 295 5 440 457 NA NA NA NA NA NA NA NA NA 
14 7 43 0.500000 0 2 0 0 0.427269 0 3 3 473 448 10 517 314 NA NA NA NA NA NA NA NA NA NA NA NA NA NA NA NA NA NA 
14 7 44 0.500000 0 8 1 1 0.563450 5 7 10 515 309 8 438 461 3 613 455 1 439 402 2 566 362 5 637 393 6 448 328 9 504 442 
14 7 45 0.500000 0 2 1 1 0.607673 1 5 6 601 319 7 438 457 NA NA NA NA NA NA NA NA NA NA NA NA NA NA NA NA NA NA 
14 7 46 0.500000 0 2 1 1 0.402674 0 10 9 461 463 3 415 403 NA NA NA NA NA NA NA NA NA NA NA NA NA NA NA NA NA NA 
14 7 47 0.500000 0 8 0 0 0.555630 2 9 10 399 462 2 394 336 9 606 422 3 413 394 7 596 302 1 492 443 4 478 308 5 631 366 
14 7 48 0.500000 0 5 1 1 0.654126 3 4 8 609 360 1 437 378 3 569 439 7 461 301 6 403 327 NA NA NA NA NA NA NA NA NA 
14 7 49 0.500000 0 8 0 1 0.660971 1 6 7 618 375 6 582 298 5 455 472 3 446 392 10 420 317 8 512 321 1 578 443 9 388 386 
14 7 50 0.500000 0 8 1 1 0.983989 1 8 9 506 470 1 514 318 10 416 425 6 635 379 2 409 310 4 633 437 5 574 387 7 595 326 
14 7 51 0.500000 0 5 1 1 0.357455 2 1 5 393 300 3 552 434 8 634 421 7 410 411 9 523 324 NA NA NA NA NA NA NA NA NA 
14 7 52 0.500000 0 2 1 1 0.295664 1 7 1 503 462 8 458 344 NA NA NA NA NA NA NA NA NA NA NA NA NA NA NA NA NA NA 
14 7 53 0.500000 0 8 1 1 0.499370 6 5 4 541 313 10 612 356 6 629 463 3 424 354 9 407 435 8 508 449 2 571 468 7 400 295 
14 7 54 0.500000 0 2 1 1 0.372794 0 6 7 565 338 2 429 394 NA NA NA NA NA NA NA NA NA NA NA NA NA NA NA NA NA NA 
14 7 55 0.500000 0 2 0 0 0.643451 1 8 7 584 340 8 551 454 NA NA NA NA NA NA NA NA NA NA NA NA NA NA NA NA NA NA 
14 7 56 0.500000 0 8 1 1 1.248429 1 10 5 514 450 3 635 357 9 436 445 2 413 309 8 555 328 4 634 460 1 410 377 6 574 469 
14 7 57 0.500000 0 5 0 0 0.477476 0 2 2 569 310 4 420 381 9 482 441 8 540 441 3 507 304 NA NA NA NA NA NA NA NA NA 
14 7 58 0.500000 0 5 1 0 0.430735 1 3 10 442 335 7 438 452 5 544 309 1 601 420 6 394 372 NA NA NA NA NA NA NA NA NA 
14 7 59 0.500000 0 2 1 0 0.526689 1 3 8 459 332 1 439 411 NA NA NA NA NA NA NA NA NA NA NA NA NA NA NA NA NA NA 
14 8 0 0.300000 0 2 1 1 0.494782 0 9 1 425 463 2 564 316 NA NA NA NA NA NA NA NA NA NA NA NA NA NA NA NA NA NA 
14 8 1 0.300000 0 5 1 1 0.654297 4 2 8 547 446 9 572 354 5 621 310 4 421 365 3 417 305 NA NA NA NA NA NA NA NA NA 
14 8 2 0.300000 0 8 1 0 0.565533 6 5 10 633 328 7 404 304 8 591 384 4 420 380 2 517 445 6 546 313 1 593 467 3 415 465 
14 8 3 0.300000 0 8 1 0 1.384826 6 3 5 446 362 6 620 411 10 593 306 2 469 296 7 527 458 1 468 473 9 412 456 4 395 400 
14 8 4 0.300000 0 8 0 0 0.652866 7 9 5 624 418 4 431 317 8 597 349 2 436 376 3 540 464 10 484 440 1 545 304 9 434 473 
14 8 5 0.300000 0 5 1 1 1.012059 0 7 10 433 405 8 636 323 1 397 471 4 595 473 3 532 458 NA NA NA NA NA NA NA NA NA 
14 8 6 0.300000 0 2 0 0 0.693406 1 9 8 392 446 9 599 358 NA NA NA NA NA NA NA NA NA NA NA NA NA NA NA NA NA NA 
14 8 7 0.300000 0 2 0 0 0.918565 1 5 3 420 377 5 471 313 NA NA NA NA NA NA NA NA NA NA NA NA NA NA NA NA NA NA 
14 8 8 0.300000 0 8 1 1 0.511543 2 6 10 493 446 5 620 466 4 406 408 9 625 324 2 636 398 7 453 331 1 560 450 3 396 473 
14 8 9 0.300000 0 2 0 0 0.753050 0 8 8 586 322 5 550 473 NA NA NA NA NA NA NA NA NA NA NA NA NA NA NA NA NA NA 
14 8 10 0.300000 0 2 0 0 0.521810 1 9 4 393 334 9 578 294 NA NA NA NA NA NA NA NA NA NA NA NA NA NA NA NA NA NA 
14 8 11 0.300000 0 8 1 1 0.470852 2 7 4 569 465 9 448 303 3 598 391 1 547 304 6 415 426 5 464 461 2 389 333 10 602 323 
14 8 12 0.300000 0 2 1 1 0.519006 1 2 8 477 459 4 437 331 NA NA NA NA NA NA NA NA NA NA NA NA NA NA NA NA NA NA 
14 8 13 0.300000 0 5 1 1 0.476349 1 9 7 426 300 1 460 464 2 627 424 10 408 419 8 515 304 NA NA NA NA NA NA NA NA NA 
14 8 14 0.300000 0 2 1 1 0.398432 0 5 3 483 436 4 579 327 NA NA NA NA NA NA NA NA NA NA NA NA NA NA NA NA NA NA 
14 8 15 0.300000 0 2 0 1 0.652122 0 5 5 437 326 7 619 445 NA NA NA NA NA NA NA NA NA NA NA NA NA NA NA NA NA NA 
14 8 16 0.300000 0 5 0 0 0.443186 2 2 8 421 378 7 523 312 2 414 441 4 621 323 10 636 423 NA NA NA NA NA NA NA NA NA 
14 8 17 0.300000 0 8 0 0 0.629507 7 1 3 483 460 2 595 374 7 626 322 5 414 410 9 585 453 8 423 352 6 506 321 1 387 299 
14 8 18 0.300000 0 5 0 0 0.345776 4 3 6 542 307 2 551 458 5 593 373 8 464 431 3 408 295 NA NA NA NA NA NA NA NA NA 
14 8 19 0.300000 0 8 0 0 0.508683 7 10 7 426 450 8 423 363 3 518 318 6 588 395 5 615 332 9 578 474 2 636 448 10 486 441 
14 8 20 0.300000 0 5 1 1 0.815473 3 6 5 573 298 9 593 408 1 588 472 4 486 474 3 446 347 NA NA NA NA NA NA NA NA NA 
14 8 21 0.300000 0 5 0 1 0.418167 3 2 5 601 327 6 596 391 10 418 471 2 490 445 3 395 344 NA NA NA NA NA NA NA NA NA 
14 8 22 0.300000 0 8 0 0 0.789266 7 9 5 491 462 10 585 369 4 535 302 1 446 346 7 446 415 2 596 439 3 395 473 9 387 402 
14 8 23 0.300000 0 8 0 0 0.859161 2 10 7 631 375 6 550 429 10 450 385 8 465 320 3 579 306 9 397 459 1 391 348 2 462 462 
14 8 24 0.300000 0 5 0 0 0.511752 0 4 4 433 469 7 565 423 1 538 318 6 423 314 3 597 353 NA NA NA NA NA NA NA NA NA 
14 8 25 0.300000 0 8 0 0 0.696983 0 5 5 526 302 10 601 314 6 626 398 8 448 432 7 541 466 9 401 349 3 466 345 2 570 368 
14 8 26 0.300000 0 5 1 1 0.595170 1 7 1 466 341 8 481 434 9 622 336 10 547 327 5 633 417 NA NA NA NA NA NA NA NA NA 
14 8 27 0.300000 0 5 0 0 0.469953 2 2 5 612 392 1 414 374 2 554 322 7 606 472 6 463 448 NA NA NA NA NA NA NA NA NA 
14 8 28 0.300000 0 2 0 0 0.435237 0 5 5 406 405 2 574 406 NA NA NA NA NA NA NA NA NA NA NA NA NA NA NA NA NA NA 
14 8 29 0.300000 0 2 0 0 0.599555 1 5 3 630 331 5 564 343 NA NA NA NA NA NA NA NA NA NA NA NA NA NA NA NA NA NA 
14 8 30 0.300000 0 5 0 0 0.857915 1 1 4 515 303 1 556 454 7 442 350 9 397 303 5 581 298 NA NA NA NA NA NA NA NA NA 
14 8 31 0.300000 0 8 0 1 0.724442 3 7 1 596 441 8 566 329 2 393 325 7 394 402 5 494 459 9 461 354 3 629 380 4 625 307 
14 8 32 0.300000 0 2 0 0 0.441297 1 8 9 590 349 8 430 464 NA NA NA NA NA NA NA NA NA NA NA NA NA NA NA NA NA NA 
14 8 33 0.300000 0 8 0 0 0.714619 3 5 3 585 433 7 459 340 10 416 459 5 516 451 1 556 315 9 456 401 8 629 390 4 630 304 
14 8 34 0.300000 0 5 0 0 0.601832 4 1 7 440 371 4 417 445 2 543 310 9 625 359 1 558 469 NA NA NA NA NA NA NA NA NA 
14 8 35 0.300000 0 5 0 0 0.616112 3 10 7 603 368 2 442 366 9 389 337 10 460 294 5 513 456 NA NA NA NA NA NA NA NA NA 
14 8 36 0.300000 0 5 0 1 0.903151 3 7 10 430 337 5 635 378 2 521 455 7 523 298 6 584 463 NA NA NA NA NA NA NA NA NA 
14 8 37 0.300000 0 5 0 0 0.494327 0 4 4 485 301 2 569 457 9 621 382 3 477 463 6 414 422 NA NA NA NA NA NA NA NA NA 
14 8 38 0.300000 0 5 1 1 0.505226 3 6 3 606 335 10 459 451 8 522 460 7 619 426 2 399 409 NA NA NA NA NA NA NA NA NA 
14 8 39 0.300000 0 2 1 1 0.486363 1 8 4 434 333 2 401 421 NA NA NA NA NA NA NA NA NA NA NA NA NA NA NA NA NA NA 
14 8 40 0.300000 0 8 1 0 0.502162 2 5 7 571 344 4 429 388 9 470 456 8 632 396 3 417 300 10 546 438 6 477 335 2 603 456 
14 8 41 0.300000 0 8 0 1 0.726258 6 9 2 453 452 4 417 296 8 623 462 5 488 331 1 603 346 6 426 382 9 515 471 10 560 299 
14 8 42 0.300000 0 5 0 0 0.418505 0 6 6 462 424 4 613 382 10 423 296 7 428 474 3 422 358 NA NA NA NA NA NA NA NA NA 
14 8 43 0.300000 0 8 0 0 0.380771 5 3 10 611 313 4 481 469 8 401 306 9 592 381 1 401 440 3 392 372 6 569 457 5 457 325 
14 8 44 0.300000 0 2 0 0 0.425432 0 9 9 627 397 4 502 323 NA NA NA NA NA NA NA NA NA NA NA NA NA NA NA NA NA NA 
14 8 45 0.300000 0 8 0 0 0.549204 1 9 5 437 424 9 452 319 6 591 429 2 587 368 8 489 456 1 392 377 10 569 302 3 630 311 
14 8 46 0.300000 0 8 0 0 0.632845 5 2 6 565 431 3 410 362 4 550 304 8 514 464 1 448 453 2 619 470 10 472 318 9 400 296 
14 8 47 0.300000 0 8 0 0 1.188812 1 2 5 570 302 2 526 463 4 601 450 7 457 314 9 396 303 10 635 394 3 579 364 1 443 474 
14 8 48 0.300000 0 2 0 0 0.442510 1 4 7 527 323 4 555 449 NA NA NA NA NA NA NA NA NA NA NA NA NA NA NA NA NA NA 
14 8 49 0.300000 0 2 0 0 0.336438 1 7 8 611 306 7 426 310 NA NA NA NA NA NA NA NA NA NA NA NA NA NA NA NA NA NA 
14 8 50 0.300000 0 8 1 1 0.632671 2 6 7 597 322 9 444 355 2 416 406 4 571 441 10 528 323 5 496 456 3 626 383 8 445 294 
14 8 51 0.300000 0 5 0 0 0.517153 0 6 6 389 321 3 581 453 7 601 363 5 453 305 8 445 453 NA NA NA NA NA NA NA NA NA 
14 8 52 0.300000 0 8 0 0 0.546731 5 6 2 457 364 3 475 298 9 620 369 10 393 427 7 614 442 6 545 298 1 404 319 8 452 429 
14 8 53 0.300000 0 2 0 0 0.542549 0 9 9 471 328 3 591 380 NA NA NA NA NA NA NA NA NA NA NA NA NA NA NA NA NA NA 
14 8 54 0.300000 0 2 0 0 0.731828 0 4 4 619 435 9 429 422 NA NA NA NA NA NA NA NA NA NA NA NA NA NA NA NA NA NA 
14 8 55 0.300000 0 2 0 0 0.483468 1 6 10 458 426 6 571 424 NA NA NA NA NA NA NA NA NA NA NA NA NA NA NA NA NA NA 
14 8 56 0.300000 0 5 0 0 0.599280 4 2 5 421 375 1 591 337 10 607 471 3 537 467 2 607 405 NA NA NA NA NA NA NA NA NA 
14 8 57 0.300000 0 5 0 0 0.689088 1 1 4 455 369 1 404 404 9 522 314 8 622 426 3 453 473 NA NA NA NA NA NA NA NA NA 
14 8 58 0.300000 0 2 1 1 0.524581 0 1 2 466 474 4 614 372 NA NA NA NA NA NA NA NA NA NA NA NA NA NA NA NA NA NA 
14 8 59 0.300000 0 2 1 0 2.171224 1 5 10 408 370 6 485 449 NA NA NA NA NA NA NA NA NA NA NA NA NA NA NA NA NA NA 
