20 0 0 0.700000 0 8 1 1 1.518493 7 5 1 583 450 3 451 455 10 606 338 2 415 324 8 397 405 9 488 327 4 551 319 7 622 407 
20 0 1 0.700000 0 5 1 1 1.181068 0 6 4 427 452 10 572 432 2 598 319 5 418 351 1 473 326 NA NA NA NA NA NA NA NA NA 
20 0 2 0.700000 0 8 0 1 2.210203 7 2 6 455 411 1 592 437 5 557 298 10 397 456 3 411 367 8 570 370 7 634 328 2 465 321 
20 0 3 0.700000 0 2 1 1 1.203585 1 3 9 630 446 4 413 375 NA NA NA NA NA NA NA NA NA NA NA NA NA NA NA NA NA NA 
20 0 4 0.700000 0 8 1 1 1.625667 0 8 3 592 472 5 495 465 9 469 340 2 428 429 7 602 320 4 572 414 1 393 381 6 419 306 
20 0 5 0.700000 0 5 0 0 1.096186 2 7 2 401 432 8 627 348 7 510 300 10 410 373 6 455 465 NA NA NA NA NA NA NA NA NA 
20 0 6 0.700000 0 5 1 1 1.453589 0 10 3 455 321 8 407 368 5 543 296 6 593 404 9 591 331 NA NA NA NA NA NA NA NA NA 
20 0 7 0.700000 0 2 1 1 1.271369 0 4 7 447 451 8 618 472 NA NA NA NA NA NA NA NA NA NA NA NA NA NA NA NA NA NA 
20 0 8 0.700000 0 8 1 1 1.361952 5 2 10 585 450 1 438 453 5 568 326 9 469 297 7 615 362 6 501 461 4 434 394 3 415 322 
20 0 9 0.700000 0 5 1 1 1.037764 3 6 3 603 414 7 499 312 1 616 335 9 440 440 8 409 329 NA NA NA NA NA NA NA NA NA 
20 0 10 0.700000 0 8 1 0 2.175264 7 8 9 475 337 10 401 385 1 585 469 4 582 344 5 466 424 2 413 452 7 394 307 6 525 450 
20 0 11 0.700000 0 2 0 1 0.934654 0 3 3 436 455 5 615 401 NA NA NA NA NA NA NA NA NA NA NA NA NA NA NA NA NA NA 
20 0 12 0.700000 0 8 1 1 1.247255 0 9 1 626 324 6 473 462 2 596 390 4 388 470 5 451 393 7 533 462 3 560 304 10 462 326 
20 0 13 0.700000 0 8 0 1 2.527847 4 10 5 472 442 2 500 313 4 635 471 1 631 389 10 405 465 8 596 333 7 448 381 9 569 462 
20 0 14 0.700000 0 8 1 0 2.957900 0 9 7 401 406 3 477 455 5 420 294 8 606 416 4 636 323 6 559 305 1 548 450 2 491 310 
20 0 15 0.700000 0 8 0 1 1.531050 7 3 6 421 446 10 448 375 2 390 393 5 634 303 8 618 381 7 566 427 4 535 310 3 629 466 
20 0 16 0.700000 0 5 1 1 1.067836 1 10 7 454 465 5 489 326 2 625 421 3 622 343 4 407 351 NA NA NA NA NA NA NA NA NA 
20 0 17 0.700000 0 5 1 1 0.977221 1 6 1 599 373 2 421 314 3 418 414 8 500 301 5 594 440 NA NA NA NA NA NA NA NA NA 
20 0 18 0.700000 0 5 1 1 1.429520 3 8 3 567 298 6 602 463 2 577 360 5 415 454 9 485 298 NA NA NA NA NA NA NA NA NA 
20 0 19 0.700000 0 8 1 1 1.373050 0 7 9 610 407 2 411 358 6 549 295 10 524 444 3 621 318 1 464 457 5 492 310 4 397 445 
20 0 20 0.700000 0 2 1 1 1.720564 1 7 9 387 455 6 614 363 NA NA NA NA NA NA NA NA NA NA NA NA NA NA NA NA NA NA 
20 0 21 0.700000 0 2 1 1 1.208315 0 8 9 617 340 3 503 451 NA NA NA NA NA NA NA NA NA NA NA NA NA NA NA NA NA NA 
20 0 22 0.700000 0 2 0 0 1.393358 1 1 7 604 340 1 442 468 NA NA NA NA NA NA NA NA NA NA NA NA NA NA NA NA NA NA 
20 0 23 0.700000 0 2 1 1 1.013272 1 5 1 584 424 2 439 342 NA NA NA NA NA NA NA NA NA NA NA NA NA NA NA NA NA NA 
20 0 24 0.700000 0 2 1 1 1.577092 1 3 4 629 438 2 615 356 NA NA NA NA NA NA NA NA NA NA NA NA NA NA NA NA NA NA 
20 0 25 0.700000 0 5 0 0 2.190374 3 1 3 603 359 9 415 335 2 631 444 1 433 454 5 533 310 NA NA NA NA NA NA NA NA NA 
20 0 26 0.700000 0 5 1 1 1.615843 3 8 10 577 401 3 407 425 4 494 456 7 507 302 5 613 311 NA NA NA NA NA NA NA NA NA 
20 0 27 0.700000 0 2 1 1 1.295546 0 3 1 570 393 2 397 411 NA NA NA NA NA NA NA NA NA NA NA NA NA NA NA NA NA NA 
20 0 28 0.700000 0 5 0 0 1.614550 0 8 8 470 299 6 629 418 4 556 310 3 529 469 9 445 438 NA NA NA NA NA NA NA NA NA 
20 0 29 0.700000 0 8 0 0 1.361503 2 1 3 567 304 5 457 345 1 445 434 10 499 472 7 569 428 9 629 448 4 419 299 6 617 385 
20 0 30 0.700000 0 5 0 0 1.031808 4 8 2 450 419 7 389 309 6 636 369 9 637 461 8 444 345 NA NA NA NA NA NA NA NA NA 
20 0 31 0.700000 0 5 1 1 1.033148 2 7 3 604 336 10 431 386 5 550 450 6 636 432 2 459 437 NA NA NA NA NA NA NA NA NA 
20 0 32 0.700000 0 2 1 1 1.112083 1 1 7 508 446 3 608 378 NA NA NA NA NA NA NA NA NA NA NA NA NA NA NA NA NA NA 
20 0 33 0.700000 0 2 1 1 0.968336 1 6 4 399 319 8 443 450 NA NA NA NA NA NA NA NA NA NA NA NA NA NA NA NA NA NA 
20 0 34 0.700000 0 8 1 1 1.381257 0 1 6 483 455 10 516 311 4 423 460 8 625 434 7 405 403 5 577 386 2 459 354 3 601 296 
20 0 35 0.700000 0 5 1 1 0.931797 3 6 1 492 328 8 408 402 4 541 471 5 479 447 10 596 296 NA NA NA NA NA NA NA NA NA 
20 0 36 0.700000 0 2 0 0 1.333645 1 6 1 607 353 6 427 405 NA NA NA NA NA NA NA NA NA NA NA NA NA NA NA NA NA NA 
20 0 37 0.700000 0 5 1 1 1.591966 0 8 7 550 446 3 444 353 4 458 421 10 583 373 9 615 425 NA NA NA NA NA NA NA NA NA 
20 0 38 0.700000 0 8 0 0 1.820879 1 7 5 622 451 7 619 343 1 477 464 2 551 338 4 404 391 8 396 471 9 445 312 3 546 455 
20 0 39 0.700000 0 2 1 1 0.994218 0 2 6 610 405 1 593 324 NA NA NA NA NA NA NA NA NA NA NA NA NA NA NA NA NA NA 
20 0 40 0.700000 0 2 0 0 1.225388 0 5 5 472 426 10 593 337 NA NA NA NA NA NA NA NA NA NA NA NA NA NA NA NA NA NA 
20 0 41 0.700000 0 2 1 1 1.143483 1 9 1 595 316 8 596 376 NA NA NA NA NA NA NA NA NA NA NA NA NA NA NA NA NA NA 
20 0 42 0.700000 0 8 1 1 1.141849 4 4 5 433 348 6 621 388 8 559 466 3 630 463 10 565 315 9 466 460 1 510 295 2 389 401 
20 0 43 0.700000 0 8 1 1 1.064633 1 1 2 387 384 9 637 338 3 497 308 8 600 413 4 443 345 6 455 458 10 515 445 5 555 301 
20 0 44 0.700000 0 5 0 0 1.971033 0 3 3 413 367 5 538 299 7 619 361 1 415 454 8 568 440 NA NA NA NA NA NA NA NA NA 
20 0 45 0.700000 0 5 1 1 2.031474 0 8 1 593 454 3 564 294 5 473 332 10 415 294 7 598 386 NA NA NA NA NA NA NA NA NA 
20 0 46 0.700000 0 2 1 1 1.946693 0 9 4 466 454 1 546 433 NA NA NA NA NA NA NA NA NA NA NA NA NA NA NA NA NA NA 
20 0 47 0.700000 0 8 1 1 1.031461 2 10 9 478 466 8 632 379 3 414 353 4 625 461 7 469 297 2 526 325 5 599 331 6 393 454 
20 0 48 0.700000 0 8 1 1 2.110918 2 4 7 569 423 10 609 354 3 407 400 9 454 340 8 531 295 5 635 416 6 390 327 2 490 451 
20 0 49 0.700000 0 2 0 1 1.020932 0 4 4 634 333 6 569 434 NA NA NA NA NA NA NA NA NA NA NA NA NA NA NA NA NA NA 
20 0 50 0.700000 0 2 0 0 1.515195 0 1 1 596 452 4 507 470 NA NA NA NA NA NA NA NA NA NA NA NA NA NA NA NA NA NA 
20 0 51 0.700000 0 5 1 1 1.155973 3 5 2 460 319 7 456 453 1 633 359 9 530 316 6 587 295 NA NA NA NA NA NA NA NA NA 
20 0 52 0.700000 0 2 1 1 1.238564 0 8 4 430 301 6 631 380 NA NA NA NA NA NA NA NA NA NA NA NA NA NA NA NA NA NA 
20 0 53 0.700000 0 5 1 0 1.538418 2 8 6 486 459 2 422 448 5 526 306 10 545 435 4 459 304 NA NA NA NA NA NA NA NA NA 
20 0 54 0.700000 0 5 1 1 1.148720 1 10 7 428 345 9 607 367 8 519 317 2 429 426 1 630 432 NA NA NA NA NA NA NA NA NA 
20 0 55 0.700000 0 8 0 0 2.334550 5 2 6 554 298 9 620 416 3 456 450 7 620 337 10 397 379 2 396 306 4 528 462 5 595 471 
20 0 56 0.700000 0 5 0 0 1.030594 1 8 6 548 467 8 557 310 2 470 448 4 607 408 3 486 307 NA NA NA NA NA NA NA NA NA 
20 0 57 0.700000 0 8 1 1 1.316043 3 9 10 533 306 3 422 374 5 581 353 7 549 461 4 483 439 1 636 309 8 628 430 2 408 437 
20 0 58 0.700000 0 8 1 1 1.337448 4 8 2 615 390 5 412 340 6 482 310 7 428 409 1 592 309 10 489 453 3 620 466 9 409 468 
20 0 59 0.700000 0 2 1 1 0.966165 1 7 4 563 455 1 478 308 NA NA NA NA NA NA NA NA NA NA NA NA NA NA NA NA NA NA 
20 1 0 0.500000 0 5 0 0 1.212703 4 9 5 615 417 2 474 470 4 568 314 7 498 316 9 391 426 NA NA NA NA NA NA NA NA NA 
20 1 1 0.500000 0 8 0 0 1.362554 7 1 7 413 433 4 572 322 9 388 321 3 447 338 5 562 420 2 525 471 10 619 451 1 618 393 
20 1 2 0.500000 0 5 1 1 1.078016 0 6 4 534 442 10 474 303 2 452 473 5 594 391 9 430 419 NA NA NA NA NA NA NA NA NA 
20 1 3 0.500000 0 2 0 0 1.898250 1 5 3 467 333 5 493 474 NA NA NA NA NA NA NA NA NA NA NA NA NA NA NA NA NA NA 
20 1 4 0.500000 0 5 1 1 1.053195 3 4 9 580 302 7 444 317 5 579 431 2 522 450 8 622 379 NA NA NA NA NA NA NA NA NA 
20 1 5 0.500000 0 2 0 0 1.920908 1 3 9 410 321 3 573 319 NA NA NA NA NA NA NA NA NA NA NA NA NA NA NA NA NA NA 
20 1 6 0.500000 0 2 0 0 1.117588 0 2 2 405 372 5 607 344 NA NA NA NA NA NA NA NA NA NA NA NA NA NA NA NA NA NA 
20 1 7 0.500000 0 2 1 1 0.980234 1 8 2 517 447 6 501 320 NA NA NA NA NA NA NA NA NA NA NA NA NA NA NA NA NA NA 
20 1 8 0.500000 0 2 1 1 1.546869 0 7 9 627 355 10 568 333 NA NA NA NA NA NA NA NA NA NA NA NA NA NA NA NA NA NA 
20 1 9 0.500000 0 8 1 1 1.157360 3 3 6 591 307 4 578 435 9 469 303 2 422 343 7 476 465 1 440 414 10 390 461 5 626 400 
20 1 10 0.500000 0 5 0 0 1.353533 0 7 7 425 354 3 602 412 1 547 440 5 494 470 2 510 321 NA NA NA NA NA NA NA NA NA 
20 1 11 0.500000 0 8 1 1 1.634403 7 4 7 418 360 8 578 452 6 484 460 3 631 388 2 481 332 9 550 323 1 416 474 5 393 420 
20 1 12 0.500000 0 5 1 1 0.941240 2 8 7 566 473 1 606 307 9 459 412 4 415 467 10 608 384 NA NA NA NA NA NA NA NA NA 
20 1 13 0.500000 0 8 0 0 1.092547 0 7 7 394 394 4 620 449 1 476 447 3 466 301 2 563 316 5 591 382 8 553 470 10 397 318 
20 1 14 0.500000 0 8 0 0 0.988361 1 7 4 539 469 7 596 329 1 631 428 3 396 342 2 387 451 10 423 404 9 574 408 6 481 303 
20 1 15 0.500000 0 5 1 1 0.839385 0 3 10 443 332 9 601 402 6 400 430 8 454 455 1 559 306 NA NA NA NA NA NA NA NA NA 
20 1 16 0.500000 0 2 1 1 1.829737 1 1 8 430 361 9 514 445 NA NA NA NA NA NA NA NA NA NA NA NA NA NA NA NA NA NA 
20 1 17 0.500000 0 8 0 1 0.969913 1 1 7 582 330 1 449 322 9 630 423 10 455 437 5 579 452 6 511 296 2 391 377 8 388 303 
20 1 18 0.500000 0 2 0 0 1.283154 0 7 7 567 335 9 596 418 NA NA NA NA NA NA NA NA NA NA NA NA NA NA NA NA NA NA 
20 1 19 0.500000 0 5 1 1 1.017313 3 10 3 419 298 9 419 417 6 517 450 8 610 446 5 583 296 NA NA NA NA NA NA NA NA NA 
20 1 20 0.500000 0 5 1 1 3.153926 0 9 3 475 457 4 567 304 1 487 314 2 394 332 10 425 396 NA NA NA NA NA NA NA NA NA 
20 1 21 0.500000 0 2 0 0 1.167991 1 4 5 408 371 4 564 317 NA NA NA NA NA NA NA NA NA NA NA NA NA NA NA NA NA NA 
20 1 22 0.500000 0 8 1 1 1.050575 6 4 8 574 415 9 496 299 5 514 467 3 427 299 6 399 462 2 551 319 10 458 413 1 611 460 
20 1 23 0.500000 0 2 1 1 1.013187 1 7 3 509 471 8 596 427 NA NA NA NA NA NA NA NA NA NA NA NA NA NA NA NA NA NA 
20 1 24 0.500000 0 5 1 1 0.967120 3 9 3 499 295 4 400 452 6 418 358 5 587 345 8 612 467 NA NA NA NA NA NA NA NA NA 
20 1 25 0.500000 0 2 0 0 2.019051 0 3 3 537 453 6 610 445 NA NA NA NA NA NA NA NA NA NA NA NA NA NA NA NA NA NA 
20 1 26 0.500000 0 8 1 1 1.628527 3 6 10 624 344 5 394 418 7 499 302 4 521 461 9 610 454 8 560 323 2 567 409 1 412 310 
20 1 27 0.500000 0 8 0 0 1.108144 6 7 5 415 450 2 578 468 1 637 330 3 445 357 6 492 460 8 512 299 7 585 358 10 388 312 
20 1 28 0.500000 0 2 1 1 0.893059 0 9 6 533 306 8 396 439 NA NA NA NA NA NA NA NA NA NA NA NA NA NA NA NA NA NA 
20 1 29 0.500000 0 8 0 0 1.158645 2 1 10 424 435 8 621 397 1 622 334 6 504 304 4 455 354 9 551 447 2 402 329 5 620 462 
20 1 30 0.500000 0 5 0 0 2.345569 1 4 5 453 386 4 622 430 7 620 319 2 479 298 1 418 441 NA NA NA NA NA NA NA NA NA 
20 1 31 0.500000 0 5 1 1 1.112629 2 3 6 404 337 7 477 318 5 582 389 8 471 440 2 555 308 NA NA NA NA NA NA NA NA NA 
20 1 32 0.500000 0 2 1 1 1.339542 0 5 1 420 405 7 410 307 NA NA NA NA NA NA NA NA NA NA NA NA NA NA NA NA NA NA 
20 1 33 0.500000 0 8 1 1 1.353083 2 4 2 452 403 1 430 323 7 586 385 3 489 465 10 387 391 5 565 327 6 593 462 9 633 320 
20 1 34 0.500000 0 5 0 1 0.789986 3 10 3 475 334 5 618 417 4 422 468 10 553 323 6 573 458 NA NA NA NA NA NA NA NA NA 
20 1 35 0.500000 0 5 0 0 2.635673 3 2 9 425 427 5 554 447 6 584 338 2 391 309 1 632 378 NA NA NA NA NA NA NA NA NA 
20 1 36 0.500000 0 5 0 0 1.587780 2 6 7 431 319 2 407 396 6 602 442 10 395 459 3 509 321 NA NA NA NA NA NA NA NA NA 
20 1 37 0.500000 0 2 1 1 0.769413 1 9 7 438 404 3 613 317 NA NA NA NA NA NA NA NA NA NA NA NA NA NA NA NA NA NA 
20 1 38 0.500000 0 2 0 0 1.943155 0 4 4 626 455 8 413 324 NA NA NA NA NA NA NA NA NA NA NA NA NA NA NA NA NA NA 
20 1 39 0.500000 0 2 0 0 0.945426 1 4 2 618 455 4 390 327 NA NA NA NA NA NA NA NA NA NA NA NA NA NA NA NA NA NA 
20 1 40 0.500000 0 5 0 0 1.289509 2 2 4 631 410 3 565 335 2 438 392 1 409 308 9 626 322 NA NA NA NA NA NA NA NA NA 
20 1 41 0.500000 0 5 0 0 0.960780 0 9 9 589 317 10 398 337 6 573 406 5 388 427 2 431 469 NA NA NA NA NA NA NA NA NA 
20 1 42 0.500000 0 5 1 1 1.536809 4 7 5 579 317 8 514 302 6 442 390 2 450 456 3 583 400 NA NA NA NA NA NA NA NA NA 
20 1 43 0.500000 0 8 1 1 1.674021 7 3 1 628 359 4 513 325 7 449 421 10 580 400 5 435 316 9 611 294 6 543 451 8 607 474 
20 1 44 0.500000 0 8 0 1 0.983776 0 4 4 454 317 5 540 296 3 628 447 9 620 362 2 468 461 6 454 377 7 626 297 1 408 426 
20 1 45 0.500000 0 5 1 1 1.188647 4 7 6 606 319 4 396 315 5 387 447 10 612 410 8 474 295 NA NA NA NA NA NA NA NA NA 
20 1 46 0.500000 0 2 0 0 1.770303 0 4 4 565 461 7 467 429 NA NA NA NA NA NA NA NA NA NA NA NA NA NA NA NA NA NA 
20 1 47 0.500000 0 8 1 1 3.720971 5 6 5 435 445 9 607 412 8 426 375 2 534 330 1 402 304 7 547 436 10 592 346 4 467 305 
20 1 48 0.500000 0 2 1 1 0.987197 0 8 2 398 362 3 544 443 NA NA NA NA NA NA NA NA NA NA NA NA NA NA NA NA NA NA 
20 1 49 0.500000 0 8 0 1 2.203188 6 9 6 575 350 10 414 364 3 397 304 2 470 470 7 591 450 8 633 326 9 506 316 4 411 424 
20 1 50 0.500000 0 8 0 0 1.749437 6 1 7 618 450 4 585 336 8 392 420 9 542 446 3 455 455 2 634 389 1 514 302 6 437 301 
20 1 51 0.500000 0 8 0 0 1.715522 3 6 2 488 325 8 434 397 5 621 341 6 584 405 1 532 464 9 552 341 10 468 462 4 416 340 
20 1 52 0.500000 0 8 1 1 1.600206 6 8 7 406 332 4 402 396 5 613 441 1 636 334 9 438 471 3 552 322 10 467 297 2 538 455 
20 1 53 0.500000 0 8 1 1 1.049686 6 10 2 626 372 4 395 334 8 420 387 9 597 432 1 556 334 6 548 465 7 458 450 3 506 299 
20 1 54 0.500000 0 5 0 0 1.315912 1 8 9 586 335 8 611 474 6 527 466 5 511 304 4 409 390 NA NA NA NA NA NA NA NA NA 
20 1 55 0.500000 0 2 0 0 1.098814 1 7 5 524 321 7 425 439 NA NA NA NA NA NA NA NA NA NA NA NA NA NA NA NA NA NA 
20 1 56 0.500000 0 5 0 0 1.681223 1 5 2 631 359 5 577 445 4 405 322 8 483 472 3 410 396 NA NA NA NA NA NA NA NA NA 
20 1 57 0.500000 0 2 1 1 0.724703 1 7 8 580 385 2 414 470 NA NA NA NA NA NA NA NA NA NA NA NA NA NA NA NA NA NA 
20 1 58 0.500000 0 2 1 1 1.268338 1 1 7 511 442 3 419 426 NA NA NA NA NA NA NA NA NA NA NA NA NA NA NA NA NA NA 
20 1 59 0.500000 0 8 1 1 3.589459 4 1 10 636 392 9 621 333 4 406 346 2 560 450 6 492 447 8 399 426 7 571 393 5 539 329 
20 2 0 0.300000 0 8 1 1 1.783617 0 3 7 593 367 4 602 428 8 515 461 9 552 298 2 415 454 6 403 361 5 496 326 10 632 318 
20 2 1 0.300000 0 5 0 0 0.824240 2 4 1 490 318 3 452 444 4 617 443 10 596 294 2 428 383 NA NA NA NA NA NA NA NA NA 
20 2 2 0.300000 0 5 0 1 1.397213 3 10 7 450 412 3 615 389 2 536 450 10 435 310 4 617 310 NA NA NA NA NA NA NA NA NA 
20 2 3 0.300000 0 8 1 1 0.854398 2 3 5 396 465 4 394 313 8 411 379 6 570 315 9 630 370 2 464 459 1 525 458 10 637 312 
20 2 4 0.300000 0 2 0 0 1.402207 0 1 1 437 431 7 601 367 NA NA NA NA NA NA NA NA NA NA NA NA NA NA NA NA NA NA 
20 2 5 0.300000 0 5 0 0 4.614033 0 9 9 555 458 3 628 447 8 583 317 1 453 461 7 583 380 NA NA NA NA NA NA NA NA NA 
20 2 6 0.300000 0 5 1 1 1.196532 1 1 6 457 294 3 585 398 8 446 387 10 542 327 9 581 469 NA NA NA NA NA NA NA NA NA 
20 2 7 0.300000 0 5 1 1 1.405982 2 10 7 527 444 2 632 328 1 396 458 5 612 417 8 542 327 NA NA NA NA NA NA NA NA NA 
20 2 8 0.300000 0 8 0 0 2.937543 5 4 7 583 340 5 452 447 9 569 431 2 406 317 3 633 474 4 498 308 10 436 372 8 392 431 
20 2 9 0.300000 0 8 0 0 1.550901 1 2 8 583 356 2 543 466 9 413 337 3 489 324 4 624 400 5 442 463 7 635 325 10 441 398 
20 2 10 0.300000 0 2 1 1 0.947238 1 10 5 611 466 2 511 314 NA NA NA NA NA NA NA NA NA NA NA NA NA NA NA NA NA NA 
20 2 11 0.300000 0 2 0 0 1.152268 0 7 7 446 439 3 605 303 NA NA NA NA NA NA NA NA NA NA NA NA NA NA NA NA NA NA 
20 2 12 0.300000 0 2 0 0 0.756958 0 3 3 449 361 8 568 427 NA NA NA NA NA NA NA NA NA NA NA NA NA NA NA NA NA NA 
20 2 13 0.300000 0 2 0 0 1.109765 0 2 2 598 472 10 418 466 NA NA NA NA NA NA NA NA NA NA NA NA NA NA NA NA NA NA 
20 2 14 0.300000 0 2 0 0 1.040048 1 8 10 586 337 8 602 460 NA NA NA NA NA NA NA NA NA NA NA NA NA NA NA NA NA NA 
20 2 15 0.300000 0 5 0 0 1.349301 4 6 3 387 374 2 583 383 8 519 303 5 455 460 6 464 325 NA NA NA NA NA NA NA NA NA 
20 2 16 0.300000 0 5 0 0 3.195024 3 5 10 409 439 8 436 339 2 596 312 5 397 295 3 558 431 NA NA NA NA NA NA NA NA NA 
20 2 17 0.300000 0 5 0 0 1.187541 2 2 7 561 428 4 473 427 2 414 345 8 629 370 3 551 309 NA NA NA NA NA NA NA NA NA 
20 2 18 0.300000 0 2 0 0 1.424726 0 1 1 622 466 7 592 401 NA NA NA NA NA NA NA NA NA NA NA NA NA NA NA NA NA NA 
20 2 19 0.300000 0 2 0 0 0.765213 0 4 4 417 470 7 427 359 NA NA NA NA NA NA NA NA NA NA NA NA NA NA NA NA NA NA 
20 2 20 0.300000 0 8 0 0 2.871268 7 4 1 525 457 6 387 408 8 612 406 3 456 453 7 621 466 9 570 354 10 631 326 4 485 296 
20 2 21 0.300000 0 5 1 1 1.060569 2 7 6 598 449 8 474 315 2 539 445 9 404 329 5 581 347 NA NA NA NA NA NA NA NA NA 
20 2 22 0.300000 0 2 1 1 0.839529 1 9 8 518 473 5 467 329 NA NA NA NA NA NA NA NA NA NA NA NA NA NA NA NA NA NA 
20 2 23 0.300000 0 8 0 0 1.069054 7 7 1 446 371 2 580 405 3 471 434 8 407 310 5 526 302 10 630 468 9 537 461 7 388 410 
20 2 24 0.300000 0 5 0 0 0.996108 2 8 5 600 402 10 433 402 8 625 474 2 389 349 9 456 347 NA NA NA NA NA NA NA NA NA 
20 2 25 0.300000 0 5 0 0 1.004066 4 5 1 444 348 2 587 364 3 509 470 10 500 300 5 441 437 NA NA NA NA NA NA NA NA NA 
20 2 26 0.300000 0 8 0 0 1.112251 5 1 6 398 473 8 623 437 7 389 406 2 489 296 10 389 298 1 569 320 9 521 474 4 637 358 
20 2 27 0.300000 0 8 0 0 2.422064 5 7 9 633 415 10 586 356 2 562 474 5 402 350 6 451 473 7 635 297 1 522 306 8 460 330 
20 2 28 0.300000 0 5 0 0 0.774671 0 6 6 592 419 9 483 313 10 635 298 4 413 344 5 463 433 NA NA NA NA NA NA NA NA NA 
20 2 29 0.300000 0 8 1 1 1.135385 7 4 10 597 330 6 613 466 2 397 332 8 632 396 1 502 458 9 447 367 5 524 310 7 449 432 
20 2 30 0.300000 0 2 0 0 0.956255 0 4 4 412 428 1 597 429 NA NA NA NA NA NA NA NA NA NA NA NA NA NA NA NA NA NA 
20 2 31 0.300000 0 5 1 1 1.030934 3 3 9 611 401 7 609 471 4 458 308 10 391 424 5 548 333 NA NA NA NA NA NA NA NA NA 
20 2 32 0.300000 0 5 0 0 1.754367 1 10 1 584 353 10 446 446 4 489 305 7 420 368 2 585 426 NA NA NA NA NA NA NA NA NA 
20 2 33 0.300000 0 2 1 1 0.853450 1 1 5 623 385 4 388 363 NA NA NA NA NA NA NA NA NA NA NA NA NA NA NA NA NA NA 
20 2 34 0.300000 0 8 0 0 2.371142 3 1 6 403 472 8 534 464 9 583 300 1 403 325 2 628 459 10 583 383 3 442 426 7 487 328 
20 2 35 0.300000 0 8 0 1 1.258684 0 8 8 388 305 10 421 434 7 584 332 5 634 416 6 576 400 4 596 469 9 491 463 1 431 350 
20 2 36 0.300000 0 8 1 1 1.297613 2 5 3 428 335 4 403 453 1 622 460 6 537 325 9 539 443 8 446 414 7 637 307 2 614 369 
20 2 37 0.300000 0 5 0 1 1.408851 2 6 7 590 416 3 635 294 6 518 446 5 635 466 1 595 354 NA NA NA NA NA NA NA NA NA 
20 2 38 0.300000 0 2 0 0 0.994001 1 9 10 585 351 9 543 446 NA NA NA NA NA NA NA NA NA NA NA NA NA NA NA NA NA NA 
20 2 39 0.300000 0 2 0 0 0.792644 1 4 5 572 301 4 634 396 NA NA NA NA NA NA NA NA NA NA NA NA NA NA NA NA NA NA 
20 2 40 0.300000 0 2 0 0 0.673668 0 10 10 402 362 1 598 298 NA NA NA NA NA NA NA NA NA NA NA NA NA NA NA NA NA NA 
20 2 41 0.300000 0 8 0 0 1.577379 5 7 6 600 361 10 507 301 5 600 447 3 488 470 2 407 439 7 628 305 1 432 312 9 397 364 
20 2 42 0.300000 0 5 0 0 0.990378 1 6 4 421 322 6 598 461 9 478 458 10 394 466 8 589 299 NA NA NA NA NA NA NA NA NA 
20 2 43 0.300000 0 5 1 1 0.939794 2 2 7 476 461 5 590 405 6 586 305 1 625 454 3 402 395 NA NA NA NA NA NA NA NA NA 
20 2 44 0.300000 0 5 1 1 1.022294 4 5 9 454 331 8 596 463 1 499 465 3 516 324 2 392 417 NA NA NA NA NA NA NA NA NA 
20 2 45 0.300000 0 2 0 0 0.953747 1 1 9 394 332 1 492 321 NA NA NA NA NA NA NA NA NA NA NA NA NA NA NA NA NA NA 
20 2 46 0.300000 0 2 1 1 1.312741 1 10 1 591 448 4 418 449 NA NA NA NA NA NA NA NA NA NA NA NA NA NA NA NA NA NA 
20 2 47 0.300000 0 2 1 1 1.084500 0 6 9 419 434 3 478 335 NA NA NA NA NA NA NA NA NA NA NA NA NA NA NA NA NA NA 
20 2 48 0.300000 0 2 1 1 1.454431 0 7 5 432 420 4 619 420 NA NA NA NA NA NA NA NA NA NA NA NA NA NA NA NA NA NA 
20 2 49 0.300000 0 8 0 0 1.352087 5 7 8 576 320 3 539 467 6 616 467 1 473 325 5 597 377 7 414 352 10 412 469 2 472 471 
20 2 50 0.300000 0 8 0 0 2.079690 6 4 7 528 304 10 446 386 6 525 455 9 598 414 5 437 315 8 626 466 4 408 433 3 608 325 
20 2 51 0.300000 0 5 0 0 2.041286 0 6 6 440 339 4 617 441 7 592 310 3 454 400 8 497 473 NA NA NA NA NA NA NA NA NA 
20 2 52 0.300000 0 8 1 1 1.551443 1 3 9 628 437 7 416 412 10 442 313 6 462 461 2 588 368 4 515 301 1 577 306 5 552 439 
20 2 53 0.300000 0 5 0 0 1.149359 3 5 7 444 425 10 424 312 1 588 333 5 622 470 4 513 471 NA NA NA NA NA NA NA NA NA 
20 2 54 0.300000 0 2 0 0 0.856733 1 2 5 601 320 2 389 429 NA NA NA NA NA NA NA NA NA NA NA NA NA NA NA NA NA NA 
20 2 55 0.300000 0 8 0 0 1.163981 3 8 9 434 437 6 518 295 7 566 351 8 447 362 10 448 302 1 621 391 4 553 450 5 492 455 
20 2 56 0.300000 0 8 1 1 1.080561 3 3 2 587 313 1 612 381 7 424 448 5 390 294 10 503 314 6 579 464 9 416 347 8 520 471 
20 2 57 0.300000 0 8 0 1 1.044106 4 10 8 611 314 2 534 452 3 387 365 9 579 368 10 400 299 5 614 462 1 428 427 6 475 322 
20 2 58 0.300000 0 8 0 0 0.943376 3 10 3 588 337 6 530 316 5 408 463 10 506 471 2 584 398 9 581 458 4 473 328 8 409 363 
20 2 59 0.300000 0 2 0 0 0.812217 0 4 4 393 374 7 546 455 NA NA NA NA NA NA NA NA NA NA NA NA NA NA NA NA NA NA 
20 3 0 0.700000 0 2 1 1 1.119311 1 4 7 431 451 5 580 389 NA NA NA NA NA NA NA NA NA NA NA NA NA NA NA NA NA NA 
20 3 1 0.700000 0 5 1 1 1.818821 4 5 8 481 463 2 529 303 7 611 339 1 620 460 9 428 355 NA NA NA NA NA NA NA NA NA 
20 3 2 0.700000 0 8 1 1 1.935799 4 8 2 456 416 1 461 341 4 564 424 5 400 348 10 607 367 3 597 474 7 565 308 9 521 464 
20 3 3 0.700000 0 5 1 1 1.493676 1 4 3 415 367 9 401 431 10 569 445 2 424 294 8 586 320 NA NA NA NA NA NA NA NA NA 
20 3 4 0.700000 0 2 1 1 0.895865 1 3 5 587 387 6 456 332 NA NA NA NA NA NA NA NA NA NA NA NA NA NA NA NA NA NA 
20 3 5 0.700000 0 5 1 1 1.023100 1 3 1 389 380 2 626 422 10 597 360 7 532 294 5 453 466 NA NA NA NA NA NA NA NA NA 
20 3 6 0.700000 0 2 1 1 1.022652 0 3 6 607 355 1 447 384 NA NA NA NA NA NA NA NA NA NA NA NA NA NA NA NA NA NA 
20 3 7 0.700000 0 8 1 1 1.298328 4 9 5 603 342 3 470 317 1 438 407 4 565 419 7 606 472 6 466 473 2 533 316 10 399 351 
20 3 8 0.700000 0 8 1 1 0.750184 5 1 7 491 443 6 521 321 9 402 444 8 456 326 2 631 404 4 576 461 3 588 327 10 441 397 
20 3 9 0.700000 0 2 1 1 1.437347 1 9 8 569 298 4 483 295 NA NA NA NA NA NA NA NA NA NA NA NA NA NA NA NA NA NA 
20 3 10 0.700000 0 8 1 1 2.341974 2 9 4 458 409 1 530 469 10 577 368 7 514 317 6 620 297 2 625 431 8 393 466 5 397 363 
20 3 11 0.700000 0 2 1 1 1.103761 1 10 1 569 372 8 419 376 NA NA NA NA NA NA NA NA NA NA NA NA NA NA NA NA NA NA 
20 3 12 0.700000 0 2 0 0 1.134637 0 3 3 488 318 5 624 419 NA NA NA NA NA NA NA NA NA NA NA NA NA NA NA NA NA NA 
20 3 13 0.700000 0 8 1 1 0.947802 0 3 1 397 423 9 619 359 8 481 464 4 569 467 5 548 328 10 439 337 7 636 423 2 387 301 
20 3 14 0.700000 0 5 1 1 1.789022 1 10 7 585 376 9 495 301 8 403 444 3 501 469 6 415 296 NA NA NA NA NA NA NA NA NA 
20 3 15 0.700000 0 5 0 0 1.128262 1 6 2 558 302 6 472 454 4 425 308 5 602 345 1 432 368 NA NA NA NA NA NA NA NA NA 
20 3 16 0.700000 0 5 0 0 0.969176 1 7 10 435 379 7 576 329 6 462 473 8 436 296 4 513 304 NA NA NA NA NA NA NA NA NA 
20 3 17 0.700000 0 5 1 1 1.473089 2 8 7 441 411 5 440 303 2 591 322 4 624 420 6 565 457 NA NA NA NA NA NA NA NA NA 
20 3 18 0.700000 0 8 0 1 1.786474 1 9 1 422 411 9 396 312 7 573 342 8 461 347 5 592 472 10 510 460 6 637 382 4 629 308 
20 3 19 0.700000 0 8 0 0 1.504830 3 1 2 564 310 7 446 394 8 539 474 1 403 321 10 392 417 6 574 418 9 449 469 4 631 336 
20 3 20 0.700000 0 2 0 0 0.851628 0 1 1 626 417 9 455 471 NA NA NA NA NA NA NA NA NA NA NA NA NA NA NA NA NA NA 
20 3 21 0.700000 0 8 1 0 0.912805 7 9 6 562 340 7 426 425 1 479 298 2 608 387 8 571 457 5 625 304 10 400 317 3 485 474 
20 3 22 0.700000 0 5 1 1 1.324845 4 8 9 598 402 5 416 330 2 598 339 6 534 319 10 492 465 NA NA NA NA NA NA NA NA NA 
20 3 23 0.700000 0 5 0 0 1.512537 0 5 5 471 451 9 628 348 1 537 452 6 412 413 4 456 363 NA NA NA NA NA NA NA NA NA 
20 3 24 0.700000 0 2 0 0 0.906464 1 1 6 410 319 1 586 336 NA NA NA NA NA NA NA NA NA NA NA NA NA NA NA NA NA NA 
20 3 25 0.700000 0 2 1 1 1.212937 0 5 6 440 304 7 418 445 NA NA NA NA NA NA NA NA NA NA NA NA NA NA NA NA NA NA 
20 3 26 0.700000 0 8 1 1 1.455973 6 9 6 537 472 1 558 309 10 620 451 3 491 328 2 408 388 5 575 400 7 399 325 4 464 417 
20 3 27 0.700000 0 8 0 0 1.250948 4 2 7 587 322 3 619 412 4 402 378 1 505 469 2 491 311 9 433 322 8 434 455 5 636 472 
20 3 28 0.700000 0 5 0 1 1.190133 1 7 8 562 450 7 457 325 9 602 404 6 590 339 1 439 416 NA NA NA NA NA NA NA NA NA 
20 3 29 0.700000 0 2 0 0 0.744362 0 5 5 458 467 8 516 305 NA NA NA NA NA NA NA NA NA NA NA NA NA NA NA NA NA NA 
20 3 30 0.700000 0 8 0 0 0.782083 3 1 5 623 410 6 479 297 10 403 377 1 570 461 9 630 471 3 390 297 4 470 426 2 560 341 
20 3 31 0.700000 0 8 0 0 0.839592 7 8 4 439 405 2 559 473 3 549 303 6 619 462 1 439 295 9 630 374 5 391 445 8 483 472 
20 3 32 0.700000 0 5 0 0 0.955632 2 10 7 420 373 1 559 326 10 410 456 4 582 473 3 419 296 NA NA NA NA NA NA NA NA NA 
20 3 33 0.700000 0 2 1 1 1.056034 1 2 7 445 394 5 568 439 NA NA NA NA NA NA NA NA NA NA NA NA NA NA NA NA NA NA 
20 3 34 0.700000 0 8 1 0 1.621936 5 2 3 458 422 4 408 379 8 593 408 6 512 305 10 632 331 7 522 448 9 403 302 5 586 295 
20 3 35 0.700000 0 5 1 1 1.074904 2 7 2 421 471 1 575 418 5 587 341 4 420 295 3 512 325 NA NA NA NA NA NA NA NA NA 
20 3 36 0.700000 0 2 0 0 2.067536 1 4 2 461 413 4 570 410 NA NA NA NA NA NA NA NA NA NA NA NA NA NA NA NA NA NA 
20 3 37 0.700000 0 5 1 1 0.834297 0 8 6 459 417 4 547 308 1 636 294 2 611 412 9 537 464 NA NA NA NA NA NA NA NA NA 
20 3 38 0.700000 0 5 1 1 0.861352 3 2 1 443 371 3 389 445 5 485 302 10 582 405 4 629 441 NA NA NA NA NA NA NA NA NA 
20 3 39 0.700000 0 8 1 1 1.757867 3 8 5 573 432 6 413 307 4 417 451 3 616 374 2 597 306 10 412 389 9 519 311 1 474 472 
20 3 40 0.700000 0 8 1 1 0.893902 0 5 6 439 364 2 568 319 1 494 470 9 411 300 3 600 440 4 490 312 10 397 406 7 625 371 
20 3 41 0.700000 0 8 0 1 0.887820 3 7 1 387 392 9 553 333 5 422 335 7 395 473 4 588 391 8 445 395 3 546 432 2 490 452 
20 3 42 0.700000 0 2 1 1 0.839553 0 3 8 620 329 7 391 317 NA NA NA NA NA NA NA NA NA NA NA NA NA NA NA NA NA NA 
20 3 43 0.700000 0 8 1 1 1.164859 1 9 2 603 466 3 553 315 5 464 432 4 613 379 7 394 418 6 407 344 1 531 460 8 470 323 
20 3 44 0.700000 0 8 1 0 1.045148 5 9 5 443 403 4 407 338 3 562 301 7 462 309 1 390 429 2 563 456 6 577 359 8 485 452 
20 3 45 0.700000 0 5 1 1 1.329926 3 8 5 494 474 4 600 473 1 424 343 2 631 388 9 607 318 NA NA NA NA NA NA NA NA NA 
20 3 46 0.700000 0 2 0 0 0.937964 0 5 5 498 465 1 398 438 NA NA NA NA NA NA NA NA NA NA NA NA NA NA NA NA NA NA 
20 3 47 0.700000 0 2 1 1 0.820629 1 9 6 606 372 2 593 462 NA NA NA NA NA NA NA NA NA NA NA NA NA NA NA NA NA NA 
20 3 48 0.700000 0 2 1 1 1.555797 1 3 9 547 431 1 587 321 NA NA NA NA NA NA NA NA NA NA NA NA NA NA NA NA NA NA 
20 3 49 0.700000 0 8 1 1 0.744051 4 5 10 612 398 8 457 461 4 584 298 2 415 324 3 636 336 6 390 408 1 473 309 9 555 473 
20 3 50 0.700000 0 2 1 1 0.832040 1 5 4 628 440 10 603 351 NA NA NA NA NA NA NA NA NA NA NA NA NA NA NA NA NA NA 
20 3 51 0.700000 0 5 1 1 0.680701 2 4 1 437 380 7 552 305 8 536 443 5 598 359 3 630 470 NA NA NA NA NA NA NA NA NA 
20 3 52 0.700000 0 2 1 1 0.854933 0 9 3 422 437 10 559 316 NA NA NA NA NA NA NA NA NA NA NA NA NA NA NA NA NA NA 
20 3 53 0.700000 0 8 1 1 0.773335 1 8 6 420 412 7 583 342 10 406 319 9 615 458 5 499 463 2 629 299 3 493 310 4 555 429 
20 3 54 0.700000 0 2 1 1 0.596716 0 3 1 633 378 7 605 453 NA NA NA NA NA NA NA NA NA NA NA NA NA NA NA NA NA NA 
20 3 55 0.700000 0 5 1 1 0.934626 3 5 3 437 349 6 581 376 9 600 298 10 555 455 4 548 326 NA NA NA NA NA NA NA NA NA 
20 3 56 0.700000 0 5 1 1 1.689651 3 10 3 573 376 2 449 394 5 619 472 1 392 313 7 387 424 NA NA NA NA NA NA NA NA NA 
20 3 57 0.700000 0 5 1 1 1.731309 1 2 1 614 422 8 616 310 9 408 312 5 438 412 10 573 369 NA NA NA NA NA NA NA NA NA 
20 3 58 0.700000 0 5 0 0 0.864166 0 8 8 425 366 2 395 460 6 624 367 10 387 315 1 521 451 NA NA NA NA NA NA NA NA NA 
20 3 59 0.700000 0 2 1 1 0.796790 0 3 9 528 449 7 602 402 NA NA NA NA NA NA NA NA NA NA NA NA NA NA NA NA NA NA 
20 4 0 0.300000 0 8 1 1 1.982611 3 5 2 589 387 1 570 458 3 413 457 10 495 326 4 449 383 9 619 329 8 430 315 7 637 471 
20 4 1 0.300000 0 8 0 0 0.882845 7 4 7 595 405 8 570 310 5 629 303 3 414 470 1 459 303 9 416 345 10 396 407 4 588 467 
20 4 2 0.300000 0 5 0 0 0.921490 2 3 8 426 317 4 498 452 3 635 431 10 571 426 1 421 430 NA NA NA NA NA NA NA NA NA 
20 4 3 0.300000 0 8 0 0 1.969487 3 7 10 387 368 3 593 413 6 420 452 7 452 300 8 574 322 9 549 461 4 513 298 5 490 474 
20 4 4 0.300000 0 8 0 1 1.340754 2 10 2 605 440 4 427 337 10 414 460 6 627 315 1 608 382 5 554 305 8 552 464 9 476 302 
20 4 5 0.300000 0 8 0 1 2.803051 5 5 4 429 327 7 506 471 1 589 380 9 568 310 2 420 445 5 428 386 10 629 331 3 566 460 
20 4 6 0.300000 0 8 0 0 1.435555 1 4 2 439 385 4 567 425 8 613 361 3 542 329 9 494 450 7 467 304 10 431 454 6 404 326 
20 4 7 0.300000 0 5 1 1 1.005910 1 3 6 583 409 7 416 424 10 447 305 2 523 302 4 590 343 NA NA NA NA NA NA NA NA NA 
20 4 8 0.300000 0 2 0 0 0.983513 1 9 8 417 352 9 507 295 NA NA NA NA NA NA NA NA NA NA NA NA NA NA NA NA NA NA 
20 4 9 0.300000 0 5 1 1 0.827796 4 1 4 436 383 9 460 459 8 573 427 10 602 317 6 399 330 NA NA NA NA NA NA NA NA NA 
20 4 10 0.300000 0 2 0 0 0.935384 0 10 10 577 437 9 399 389 NA NA NA NA NA NA NA NA NA NA NA NA NA NA NA NA NA NA 
20 4 11 0.300000 0 2 0 0 0.949697 1 7 6 390 372 7 414 302 NA NA NA NA NA NA NA NA NA NA NA NA NA NA NA NA NA NA 
20 4 12 0.300000 0 2 1 1 0.980625 0 8 1 498 314 9 610 445 NA NA NA NA NA NA NA NA NA NA NA NA NA NA NA NA NA NA 
20 4 13 0.300000 0 8 0 0 2.248472 1 4 3 566 353 4 536 437 5 428 455 7 614 472 2 620 409 6 436 385 10 441 299 9 630 323 
20 4 14 0.300000 0 2 0 0 0.681532 1 9 3 616 335 9 404 419 NA NA NA NA NA NA NA NA NA NA NA NA NA NA NA NA NA NA 
20 4 15 0.300000 0 8 0 0 1.096156 2 9 2 538 444 10 452 331 9 396 364 8 594 317 1 388 442 4 531 308 5 397 296 6 608 377 
20 4 16 0.300000 0 5 0 0 0.873495 2 3 6 636 440 10 402 334 3 635 360 7 578 417 9 529 454 NA NA NA NA NA NA NA NA NA 
20 4 17 0.300000 0 2 0 0 0.664046 1 8 3 590 458 8 449 356 NA NA NA NA NA NA NA NA NA NA NA NA NA NA NA NA NA NA 
20 4 18 0.300000 0 5 0 0 0.663381 2 6 2 489 315 4 592 330 6 601 404 3 390 408 9 400 308 NA NA NA NA NA NA NA NA NA 
20 4 19 0.300000 0 8 1 1 0.762247 2 4 7 433 297 10 449 355 3 539 313 2 632 449 5 609 316 9 617 378 6 460 429 8 571 459 
20 4 20 0.300000 0 2 0 0 0.741449 0 9 9 404 474 1 532 312 NA NA NA NA NA NA NA NA NA NA NA NA NA NA NA NA NA NA 
20 4 21 0.300000 0 2 0 0 0.857653 0 8 8 558 460 5 454 346 NA NA NA NA NA NA NA NA NA NA NA NA NA NA NA NA NA NA 
20 4 22 0.300000 0 8 0 0 2.427435 2 5 8 435 424 9 631 339 5 540 315 6 474 316 7 426 363 3 608 447 4 551 432 2 401 308 
20 4 23 0.300000 0 2 0 0 0.811368 0 5 5 540 309 2 633 462 NA NA NA NA NA NA NA NA NA NA NA NA NA NA NA NA NA NA 
20 4 24 0.300000 0 8 0 0 1.674720 0 7 7 408 297 1 389 456 2 569 468 10 447 342 4 472 455 6 576 297 3 631 383 8 406 394 
20 4 25 0.300000 0 2 1 1 0.635179 1 1 5 426 383 10 618 305 NA NA NA NA NA NA NA NA NA NA NA NA NA NA NA NA NA NA 
20 4 26 0.300000 0 8 0 1 1.965810 3 6 5 502 307 8 449 349 7 466 422 6 606 424 10 421 462 4 625 324 3 569 302 2 401 397 
20 4 27 0.300000 0 5 0 0 1.308707 4 4 9 566 301 10 579 378 7 389 299 6 466 297 4 631 313 NA NA NA NA NA NA NA NA NA 
20 4 28 0.300000 0 5 1 1 1.267826 4 1 10 439 308 3 617 294 4 477 455 9 395 423 8 634 360 NA NA NA NA NA NA NA NA NA 
20 4 29 0.300000 0 5 0 0 1.468968 2 9 7 443 467 3 562 443 9 454 296 10 636 422 4 613 324 NA NA NA NA NA NA NA NA NA 
20 4 30 0.300000 0 8 0 0 1.223696 5 8 10 563 318 7 433 361 4 594 443 5 505 463 9 435 419 8 605 381 6 392 459 3 459 295 
20 4 31 0.300000 0 5 0 0 0.698600 2 8 4 586 456 5 446 363 8 581 358 7 619 310 9 529 468 NA NA NA NA NA NA NA NA NA 
20 4 32 0.300000 0 2 1 1 0.976075 0 6 9 390 374 1 444 429 NA NA NA NA NA NA NA NA NA NA NA NA NA NA NA NA NA NA 
20 4 33 0.300000 0 2 0 0 0.766824 1 2 10 537 303 2 447 425 NA NA NA NA NA NA NA NA NA NA NA NA NA NA NA NA NA NA 
20 4 34 0.300000 0 2 0 0 0.568783 1 6 10 488 311 6 569 448 NA NA NA NA NA NA NA NA NA NA NA NA NA NA NA NA NA NA 
20 4 35 0.300000 0 2 1 1 0.674593 0 1 5 633 471 2 472 312 NA NA NA NA NA NA NA NA NA NA NA NA NA NA NA NA NA NA 
20 4 36 0.300000 0 8 0 0 1.263968 0 1 1 447 416 7 396 380 8 612 323 4 551 322 3 425 302 5 618 401 2 548 443 10 483 323 
20 4 37 0.300000 0 5 0 0 1.101703 4 5 6 571 405 2 617 460 10 536 455 7 628 386 5 454 440 NA NA NA NA NA NA NA NA NA 
20 4 38 0.300000 0 2 0 0 0.684905 0 7 7 577 472 5 476 334 NA NA NA NA NA NA NA NA NA NA NA NA NA NA NA NA NA NA 
20 4 39 0.300000 0 8 0 0 0.948886 1 9 2 403 324 9 575 472 6 545 324 1 587 384 3 437 372 4 479 306 8 482 453 5 390 438 
20 4 40 0.300000 0 5 1 1 1.928219 3 8 1 414 457 2 447 390 9 572 403 10 625 310 3 529 297 NA NA NA NA NA NA NA NA NA 
20 4 41 0.300000 0 2 0 0 0.613341 0 6 6 472 465 10 623 349 NA NA NA NA NA NA NA NA NA NA NA NA NA NA NA NA NA NA 
20 4 42 0.300000 0 8 1 1 0.866046 6 7 2 489 445 10 547 462 8 409 306 6 637 384 1 522 318 3 610 315 4 427 441 9 609 449 
20 4 43 0.300000 0 5 0 0 1.392251 1 7 3 583 376 7 404 345 5 579 438 1 560 319 9 622 308 NA NA NA NA NA NA NA NA NA 
20 4 44 0.300000 0 5 1 1 0.798082 4 1 3 405 474 8 393 356 5 495 440 7 594 404 10 542 321 NA NA NA NA NA NA NA NA NA 
20 4 45 0.300000 0 5 0 0 0.799633 1 5 9 512 299 5 636 445 2 394 409 7 556 427 4 607 338 NA NA NA NA NA NA NA NA NA 
20 4 46 0.300000 0 2 1 1 0.657338 1 2 1 621 447 5 395 357 NA NA NA NA NA NA NA NA NA NA NA NA NA NA NA NA NA NA 
20 4 47 0.300000 0 5 0 0 0.928886 4 8 6 570 435 3 412 369 4 442 470 5 564 352 8 499 447 NA NA NA NA NA NA NA NA NA 
20 4 48 0.300000 0 5 0 1 0.739689 1 4 3 570 302 4 440 321 8 619 351 5 399 387 1 621 429 NA NA NA NA NA NA NA NA NA 
20 4 49 0.300000 0 8 0 0 1.477349 5 2 9 431 337 7 503 305 10 611 324 3 570 388 1 427 454 2 510 453 4 631 439 5 387 375 
20 4 50 0.300000 0 2 0 0 0.685492 0 5 5 421 298 2 581 395 NA NA NA NA NA NA NA NA NA NA NA NA NA NA NA NA NA NA 
20 4 51 0.300000 0 8 1 1 0.907943 6 2 9 555 437 6 405 407 8 541 333 7 436 331 5 609 374 10 592 303 1 452 446 4 636 432 
20 4 52 0.300000 0 8 1 1 1.426375 6 7 4 406 307 6 622 369 5 453 355 1 496 460 10 554 341 8 614 436 2 606 296 3 426 421 
20 4 53 0.300000 0 2 1 1 1.640622 0 10 1 513 320 2 572 393 NA NA NA NA NA NA NA NA NA NA NA NA NA NA NA NA NA NA 
20 4 54 0.300000 0 8 1 1 0.980347 3 6 3 453 373 9 526 447 2 567 303 7 606 465 5 440 462 8 448 307 10 626 354 1 390 416 
20 4 55 0.300000 0 5 0 1 0.836125 4 3 7 437 338 8 512 319 6 444 431 5 536 446 3 593 393 NA NA NA NA NA NA NA NA NA 
20 4 56 0.300000 0 5 1 1 0.813738 0 8 3 637 312 9 454 392 6 636 422 5 553 313 1 477 308 NA NA NA NA NA NA NA NA NA 
20 4 57 0.300000 0 5 0 0 1.119884 2 7 3 630 391 5 538 319 7 425 460 9 470 332 2 616 327 NA NA NA NA NA NA NA NA NA 
20 4 58 0.300000 0 5 0 0 1.004571 3 7 8 563 335 4 410 425 2 625 416 7 458 333 5 498 471 NA NA NA NA NA NA NA NA NA 
20 4 59 0.300000 0 2 0 0 0.699227 0 3 3 602 389 7 622 322 NA NA NA NA NA NA NA NA NA NA NA NA NA NA NA NA NA NA 
20 5 0 0.700000 0 5 1 1 0.711704 0 3 10 432 328 9 456 401 4 577 363 5 511 454 2 600 461 NA NA NA NA NA NA NA NA NA 
20 5 1 0.700000 0 5 0 0 1.407569 2 9 4 466 473 3 471 330 9 397 368 6 587 325 5 617 438 NA NA NA NA NA NA NA NA NA 
20 5 2 0.700000 0 5 1 1 0.849494 2 8 7 612 468 2 613 353 10 492 315 1 538 447 5 412 370 NA NA NA NA NA NA NA NA NA 
20 5 3 0.700000 0 5 0 1 1.049949 1 9 10 495 469 9 492 318 1 439 343 4 434 456 6 616 310 NA NA NA NA NA NA NA NA NA 
20 5 4 0.700000 0 8 0 0 1.128525 2 5 6 465 342 8 388 425 5 586 437 10 621 352 7 461 465 3 513 305 4 528 445 2 403 317 
20 5 5 0.700000 0 5 0 0 1.291569 1 1 2 460 423 1 588 436 3 637 353 9 517 323 7 409 393 NA NA NA NA NA NA NA NA NA 
20 5 6 0.700000 0 2 1 1 0.808374 0 5 6 437 412 2 570 464 NA NA NA NA NA NA NA NA NA NA NA NA NA NA NA NA NA NA 
20 5 7 0.700000 0 2 1 1 0.807712 1 8 7 445 421 6 616 305 NA NA NA NA NA NA NA NA NA NA NA NA NA NA NA NA NA NA 
20 5 8 0.700000 0 8 0 0 1.612852 5 1 2 399 309 10 491 440 4 569 463 5 489 308 8 441 363 1 618 348 9 414 438 3 635 462 
20 5 9 0.700000 0 5 1 1 0.801669 0 1 9 579 339 3 634 358 5 481 473 10 388 303 4 441 425 NA NA NA NA NA NA NA NA NA 
20 5 10 0.700000 0 5 1 1 0.728958 2 10 5 418 318 4 611 365 1 388 395 6 603 430 9 594 299 NA NA NA NA NA NA NA NA NA 
20 5 11 0.700000 0 2 0 0 1.101825 0 10 10 432 391 5 607 417 NA NA NA NA NA NA NA NA NA NA NA NA NA NA NA NA NA NA 
20 5 12 0.700000 0 8 1 1 0.799494 6 3 9 452 370 6 522 443 2 571 307 5 432 446 8 446 308 7 608 458 10 586 391 4 625 333 
20 5 13 0.700000 0 8 1 1 3.389004 0 2 1 617 354 3 627 296 8 411 412 4 602 421 6 566 306 9 509 325 7 522 472 10 396 306 
20 5 14 0.700000 0 8 1 1 1.012692 2 10 6 546 455 8 411 328 4 558 295 3 481 473 9 471 334 2 606 369 5 393 436 7 614 431 
20 5 15 0.700000 0 8 1 1 1.197220 0 4 8 619 461 1 590 343 7 516 296 9 399 405 10 633 386 6 449 372 3 534 471 5 460 472 
20 5 16 0.700000 0 5 0 0 1.254539 2 1 2 421 344 3 561 331 1 606 412 10 488 324 8 392 441 NA NA NA NA NA NA NA NA NA 
20 5 17 0.700000 0 8 1 1 1.847670 6 6 1 561 333 2 416 436 10 503 305 4 407 333 8 635 362 9 573 444 5 630 423 7 516 455 
20 5 18 0.700000 0 5 1 1 1.770326 1 6 2 542 298 3 463 474 1 436 420 9 567 434 8 636 462 NA NA NA NA NA NA NA NA NA 
20 5 19 0.700000 0 2 1 1 0.658340 1 8 4 616 396 7 471 457 NA NA NA NA NA NA NA NA NA NA NA NA NA NA NA NA NA NA 
20 5 20 0.700000 0 2 0 1 0.545880 1 4 7 422 321 4 446 387 NA NA NA NA NA NA NA NA NA NA NA NA NA NA NA NA NA NA 
20 5 21 0.700000 0 5 1 1 0.764576 4 9 5 458 433 10 571 343 3 584 447 7 400 432 8 504 305 NA NA NA NA NA NA NA NA NA 
20 5 22 0.700000 0 2 1 1 0.766757 1 6 7 431 378 8 607 403 NA NA NA NA NA NA NA NA NA NA NA NA NA NA NA NA NA NA 
20 5 23 0.700000 0 8 1 0 3.133030 0 5 10 407 400 4 625 399 3 475 320 6 615 300 8 514 466 1 447 465 7 418 302 2 608 470 
20 5 24 0.700000 0 5 0 0 1.439302 2 2 8 473 324 5 448 411 2 619 319 10 571 378 6 552 462 NA NA NA NA NA NA NA NA NA 
20 5 25 0.700000 0 8 1 0 1.564545 6 8 3 473 319 4 621 311 5 573 418 2 482 466 1 541 319 6 395 298 10 441 409 9 617 370 
20 5 26 0.700000 0 5 1 1 1.506684 2 3 6 455 445 1 578 410 10 628 367 2 583 325 5 399 296 NA NA NA NA NA NA NA NA NA 
20 5 27 0.700000 0 5 0 1 2.108854 1 6 3 424 422 6 432 297 9 546 296 10 635 300 4 434 358 NA NA NA NA NA NA NA NA NA 
20 5 28 0.700000 0 2 0 0 1.478557 1 5 1 403 358 5 459 415 NA NA NA NA NA NA NA NA NA NA NA NA NA NA NA NA NA NA 
20 5 29 0.700000 0 2 1 1 0.992844 0 2 1 395 304 3 511 322 NA NA NA NA NA NA NA NA NA NA NA NA NA NA NA NA NA NA 
20 5 30 0.700000 0 2 1 1 0.996049 0 7 3 456 356 4 416 297 NA NA NA NA NA NA NA NA NA NA NA NA NA NA NA NA NA NA 
20 5 31 0.700000 0 2 1 1 0.720368 0 5 8 462 332 10 545 450 NA NA NA NA NA NA NA NA NA NA NA NA NA NA NA NA NA NA 
20 5 32 0.700000 0 2 1 1 0.624821 0 2 7 420 375 4 442 295 NA NA NA NA NA NA NA NA NA NA NA NA NA NA NA NA NA NA 
20 5 33 0.700000 0 2 1 1 0.793909 1 1 7 637 366 10 389 307 NA NA NA NA NA NA NA NA NA NA NA NA NA NA NA NA NA NA 
20 5 34 0.700000 0 8 1 1 2.126502 2 7 4 594 471 10 415 435 9 600 402 6 495 448 5 437 328 1 526 297 3 587 306 8 632 353 
20 5 35 0.700000 0 5 1 1 1.066711 0 9 8 604 443 10 398 392 4 558 316 6 388 312 2 589 368 NA NA NA NA NA NA NA NA NA 
20 5 36 0.700000 0 8 1 1 1.048110 7 8 9 393 323 2 476 332 4 458 457 10 622 327 5 450 392 1 559 320 7 588 447 6 388 387 
20 5 37 0.700000 0 2 1 1 0.692288 1 1 5 601 414 2 495 454 NA NA NA NA NA NA NA NA NA NA NA NA NA NA NA NA NA NA 
20 5 38 0.700000 0 8 0 0 1.475157 5 8 9 489 456 10 571 398 3 434 297 4 398 456 7 559 295 8 394 353 2 446 382 5 626 308 
20 5 39 0.700000 0 5 1 1 0.725174 2 1 8 543 310 4 561 450 5 620 439 7 438 400 9 483 452 NA NA NA NA NA NA NA NA NA 
20 5 40 0.700000 0 8 1 1 1.692219 7 8 4 574 348 6 478 312 5 616 441 3 563 415 9 437 361 7 459 415 2 454 473 1 519 465 
20 5 41 0.700000 0 5 1 1 0.797356 4 5 4 578 462 7 619 312 2 388 403 6 456 460 10 636 473 NA NA NA NA NA NA NA NA NA 
20 5 42 0.700000 0 2 0 0 0.772314 0 3 3 501 302 9 439 333 NA NA NA NA NA NA NA NA NA NA NA NA NA NA NA NA NA NA 
20 5 43 0.700000 0 5 1 1 0.755668 0 10 7 636 443 4 551 470 6 584 390 3 455 340 8 392 454 NA NA NA NA NA NA NA NA NA 
20 5 44 0.700000 0 8 0 0 1.365950 7 4 10 604 388 8 429 294 6 446 425 2 572 332 9 577 454 7 489 301 1 416 373 4 506 466 
20 5 45 0.700000 0 2 0 0 0.847446 1 5 7 401 398 5 466 329 NA NA NA NA NA NA NA NA NA NA NA NA NA NA NA NA NA NA 
20 5 46 0.700000 0 2 0 0 1.129009 0 9 9 388 343 4 522 317 NA NA NA NA NA NA NA NA NA NA NA NA NA NA NA NA NA NA 
20 5 47 0.700000 0 8 0 0 1.183214 0 9 9 514 466 2 435 445 3 509 299 6 405 358 1 592 391 4 610 296 10 449 313 8 625 447 
20 5 48 0.700000 0 8 1 1 0.716593 4 6 1 522 460 7 426 320 4 396 416 10 528 317 5 572 420 3 628 370 2 452 449 8 634 470 
20 5 49 0.700000 0 2 1 1 0.805069 0 7 8 390 322 5 590 404 NA NA NA NA NA NA NA NA NA NA NA NA NA NA NA NA NA NA 
20 5 50 0.700000 0 8 1 1 0.930262 5 3 4 419 384 9 632 343 6 560 347 10 397 438 2 488 452 1 588 420 8 459 300 5 392 294 
20 5 51 0.700000 0 2 1 1 1.105533 0 5 7 409 369 8 484 312 NA NA NA NA NA NA NA NA NA NA NA NA NA NA NA NA NA NA 
20 5 52 0.700000 0 8 1 1 1.095846 4 1 8 393 400 9 627 346 10 454 401 4 526 326 7 497 466 6 464 329 5 572 457 3 634 463 
20 5 53 0.700000 0 2 1 1 0.645346 0 4 8 509 474 7 611 361 NA NA NA NA NA NA NA NA NA NA NA NA NA NA NA NA NA NA 
20 5 54 0.700000 0 2 1 1 0.797728 0 2 10 435 435 7 561 471 NA NA NA NA NA NA NA NA NA NA NA NA NA NA NA NA NA NA 
20 5 55 0.700000 0 8 0 0 1.084297 2 7 3 409 425 10 499 309 7 464 448 2 586 376 9 419 296 1 549 448 5 429 370 4 563 315 
20 5 56 0.700000 0 5 1 1 0.615525 2 9 2 545 300 7 404 456 4 472 471 8 576 375 6 395 388 NA NA NA NA NA NA NA NA NA 
20 5 57 0.700000 0 5 1 1 1.116474 2 5 3 523 455 6 608 353 2 451 415 7 475 330 9 604 449 NA NA NA NA NA NA NA NA NA 
20 5 58 0.700000 0 8 1 1 0.955488 7 3 7 582 341 1 417 372 8 596 439 5 428 314 9 458 454 6 510 326 4 534 441 10 391 453 
20 5 59 0.700000 0 5 1 1 2.551100 3 8 9 417 303 1 417 455 3 585 322 4 612 387 7 541 445 NA NA NA NA NA NA NA NA NA 
20 6 0 0.500000 0 5 0 0 1.280597 1 8 2 588 455 8 612 374 9 549 325 6 448 318 4 433 375 NA NA NA NA NA NA NA NA NA 
20 6 1 0.500000 0 8 0 0 0.686553 7 4 5 406 378 1 459 352 2 592 346 10 409 300 6 492 472 3 595 458 9 538 436 4 412 459 
20 6 2 0.500000 0 2 0 0 0.602721 0 3 3 618 354 7 471 471 NA NA NA NA NA NA NA NA NA NA NA NA NA NA NA NA NA NA 
20 6 3 0.500000 0 8 0 0 0.732972 2 4 10 404 298 2 577 343 4 461 348 3 437 456 8 615 467 5 523 320 9 579 414 6 413 392 
20 6 4 0.500000 0 8 0 0 1.238515 2 8 9 436 402 2 430 341 8 572 408 6 608 309 4 508 309 10 462 467 7 608 468 3 390 465 
20 6 5 0.500000 0 2 0 0 0.728148 0 6 6 395 444 3 614 453 NA NA NA NA NA NA NA NA NA NA NA NA NA NA NA NA NA NA 
20 6 6 0.500000 0 2 1 1 1.545288 1 10 6 554 299 7 628 380 NA NA NA NA NA NA NA NA NA NA NA NA NA NA NA NA NA NA 
20 6 7 0.500000 0 5 1 1 0.823248 4 4 10 459 316 1 588 335 7 577 445 2 406 404 8 519 470 NA NA NA NA NA NA NA NA NA 
20 6 8 0.500000 0 2 0 0 0.691710 1 4 2 637 414 4 556 433 NA NA NA NA NA NA NA NA NA NA NA NA NA NA NA NA NA NA 
20 6 9 0.500000 0 8 1 1 2.094177 6 4 1 616 442 2 446 437 9 439 297 8 590 320 6 527 304 10 543 453 7 387 353 5 388 459 
20 6 10 0.500000 0 2 1 1 0.738968 1 10 8 556 455 3 637 377 NA NA NA NA NA NA NA NA NA NA NA NA NA NA NA NA NA NA 
20 6 11 0.500000 0 5 1 1 0.771752 0 5 4 391 294 6 458 350 1 575 390 9 458 473 2 622 317 NA NA NA NA NA NA NA NA NA 
20 6 12 0.500000 0 5 0 0 1.025331 1 6 9 467 300 6 453 363 1 569 337 4 393 308 2 617 382 NA NA NA NA NA NA NA NA NA 
20 6 13 0.500000 0 2 1 1 0.708685 1 9 3 453 338 7 406 416 NA NA NA NA NA NA NA NA NA NA NA NA NA NA NA NA NA NA 
20 6 14 0.500000 0 8 0 0 2.684869 0 1 1 568 362 4 411 358 10 540 440 7 453 438 6 627 384 2 392 443 9 406 295 5 556 295 
20 6 15 0.500000 0 2 1 1 1.411290 0 1 8 411 311 9 427 458 NA NA NA NA NA NA NA NA NA NA NA NA NA NA NA NA NA NA 
20 6 16 0.500000 0 5 0 0 1.442331 0 10 10 389 329 9 407 387 7 614 311 5 509 322 8 408 452 NA NA NA NA NA NA NA NA NA 
20 6 17 0.500000 0 8 0 0 0.731170 0 3 3 476 456 2 422 384 7 593 434 9 489 311 10 583 323 8 617 381 1 392 453 4 422 300 
20 6 18 0.500000 0 2 1 1 0.700595 0 6 10 406 317 3 604 299 NA NA NA NA NA NA NA NA NA NA NA NA NA NA NA NA NA NA 
20 6 19 0.500000 0 2 0 0 2.077702 1 2 1 618 429 2 538 452 NA NA NA NA NA NA NA NA NA NA NA NA NA NA NA NA NA NA 
20 6 20 0.500000 0 5 1 1 0.820090 0 8 5 495 444 7 594 371 3 435 326 1 555 306 2 432 430 NA NA NA NA NA NA NA NA NA 
20 6 21 0.500000 0 8 0 0 2.339487 5 4 6 445 414 1 542 443 9 487 303 7 586 296 2 628 400 4 629 337 5 428 344 3 480 468 
20 6 22 0.500000 0 2 1 1 0.849232 0 2 7 486 316 6 564 451 NA NA NA NA NA NA NA NA NA NA NA NA NA NA NA NA NA NA 
20 6 23 0.500000 0 5 0 0 1.181052 2 8 4 571 326 9 432 330 8 590 398 7 491 295 3 540 450 NA NA NA NA NA NA NA NA NA 
20 6 24 0.500000 0 5 1 1 1.098816 3 5 1 604 447 10 402 439 9 496 450 3 464 336 2 403 381 NA NA NA NA NA NA NA NA NA 
20 6 25 0.500000 0 5 0 0 1.978945 4 1 10 454 402 5 389 464 3 632 402 8 537 466 1 457 307 NA NA NA NA NA NA NA NA NA 
20 6 26 0.500000 0 5 1 1 0.710305 0 9 5 388 366 2 490 472 4 635 454 8 593 407 7 577 348 NA NA NA NA NA NA NA NA NA 
20 6 27 0.500000 0 5 0 0 1.760834 2 4 3 446 429 8 629 307 4 509 326 1 592 383 2 409 474 NA NA NA NA NA NA NA NA NA 
20 6 28 0.500000 0 5 1 1 0.865018 3 1 10 530 315 9 578 421 8 425 424 7 611 354 4 439 323 NA NA NA NA NA NA NA NA NA 
20 6 29 0.500000 0 5 1 1 0.943396 1 9 6 602 364 1 611 294 5 406 309 10 568 461 2 406 427 NA NA NA NA NA NA NA NA NA 
20 6 30 0.500000 0 2 1 1 2.053803 0 4 7 523 303 1 581 391 NA NA NA NA NA NA NA NA NA NA NA NA NA NA NA NA NA NA 
20 6 31 0.500000 0 2 1 1 0.737180 0 9 1 450 427 2 634 429 NA NA NA NA NA NA NA NA NA NA NA NA NA NA NA NA NA NA 
20 6 32 0.500000 0 5 0 0 1.788024 0 10 10 584 472 2 388 467 4 506 300 3 466 428 9 591 359 NA NA NA NA NA NA NA NA NA 
20 6 33 0.500000 0 8 0 0 5.235922 5 10 2 470 445 9 579 360 5 552 308 1 569 458 7 407 312 10 622 413 8 631 303 6 399 468 
20 6 34 0.500000 0 5 0 0 1.468559 1 3 5 545 312 3 626 370 6 472 307 10 419 462 2 615 299 NA NA NA NA NA NA NA NA NA 
20 6 35 0.500000 0 5 1 1 0.830074 2 3 1 600 439 9 448 402 6 585 365 10 548 318 4 628 299 NA NA NA NA NA NA NA NA NA 
20 6 36 0.500000 0 2 1 1 0.850088 0 3 4 489 447 6 637 344 NA NA NA NA NA NA NA NA NA NA NA NA NA NA NA NA NA NA 
20 6 37 0.500000 0 5 0 0 0.839350 3 2 7 634 343 10 568 454 4 403 459 2 413 396 1 591 396 NA NA NA NA NA NA NA NA NA 
20 6 38 0.500000 0 8 1 1 1.034979 6 7 8 419 419 10 446 366 5 567 302 1 401 320 4 626 425 2 563 427 9 495 447 6 633 364 
20 6 39 0.500000 0 5 1 1 1.987469 0 7 1 443 467 4 560 456 6 394 314 5 450 406 2 606 331 NA NA NA NA NA NA NA NA NA 
20 6 40 0.500000 0 8 1 1 0.917059 2 3 8 590 325 4 571 423 2 407 340 5 387 401 7 634 428 1 532 300 10 456 455 9 451 380 
20 6 41 0.500000 0 5 0 0 1.090327 4 10 2 597 402 5 419 442 3 491 449 1 395 298 10 449 357 NA NA NA NA NA NA NA NA NA 
20 6 42 0.500000 0 8 1 1 0.937723 2 4 6 594 391 7 406 355 10 505 322 9 558 441 8 444 405 3 499 447 2 635 318 1 615 468 
20 6 43 0.500000 0 2 0 0 1.047431 0 2 2 621 403 7 401 396 NA NA NA NA NA NA NA NA NA NA NA NA NA NA NA NA NA NA 
20 6 44 0.500000 0 2 0 0 2.534222 0 2 2 442 434 9 599 408 NA NA NA NA NA NA NA NA NA NA NA NA NA NA NA NA NA NA 
20 6 45 0.500000 0 2 0 0 0.952751 0 1 1 405 313 10 461 295 NA NA NA NA NA NA NA NA NA NA NA NA NA NA NA NA NA NA 
20 6 46 0.500000 0 2 1 1 0.858633 1 4 3 462 342 8 394 295 NA NA NA NA NA NA NA NA NA NA NA NA NA NA NA NA NA NA 
20 6 47 0.500000 0 2 0 0 1.403033 1 5 3 484 308 5 461 456 NA NA NA NA NA NA NA NA NA NA NA NA NA NA NA NA NA NA 
20 6 48 0.500000 0 8 1 1 1.066108 6 4 5 607 425 7 472 334 6 409 384 2 455 430 9 572 321 8 634 322 10 549 437 1 398 460 
20 6 49 0.500000 0 2 0 0 2.685227 1 10 9 446 305 10 390 412 NA NA NA NA NA NA NA NA NA NA NA NA NA NA NA NA NA NA 
20 6 50 0.500000 0 8 1 1 0.836699 5 6 4 399 446 1 571 341 5 464 325 9 599 397 2 391 331 3 512 463 8 631 318 10 589 472 
20 6 51 0.500000 0 2 0 0 0.809797 1 4 10 603 351 4 411 353 NA NA NA NA NA NA NA NA NA NA NA NA NA NA NA NA NA NA 
20 6 52 0.500000 0 8 1 1 1.881689 1 9 4 412 309 10 507 461 8 494 310 1 410 462 3 614 361 2 587 307 7 624 444 5 401 403 
20 6 53 0.500000 0 5 1 1 0.922800 3 6 7 589 342 10 593 468 5 499 321 9 445 449 4 400 363 NA NA NA NA NA NA NA NA NA 
20 6 54 0.500000 0 8 0 0 1.127590 6 7 1 562 429 9 402 370 3 609 302 5 622 414 4 403 297 8 454 459 7 561 338 2 397 442 
20 6 55 0.500000 0 8 0 0 2.532639 2 5 2 447 331 6 498 471 5 587 373 3 563 458 1 516 294 9 444 409 8 415 462 4 624 468 
20 6 56 0.500000 0 8 1 0 1.348497 5 7 5 611 427 1 537 306 3 434 396 4 608 327 2 403 326 6 391 462 8 524 468 10 465 322 
20 6 57 0.500000 0 8 0 0 1.061195 4 8 5 475 436 6 545 468 7 387 456 2 624 428 8 541 297 9 593 371 1 471 312 10 388 351 
20 6 58 0.500000 0 8 1 1 0.656376 6 6 10 532 294 4 439 396 3 395 308 8 584 355 5 464 469 9 637 298 2 465 303 1 534 449 
20 6 59 0.500000 0 8 1 1 1.908462 5 2 5 410 388 9 600 410 10 521 448 6 530 319 8 437 300 4 599 473 3 588 337 7 394 446 
20 7 0 0.300000 0 2 1 1 0.743269 1 8 9 567 329 5 561 471 NA NA NA NA NA NA NA NA NA NA NA NA NA NA NA NA NA NA 
20 7 1 0.300000 0 8 0 0 1.245099 1 4 2 458 443 4 402 338 5 526 460 3 509 310 9 576 375 7 397 446 6 614 459 8 574 296 
20 7 2 0.300000 0 5 1 1 2.000695 0 8 4 614 301 5 476 468 3 395 355 7 456 364 6 603 448 NA NA NA NA NA NA NA NA NA 
20 7 3 0.300000 0 2 0 0 1.189354 1 3 10 486 309 3 574 312 NA NA NA NA NA NA NA NA NA NA NA NA NA NA NA NA NA NA 
20 7 4 0.300000 0 2 0 0 0.763182 0 6 6 547 471 1 482 452 NA NA NA NA NA NA NA NA NA NA NA NA NA NA NA NA NA NA 
20 7 5 0.300000 0 2 0 0 0.794423 1 10 4 557 314 10 552 448 NA NA NA NA NA NA NA NA NA NA NA NA NA NA NA NA NA NA 
20 7 6 0.300000 0 8 0 1 1.823493 2 7 2 457 417 4 555 342 7 471 299 9 388 343 10 415 470 3 601 393 1 572 456 8 507 460 
20 7 7 0.300000 0 2 0 0 0.768924 1 10 2 591 450 10 408 300 NA NA NA NA NA NA NA NA NA NA NA NA NA NA NA NA NA NA 
20 7 8 0.300000 0 8 0 0 1.728457 0 4 4 585 416 5 402 430 3 480 441 10 458 349 8 578 319 2 636 302 9 586 474 6 406 315 
20 7 9 0.300000 0 5 0 0 1.247831 3 2 10 473 457 4 589 399 5 622 299 2 626 470 1 391 402 NA NA NA NA NA NA NA NA NA 
20 7 10 0.300000 0 8 0 1 1.061732 7 5 8 631 423 10 513 466 3 579 322 4 596 472 9 462 426 7 414 374 6 468 326 5 407 465 
20 7 11 0.300000 0 2 0 0 2.212662 1 8 3 468 296 8 596 332 NA NA NA NA NA NA NA NA NA NA NA NA NA NA NA NA NA NA 
20 7 12 0.300000 0 2 0 0 0.580241 1 8 6 603 300 8 498 473 NA NA NA NA NA NA NA NA NA NA NA NA NA NA NA NA NA NA 
20 7 13 0.300000 0 5 0 0 0.732719 1 5 7 419 295 5 479 328 8 437 410 3 613 325 2 552 453 NA NA NA NA NA NA NA NA NA 
20 7 14 0.300000 0 2 1 0 0.797255 1 9 5 486 469 10 420 398 NA NA NA NA NA NA NA NA NA NA NA NA NA NA NA NA NA NA 
20 7 15 0.300000 0 8 0 0 1.821182 0 5 5 431 419 6 621 301 3 441 356 2 561 297 7 545 459 4 635 422 9 614 362 8 394 322 
20 7 16 0.300000 0 8 1 1 0.731440 6 1 9 467 296 2 627 428 6 588 316 8 468 452 7 574 375 4 557 432 5 391 372 3 393 312 
20 7 17 0.300000 0 8 0 0 3.679145 4 6 5 418 374 8 599 410 4 472 313 10 563 331 6 628 345 3 463 461 9 402 447 1 631 467 
20 7 18 0.300000 0 5 0 0 1.139275 4 9 8 618 349 6 479 319 2 596 427 3 393 450 9 549 295 NA NA NA NA NA NA NA NA NA 
20 7 19 0.300000 0 8 0 1 2.639061 5 9 1 562 439 6 609 364 8 503 466 10 423 321 5 514 312 9 445 444 2 586 294 4 404 379 
20 7 20 0.300000 0 2 0 0 0.957682 1 3 4 404 316 3 547 320 NA NA NA NA NA NA NA NA NA NA NA NA NA NA NA NA NA NA 
20 7 21 0.300000 0 8 1 1 0.852692 6 4 9 463 333 6 472 448 1 526 322 10 628 306 8 590 454 5 534 470 2 418 399 3 580 347 
20 7 22 0.300000 0 2 1 1 0.750266 1 10 9 599 320 4 420 433 NA NA NA NA NA NA NA NA NA NA NA NA NA NA NA NA NA NA 
20 7 23 0.300000 0 5 0 0 2.011082 1 7 10 388 431 7 435 363 8 487 469 2 580 319 3 586 404 NA NA NA NA NA NA NA NA NA 
20 7 24 0.300000 0 2 0 0 1.258836 0 2 2 607 357 10 559 473 NA NA NA NA NA NA NA NA NA NA NA NA NA NA NA NA NA NA 
20 7 25 0.300000 0 2 1 1 0.645055 1 1 7 442 324 10 575 403 NA NA NA NA NA NA NA NA NA NA NA NA NA NA NA NA NA NA 
20 7 26 0.300000 0 5 0 0 0.814797 1 5 2 409 324 5 620 335 3 432 412 10 500 470 7 587 404 NA NA NA NA NA NA NA NA NA 
20 7 27 0.300000 0 2 0 0 0.519731 0 10 10 580 442 6 628 331 NA NA NA NA NA NA NA NA NA NA NA NA NA NA NA NA NA NA 
20 7 28 0.300000 0 8 0 0 0.772753 2 8 1 536 318 2 564 451 8 477 324 4 633 388 7 420 451 10 625 451 5 416 382 3 605 299 
20 7 29 0.300000 0 8 0 0 1.013441 5 3 4 427 396 5 569 432 2 396 456 6 412 338 9 511 325 3 626 373 7 573 342 1 492 459 
20 7 30 0.300000 0 5 1 1 0.903537 1 4 10 407 386 2 613 353 8 632 448 1 508 465 6 435 458 NA NA NA NA NA NA NA NA NA 
20 7 31 0.300000 0 5 1 1 0.784868 4 3 7 388 321 9 435 406 8 561 310 1 628 375 10 408 459 NA NA NA NA NA NA NA NA NA 
20 7 32 0.300000 0 5 0 0 1.053373 3 4 7 578 365 1 410 392 9 614 307 4 542 442 10 391 294 NA NA NA NA NA NA NA NA NA 
20 7 33 0.300000 0 5 1 1 0.722368 1 9 4 607 321 6 483 326 2 574 378 3 419 393 8 482 459 NA NA NA NA NA NA NA NA NA 
20 7 34 0.300000 0 2 0 0 0.951161 1 7 10 400 295 7 488 330 NA NA NA NA NA NA NA NA NA NA NA NA NA NA NA NA NA NA 
20 7 35 0.300000 0 2 0 0 0.841167 0 6 6 587 372 4 553 447 NA NA NA NA NA NA NA NA NA NA NA NA NA NA NA NA NA NA 
20 7 36 0.300000 0 8 0 0 0.984194 7 2 7 620 306 5 585 385 10 404 328 9 478 446 4 558 326 3 404 452 6 464 338 2 412 389 
20 7 37 0.300000 0 2 1 1 0.743252 0 9 10 580 384 2 417 447 NA NA NA NA NA NA NA NA NA NA NA NA NA NA NA NA NA NA 
20 7 38 0.300000 0 8 1 1 0.888301 1 6 8 607 371 7 538 326 5 441 310 4 440 462 1 578 442 3 635 303 9 404 416 10 451 382 
20 7 39 0.300000 0 5 0 0 1.084352 2 8 6 636 432 3 466 329 8 480 433 9 403 327 1 394 440 NA NA NA NA NA NA NA NA NA 
20 7 40 0.300000 0 5 0 1 2.123944 1 6 3 507 305 6 407 303 7 403 452 2 595 373 5 411 378 NA NA NA NA NA NA NA NA NA 
20 7 41 0.300000 0 5 1 1 0.875027 1 6 10 392 382 3 492 306 2 635 326 4 559 448 5 395 318 NA NA NA NA NA NA NA NA NA 
20 7 42 0.300000 0 5 1 1 1.386298 4 4 7 464 308 10 402 305 3 593 384 5 558 432 8 388 464 NA NA NA NA NA NA NA NA NA 
20 7 43 0.300000 0 8 0 0 1.406009 0 8 8 594 439 3 392 418 6 634 308 7 429 313 1 560 323 9 634 373 4 459 414 2 457 472 
20 7 44 0.300000 0 8 1 1 0.746310 5 7 2 606 457 10 421 362 3 629 371 9 545 319 5 618 298 1 422 430 4 572 394 6 472 294 
20 7 45 0.300000 0 8 1 1 2.539746 4 1 5 404 346 3 546 317 6 610 299 2 593 383 7 584 453 8 497 451 9 482 318 10 433 419 
20 7 46 0.300000 0 2 0 0 0.802145 1 5 3 434 471 5 446 306 NA NA NA NA NA NA NA NA NA NA NA NA NA NA NA NA NA NA 
20 7 47 0.300000 0 8 0 0 1.561691 3 8 2 431 323 4 507 454 7 501 326 8 581 404 5 632 305 10 390 473 1 451 400 3 579 341 
20 7 48 0.300000 0 2 0 0 0.623154 0 6 6 597 373 3 474 300 NA NA NA NA NA NA NA NA NA NA NA NA NA NA NA NA NA NA 
20 7 49 0.300000 0 8 1 1 1.272791 6 1 6 579 442 9 414 373 2 438 448 8 600 356 10 511 466 7 482 322 5 395 313 3 633 414 
20 7 50 0.300000 0 5 0 0 0.876213 2 2 3 611 302 1 631 472 2 634 389 5 428 461 7 404 301 NA NA NA NA NA NA NA NA NA 
20 7 51 0.300000 0 5 0 0 0.900069 2 10 8 448 357 5 494 314 10 424 417 7 631 473 3 625 389 NA NA NA NA NA NA NA NA NA 
20 7 52 0.300000 0 5 0 0 1.033065 4 8 9 436 422 1 526 442 6 509 314 7 576 310 8 607 460 NA NA NA NA NA NA NA NA NA 
20 7 53 0.300000 0 5 0 0 0.697822 0 2 2 597 301 3 526 468 8 453 328 10 399 431 6 624 375 NA NA NA NA NA NA NA NA NA 
20 7 54 0.300000 0 8 0 1 1.233221 6 9 4 588 388 6 422 449 3 550 298 2 632 471 10 435 355 8 490 309 9 507 463 7 634 332 
20 7 55 0.300000 0 5 0 0 0.844999 1 7 8 455 406 7 631 368 9 546 468 5 405 308 1 540 324 NA NA NA NA NA NA NA NA NA 
20 7 56 0.300000 0 2 1 1 0.932774 1 1 7 468 324 9 563 306 NA NA NA NA NA NA NA NA NA NA NA NA NA NA NA NA NA NA 
20 7 57 0.300000 0 5 0 0 0.911995 0 9 9 394 428 6 612 449 5 526 297 4 573 341 8 456 465 NA NA NA NA NA NA NA NA NA 
20 7 58 0.300000 0 2 0 0 0.676143 0 2 2 577 316 7 442 340 NA NA NA NA NA NA NA NA NA NA NA NA NA NA NA NA NA NA 
20 7 59 0.300000 0 8 0 1 0.869045 3 4 5 464 346 2 632 378 6 446 437 4 525 308 7 598 462 1 573 343 10 524 444 3 632 296 
20 8 0 0.500000 0 8 0 0 1.721654 6 6 9 420 374 7 623 362 4 549 467 8 548 299 2 393 441 5 631 300 6 627 457 3 432 308 
20 8 1 0.500000 0 8 1 1 0.808846 3 2 1 575 347 6 431 310 9 435 399 10 637 455 4 496 442 7 536 302 3 400 451 8 559 422 
20 8 2 0.500000 0 2 1 1 0.887491 1 7 8 545 333 9 421 457 NA NA NA NA NA NA NA NA NA NA NA NA NA NA NA NA NA NA 
20 8 3 0.500000 0 8 1 1 0.751770 7 1 7 433 365 5 531 445 3 609 445 9 426 306 2 406 458 8 592 296 10 465 422 6 495 297 
20 8 4 0.500000 0 5 0 0 0.988857 3 4 3 614 423 2 616 317 7 406 397 4 445 314 1 565 455 NA NA NA NA NA NA NA NA NA 
20 8 5 0.500000 0 5 0 0 0.706076 0 7 7 619 439 8 595 321 4 560 423 5 453 327 6 505 453 NA NA NA NA NA NA NA NA NA 
20 8 6 0.500000 0 2 0 0 0.704145 0 5 5 492 308 2 605 399 NA NA NA NA NA NA NA NA NA NA NA NA NA NA NA NA NA NA 
20 8 7 0.500000 0 8 0 0 1.438289 4 8 4 526 306 5 387 363 2 608 411 9 595 353 8 543 472 10 473 441 1 463 303 3 397 471 
20 8 8 0.500000 0 2 0 0 1.135359 0 1 1 443 469 8 630 463 NA NA NA NA NA NA NA NA NA NA NA NA NA NA NA NA NA NA 
20 8 9 0.500000 0 5 1 0 0.817238 3 1 10 416 462 7 564 312 4 393 318 8 466 340 6 581 402 NA NA NA NA NA NA NA NA NA 
20 8 10 0.500000 0 2 0 0 0.924491 1 9 3 509 308 9 586 362 NA NA NA NA NA NA NA NA NA NA NA NA NA NA NA NA NA NA 
20 8 11 0.500000 0 5 0 0 1.508635 3 6 5 618 337 2 494 310 8 487 461 6 631 405 3 560 435 NA NA NA NA NA NA NA NA NA 
20 8 12 0.500000 0 8 0 0 1.066601 6 2 1 588 406 10 440 328 6 503 446 9 521 324 4 411 391 8 574 464 2 620 332 3 442 473 
20 8 13 0.500000 0 2 0 0 0.552774 1 1 3 521 321 1 584 297 NA NA NA NA NA NA NA NA NA NA NA NA NA NA NA NA NA NA 
20 8 14 0.500000 0 2 0 0 0.689518 1 4 5 557 422 4 446 344 NA NA NA NA NA NA NA NA NA NA NA NA NA NA NA NA NA NA 
20 8 15 0.500000 0 5 1 1 0.932271 1 1 10 622 426 4 574 371 3 582 312 8 511 307 2 447 334 NA NA NA NA NA NA NA NA NA 
20 8 16 0.500000 0 5 1 1 1.139358 3 6 9 597 373 2 572 437 10 606 310 8 637 444 5 464 442 NA NA NA NA NA NA NA NA NA 
20 8 17 0.500000 0 2 0 0 0.728408 1 9 6 617 432 9 493 300 NA NA NA NA NA NA NA NA NA NA NA NA NA NA NA NA NA NA 
20 8 18 0.500000 0 8 0 0 0.851726 5 9 4 394 378 2 465 434 10 617 351 8 598 414 1 469 302 9 392 448 3 544 324 6 542 465 
20 8 19 0.500000 0 8 0 1 1.157114 5 3 7 442 400 1 506 326 4 577 466 10 610 324 6 450 462 3 408 337 9 393 451 2 589 383 
20 8 20 0.500000 0 2 0 0 1.017330 0 5 5 567 448 9 463 308 NA NA NA NA NA NA NA NA NA NA NA NA NA NA NA NA NA NA 
20 8 21 0.500000 0 5 1 1 0.847109 3 3 6 567 354 7 622 335 2 553 443 8 455 370 1 387 374 NA NA NA NA NA NA NA NA NA 
20 8 22 0.500000 0 8 1 1 1.221531 0 6 8 528 306 4 574 367 2 636 311 3 475 339 7 455 436 10 551 429 9 393 427 5 636 428 
20 8 23 0.500000 0 2 0 0 1.182210 1 6 2 428 336 6 637 428 NA NA NA NA NA NA NA NA NA NA NA NA NA NA NA NA NA NA 
20 8 24 0.500000 0 5 0 0 1.063120 1 8 2 595 301 8 614 437 5 508 317 3 428 407 4 620 370 NA NA NA NA NA NA NA NA NA 
20 8 25 0.500000 0 5 0 0 1.885229 4 5 7 391 331 1 449 361 2 483 462 8 504 309 5 636 296 NA NA NA NA NA NA NA NA NA 
20 8 26 0.500000 0 8 0 1 0.767823 6 4 2 581 353 8 443 452 9 620 452 3 480 319 5 416 321 7 445 385 4 387 385 1 561 428 
20 8 27 0.500000 0 8 1 1 1.169845 4 6 5 494 456 2 428 328 8 391 395 10 578 396 3 527 323 7 633 321 4 635 382 9 402 462 
20 8 28 0.500000 0 2 0 0 1.063526 1 1 6 490 453 1 387 321 NA NA NA NA NA NA NA NA NA NA NA NA NA NA NA NA NA NA 
20 8 29 0.500000 0 2 1 1 0.943251 1 2 5 441 414 7 547 327 NA NA NA NA NA NA NA NA NA NA NA NA NA NA NA NA NA NA 
20 8 30 0.500000 0 5 0 0 1.664101 2 9 4 453 357 10 480 440 9 587 424 1 507 305 7 599 302 NA NA NA NA NA NA NA NA NA 
20 8 31 0.500000 0 5 0 1 1.965241 3 9 1 440 294 2 413 396 6 617 415 9 614 298 7 606 473 NA NA NA NA NA NA NA NA NA 
20 8 32 0.500000 0 8 1 1 1.070560 7 9 2 629 407 10 594 339 8 430 360 6 494 463 7 536 323 5 633 471 3 433 444 4 580 442 
20 8 33 0.500000 0 8 1 1 1.546767 0 9 4 422 358 7 425 427 1 567 354 2 507 445 6 604 403 8 395 294 5 621 294 10 468 300 
20 8 34 0.500000 0 8 1 1 1.386551 5 7 9 625 324 4 458 438 3 445 380 6 396 437 8 551 430 5 435 308 1 608 415 10 514 302 
20 8 35 0.500000 0 5 1 1 0.740918 4 3 4 616 465 6 598 308 5 461 442 9 614 405 10 474 327 NA NA NA NA NA NA NA NA NA 
20 8 36 0.500000 0 2 1 1 0.605103 0 5 8 453 358 4 591 306 NA NA NA NA NA NA NA NA NA NA NA NA NA NA NA NA NA NA 
20 8 37 0.500000 0 2 1 1 0.535320 1 8 2 463 333 6 406 385 NA NA NA NA NA NA NA NA NA NA NA NA NA NA NA NA NA NA 
20 8 38 0.500000 0 8 0 0 1.118027 1 8 10 506 459 8 448 348 1 574 303 9 635 356 3 596 468 5 442 441 6 491 305 4 393 317 
20 8 39 0.500000 0 2 1 1 0.711005 0 6 3 395 315 2 499 444 NA NA NA NA NA NA NA NA NA NA NA NA NA NA NA NA NA NA 
20 8 40 0.500000 0 2 1 1 0.965205 1 10 6 452 354 8 573 399 NA NA NA NA NA NA NA NA NA NA NA NA NA NA NA NA NA NA 
20 8 41 0.500000 0 5 0 0 1.904108 3 9 3 566 359 5 387 323 4 611 318 9 448 308 8 572 462 NA NA NA NA NA NA NA NA NA 
20 8 42 0.500000 0 5 1 1 0.772041 3 4 5 394 347 3 604 374 10 419 472 8 441 402 9 594 303 NA NA NA NA NA NA NA NA NA 
20 8 43 0.500000 0 8 1 1 1.163140 4 9 6 573 337 1 443 423 10 424 322 3 576 395 4 635 310 8 511 455 2 517 303 7 605 472 
20 8 44 0.500000 0 8 1 1 0.831343 1 6 4 416 358 7 622 342 3 568 407 2 488 300 1 420 420 10 512 445 9 631 466 5 427 298 
20 8 45 0.500000 0 5 1 1 0.685039 4 7 1 558 458 8 623 398 10 396 407 9 592 330 3 460 448 NA NA NA NA NA NA NA NA NA 
20 8 46 0.500000 0 8 0 0 0.721708 4 6 4 631 450 3 439 315 9 559 441 10 397 359 6 577 366 7 387 467 1 575 307 5 446 402 
20 8 47 0.500000 0 5 1 1 0.881636 1 8 1 388 413 9 590 335 2 449 333 3 517 294 5 455 395 NA NA NA NA NA NA NA NA NA 
20 8 48 0.500000 0 5 1 1 1.477414 3 7 5 577 320 4 407 441 8 632 377 2 452 344 6 549 450 NA NA NA NA NA NA NA NA NA 
20 8 49 0.500000 0 8 0 0 1.049525 5 8 5 471 342 2 625 327 3 576 359 9 546 307 4 527 443 8 442 455 10 604 428 7 417 311 
20 8 50 0.500000 0 8 1 1 0.689193 4 1 2 390 360 3 513 312 7 511 470 6 452 298 9 461 417 5 568 359 4 621 396 10 628 298 
20 8 51 0.500000 0 5 0 1 0.831913 1 3 1 456 420 3 406 330 5 596 367 7 548 319 8 472 336 NA NA NA NA NA NA NA NA NA 
20 8 52 0.500000 0 2 0 0 0.813279 1 7 6 631 387 7 408 410 NA NA NA NA NA NA NA NA NA NA NA NA NA NA NA NA NA NA 
20 8 53 0.500000 0 2 1 1 0.765002 1 8 4 436 331 10 546 315 NA NA NA NA NA NA NA NA NA NA NA NA NA NA NA NA NA NA 
20 8 54 0.500000 0 2 1 1 0.738439 0 3 2 575 389 4 551 448 NA NA NA NA NA NA NA NA NA NA NA NA NA NA NA NA NA NA 
20 8 55 0.500000 0 2 1 1 0.848117 0 7 10 560 298 8 442 424 NA NA NA NA NA NA NA NA NA NA NA NA NA NA NA NA NA NA 
20 8 56 0.500000 0 8 0 0 1.320722 0 6 6 406 445 5 473 303 10 602 326 3 558 453 8 451 388 7 488 445 2 625 447 9 387 382 
20 8 57 0.500000 0 2 1 1 1.081943 1 6 10 412 390 5 587 456 NA NA NA NA NA NA NA NA NA NA NA NA NA NA NA NA NA NA 
20 8 58 0.500000 0 5 0 0 0.986366 0 4 4 478 442 2 620 401 3 435 391 8 550 312 10 415 317 NA NA NA NA NA NA NA NA NA 
20 8 59 0.500000 0 5 1 1 0.681240 3 1 7 540 453 2 420 436 10 621 329 3 394 311 4 451 339 NA NA NA NA NA NA NA NA NA 
