17 0 0 0.500000 0 2 0 0 0.960097 1 6 9 418 353 6 636 309 NA NA NA NA NA NA NA NA NA NA NA NA NA NA NA NA NA NA 
17 0 1 0.500000 0 2 1 1 0.900279 0 10 7 444 335 1 416 426 NA NA NA NA NA NA NA NA NA NA NA NA NA NA NA NA NA NA 
17 0 2 0.500000 0 5 0 0 1.079907 0 1 1 482 452 5 460 356 9 621 303 7 588 378 10 498 296 NA NA NA NA NA NA NA NA NA 
17 0 3 0.500000 0 8 1 1 1.059718 2 10 8 627 309 3 481 330 2 416 349 4 457 460 7 576 423 6 566 310 5 396 417 1 520 455 
17 0 4 0.500000 0 8 0 1 1.443536 6 9 5 553 430 1 572 341 8 499 302 2 435 366 6 421 427 3 614 445 9 478 466 7 631 335 
17 0 5 0.500000 0 2 0 1 0.984231 1 6 5 439 445 6 587 327 NA NA NA NA NA NA NA NA NA NA NA NA NA NA NA NA NA NA 
17 0 6 0.500000 0 5 1 1 0.910261 2 5 3 589 446 6 477 446 10 554 341 2 430 305 4 391 413 NA NA NA NA NA NA NA NA NA 
17 0 7 0.500000 0 5 0 1 1.120004 3 9 4 429 395 1 488 307 10 485 469 9 560 450 7 554 298 NA NA NA NA NA NA NA NA NA 
17 0 8 0.500000 0 2 0 0 0.865277 1 7 8 635 308 7 548 322 NA NA NA NA NA NA NA NA NA NA NA NA NA NA NA NA NA NA 
17 0 9 0.500000 0 8 1 1 1.031365 4 9 5 615 413 4 401 355 8 614 472 7 543 450 6 564 332 10 408 458 3 446 398 1 482 312 
17 0 10 0.500000 0 8 0 0 1.565739 1 10 5 570 393 10 427 444 1 591 317 3 497 441 2 607 449 8 469 342 7 633 372 9 392 346 
17 0 11 0.500000 0 5 1 1 1.001070 1 4 5 412 348 9 554 319 2 612 368 3 451 420 10 463 297 NA NA NA NA NA NA NA NA NA 
17 0 12 0.500000 0 2 0 0 1.066520 0 9 9 586 402 10 529 440 NA NA NA NA NA NA NA NA NA NA NA NA NA NA NA NA NA NA 
17 0 13 0.500000 0 8 1 1 1.036152 2 1 3 430 393 4 634 313 9 606 450 6 618 372 7 438 328 8 486 471 2 412 461 10 546 333 
17 0 14 0.500000 0 5 0 0 1.511768 4 9 6 435 298 1 583 444 10 569 369 2 457 410 9 414 452 NA NA NA NA NA NA NA NA NA 
17 0 15 0.500000 0 2 0 0 0.872117 0 4 4 625 343 3 610 420 NA NA NA NA NA NA NA NA NA NA NA NA NA NA NA NA NA NA 
17 0 16 0.500000 0 8 1 1 0.926484 3 8 1 623 339 7 413 356 5 495 306 2 548 465 6 555 312 9 575 401 4 396 466 10 449 407 
17 0 17 0.500000 0 5 0 0 0.929944 4 9 5 580 372 1 391 420 4 623 423 2 554 440 9 440 470 NA NA NA NA NA NA NA NA NA 
17 0 18 0.500000 0 5 0 0 0.675179 1 7 6 455 348 7 616 415 10 535 439 5 403 315 3 582 313 NA NA NA NA NA NA NA NA NA 
17 0 19 0.500000 0 2 0 0 0.664675 1 2 1 408 304 2 598 380 NA NA NA NA NA NA NA NA NA NA NA NA NA NA NA NA NA NA 
17 0 20 0.500000 0 2 0 0 0.612719 1 9 1 505 326 9 487 469 NA NA NA NA NA NA NA NA NA NA NA NA NA NA NA NA NA NA 
17 0 21 0.500000 0 5 1 1 0.886462 2 8 3 624 370 2 400 339 7 448 432 5 583 433 10 490 324 NA NA NA NA NA NA NA NA NA 
17 0 22 0.500000 0 8 1 1 1.267278 2 3 4 508 453 10 567 403 9 397 379 2 402 441 7 620 341 8 452 304 6 616 438 1 512 321 
17 0 23 0.500000 0 5 0 1 1.152839 0 4 4 469 311 7 393 367 1 611 468 8 621 409 10 557 427 NA NA NA NA NA NA NA NA NA 
17 0 24 0.500000 0 2 0 0 0.686643 1 9 5 545 466 9 405 435 NA NA NA NA NA NA NA NA NA NA NA NA NA NA NA NA NA NA 
17 0 25 0.500000 0 5 0 0 0.933027 2 1 3 442 430 9 434 367 1 557 469 7 626 398 6 557 331 NA NA NA NA NA NA NA NA NA 
17 0 26 0.500000 0 8 0 1 1.029478 1 6 8 472 337 6 614 325 5 451 470 7 623 471 3 406 335 1 608 406 2 521 457 9 531 324 
17 0 27 0.500000 0 8 0 1 1.159557 5 10 8 429 469 6 462 420 9 564 422 5 586 338 1 606 467 10 535 306 3 526 470 2 395 394 
17 0 28 0.500000 0 8 1 1 1.106559 3 2 10 400 461 4 479 308 5 390 305 1 389 367 3 614 451 9 620 374 7 539 311 6 517 442 
17 0 29 0.500000 0 8 1 1 1.075098 4 2 9 549 474 5 392 336 8 460 298 7 620 458 1 431 470 4 578 373 3 637 351 10 404 403 
17 0 30 0.500000 0 2 0 1 0.890223 0 4 4 564 311 7 400 312 NA NA NA NA NA NA NA NA NA NA NA NA NA NA NA NA NA NA 
17 0 31 0.500000 0 2 1 1 0.968561 1 5 9 618 449 8 597 372 NA NA NA NA NA NA NA NA NA NA NA NA NA NA NA NA NA NA 
17 0 32 0.500000 0 5 0 1 1.246581 2 3 1 405 422 7 405 318 3 492 465 9 620 310 5 594 470 NA NA NA NA NA NA NA NA NA 
17 0 33 0.500000 0 2 1 1 1.589371 0 3 9 531 299 10 436 446 NA NA NA NA NA NA NA NA NA NA NA NA NA NA NA NA NA NA 
17 0 34 0.500000 0 8 0 1 1.055062 1 4 10 615 330 4 560 456 2 404 375 8 472 446 1 459 308 6 628 444 5 581 394 7 525 323 
17 0 35 0.500000 0 2 1 1 0.947847 1 7 9 387 377 8 586 414 NA NA NA NA NA NA NA NA NA NA NA NA NA NA NA NA NA NA 
17 0 36 0.500000 0 2 1 1 1.052143 1 6 9 579 332 2 400 392 NA NA NA NA NA NA NA NA NA NA NA NA NA NA NA NA NA NA 
17 0 37 0.500000 0 8 0 0 1.079479 5 2 8 406 379 9 599 338 4 395 474 6 445 427 10 553 297 2 424 298 3 545 438 7 485 297 
17 0 38 0.500000 0 2 1 1 0.669135 0 3 4 616 339 1 476 297 NA NA NA NA NA NA NA NA NA NA NA NA NA NA NA NA NA NA 
17 0 39 0.500000 0 2 1 1 0.889520 0 4 2 507 465 10 416 373 NA NA NA NA NA NA NA NA NA NA NA NA NA NA NA NA NA NA 
17 0 40 0.500000 0 5 1 1 1.420341 4 5 1 406 459 3 572 328 10 477 443 6 448 335 7 592 415 NA NA NA NA NA NA NA NA NA 
17 0 41 0.500000 0 5 0 0 1.010165 3 6 3 465 422 7 399 361 2 589 433 6 519 446 9 599 308 NA NA NA NA NA NA NA NA NA 
17 0 42 0.500000 0 2 1 1 0.691085 0 2 6 406 350 10 579 298 NA NA NA NA NA NA NA NA NA NA NA NA NA NA NA NA NA NA 
17 0 43 0.500000 0 8 1 1 1.048543 0 7 5 627 468 1 568 463 6 412 326 2 551 320 10 406 473 9 612 410 4 500 459 8 490 322 
17 0 44 0.500000 0 5 1 1 1.008548 4 2 6 441 380 3 480 455 7 478 335 1 610 465 9 558 331 NA NA NA NA NA NA NA NA NA 
17 0 45 0.500000 0 5 1 1 0.923630 1 4 5 583 396 3 446 469 1 387 400 7 576 470 9 637 371 NA NA NA NA NA NA NA NA NA 
17 0 46 0.500000 0 8 0 0 1.064041 4 1 4 501 319 8 597 380 7 620 302 10 432 323 1 495 467 5 422 402 3 555 433 6 631 458 
17 0 47 0.500000 0 5 0 0 0.960393 3 6 7 438 333 1 591 465 5 454 389 6 417 451 8 501 319 NA NA NA NA NA NA NA NA NA 
17 0 48 0.500000 0 8 0 0 0.982358 2 4 9 451 337 8 605 386 4 443 466 7 400 414 2 580 320 6 388 326 10 542 437 3 604 446 
17 0 49 0.500000 0 2 0 0 0.897876 1 10 2 573 425 10 566 305 NA NA NA NA NA NA NA NA NA NA NA NA NA NA NA NA NA NA 
17 0 50 0.500000 0 5 1 1 0.975054 1 1 8 414 390 6 567 351 3 465 328 5 440 444 9 596 416 NA NA NA NA NA NA NA NA NA 
17 0 51 0.500000 0 8 0 1 1.160540 3 3 6 570 339 7 595 424 1 455 306 3 409 389 9 449 432 2 506 474 5 634 467 8 408 474 
17 0 52 0.500000 0 5 1 1 1.076054 2 8 7 471 471 1 425 348 5 406 405 4 585 355 2 587 462 NA NA NA NA NA NA NA NA NA 
17 0 53 0.500000 0 8 1 1 0.944190 2 4 5 593 415 10 580 297 3 416 415 6 419 317 9 469 448 8 629 461 2 477 337 7 625 343 
17 0 54 0.500000 0 2 1 1 1.088089 0 3 9 388 350 2 568 415 NA NA NA NA NA NA NA NA NA NA NA NA NA NA NA NA NA NA 
17 0 55 0.500000 0 2 1 1 0.917040 0 3 6 543 329 8 499 447 NA NA NA NA NA NA NA NA NA NA NA NA NA NA NA NA NA NA 
17 0 56 0.500000 0 8 0 0 1.303881 7 8 4 417 406 10 528 305 1 598 421 9 464 301 7 575 356 3 483 453 6 603 303 8 399 325 
17 0 57 0.500000 0 5 1 1 0.919846 2 2 4 576 314 9 399 422 3 626 408 1 452 326 10 460 443 NA NA NA NA NA NA NA NA NA 
17 0 58 0.500000 0 5 1 1 0.955032 3 7 2 489 457 6 601 403 1 418 382 3 393 305 8 624 474 NA NA NA NA NA NA NA NA NA 
17 0 59 0.500000 0 8 1 1 0.906331 5 3 6 564 429 9 445 319 5 401 397 1 628 324 2 569 358 4 427 465 10 616 395 8 503 453 
17 1 0 0.300000 0 2 0 0 0.972035 1 3 2 438 327 3 566 418 NA NA NA NA NA NA NA NA NA NA NA NA NA NA NA NA NA NA 
17 1 1 0.300000 0 8 1 0 1.083251 5 3 9 511 474 8 599 429 10 491 314 5 607 303 1 397 457 4 446 413 7 419 315 2 597 364 
17 1 2 0.300000 0 2 0 0 1.356497 1 10 2 425 423 10 611 390 NA NA NA NA NA NA NA NA NA NA NA NA NA NA NA NA NA NA 
17 1 3 0.300000 0 2 1 1 0.930564 0 8 4 571 385 3 611 469 NA NA NA NA NA NA NA NA NA NA NA NA NA NA NA NA NA NA 
17 1 4 0.300000 0 2 0 0 1.088202 0 4 4 435 426 10 522 308 NA NA NA NA NA NA NA NA NA NA NA NA NA NA NA NA NA NA 
17 1 5 0.300000 0 5 1 1 1.021223 0 8 6 563 439 9 424 359 10 485 465 1 631 300 7 414 457 NA NA NA NA NA NA NA NA NA 
17 1 6 0.300000 0 2 0 0 1.265936 0 8 8 552 463 2 621 364 NA NA NA NA NA NA NA NA NA NA NA NA NA NA NA NA NA NA 
17 1 7 0.300000 0 5 0 0 1.288892 3 5 9 594 385 7 577 298 10 400 402 5 626 463 4 528 454 NA NA NA NA NA NA NA NA NA 
17 1 8 0.300000 0 2 1 1 0.918911 0 7 10 436 310 9 540 332 NA NA NA NA NA NA NA NA NA NA NA NA NA NA NA NA NA NA 
17 1 9 0.300000 0 8 1 1 1.275507 1 5 9 402 409 8 589 432 6 495 470 4 631 385 3 561 312 2 477 309 10 402 331 7 635 294 
17 1 10 0.300000 0 5 1 1 0.905066 2 6 10 607 392 7 524 313 1 634 473 3 458 306 4 491 468 NA NA NA NA NA NA NA NA NA 
17 1 11 0.300000 0 5 0 0 1.174645 3 10 7 422 330 3 577 381 5 390 454 10 625 422 2 579 301 NA NA NA NA NA NA NA NA NA 
17 1 12 0.300000 0 2 0 0 0.845625 1 6 10 400 369 6 449 449 NA NA NA NA NA NA NA NA NA NA NA NA NA NA NA NA NA NA 
17 1 13 0.300000 0 2 0 0 0.523823 0 9 9 505 451 8 588 302 NA NA NA NA NA NA NA NA NA NA NA NA NA NA NA NA NA NA 
17 1 14 0.300000 0 2 1 1 0.638548 0 2 8 541 326 7 455 325 NA NA NA NA NA NA NA NA NA NA NA NA NA NA NA NA NA NA 
17 1 15 0.300000 0 8 0 0 0.976535 3 1 7 459 450 10 576 343 8 538 473 1 429 354 6 605 400 9 485 319 5 635 320 3 602 467 
17 1 16 0.300000 0 8 0 0 0.803312 4 6 5 454 436 7 394 383 8 637 466 2 555 429 6 494 319 3 405 326 1 575 316 4 400 471 
17 1 17 0.300000 0 5 0 0 0.693784 4 9 1 411 451 5 631 363 7 487 453 2 599 462 9 537 316 NA NA NA NA NA NA NA NA NA 
17 1 18 0.300000 0 5 0 0 0.683774 2 4 3 479 447 6 556 339 4 579 432 7 423 297 5 634 454 NA NA NA NA NA NA NA NA NA 
17 1 19 0.300000 0 8 0 0 0.648721 6 6 9 616 298 8 594 449 2 440 333 4 495 309 5 531 452 10 416 397 6 587 375 7 440 473 
17 1 20 0.300000 0 5 0 0 0.848033 4 6 2 543 449 4 422 402 8 620 457 9 411 344 6 606 307 NA NA NA NA NA NA NA NA NA 
17 1 21 0.300000 0 5 0 0 0.627090 3 8 2 429 341 3 603 352 9 419 441 8 534 473 4 521 295 NA NA NA NA NA NA NA NA NA 
17 1 22 0.300000 0 8 0 0 0.583281 2 4 1 392 389 9 564 427 4 486 464 7 394 317 8 574 310 2 453 412 6 419 466 3 604 379 
17 1 23 0.300000 0 5 0 0 0.667481 0 9 9 410 424 4 429 303 8 489 443 5 587 316 7 635 415 NA NA NA NA NA NA NA NA NA 
17 1 24 0.300000 0 2 0 0 0.721320 0 10 10 623 405 6 626 329 NA NA NA NA NA NA NA NA NA NA NA NA NA NA NA NA NA NA 
17 1 25 0.300000 0 8 0 0 0.655829 7 7 4 387 453 9 555 427 10 518 326 5 464 424 1 391 375 2 633 465 3 589 357 7 630 404 
17 1 26 0.300000 0 5 0 0 0.676325 3 9 8 583 470 3 414 294 5 446 363 9 453 438 6 561 338 NA NA NA NA NA NA NA NA NA 
17 1 27 0.300000 0 8 0 0 0.725042 5 2 9 564 447 1 428 472 4 584 300 6 584 386 7 402 366 2 468 317 3 632 428 8 501 441 
17 1 28 0.300000 0 5 1 1 0.936011 0 3 10 578 471 6 626 416 8 588 324 9 406 444 5 483 456 NA NA NA NA NA NA NA NA NA 
17 1 29 0.300000 0 8 1 0 0.871972 6 7 10 525 315 6 405 448 1 454 341 5 625 326 8 607 427 4 391 362 3 416 296 9 520 472 
17 1 30 0.300000 0 5 1 1 1.022380 1 4 7 501 303 1 591 456 6 582 297 5 461 451 10 603 377 NA NA NA NA NA NA NA NA NA 
17 1 31 0.300000 0 2 1 1 0.813208 1 8 7 535 325 1 468 423 NA NA NA NA NA NA NA NA NA NA NA NA NA NA NA NA NA NA 
17 1 32 0.300000 0 5 0 0 0.951256 4 4 10 451 384 5 456 467 3 513 295 1 579 299 4 629 346 NA NA NA NA NA NA NA NA NA 
17 1 33 0.300000 0 8 0 1 1.023994 1 6 5 573 440 6 410 353 8 456 435 2 527 319 9 598 385 7 637 432 4 625 298 10 395 460 
17 1 34 0.300000 0 2 0 0 0.677706 0 9 9 582 459 8 403 446 NA NA NA NA NA NA NA NA NA NA NA NA NA NA NA NA NA NA 
17 1 35 0.300000 0 8 0 0 0.771018 3 6 2 598 358 10 477 437 9 612 452 6 539 452 5 388 447 4 393 337 3 607 300 7 507 313 
17 1 36 0.300000 0 8 1 1 1.035194 4 4 6 450 431 8 606 318 7 541 308 9 547 465 5 424 363 2 627 473 3 456 306 1 588 379 
17 1 37 0.300000 0 5 0 0 1.392078 4 9 7 503 456 4 403 423 8 564 309 2 423 302 9 588 371 NA NA NA NA NA NA NA NA NA 
17 1 38 0.300000 0 2 0 0 0.662955 0 10 10 428 436 7 446 318 NA NA NA NA NA NA NA NA NA NA NA NA NA NA NA NA NA NA 
17 1 39 0.300000 0 5 0 0 0.879220 0 1 1 389 355 5 622 312 9 488 300 8 387 415 7 563 300 NA NA NA NA NA NA NA NA NA 
17 1 40 0.300000 0 8 0 0 0.884429 3 1 8 499 298 9 425 305 4 391 468 1 587 348 3 389 393 2 614 296 6 537 446 5 620 450 
17 1 41 0.300000 0 2 0 0 0.627571 0 1 1 425 354 3 598 400 NA NA NA NA NA NA NA NA NA NA NA NA NA NA NA NA NA NA 
17 1 42 0.300000 0 8 0 0 0.918616 1 2 4 621 399 2 516 318 7 435 389 5 547 452 9 430 470 8 391 344 6 636 336 10 566 358 
17 1 43 0.300000 0 2 1 1 0.720266 0 5 6 420 382 8 628 428 NA NA NA NA NA NA NA NA NA NA NA NA NA NA NA NA NA NA 
17 1 44 0.300000 0 8 1 1 1.100941 5 7 4 422 356 2 554 451 8 518 308 1 637 317 3 618 473 10 449 473 6 387 471 5 396 298 
17 1 45 0.300000 0 2 0 0 0.730730 1 5 3 398 347 5 460 454 NA NA NA NA NA NA NA NA NA NA NA NA NA NA NA NA NA NA 
17 1 46 0.300000 0 2 0 0 0.746468 0 2 2 578 383 8 433 301 NA NA NA NA NA NA NA NA NA NA NA NA NA NA NA NA NA NA 
17 1 47 0.300000 0 5 0 0 0.684191 2 6 2 419 435 7 557 474 6 413 345 4 604 295 8 521 310 NA NA NA NA NA NA NA NA NA 
17 1 48 0.300000 0 8 0 0 0.735683 5 8 3 582 448 4 457 455 6 588 297 10 425 341 9 486 332 8 620 394 1 393 401 5 637 330 
17 1 49 0.300000 0 2 1 1 0.876631 1 8 2 432 365 3 435 435 NA NA NA NA NA NA NA NA NA NA NA NA NA NA NA NA NA NA 
17 1 50 0.300000 0 8 0 0 0.834022 7 9 4 404 324 2 501 317 5 527 448 7 593 394 10 447 371 6 388 394 3 634 469 9 593 334 
17 1 51 0.300000 0 2 0 0 0.551654 1 4 1 611 379 4 422 420 NA NA NA NA NA NA NA NA NA NA NA NA NA NA NA NA NA NA 
17 1 52 0.300000 0 2 0 0 0.864839 1 7 1 623 341 7 634 399 NA NA NA NA NA NA NA NA NA NA NA NA NA NA NA NA NA NA 
17 1 53 0.300000 0 8 0 1 0.914549 2 9 2 585 303 6 400 304 9 463 301 5 445 396 10 593 392 8 493 450 3 582 467 1 394 451 
17 1 54 0.300000 0 5 0 0 0.933780 3 7 5 612 387 6 568 313 4 521 447 7 637 468 8 394 335 NA NA NA NA NA NA NA NA NA 
17 1 55 0.300000 0 5 1 1 0.900216 4 5 7 406 295 3 404 426 10 567 457 6 487 473 2 518 324 NA NA NA NA NA NA NA NA NA 
17 1 56 0.300000 0 5 1 0 0.724364 4 6 10 607 450 7 564 301 8 444 297 5 398 418 4 634 345 NA NA NA NA NA NA NA NA NA 
17 1 57 0.300000 0 8 0 1 0.901876 4 4 9 472 298 3 474 443 1 425 345 10 622 419 4 609 328 8 403 462 5 576 464 2 420 406 
17 1 58 0.300000 0 5 0 0 2.291574 0 6 6 455 395 2 623 383 7 395 463 5 569 447 3 390 343 NA NA NA NA NA NA NA NA NA 
17 1 59 0.300000 0 8 1 1 0.881137 1 10 8 428 393 6 559 447 2 425 294 5 623 458 3 572 379 1 620 327 7 542 303 4 419 471 
17 2 0 0.500000 0 2 0 0 0.565390 1 8 9 483 443 8 403 399 NA NA NA NA NA NA NA NA NA NA NA NA NA NA NA NA NA NA 
17 2 1 0.500000 0 8 1 1 1.018356 2 4 1 606 302 6 400 474 3 499 455 7 594 375 2 495 316 10 408 303 8 564 460 5 444 383 
17 2 2 0.500000 0 8 1 1 0.974043 3 1 8 410 393 9 584 324 3 513 307 4 592 425 6 636 363 10 458 446 5 395 324 7 458 347 
17 2 3 0.500000 0 5 1 1 1.824717 2 5 6 576 462 2 413 444 1 408 308 9 589 361 4 488 446 NA NA NA NA NA NA NA NA NA 
17 2 4 0.500000 0 2 1 1 0.841360 0 5 10 562 438 4 537 325 NA NA NA NA NA NA NA NA NA NA NA NA NA NA NA NA NA NA 
17 2 5 0.500000 0 5 0 0 0.877390 2 9 3 599 366 8 611 436 9 401 348 1 557 317 6 437 474 NA NA NA NA NA NA NA NA NA 
17 2 6 0.500000 0 5 1 1 1.170272 1 6 10 421 296 9 620 452 4 505 458 3 622 382 5 411 430 NA NA NA NA NA NA NA NA NA 
17 2 7 0.500000 0 2 1 1 0.944789 1 3 1 414 411 10 622 315 NA NA NA NA NA NA NA NA NA NA NA NA NA NA NA NA NA NA 
17 2 8 0.500000 0 5 1 1 0.849073 1 8 10 449 349 3 445 471 2 595 420 1 506 472 5 403 300 NA NA NA NA NA NA NA NA NA 
17 2 9 0.500000 0 8 0 1 0.875994 4 10 4 540 326 1 602 406 7 441 319 3 407 462 10 481 445 9 407 390 8 601 335 6 547 456 
17 2 10 0.500000 0 5 0 0 1.017720 3 1 9 395 377 8 507 469 3 586 405 1 495 310 10 576 465 NA NA NA NA NA NA NA NA NA 
17 2 11 0.500000 0 2 0 0 0.839228 1 8 9 626 324 8 580 368 NA NA NA NA NA NA NA NA NA NA NA NA NA NA NA NA NA NA 
17 2 12 0.500000 0 8 0 0 0.863589 2 6 9 393 329 3 413 458 6 562 312 7 531 473 1 454 355 8 618 294 2 607 434 4 473 454 
17 2 13 0.500000 0 5 0 0 0.854909 4 2 1 610 467 9 626 384 6 454 380 8 536 469 2 392 474 NA NA NA NA NA NA NA NA NA 
17 2 14 0.500000 0 5 1 1 1.035989 3 4 8 618 385 7 400 455 1 536 460 3 594 468 10 544 320 NA NA NA NA NA NA NA NA NA 
17 2 15 0.500000 0 8 0 0 0.935551 3 6 10 449 298 9 575 356 2 402 419 6 614 451 1 459 454 4 397 357 8 618 309 7 530 301 
17 2 16 0.500000 0 8 1 1 0.907292 1 8 6 543 297 7 515 442 10 466 343 4 411 429 3 609 408 2 600 350 1 390 325 5 570 470 
17 2 17 0.500000 0 5 1 1 1.085473 2 4 8 499 319 5 389 333 3 558 312 7 483 471 9 614 399 NA NA NA NA NA NA NA NA NA 
17 2 18 0.500000 0 5 0 1 1.471247 1 8 3 550 303 8 630 395 4 523 452 10 393 348 9 413 436 NA NA NA NA NA NA NA NA NA 
17 2 19 0.500000 0 2 1 1 0.845655 1 5 4 583 328 2 588 456 NA NA NA NA NA NA NA NA NA NA NA NA NA NA NA NA NA NA 
17 2 20 0.500000 0 5 1 1 1.056616 4 5 1 397 371 9 391 312 6 537 295 8 458 406 4 561 445 NA NA NA NA NA NA NA NA NA 
17 2 21 0.500000 0 5 1 1 1.151376 4 6 10 565 328 4 452 381 3 527 448 1 637 430 9 468 319 NA NA NA NA NA NA NA NA NA 
17 2 22 0.500000 0 2 0 0 0.778294 0 4 4 389 420 5 548 458 NA NA NA NA NA NA NA NA NA NA NA NA NA NA NA NA NA NA 
17 2 23 0.500000 0 8 0 0 0.716139 5 8 3 497 303 10 579 380 9 430 468 6 554 326 4 621 427 8 390 412 2 450 368 1 489 457 
17 2 24 0.500000 0 5 0 0 0.915766 1 5 10 428 417 5 420 331 4 607 365 3 549 458 2 613 438 NA NA NA NA NA NA NA NA NA 
17 2 25 0.500000 0 8 0 1 0.971172 3 3 4 413 307 6 575 332 8 430 444 3 398 370 1 614 399 5 613 465 9 491 466 10 500 326 
17 2 26 0.500000 0 2 1 1 0.739714 0 7 8 490 451 9 495 308 NA NA NA NA NA NA NA NA NA NA NA NA NA NA NA NA NA NA 
17 2 27 0.500000 0 5 0 0 1.422774 0 2 2 525 297 3 415 337 4 468 458 5 581 388 6 602 302 NA NA NA NA NA NA NA NA NA 
17 2 28 0.500000 0 8 1 1 0.906083 1 7 6 418 406 3 467 465 8 579 303 4 453 306 10 593 442 1 407 345 2 627 371 5 518 297 
17 2 29 0.500000 0 8 1 0 1.065124 2 10 6 600 334 2 473 429 8 515 323 7 425 356 4 390 413 5 610 461 9 552 427 3 612 402 
17 2 30 0.500000 0 5 1 1 1.124553 1 5 1 613 369 6 626 301 3 559 419 7 390 407 4 477 294 NA NA NA NA NA NA NA NA NA 
17 2 31 0.500000 0 2 1 1 0.955165 1 6 3 557 301 9 426 411 NA NA NA NA NA NA NA NA NA NA NA NA NA NA NA NA NA NA 
17 2 32 0.500000 0 2 1 1 0.651245 0 9 1 600 410 2 464 338 NA NA NA NA NA NA NA NA NA NA NA NA NA NA NA NA NA NA 
17 2 33 0.500000 0 2 0 0 0.784072 1 5 4 551 303 5 465 456 NA NA NA NA NA NA NA NA NA NA NA NA NA NA NA NA NA NA 
17 2 34 0.500000 0 5 1 1 0.735877 1 4 5 595 474 2 525 458 7 632 361 8 414 309 6 526 297 NA NA NA NA NA NA NA NA NA 
17 2 35 0.500000 0 8 0 0 0.779515 4 6 8 572 401 7 417 419 5 476 329 10 568 302 6 588 458 1 387 337 2 613 345 9 509 474 
17 2 36 0.500000 0 8 0 0 0.848822 0 4 4 404 353 5 503 452 7 628 310 3 408 449 10 490 304 8 632 408 2 588 463 1 565 294 
17 2 37 0.500000 0 8 1 1 0.943704 5 3 5 452 349 2 592 445 7 630 294 6 431 420 9 589 372 10 527 469 4 389 352 1 553 315 
17 2 38 0.500000 0 2 0 0 0.670062 1 3 7 396 333 3 567 472 NA NA NA NA NA NA NA NA NA NA NA NA NA NA NA NA NA NA 
17 2 39 0.500000 0 2 1 1 0.598915 1 6 10 471 427 1 572 312 NA NA NA NA NA NA NA NA NA NA NA NA NA NA NA NA NA NA 
17 2 40 0.500000 0 2 1 1 0.979928 0 10 4 574 402 3 399 389 NA NA NA NA NA NA NA NA NA NA NA NA NA NA NA NA NA NA 
17 2 41 0.500000 0 2 0 0 0.617010 0 10 10 457 455 5 500 311 NA NA NA NA NA NA NA NA NA NA NA NA NA NA NA NA NA NA 
17 2 42 0.500000 0 8 0 0 0.979017 7 2 8 461 439 6 532 460 10 391 367 7 616 432 1 593 363 4 461 300 5 571 308 2 395 450 
17 2 43 0.500000 0 5 1 1 0.756144 0 9 1 550 430 3 410 396 4 621 424 8 410 312 6 545 324 NA NA NA NA NA NA NA NA NA 
17 2 44 0.500000 0 2 0 0 0.783264 1 8 2 456 360 8 634 447 NA NA NA NA NA NA NA NA NA NA NA NA NA NA NA NA NA NA 
17 2 45 0.500000 0 2 1 1 0.637653 0 4 7 463 438 1 409 413 NA NA NA NA NA NA NA NA NA NA NA NA NA NA NA NA NA NA 
17 2 46 0.500000 0 8 1 1 0.870867 3 3 1 562 328 7 421 435 5 558 466 4 619 448 2 448 307 8 637 321 10 397 379 9 581 396 
17 2 47 0.500000 0 2 0 0 0.783799 0 5 5 446 303 1 555 428 NA NA NA NA NA NA NA NA NA NA NA NA NA NA NA NA NA NA 
17 2 48 0.500000 0 2 0 0 0.604963 0 3 3 388 367 1 600 361 NA NA NA NA NA NA NA NA NA NA NA NA NA NA NA NA NA NA 
17 2 49 0.500000 0 8 1 1 0.992036 6 8 3 418 329 1 460 452 7 563 315 4 446 395 5 628 373 10 535 451 2 630 298 6 592 424 
17 2 50 0.500000 0 5 0 0 1.492377 3 7 8 615 328 5 416 339 3 488 462 7 635 391 2 633 471 NA NA NA NA NA NA NA NA NA 
17 2 51 0.500000 0 8 1 1 1.104549 7 1 9 388 409 10 543 295 7 464 443 2 612 383 4 559 448 6 421 355 8 408 467 5 472 312 
17 2 52 0.500000 0 8 0 0 1.063331 3 1 4 607 347 3 439 364 2 527 445 1 595 426 10 406 295 6 550 334 7 389 409 9 465 440 
17 2 53 0.500000 0 5 0 1 1.055990 1 5 1 609 414 5 454 311 9 459 463 4 578 294 8 401 364 NA NA NA NA NA NA NA NA NA 
17 2 54 0.500000 0 2 0 0 0.808175 0 6 6 420 395 4 586 449 NA NA NA NA NA NA NA NA NA NA NA NA NA NA NA NA NA NA 
17 2 55 0.500000 0 5 0 0 1.011945 0 2 2 636 372 9 482 325 4 446 460 7 580 355 10 628 431 NA NA NA NA NA NA NA NA NA 
17 2 56 0.500000 0 8 1 1 0.971011 7 2 6 510 442 8 584 392 10 427 392 9 584 317 4 445 470 1 622 441 5 416 309 7 526 308 
17 2 57 0.500000 0 8 0 0 0.946087 6 5 9 504 297 1 449 375 7 596 422 8 637 330 2 391 401 3 483 445 5 582 363 6 403 326 
17 2 58 0.500000 0 5 0 1 1.086243 3 4 7 590 414 1 396 432 10 403 325 4 584 349 6 447 460 NA NA NA NA NA NA NA NA NA 
17 2 59 0.500000 0 2 1 1 0.595443 1 8 5 458 303 2 574 371 NA NA NA NA NA NA NA NA NA NA NA NA NA NA NA NA NA NA 
17 3 0 0.700000 0 2 1 1 0.883085 1 3 7 629 445 6 427 343 NA NA NA NA NA NA NA NA NA NA NA NA NA NA NA NA NA NA 
17 3 1 0.700000 0 2 1 1 0.743345 1 6 10 471 429 3 478 306 NA NA NA NA NA NA NA NA NA NA NA NA NA NA NA NA NA NA 
17 3 2 0.700000 0 2 1 1 0.686914 0 7 1 600 421 9 419 445 NA NA NA NA NA NA NA NA NA NA NA NA NA NA NA NA NA NA 
17 3 3 0.700000 0 5 1 1 0.833787 0 6 10 424 315 7 452 405 4 611 451 9 394 420 5 507 306 NA NA NA NA NA NA NA NA NA 
17 3 4 0.700000 0 8 1 1 0.867124 6 7 3 388 341 6 622 451 10 490 302 1 598 311 8 405 448 4 429 294 9 514 472 2 574 403 
17 3 5 0.700000 0 8 1 1 0.613878 5 3 10 387 453 2 388 321 6 616 403 5 545 303 1 447 350 8 469 448 7 616 305 4 390 394 
17 3 6 0.700000 0 5 0 0 0.983894 1 7 8 616 304 7 574 389 3 506 468 6 439 456 1 422 339 NA NA NA NA NA NA NA NA NA 
17 3 7 0.700000 0 5 1 1 0.694590 4 5 10 429 441 1 609 410 6 569 452 9 568 305 4 420 378 NA NA NA NA NA NA NA NA NA 
17 3 8 0.700000 0 8 1 1 1.041941 5 6 7 401 419 5 420 346 3 480 301 2 593 349 8 604 419 4 550 304 1 497 451 9 626 474 
17 3 9 0.700000 0 2 0 0 0.760712 0 10 10 619 329 6 585 395 NA NA NA NA NA NA NA NA NA NA NA NA NA NA NA NA NA NA 
17 3 10 0.700000 0 8 1 1 0.746498 5 10 7 441 393 4 598 321 8 529 443 1 632 462 9 387 462 2 391 352 6 632 373 3 484 315 
17 3 11 0.700000 0 8 1 1 0.782232 3 9 7 540 304 3 634 347 10 455 330 8 530 464 6 392 407 2 398 304 4 618 473 1 466 428 
17 3 12 0.700000 0 8 1 1 0.823245 1 1 2 636 470 9 506 469 3 576 406 5 483 300 7 419 348 4 591 304 6 465 418 10 404 474 
17 3 13 0.700000 0 2 1 1 0.789347 1 7 6 593 402 3 631 313 NA NA NA NA NA NA NA NA NA NA NA NA NA NA NA NA NA NA 
17 3 14 0.700000 0 5 0 0 0.937064 2 5 8 478 299 9 516 454 5 440 446 6 426 356 1 607 401 NA NA NA NA NA NA NA NA NA 
17 3 15 0.700000 0 2 1 1 0.429811 1 3 2 441 340 5 556 337 NA NA NA NA NA NA NA NA NA NA NA NA NA NA NA NA NA NA 
17 3 16 0.700000 0 5 1 1 1.200376 1 3 10 537 458 6 632 387 8 461 316 2 635 314 7 440 406 NA NA NA NA NA NA NA NA NA 
17 3 17 0.700000 0 5 1 1 0.909215 1 4 3 570 428 5 628 378 6 438 345 8 406 472 7 497 303 NA NA NA NA NA NA NA NA NA 
17 3 18 0.700000 0 2 1 1 0.686373 1 3 5 424 359 7 619 415 NA NA NA NA NA NA NA NA NA NA NA NA NA NA NA NA NA NA 
17 3 19 0.700000 0 5 1 1 0.652591 0 7 3 518 444 10 568 319 1 415 427 9 506 306 2 591 396 NA NA NA NA NA NA NA NA NA 
17 3 20 0.700000 0 8 1 0 1.270795 6 5 3 581 417 9 419 399 10 392 338 1 553 317 2 453 296 7 633 444 4 471 465 8 635 311 
17 3 21 0.700000 0 2 1 1 0.480873 0 7 3 390 327 10 582 345 NA NA NA NA NA NA NA NA NA NA NA NA NA NA NA NA NA NA 
17 3 22 0.700000 0 5 1 1 1.082061 0 4 9 595 437 7 410 388 6 451 430 2 579 368 10 594 306 NA NA NA NA NA NA NA NA NA 
17 3 23 0.700000 0 5 1 1 0.717995 3 1 3 591 412 9 435 372 8 529 316 4 481 438 5 545 472 NA NA NA NA NA NA NA NA NA 
17 3 24 0.700000 0 2 0 0 0.762291 0 5 5 561 467 10 484 294 NA NA NA NA NA NA NA NA NA NA NA NA NA NA NA NA NA NA 
17 3 25 0.700000 0 8 1 0 0.940311 1 6 3 633 364 9 428 401 2 493 474 7 394 300 1 631 423 4 621 297 10 483 317 8 571 378 
17 3 26 0.700000 0 5 0 0 1.088462 3 4 7 624 444 10 401 338 9 558 328 4 619 371 5 622 306 NA NA NA NA NA NA NA NA NA 
17 3 27 0.700000 0 2 0 0 0.914215 1 5 10 598 392 5 425 417 NA NA NA NA NA NA NA NA NA NA NA NA NA NA NA NA NA NA 
17 3 28 0.700000 0 8 0 0 1.124571 5 10 1 410 436 3 625 352 7 549 437 4 397 315 6 573 316 10 460 300 8 616 415 9 597 474 
17 3 29 0.700000 0 2 1 1 0.630241 1 6 10 591 354 8 433 458 NA NA NA NA NA NA NA NA NA NA NA NA NA NA NA NA NA NA 
17 3 30 0.700000 0 8 0 0 1.589328 2 1 7 521 443 10 431 448 1 582 359 8 454 344 3 579 448 4 524 323 9 391 400 6 398 325 
17 3 31 0.700000 0 5 1 1 0.687230 4 4 10 457 306 1 569 421 5 630 376 6 415 400 2 533 317 NA NA NA NA NA NA NA NA NA 
17 3 32 0.700000 0 5 1 0 1.287658 2 2 10 420 440 6 521 466 7 628 433 9 410 372 1 627 334 NA NA NA NA NA NA NA NA NA 
17 3 33 0.700000 0 8 0 0 0.846811 4 6 9 614 444 8 561 344 2 397 313 1 470 340 6 516 473 7 402 410 10 441 461 4 637 380 
17 3 34 0.700000 0 5 1 1 0.660636 4 3 2 626 300 7 407 375 10 550 320 6 623 381 4 428 307 NA NA NA NA NA NA NA NA NA 
17 3 35 0.700000 0 2 1 1 0.749061 0 8 2 432 348 10 597 362 NA NA NA NA NA NA NA NA NA NA NA NA NA NA NA NA NA NA 
17 3 36 0.700000 0 8 1 1 1.502346 4 8 2 456 410 6 397 460 1 412 346 9 611 462 10 621 322 5 632 387 3 494 462 4 475 318 
17 3 37 0.700000 0 8 1 1 0.704717 2 4 2 439 438 8 489 329 3 577 380 10 421 295 5 538 451 9 634 463 6 396 360 7 581 294 
17 3 38 0.700000 0 5 1 1 0.783325 3 10 2 416 435 5 529 327 3 441 344 4 609 336 9 631 399 NA NA NA NA NA NA NA NA NA 
17 3 39 0.700000 0 8 0 0 1.143585 2 10 8 503 448 9 425 421 10 435 328 2 624 378 3 612 318 1 629 441 6 556 299 4 563 448 
17 3 40 0.700000 0 2 0 0 0.788807 0 4 4 396 370 5 616 372 NA NA NA NA NA NA NA NA NA NA NA NA NA NA NA NA NA NA 
17 3 41 0.700000 0 2 0 0 0.697217 0 5 5 437 308 2 561 298 NA NA NA NA NA NA NA NA NA NA NA NA NA NA NA NA NA NA 
17 3 42 0.700000 0 5 0 0 0.823387 1 9 3 389 450 9 434 382 4 466 468 1 569 330 8 631 444 NA NA NA NA NA NA NA NA NA 
17 3 43 0.700000 0 5 0 0 0.838147 3 6 7 454 359 4 612 470 10 624 391 6 558 423 8 461 419 NA NA NA NA NA NA NA NA NA 
17 3 44 0.700000 0 2 1 1 0.481665 1 7 6 611 343 1 503 314 NA NA NA NA NA NA NA NA NA NA NA NA NA NA NA NA NA NA 
17 3 45 0.700000 0 8 1 1 0.885097 7 5 10 564 321 2 628 394 8 413 409 9 460 297 6 432 348 1 612 465 7 389 296 3 524 450 
17 3 46 0.700000 0 8 1 1 1.270881 0 9 6 465 467 4 549 433 2 632 340 8 445 407 7 458 300 10 637 425 3 579 369 1 552 314 
17 3 47 0.700000 0 5 0 0 1.597973 3 10 7 607 319 2 577 437 8 454 419 10 445 310 6 519 318 NA NA NA NA NA NA NA NA NA 
17 3 48 0.700000 0 2 1 1 0.567237 0 4 9 424 361 1 596 352 NA NA NA NA NA NA NA NA NA NA NA NA NA NA NA NA NA NA 
17 3 49 0.700000 0 5 1 1 0.920503 0 7 2 392 413 1 546 431 3 390 314 5 590 352 6 473 441 NA NA NA NA NA NA NA NA NA 
17 3 50 0.700000 0 2 0 0 0.636802 1 6 8 591 347 6 484 318 NA NA NA NA NA NA NA NA NA NA NA NA NA NA NA NA NA NA 
17 3 51 0.700000 0 2 1 1 0.690076 0 3 2 556 304 10 440 399 NA NA NA NA NA NA NA NA NA NA NA NA NA NA NA NA NA NA 
17 3 52 0.700000 0 8 1 0 1.032973 4 2 1 427 401 5 391 447 8 467 323 9 493 464 6 523 307 3 631 434 7 397 307 10 611 364 
17 3 53 0.700000 0 5 1 1 1.405904 2 4 7 394 301 3 449 458 6 390 468 2 538 330 8 599 368 NA NA NA NA NA NA NA NA NA 
17 3 54 0.700000 0 8 1 1 0.784517 5 7 6 493 303 9 425 370 5 614 379 1 594 436 2 567 306 10 401 452 8 461 430 3 531 467 
17 3 55 0.700000 0 8 0 0 0.888008 1 1 3 462 415 1 631 405 7 600 333 9 605 461 6 397 322 5 525 473 4 460 340 8 392 388 
17 3 56 0.700000 0 2 1 1 0.543247 1 4 8 545 472 3 461 350 NA NA NA NA NA NA NA NA NA NA NA NA NA NA NA NA NA NA 
17 3 57 0.700000 0 5 1 1 1.044478 2 4 3 415 348 5 576 409 7 488 311 10 409 440 6 575 335 NA NA NA NA NA NA NA NA NA 
17 3 58 0.700000 0 2 1 1 0.510247 1 6 10 453 365 5 509 303 NA NA NA NA NA NA NA NA NA NA NA NA NA NA NA NA NA NA 
17 3 59 0.700000 0 8 0 0 1.031408 6 1 2 466 299 10 431 422 3 405 307 7 535 438 9 609 365 6 623 297 1 612 430 8 558 313 
17 4 0 0.500000 0 8 1 0 0.775438 7 9 2 476 326 3 392 315 6 414 415 4 569 307 7 504 455 1 601 397 10 590 463 8 411 473 
17 4 1 0.500000 0 5 1 1 1.071992 0 9 2 605 373 6 417 365 8 587 441 7 507 446 4 481 303 NA NA NA NA NA NA NA NA NA 
17 4 2 0.500000 0 2 0 0 0.708009 1 4 5 421 383 4 546 319 NA NA NA NA NA NA NA NA NA NA NA NA NA NA NA NA NA NA 
17 4 3 0.500000 0 2 1 1 0.593845 0 4 10 614 472 2 609 375 NA NA NA NA NA NA NA NA NA NA NA NA NA NA NA NA NA NA 
17 4 4 0.500000 0 8 0 0 1.291743 4 8 7 553 333 10 444 397 1 610 408 6 485 332 8 525 474 2 607 471 9 428 456 5 613 309 
17 4 5 0.500000 0 5 0 0 0.879325 0 9 9 586 343 1 636 451 5 404 301 8 470 329 7 427 374 NA NA NA NA NA NA NA NA NA 
17 4 6 0.500000 0 8 0 0 1.422302 3 7 5 565 356 3 478 298 4 626 294 7 462 470 10 399 458 1 585 451 8 402 294 6 409 393 
17 4 7 0.500000 0 2 0 0 0.753306 0 8 8 553 438 3 601 334 NA NA NA NA NA NA NA NA NA NA NA NA NA NA NA NA NA NA 
17 4 8 0.500000 0 5 1 1 1.091898 2 8 4 438 350 5 490 300 3 626 439 9 430 444 7 594 368 NA NA NA NA NA NA NA NA NA 
17 4 9 0.500000 0 5 0 0 1.001608 2 8 4 484 465 7 442 374 8 388 462 10 579 331 1 455 305 NA NA NA NA NA NA NA NA NA 
17 4 10 0.500000 0 8 1 1 1.195847 3 5 8 560 424 10 413 354 6 625 307 1 441 444 4 635 444 9 513 466 3 567 315 2 510 301 
17 4 11 0.500000 0 8 0 0 0.891930 2 1 10 623 320 7 401 341 1 507 474 9 451 305 6 448 429 5 623 379 2 531 310 3 589 473 
17 4 12 0.500000 0 2 1 1 0.491583 1 1 2 445 432 6 559 317 NA NA NA NA NA NA NA NA NA NA NA NA NA NA NA NA NA NA 
17 4 13 0.500000 0 8 1 1 1.322673 0 7 2 424 415 6 631 436 5 428 348 8 478 294 9 552 440 1 592 366 4 455 470 10 585 300 
17 4 14 0.500000 0 2 0 0 0.443772 1 7 2 614 399 7 430 464 NA NA NA NA NA NA NA NA NA NA NA NA NA NA NA NA NA NA 
17 4 15 0.500000 0 5 0 0 1.487278 2 10 6 389 323 9 461 464 10 635 313 3 566 418 2 419 386 NA NA NA NA NA NA NA NA NA 
17 4 16 0.500000 0 2 1 1 0.646367 1 8 4 576 411 10 412 378 NA NA NA NA NA NA NA NA NA NA NA NA NA NA NA NA NA NA 
17 4 17 0.500000 0 5 0 0 1.145691 4 1 5 463 323 3 584 324 10 454 439 6 542 464 1 411 384 NA NA NA NA NA NA NA NA NA 
17 4 18 0.500000 0 2 1 1 0.674358 1 4 1 455 397 3 591 366 NA NA NA NA NA NA NA NA NA NA NA NA NA NA NA NA NA NA 
17 4 19 0.500000 0 2 0 0 0.819373 1 5 8 475 325 5 495 467 NA NA NA NA NA NA NA NA NA NA NA NA NA NA NA NA NA NA 
17 4 20 0.500000 0 5 0 0 0.951149 3 4 5 588 316 7 601 398 1 450 405 4 476 323 10 388 369 NA NA NA NA NA NA NA NA NA 
17 4 21 0.500000 0 5 1 1 0.788094 1 4 5 603 320 3 622 408 10 543 299 7 401 297 6 574 449 NA NA NA NA NA NA NA NA NA 
17 4 22 0.500000 0 8 0 0 1.084943 6 2 1 420 394 7 577 327 8 573 394 5 422 336 3 456 448 9 513 465 2 605 456 4 516 311 
17 4 23 0.500000 0 2 1 1 0.808464 0 2 3 392 356 6 628 302 NA NA NA NA NA NA NA NA NA NA NA NA NA NA NA NA NA NA 
17 4 24 0.500000 0 8 0 1 1.278074 0 3 3 549 448 8 615 375 10 435 448 7 441 314 5 575 329 1 392 392 2 633 455 4 520 302 
17 4 25 0.500000 0 8 0 1 0.940360 0 10 10 450 360 9 515 442 2 585 467 8 634 346 5 581 401 1 511 305 7 400 319 6 407 471 
17 4 26 0.500000 0 8 1 1 0.805034 2 3 9 570 391 6 412 418 7 496 321 1 451 472 4 524 441 10 426 330 5 608 437 2 619 306 
17 4 27 0.500000 0 2 0 0 0.593187 0 8 8 407 295 2 559 335 NA NA NA NA NA NA NA NA NA NA NA NA NA NA NA NA NA NA 
17 4 28 0.500000 0 8 0 0 1.165234 2 1 3 447 432 2 531 327 1 568 448 6 474 308 4 387 314 5 602 356 7 510 449 10 619 414 
17 4 29 0.500000 0 5 0 0 0.930659 3 5 4 398 343 2 538 331 3 618 305 5 541 441 6 416 429 NA NA NA NA NA NA NA NA NA 
17 4 30 0.500000 0 8 0 0 0.848427 6 9 2 577 401 7 549 335 6 618 308 10 448 308 3 449 461 8 612 449 9 389 392 4 516 466 
17 4 31 0.500000 0 2 0 0 0.883610 0 9 9 634 312 7 585 407 NA NA NA NA NA NA NA NA NA NA NA NA NA NA NA NA NA NA 
17 4 32 0.500000 0 8 1 1 0.761938 2 6 2 543 454 5 623 419 4 534 325 10 598 303 9 442 305 8 423 360 3 440 439 7 571 375 
17 4 33 0.500000 0 2 1 1 0.580537 0 6 8 430 354 3 422 419 NA NA NA NA NA NA NA NA NA NA NA NA NA NA NA NA NA NA 
17 4 34 0.500000 0 2 1 1 0.661164 0 3 7 411 343 9 401 440 NA NA NA NA NA NA NA NA NA NA NA NA NA NA NA NA NA NA 
17 4 35 0.500000 0 5 1 1 0.669161 4 6 4 428 454 10 582 316 5 422 370 9 564 469 7 632 441 NA NA NA NA NA NA NA NA NA 
17 4 36 0.500000 0 8 1 1 1.118835 7 3 4 457 345 2 633 431 6 393 390 9 452 431 8 568 417 10 554 311 5 408 299 1 391 453 
17 4 37 0.500000 0 2 1 1 0.615551 1 4 8 555 450 5 580 348 NA NA NA NA NA NA NA NA NA NA NA NA NA NA NA NA NA NA 
17 4 38 0.500000 0 5 0 0 1.062276 2 9 7 627 310 6 506 458 9 389 337 10 437 398 4 553 298 NA NA NA NA NA NA NA NA NA 
17 4 39 0.500000 0 2 0 0 0.768979 0 2 2 603 378 7 605 458 NA NA NA NA NA NA NA NA NA NA NA NA NA NA NA NA NA NA 
17 4 40 0.500000 0 8 1 1 0.909945 5 7 4 609 374 2 459 320 5 591 447 6 387 337 9 420 410 3 563 299 10 526 462 8 451 460 
17 4 41 0.500000 0 2 0 0 0.944500 1 9 7 455 411 9 634 439 NA NA NA NA NA NA NA NA NA NA NA NA NA NA NA NA NA NA 
17 4 42 0.500000 0 8 1 1 1.262210 1 5 4 481 330 9 416 419 3 615 401 2 544 312 7 621 318 6 473 445 1 410 357 8 540 468 
17 4 43 0.500000 0 2 0 0 0.930490 0 10 10 520 299 9 476 431 NA NA NA NA NA NA NA NA NA NA NA NA NA NA NA NA NA NA 
17 4 44 0.500000 0 8 1 1 1.032593 2 2 10 471 306 4 412 451 8 592 414 5 494 456 6 551 300 1 448 403 3 624 344 7 406 352 
17 4 45 0.500000 0 5 1 1 1.266048 0 9 3 428 417 7 584 314 2 562 470 5 498 460 8 415 316 NA NA NA NA NA NA NA NA NA 
17 4 46 0.500000 0 8 1 1 1.003633 5 10 3 425 418 2 595 306 1 548 473 7 601 422 9 415 324 4 524 324 8 636 349 6 478 442 
17 4 47 0.500000 0 5 0 0 1.036335 3 7 9 411 410 3 628 332 2 390 471 7 573 371 6 422 297 NA NA NA NA NA NA NA NA NA 
17 4 48 0.500000 0 5 1 1 1.158903 4 3 2 484 463 9 612 460 1 472 337 10 602 316 7 391 321 NA NA NA NA NA NA NA NA NA 
17 4 49 0.500000 0 5 1 1 1.167334 1 10 9 390 344 8 608 333 3 411 413 7 493 328 1 553 471 NA NA NA NA NA NA NA NA NA 
17 4 50 0.500000 0 8 0 0 0.939250 7 3 10 481 456 2 577 428 1 400 328 8 567 323 7 416 449 5 628 372 4 634 297 3 402 390 
17 4 51 0.500000 0 2 0 0 0.930243 0 6 6 418 403 9 612 459 NA NA NA NA NA NA NA NA NA NA NA NA NA NA NA NA NA NA 
17 4 52 0.500000 0 5 0 0 0.960457 2 6 10 517 466 7 523 294 6 634 407 8 628 336 5 450 441 NA NA NA NA NA NA NA NA NA 
17 4 53 0.500000 0 2 1 1 0.769782 0 3 9 410 395 4 450 310 NA NA NA NA NA NA NA NA NA NA NA NA NA NA NA NA NA NA 
17 4 54 0.500000 0 5 1 0 1.530810 3 2 6 504 464 8 549 332 10 620 457 7 587 389 5 427 389 NA NA NA NA NA NA NA NA NA 
17 4 55 0.500000 0 5 1 1 0.684676 1 3 2 513 294 10 637 395 9 637 299 8 434 404 7 407 470 NA NA NA NA NA NA NA NA NA 
17 4 56 0.500000 0 5 1 1 0.889740 1 8 7 448 332 6 462 463 3 520 299 5 403 459 4 580 433 NA NA NA NA NA NA NA NA NA 
17 4 57 0.500000 0 8 0 1 1.335196 3 9 8 415 455 6 561 301 10 474 318 9 398 331 1 508 464 5 623 375 7 431 384 2 577 414 
17 4 58 0.500000 0 5 0 0 1.023106 0 5 5 535 324 4 579 394 6 413 301 3 472 430 7 532 451 NA NA NA NA NA NA NA NA NA 
17 4 59 0.500000 0 2 1 1 0.576184 1 7 6 444 427 3 564 426 NA NA NA NA NA NA NA NA NA NA NA NA NA NA NA NA NA NA 
17 5 0 0.300000 0 2 0 0 0.758475 1 5 10 564 349 5 454 394 NA NA NA NA NA NA NA NA NA NA NA NA NA NA NA NA NA NA 
17 5 1 0.300000 0 5 0 0 0.706304 1 4 10 604 469 4 466 332 1 426 396 8 471 461 5 600 401 NA NA NA NA NA NA NA NA NA 
17 5 2 0.300000 0 2 0 0 0.615011 0 3 3 526 314 1 421 338 NA NA NA NA NA NA NA NA NA NA NA NA NA NA NA NA NA NA 
17 5 3 0.300000 0 8 1 1 0.804622 0 9 6 603 331 10 401 368 3 600 452 7 442 306 4 444 463 1 513 468 8 521 314 2 574 388 
17 5 4 0.300000 0 2 0 0 0.833794 1 1 2 428 357 1 406 429 NA NA NA NA NA NA NA NA NA NA NA NA NA NA NA NA NA NA 
17 5 5 0.300000 0 2 1 1 0.721625 0 5 3 600 464 8 434 323 NA NA NA NA NA NA NA NA NA NA NA NA NA NA NA NA NA NA 
17 5 6 0.300000 0 8 0 1 0.895705 3 3 8 446 343 9 520 474 10 582 361 3 532 319 6 634 401 4 420 407 1 387 464 7 615 467 
17 5 7 0.300000 0 5 0 0 0.853084 4 4 5 568 402 2 602 463 6 419 420 3 444 335 4 516 467 NA NA NA NA NA NA NA NA NA 
17 5 8 0.300000 0 2 1 1 0.723763 1 5 1 605 468 10 399 426 NA NA NA NA NA NA NA NA NA NA NA NA NA NA NA NA NA NA 
17 5 9 0.300000 0 2 0 0 0.630245 1 7 9 600 379 7 434 307 NA NA NA NA NA NA NA NA NA NA NA NA NA NA NA NA NA NA 
17 5 10 0.300000 0 2 1 1 0.728600 1 4 3 458 331 2 608 375 NA NA NA NA NA NA NA NA NA NA NA NA NA NA NA NA NA NA 
17 5 11 0.300000 0 2 0 0 0.808561 1 1 7 494 299 1 407 315 NA NA NA NA NA NA NA NA NA NA NA NA NA NA NA NA NA NA 
17 5 12 0.300000 0 8 0 1 1.092024 3 8 7 622 472 2 636 301 5 412 447 8 526 307 6 571 433 1 621 360 4 412 374 3 468 471 
17 5 13 0.300000 0 8 1 1 0.785622 3 5 3 448 374 1 400 418 10 597 391 8 517 319 4 531 464 6 622 456 9 634 307 7 395 333 
17 5 14 0.300000 0 8 1 1 0.843458 0 5 2 450 387 3 537 316 8 444 323 9 552 439 6 610 338 10 425 470 4 387 387 1 571 384 
17 5 15 0.300000 0 2 1 1 0.608066 0 5 3 405 460 10 583 454 NA NA NA NA NA NA NA NA NA NA NA NA NA NA NA NA NA NA 
17 5 16 0.300000 0 8 0 0 0.748644 3 1 6 476 338 4 397 315 9 525 306 1 568 402 10 409 388 3 550 461 8 626 336 5 454 457 
17 5 17 0.300000 0 8 1 1 0.747415 5 7 10 531 468 2 395 378 8 429 439 6 604 310 1 478 302 4 538 308 5 599 404 9 420 295 
17 5 18 0.300000 0 2 0 0 0.754608 1 8 4 456 312 8 411 356 NA NA NA NA NA NA NA NA NA NA NA NA NA NA NA NA NA NA 
17 5 19 0.300000 0 2 1 1 0.479202 0 1 4 594 433 5 400 314 NA NA NA NA NA NA NA NA NA NA NA NA NA NA NA NA NA NA 
17 5 20 0.300000 0 5 0 0 1.279789 0 2 2 415 309 3 409 463 9 596 327 10 621 445 4 560 441 NA NA NA NA NA NA NA NA NA 
17 5 21 0.300000 0 8 1 1 0.574836 0 5 9 593 352 7 498 463 8 407 324 3 424 409 1 621 460 4 634 396 10 515 326 6 562 428 
17 5 22 0.300000 0 5 0 0 0.874155 2 10 3 407 457 6 461 345 10 589 371 1 552 458 5 587 307 NA NA NA NA NA NA NA NA NA 
17 5 23 0.300000 0 5 0 0 0.907015 0 8 8 416 360 4 548 326 9 623 368 7 479 471 3 475 294 NA NA NA NA NA NA NA NA NA 
17 5 24 0.300000 0 2 0 0 0.641136 1 5 9 455 353 5 540 465 NA NA NA NA NA NA NA NA NA NA NA NA NA NA NA NA NA NA 
17 5 25 0.300000 0 8 0 0 0.728886 0 3 3 623 401 8 568 456 6 412 421 2 399 361 9 505 298 1 573 340 10 493 462 5 627 302 
17 5 26 0.300000 0 5 0 0 0.995367 2 4 3 535 309 6 628 315 4 445 322 1 454 409 8 598 398 NA NA NA NA NA NA NA NA NA 
17 5 27 0.300000 0 2 0 0 0.676516 1 2 7 585 466 2 618 334 NA NA NA NA NA NA NA NA NA NA NA NA NA NA NA NA NA NA 
17 5 28 0.300000 0 5 0 0 0.802975 3 3 6 388 364 9 496 452 4 468 325 3 573 318 5 613 365 NA NA NA NA NA NA NA NA NA 
17 5 29 0.300000 0 5 0 0 1.215445 1 4 7 576 451 4 398 448 6 572 322 8 447 395 10 633 319 NA NA NA NA NA NA NA NA NA 
17 5 30 0.300000 0 8 0 1 0.828839 3 5 4 413 429 3 611 430 1 611 353 5 472 314 9 470 459 8 401 319 6 563 302 10 562 463 
17 5 31 0.300000 0 8 0 0 1.101620 0 9 9 431 397 8 542 324 7 629 332 2 401 457 6 580 450 10 479 306 4 478 457 1 633 408 
17 5 32 0.300000 0 2 0 0 0.641851 0 7 7 599 419 1 621 301 NA NA NA NA NA NA NA NA NA NA NA NA NA NA NA NA NA NA 
17 5 33 0.300000 0 2 0 0 0.670991 1 8 4 523 301 8 459 352 NA NA NA NA NA NA NA NA NA NA NA NA NA NA NA NA NA NA 
17 5 34 0.300000 0 8 0 0 0.713952 7 8 3 394 441 9 463 310 6 607 358 10 450 473 7 522 303 2 388 349 5 517 454 8 632 426 
17 5 35 0.300000 0 8 0 0 0.821594 0 9 9 478 335 7 631 444 5 561 425 2 408 361 4 433 415 3 558 334 6 485 469 8 611 372 
17 5 36 0.300000 0 8 0 1 0.948687 4 7 3 455 469 1 633 410 9 419 389 10 588 300 7 569 461 8 589 369 6 392 470 5 490 295 
17 5 37 0.300000 0 8 1 1 0.858802 2 4 5 497 307 7 444 461 10 625 417 3 630 321 2 542 445 9 426 363 8 400 421 6 393 301 
17 5 38 0.300000 0 8 0 0 1.437883 2 5 2 443 358 1 451 449 5 607 436 4 567 302 9 620 358 3 543 458 10 480 302 6 387 303 
17 5 39 0.300000 0 2 0 0 0.677833 0 8 8 573 444 5 507 312 NA NA NA NA NA NA NA NA NA NA NA NA NA NA NA NA NA NA 
17 5 40 0.300000 0 5 0 0 0.844877 0 9 9 622 362 4 411 465 3 452 297 5 614 458 7 547 315 NA NA NA NA NA NA NA NA NA 
17 5 41 0.300000 0 8 0 1 1.447429 4 9 7 575 432 2 637 414 1 601 324 6 444 438 9 435 332 8 489 303 3 517 467 10 408 388 
17 5 42 0.300000 0 2 0 0 0.606668 1 4 2 393 340 4 583 425 NA NA NA NA NA NA NA NA NA NA NA NA NA NA NA NA NA NA 
17 5 43 0.300000 0 5 1 1 0.607659 2 3 4 570 425 10 474 329 9 432 376 7 389 306 8 579 338 NA NA NA NA NA NA NA NA NA 
17 5 44 0.300000 0 8 0 0 1.331349 7 4 5 590 349 8 633 456 6 475 301 3 482 443 7 410 384 2 550 429 10 403 326 4 561 297 
17 5 45 0.300000 0 5 0 0 0.649278 2 9 3 452 322 8 578 355 9 627 387 1 568 432 10 473 453 NA NA NA NA NA NA NA NA NA 
17 5 46 0.300000 0 5 1 1 0.713735 2 3 7 590 300 9 469 460 6 525 299 4 585 439 5 627 358 NA NA NA NA NA NA NA NA NA 
17 5 47 0.300000 0 8 0 0 1.343520 3 6 10 621 454 4 523 465 9 455 373 6 613 338 7 397 391 1 546 327 3 454 468 5 575 417 
17 5 48 0.300000 0 5 0 0 0.901521 1 6 2 603 376 6 557 438 5 451 376 4 487 296 8 402 434 NA NA NA NA NA NA NA NA NA 
17 5 49 0.300000 0 8 0 0 1.029895 6 6 2 626 317 1 586 426 10 475 319 5 499 452 9 396 460 3 416 374 6 552 323 4 445 426 
17 5 50 0.300000 0 2 1 1 0.571655 0 10 9 635 349 2 392 418 NA NA NA NA NA NA NA NA NA NA NA NA NA NA NA NA NA NA 
17 5 51 0.300000 0 2 0 0 0.717729 0 7 7 549 429 10 616 373 NA NA NA NA NA NA NA NA NA NA NA NA NA NA NA NA NA NA 
17 5 52 0.300000 0 5 0 0 1.336560 3 3 8 427 309 2 601 462 6 632 371 3 582 328 10 471 466 NA NA NA NA NA NA NA NA NA 
17 5 53 0.300000 0 5 0 0 0.733160 1 7 1 493 300 7 486 467 3 562 434 9 549 316 2 394 458 NA NA NA NA NA NA NA NA NA 
17 5 54 0.300000 0 5 1 1 0.868936 1 2 1 409 321 5 516 318 8 617 384 4 588 302 3 559 464 NA NA NA NA NA NA NA NA NA 
17 5 55 0.300000 0 5 1 1 1.001438 4 9 4 609 409 3 457 345 8 563 457 2 568 296 10 421 439 NA NA NA NA NA NA NA NA NA 
17 5 56 0.300000 0 5 0 0 1.386767 3 9 1 601 364 7 607 450 4 390 367 9 460 303 8 412 466 NA NA NA NA NA NA NA NA NA 
17 5 57 0.300000 0 5 1 1 1.858568 2 6 3 598 304 10 447 459 8 609 375 5 637 428 1 460 341 NA NA NA NA NA NA NA NA NA 
17 5 58 0.300000 0 2 0 0 0.517599 0 10 10 390 359 7 619 346 NA NA NA NA NA NA NA NA NA NA NA NA NA NA NA NA NA NA 
17 5 59 0.300000 0 5 1 1 0.814208 1 8 3 631 406 2 483 443 7 513 313 10 430 370 5 421 471 NA NA NA NA NA NA NA NA NA 
17 6 0 0.700000 0 8 1 1 0.730436 0 5 9 581 320 2 453 411 8 580 467 10 419 337 4 398 473 6 637 449 1 582 392 3 519 446 
17 6 1 0.700000 0 2 1 1 0.572686 0 7 9 597 340 10 465 295 NA NA NA NA NA NA NA NA NA NA NA NA NA NA NA NA NA NA 
17 6 2 0.700000 0 2 0 1 1.017642 1 2 4 421 348 2 467 437 NA NA NA NA NA NA NA NA NA NA NA NA NA NA NA NA NA NA 
17 6 3 0.700000 0 2 1 1 0.656163 0 3 1 541 448 8 457 446 NA NA NA NA NA NA NA NA NA NA NA NA NA NA NA NA NA NA 
17 6 4 0.700000 0 2 1 1 0.627081 1 3 2 537 462 7 574 375 NA NA NA NA NA NA NA NA NA NA NA NA NA NA NA NA NA NA 
17 6 5 0.700000 0 5 0 0 1.200875 0 2 2 473 312 10 615 392 3 581 336 7 407 386 4 510 471 NA NA NA NA NA NA NA NA NA 
17 6 6 0.700000 0 5 0 0 1.129876 0 9 9 447 416 1 555 430 8 510 310 10 631 296 4 407 328 NA NA NA NA NA NA NA NA NA 
17 6 7 0.700000 0 5 1 1 0.715140 4 5 6 622 442 3 445 425 8 621 304 9 451 361 2 462 303 NA NA NA NA NA NA NA NA NA 
17 6 8 0.700000 0 2 1 1 0.683227 1 9 1 596 403 3 397 312 NA NA NA NA NA NA NA NA NA NA NA NA NA NA NA NA NA NA 
17 6 9 0.700000 0 5 1 1 0.908481 4 9 4 539 309 8 403 361 10 620 311 3 591 425 2 445 308 NA NA NA NA NA NA NA NA NA 
17 6 10 0.700000 0 2 1 1 0.478262 0 1 4 429 379 6 429 312 NA NA NA NA NA NA NA NA NA NA NA NA NA NA NA NA NA NA 
17 6 11 0.700000 0 5 1 1 0.947701 3 1 8 465 323 5 395 332 7 492 446 10 575 367 4 624 451 NA NA NA NA NA NA NA NA NA 
17 6 12 0.700000 0 2 0 0 0.540059 0 5 5 433 347 10 565 359 NA NA NA NA NA NA NA NA NA NA NA NA NA NA NA NA NA NA 
17 6 13 0.700000 0 8 0 0 0.989806 1 1 4 637 320 1 419 297 3 625 397 2 404 462 8 635 464 10 568 357 9 428 397 6 519 312 
17 6 14 0.700000 0 2 0 0 0.587718 0 9 9 450 467 7 486 295 NA NA NA NA NA NA NA NA NA NA NA NA NA NA NA NA NA NA 
17 6 15 0.700000 0 5 1 1 0.717582 2 5 8 408 355 1 637 438 7 607 375 4 450 418 10 559 472 NA NA NA NA NA NA NA NA NA 
17 6 16 0.700000 0 2 1 1 1.040006 1 2 3 582 299 10 418 367 NA NA NA NA NA NA NA NA NA NA NA NA NA NA NA NA NA NA 
17 6 17 0.700000 0 8 1 1 0.841408 1 1 4 526 317 7 632 378 9 428 312 3 594 438 10 520 463 5 456 471 6 580 345 8 403 441 
17 6 18 0.700000 0 8 1 1 0.866385 6 10 9 590 294 2 420 424 8 606 426 1 463 322 6 488 459 5 396 329 4 531 306 7 581 362 
17 6 19 0.700000 0 5 1 1 0.754498 1 2 3 413 452 5 602 387 9 410 367 4 545 462 1 611 463 NA NA NA NA NA NA NA NA NA 
17 6 20 0.700000 0 5 1 1 1.493441 1 2 9 632 318 4 403 393 7 494 314 6 432 308 8 624 447 NA NA NA NA NA NA NA NA NA 
17 6 21 0.700000 0 5 0 0 1.367965 4 10 5 424 382 3 635 462 2 560 346 8 515 466 10 494 298 NA NA NA NA NA NA NA NA NA 
17 6 22 0.700000 0 5 1 1 0.675542 0 9 6 606 452 5 403 441 10 606 389 1 512 463 8 472 311 NA NA NA NA NA NA NA NA NA 
17 6 23 0.700000 0 2 0 0 0.821617 1 1 4 490 328 1 437 358 NA NA NA NA NA NA NA NA NA NA NA NA NA NA NA NA NA NA 
17 6 24 0.700000 0 2 1 1 0.690315 1 1 6 636 390 10 596 467 NA NA NA NA NA NA NA NA NA NA NA NA NA NA NA NA NA NA 
17 6 25 0.700000 0 8 0 1 1.203225 5 5 4 480 315 6 460 415 2 629 339 7 546 450 9 402 327 5 394 451 1 582 302 8 575 363 
17 6 26 0.700000 0 8 1 1 0.730460 2 9 10 461 415 4 613 328 5 566 294 3 474 323 1 549 463 8 407 447 6 608 459 2 415 302 
17 6 27 0.700000 0 5 0 0 0.955380 1 10 5 582 408 10 389 454 7 473 472 3 412 359 8 590 332 NA NA NA NA NA NA NA NA NA 
17 6 28 0.700000 0 8 1 1 0.883365 2 4 2 585 383 8 476 435 1 406 381 5 414 454 3 581 321 9 620 466 10 415 299 7 469 321 
17 6 29 0.700000 0 8 0 0 0.808352 1 8 5 587 332 8 397 385 7 397 457 9 569 418 1 458 361 10 622 461 4 495 448 3 402 299 
17 6 30 0.700000 0 5 1 1 0.668007 3 3 4 612 398 9 436 363 6 459 470 2 529 447 7 411 423 NA NA NA NA NA NA NA NA NA 
17 6 31 0.700000 0 5 1 1 0.820107 0 8 4 388 412 5 589 454 3 398 309 9 594 321 1 463 417 NA NA NA NA NA NA NA NA NA 
17 6 32 0.700000 0 5 1 1 0.766571 4 4 2 471 312 8 542 331 5 498 470 9 387 306 1 462 421 NA NA NA NA NA NA NA NA NA 
17 6 33 0.700000 0 8 1 0 1.156978 3 9 10 464 438 4 615 319 3 598 404 7 425 310 8 558 341 6 505 314 2 396 424 1 450 372 
17 6 34 0.700000 0 2 1 1 0.585997 0 4 6 576 449 10 557 326 NA NA NA NA NA NA NA NA NA NA NA NA NA NA NA NA NA NA 
17 6 35 0.700000 0 5 0 0 0.944344 0 4 4 628 469 5 492 455 10 422 354 3 608 376 6 574 301 NA NA NA NA NA NA NA NA NA 
17 6 36 0.700000 0 8 1 1 1.377288 6 7 6 622 431 2 507 326 9 403 447 1 608 294 10 616 365 8 474 455 4 438 350 3 555 432 
17 6 37 0.700000 0 2 1 1 0.662551 1 2 1 607 369 10 435 466 NA NA NA NA NA NA NA NA NA NA NA NA NA NA NA NA NA NA 
17 6 38 0.700000 0 5 1 1 0.717130 2 5 1 612 338 6 451 411 7 577 469 8 421 316 10 628 395 NA NA NA NA NA NA NA NA NA 
17 6 39 0.700000 0 2 1 1 0.615546 0 6 1 571 371 4 518 296 NA NA NA NA NA NA NA NA NA NA NA NA NA NA NA NA NA NA 
17 6 40 0.700000 0 5 0 0 1.071935 2 5 9 566 408 3 617 376 5 423 344 2 605 468 6 461 460 NA NA NA NA NA NA NA NA NA 
17 6 41 0.700000 0 8 0 1 1.073265 3 8 3 601 296 10 387 351 4 591 379 8 454 309 2 428 432 7 569 434 5 632 422 6 538 324 
17 6 42 0.700000 0 5 1 1 1.126612 0 7 9 612 457 6 578 298 4 408 388 10 494 467 3 430 445 NA NA NA NA NA NA NA NA NA 
17 6 43 0.700000 0 8 1 1 0.813375 0 1 6 554 324 9 400 295 2 431 370 3 549 450 8 625 384 5 480 315 10 626 472 7 461 431 
17 6 44 0.700000 0 8 1 1 0.687487 0 5 2 502 305 1 586 342 4 516 443 3 387 303 9 571 474 6 437 348 8 635 421 7 457 461 
17 6 45 0.700000 0 8 1 1 0.745112 3 7 6 391 346 9 626 438 10 413 471 4 465 319 8 587 308 5 529 446 2 626 369 1 455 398 
17 6 46 0.700000 0 8 0 0 0.744189 0 4 4 579 385 8 398 347 1 453 384 6 495 317 5 505 459 10 411 466 7 612 322 2 636 455 
17 6 47 0.700000 0 2 0 0 0.804972 0 5 5 595 315 6 387 454 NA NA NA NA NA NA NA NA NA NA NA NA NA NA NA NA NA NA 
17 6 48 0.700000 0 2 1 1 0.501521 0 4 7 442 411 5 441 330 NA NA NA NA NA NA NA NA NA NA NA NA NA NA NA NA NA NA 
17 6 49 0.700000 0 8 1 1 1.216667 3 10 8 584 348 6 499 325 1 419 469 5 416 365 4 616 442 3 485 451 7 554 466 2 628 305 
17 6 50 0.700000 0 2 1 1 0.836304 0 4 1 600 347 10 620 412 NA NA NA NA NA NA NA NA NA NA NA NA NA NA NA NA NA NA 
17 6 51 0.700000 0 8 1 0 0.986877 4 4 8 459 304 9 460 426 5 597 313 1 395 387 6 618 415 10 571 464 2 396 457 7 510 466 
17 6 52 0.700000 0 5 1 1 0.995840 3 6 8 473 428 4 601 463 5 596 327 3 515 321 2 417 406 NA NA NA NA NA NA NA NA NA 
17 6 53 0.700000 0 8 1 1 1.007413 0 9 7 625 329 8 607 395 2 532 468 1 391 460 4 463 451 10 446 305 6 414 404 5 607 453 
17 6 54 0.700000 0 8 1 1 1.516498 7 9 6 539 441 5 415 397 2 619 413 3 623 327 10 411 336 8 512 299 4 388 456 1 455 448 
17 6 55 0.700000 0 8 0 0 1.260061 1 8 5 594 377 8 540 310 1 408 359 4 445 423 3 569 445 9 494 472 10 609 309 6 454 320 
17 6 56 0.700000 0 2 0 0 0.665576 1 1 4 393 326 1 501 441 NA NA NA NA NA NA NA NA NA NA NA NA NA NA NA NA NA NA 
17 6 57 0.700000 0 2 1 1 0.687305 1 9 7 421 422 6 473 326 NA NA NA NA NA NA NA NA NA NA NA NA NA NA NA NA NA NA 
17 6 58 0.700000 0 2 1 1 1.309074 0 6 5 411 302 10 624 457 NA NA NA NA NA NA NA NA NA NA NA NA NA NA NA NA NA NA 
17 6 59 0.700000 0 5 1 1 0.808276 4 4 8 462 419 1 570 464 6 497 474 10 417 472 5 600 398 NA NA NA NA NA NA NA NA NA 
17 7 0 0.300000 0 5 0 0 1.505756 2 10 7 583 353 2 449 385 10 610 406 5 518 444 1 430 440 NA NA NA NA NA NA NA NA NA 
17 7 1 0.300000 0 2 0 0 0.585029 0 2 2 421 312 5 604 389 NA NA NA NA NA NA NA NA NA NA NA NA NA NA NA NA NA NA 
17 7 2 0.300000 0 5 0 0 0.809099 2 4 3 493 467 6 579 425 4 636 438 8 572 303 1 441 374 NA NA NA NA NA NA NA NA NA 
17 7 3 0.300000 0 2 0 0 0.574318 1 3 5 586 323 3 544 433 NA NA NA NA NA NA NA NA NA NA NA NA NA NA NA NA NA NA 
17 7 4 0.300000 0 5 1 1 0.615248 4 1 4 459 434 10 616 445 9 397 388 8 536 321 5 460 301 NA NA NA NA NA NA NA NA NA 
17 7 5 0.300000 0 2 1 1 0.563128 1 4 7 600 307 9 481 450 NA NA NA NA NA NA NA NA NA NA NA NA NA NA NA NA NA NA 
17 7 6 0.300000 0 2 0 0 0.600446 1 5 10 538 449 5 582 324 NA NA NA NA NA NA NA NA NA NA NA NA NA NA NA NA NA NA 
17 7 7 0.300000 0 8 1 1 1.191516 3 10 6 426 419 8 583 358 4 573 425 7 481 474 9 449 295 1 388 467 3 517 318 2 412 350 
17 7 8 0.300000 0 5 1 0 1.109426 4 1 10 629 446 5 612 328 9 580 413 4 464 321 3 402 420 NA NA NA NA NA NA NA NA NA 
17 7 9 0.300000 0 2 1 1 0.468486 0 1 4 478 447 8 437 334 NA NA NA NA NA NA NA NA NA NA NA NA NA NA NA NA NA NA 
17 7 10 0.300000 0 5 1 1 1.228700 1 5 9 514 310 2 444 424 8 596 450 4 392 376 10 581 299 NA NA NA NA NA NA NA NA NA 
17 7 11 0.300000 0 5 1 1 1.699733 1 10 6 471 460 5 538 321 7 530 456 9 605 310 4 589 402 NA NA NA NA NA NA NA NA NA 
17 7 12 0.300000 0 2 1 1 0.564778 1 9 10 428 324 2 555 344 NA NA NA NA NA NA NA NA NA NA NA NA NA NA NA NA NA NA 
17 7 13 0.300000 0 2 0 0 0.509537 0 4 4 405 331 8 543 331 NA NA NA NA NA NA NA NA NA NA NA NA NA NA NA NA NA NA 
17 7 14 0.300000 0 5 0 0 1.029642 2 6 7 636 341 9 596 297 6 427 377 8 605 463 3 547 443 NA NA NA NA NA NA NA NA NA 
17 7 15 0.300000 0 5 0 0 0.905105 2 1 9 543 315 6 458 326 1 451 394 2 416 471 8 488 465 NA NA NA NA NA NA NA NA NA 
17 7 16 0.300000 0 8 0 0 0.791451 2 3 7 589 425 1 401 451 3 572 311 9 410 352 6 598 367 5 457 318 2 455 396 4 513 299 
17 7 17 0.300000 0 5 0 0 0.760725 0 8 8 424 472 4 617 364 9 447 342 1 563 319 5 494 456 NA NA NA NA NA NA NA NA NA 
17 7 18 0.300000 0 8 0 0 0.863899 2 3 5 442 422 2 508 462 3 607 388 8 533 310 7 464 316 6 613 456 1 410 349 4 602 311 
17 7 19 0.300000 0 5 0 0 0.761168 0 4 4 575 408 5 635 465 1 507 468 7 637 304 2 406 313 NA NA NA NA NA NA NA NA NA 
17 7 20 0.300000 0 5 0 0 1.428744 0 10 10 544 442 2 411 366 3 441 444 7 578 331 1 501 321 NA NA NA NA NA NA NA NA NA 
17 7 21 0.300000 0 5 0 0 0.734151 3 9 2 617 442 4 630 327 5 464 325 9 526 322 6 406 450 NA NA NA NA NA NA NA NA NA 
17 7 22 0.300000 0 5 1 1 0.583486 1 1 7 553 426 2 470 465 5 406 404 4 498 305 3 637 413 NA NA NA NA NA NA NA NA NA 
17 7 23 0.300000 0 2 0 0 0.620957 0 1 1 392 340 8 615 380 NA NA NA NA NA NA NA NA NA NA NA NA NA NA NA NA NA NA 
17 7 24 0.300000 0 8 1 1 0.804527 0 6 8 591 468 7 409 405 9 440 467 4 613 295 10 516 319 3 573 374 1 411 321 2 508 461 
17 7 25 0.300000 0 8 1 1 0.798526 6 3 8 426 374 6 480 457 5 627 392 1 615 451 10 480 312 9 554 464 2 550 340 7 609 333 
17 7 26 0.300000 0 2 0 0 0.848555 0 1 1 466 463 10 410 430 NA NA NA NA NA NA NA NA NA NA NA NA NA NA NA NA NA NA 
17 7 27 0.300000 0 5 1 1 1.226817 1 9 1 448 307 2 584 464 5 490 450 3 571 306 7 409 378 NA NA NA NA NA NA NA NA NA 
17 7 28 0.300000 0 2 1 1 0.522224 1 4 7 622 469 6 521 448 NA NA NA NA NA NA NA NA NA NA NA NA NA NA NA NA NA NA 
17 7 29 0.300000 0 2 0 0 0.534247 1 3 7 407 294 3 446 373 NA NA NA NA NA NA NA NA NA NA NA NA NA NA NA NA NA NA 
17 7 30 0.300000 0 2 0 0 1.244905 1 7 9 631 305 7 578 459 NA NA NA NA NA NA NA NA NA NA NA NA NA NA NA NA NA NA 
17 7 31 0.300000 0 8 0 0 1.364604 5 6 7 405 431 4 481 439 5 581 464 8 393 297 3 541 322 6 460 295 9 625 413 2 452 364 
17 7 32 0.300000 0 8 0 1 1.220749 1 7 10 605 426 7 398 310 8 466 328 4 413 425 1 520 472 6 630 373 2 544 300 9 609 301 
17 7 33 0.300000 0 2 0 0 0.443621 1 8 2 540 312 8 396 380 NA NA NA NA NA NA NA NA NA NA NA NA NA NA NA NA NA NA 
17 7 34 0.300000 0 8 0 0 1.154595 1 1 10 576 458 1 622 416 4 473 427 2 425 363 6 570 384 3 501 305 7 563 313 9 619 337 
17 7 35 0.300000 0 8 0 0 0.849550 4 6 2 463 451 5 631 411 9 389 426 4 460 312 6 569 330 8 428 375 3 398 299 1 568 402 
17 7 36 0.300000 0 8 0 0 0.791353 3 4 10 530 455 9 465 327 3 626 447 4 420 411 8 627 312 5 556 337 1 467 464 7 399 301 
17 7 37 0.300000 0 5 0 0 0.716726 3 7 5 575 466 6 446 353 10 468 465 7 525 302 3 391 409 NA NA NA NA NA NA NA NA NA 
17 7 38 0.300000 0 5 0 0 0.691508 0 1 1 618 471 2 581 395 7 577 328 8 458 423 4 421 308 NA NA NA NA NA NA NA NA NA 
17 7 39 0.300000 0 5 0 0 0.845222 4 5 3 494 310 7 573 295 1 435 450 8 399 365 5 610 468 NA NA NA NA NA NA NA NA NA 
17 7 40 0.300000 0 8 0 0 0.745413 2 4 2 410 396 1 449 440 4 551 309 9 489 316 8 610 330 7 584 454 6 420 325 10 507 461 
17 7 41 0.300000 0 8 0 1 0.815522 0 3 3 469 297 4 586 383 10 513 474 5 541 332 7 437 405 6 607 441 8 604 317 1 387 323 
17 7 42 0.300000 0 8 0 0 0.926845 1 8 1 504 320 8 634 353 6 415 454 7 624 450 3 549 432 10 459 411 9 449 301 4 577 303 
17 7 43 0.300000 0 2 1 1 0.603457 1 8 4 627 348 5 612 465 NA NA NA NA NA NA NA NA NA NA NA NA NA NA NA NA NA NA 
17 7 44 0.300000 0 8 1 1 1.160820 1 9 5 575 378 10 399 371 7 594 474 3 581 306 8 456 417 1 457 326 2 528 458 4 620 415 
17 7 45 0.300000 0 8 1 1 1.171178 5 8 3 441 294 10 504 319 2 580 473 5 463 439 7 581 350 9 393 438 6 635 318 4 459 358 
17 7 46 0.300000 0 5 0 1 0.793752 1 6 9 628 345 6 504 442 4 426 337 2 494 305 10 387 393 NA NA NA NA NA NA NA NA NA 
17 7 47 0.300000 0 2 0 0 0.516749 1 4 6 596 382 4 438 311 NA NA NA NA NA NA NA NA NA NA NA NA NA NA NA NA NA NA 
17 7 48 0.300000 0 2 0 0 0.655922 1 3 4 401 377 3 448 421 NA NA NA NA NA NA NA NA NA NA NA NA NA NA NA NA NA NA 
17 7 49 0.300000 0 8 0 0 0.912925 0 1 1 480 329 3 581 318 8 421 410 2 569 402 6 549 459 10 403 314 7 629 400 5 607 474 
17 7 50 0.300000 0 5 0 0 0.849334 4 6 4 621 296 9 519 457 7 417 439 3 428 328 6 632 384 NA NA NA NA NA NA NA NA NA 
17 7 51 0.300000 0 8 1 1 0.850013 2 8 10 584 311 6 441 435 7 586 449 1 406 348 9 518 472 5 480 314 3 603 380 2 387 469 
17 7 52 0.300000 0 2 0 0 0.696573 1 9 1 558 446 9 629 439 NA NA NA NA NA NA NA NA NA NA NA NA NA NA NA NA NA NA 
17 7 53 0.300000 0 2 0 0 0.668698 0 5 5 479 469 2 599 433 NA NA NA NA NA NA NA NA NA NA NA NA NA NA NA NA NA NA 
17 7 54 0.300000 0 8 0 1 2.673450 7 3 10 428 405 5 524 471 6 501 298 1 405 315 4 627 343 8 581 457 7 612 407 3 411 474 
17 7 55 0.300000 0 8 0 0 0.815379 6 3 10 580 310 8 389 400 1 435 296 5 617 360 4 388 469 2 633 422 3 518 451 9 448 445 
17 7 56 0.300000 0 5 0 0 0.885128 3 4 2 635 360 7 521 459 8 404 367 4 616 469 9 581 317 NA NA NA NA NA NA NA NA NA 
17 7 57 0.300000 0 2 1 1 0.601232 1 4 8 512 447 1 594 457 NA NA NA NA NA NA NA NA NA NA NA NA NA NA NA NA NA NA 
17 7 58 0.300000 0 2 0 0 1.219918 1 2 9 525 313 2 540 446 NA NA NA NA NA NA NA NA NA NA NA NA NA NA NA NA NA NA 
17 7 59 0.300000 0 8 0 1 1.072232 0 3 3 396 428 9 433 317 7 603 385 2 574 459 6 456 468 4 547 314 1 444 383 8 633 466 
17 8 0 0.700000 0 5 1 1 0.844328 4 8 9 482 458 7 396 356 4 540 326 6 635 446 10 467 324 NA NA NA NA NA NA NA NA NA 
17 8 1 0.700000 0 2 1 1 0.723705 0 10 5 443 395 3 411 454 NA NA NA NA NA NA NA NA NA NA NA NA NA NA NA NA NA NA 
17 8 2 0.700000 0 5 1 1 0.829374 2 1 8 613 332 10 429 420 4 563 438 7 464 306 3 621 467 NA NA NA NA NA NA NA NA NA 
17 8 3 0.700000 0 5 1 1 0.720375 4 1 4 450 363 5 537 448 2 602 354 9 607 437 3 537 316 NA NA NA NA NA NA NA NA NA 
17 8 4 0.700000 0 5 1 1 0.672359 0 9 7 445 360 6 501 455 2 387 340 8 565 420 1 630 440 NA NA NA NA NA NA NA NA NA 
17 8 5 0.700000 0 2 1 1 0.545350 0 4 7 597 413 3 580 347 NA NA NA NA NA NA NA NA NA NA NA NA NA NA NA NA NA NA 
17 8 6 0.700000 0 8 1 1 0.931834 2 10 6 434 340 4 624 349 5 605 428 3 405 445 1 558 315 2 541 466 8 495 314 9 464 460 
17 8 7 0.700000 0 2 1 1 0.519086 1 6 9 404 351 1 468 434 NA NA NA NA NA NA NA NA NA NA NA NA NA NA NA NA NA NA 
17 8 8 0.700000 0 5 1 1 0.866287 3 5 3 387 322 7 498 466 8 635 411 10 570 327 2 429 463 NA NA NA NA NA NA NA NA NA 
17 8 9 0.700000 0 2 1 1 0.459359 0 8 9 612 388 6 632 455 NA NA NA NA NA NA NA NA NA NA NA NA NA NA NA NA NA NA 
17 8 10 0.700000 0 5 1 1 0.783969 2 8 5 611 324 4 584 389 9 609 450 2 547 313 10 431 410 NA NA NA NA NA NA NA NA NA 
17 8 11 0.700000 0 5 0 0 1.080197 3 2 1 502 449 6 474 332 7 444 407 2 560 322 10 617 399 NA NA NA NA NA NA NA NA NA 
17 8 12 0.700000 0 5 1 1 0.610612 3 8 3 589 324 5 580 411 10 446 365 9 510 296 7 626 370 NA NA NA NA NA NA NA NA NA 
17 8 13 0.700000 0 5 1 1 0.947692 2 10 4 620 405 9 393 440 3 545 294 6 560 459 1 484 316 NA NA NA NA NA NA NA NA NA 
17 8 14 0.700000 0 8 1 1 1.054787 3 5 7 571 459 1 462 299 4 408 377 8 616 345 3 424 454 9 485 465 10 548 295 2 635 440 
17 8 15 0.700000 0 5 1 1 1.215659 0 8 3 570 370 2 477 331 1 393 324 5 467 453 9 628 363 NA NA NA NA NA NA NA NA NA 
17 8 16 0.700000 0 2 1 1 0.734875 1 1 5 464 325 6 596 329 NA NA NA NA NA NA NA NA NA NA NA NA NA NA NA NA NA NA 
17 8 17 0.700000 0 5 0 0 1.427419 0 6 6 530 310 7 391 381 1 432 334 10 590 384 4 486 440 NA NA NA NA NA NA NA NA NA 
17 8 18 0.700000 0 5 0 0 1.438050 2 5 10 397 473 3 516 458 5 447 432 6 401 389 2 434 298 NA NA NA NA NA NA NA NA NA 
17 8 19 0.700000 0 8 1 1 0.866439 7 6 10 504 472 2 635 411 3 579 438 7 452 333 9 440 457 5 619 296 8 438 390 1 512 296 
17 8 20 0.700000 0 8 1 1 0.886775 4 9 8 467 441 6 395 401 4 394 323 1 545 471 3 629 369 2 626 466 5 519 314 10 577 415 
17 8 21 0.700000 0 5 0 0 0.946921 2 1 6 617 411 3 450 314 1 526 326 4 425 382 8 420 440 NA NA NA NA NA NA NA NA NA 
17 8 22 0.700000 0 2 1 1 0.697506 1 2 6 440 431 4 600 410 NA NA NA NA NA NA NA NA NA NA NA NA NA NA NA NA NA NA 
17 8 23 0.700000 0 8 0 0 0.627940 7 4 7 573 417 5 482 455 6 460 299 8 528 300 10 402 341 2 591 297 1 440 411 4 635 343 
17 8 24 0.700000 0 2 0 0 0.672277 1 5 1 507 308 5 445 319 NA NA NA NA NA NA NA NA NA NA NA NA NA NA NA NA NA NA 
17 8 25 0.700000 0 5 1 1 1.073762 4 7 4 596 381 9 408 375 1 563 321 6 635 451 2 507 298 NA NA NA NA NA NA NA NA NA 
17 8 26 0.700000 0 8 1 1 1.035912 4 4 10 629 354 3 516 307 2 456 360 7 394 446 6 393 350 8 547 432 1 617 419 5 580 310 
17 8 27 0.700000 0 5 1 1 0.640405 0 9 6 478 432 3 416 464 7 588 408 1 424 358 4 621 330 NA NA NA NA NA NA NA NA NA 
17 8 28 0.700000 0 2 0 0 0.672995 0 5 5 460 329 9 443 442 NA NA NA NA NA NA NA NA NA NA NA NA NA NA NA NA NA NA 
17 8 29 0.700000 0 5 1 1 1.025072 3 10 4 582 470 6 637 336 2 441 322 1 452 421 8 585 399 NA NA NA NA NA NA NA NA NA 
17 8 30 0.700000 0 8 1 1 1.445522 0 10 1 500 305 9 605 343 6 424 453 8 576 469 4 435 347 7 516 472 5 612 406 2 558 303 
17 8 31 0.700000 0 8 1 1 0.706218 4 3 4 455 419 1 393 461 2 570 450 10 450 334 7 549 323 9 400 370 8 613 358 6 635 445 
17 8 32 0.700000 0 2 1 1 0.491294 1 6 4 605 358 5 631 444 NA NA NA NA NA NA NA NA NA NA NA NA NA NA NA NA NA NA 
17 8 33 0.700000 0 5 1 1 0.964555 2 6 4 387 460 3 546 450 7 607 390 10 418 376 2 433 300 NA NA NA NA NA NA NA NA NA 
17 8 34 0.700000 0 8 1 1 0.946058 7 3 7 500 458 2 598 433 4 401 473 8 571 314 9 423 357 5 487 318 6 404 301 10 432 421 
17 8 35 0.700000 0 8 0 0 1.036101 0 3 3 591 332 4 448 462 5 449 328 2 519 308 10 517 453 9 613 414 8 391 310 1 434 405 
17 8 36 0.700000 0 8 0 0 0.943323 1 10 4 615 383 10 597 310 8 465 461 1 430 375 2 437 298 6 595 444 7 541 331 9 413 431 
17 8 37 0.700000 0 8 1 1 0.771046 2 7 1 398 324 9 521 307 5 410 388 3 474 437 4 619 444 2 408 461 6 609 368 10 595 296 
17 8 38 0.700000 0 8 0 0 0.913625 0 5 5 580 343 9 532 467 2 592 407 1 389 419 4 637 295 8 449 315 3 456 431 7 411 362 
17 8 39 0.700000 0 2 0 0 0.682552 1 3 2 440 425 3 613 350 NA NA NA NA NA NA NA NA NA NA NA NA NA NA NA NA NA NA 
17 8 40 0.700000 0 2 0 0 0.652056 0 1 1 599 368 2 450 403 NA NA NA NA NA NA NA NA NA NA NA NA NA NA NA NA NA NA 
17 8 41 0.700000 0 2 1 1 0.638836 0 6 1 636 406 7 549 309 NA NA NA NA NA NA NA NA NA NA NA NA NA NA NA NA NA NA 
17 8 42 0.700000 0 2 0 0 0.875702 1 5 6 437 341 5 412 405 NA NA NA NA NA NA NA NA NA NA NA NA NA NA NA NA NA NA 
17 8 43 0.700000 0 8 1 1 0.991016 0 2 5 634 455 4 426 380 9 607 361 3 467 295 1 542 460 7 447 469 6 535 316 8 635 303 
17 8 44 0.700000 0 2 1 1 0.436967 0 1 7 438 381 2 468 325 NA NA NA NA NA NA NA NA NA NA NA NA NA NA NA NA NA NA 
17 8 45 0.700000 0 2 1 1 0.644845 1 6 10 420 304 2 591 321 NA NA NA NA NA NA NA NA NA NA NA NA NA NA NA NA NA NA 
17 8 46 0.700000 0 2 1 1 0.784121 0 1 6 390 370 2 446 451 NA NA NA NA NA NA NA NA NA NA NA NA NA NA NA NA NA NA 
17 8 47 0.700000 0 2 0 0 0.951459 0 10 10 424 365 3 537 304 NA NA NA NA NA NA NA NA NA NA NA NA NA NA NA NA NA NA 
17 8 48 0.700000 0 5 0 0 1.445276 2 6 5 396 341 2 573 294 6 583 455 10 461 330 4 437 433 NA NA NA NA NA NA NA NA NA 
17 8 49 0.700000 0 8 0 0 0.872035 4 10 7 466 462 2 399 367 5 447 314 6 591 350 10 523 296 8 563 455 1 395 455 4 628 430 
17 8 50 0.700000 0 5 0 0 0.784702 3 9 3 438 319 8 452 456 6 586 313 9 571 467 4 610 379 NA NA NA NA NA NA NA NA NA 
17 8 51 0.700000 0 2 1 1 0.564769 1 4 5 606 331 6 517 298 NA NA NA NA NA NA NA NA NA NA NA NA NA NA NA NA NA NA 
17 8 52 0.700000 0 8 1 1 1.516413 0 7 6 422 401 3 633 445 5 500 452 8 595 318 4 614 380 2 389 303 10 494 298 9 423 468 
17 8 53 0.700000 0 5 1 1 0.660901 0 1 8 394 371 10 503 316 7 496 452 3 396 311 5 601 358 NA NA NA NA NA NA NA NA NA 
17 8 54 0.700000 0 2 1 1 0.596151 0 2 5 607 423 7 391 430 NA NA NA NA NA NA NA NA NA NA NA NA NA NA NA NA NA NA 
17 8 55 0.700000 0 2 1 1 0.704294 1 9 10 543 474 2 405 324 NA NA NA NA NA NA NA NA NA NA NA NA NA NA NA NA NA NA 
17 8 56 0.700000 0 8 1 1 1.265640 3 5 6 409 445 9 628 349 10 593 431 2 402 331 7 506 472 1 528 315 3 457 359 4 462 294 
17 8 57 0.700000 0 8 1 1 0.908793 2 2 9 575 372 6 451 404 3 408 469 1 497 453 8 407 327 10 589 298 4 603 442 5 468 318 
17 8 58 0.700000 0 8 1 1 0.803624 1 10 3 573 358 4 476 337 6 561 469 1 408 416 5 390 294 8 482 446 9 613 299 2 627 436 
17 8 59 0.700000 0 8 0 1 1.153342 1 5 1 594 371 5 557 456 10 439 450 8 494 322 9 629 449 6 566 296 7 431 369 4 408 301 
