22 0 0 0.300000 0 2 1 1 0.992089 1 8 10 421 379 5 539 469 NA NA NA NA NA NA NA NA NA NA NA NA NA NA NA NA NA NA 
22 0 1 0.300000 0 5 0 0 2.112063 4 10 5 444 469 6 576 427 9 464 310 1 403 387 10 527 300 NA NA NA NA NA NA NA NA NA 
22 0 2 0.300000 0 8 0 0 0.912062 2 8 5 563 414 10 417 461 8 476 310 6 581 474 4 633 422 2 617 323 7 488 468 9 458 411 
22 0 3 0.300000 0 8 0 1 1.079488 1 8 5 494 444 8 622 449 2 629 379 1 597 316 3 470 328 9 408 438 4 398 350 6 529 299 
22 0 4 0.300000 0 2 1 1 0.812216 1 8 1 400 448 7 477 439 NA NA NA NA NA NA NA NA NA NA NA NA NA NA NA NA NA NA 
22 0 5 0.300000 0 2 1 1 0.892795 0 6 2 479 471 8 454 318 NA NA NA NA NA NA NA NA NA NA NA NA NA NA NA NA NA NA 
22 0 6 0.300000 0 2 0 0 1.052005 0 5 5 599 329 6 616 429 NA NA NA NA NA NA NA NA NA NA NA NA NA NA NA NA NA NA 
22 0 7 0.300000 0 2 0 0 1.015232 1 9 6 390 380 9 423 452 NA NA NA NA NA NA NA NA NA NA NA NA NA NA NA NA NA NA 
22 0 8 0.300000 0 5 0 0 1.004886 4 2 3 457 407 5 632 316 1 619 474 7 422 347 2 547 463 NA NA NA NA NA NA NA NA NA 
22 0 9 0.300000 0 2 0 0 0.734393 0 9 9 584 360 7 430 384 NA NA NA NA NA NA NA NA NA NA NA NA NA NA NA NA NA NA 
22 0 10 0.300000 0 5 1 1 0.721971 1 4 5 623 304 7 433 393 2 573 395 6 459 334 8 505 451 NA NA NA NA NA NA NA NA NA 
22 0 11 0.300000 0 5 0 0 1.480913 1 8 7 584 415 8 405 429 10 401 363 3 476 442 9 473 330 NA NA NA NA NA NA NA NA NA 
22 0 12 0.300000 0 2 0 0 1.020010 0 1 1 425 365 7 430 451 NA NA NA NA NA NA NA NA NA NA NA NA NA NA NA NA NA NA 
22 0 13 0.300000 0 8 0 0 0.811293 6 1 5 621 376 2 403 438 8 435 360 6 607 473 3 414 298 10 484 449 1 475 300 9 540 299 
22 0 14 0.300000 0 2 0 0 0.646288 1 8 3 463 301 8 504 461 NA NA NA NA NA NA NA NA NA NA NA NA NA NA NA NA NA NA 
22 0 15 0.300000 0 2 0 0 0.506982 1 7 2 557 465 7 457 414 NA NA NA NA NA NA NA NA NA NA NA NA NA NA NA NA NA NA 
22 0 16 0.300000 0 8 1 0 0.701394 1 7 4 626 347 8 452 298 9 393 376 1 555 466 3 409 438 5 627 449 10 515 321 6 452 368 
22 0 17 0.300000 0 8 1 0 1.215052 5 8 6 424 455 7 486 303 9 611 472 10 578 326 3 518 451 1 570 403 5 431 390 2 405 329 
22 0 18 0.300000 0 8 1 0 1.120526 1 5 3 594 463 8 468 436 7 494 321 1 610 360 9 527 457 2 414 305 4 412 392 10 631 302 
22 0 19 0.300000 0 8 0 0 0.879402 7 1 10 441 331 6 568 417 8 451 428 9 637 442 2 619 370 3 400 380 7 559 329 1 611 294 
22 0 20 0.300000 0 2 0 0 0.642311 1 3 5 447 458 3 485 325 NA NA NA NA NA NA NA NA NA NA NA NA NA NA NA NA NA NA 
22 0 21 0.300000 0 8 0 1 1.016750 3 8 5 421 411 3 497 471 1 453 319 8 568 423 4 569 357 10 635 452 6 517 313 2 616 307 
22 0 22 0.300000 0 8 0 0 0.605057 0 8 8 518 323 7 390 320 2 397 444 3 633 360 1 465 428 5 459 343 9 560 462 4 598 298 
22 0 23 0.300000 0 8 1 1 0.934803 7 8 3 457 435 6 393 364 1 499 313 9 555 458 4 562 314 10 441 323 7 598 365 2 387 428 
22 0 24 0.300000 0 5 0 1 0.873661 1 6 5 512 471 6 403 403 4 392 464 10 513 308 7 562 424 NA NA NA NA NA NA NA NA NA 
22 0 25 0.300000 0 2 1 1 0.760139 0 3 6 588 384 4 462 424 NA NA NA NA NA NA NA NA NA NA NA NA NA NA NA NA NA NA 
22 0 26 0.300000 0 8 0 0 1.174659 2 9 5 443 453 3 551 303 9 621 352 10 582 438 2 405 328 6 470 304 1 453 389 4 395 416 
22 0 27 0.300000 0 5 1 1 1.283606 4 5 10 468 319 2 430 378 4 462 455 3 636 411 1 410 305 NA NA NA NA NA NA NA NA NA 
22 0 28 0.300000 0 5 0 0 1.126880 0 5 5 582 374 8 631 316 1 389 442 9 406 336 7 607 446 NA NA NA NA NA NA NA NA NA 
22 0 29 0.300000 0 2 0 0 0.756190 1 5 3 625 296 5 571 457 NA NA NA NA NA NA NA NA NA NA NA NA NA NA NA NA NA NA 
22 0 30 0.300000 0 8 0 0 0.784145 4 8 9 624 441 5 408 424 2 441 352 6 476 441 8 625 323 4 572 376 1 478 302 10 565 469 
22 0 31 0.300000 0 2 0 0 0.630703 1 9 3 398 461 9 605 403 NA NA NA NA NA NA NA NA NA NA NA NA NA NA NA NA NA NA 
22 0 32 0.300000 0 5 0 0 0.629988 0 2 2 622 337 6 484 325 3 628 409 4 400 312 5 438 461 NA NA NA NA NA NA NA NA NA 
22 0 33 0.300000 0 8 1 0 0.900406 0 2 5 620 362 8 401 322 10 579 427 7 445 394 1 498 454 3 598 305 6 438 453 9 533 308 
22 0 34 0.300000 0 2 0 0 1.249064 0 6 6 424 302 7 582 345 NA NA NA NA NA NA NA NA NA NA NA NA NA NA NA NA NA NA 
22 0 35 0.300000 0 2 0 0 0.753024 1 8 4 508 314 8 447 454 NA NA NA NA NA NA NA NA NA NA NA NA NA NA NA NA NA NA 
22 0 36 0.300000 0 8 0 0 0.807855 6 3 2 443 324 1 594 306 6 632 463 4 635 398 10 395 425 8 564 429 3 445 474 5 511 466 
22 0 37 0.300000 0 8 0 0 0.737411 3 1 3 581 436 8 508 299 4 416 373 1 624 338 5 396 439 2 571 309 7 486 442 10 441 297 
22 0 38 0.300000 0 5 0 0 0.555061 3 8 7 441 455 1 611 469 2 553 299 8 614 355 10 516 470 NA NA NA NA NA NA NA NA NA 
22 0 39 0.300000 0 5 1 1 0.742708 2 9 3 434 387 4 624 327 8 468 314 10 469 439 6 565 417 NA NA NA NA NA NA NA NA NA 
22 0 40 0.300000 0 5 0 0 0.568479 1 8 5 441 337 8 555 456 3 611 427 1 454 435 4 517 324 NA NA NA NA NA NA NA NA NA 
22 0 41 0.300000 0 2 0 0 0.636923 1 9 5 584 325 9 398 297 NA NA NA NA NA NA NA NA NA NA NA NA NA NA NA NA NA NA 
22 0 42 0.300000 0 5 0 0 0.681619 3 3 1 449 404 5 572 334 6 406 309 3 512 303 8 470 471 NA NA NA NA NA NA NA NA NA 
22 0 43 0.300000 0 5 0 1 0.868070 0 6 6 443 299 3 553 448 2 624 448 4 624 321 9 392 370 NA NA NA NA NA NA NA NA NA 
22 0 44 0.300000 0 5 1 0 0.689915 1 2 7 560 451 6 433 356 10 606 414 3 401 435 4 435 297 NA NA NA NA NA NA NA NA NA 
22 0 45 0.300000 0 5 0 1 1.088082 3 4 3 584 314 9 405 440 7 610 383 4 421 372 5 567 450 NA NA NA NA NA NA NA NA NA 
22 0 46 0.300000 0 8 0 0 0.620428 2 7 6 635 408 2 549 298 7 594 346 9 456 321 8 580 466 5 491 449 3 431 447 10 388 336 
22 0 47 0.300000 0 2 1 1 0.771003 0 4 3 439 457 9 630 374 NA NA NA NA NA NA NA NA NA NA NA NA NA NA NA NA NA NA 
22 0 48 0.300000 0 2 0 0 0.685119 0 9 9 492 460 1 437 313 NA NA NA NA NA NA NA NA NA NA NA NA NA NA NA NA NA NA 
22 0 49 0.300000 0 5 0 0 0.831694 0 4 4 501 315 9 410 405 10 411 346 2 634 439 7 539 455 NA NA NA NA NA NA NA NA NA 
22 0 50 0.300000 0 8 0 1 1.106748 5 8 5 405 366 2 455 409 6 609 390 1 435 310 4 521 465 8 586 447 7 591 329 3 423 472 
22 0 51 0.300000 0 5 0 0 0.742245 2 8 4 454 468 3 576 453 8 468 312 9 417 400 1 547 297 NA NA NA NA NA NA NA NA NA 
22 0 52 0.300000 0 5 0 0 0.749936 3 8 10 515 308 7 576 397 6 451 309 8 609 315 5 636 393 NA NA NA NA NA NA NA NA NA 
22 0 53 0.300000 0 8 0 0 0.670113 4 1 9 559 440 8 401 326 7 484 472 3 595 365 1 621 446 4 528 303 2 419 449 5 609 305 
22 0 54 0.300000 0 2 0 0 0.963178 1 1 3 434 399 1 401 314 NA NA NA NA NA NA NA NA NA NA NA NA NA NA NA NA NA NA 
22 0 55 0.300000 0 5 1 1 0.911072 2 2 3 397 398 8 478 334 10 574 405 5 404 323 7 598 297 NA NA NA NA NA NA NA NA NA 
22 0 56 0.300000 0 2 1 1 1.046323 0 5 7 426 429 6 540 307 NA NA NA NA NA NA NA NA NA NA NA NA NA NA NA NA NA NA 
22 0 57 0.300000 0 5 1 1 0.582104 3 3 8 626 436 6 405 428 9 559 337 2 393 355 5 523 449 NA NA NA NA NA NA NA NA NA 
22 0 58 0.300000 0 8 1 1 1.401897 7 7 4 427 453 2 597 358 1 417 387 6 577 474 10 629 409 3 409 315 9 483 294 8 629 300 
22 0 59 0.300000 0 8 0 0 0.883455 2 8 1 519 320 5 589 318 8 610 450 10 451 392 4 422 328 9 434 464 6 570 382 3 390 414 
22 1 0 0.700000 0 8 0 1 0.504957 1 7 4 634 371 7 579 333 6 547 433 5 474 339 9 490 446 1 394 434 10 402 327 3 516 295 
22 1 1 0.700000 0 2 1 1 0.629067 0 10 9 538 463 6 609 421 NA NA NA NA NA NA NA NA NA NA NA NA NA NA NA NA NA NA 
22 1 2 0.700000 0 5 1 1 0.549996 0 1 4 413 349 7 592 420 10 600 359 6 443 454 9 472 326 NA NA NA NA NA NA NA NA NA 
22 1 3 0.700000 0 8 1 1 0.729654 1 9 7 442 330 5 463 450 6 599 349 2 604 442 8 544 456 4 497 295 3 562 303 1 391 450 
22 1 4 0.700000 0 8 1 1 0.666996 3 9 1 447 343 7 447 463 5 610 347 2 505 300 6 403 404 8 548 433 10 599 466 3 393 297 
22 1 5 0.700000 0 2 0 0 0.898973 1 7 4 605 337 7 600 438 NA NA NA NA NA NA NA NA NA NA NA NA NA NA NA NA NA NA 
22 1 6 0.700000 0 5 1 1 0.748366 2 4 7 600 305 9 391 296 8 415 461 10 635 422 5 433 356 NA NA NA NA NA NA NA NA NA 
22 1 7 0.700000 0 2 0 0 0.840033 1 1 10 479 310 1 418 468 NA NA NA NA NA NA NA NA NA NA NA NA NA NA NA NA NA NA 
22 1 8 0.700000 0 8 1 1 0.758579 7 9 4 520 304 10 566 455 8 445 428 2 583 368 5 400 470 7 624 321 1 505 472 6 633 405 
22 1 9 0.700000 0 2 1 1 0.568268 1 5 2 599 465 6 433 340 NA NA NA NA NA NA NA NA NA NA NA NA NA NA NA NA NA NA 
22 1 10 0.700000 0 5 1 1 0.644574 0 3 7 407 456 5 616 433 1 536 301 8 486 451 4 585 344 NA NA NA NA NA NA NA NA NA 
22 1 11 0.700000 0 2 1 1 0.676007 1 4 10 615 327 3 601 438 NA NA NA NA NA NA NA NA NA NA NA NA NA NA NA NA NA NA 
22 1 12 0.700000 0 2 1 1 0.842244 0 6 1 562 465 2 452 307 NA NA NA NA NA NA NA NA NA NA NA NA NA NA NA NA NA NA 
22 1 13 0.700000 0 5 1 1 0.443808 2 9 2 390 419 6 492 329 10 555 473 7 622 339 8 458 437 NA NA NA NA NA NA NA NA NA 
22 1 14 0.700000 0 8 1 1 0.804973 2 7 10 474 446 9 413 431 6 393 299 1 637 408 3 447 370 5 545 470 8 489 300 2 573 345 
22 1 15 0.700000 0 2 1 1 0.634836 0 3 10 575 386 6 552 443 NA NA NA NA NA NA NA NA NA NA NA NA NA NA NA NA NA NA 
22 1 16 0.700000 0 8 1 1 0.742972 3 2 6 625 316 8 567 312 1 562 419 9 620 448 7 445 406 4 428 337 5 483 298 10 468 460 
22 1 17 0.700000 0 2 1 1 0.558144 1 4 1 611 352 7 533 447 NA NA NA NA NA NA NA NA NA NA NA NA NA NA NA NA NA NA 
22 1 18 0.700000 0 8 1 0 0.878146 3 2 6 402 367 7 423 428 5 611 342 4 505 315 9 433 312 3 575 449 10 486 456 8 575 391 
22 1 19 0.700000 0 8 1 1 0.498151 3 4 3 578 440 9 431 334 2 627 392 7 595 296 8 439 422 10 489 320 1 389 383 5 502 463 
22 1 20 0.700000 0 5 0 1 0.779389 4 9 10 602 295 7 469 333 4 594 370 2 621 432 9 399 305 NA NA NA NA NA NA NA NA NA 
22 1 21 0.700000 0 8 1 0 0.699988 6 7 8 624 454 5 567 442 1 632 338 6 419 386 2 522 312 4 422 455 3 454 312 10 572 350 
22 1 22 0.700000 0 5 1 1 1.092496 4 1 2 424 312 5 597 452 8 581 317 3 519 461 10 457 466 NA NA NA NA NA NA NA NA NA 
22 1 23 0.700000 0 2 1 1 0.603564 0 10 3 458 359 8 562 442 NA NA NA NA NA NA NA NA NA NA NA NA NA NA NA NA NA NA 
22 1 24 0.700000 0 2 1 1 0.657415 0 7 1 418 463 10 571 458 NA NA NA NA NA NA NA NA NA NA NA NA NA NA NA NA NA NA 
22 1 25 0.700000 0 2 1 1 0.621069 1 10 4 390 345 2 583 334 NA NA NA NA NA NA NA NA NA NA NA NA NA NA NA NA NA NA 
22 1 26 0.700000 0 5 1 1 0.591367 1 3 6 442 397 10 625 321 4 432 473 9 559 467 2 631 440 NA NA NA NA NA NA NA NA NA 
22 1 27 0.700000 0 5 0 0 0.978861 3 3 4 455 451 9 636 417 5 405 333 3 573 341 7 414 398 NA NA NA NA NA NA NA NA NA 
22 1 28 0.700000 0 8 1 1 0.737494 5 9 4 555 342 2 502 451 8 627 384 7 428 311 10 498 302 3 618 449 1 431 398 6 393 463 
22 1 29 0.700000 0 5 1 1 0.501952 3 8 1 573 342 2 411 318 9 569 406 5 398 389 3 465 432 NA NA NA NA NA NA NA NA NA 
22 1 30 0.700000 0 5 1 1 0.656407 0 10 6 438 364 2 479 450 5 541 307 4 590 454 3 401 312 NA NA NA NA NA NA NA NA NA 
22 1 31 0.700000 0 5 0 1 0.982779 2 4 5 456 472 8 457 315 4 393 345 3 616 368 6 513 453 NA NA NA NA NA NA NA NA NA 
22 1 32 0.700000 0 2 1 1 0.604755 0 10 5 583 370 4 401 456 NA NA NA NA NA NA NA NA NA NA NA NA NA NA NA NA NA NA 
22 1 33 0.700000 0 2 0 0 0.937636 0 1 1 464 295 6 614 333 NA NA NA NA NA NA NA NA NA NA NA NA NA NA NA NA NA NA 
22 1 34 0.700000 0 8 0 1 0.626978 3 9 3 417 400 6 585 469 8 416 300 9 541 320 7 567 404 1 635 428 5 633 351 10 488 443 
22 1 35 0.700000 0 8 1 1 0.862142 1 10 2 407 453 8 631 462 1 534 455 4 394 354 7 435 294 9 531 322 5 636 360 6 442 405 
22 1 36 0.700000 0 8 0 1 0.835014 3 10 2 503 471 7 440 341 5 625 463 10 395 406 4 576 348 8 562 456 1 614 294 6 506 308 
22 1 37 0.700000 0 8 0 0 0.713199 4 2 1 414 350 8 599 458 6 500 294 3 507 472 2 458 431 5 563 320 9 632 391 4 396 406 
22 1 38 0.700000 0 8 1 1 0.749170 4 5 4 635 311 8 525 467 9 401 348 6 581 419 2 519 323 1 451 439 7 612 471 10 457 325 
22 1 39 0.700000 0 2 1 1 0.623526 1 9 7 520 446 4 598 395 NA NA NA NA NA NA NA NA NA NA NA NA NA NA NA NA NA NA 
22 1 40 0.700000 0 2 1 1 0.650302 0 10 1 472 432 2 597 422 NA NA NA NA NA NA NA NA NA NA NA NA NA NA NA NA NA NA 
22 1 41 0.700000 0 2 1 1 0.752359 1 5 8 401 302 2 599 431 NA NA NA NA NA NA NA NA NA NA NA NA NA NA NA NA NA NA 
22 1 42 0.700000 0 8 1 1 0.694921 0 1 7 431 405 2 577 314 6 490 298 3 399 350 9 589 434 4 495 471 5 610 370 10 424 471 
22 1 43 0.700000 0 8 0 1 0.920473 0 2 2 413 388 8 579 462 5 416 325 9 516 303 3 600 352 6 438 461 10 627 423 4 497 446 
22 1 44 0.700000 0 5 0 1 0.734984 3 3 6 425 446 5 553 329 8 606 397 3 596 456 4 630 327 NA NA NA NA NA NA NA NA NA 
22 1 45 0.700000 0 8 1 1 1.053709 2 9 1 611 431 2 428 302 3 388 413 5 634 342 6 569 471 4 585 374 10 496 441 7 561 314 
22 1 46 0.700000 0 8 1 1 1.718774 2 6 3 413 459 8 433 313 10 554 335 1 591 440 5 637 338 9 502 448 2 452 368 4 396 390 
22 1 47 0.700000 0 5 0 0 0.964375 1 2 5 428 393 2 622 419 9 490 472 3 566 466 7 388 330 NA NA NA NA NA NA NA NA NA 
22 1 48 0.700000 0 5 1 0 0.809706 4 6 8 442 324 3 524 465 1 591 356 2 451 386 4 612 474 NA NA NA NA NA NA NA NA NA 
22 1 49 0.700000 0 5 1 1 0.974317 4 3 6 636 326 8 621 430 5 435 299 7 430 382 2 562 315 NA NA NA NA NA NA NA NA NA 
22 1 50 0.700000 0 2 0 0 1.138284 0 7 7 457 445 6 435 365 NA NA NA NA NA NA NA NA NA NA NA NA NA NA NA NA NA NA 
22 1 51 0.700000 0 5 1 0 1.128170 1 4 7 394 462 1 582 367 5 526 322 8 461 340 10 601 441 NA NA NA NA NA NA NA NA NA 
22 1 52 0.700000 0 5 1 0 1.060796 3 4 9 410 409 3 493 319 2 581 424 10 399 329 8 634 317 NA NA NA NA NA NA NA NA NA 
22 1 53 0.700000 0 8 0 1 0.671135 3 2 9 595 428 4 440 445 8 546 337 2 494 298 6 407 374 3 438 317 7 501 465 5 611 343 
22 1 54 0.700000 0 5 1 1 1.181173 0 9 8 460 469 6 606 320 7 425 387 5 469 307 4 397 327 NA NA NA NA NA NA NA NA NA 
22 1 55 0.700000 0 5 1 1 0.958182 3 8 6 424 412 9 486 317 1 612 405 7 580 306 2 400 305 NA NA NA NA NA NA NA NA NA 
22 1 56 0.700000 0 2 0 0 0.622492 0 3 3 514 471 10 404 396 NA NA NA NA NA NA NA NA NA NA NA NA NA NA NA NA NA NA 
22 1 57 0.700000 0 2 0 0 1.188617 1 9 5 427 413 9 596 418 NA NA NA NA NA NA NA NA NA NA NA NA NA NA NA NA NA NA 
22 1 58 0.700000 0 5 0 1 0.771882 3 7 2 495 461 5 416 356 10 627 396 7 570 315 8 637 302 NA NA NA NA NA NA NA NA NA 
22 1 59 0.700000 0 2 1 1 0.737658 0 6 3 477 455 8 417 303 NA NA NA NA NA NA NA NA NA NA NA NA NA NA NA NA NA NA 
22 2 0 0.300000 0 5 1 1 0.705572 1 3 6 423 400 7 446 323 1 587 419 10 544 474 4 389 464 NA NA NA NA NA NA NA NA NA 
22 2 1 0.300000 0 2 1 1 0.530306 1 9 5 617 466 4 604 357 NA NA NA NA NA NA NA NA NA NA NA NA NA NA NA NA NA NA 
22 2 2 0.300000 0 8 0 0 0.984218 4 1 4 492 452 8 441 391 3 622 325 6 554 469 1 501 304 7 603 427 2 400 335 9 390 450 
22 2 3 0.300000 0 5 0 1 0.667042 3 7 9 503 301 2 405 400 4 594 303 7 560 433 5 397 314 NA NA NA NA NA NA NA NA NA 
22 2 4 0.300000 0 8 0 1 1.112047 5 3 4 629 301 9 495 467 8 510 298 1 606 448 6 395 361 3 435 300 7 571 313 2 621 391 
22 2 5 0.300000 0 8 0 0 1.091514 5 5 6 424 404 3 395 309 1 634 370 9 518 466 8 483 333 5 413 463 10 568 343 7 620 308 
22 2 6 0.300000 0 2 0 0 0.436383 0 8 8 408 369 9 599 364 NA NA NA NA NA NA NA NA NA NA NA NA NA NA NA NA NA NA 
22 2 7 0.300000 0 5 1 1 0.901365 0 3 2 459 333 8 554 426 9 507 473 4 401 357 10 405 441 NA NA NA NA NA NA NA NA NA 
22 2 8 0.300000 0 5 1 1 0.758328 3 6 2 527 300 7 452 467 9 444 310 3 534 446 1 600 467 NA NA NA NA NA NA NA NA NA 
22 2 9 0.300000 0 8 0 0 0.754272 0 6 6 600 409 3 629 354 5 488 326 2 444 376 10 574 465 8 424 464 1 431 297 4 389 407 
22 2 10 0.300000 0 5 0 0 0.692226 1 2 7 410 387 2 564 435 8 438 315 6 557 307 4 612 364 NA NA NA NA NA NA NA NA NA 
22 2 11 0.300000 0 2 1 1 0.607239 0 4 5 583 338 9 631 298 NA NA NA NA NA NA NA NA NA NA NA NA NA NA NA NA NA NA 
22 2 12 0.300000 0 2 0 0 0.482739 1 1 6 425 331 1 466 465 NA NA NA NA NA NA NA NA NA NA NA NA NA NA NA NA NA NA 
22 2 13 0.300000 0 8 1 1 0.732600 1 5 10 611 465 9 395 387 8 634 309 1 595 377 6 543 452 7 428 467 3 414 294 2 456 354 
22 2 14 0.300000 0 2 1 1 0.615406 0 5 4 632 341 2 548 336 NA NA NA NA NA NA NA NA NA NA NA NA NA NA NA NA NA NA 
22 2 15 0.300000 0 8 1 0 0.829084 6 2 10 399 364 8 432 310 3 439 408 5 627 299 6 621 395 1 399 471 7 535 323 9 527 454 
22 2 16 0.300000 0 5 0 1 0.640188 4 1 10 602 440 4 388 451 3 597 327 2 447 349 1 465 457 NA NA NA NA NA NA NA NA NA 
22 2 17 0.300000 0 5 1 1 0.982438 0 9 1 397 388 5 444 343 6 611 332 3 493 453 2 589 460 NA NA NA NA NA NA NA NA NA 
22 2 18 0.300000 0 5 0 1 0.663084 1 5 9 395 424 5 451 465 3 456 338 1 592 355 10 530 448 NA NA NA NA NA NA NA NA NA 
22 2 19 0.300000 0 8 0 1 0.729667 2 7 8 618 301 9 619 360 7 543 434 4 620 420 1 443 434 5 565 336 10 418 325 2 387 455 
22 2 20 0.300000 0 5 0 0 0.791217 4 2 7 498 468 3 622 350 4 571 429 1 437 381 2 469 303 NA NA NA NA NA NA NA NA NA 
22 2 21 0.300000 0 8 0 0 0.497563 2 7 6 614 319 9 557 337 7 421 385 1 633 376 4 629 470 3 433 443 2 412 321 5 483 322 
22 2 22 0.300000 0 2 0 0 0.385106 1 7 4 576 422 7 458 442 NA NA NA NA NA NA NA NA NA NA NA NA NA NA NA NA NA NA 
22 2 23 0.300000 0 8 0 0 0.924215 7 3 4 426 426 9 637 411 10 626 329 8 425 366 2 556 334 7 432 300 5 465 471 3 594 472 
22 2 24 0.300000 0 5 0 1 0.532873 2 5 4 623 335 6 517 447 5 425 449 1 443 366 7 580 463 NA NA NA NA NA NA NA NA NA 
22 2 25 0.300000 0 2 1 1 0.526613 0 9 10 436 303 2 460 440 NA NA NA NA NA NA NA NA NA NA NA NA NA NA NA NA NA NA 
22 2 26 0.300000 0 8 1 0 0.645395 7 7 4 586 471 2 414 469 6 445 320 10 558 348 3 520 471 9 587 405 8 406 376 5 607 301 
22 2 27 0.300000 0 5 0 0 0.431686 4 6 4 604 405 1 420 323 8 530 453 10 394 413 6 632 309 NA NA NA NA NA NA NA NA NA 
22 2 28 0.300000 0 8 0 0 1.586226 5 1 10 624 412 8 412 417 6 395 474 7 579 328 9 423 333 1 510 297 4 483 460 2 549 435 
22 2 29 0.300000 0 2 1 1 0.758728 1 10 5 397 407 3 595 425 NA NA NA NA NA NA NA NA NA NA NA NA NA NA NA NA NA NA 
22 2 30 0.300000 0 2 0 0 0.683071 1 4 1 627 414 4 482 445 NA NA NA NA NA NA NA NA NA NA NA NA NA NA NA NA NA NA 
22 2 31 0.300000 0 5 1 1 0.732885 2 9 7 586 372 3 388 346 2 454 464 4 496 328 6 600 295 NA NA NA NA NA NA NA NA NA 
22 2 32 0.300000 0 8 1 0 0.382042 4 7 6 503 311 2 422 400 9 590 422 8 498 467 5 389 307 10 445 345 3 573 366 1 627 308 
22 2 33 0.300000 0 5 0 1 0.913790 3 8 4 438 419 6 536 331 1 615 411 8 396 350 2 524 473 NA NA NA NA NA NA NA NA NA 
22 2 34 0.300000 0 8 1 0 0.563350 5 7 3 562 441 10 584 381 8 480 448 9 410 390 4 514 312 6 418 324 1 613 297 5 625 433 
22 2 35 0.300000 0 8 0 1 0.592898 2 10 2 563 449 4 624 390 10 585 311 5 637 474 3 402 298 1 418 360 8 462 471 6 398 419 
22 2 36 0.300000 0 8 0 0 0.715442 1 7 10 610 382 7 388 466 1 531 303 2 569 436 8 427 327 5 495 459 4 608 324 3 415 414 
22 2 37 0.300000 0 2 0 0 0.775299 0 8 8 594 307 2 413 437 NA NA NA NA NA NA NA NA NA NA NA NA NA NA NA NA NA NA 
22 2 38 0.300000 0 5 1 0 0.691070 0 4 5 633 456 3 412 378 10 624 341 1 568 361 6 556 460 NA NA NA NA NA NA NA NA NA 
22 2 39 0.300000 0 5 0 0 0.892643 0 2 2 393 463 7 584 455 4 446 418 9 632 416 6 433 309 NA NA NA NA NA NA NA NA NA 
22 2 40 0.300000 0 5 0 0 0.942932 0 3 3 424 362 1 586 409 2 483 323 4 548 457 8 596 312 NA NA NA NA NA NA NA NA NA 
22 2 41 0.300000 0 2 0 0 0.989014 0 10 10 394 359 9 544 335 NA NA NA NA NA NA NA NA NA NA NA NA NA NA NA NA NA NA 
22 2 42 0.300000 0 5 0 0 0.701746 1 8 5 524 468 8 536 294 3 610 472 1 576 361 7 442 472 NA NA NA NA NA NA NA NA NA 
22 2 43 0.300000 0 8 0 0 0.857286 4 5 1 524 326 2 551 432 7 425 386 3 414 302 5 632 334 9 419 469 4 626 426 8 486 451 
22 2 44 0.300000 0 2 0 0 0.616522 1 2 3 389 403 2 408 313 NA NA NA NA NA NA NA NA NA NA NA NA NA NA NA NA NA NA 
22 2 45 0.300000 0 5 0 1 0.919848 1 5 9 392 405 5 568 358 2 557 437 1 503 294 3 418 349 NA NA NA NA NA NA NA NA NA 
22 2 46 0.300000 0 2 0 0 0.520443 1 2 7 388 395 2 518 462 NA NA NA NA NA NA NA NA NA NA NA NA NA NA NA NA NA NA 
22 2 47 0.300000 0 8 0 1 0.810395 7 10 8 416 442 9 518 460 1 592 311 5 440 337 2 519 296 7 585 371 6 635 437 10 387 375 
22 2 48 0.300000 0 8 0 1 0.960797 0 7 7 392 362 5 634 403 10 414 428 4 574 317 9 573 440 6 476 335 1 515 466 2 631 298 
22 2 49 0.300000 0 5 0 0 0.947590 1 1 9 436 343 1 566 309 10 631 388 2 399 454 3 471 473 NA NA NA NA NA NA NA NA NA 
22 2 50 0.300000 0 2 1 1 0.601872 0 3 10 455 430 1 629 321 NA NA NA NA NA NA NA NA NA NA NA NA NA NA NA NA NA NA 
22 2 51 0.300000 0 2 0 0 1.098140 0 10 10 603 364 7 451 408 NA NA NA NA NA NA NA NA NA NA NA NA NA NA NA NA NA NA 
22 2 52 0.300000 0 2 0 0 0.605388 0 2 2 609 413 3 545 435 NA NA NA NA NA NA NA NA NA NA NA NA NA NA NA NA NA NA 
22 2 53 0.300000 0 2 0 0 0.590382 0 4 4 637 446 6 495 301 NA NA NA NA NA NA NA NA NA NA NA NA NA NA NA NA NA NA 
22 2 54 0.300000 0 2 0 0 0.545251 1 4 1 631 307 4 398 462 NA NA NA NA NA NA NA NA NA NA NA NA NA NA NA NA NA NA 
22 2 55 0.300000 0 2 0 0 0.777888 0 4 4 530 324 6 603 370 NA NA NA NA NA NA NA NA NA NA NA NA NA NA NA NA NA NA 
22 2 56 0.300000 0 8 0 0 0.798800 2 6 4 533 297 3 444 463 6 588 333 5 630 393 1 551 449 7 454 350 10 387 402 9 610 463 
22 2 57 0.300000 0 2 0 0 0.488941 0 8 8 393 377 3 454 466 NA NA NA NA NA NA NA NA NA NA NA NA NA NA NA NA NA NA 
22 2 58 0.300000 0 5 0 0 0.595674 3 7 10 605 336 5 401 391 2 464 294 7 623 458 8 574 425 NA NA NA NA NA NA NA NA NA 
22 2 59 0.300000 0 8 1 0 0.908378 6 8 10 595 378 6 418 405 7 451 352 9 393 304 1 605 436 2 501 469 5 479 295 4 569 295 
22 3 0 0.700000 0 5 1 1 0.492031 4 6 3 591 462 1 461 325 4 447 416 5 598 324 9 620 382 NA NA NA NA NA NA NA NA NA 
22 3 1 0.700000 0 2 1 1 0.441344 0 10 2 631 376 3 440 332 NA NA NA NA NA NA NA NA NA NA NA NA NA NA NA NA NA NA 
22 3 2 0.700000 0 8 1 1 0.865999 1 7 4 517 466 6 558 297 8 457 420 5 590 420 9 628 297 1 399 380 3 425 305 2 420 471 
22 3 3 0.700000 0 8 0 1 1.660999 6 9 2 571 327 4 633 451 1 404 335 7 534 474 3 453 422 8 567 406 9 399 453 5 624 387 
22 3 4 0.700000 0 5 1 0 0.754061 4 6 9 629 391 1 577 338 10 556 438 2 432 348 3 457 438 NA NA NA NA NA NA NA NA NA 
22 3 5 0.700000 0 2 0 0 0.535753 0 2 2 624 300 7 598 378 NA NA NA NA NA NA NA NA NA NA NA NA NA NA NA NA NA NA 
22 3 6 0.700000 0 2 0 0 0.863373 1 1 4 629 304 1 627 436 NA NA NA NA NA NA NA NA NA NA NA NA NA NA NA NA NA NA 
22 3 7 0.700000 0 8 1 1 0.555757 6 4 9 616 394 8 457 324 3 499 453 6 451 401 2 558 343 1 617 468 7 389 435 5 565 423 
22 3 8 0.700000 0 5 0 1 1.250795 3 9 3 615 468 7 395 436 8 431 347 9 597 378 5 553 443 NA NA NA NA NA NA NA NA NA 
22 3 9 0.700000 0 2 1 1 1.006262 1 2 10 563 427 6 489 314 NA NA NA NA NA NA NA NA NA NA NA NA NA NA NA NA NA NA 
22 3 10 0.700000 0 2 1 1 0.778357 1 1 8 405 351 9 613 438 NA NA NA NA NA NA NA NA NA NA NA NA NA NA NA NA NA NA 
22 3 11 0.700000 0 2 0 1 1.021285 0 10 10 590 354 3 401 435 NA NA NA NA NA NA NA NA NA NA NA NA NA NA NA NA NA NA 
22 3 12 0.700000 0 2 1 1 0.795000 0 9 5 391 382 2 423 321 NA NA NA NA NA NA NA NA NA NA NA NA NA NA NA NA NA NA 
22 3 13 0.700000 0 5 1 1 0.775114 1 5 7 616 398 6 543 305 10 519 442 4 392 390 1 482 296 NA NA NA NA NA NA NA NA NA 
22 3 14 0.700000 0 2 1 1 0.683077 1 9 7 449 424 2 574 307 NA NA NA NA NA NA NA NA NA NA NA NA NA NA NA NA NA NA 
22 3 15 0.700000 0 8 1 1 0.852598 7 10 6 579 373 2 472 309 8 487 450 3 425 460 5 614 444 4 621 299 9 559 470 1 408 348 
22 3 16 0.700000 0 5 0 0 1.195143 3 2 7 436 361 3 609 402 1 598 309 2 445 442 5 509 321 NA NA NA NA NA NA NA NA NA 
22 3 17 0.700000 0 8 0 0 0.652284 1 2 1 533 439 2 584 353 6 414 473 9 422 318 8 492 329 5 469 436 3 593 463 4 413 383 
22 3 18 0.700000 0 2 0 0 0.693747 0 9 9 476 431 10 557 455 NA NA NA NA NA NA NA NA NA NA NA NA NA NA NA NA NA NA 
22 3 19 0.700000 0 5 1 1 0.966527 2 8 7 540 437 2 601 434 10 457 456 4 453 368 1 587 368 NA NA NA NA NA NA NA NA NA 
22 3 20 0.700000 0 8 1 1 0.505733 4 10 5 610 390 7 453 337 4 441 440 6 524 458 9 616 329 8 633 474 1 400 364 2 526 299 
22 3 21 0.700000 0 5 1 1 0.468277 0 4 5 581 413 3 445 371 1 428 461 6 535 317 9 387 387 NA NA NA NA NA NA NA NA NA 
22 3 22 0.700000 0 2 0 0 0.947699 1 2 10 607 452 2 479 444 NA NA NA NA NA NA NA NA NA NA NA NA NA NA NA NA NA NA 
22 3 23 0.700000 0 5 1 1 0.757332 0 6 3 625 393 10 551 321 2 403 462 1 464 463 7 403 397 NA NA NA NA NA NA NA NA NA 
22 3 24 0.700000 0 5 1 1 0.620308 0 10 6 598 453 3 478 473 9 410 387 5 498 298 8 407 470 NA NA NA NA NA NA NA NA NA 
22 3 25 0.700000 0 2 1 1 1.262578 0 2 3 408 395 6 617 473 NA NA NA NA NA NA NA NA NA NA NA NA NA NA NA NA NA NA 
22 3 26 0.700000 0 8 1 1 0.551882 4 8 1 535 470 5 620 383 3 459 418 6 590 318 7 466 319 10 408 335 2 633 464 9 400 394 
22 3 27 0.700000 0 8 1 1 0.525700 7 6 10 417 412 3 626 408 9 504 446 7 477 336 1 580 449 8 607 325 5 410 305 2 535 318 
22 3 28 0.700000 0 5 1 1 0.610843 0 1 9 435 370 4 572 420 10 625 346 2 411 428 5 513 301 NA NA NA NA NA NA NA NA NA 
22 3 29 0.700000 0 2 1 1 0.679987 0 2 7 395 296 9 562 340 NA NA NA NA NA NA NA NA NA NA NA NA NA NA NA NA NA NA 
22 3 30 0.700000 0 5 1 1 0.596076 1 4 6 535 458 3 429 310 1 607 313 8 453 364 9 610 411 NA NA NA NA NA NA NA NA NA 
22 3 31 0.700000 0 5 1 1 0.595575 3 9 1 461 326 4 620 443 6 461 446 3 418 385 2 563 351 NA NA NA NA NA NA NA NA NA 
22 3 32 0.700000 0 5 0 0 0.987240 3 1 5 580 445 8 635 389 2 491 442 1 583 326 9 465 323 NA NA NA NA NA NA NA NA NA 
22 3 33 0.700000 0 8 1 1 0.695523 5 10 1 623 327 4 425 460 9 566 356 2 490 448 6 552 466 5 421 313 3 549 300 8 624 420 
22 3 34 0.700000 0 5 0 0 0.809345 2 2 6 631 294 1 551 306 2 422 402 10 393 297 5 631 461 NA NA NA NA NA NA NA NA NA 
22 3 35 0.700000 0 5 1 1 1.133593 3 1 8 430 333 10 592 374 6 487 445 2 561 295 5 433 399 NA NA NA NA NA NA NA NA NA 
22 3 36 0.700000 0 5 1 1 0.689549 2 8 10 452 353 3 565 474 9 610 316 2 623 427 7 489 460 NA NA NA NA NA NA NA NA NA 
22 3 37 0.700000 0 5 1 1 1.366391 4 10 2 408 373 1 571 456 7 618 308 3 636 402 9 459 443 NA NA NA NA NA NA NA NA NA 
22 3 38 0.700000 0 8 0 1 1.202875 5 1 5 592 392 8 629 308 9 530 317 6 409 407 10 524 467 1 395 318 2 445 466 7 449 360 
22 3 39 0.700000 0 8 1 1 1.211664 3 7 8 399 340 1 500 316 5 435 461 2 576 410 3 494 455 4 637 426 6 585 323 9 452 401 
22 3 40 0.700000 0 8 1 1 0.990290 1 9 8 455 324 1 398 373 6 489 468 4 599 356 5 439 433 10 600 457 7 528 307 2 392 312 
22 3 41 0.700000 0 8 0 0 1.224315 3 10 8 429 425 1 399 360 5 620 343 10 521 468 9 622 428 6 488 323 3 555 339 2 406 294 
22 3 42 0.700000 0 2 1 1 0.962279 1 2 5 444 318 10 609 443 NA NA NA NA NA NA NA NA NA NA NA NA NA NA NA NA NA NA 
22 3 43 0.700000 0 2 0 0 1.085818 1 8 1 387 326 8 394 404 NA NA NA NA NA NA NA NA NA NA NA NA NA NA NA NA NA NA 
22 3 44 0.700000 0 2 1 1 0.730227 1 7 1 405 447 10 621 419 NA NA NA NA NA NA NA NA NA NA NA NA NA NA NA NA NA NA 
22 3 45 0.700000 0 2 1 1 0.529303 1 3 10 607 415 1 500 467 NA NA NA NA NA NA NA NA NA NA NA NA NA NA NA NA NA NA 
22 3 46 0.700000 0 8 1 0 1.010121 2 2 6 435 393 4 434 470 7 636 462 5 567 337 8 534 444 9 499 297 1 636 369 10 401 345 
22 3 47 0.700000 0 8 0 1 1.294289 6 8 3 633 300 1 441 458 4 637 388 9 407 310 2 418 373 6 590 424 8 536 296 10 583 332 
22 3 48 0.700000 0 8 1 0 1.361548 0 10 4 434 329 6 486 440 3 554 318 1 388 381 2 617 390 8 409 454 9 576 451 5 620 308 
22 3 49 0.700000 0 8 1 1 0.587062 1 8 4 416 416 3 574 418 5 477 440 2 416 317 7 590 327 10 479 318 1 632 420 6 548 470 
22 3 50 0.700000 0 2 1 1 0.600088 0 6 7 438 298 4 545 437 NA NA NA NA NA NA NA NA NA NA NA NA NA NA NA NA NA NA 
22 3 51 0.700000 0 5 1 1 0.596625 2 5 7 542 330 6 454 356 9 631 436 8 568 427 10 484 458 NA NA NA NA NA NA NA NA NA 
22 3 52 0.700000 0 2 1 1 0.843081 1 6 7 622 336 5 387 316 NA NA NA NA NA NA NA NA NA NA NA NA NA NA NA NA NA NA 
22 3 53 0.700000 0 8 1 1 0.658647 5 2 9 531 300 3 620 343 4 456 451 5 622 474 1 631 412 7 444 364 10 540 452 6 391 448 
22 3 54 0.700000 0 2 1 1 0.442760 0 6 5 622 472 3 419 313 NA NA NA NA NA NA NA NA NA NA NA NA NA NA NA NA NA NA 
22 3 55 0.700000 0 5 0 1 0.559519 3 3 5 604 422 6 493 309 7 479 434 3 627 334 9 416 329 NA NA NA NA NA NA NA NA NA 
22 3 56 0.700000 0 8 1 1 0.706180 5 6 10 429 342 7 551 453 5 612 470 3 454 409 8 538 308 4 605 401 2 623 312 1 401 458 
22 3 57 0.700000 0 2 1 1 0.723152 1 6 3 590 312 9 476 446 NA NA NA NA NA NA NA NA NA NA NA NA NA NA NA NA NA NA 
22 3 58 0.700000 0 5 0 1 0.712127 0 10 10 410 322 7 568 358 1 567 454 3 506 469 9 437 446 NA NA NA NA NA NA NA NA NA 
22 3 59 0.700000 0 8 0 0 0.690609 6 2 9 547 311 7 570 401 8 394 327 6 463 314 5 393 397 3 435 446 2 628 450 1 636 311 
22 4 0 0.500000 0 5 1 1 0.585003 3 9 7 546 320 1 439 397 6 634 473 3 415 332 2 570 397 NA NA NA NA NA NA NA NA NA 
22 4 1 0.500000 0 2 1 1 0.749636 0 8 9 603 394 5 425 403 NA NA NA NA NA NA NA NA NA NA NA NA NA NA NA NA NA NA 
22 4 2 0.500000 0 2 0 0 0.574497 0 3 3 484 455 7 400 353 NA NA NA NA NA NA NA NA NA NA NA NA NA NA NA NA NA NA 
22 4 3 0.500000 0 8 1 1 0.533696 1 10 8 448 461 6 402 357 4 468 319 3 599 427 2 527 317 1 602 304 7 406 416 9 518 464 
22 4 4 0.500000 0 8 0 1 0.508056 2 9 7 400 399 3 510 466 9 457 363 8 625 338 6 467 422 5 574 472 2 521 310 4 407 332 
22 4 5 0.500000 0 5 0 0 0.778385 4 1 5 538 457 10 402 384 6 559 309 2 461 312 1 610 451 NA NA NA NA NA NA NA NA NA 
22 4 6 0.500000 0 8 1 1 1.155496 0 8 9 446 346 5 392 294 2 625 347 6 601 401 10 389 389 4 465 467 1 562 307 3 622 463 
22 4 7 0.500000 0 5 1 1 1.138908 4 5 9 494 452 1 412 307 3 423 419 10 480 335 7 628 438 NA NA NA NA NA NA NA NA NA 
22 4 8 0.500000 0 5 1 1 0.933557 3 5 4 465 303 10 630 431 7 609 376 2 434 439 9 390 395 NA NA NA NA NA NA NA NA NA 
22 4 9 0.500000 0 5 1 1 0.605967 4 3 8 575 390 1 444 438 5 418 313 4 512 296 10 633 324 NA NA NA NA NA NA NA NA NA 
22 4 10 0.500000 0 5 0 1 0.562654 4 10 8 575 427 5 632 384 9 468 324 2 577 295 10 416 461 NA NA NA NA NA NA NA NA NA 
22 4 11 0.500000 0 8 0 1 0.961334 2 7 10 453 471 5 591 403 7 611 326 3 387 448 2 518 464 6 433 346 8 606 469 4 473 296 
22 4 12 0.500000 0 2 0 0 0.830403 1 9 7 561 436 9 571 322 NA NA NA NA NA NA NA NA NA NA NA NA NA NA NA NA NA NA 
22 4 13 0.500000 0 8 1 1 0.453910 4 5 7 396 406 10 602 368 2 538 453 6 458 429 4 637 459 1 597 309 3 403 474 9 500 297 
22 4 14 0.500000 0 2 1 1 0.530157 1 4 8 443 403 3 578 362 NA NA NA NA NA NA NA NA NA NA NA NA NA NA NA NA NA NA 
22 4 15 0.500000 0 5 0 0 0.680938 2 1 8 459 424 2 609 410 1 460 351 3 591 325 6 512 452 NA NA NA NA NA NA NA NA NA 
22 4 16 0.500000 0 8 1 1 0.527060 4 8 5 584 294 10 551 430 9 406 404 6 632 451 2 407 329 1 474 303 7 608 388 4 465 448 
22 4 17 0.500000 0 2 0 0 0.831424 0 9 9 421 329 8 603 353 NA NA NA NA NA NA NA NA NA NA NA NA NA NA NA NA NA NA 
22 4 18 0.500000 0 2 1 1 0.595820 0 7 4 615 459 1 592 382 NA NA NA NA NA NA NA NA NA NA NA NA NA NA NA NA NA NA 
22 4 19 0.500000 0 5 1 1 0.836670 4 3 1 447 319 8 560 435 5 588 321 6 419 434 2 630 367 NA NA NA NA NA NA NA NA NA 
22 4 20 0.500000 0 2 1 1 0.527409 1 3 1 575 362 5 426 440 NA NA NA NA NA NA NA NA NA NA NA NA NA NA NA NA NA NA 
22 4 21 0.500000 0 5 0 1 1.107864 1 10 6 446 336 10 474 471 2 637 346 3 605 457 1 406 454 NA NA NA NA NA NA NA NA NA 
22 4 22 0.500000 0 2 0 0 0.440403 0 2 2 532 306 4 615 439 NA NA NA NA NA NA NA NA NA NA NA NA NA NA NA NA NA NA 
22 4 23 0.500000 0 2 1 1 0.455074 0 3 2 441 453 7 399 366 NA NA NA NA NA NA NA NA NA NA NA NA NA NA NA NA NA NA 
22 4 24 0.500000 0 8 1 1 0.842240 1 7 5 467 433 1 420 305 2 477 333 6 580 299 9 637 402 8 416 471 10 556 467 4 387 419 
22 4 25 0.500000 0 2 0 0 0.548341 0 2 2 555 310 8 570 428 NA NA NA NA NA NA NA NA NA NA NA NA NA NA NA NA NA NA 
22 4 26 0.500000 0 2 0 0 1.610164 1 5 8 560 312 5 454 455 NA NA NA NA NA NA NA NA NA NA NA NA NA NA NA NA NA NA 
22 4 27 0.500000 0 2 0 0 0.750802 0 5 5 424 343 7 530 313 NA NA NA NA NA NA NA NA NA NA NA NA NA NA NA NA NA NA 
22 4 28 0.500000 0 5 1 1 0.803722 4 9 10 599 472 2 604 340 1 465 457 7 541 310 6 450 363 NA NA NA NA NA NA NA NA NA 
22 4 29 0.500000 0 5 0 1 1.176816 1 3 4 570 413 3 619 343 2 445 295 1 547 321 8 575 473 NA NA NA NA NA NA NA NA NA 
22 4 30 0.500000 0 8 0 0 0.845997 7 2 3 636 427 9 554 445 7 482 304 10 428 393 6 623 348 4 444 469 5 406 321 2 567 327 
22 4 31 0.500000 0 2 1 1 0.604149 1 8 2 628 295 7 387 446 NA NA NA NA NA NA NA NA NA NA NA NA NA NA NA NA NA NA 
22 4 32 0.500000 0 5 1 1 0.687789 1 4 5 486 294 3 590 301 1 634 400 7 572 445 9 443 398 NA NA NA NA NA NA NA NA NA 
22 4 33 0.500000 0 5 0 0 0.820660 3 1 8 420 374 6 412 450 7 524 314 1 615 300 3 559 430 NA NA NA NA NA NA NA NA NA 
22 4 34 0.500000 0 2 1 1 0.658215 1 3 5 400 394 4 445 349 NA NA NA NA NA NA NA NA NA NA NA NA NA NA NA NA NA NA 
22 4 35 0.500000 0 8 1 0 1.157813 3 7 1 461 433 8 522 305 10 468 339 3 635 422 9 603 318 5 413 366 4 547 462 2 572 402 
22 4 36 0.500000 0 5 0 0 0.782257 0 7 7 391 442 5 405 343 2 449 422 4 629 315 6 620 454 NA NA NA NA NA NA NA NA NA 
22 4 37 0.500000 0 8 0 1 0.610072 6 6 9 581 423 2 596 358 1 528 451 8 511 309 10 452 455 3 396 338 6 423 392 5 576 295 
22 4 38 0.500000 0 2 1 1 0.496234 0 10 6 453 468 8 636 399 NA NA NA NA NA NA NA NA NA NA NA NA NA NA NA NA NA NA 
22 4 39 0.500000 0 8 1 0 0.707287 2 2 8 411 394 9 520 318 10 597 451 3 435 459 7 456 345 4 586 362 5 605 301 6 503 443 
22 4 40 0.500000 0 5 1 1 0.561031 1 8 9 476 305 5 534 444 1 415 343 10 602 325 4 392 459 NA NA NA NA NA NA NA NA NA 
22 4 41 0.500000 0 8 0 1 0.494063 7 10 1 390 329 6 561 323 5 629 403 2 462 434 8 415 392 4 620 327 7 601 455 10 477 334 
22 4 42 0.500000 0 8 1 1 0.579786 0 10 6 416 300 3 454 370 2 402 434 5 536 323 7 598 355 1 604 294 4 476 464 8 605 445 
22 4 43 0.500000 0 8 0 0 0.677372 3 4 5 396 399 10 410 339 8 399 471 4 532 305 9 601 420 3 467 305 1 492 465 6 632 345 
22 4 44 0.500000 0 2 1 1 0.528848 0 5 8 397 410 7 428 304 NA NA NA NA NA NA NA NA NA NA NA NA NA NA NA NA NA NA 
22 4 45 0.500000 0 5 1 1 0.566173 2 4 6 565 294 9 470 343 8 390 409 7 403 337 3 625 438 NA NA NA NA NA NA NA NA NA 
22 4 46 0.500000 0 5 0 1 1.397584 1 6 7 598 407 6 433 469 1 435 389 9 627 327 2 573 300 NA NA NA NA NA NA NA NA NA 
22 4 47 0.500000 0 8 0 1 0.442680 0 10 10 602 312 1 442 294 3 573 384 4 430 403 2 501 303 5 533 459 9 390 461 6 603 454 
22 4 48 0.500000 0 2 1 1 0.568342 0 8 1 507 297 5 580 327 NA NA NA NA NA NA NA NA NA NA NA NA NA NA NA NA NA NA 
22 4 49 0.500000 0 5 0 0 0.652803 3 2 5 480 453 10 399 357 7 618 309 2 624 370 8 558 431 NA NA NA NA NA NA NA NA NA 
22 4 50 0.500000 0 2 0 0 0.530055 1 8 5 608 357 8 406 391 NA NA NA NA NA NA NA NA NA NA NA NA NA NA NA NA NA NA 
22 4 51 0.500000 0 8 1 1 0.843528 2 3 9 389 308 2 571 303 6 421 469 1 636 332 5 482 302 10 605 398 8 455 409 7 593 463 
22 4 52 0.500000 0 5 1 1 0.395840 4 9 10 482 315 1 390 451 2 554 321 4 450 428 5 637 471 NA NA NA NA NA NA NA NA NA 
22 4 53 0.500000 0 2 0 0 0.657542 1 1 5 435 388 1 628 307 NA NA NA NA NA NA NA NA NA NA NA NA NA NA NA NA NA NA 
22 4 54 0.500000 0 8 0 1 1.015658 6 3 8 391 449 7 636 380 2 568 327 5 630 315 6 569 397 4 390 356 3 500 307 10 529 456 
22 4 55 0.500000 0 5 0 1 0.877922 1 7 8 425 297 7 637 325 10 424 383 6 572 353 4 422 454 NA NA NA NA NA NA NA NA NA 
22 4 56 0.500000 0 8 1 1 0.781414 3 10 9 431 440 6 413 373 2 462 303 1 619 335 8 610 435 7 575 382 4 568 305 5 492 442 
22 4 57 0.500000 0 2 0 0 0.797948 0 9 9 614 412 8 423 387 NA NA NA NA NA NA NA NA NA NA NA NA NA NA NA NA NA NA 
22 4 58 0.500000 0 8 0 0 0.687444 3 7 1 390 302 4 420 445 6 544 317 7 636 430 5 593 472 2 505 446 10 455 396 3 615 339 
22 4 59 0.500000 0 8 0 0 0.636463 4 2 1 446 388 3 585 425 10 549 326 6 396 324 2 612 296 8 431 466 5 492 450 7 491 307 
22 5 0 0.300000 0 5 1 0 0.579291 1 8 2 410 389 6 459 354 3 616 365 9 540 315 10 601 461 NA NA NA NA NA NA NA NA NA 
22 5 1 0.300000 0 8 1 0 0.414823 5 9 5 448 309 10 446 413 2 470 473 7 515 303 1 625 445 4 601 332 8 558 461 3 400 362 
22 5 2 0.300000 0 8 0 0 0.452615 5 4 8 539 443 2 472 334 5 460 432 3 387 334 1 577 335 4 605 462 7 401 404 10 627 366 
22 5 3 0.300000 0 2 1 1 0.686270 0 8 10 394 356 3 581 440 NA NA NA NA NA NA NA NA NA NA NA NA NA NA NA NA NA NA 
22 5 4 0.300000 0 2 0 0 0.589035 1 5 6 463 313 5 592 380 NA NA NA NA NA NA NA NA NA NA NA NA NA NA NA NA NA NA 
22 5 5 0.300000 0 2 1 1 0.570226 0 4 10 619 351 2 510 454 NA NA NA NA NA NA NA NA NA NA NA NA NA NA NA NA NA NA 
22 5 6 0.300000 0 8 0 0 0.695582 0 2 2 499 324 10 600 381 6 499 467 8 563 435 5 441 433 3 420 344 1 623 310 7 566 322 
22 5 7 0.300000 0 8 0 1 0.503963 5 10 3 603 295 5 388 459 2 625 391 1 532 295 4 502 458 10 451 317 9 589 474 8 400 376 
22 5 8 0.300000 0 5 0 0 0.446830 3 3 8 630 375 6 551 428 7 421 333 3 455 431 1 508 472 NA NA NA NA NA NA NA NA NA 
22 5 9 0.300000 0 8 1 0 0.375077 2 8 10 399 347 5 409 452 1 507 303 9 624 453 7 630 294 3 560 453 6 582 373 4 474 447 
22 5 10 0.300000 0 8 1 0 0.402092 3 3 2 415 380 9 548 453 5 525 309 4 387 296 1 574 388 6 399 443 10 448 320 8 621 429 
22 5 11 0.300000 0 8 0 0 0.921133 4 10 9 417 336 1 551 313 4 455 469 2 565 423 10 391 427 3 454 409 6 634 395 8 624 320 
22 5 12 0.300000 0 5 1 1 0.414943 0 6 5 464 340 7 605 354 10 426 454 1 615 423 4 396 398 NA NA NA NA NA NA NA NA NA 
22 5 13 0.300000 0 5 0 0 1.468965 2 5 2 511 325 6 627 409 5 546 473 8 481 436 1 406 393 NA NA NA NA NA NA NA NA NA 
22 5 14 0.300000 0 2 0 0 0.475309 1 8 6 414 457 8 482 453 NA NA NA NA NA NA NA NA NA NA NA NA NA NA NA NA NA NA 
22 5 15 0.300000 0 5 0 1 0.826896 1 10 9 569 466 10 589 407 4 458 454 7 542 306 5 425 315 NA NA NA NA NA NA NA NA NA 
22 5 16 0.300000 0 2 0 0 0.398148 0 1 1 452 422 6 394 297 NA NA NA NA NA NA NA NA NA NA NA NA NA NA NA NA NA NA 
22 5 17 0.300000 0 5 0 1 0.811505 0 7 7 550 472 5 584 324 1 440 318 9 395 473 3 460 464 NA NA NA NA NA NA NA NA NA 
22 5 18 0.300000 0 2 0 0 0.437610 0 9 9 596 342 5 548 442 NA NA NA NA NA NA NA NA NA NA NA NA NA NA NA NA NA NA 
22 5 19 0.300000 0 2 0 0 0.417027 1 6 9 479 445 6 561 324 NA NA NA NA NA NA NA NA NA NA NA NA NA NA NA NA NA NA 
22 5 20 0.300000 0 5 0 1 0.562034 2 5 4 567 473 7 590 413 5 559 343 2 504 309 1 418 436 NA NA NA NA NA NA NA NA NA 
22 5 21 0.300000 0 5 1 0 0.649580 3 5 1 534 318 8 395 377 10 608 297 7 597 361 6 423 326 NA NA NA NA NA NA NA NA NA 
22 5 22 0.300000 0 5 0 1 0.607142 2 3 7 417 411 2 576 320 3 609 420 8 442 334 5 486 438 NA NA NA NA NA NA NA NA NA 
22 5 23 0.300000 0 8 0 1 0.861091 4 5 2 410 340 1 562 318 6 446 414 10 607 414 5 459 306 4 564 459 9 621 302 7 401 454 
22 5 24 0.300000 0 2 0 0 0.353128 0 1 1 415 382 7 421 443 NA NA NA NA NA NA NA NA NA NA NA NA NA NA NA NA NA NA 
22 5 25 0.300000 0 5 0 0 0.407662 2 4 8 514 460 3 615 425 4 433 318 7 594 345 6 446 406 NA NA NA NA NA NA NA NA NA 
22 5 26 0.300000 0 8 0 0 0.296000 0 3 3 615 380 4 586 434 7 463 459 10 447 355 5 394 461 6 542 295 9 415 405 2 389 343 
22 5 27 0.300000 0 5 0 0 0.617519 2 4 10 636 315 7 412 369 4 634 464 1 592 416 6 481 305 NA NA NA NA NA NA NA NA NA 
22 5 28 0.300000 0 2 0 0 0.395127 0 7 7 518 321 8 580 385 NA NA NA NA NA NA NA NA NA NA NA NA NA NA NA NA NA NA 
22 5 29 0.300000 0 8 1 0 0.367837 1 7 5 586 325 4 510 468 8 576 433 10 451 323 2 442 425 6 387 396 9 633 375 1 516 316 
22 5 30 0.300000 0 2 0 0 0.551579 0 8 8 396 327 9 406 470 NA NA NA NA NA NA NA NA NA NA NA NA NA NA NA NA NA NA 
22 5 31 0.300000 0 2 0 0 0.641955 0 10 10 397 392 7 617 408 NA NA NA NA NA NA NA NA NA NA NA NA NA NA NA NA NA NA 
22 5 32 0.300000 0 8 0 0 0.622083 2 8 2 405 352 6 532 454 8 622 426 5 450 435 7 471 321 9 580 330 4 387 294 3 389 463 
22 5 33 0.300000 0 2 1 1 0.599576 1 3 1 487 449 8 447 353 NA NA NA NA NA NA NA NA NA NA NA NA NA NA NA NA NA NA 
22 5 34 0.300000 0 5 0 1 0.997766 0 4 4 459 441 8 389 417 1 579 448 9 579 390 6 454 359 NA NA NA NA NA NA NA NA NA 
22 5 35 0.300000 0 5 1 0 0.714850 0 2 7 452 341 4 542 313 6 570 388 5 619 325 10 390 327 NA NA NA NA NA NA NA NA NA 
22 5 36 0.300000 0 2 0 0 0.457001 1 7 1 615 468 7 399 363 NA NA NA NA NA NA NA NA NA NA NA NA NA NA NA NA NA NA 
22 5 37 0.300000 0 8 1 0 0.788204 3 7 3 565 330 2 562 433 4 442 362 1 477 310 8 465 474 5 409 411 6 627 326 9 626 396 
22 5 38 0.300000 0 5 0 1 1.700033 2 5 6 458 447 10 580 423 5 516 463 3 614 325 9 395 353 NA NA NA NA NA NA NA NA NA 
22 5 39 0.300000 0 2 1 0 0.510319 1 1 10 593 317 4 448 333 NA NA NA NA NA NA NA NA NA NA NA NA NA NA NA NA NA NA 
22 5 40 0.300000 0 8 0 1 0.953771 0 6 6 571 365 10 443 436 3 468 300 9 607 423 2 594 299 5 393 321 1 525 444 8 429 378 
22 5 41 0.300000 0 5 0 1 0.506421 4 3 4 433 409 1 570 351 6 512 312 5 475 472 3 431 298 NA NA NA NA NA NA NA NA NA 
22 5 42 0.300000 0 8 0 0 0.343380 7 2 10 476 323 5 615 305 9 551 317 1 409 466 8 560 458 7 407 348 4 632 385 2 486 451 
22 5 43 0.300000 0 2 0 0 0.485553 0 9 9 397 474 1 557 457 NA NA NA NA NA NA NA NA NA NA NA NA NA NA NA NA NA NA 
22 5 44 0.300000 0 2 1 1 0.556199 0 8 3 531 445 4 610 304 NA NA NA NA NA NA NA NA NA NA NA NA NA NA NA NA NA NA 
22 5 45 0.300000 0 8 0 0 0.505970 7 2 1 504 445 7 588 418 5 448 422 6 423 363 9 622 303 8 558 341 10 632 461 2 405 466 
22 5 46 0.300000 0 5 0 0 0.468481 1 4 2 487 325 4 603 436 7 401 387 10 574 311 1 580 376 NA NA NA NA NA NA NA NA NA 
22 5 47 0.300000 0 2 0 0 0.499077 0 7 7 435 303 9 411 443 NA NA NA NA NA NA NA NA NA NA NA NA NA NA NA NA NA NA 
22 5 48 0.300000 0 8 0 1 0.561271 2 4 3 405 422 10 559 347 4 474 453 7 628 351 6 594 465 5 389 325 1 446 309 8 533 472 
22 5 49 0.300000 0 8 0 0 0.359427 1 7 2 570 322 7 598 374 1 406 373 8 446 446 6 630 452 5 506 452 3 458 312 9 398 296 
22 5 50 0.300000 0 8 1 0 0.527580 5 6 4 467 451 1 585 311 2 421 304 5 545 446 8 613 386 7 526 317 9 618 471 10 401 391 
22 5 51 0.300000 0 5 0 0 0.684285 3 4 10 627 465 2 521 465 8 432 420 4 583 349 3 387 348 NA NA NA NA NA NA NA NA NA 
22 5 52 0.300000 0 8 0 0 0.618145 6 8 10 608 455 1 580 301 3 603 395 9 451 447 4 401 332 6 505 304 8 548 438 2 637 312 
22 5 53 0.300000 0 5 1 1 0.521082 4 10 5 594 394 9 415 467 4 522 442 3 414 367 7 484 300 NA NA NA NA NA NA NA NA NA 
22 5 54 0.300000 0 5 1 1 0.567367 0 1 3 595 426 6 507 294 8 437 369 4 571 333 2 418 426 NA NA NA NA NA NA NA NA NA 
22 5 55 0.300000 0 5 0 0 0.774472 2 8 4 578 357 7 427 431 8 415 340 9 559 468 5 619 403 NA NA NA NA NA NA NA NA NA 
22 5 56 0.300000 0 8 0 0 0.492120 4 8 4 529 326 10 415 427 7 602 441 5 611 383 8 457 313 6 520 472 1 607 314 2 391 362 
22 5 57 0.300000 0 2 0 0 0.636033 0 8 8 472 450 7 597 413 NA NA NA NA NA NA NA NA NA NA NA NA NA NA NA NA NA NA 
22 5 58 0.300000 0 2 1 1 0.529682 0 5 2 402 343 6 443 423 NA NA NA NA NA NA NA NA NA NA NA NA NA NA NA NA NA NA 
22 5 59 0.300000 0 2 0 0 0.686267 1 10 3 401 359 10 595 372 NA NA NA NA NA NA NA NA NA NA NA NA NA NA NA NA NA NA 
22 6 0 0.500000 0 8 1 1 0.515473 3 5 1 584 334 9 586 419 7 399 379 2 536 469 10 429 469 4 464 330 3 485 437 8 387 309 
22 6 1 0.500000 0 2 1 1 0.525686 1 1 9 586 323 6 413 336 NA NA NA NA NA NA NA NA NA NA NA NA NA NA NA NA NA NA 
22 6 2 0.500000 0 8 0 0 0.414374 4 8 7 585 363 1 479 460 4 396 474 6 541 308 8 615 459 3 542 434 5 630 324 2 480 315 
22 6 3 0.500000 0 8 1 1 0.939818 3 10 8 400 412 1 549 329 4 490 309 2 462 461 5 573 395 3 613 322 7 418 316 9 585 462 
22 6 4 0.500000 0 8 1 1 0.665137 5 7 8 459 345 9 556 328 3 632 398 1 517 448 4 403 296 5 447 450 10 615 307 6 507 294 
22 6 5 0.500000 0 5 0 0 1.996126 0 3 3 561 310 8 576 393 1 423 345 6 502 446 10 402 430 NA NA NA NA NA NA NA NA NA 
22 6 6 0.500000 0 2 0 0 0.719184 0 9 9 594 299 1 465 325 NA NA NA NA NA NA NA NA NA NA NA NA NA NA NA NA NA NA 
22 6 7 0.500000 0 8 0 1 0.489790 5 5 3 431 308 10 433 374 8 613 443 7 596 377 2 449 471 5 524 467 1 590 316 4 529 314 
22 6 8 0.500000 0 5 1 1 0.715658 1 8 7 441 405 2 553 431 3 428 294 6 637 431 5 617 334 NA NA NA NA NA NA NA NA NA 
22 6 9 0.500000 0 5 1 0 0.914096 1 5 4 610 465 9 453 370 10 396 309 6 424 458 1 539 312 NA NA NA NA NA NA NA NA NA 
22 6 10 0.500000 0 2 0 1 0.540552 1 9 8 436 377 9 452 307 NA NA NA NA NA NA NA NA NA NA NA NA NA NA NA NA NA NA 
22 6 11 0.500000 0 8 0 0 0.819229 1 9 2 631 352 9 585 463 3 392 400 5 468 308 6 560 331 1 401 315 7 391 471 8 452 367 
22 6 12 0.500000 0 5 1 1 1.080117 3 5 9 499 302 7 539 473 1 616 363 10 566 331 8 410 458 NA NA NA NA NA NA NA NA NA 
22 6 13 0.500000 0 8 0 1 0.492957 4 4 10 581 474 2 636 378 7 424 305 9 405 451 4 454 384 1 578 328 5 510 459 6 572 410 
22 6 14 0.500000 0 5 0 0 0.600037 3 3 7 475 460 10 560 464 4 626 389 3 636 447 6 478 298 NA NA NA NA NA NA NA NA NA 
22 6 15 0.500000 0 2 1 1 0.942036 0 8 4 572 419 2 427 404 NA NA NA NA NA NA NA NA NA NA NA NA NA NA NA NA NA NA 
22 6 16 0.500000 0 2 1 1 0.639662 0 10 8 615 319 4 620 447 NA NA NA NA NA NA NA NA NA NA NA NA NA NA NA NA NA NA 
22 6 17 0.500000 0 8 1 1 0.674818 6 6 2 567 313 5 435 444 7 617 359 4 406 346 3 599 440 1 451 386 8 508 302 10 511 471 
22 6 18 0.500000 0 2 1 1 0.669484 0 1 4 636 324 2 558 456 NA NA NA NA NA NA NA NA NA NA NA NA NA NA NA NA NA NA 
22 6 19 0.500000 0 2 0 0 0.858525 1 5 7 599 369 5 606 308 NA NA NA NA NA NA NA NA NA NA NA NA NA NA NA NA NA NA 
22 6 20 0.500000 0 8 0 1 0.577400 3 6 3 435 434 1 590 386 9 408 361 6 545 443 2 524 302 5 454 312 4 608 322 7 631 462 
22 6 21 0.500000 0 8 0 1 1.207855 0 3 3 592 466 6 401 356 9 441 444 4 622 381 5 512 468 2 569 309 1 486 311 7 626 295 
22 6 22 0.500000 0 8 0 0 0.604720 3 3 2 586 301 9 593 388 6 435 329 3 418 453 4 567 444 5 447 390 7 632 448 1 634 343 
22 6 23 0.500000 0 8 1 0 0.779436 5 4 6 403 301 10 511 305 3 447 471 5 588 303 2 589 424 8 388 381 9 583 364 7 444 346 
22 6 24 0.500000 0 2 0 0 1.539946 0 3 3 626 355 1 467 301 NA NA NA NA NA NA NA NA NA NA NA NA NA NA NA NA NA NA 
22 6 25 0.500000 0 8 0 0 0.891526 5 5 9 427 446 8 524 448 10 572 333 4 398 318 2 636 380 5 608 460 6 393 396 3 519 306 
22 6 26 0.500000 0 5 0 0 0.677188 2 1 4 474 301 6 408 381 1 604 462 2 599 332 10 571 392 NA NA NA NA NA NA NA NA NA 
22 6 27 0.500000 0 5 1 1 0.634434 4 4 8 610 469 6 424 310 7 447 436 2 545 443 9 611 383 NA NA NA NA NA NA NA NA NA 
22 6 28 0.500000 0 8 1 0 1.114190 4 5 8 411 431 7 491 295 4 568 400 2 404 360 1 620 330 6 619 451 9 494 459 3 565 306 
22 6 29 0.500000 0 2 1 1 0.617028 1 10 7 491 297 4 497 464 NA NA NA NA NA NA NA NA NA NA NA NA NA NA NA NA NA NA 
22 6 30 0.500000 0 2 1 1 0.569463 1 10 9 621 393 7 406 363 NA NA NA NA NA NA NA NA NA NA NA NA NA NA NA NA NA NA 
22 6 31 0.500000 0 5 1 1 0.658731 3 4 2 408 340 8 633 337 10 559 434 9 505 302 6 619 407 NA NA NA NA NA NA NA NA NA 
22 6 32 0.500000 0 2 0 0 0.772781 1 5 9 453 359 5 607 305 NA NA NA NA NA NA NA NA NA NA NA NA NA NA NA NA NA NA 
22 6 33 0.500000 0 8 1 0 0.989363 1 8 1 474 445 10 444 312 2 606 401 4 541 301 7 407 389 5 607 327 6 546 469 3 614 467 
22 6 34 0.500000 0 2 0 0 0.567470 1 5 1 623 302 5 597 398 NA NA NA NA NA NA NA NA NA NA NA NA NA NA NA NA NA NA 
22 6 35 0.500000 0 2 1 1 0.524222 1 10 6 410 380 5 456 424 NA NA NA NA NA NA NA NA NA NA NA NA NA NA NA NA NA NA 
22 6 36 0.500000 0 2 0 0 0.486812 1 3 1 405 383 3 468 325 NA NA NA NA NA NA NA NA NA NA NA NA NA NA NA NA NA NA 
22 6 37 0.500000 0 2 0 0 0.561176 1 3 4 587 335 3 423 393 NA NA NA NA NA NA NA NA NA NA NA NA NA NA NA NA NA NA 
22 6 38 0.500000 0 5 0 1 0.752464 0 4 4 619 449 5 522 458 3 410 400 2 486 330 10 582 331 NA NA NA NA NA NA NA NA NA 
22 6 39 0.500000 0 8 1 1 0.731131 3 10 1 591 326 9 560 444 3 463 439 7 483 306 4 394 419 6 402 312 8 621 412 5 442 375 
22 6 40 0.500000 0 5 1 0 0.707425 0 8 5 445 343 1 570 331 3 629 438 6 632 331 7 408 397 NA NA NA NA NA NA NA NA NA 
22 6 41 0.500000 0 2 1 1 0.575803 1 3 1 602 399 4 597 331 NA NA NA NA NA NA NA NA NA NA NA NA NA NA NA NA NA NA 
22 6 42 0.500000 0 5 0 1 0.599469 1 10 2 617 408 10 567 459 3 410 368 8 624 301 9 414 304 NA NA NA NA NA NA NA NA NA 
22 6 43 0.500000 0 8 0 1 0.552310 3 10 3 544 301 1 441 316 7 623 381 10 443 468 4 443 379 2 606 299 6 512 460 8 628 449 
22 6 44 0.500000 0 5 0 1 0.722532 4 5 1 524 308 8 397 375 4 537 439 3 468 328 5 611 470 NA NA NA NA NA NA NA NA NA 
22 6 45 0.500000 0 5 1 0 0.361445 2 4 9 585 415 1 453 350 7 533 310 5 535 469 6 415 452 NA NA NA NA NA NA NA NA NA 
22 6 46 0.500000 0 5 1 0 0.490198 0 8 6 628 312 3 427 375 10 623 473 4 446 314 7 535 449 NA NA NA NA NA NA NA NA NA 
22 6 47 0.500000 0 8 0 0 0.493677 0 4 4 448 385 10 559 457 5 627 325 9 400 333 3 407 447 7 457 296 2 576 297 6 621 418 
22 6 48 0.500000 0 5 0 1 0.659713 3 9 8 519 469 4 447 336 3 424 429 9 568 402 1 617 362 NA NA NA NA NA NA NA NA NA 
22 6 49 0.500000 0 2 1 1 0.787504 1 8 4 492 328 7 504 459 NA NA NA NA NA NA NA NA NA NA NA NA NA NA NA NA NA NA 
22 6 50 0.500000 0 2 0 0 0.464826 1 7 10 435 411 7 395 466 NA NA NA NA NA NA NA NA NA NA NA NA NA NA NA NA NA NA 
22 6 51 0.500000 0 8 1 0 0.615099 4 7 9 581 306 6 424 367 5 619 379 8 545 442 1 469 439 4 478 329 3 632 468 2 401 296 
22 6 52 0.500000 0 8 1 1 0.661615 0 2 7 547 314 3 633 470 9 634 318 10 449 392 8 604 371 5 425 468 6 492 443 4 586 428 
22 6 53 0.500000 0 5 1 0 0.727179 0 8 1 598 419 2 525 466 4 636 365 6 575 313 5 391 319 NA NA NA NA NA NA NA NA NA 
22 6 54 0.500000 0 5 0 0 0.719571 2 1 7 579 474 9 415 351 1 634 327 10 485 320 4 590 365 NA NA NA NA NA NA NA NA NA 
22 6 55 0.500000 0 2 1 1 0.611633 1 9 4 436 341 7 533 326 NA NA NA NA NA NA NA NA NA NA NA NA NA NA NA NA NA NA 
22 6 56 0.500000 0 5 0 0 0.572927 0 3 3 561 435 5 413 303 2 408 374 4 411 470 1 513 297 NA NA NA NA NA NA NA NA NA 
22 6 57 0.500000 0 5 1 0 1.451357 0 5 1 632 419 2 408 306 6 548 471 8 627 359 7 390 423 NA NA NA NA NA NA NA NA NA 
22 6 58 0.500000 0 2 0 0 0.435025 1 3 1 625 391 3 561 472 NA NA NA NA NA NA NA NA NA NA NA NA NA NA NA NA NA NA 
22 6 59 0.500000 0 5 0 0 0.759956 2 8 5 455 312 10 402 417 8 452 467 3 622 353 4 605 420 NA NA NA NA NA NA NA NA NA 
22 7 0 0.700000 0 8 1 0 0.420501 5 7 4 603 397 9 526 316 10 397 375 8 529 460 1 599 315 6 399 297 2 387 458 3 462 309 
22 7 1 0.700000 0 5 1 1 -1.000000 1 3 9 455 331 7 474 443 10 606 368 1 588 467 6 569 320 NA NA NA NA NA NA NA NA NA 
22 7 2 0.700000 0 5 0 0 0.753307 3 6 1 475 315 5 572 424 9 591 313 6 439 460 7 532 298 NA NA NA NA NA NA NA NA NA 
22 7 3 0.700000 0 8 0 0 0.458980 0 1 1 570 327 9 429 328 2 409 394 6 441 444 5 628 468 4 547 454 8 633 313 3 617 401 
22 7 4 0.700000 0 5 1 1 0.274362 3 8 7 571 321 2 461 446 9 582 413 1 459 334 3 406 300 NA NA NA NA NA NA NA NA NA 
22 7 5 0.700000 0 5 1 1 0.411616 2 9 6 623 378 5 452 301 8 463 459 3 401 414 7 546 471 NA NA NA NA NA NA NA NA NA 
22 7 6 0.700000 0 8 1 1 0.499310 0 6 4 629 299 8 619 359 10 489 295 5 407 388 1 424 331 9 631 448 7 561 471 2 392 455 
22 7 7 0.700000 0 2 0 1 0.661306 0 3 3 431 318 2 536 441 NA NA NA NA NA NA NA NA NA NA NA NA NA NA NA NA NA NA 
22 7 8 0.700000 0 5 1 1 0.409873 0 6 3 573 353 9 453 433 8 525 457 7 426 353 4 604 294 NA NA NA NA NA NA NA NA NA 
22 7 9 0.700000 0 5 0 0 1.008595 2 9 8 544 318 4 419 404 9 433 297 5 463 455 6 578 397 NA NA NA NA NA NA NA NA NA 
22 7 10 0.700000 0 5 0 0 0.407964 2 4 3 609 342 8 451 311 4 610 468 1 470 445 6 553 433 NA NA NA NA NA NA NA NA NA 
22 7 11 0.700000 0 8 1 1 1.312897 0 5 3 428 399 10 522 310 1 434 316 9 392 469 7 566 446 4 501 463 6 632 469 2 585 306 
22 7 12 0.700000 0 8 1 1 0.970372 5 10 1 603 410 6 431 369 7 524 316 3 613 297 5 422 451 9 388 321 4 523 465 8 449 303 
22 7 13 0.700000 0 5 1 1 0.381428 0 3 5 412 444 4 573 463 10 504 464 2 636 427 1 413 295 NA NA NA NA NA NA NA NA NA 
22 7 14 0.700000 0 2 0 1 0.707405 0 6 6 617 417 8 426 402 NA NA NA NA NA NA NA NA NA NA NA NA NA NA NA NA NA NA 
22 7 15 0.700000 0 8 0 1 0.524383 1 4 8 440 428 4 411 368 1 552 332 6 508 468 10 457 299 9 567 433 7 621 313 2 624 460 
22 7 16 0.700000 0 2 1 1 0.660860 0 4 5 609 412 10 459 344 NA NA NA NA NA NA NA NA NA NA NA NA NA NA NA NA NA NA 
22 7 17 0.700000 0 8 0 0 1.037176 7 8 4 576 356 2 536 304 7 418 345 9 436 421 5 601 449 6 469 296 10 483 466 8 633 304 
22 7 18 0.700000 0 2 1 1 0.473046 1 4 3 637 367 10 609 299 NA NA NA NA NA NA NA NA NA NA NA NA NA NA NA NA NA NA 
22 7 19 0.700000 0 2 1 1 0.904970 1 2 1 389 339 7 431 440 NA NA NA NA NA NA NA NA NA NA NA NA NA NA NA NA NA NA 
22 7 20 0.700000 0 5 1 1 2.959929 0 10 5 408 311 3 511 326 7 592 315 9 449 422 4 582 428 NA NA NA NA NA NA NA NA NA 
22 7 21 0.700000 0 8 1 1 0.907726 7 3 5 440 335 9 424 441 10 523 297 2 602 337 8 491 455 6 555 424 7 635 442 4 387 363 
22 7 22 0.700000 0 8 1 1 0.620427 0 3 8 479 445 5 625 434 7 585 310 9 442 354 6 546 450 4 510 319 1 388 440 2 604 374 
22 7 23 0.700000 0 5 0 0 0.755155 3 4 5 622 307 1 542 465 10 418 341 4 605 406 3 545 323 NA NA NA NA NA NA NA NA NA 
22 7 24 0.700000 0 2 1 0 0.717089 1 4 8 422 302 9 411 434 NA NA NA NA NA NA NA NA NA NA NA NA NA NA NA NA NA NA 
22 7 25 0.700000 0 2 1 1 0.642494 1 8 4 430 327 9 601 388 NA NA NA NA NA NA NA NA NA NA NA NA NA NA NA NA NA NA 
22 7 26 0.700000 0 2 0 0 0.766092 0 2 2 406 394 7 480 322 NA NA NA NA NA NA NA NA NA NA NA NA NA NA NA NA NA NA 
22 7 27 0.700000 0 8 1 0 0.506873 4 2 6 609 360 1 460 306 8 393 298 3 457 428 10 398 450 9 586 418 5 537 318 7 624 463 
22 7 28 0.700000 0 2 1 1 0.554697 1 9 5 576 304 8 429 441 NA NA NA NA NA NA NA NA NA NA NA NA NA NA NA NA NA NA 
22 7 29 0.700000 0 5 1 1 0.790402 1 10 5 435 430 2 541 468 7 419 297 4 500 294 6 627 372 NA NA NA NA NA NA NA NA NA 
22 7 30 0.700000 0 2 0 0 0.673705 1 3 6 460 410 3 403 371 NA NA NA NA NA NA NA NA NA NA NA NA NA NA NA NA NA NA 
22 7 31 0.700000 0 2 0 0 0.400410 1 6 9 564 422 6 402 345 NA NA NA NA NA NA NA NA NA NA NA NA NA NA NA NA NA NA 
22 7 32 0.700000 0 5 1 1 0.594279 2 4 5 418 434 1 616 324 9 579 451 7 470 330 10 594 381 NA NA NA NA NA NA NA NA NA 
22 7 33 0.700000 0 5 1 1 0.921180 4 8 2 408 307 10 416 397 3 603 348 6 544 301 7 548 453 NA NA NA NA NA NA NA NA NA 
22 7 34 0.700000 0 2 1 1 0.738911 0 8 6 458 446 10 403 426 NA NA NA NA NA NA NA NA NA NA NA NA NA NA NA NA NA NA 
22 7 35 0.700000 0 5 1 1 0.731425 4 4 1 617 469 2 466 325 7 630 350 8 553 313 6 398 339 NA NA NA NA NA NA NA NA NA 
22 7 36 0.700000 0 2 0 0 0.331853 0 9 9 578 356 10 401 463 NA NA NA NA NA NA NA NA NA NA NA NA NA NA NA NA NA NA 
22 7 37 0.700000 0 2 1 1 0.469825 0 3 1 392 323 5 420 401 NA NA NA NA NA NA NA NA NA NA NA NA NA NA NA NA NA NA 
22 7 38 0.700000 0 5 1 1 0.701899 4 5 6 518 457 2 434 345 4 576 320 1 630 371 10 597 432 NA NA NA NA NA NA NA NA NA 
22 7 39 0.700000 0 2 1 1 0.549000 1 8 4 633 353 3 450 333 NA NA NA NA NA NA NA NA NA NA NA NA NA NA NA NA NA NA 
22 7 40 0.700000 0 5 0 1 0.551474 4 1 4 393 443 2 565 352 8 447 312 9 615 447 1 530 442 NA NA NA NA NA NA NA NA NA 
22 7 41 0.700000 0 8 1 1 0.745817 5 9 6 562 305 2 606 369 4 451 313 1 444 381 10 620 296 8 629 458 3 415 474 7 556 448 
22 7 42 0.700000 0 5 1 1 0.524452 4 10 2 616 440 8 392 402 9 467 445 3 627 307 7 570 400 NA NA NA NA NA NA NA NA NA 
22 7 43 0.700000 0 2 1 1 0.509084 0 7 1 430 383 5 610 437 NA NA NA NA NA NA NA NA NA NA NA NA NA NA NA NA NA NA 
22 7 44 0.700000 0 8 1 1 0.704119 1 3 8 402 411 9 492 455 10 576 424 4 577 305 1 631 471 7 417 294 2 488 322 5 448 374 
22 7 45 0.700000 0 5 0 0 0.585959 2 10 1 458 451 7 423 330 10 546 470 8 556 332 4 619 449 NA NA NA NA NA NA NA NA NA 
22 7 46 0.700000 0 2 1 1 1.240615 0 9 7 416 298 3 630 379 NA NA NA NA NA NA NA NA NA NA NA NA NA NA NA NA NA NA 
22 7 47 0.700000 0 2 1 1 0.584368 1 8 7 612 447 2 627 351 NA NA NA NA NA NA NA NA NA NA NA NA NA NA NA NA NA NA 
22 7 48 0.700000 0 8 1 1 0.848758 5 3 2 467 443 1 552 433 6 551 334 4 592 379 10 402 333 7 404 435 9 475 326 5 614 435 
22 7 49 0.700000 0 8 1 1 0.851530 7 10 8 591 399 6 388 455 4 614 467 7 391 303 3 598 318 2 462 447 5 492 313 1 412 400 
22 7 50 0.700000 0 8 1 1 0.900487 5 6 9 436 473 7 440 387 2 496 470 10 603 338 1 399 316 3 487 317 8 555 468 5 599 427 
22 7 51 0.700000 0 8 0 1 0.599386 5 10 9 392 451 4 452 473 3 445 297 2 626 443 7 584 397 10 584 315 6 514 314 8 411 368 
22 7 52 0.700000 0 2 1 1 0.584170 0 10 8 426 343 5 531 323 NA NA NA NA NA NA NA NA NA NA NA NA NA NA NA NA NA NA 
22 7 53 0.700000 0 5 1 0 0.731556 0 1 7 562 295 4 406 390 3 477 437 8 636 425 9 608 347 NA NA NA NA NA NA NA NA NA 
22 7 54 0.700000 0 8 1 0 0.845910 0 4 3 597 309 1 415 352 7 616 366 5 501 327 9 478 433 8 553 457 2 393 453 10 623 470 
22 7 55 0.700000 0 2 1 1 0.562436 1 7 1 591 389 10 437 329 NA NA NA NA NA NA NA NA NA NA NA NA NA NA NA NA NA NA 
22 7 56 0.700000 0 5 1 0 0.526948 4 7 4 492 455 9 395 428 5 606 435 1 576 304 6 598 375 NA NA NA NA NA NA NA NA NA 
22 7 57 0.700000 0 8 1 0 0.722766 6 2 10 415 341 1 571 340 8 429 400 5 543 460 6 486 329 9 636 333 4 435 460 3 603 394 
22 7 58 0.700000 0 8 0 1 0.426335 0 8 8 572 441 4 616 301 1 409 357 7 487 469 9 457 315 6 576 370 10 409 422 5 527 304 
22 7 59 0.700000 0 8 0 0 0.653960 3 4 2 571 403 3 456 403 5 456 316 4 574 342 8 409 444 10 533 450 9 390 321 1 635 297 
22 8 0 0.500000 0 2 0 0 0.864323 0 10 10 512 303 2 437 304 NA NA NA NA NA NA NA NA NA NA NA NA NA NA NA NA NA NA 
22 8 1 0.500000 0 5 0 0 0.377715 1 5 4 458 330 5 567 423 8 630 309 3 568 329 7 397 438 NA NA NA NA NA NA NA NA NA 
22 8 2 0.500000 0 2 1 1 0.890660 1 4 8 494 326 5 599 362 NA NA NA NA NA NA NA NA NA NA NA NA NA NA NA NA NA NA 
22 8 3 0.500000 0 5 1 0 1.181316 1 9 3 611 374 2 532 456 10 441 358 6 492 328 5 437 459 NA NA NA NA NA NA NA NA NA 
22 8 4 0.500000 0 2 1 1 0.531856 0 1 3 611 415 8 389 304 NA NA NA NA NA NA NA NA NA NA NA NA NA NA NA NA NA NA 
22 8 5 0.500000 0 2 0 0 0.651540 1 4 8 568 453 4 488 330 NA NA NA NA NA NA NA NA NA NA NA NA NA NA NA NA NA NA 
22 8 6 0.500000 0 8 0 1 0.405597 0 4 4 570 456 6 591 335 7 402 373 1 462 417 2 630 470 10 506 458 8 482 314 5 410 456 
22 8 7 0.500000 0 5 1 0 0.601314 2 7 5 439 327 10 576 460 4 551 322 8 422 448 9 613 378 NA NA NA NA NA NA NA NA NA 
22 8 8 0.500000 0 8 0 1 0.545714 5 10 4 463 322 8 632 358 6 484 451 5 546 318 9 398 309 10 418 448 2 609 460 1 451 397 
22 8 9 0.500000 0 8 1 1 0.590106 1 4 5 597 376 6 421 305 1 395 403 10 545 302 2 434 449 7 438 364 8 555 424 9 630 435 
22 8 10 0.500000 0 5 0 1 1.222990 4 4 3 420 305 2 387 446 10 592 353 8 548 448 4 631 438 NA NA NA NA NA NA NA NA NA 
22 8 11 0.500000 0 8 0 0 1.203867 3 4 10 634 447 1 496 445 6 428 380 4 431 456 8 442 296 9 596 309 7 585 399 5 514 312 
22 8 12 0.500000 0 5 1 1 1.580190 1 5 4 589 463 1 422 419 7 396 311 10 587 369 3 529 302 NA NA NA NA NA NA NA NA NA 
22 8 13 0.500000 0 8 0 0 0.483102 4 4 5 617 445 7 453 441 2 559 339 8 399 377 4 460 355 9 623 331 10 515 463 6 388 458 
22 8 14 0.500000 0 2 0 1 0.769062 0 5 5 611 415 9 479 455 NA NA NA NA NA NA NA NA NA NA NA NA NA NA NA NA NA NA 
22 8 15 0.500000 0 8 0 0 0.609853 7 10 7 632 294 4 407 316 9 571 418 3 620 360 2 413 431 1 477 320 5 519 451 10 572 315 
22 8 16 0.500000 0 8 1 1 0.552964 0 2 8 510 323 1 579 387 4 451 413 10 411 371 9 628 316 6 445 301 7 390 455 3 565 448 
22 8 17 0.500000 0 2 0 0 0.544671 1 8 9 397 300 8 397 445 NA NA NA NA NA NA NA NA NA NA NA NA NA NA NA NA NA NA 
22 8 18 0.500000 0 8 1 0 1.336357 7 2 3 440 401 1 554 336 9 617 356 7 393 318 6 493 472 4 565 430 8 633 434 5 606 297 
22 8 19 0.500000 0 5 0 0 0.665354 1 2 6 465 455 2 408 438 7 529 314 10 629 324 4 463 303 NA NA NA NA NA NA NA NA NA 
22 8 20 0.500000 0 5 0 1 0.692691 1 5 10 477 468 5 632 437 3 563 442 4 412 350 1 587 321 NA NA NA NA NA NA NA NA NA 
22 8 21 0.500000 0 5 0 0 0.833161 3 10 6 423 388 2 473 339 3 583 460 10 391 448 9 604 376 NA NA NA NA NA NA NA NA NA 
22 8 22 0.500000 0 8 0 0 0.753060 5 8 1 579 432 9 531 316 5 420 430 10 448 316 4 606 337 8 636 474 7 388 375 6 632 391 
22 8 23 0.500000 0 5 0 0 0.843076 1 2 5 613 322 2 439 376 10 601 450 9 412 470 8 485 306 NA NA NA NA NA NA NA NA NA 
22 8 24 0.500000 0 2 0 0 0.581715 1 5 4 567 348 5 522 298 NA NA NA NA NA NA NA NA NA NA NA NA NA NA NA NA NA NA 
22 8 25 0.500000 0 5 1 1 0.529510 1 6 10 450 346 8 586 470 2 567 329 9 624 310 4 508 316 NA NA NA NA NA NA NA NA NA 
22 8 26 0.500000 0 2 1 1 0.590077 0 4 9 466 431 3 610 372 NA NA NA NA NA NA NA NA NA NA NA NA NA NA NA NA NA NA 
22 8 27 0.500000 0 8 0 1 1.667073 3 5 1 411 470 9 607 380 4 495 462 5 603 307 2 459 341 6 547 323 7 604 466 3 394 366 
22 8 28 0.500000 0 5 1 0 1.109284 1 5 1 406 413 10 585 296 8 549 435 9 462 331 4 509 294 NA NA NA NA NA NA NA NA NA 
22 8 29 0.500000 0 8 0 0 0.739107 1 9 2 500 306 9 535 474 10 596 300 3 401 330 1 456 448 8 407 410 6 609 389 4 613 470 
22 8 30 0.500000 0 5 0 1 0.515340 2 7 10 509 294 2 541 460 7 416 388 9 485 438 3 627 310 NA NA NA NA NA NA NA NA NA 
22 8 31 0.500000 0 8 1 1 0.402536 0 8 1 602 334 4 454 296 5 525 308 3 405 453 9 585 464 2 501 451 10 415 377 6 629 389 
22 8 32 0.500000 0 2 0 0 0.387577 0 7 7 429 309 9 448 387 NA NA NA NA NA NA NA NA NA NA NA NA NA NA NA NA NA NA 
22 8 33 0.500000 0 2 1 1 0.575940 0 6 5 557 472 7 586 295 NA NA NA NA NA NA NA NA NA NA NA NA NA NA NA NA NA NA 
22 8 34 0.500000 0 8 1 0 0.543415 4 2 9 604 382 10 462 309 1 415 397 7 590 307 6 588 465 4 402 468 8 465 434 5 531 295 
22 8 35 0.500000 0 5 0 0 0.455551 0 8 8 604 307 3 417 381 1 606 385 4 510 471 6 563 434 NA NA NA NA NA NA NA NA NA 
22 8 36 0.500000 0 2 0 0 0.542653 0 9 9 624 393 5 461 445 NA NA NA NA NA NA NA NA NA NA NA NA NA NA NA NA NA NA 
22 8 37 0.500000 0 2 1 1 0.821670 1 4 10 514 321 5 617 473 NA NA NA NA NA NA NA NA NA NA NA NA NA NA NA NA NA NA 
22 8 38 0.500000 0 2 1 1 0.730970 0 3 5 637 344 4 427 425 NA NA NA NA NA NA NA NA NA NA NA NA NA NA NA NA NA NA 
22 8 39 0.500000 0 8 0 0 1.329493 1 6 8 522 319 6 605 378 7 455 403 1 633 445 4 575 459 2 517 460 3 421 458 10 423 305 
22 8 40 0.500000 0 2 1 1 0.696443 1 2 9 547 319 5 637 337 NA NA NA NA NA NA NA NA NA NA NA NA NA NA NA NA NA NA 
22 8 41 0.500000 0 2 1 1 0.518517 0 3 1 589 348 6 532 312 NA NA NA NA NA NA NA NA NA NA NA NA NA NA NA NA NA NA 
22 8 42 0.500000 0 5 1 1 0.542029 0 7 5 589 452 3 574 374 1 524 456 9 437 399 8 540 309 NA NA NA NA NA NA NA NA NA 
22 8 43 0.500000 0 8 1 1 0.595571 0 6 5 618 336 2 445 338 10 596 432 4 527 297 8 530 455 9 413 414 3 445 463 7 387 337 
22 8 44 0.500000 0 8 1 0 0.644473 4 5 1 489 444 3 527 296 8 611 367 4 416 366 10 432 462 2 432 299 7 566 463 9 628 431 
22 8 45 0.500000 0 5 1 1 0.467719 4 10 1 632 373 3 412 353 6 573 410 5 489 455 7 587 309 NA NA NA NA NA NA NA NA NA 
22 8 46 0.500000 0 2 1 1 0.678806 1 6 7 598 443 10 453 379 NA NA NA NA NA NA NA NA NA NA NA NA NA NA NA NA NA NA 
22 8 47 0.500000 0 5 0 1 0.474373 1 6 4 611 441 6 387 373 2 562 328 8 503 312 7 405 448 NA NA NA NA NA NA NA NA NA 
22 8 48 0.500000 0 2 0 0 1.898811 1 7 9 615 389 7 578 325 NA NA NA NA NA NA NA NA NA NA NA NA NA NA NA NA NA NA 
22 8 49 0.500000 0 5 1 1 0.425053 1 7 2 599 443 5 601 354 10 522 305 4 455 450 1 426 377 NA NA NA NA NA NA NA NA NA 
22 8 50 0.500000 0 8 1 1 1.121975 6 8 3 413 471 10 530 453 4 591 317 5 610 378 1 620 442 6 391 301 2 447 418 9 452 341 
22 8 51 0.500000 0 8 1 1 0.521936 4 7 1 452 444 6 565 430 9 629 304 8 620 375 3 617 473 10 400 316 5 538 326 2 459 338 
22 8 52 0.500000 0 8 1 1 0.745690 5 7 3 600 301 9 594 375 4 420 417 1 451 331 10 529 441 6 468 450 5 532 327 2 391 352 
22 8 53 0.500000 0 8 0 1 0.761319 1 4 5 435 341 4 607 463 1 571 390 7 536 471 8 520 310 6 448 454 10 592 300 2 387 395 
22 8 54 0.500000 0 2 0 0 2.039568 1 3 1 431 294 3 437 361 NA NA NA NA NA NA NA NA NA NA NA NA NA NA NA NA NA NA 
22 8 55 0.500000 0 2 1 1 0.748622 0 2 9 590 358 3 430 445 NA NA NA NA NA NA NA NA NA NA NA NA NA NA NA NA NA NA 
22 8 56 0.500000 0 5 1 1 0.855799 0 5 4 439 383 7 604 346 3 567 415 9 633 424 1 394 297 NA NA NA NA NA NA NA NA NA 
22 8 57 0.500000 0 5 0 1 0.481841 2 9 3 425 395 8 490 466 9 567 312 5 502 300 2 440 333 NA NA NA NA NA NA NA NA NA 
22 8 58 0.500000 0 5 1 0 0.411467 3 5 10 548 328 3 624 462 9 618 349 8 507 452 2 423 388 NA NA NA NA NA NA NA NA NA 
22 8 59 0.500000 0 2 0 0 0.542946 1 8 6 466 428 8 567 360 NA NA NA NA NA NA NA NA NA NA NA NA NA NA NA NA NA NA 
