13 0 0 0.300000 0 5 0 0 1.351681 2 9 1 540 465 10 427 410 9 388 333 3 637 388 4 503 309 NA NA NA NA NA NA NA NA NA 
13 0 1 0.300000 0 2 1 1 0.865879 1 2 6 533 309 8 465 344 NA NA NA NA NA NA NA NA NA NA NA NA NA NA NA NA NA NA 
13 0 2 0.300000 0 8 0 0 0.883233 7 10 3 531 309 9 406 461 7 580 416 4 596 472 5 457 324 8 635 346 1 453 405 10 573 353 
13 0 3 0.300000 0 8 0 1 0.884109 2 6 7 616 464 8 561 317 6 422 350 9 629 376 5 567 408 1 493 466 10 399 432 4 464 310 
13 0 4 0.300000 0 5 0 0 1.812936 4 8 7 459 349 9 614 431 2 557 442 6 414 295 8 539 316 NA NA NA NA NA NA NA NA NA 
13 0 5 0.300000 0 8 0 1 1.290857 4 7 1 396 404 2 527 320 3 588 332 9 399 321 7 606 389 5 424 469 6 510 463 8 579 466 
13 0 6 0.300000 0 8 1 1 1.667076 2 8 2 471 459 4 393 457 7 437 340 1 579 305 9 544 474 5 608 459 6 598 383 3 488 312 
13 0 7 0.300000 0 5 0 0 2.286878 4 8 10 428 466 5 550 338 2 426 343 9 583 427 8 628 362 NA NA NA NA NA NA NA NA NA 
13 0 8 0.300000 0 2 1 1 0.830217 1 6 10 396 355 4 539 325 NA NA NA NA NA NA NA NA NA NA NA NA NA NA NA NA NA NA 
13 0 9 0.300000 0 5 0 0 1.843073 4 1 4 404 371 2 567 437 3 418 429 7 607 368 1 559 323 NA NA NA NA NA NA NA NA NA 
13 0 10 0.300000 0 2 0 0 1.101010 0 10 10 469 343 5 556 326 NA NA NA NA NA NA NA NA NA NA NA NA NA NA NA NA NA NA 
13 0 11 0.300000 0 8 0 0 1.541011 0 9 9 626 456 8 545 309 1 590 407 10 423 352 4 395 431 3 633 338 5 459 436 2 540 438 
13 0 12 0.300000 0 5 0 0 0.666687 1 3 7 597 347 3 614 422 4 423 413 9 394 302 2 467 462 NA NA NA NA NA NA NA NA NA 
13 0 13 0.300000 0 2 1 1 0.773104 0 10 3 532 320 8 387 381 NA NA NA NA NA NA NA NA NA NA NA NA NA NA NA NA NA NA 
13 0 14 0.300000 0 5 1 1 1.233726 1 1 5 592 354 9 437 354 8 552 305 7 614 436 2 440 432 NA NA NA NA NA NA NA NA NA 
13 0 15 0.300000 0 5 0 0 1.149591 4 10 7 620 427 9 459 355 5 549 304 1 573 472 10 415 403 NA NA NA NA NA NA NA NA NA 
13 0 16 0.300000 0 2 1 1 0.795052 0 2 3 391 412 8 486 328 NA NA NA NA NA NA NA NA NA NA NA NA NA NA NA NA NA NA 
13 0 17 0.300000 0 2 0 0 0.753651 0 5 5 442 318 3 414 438 NA NA NA NA NA NA NA NA NA NA NA NA NA NA NA NA NA NA 
13 0 18 0.300000 0 8 1 0 1.139276 5 9 10 472 303 7 595 329 5 424 406 2 529 323 1 401 338 4 618 408 6 597 467 3 487 461 
13 0 19 0.300000 0 8 0 0 1.183302 1 10 2 474 328 10 434 449 7 562 350 4 426 369 9 598 459 5 539 295 1 535 452 6 625 294 
13 0 20 0.300000 0 5 0 0 0.681234 1 10 9 550 316 10 624 453 8 551 464 6 424 437 7 392 383 NA NA NA NA NA NA NA NA NA 
13 0 21 0.300000 0 2 0 0 0.723846 0 1 1 436 461 8 447 355 NA NA NA NA NA NA NA NA NA NA NA NA NA NA NA NA NA NA 
13 0 22 0.300000 0 8 0 1 1.666799 3 9 4 598 461 3 395 456 1 586 337 9 442 395 10 435 307 8 497 322 6 500 472 7 569 395 
13 0 23 0.300000 0 8 0 1 1.052358 5 2 5 619 388 7 571 454 6 635 332 9 442 422 10 409 318 2 542 325 3 484 471 1 479 299 
13 0 24 0.300000 0 2 0 0 1.539300 0 3 3 631 360 9 390 363 NA NA NA NA NA NA NA NA NA NA NA NA NA NA NA NA NA NA 
13 0 25 0.300000 0 5 0 1 1.786146 3 9 7 413 456 5 570 344 8 415 329 9 621 435 2 473 467 NA NA NA NA NA NA NA NA NA 
13 0 26 0.300000 0 5 0 0 0.625416 1 10 6 581 320 10 598 468 8 524 463 1 424 345 5 500 307 NA NA NA NA NA NA NA NA NA 
13 0 27 0.300000 0 5 1 1 0.885539 4 4 6 413 469 3 500 460 10 610 334 7 451 315 5 636 396 NA NA NA NA NA NA NA NA NA 
13 0 28 0.300000 0 5 1 1 2.037559 3 6 2 596 306 10 540 459 5 432 391 3 453 304 4 508 324 NA NA NA NA NA NA NA NA NA 
13 0 29 0.300000 0 5 1 0 1.443174 3 4 8 620 445 10 510 445 9 599 295 3 417 353 2 565 349 NA NA NA NA NA NA NA NA NA 
13 0 30 0.300000 0 2 0 0 0.666166 1 10 5 497 299 10 600 387 NA NA NA NA NA NA NA NA NA NA NA NA NA NA NA NA NA NA 
13 0 31 0.300000 0 5 1 1 2.033023 1 10 3 543 322 4 433 463 1 392 307 6 567 458 5 629 456 NA NA NA NA NA NA NA NA NA 
13 0 32 0.300000 0 5 0 0 1.528361 2 7 4 491 300 6 622 438 7 617 317 2 530 448 10 435 367 NA NA NA NA NA NA NA NA NA 
13 0 33 0.300000 0 8 1 1 1.189413 7 3 2 566 353 6 610 451 10 505 448 5 421 418 9 482 315 8 394 331 1 625 317 4 635 375 
13 0 34 0.300000 0 8 0 1 0.890504 0 2 2 586 381 9 445 334 8 531 296 5 418 426 10 588 311 6 390 370 7 489 447 3 596 453 
13 0 35 0.300000 0 8 1 0 1.248381 6 8 9 601 320 5 400 455 4 454 395 6 395 367 1 442 299 2 497 460 7 562 431 10 627 382 
13 0 36 0.300000 0 8 0 0 0.805537 6 1 5 636 391 10 535 308 6 397 445 9 594 294 8 542 445 4 429 296 1 418 384 7 455 430 
13 0 37 0.300000 0 2 0 0 0.801078 0 7 7 443 337 8 452 408 NA NA NA NA NA NA NA NA NA NA NA NA NA NA NA NA NA NA 
13 0 38 0.300000 0 8 0 1 1.507200 2 5 9 608 310 10 424 313 5 392 375 3 588 436 6 469 455 7 623 378 1 409 471 4 521 326 
13 0 39 0.300000 0 2 0 0 0.743815 1 3 1 417 298 3 575 450 NA NA NA NA NA NA NA NA NA NA NA NA NA NA NA NA NA NA 
13 0 40 0.300000 0 2 0 0 0.861338 1 7 3 591 471 7 487 454 NA NA NA NA NA NA NA NA NA NA NA NA NA NA NA NA NA NA 
13 0 41 0.300000 0 2 0 0 0.717911 0 6 6 608 314 3 595 461 NA NA NA NA NA NA NA NA NA NA NA NA NA NA NA NA NA NA 
13 0 42 0.300000 0 2 0 0 0.618509 1 6 4 588 448 6 434 358 NA NA NA NA NA NA NA NA NA NA NA NA NA NA NA NA NA NA 
13 0 43 0.300000 0 8 1 1 1.737529 5 8 1 551 463 10 443 407 5 631 456 9 615 302 7 426 310 2 508 320 3 392 449 6 568 344 
13 0 44 0.300000 0 2 0 0 0.755228 0 9 9 565 434 8 400 308 NA NA NA NA NA NA NA NA NA NA NA NA NA NA NA NA NA NA 
13 0 45 0.300000 0 2 0 0 0.706192 1 4 2 630 442 4 536 449 NA NA NA NA NA NA NA NA NA NA NA NA NA NA NA NA NA NA 
13 0 46 0.300000 0 8 0 0 1.234035 7 8 2 427 344 3 450 464 1 485 312 5 436 405 7 615 360 9 388 453 4 589 414 8 562 317 
13 0 47 0.300000 0 8 0 0 0.673612 7 9 10 442 342 7 637 350 6 600 438 3 564 348 1 414 425 8 483 470 4 489 304 9 388 373 
13 0 48 0.300000 0 2 1 1 0.769213 1 8 10 391 443 2 626 410 NA NA NA NA NA NA NA NA NA NA NA NA NA NA NA NA NA NA 
13 0 49 0.300000 0 2 0 0 0.836738 0 3 3 387 464 6 574 367 NA NA NA NA NA NA NA NA NA NA NA NA NA NA NA NA NA NA 
13 0 50 0.300000 0 5 0 0 0.980354 4 3 9 597 350 5 500 459 2 571 408 1 395 450 3 460 346 NA NA NA NA NA NA NA NA NA 
13 0 51 0.300000 0 8 1 1 1.469780 5 10 2 437 365 5 624 350 1 620 436 6 553 319 9 451 456 4 409 296 8 398 411 3 522 451 
13 0 52 0.300000 0 5 0 1 2.184245 2 2 1 632 357 8 455 456 2 421 308 10 414 378 9 635 430 NA NA NA NA NA NA NA NA NA 
13 0 53 0.300000 0 5 0 0 0.925261 1 6 8 567 465 6 422 385 1 609 336 5 604 396 3 490 327 NA NA NA NA NA NA NA NA NA 
13 0 54 0.300000 0 2 1 1 0.717851 0 9 3 418 308 2 561 303 NA NA NA NA NA NA NA NA NA NA NA NA NA NA NA NA NA NA 
13 0 55 0.300000 0 8 0 1 1.008162 4 1 5 601 370 10 444 459 9 412 346 8 536 310 1 584 449 3 463 316 6 631 295 4 505 442 
13 0 56 0.300000 0 5 1 1 0.747925 4 5 1 557 305 3 428 355 9 411 415 8 594 454 4 399 473 NA NA NA NA NA NA NA NA NA 
13 0 57 0.300000 0 2 0 0 0.522674 0 7 7 419 345 1 636 449 NA NA NA NA NA NA NA NA NA NA NA NA NA NA NA NA NA NA 
13 0 58 0.300000 0 8 0 0 0.706754 3 8 7 554 322 5 625 373 2 394 437 8 503 472 1 395 298 6 614 439 4 484 332 9 390 371 
13 0 59 0.300000 0 5 0 0 1.128942 0 8 8 423 321 7 544 303 6 564 447 10 443 383 2 628 449 NA NA NA NA NA NA NA NA NA 
13 1 0 0.700000 0 5 0 1 1.470195 3 6 7 444 300 10 415 355 5 627 328 6 539 457 4 418 440 NA NA NA NA NA NA NA NA NA 
13 1 1 0.700000 0 5 1 1 1.289866 2 5 3 514 462 4 458 429 8 606 409 6 388 381 1 526 301 NA NA NA NA NA NA NA NA NA 
13 1 2 0.700000 0 2 1 1 0.562520 0 4 5 582 311 3 444 419 NA NA NA NA NA NA NA NA NA NA NA NA NA NA NA NA NA NA 
13 1 3 0.700000 0 8 0 0 0.975503 0 5 5 500 449 2 420 316 9 537 306 1 426 377 4 397 470 8 611 419 6 605 350 7 481 331 
13 1 4 0.700000 0 8 1 1 1.044250 1 2 7 621 320 9 478 315 8 468 450 1 416 339 4 561 421 3 565 298 10 624 435 6 403 465 
13 1 5 0.700000 0 5 1 1 0.867872 1 5 2 447 304 8 601 338 1 543 333 3 457 447 4 568 473 NA NA NA NA NA NA NA NA NA 
13 1 6 0.700000 0 8 1 1 1.036773 4 3 1 394 469 9 624 402 8 442 376 4 488 438 6 532 315 10 569 371 5 551 456 7 626 329 
13 1 7 0.700000 0 2 1 1 0.726924 1 4 8 627 371 6 413 456 NA NA NA NA NA NA NA NA NA NA NA NA NA NA NA NA NA NA 
13 1 8 0.700000 0 8 0 1 0.981300 3 7 8 433 349 10 575 334 4 462 416 7 552 446 2 630 307 9 618 404 6 399 447 1 391 302 
13 1 9 0.700000 0 2 1 1 0.932939 1 9 6 414 307 10 604 455 NA NA NA NA NA NA NA NA NA NA NA NA NA NA NA NA NA NA 
13 1 10 0.700000 0 5 1 1 0.586230 4 4 6 624 427 10 513 300 2 430 297 8 575 306 9 397 385 NA NA NA NA NA NA NA NA NA 
13 1 11 0.700000 0 5 1 1 0.675713 2 10 3 422 418 6 513 453 8 482 313 7 580 359 1 450 469 NA NA NA NA NA NA NA NA NA 
13 1 12 0.700000 0 5 1 1 0.821260 2 8 3 457 459 7 400 321 6 636 407 5 402 392 10 560 458 NA NA NA NA NA NA NA NA NA 
13 1 13 0.700000 0 5 0 1 1.424938 0 4 4 425 382 5 602 461 7 428 316 8 543 314 6 411 459 NA NA NA NA NA NA NA NA NA 
13 1 14 0.700000 0 2 0 0 1.420580 0 8 8 619 356 10 425 409 NA NA NA NA NA NA NA NA NA NA NA NA NA NA NA NA NA NA 
13 1 15 0.700000 0 5 1 1 0.990094 3 2 9 530 323 4 621 378 10 447 430 7 528 465 5 420 361 NA NA NA NA NA NA NA NA NA 
13 1 16 0.700000 0 8 0 1 1.020427 7 7 5 439 377 2 588 431 10 481 441 3 628 318 8 387 326 1 420 438 6 568 316 7 487 294 
13 1 17 0.700000 0 5 1 1 0.797363 2 1 9 618 467 5 608 352 3 443 472 2 416 354 7 387 430 NA NA NA NA NA NA NA NA NA 
13 1 18 0.700000 0 2 0 0 0.996704 1 8 6 540 309 8 618 395 NA NA NA NA NA NA NA NA NA NA NA NA NA NA NA NA NA NA 
13 1 19 0.700000 0 2 1 1 0.599975 1 10 4 468 294 8 623 418 NA NA NA NA NA NA NA NA NA NA NA NA NA NA NA NA NA NA 
13 1 20 0.700000 0 5 1 1 1.654350 2 1 8 390 467 3 625 388 10 617 315 4 508 474 6 423 346 NA NA NA NA NA NA NA NA NA 
13 1 21 0.700000 0 5 0 1 1.854902 0 3 3 551 317 9 394 311 5 596 378 7 503 469 8 408 433 NA NA NA NA NA NA NA NA NA 
13 1 22 0.700000 0 8 1 1 0.985075 1 8 10 533 304 6 601 445 3 577 343 4 387 313 5 439 360 7 401 446 1 532 453 2 467 422 
13 1 23 0.700000 0 8 1 0 1.037079 6 4 6 437 319 8 389 365 7 555 424 10 634 384 9 508 326 2 422 432 1 492 469 3 595 468 
13 1 24 0.700000 0 5 0 0 1.063831 4 7 10 407 409 3 600 412 2 429 474 5 629 351 7 390 325 NA NA NA NA NA NA NA NA NA 
13 1 25 0.700000 0 8 1 1 1.186911 3 9 10 607 359 5 485 307 8 571 449 3 489 465 4 630 459 2 391 317 7 563 307 1 413 462 
13 1 26 0.700000 0 2 1 1 0.991543 0 2 9 616 310 1 598 370 NA NA NA NA NA NA NA NA NA NA NA NA NA NA NA NA NA NA 
13 1 27 0.700000 0 5 0 0 1.080444 2 8 3 630 437 10 566 316 8 418 307 5 490 455 4 427 464 NA NA NA NA NA NA NA NA NA 
13 1 28 0.700000 0 8 1 1 0.935211 6 5 7 441 307 1 600 381 6 474 431 4 570 456 3 576 295 8 633 445 2 441 369 10 400 472 
13 1 29 0.700000 0 2 1 1 1.707004 0 3 6 610 460 10 514 444 NA NA NA NA NA NA NA NA NA NA NA NA NA NA NA NA NA NA 
13 1 30 0.700000 0 2 0 0 1.246784 1 5 3 622 331 5 532 460 NA NA NA NA NA NA NA NA NA NA NA NA NA NA NA NA NA NA 
13 1 31 0.700000 0 8 1 1 0.879229 7 2 5 446 438 7 635 430 9 424 363 1 585 466 8 560 297 3 508 449 10 481 323 6 404 299 
13 1 32 0.700000 0 2 1 1 0.632785 1 1 2 589 390 8 563 301 NA NA NA NA NA NA NA NA NA NA NA NA NA NA NA NA NA NA 
13 1 33 0.700000 0 8 0 0 1.447441 6 1 5 446 399 4 396 315 6 460 310 3 602 468 10 565 309 9 408 462 1 601 398 8 630 313 
13 1 34 0.700000 0 2 1 1 0.629755 0 7 1 428 400 9 494 449 NA NA NA NA NA NA NA NA NA NA NA NA NA NA NA NA NA NA 
13 1 35 0.700000 0 2 1 1 0.602685 1 6 10 444 422 5 426 326 NA NA NA NA NA NA NA NA NA NA NA NA NA NA NA NA NA NA 
13 1 36 0.700000 0 8 1 0 1.205898 1 10 8 453 441 7 420 365 4 596 405 2 551 339 1 554 460 6 627 323 3 445 302 5 612 474 
13 1 37 0.700000 0 2 0 0 1.114049 0 2 2 446 430 7 521 451 NA NA NA NA NA NA NA NA NA NA NA NA NA NA NA NA NA NA 
13 1 38 0.700000 0 5 1 1 0.808436 4 6 10 623 474 5 400 326 8 525 441 9 460 312 2 456 442 NA NA NA NA NA NA NA NA NA 
13 1 39 0.700000 0 8 1 1 0.751989 3 7 10 525 464 3 432 325 8 547 322 1 400 422 2 618 321 5 615 430 9 461 470 6 388 365 
13 1 40 0.700000 0 5 0 0 0.945860 2 5 6 430 314 7 529 459 5 627 422 9 499 313 10 389 441 NA NA NA NA NA NA NA NA NA 
13 1 41 0.700000 0 2 0 0 0.998174 0 2 2 446 414 3 590 403 NA NA NA NA NA NA NA NA NA NA NA NA NA NA NA NA NA NA 
13 1 42 0.700000 0 8 1 1 1.152002 7 3 8 509 460 5 407 349 4 424 463 6 634 401 1 534 326 9 607 346 10 606 466 2 475 312 
13 1 43 0.700000 0 5 1 1 1.322852 0 1 9 447 400 5 575 299 7 439 462 10 621 395 6 432 307 NA NA NA NA NA NA NA NA NA 
13 1 44 0.700000 0 5 1 1 0.768858 0 6 2 608 345 3 591 471 5 517 460 7 429 438 4 504 301 NA NA NA NA NA NA NA NA NA 
13 1 45 0.700000 0 8 0 0 0.929168 3 5 9 601 313 7 468 451 10 454 377 5 556 455 2 404 462 3 523 302 1 389 342 6 628 453 
13 1 46 0.700000 0 2 1 1 0.516352 1 1 2 455 420 3 625 436 NA NA NA NA NA NA NA NA NA NA NA NA NA NA NA NA NA NA 
13 1 47 0.700000 0 5 1 1 0.765148 1 9 6 426 357 4 435 449 10 624 415 7 593 346 2 507 467 NA NA NA NA NA NA NA NA NA 
13 1 48 0.700000 0 8 1 1 0.970175 2 4 7 436 309 6 449 453 2 633 466 8 576 330 10 511 311 9 634 310 3 629 373 1 585 430 
13 1 49 0.700000 0 2 1 1 0.690719 1 8 2 404 309 5 439 446 NA NA NA NA NA NA NA NA NA NA NA NA NA NA NA NA NA NA 
13 1 50 0.700000 0 8 0 0 1.291250 6 2 6 482 314 5 579 296 1 624 464 3 479 442 9 403 330 4 632 373 2 393 424 8 448 369 
13 1 51 0.700000 0 2 1 1 0.665337 1 8 2 621 423 1 610 297 NA NA NA NA NA NA NA NA NA NA NA NA NA NA NA NA NA NA 
13 1 52 0.700000 0 2 1 1 0.560394 1 6 9 561 445 4 397 328 NA NA NA NA NA NA NA NA NA NA NA NA NA NA NA NA NA NA 
13 1 53 0.700000 0 2 0 0 0.697741 1 2 6 567 451 2 633 338 NA NA NA NA NA NA NA NA NA NA NA NA NA NA NA NA NA NA 
13 1 54 0.700000 0 8 1 1 0.752907 1 6 4 601 371 8 621 451 9 491 321 1 410 360 7 435 454 3 585 310 2 557 451 5 413 298 
13 1 55 0.700000 0 8 1 1 0.873893 1 3 5 408 335 6 387 436 8 630 415 4 469 334 10 614 473 7 601 357 1 534 317 2 445 440 
13 1 56 0.700000 0 8 1 1 0.962065 5 8 1 527 460 10 599 357 6 387 318 2 597 425 5 452 450 7 437 380 4 495 309 3 389 424 
13 1 57 0.700000 0 2 1 1 1.226405 1 6 2 620 352 9 466 338 NA NA NA NA NA NA NA NA NA NA NA NA NA NA NA NA NA NA 
13 1 58 0.700000 0 5 1 1 0.610724 1 9 4 468 304 7 614 394 8 390 413 10 585 302 1 493 461 NA NA NA NA NA NA NA NA NA 
13 1 59 0.700000 0 5 1 1 1.247222 2 6 1 419 383 3 545 310 2 612 326 8 494 469 5 610 433 NA NA NA NA NA NA NA NA NA 
13 2 0 0.300000 0 5 0 0 0.889705 0 9 9 597 350 4 488 300 6 390 358 1 443 460 2 569 474 NA NA NA NA NA NA NA NA NA 
13 2 1 0.300000 0 8 0 0 0.678136 4 10 3 412 367 7 561 317 6 585 372 1 435 300 10 390 472 9 576 433 4 620 317 2 455 430 
13 2 2 0.300000 0 5 0 0 1.114759 0 7 7 447 337 8 607 351 2 440 419 3 539 443 9 403 468 NA NA NA NA NA NA NA NA NA 
13 2 3 0.300000 0 2 1 1 0.605159 1 2 9 392 451 6 570 470 NA NA NA NA NA NA NA NA NA NA NA NA NA NA NA NA NA NA 
13 2 4 0.300000 0 8 0 1 1.171904 5 1 9 452 313 7 606 331 3 546 301 4 395 378 8 457 453 1 557 451 10 571 391 2 633 426 
13 2 5 0.300000 0 8 0 0 0.737409 3 1 7 623 411 9 452 401 3 508 320 1 426 296 8 593 330 2 609 472 4 541 466 10 388 418 
13 2 6 0.300000 0 8 0 0 0.823325 4 6 8 437 300 3 631 462 2 600 372 4 429 374 6 547 325 1 556 470 9 451 450 5 398 424 
13 2 7 0.300000 0 2 1 1 1.196566 0 8 5 590 380 1 402 461 NA NA NA NA NA NA NA NA NA NA NA NA NA NA NA NA NA NA 
13 2 8 0.300000 0 2 0 0 0.675978 1 1 8 478 334 1 492 467 NA NA NA NA NA NA NA NA NA NA NA NA NA NA NA NA NA NA 
13 2 9 0.300000 0 5 0 0 0.794857 1 1 8 633 463 1 452 403 6 507 298 10 594 401 9 604 301 NA NA NA NA NA NA NA NA NA 
13 2 10 0.300000 0 8 0 0 0.989122 5 6 10 411 417 4 532 442 3 462 463 5 391 323 1 614 341 6 619 468 2 566 298 7 570 390 
13 2 11 0.300000 0 8 0 0 1.795616 4 4 5 592 378 1 478 310 10 600 439 3 502 468 4 421 370 6 432 441 2 630 320 7 566 326 
13 2 12 0.300000 0 2 1 1 0.754644 1 1 3 411 350 10 582 448 NA NA NA NA NA NA NA NA NA NA NA NA NA NA NA NA NA NA 
13 2 13 0.300000 0 8 1 1 0.865445 3 2 8 404 423 3 527 316 10 614 351 9 589 421 7 435 348 4 525 442 1 465 434 6 395 305 
13 2 14 0.300000 0 2 0 0 0.744997 0 10 10 588 334 4 475 469 NA NA NA NA NA NA NA NA NA NA NA NA NA NA NA NA NA NA 
13 2 15 0.300000 0 2 1 1 0.460248 1 2 6 599 434 10 622 310 NA NA NA NA NA NA NA NA NA NA NA NA NA NA NA NA NA NA 
13 2 16 0.300000 0 5 0 0 1.595454 4 3 6 565 343 4 468 330 7 512 459 1 596 409 3 415 354 NA NA NA NA NA NA NA NA NA 
13 2 17 0.300000 0 2 0 0 0.650853 0 7 7 424 300 8 592 443 NA NA NA NA NA NA NA NA NA NA NA NA NA NA NA NA NA NA 
13 2 18 0.300000 0 2 1 1 0.603343 1 4 2 602 452 10 498 467 NA NA NA NA NA NA NA NA NA NA NA NA NA NA NA NA NA NA 
13 2 19 0.300000 0 2 1 1 0.755329 1 10 9 459 323 3 520 461 NA NA NA NA NA NA NA NA NA NA NA NA NA NA NA NA NA NA 
13 2 20 0.300000 0 8 0 1 0.704054 3 6 8 628 309 2 471 439 1 585 424 6 555 341 5 503 300 3 637 373 10 411 386 9 533 461 
13 2 21 0.300000 0 5 1 1 1.045709 0 5 1 394 318 8 471 323 3 399 395 9 581 461 7 590 366 NA NA NA NA NA NA NA NA NA 
13 2 22 0.300000 0 8 1 0 0.864415 6 3 5 507 458 2 582 379 7 422 316 1 585 462 6 447 415 4 600 311 9 399 456 10 484 318 
13 2 23 0.300000 0 5 1 1 0.714165 0 10 5 444 392 2 594 431 9 389 448 8 473 294 6 400 354 NA NA NA NA NA NA NA NA NA 
13 2 24 0.300000 0 2 0 0 1.571768 1 6 4 598 294 6 414 314 NA NA NA NA NA NA NA NA NA NA NA NA NA NA NA NA NA NA 
13 2 25 0.300000 0 8 0 1 0.952851 0 10 10 570 367 7 637 377 2 394 348 5 425 428 4 520 309 8 605 431 1 521 466 9 461 329 
13 2 26 0.300000 0 5 0 0 2.168609 4 5 3 427 442 7 389 392 10 598 374 8 417 314 5 551 314 NA NA NA NA NA NA NA NA NA 
13 2 27 0.300000 0 2 0 0 0.629238 1 4 2 578 362 4 400 304 NA NA NA NA NA NA NA NA NA NA NA NA NA NA NA NA NA NA 
13 2 28 0.300000 0 8 0 0 1.322882 6 3 5 460 349 7 417 438 10 565 427 9 579 296 6 627 346 4 400 339 3 492 450 2 504 306 
13 2 29 0.300000 0 5 1 1 0.733676 0 3 6 396 435 10 410 364 2 592 361 5 541 445 4 473 308 NA NA NA NA NA NA NA NA NA 
13 2 30 0.300000 0 8 0 0 1.005954 4 3 10 588 441 1 599 376 8 392 324 5 514 460 3 453 387 9 406 430 6 539 300 2 630 315 
13 2 31 0.300000 0 8 1 0 0.744965 4 10 7 575 311 1 402 415 2 541 444 9 637 392 4 455 324 5 452 469 6 613 450 3 514 325 
13 2 32 0.300000 0 5 0 0 0.789040 2 4 8 398 373 1 600 326 4 474 339 9 592 418 6 399 472 NA NA NA NA NA NA NA NA NA 
13 2 33 0.300000 0 8 0 0 0.975705 3 4 5 472 465 10 576 424 7 443 374 4 401 440 9 565 358 6 633 413 1 512 296 2 637 352 
13 2 34 0.300000 0 5 0 0 0.532591 4 6 3 612 418 10 444 342 4 547 332 5 439 407 6 410 464 NA NA NA NA NA NA NA NA NA 
13 2 35 0.300000 0 2 0 0 1.484715 1 2 4 487 457 2 553 460 NA NA NA NA NA NA NA NA NA NA NA NA NA NA NA NA NA NA 
13 2 36 0.300000 0 8 1 1 0.633237 2 5 8 450 315 9 558 298 10 403 418 4 463 418 2 548 459 3 594 363 6 626 298 1 395 349 
13 2 37 0.300000 0 2 0 0 0.378197 1 1 9 595 321 1 431 300 NA NA NA NA NA NA NA NA NA NA NA NA NA NA NA NA NA NA 
13 2 38 0.300000 0 2 0 0 0.586106 1 8 10 586 439 8 528 444 NA NA NA NA NA NA NA NA NA NA NA NA NA NA NA NA NA NA 
13 2 39 0.300000 0 8 1 1 0.657558 3 1 5 602 326 9 441 364 6 391 443 2 584 450 7 477 303 10 459 436 4 612 386 3 538 325 
13 2 40 0.300000 0 2 0 0 0.620399 0 9 9 406 408 4 598 303 NA NA NA NA NA NA NA NA NA NA NA NA NA NA NA NA NA NA 
13 2 41 0.300000 0 5 0 0 1.453460 4 4 6 560 320 8 443 352 9 482 445 5 408 443 4 588 371 NA NA NA NA NA NA NA NA NA 
13 2 42 0.300000 0 5 0 0 0.700763 4 3 6 624 352 4 409 452 9 616 468 1 580 420 3 450 324 NA NA NA NA NA NA NA NA NA 
13 2 43 0.300000 0 8 0 0 0.602565 7 7 6 431 413 4 607 443 8 630 336 10 548 443 5 481 334 2 399 306 3 494 473 7 575 359 
13 2 44 0.300000 0 2 0 0 0.601834 0 4 4 598 405 6 403 378 NA NA NA NA NA NA NA NA NA NA NA NA NA NA NA NA NA NA 
13 2 45 0.300000 0 5 0 0 0.668709 4 2 4 508 460 3 592 423 10 565 319 9 477 303 2 439 408 NA NA NA NA NA NA NA NA NA 
13 2 46 0.300000 0 2 0 0 0.648456 1 1 9 613 386 1 446 422 NA NA NA NA NA NA NA NA NA NA NA NA NA NA NA NA NA NA 
13 2 47 0.300000 0 5 0 0 0.627734 1 6 9 635 299 6 431 294 4 527 471 7 413 450 2 421 385 NA NA NA NA NA NA NA NA NA 
13 2 48 0.300000 0 5 0 0 0.710429 0 1 1 534 302 8 476 471 4 450 352 6 610 457 5 620 351 NA NA NA NA NA NA NA NA NA 
13 2 49 0.300000 0 2 0 0 0.604089 1 3 6 417 359 3 472 301 NA NA NA NA NA NA NA NA NA NA NA NA NA NA NA NA NA NA 
13 2 50 0.300000 0 5 1 1 0.720238 2 7 5 477 441 1 397 360 10 554 299 4 393 463 6 607 336 NA NA NA NA NA NA NA NA NA 
13 2 51 0.300000 0 5 1 1 0.827964 0 8 4 626 417 9 471 295 5 570 384 2 437 428 10 606 334 NA NA NA NA NA NA NA NA NA 
13 2 52 0.300000 0 2 0 0 0.769035 0 8 8 432 383 6 620 342 NA NA NA NA NA NA NA NA NA NA NA NA NA NA NA NA NA NA 
13 2 53 0.300000 0 5 1 1 0.988660 0 6 8 590 361 2 436 317 3 461 456 5 629 312 1 434 386 NA NA NA NA NA NA NA NA NA 
13 2 54 0.300000 0 5 0 0 0.754905 1 6 8 389 323 6 440 362 3 513 323 7 451 461 5 558 422 NA NA NA NA NA NA NA NA NA 
13 2 55 0.300000 0 8 1 0 0.718514 4 8 9 490 469 6 427 304 4 400 419 10 558 420 7 619 457 5 615 328 3 496 300 1 631 388 
13 2 56 0.300000 0 8 0 0 0.712435 5 3 9 422 409 7 592 318 2 576 424 6 459 346 8 469 464 3 529 466 10 390 311 4 624 464 
13 2 57 0.300000 0 8 0 1 1.235995 6 6 2 624 310 10 467 441 8 423 328 7 591 473 5 559 298 9 602 377 6 533 459 1 389 463 
13 2 58 0.300000 0 5 0 0 0.765771 0 8 8 553 445 1 411 417 6 403 312 7 577 365 2 467 469 NA NA NA NA NA NA NA NA NA 
13 2 59 0.300000 0 2 0 0 1.083616 0 6 6 614 383 5 406 326 NA NA NA NA NA NA NA NA NA NA NA NA NA NA NA NA NA NA 
13 3 0 0.700000 0 8 0 1 1.490273 7 3 1 513 324 2 405 427 8 636 417 7 583 322 10 429 334 9 466 465 4 532 462 3 568 400 
13 3 1 0.700000 0 8 0 0 0.656025 6 9 10 433 452 1 631 426 8 569 456 2 402 357 5 610 329 6 460 330 9 493 455 7 575 382 
13 3 2 0.700000 0 2 0 0 0.573925 1 9 7 601 471 9 426 423 NA NA NA NA NA NA NA NA NA NA NA NA NA NA NA NA NA NA 
13 3 3 0.700000 0 5 1 1 1.038792 1 7 4 610 317 2 393 394 5 609 380 9 542 473 1 451 384 NA NA NA NA NA NA NA NA NA 
13 3 4 0.700000 0 2 1 1 0.498338 0 8 1 509 321 2 628 384 NA NA NA NA NA NA NA NA NA NA NA NA NA NA NA NA NA NA 
13 3 5 0.700000 0 5 1 1 0.660744 0 6 4 595 334 1 432 472 10 522 324 3 410 334 7 637 382 NA NA NA NA NA NA NA NA NA 
13 3 6 0.700000 0 5 1 1 0.662534 2 5 2 425 467 9 434 382 8 597 403 10 601 465 1 426 309 NA NA NA NA NA NA NA NA NA 
13 3 7 0.700000 0 2 1 1 0.658686 0 7 10 577 331 6 452 469 NA NA NA NA NA NA NA NA NA NA NA NA NA NA NA NA NA NA 
13 3 8 0.700000 0 2 1 1 0.587634 0 8 5 633 299 4 391 404 NA NA NA NA NA NA NA NA NA NA NA NA NA NA NA NA NA NA 
13 3 9 0.700000 0 8 0 0 1.034890 3 6 2 554 317 5 422 474 1 565 421 6 402 347 10 441 396 7 612 457 8 463 334 4 625 354 
13 3 10 0.700000 0 5 1 1 0.866042 0 5 4 572 373 9 488 464 8 590 298 1 405 441 10 394 295 NA NA NA NA NA NA NA NA NA 
13 3 11 0.700000 0 8 1 1 1.096784 2 8 4 567 359 6 607 417 9 404 414 1 438 353 7 514 457 2 524 303 5 617 315 3 391 301 
13 3 12 0.700000 0 2 1 1 1.445618 0 7 2 620 315 3 606 375 NA NA NA NA NA NA NA NA NA NA NA NA NA NA NA NA NA NA 
13 3 13 0.700000 0 2 1 1 0.751051 1 4 1 465 425 9 440 317 NA NA NA NA NA NA NA NA NA NA NA NA NA NA NA NA NA NA 
13 3 14 0.700000 0 5 1 1 1.212918 1 7 4 388 400 2 553 313 6 574 406 1 441 295 10 623 329 NA NA NA NA NA NA NA NA NA 
13 3 15 0.700000 0 5 1 1 0.653863 3 4 2 557 325 1 532 465 10 462 430 5 622 453 8 404 348 NA NA NA NA NA NA NA NA NA 
13 3 16 0.700000 0 5 0 0 0.844967 4 10 9 575 453 1 495 452 7 438 348 8 628 354 10 433 410 NA NA NA NA NA NA NA NA NA 
13 3 17 0.700000 0 2 1 1 0.460326 0 4 9 598 379 5 438 347 NA NA NA NA NA NA NA NA NA NA NA NA NA NA NA NA NA NA 
13 3 18 0.700000 0 5 0 0 1.440228 4 1 9 587 377 6 559 312 8 467 333 5 593 457 1 402 326 NA NA NA NA NA NA NA NA NA 
13 3 19 0.700000 0 5 1 1 0.598173 1 10 3 562 296 7 494 471 1 448 392 8 457 298 9 585 431 NA NA NA NA NA NA NA NA NA 
13 3 20 0.700000 0 5 1 1 1.140076 0 6 1 470 302 7 492 463 3 606 472 10 424 368 2 390 298 NA NA NA NA NA NA NA NA NA 
13 3 21 0.700000 0 8 1 1 0.778746 2 2 9 428 447 8 435 336 1 544 312 7 621 407 5 508 447 6 607 298 4 567 472 10 486 308 
13 3 22 0.700000 0 2 1 1 0.711188 0 1 2 477 473 6 526 323 NA NA NA NA NA NA NA NA NA NA NA NA NA NA NA NA NA NA 
13 3 23 0.700000 0 8 1 1 0.905251 0 9 4 631 427 1 529 458 2 586 313 3 513 325 10 571 409 8 453 377 6 625 367 5 421 294 
13 3 24 0.700000 0 5 0 0 0.752705 2 1 8 548 449 4 433 454 1 587 385 9 436 313 6 634 448 NA NA NA NA NA NA NA NA NA 
13 3 25 0.700000 0 2 0 1 2.584989 1 8 3 583 404 8 544 325 NA NA NA NA NA NA NA NA NA NA NA NA NA NA NA NA NA NA 
13 3 26 0.700000 0 2 1 1 0.618598 1 10 9 586 451 7 390 375 NA NA NA NA NA NA NA NA NA NA NA NA NA NA NA NA NA NA 
13 3 27 0.700000 0 8 0 1 1.493178 0 4 4 530 472 5 617 404 6 396 450 1 591 310 10 618 466 7 465 449 9 408 304 2 493 313 
13 3 28 0.700000 0 2 0 0 0.809836 1 5 10 477 299 5 426 419 NA NA NA NA NA NA NA NA NA NA NA NA NA NA NA NA NA NA 
13 3 29 0.700000 0 8 0 0 0.948567 0 1 1 418 433 6 635 379 4 595 423 10 543 460 2 553 330 8 388 330 9 492 326 5 624 310 
13 3 30 0.700000 0 5 1 1 0.583907 4 8 3 504 458 7 420 333 9 525 315 2 576 450 10 629 353 NA NA NA NA NA NA NA NA NA 
13 3 31 0.700000 0 8 1 1 1.174064 7 3 9 533 459 6 440 308 8 419 447 10 515 310 7 454 387 4 624 466 1 597 303 2 387 353 
13 3 32 0.700000 0 2 1 1 0.450292 0 4 8 636 373 5 538 458 NA NA NA NA NA NA NA NA NA NA NA NA NA NA NA NA NA NA 
13 3 33 0.700000 0 8 1 1 0.640678 7 2 1 614 452 3 433 421 6 417 319 7 593 305 9 631 369 5 523 302 4 534 455 8 573 394 
13 3 34 0.700000 0 2 1 1 0.464456 0 9 6 604 301 8 442 326 NA NA NA NA NA NA NA NA NA NA NA NA NA NA NA NA NA NA 
13 3 35 0.700000 0 2 1 1 0.562683 1 5 2 447 313 6 572 356 NA NA NA NA NA NA NA NA NA NA NA NA NA NA NA NA NA NA 
13 3 36 0.700000 0 5 1 1 0.705796 0 6 4 620 440 10 471 327 9 453 389 7 472 444 8 536 297 NA NA NA NA NA NA NA NA NA 
13 3 37 0.700000 0 8 1 1 0.763660 5 6 2 408 303 9 426 474 1 556 331 8 465 314 7 529 459 4 636 360 3 588 464 5 421 403 
13 3 38 0.700000 0 8 1 1 0.949955 7 10 3 431 396 9 488 311 8 551 317 7 518 443 6 614 350 1 623 440 4 410 452 5 394 339 
13 3 39 0.700000 0 8 0 1 0.825061 0 2 2 443 376 8 549 436 9 463 312 10 442 462 3 612 342 6 397 336 7 553 317 5 623 421 
13 3 40 0.700000 0 2 0 0 0.713079 1 3 5 590 465 3 411 407 NA NA NA NA NA NA NA NA NA NA NA NA NA NA NA NA NA NA 
13 3 41 0.700000 0 5 0 0 0.727180 2 10 2 624 294 4 413 400 10 488 453 7 455 329 3 564 471 NA NA NA NA NA NA NA NA NA 
13 3 42 0.700000 0 2 0 0 1.407350 1 1 7 447 428 1 388 400 NA NA NA NA NA NA NA NA NA NA NA NA NA NA NA NA NA NA 
13 3 43 0.700000 0 8 1 1 1.050068 2 7 6 474 303 1 390 400 10 550 301 9 594 370 8 400 336 2 603 468 5 456 438 4 608 306 
13 3 44 0.700000 0 2 1 1 0.613251 1 7 5 435 340 1 394 452 NA NA NA NA NA NA NA NA NA NA NA NA NA NA NA NA NA NA 
13 3 45 0.700000 0 8 1 1 0.606334 0 1 4 585 364 8 637 315 2 408 462 3 421 371 7 490 460 10 614 424 9 488 324 5 562 306 
13 3 46 0.700000 0 8 1 1 0.529653 5 6 2 599 469 4 448 384 5 476 311 8 612 300 10 483 461 1 395 459 9 581 382 7 410 322 
13 3 47 0.700000 0 5 1 1 0.703785 2 8 7 544 450 2 416 377 1 630 392 10 592 338 6 436 473 NA NA NA NA NA NA NA NA NA 
13 3 48 0.700000 0 8 1 1 0.655550 3 6 1 602 298 2 622 431 5 445 344 4 393 447 3 588 359 8 463 454 7 493 294 9 549 458 
13 3 49 0.700000 0 2 1 1 0.459271 1 1 5 428 296 10 482 449 NA NA NA NA NA NA NA NA NA NA NA NA NA NA NA NA NA NA 
13 3 50 0.700000 0 5 1 1 0.831101 0 6 4 552 467 9 594 367 1 419 404 7 553 323 2 398 313 NA NA NA NA NA NA NA NA NA 
13 3 51 0.700000 0 5 1 1 0.786750 0 8 6 576 309 7 420 300 2 608 377 9 451 382 1 582 458 NA NA NA NA NA NA NA NA NA 
13 3 52 0.700000 0 8 1 1 0.700148 2 3 4 498 453 1 432 457 7 582 440 5 436 299 2 606 306 10 387 395 6 499 324 8 573 364 
13 3 53 0.700000 0 5 0 1 0.984026 1 2 7 494 469 2 441 335 3 636 441 10 496 301 1 609 379 NA NA NA NA NA NA NA NA NA 
13 3 54 0.700000 0 2 1 1 0.580194 1 10 2 571 422 6 417 424 NA NA NA NA NA NA NA NA NA NA NA NA NA NA NA NA NA NA 
13 3 55 0.700000 0 8 1 1 1.250993 0 8 9 425 451 6 436 313 4 612 307 10 521 472 2 605 437 3 558 339 1 515 298 5 440 389 
13 3 56 0.700000 0 2 0 0 0.636921 0 7 7 622 408 8 592 319 NA NA NA NA NA NA NA NA NA NA NA NA NA NA NA NA NA NA 
13 3 57 0.700000 0 5 1 1 0.648031 3 7 4 443 473 3 449 336 6 522 300 10 613 430 9 434 410 NA NA NA NA NA NA NA NA NA 
13 3 58 0.700000 0 8 1 1 0.879130 3 2 6 595 343 9 549 444 5 407 362 7 419 426 4 632 415 8 472 318 1 415 297 10 479 465 
13 3 59 0.700000 0 5 0 0 1.295287 2 3 10 609 426 7 412 451 3 636 323 8 389 318 5 514 448 NA NA NA NA NA NA NA NA NA 
13 4 0 0.500000 0 2 1 1 0.872840 0 9 5 420 415 4 459 356 NA NA NA NA NA NA NA NA NA NA NA NA NA NA NA NA NA NA 
13 4 1 0.500000 0 2 0 0 0.638522 0 8 8 437 404 1 632 405 NA NA NA NA NA NA NA NA NA NA NA NA NA NA NA NA NA NA 
13 4 2 0.500000 0 5 1 1 2.501208 1 9 7 479 320 2 408 429 6 580 421 4 601 366 1 391 303 NA NA NA NA NA NA NA NA NA 
13 4 3 0.500000 0 8 0 0 0.753711 4 8 9 432 353 6 413 294 2 637 320 7 395 439 8 611 455 4 544 453 5 459 410 3 596 387 
13 4 4 0.500000 0 5 1 1 1.423178 0 9 3 569 313 10 453 377 5 573 474 4 630 321 6 626 421 NA NA NA NA NA NA NA NA NA 
13 4 5 0.500000 0 2 1 1 0.586305 0 5 9 432 450 7 606 380 NA NA NA NA NA NA NA NA NA NA NA NA NA NA NA NA NA NA 
13 4 6 0.500000 0 8 1 0 0.747506 0 3 1 630 375 5 432 385 8 431 467 6 553 426 7 568 312 10 510 295 9 625 448 2 413 310 
13 4 7 0.500000 0 8 0 0 0.691005 0 1 1 586 416 6 433 306 7 636 343 9 408 372 2 560 317 3 440 421 4 635 451 8 496 302 
13 4 8 0.500000 0 5 0 0 1.167606 0 1 1 525 314 6 456 326 3 408 380 10 557 444 7 431 447 NA NA NA NA NA NA NA NA NA 
13 4 9 0.500000 0 8 0 1 1.105902 0 3 3 585 300 5 623 452 9 427 338 4 570 403 6 450 441 1 510 443 10 530 324 2 636 378 
13 4 10 0.500000 0 2 1 1 0.490835 0 10 7 499 465 3 414 347 NA NA NA NA NA NA NA NA NA NA NA NA NA NA NA NA NA NA 
13 4 11 0.500000 0 5 0 0 0.818622 4 10 4 633 306 2 411 367 7 433 310 9 602 381 10 573 310 NA NA NA NA NA NA NA NA NA 
13 4 12 0.500000 0 2 1 1 0.539654 0 9 1 463 311 6 586 438 NA NA NA NA NA NA NA NA NA NA NA NA NA NA NA NA NA NA 
13 4 13 0.500000 0 2 0 0 1.026177 1 8 9 616 304 8 444 471 NA NA NA NA NA NA NA NA NA NA NA NA NA NA NA NA NA NA 
13 4 14 0.500000 0 5 1 0 1.515562 1 6 8 610 327 3 565 430 7 468 458 1 633 468 4 435 326 NA NA NA NA NA NA NA NA NA 
13 4 15 0.500000 0 2 0 0 0.668134 0 2 2 448 429 7 479 303 NA NA NA NA NA NA NA NA NA NA NA NA NA NA NA NA NA NA 
13 4 16 0.500000 0 5 1 1 1.211838 0 6 4 443 384 3 559 330 7 416 294 9 575 443 8 618 369 NA NA NA NA NA NA NA NA NA 
13 4 17 0.500000 0 5 0 0 0.986901 1 6 7 623 321 6 500 322 4 415 387 8 496 459 5 555 467 NA NA NA NA NA NA NA NA NA 
13 4 18 0.500000 0 8 1 1 0.600014 7 2 7 404 390 4 563 459 5 400 311 10 453 447 3 595 302 1 536 324 6 632 464 9 469 301 
13 4 19 0.500000 0 8 0 1 0.827229 4 3 8 587 424 6 412 367 4 619 329 2 509 310 3 504 460 9 436 313 5 392 453 1 560 343 
13 4 20 0.500000 0 2 0 0 0.726891 0 3 3 422 341 4 591 344 NA NA NA NA NA NA NA NA NA NA NA NA NA NA NA NA NA NA 
13 4 21 0.500000 0 2 1 1 0.592889 0 8 7 573 347 1 620 447 NA NA NA NA NA NA NA NA NA NA NA NA NA NA NA NA NA NA 
13 4 22 0.500000 0 2 0 0 2.111997 1 6 3 468 462 6 602 313 NA NA NA NA NA NA NA NA NA NA NA NA NA NA NA NA NA NA 
13 4 23 0.500000 0 8 1 1 0.526479 5 3 7 622 431 6 432 448 10 489 295 1 516 465 8 391 306 5 442 359 9 575 373 4 619 326 
13 4 24 0.500000 0 2 1 1 0.500091 0 10 7 580 366 2 486 441 NA NA NA NA NA NA NA NA NA NA NA NA NA NA NA NA NA NA 
13 4 25 0.500000 0 5 1 0 1.315820 3 9 5 595 317 10 499 294 7 598 474 3 503 458 4 441 458 NA NA NA NA NA NA NA NA NA 
13 4 26 0.500000 0 8 0 0 0.657294 3 10 9 572 363 5 388 391 1 520 450 10 400 319 8 471 295 2 626 407 7 431 454 4 457 355 
13 4 27 0.500000 0 5 0 0 0.752522 3 6 1 630 380 3 566 322 8 395 441 6 511 466 9 448 318 NA NA NA NA NA NA NA NA NA 
13 4 28 0.500000 0 2 1 1 1.163232 1 2 9 589 367 6 414 382 NA NA NA NA NA NA NA NA NA NA NA NA NA NA NA NA NA NA 
13 4 29 0.500000 0 8 1 1 1.089450 2 8 10 497 452 5 619 399 2 470 316 1 394 419 3 453 406 7 398 341 9 613 466 4 573 341 
13 4 30 0.500000 0 2 0 0 0.527223 0 8 8 443 394 5 425 336 NA NA NA NA NA NA NA NA NA NA NA NA NA NA NA NA NA NA 
13 4 31 0.500000 0 5 0 1 1.252008 0 6 6 583 458 9 588 317 4 470 444 2 402 434 10 411 303 NA NA NA NA NA NA NA NA NA 
13 4 32 0.500000 0 8 1 1 0.715595 6 4 5 417 442 8 408 367 7 473 323 3 580 375 6 540 443 1 533 300 2 599 453 9 623 297 
13 4 33 0.500000 0 2 1 1 0.539240 1 1 10 387 376 7 631 364 NA NA NA NA NA NA NA NA NA NA NA NA NA NA NA NA NA NA 
13 4 34 0.500000 0 5 1 1 0.819486 4 8 4 525 444 7 439 301 10 586 434 6 457 426 3 399 433 NA NA NA NA NA NA NA NA NA 
13 4 35 0.500000 0 5 1 1 0.646875 4 1 2 395 358 4 624 382 9 600 442 3 482 445 8 423 443 NA NA NA NA NA NA NA NA NA 
13 4 36 0.500000 0 8 0 1 0.596104 7 5 2 611 440 8 387 426 3 437 458 9 421 322 6 623 382 1 569 320 10 482 298 5 558 467 
13 4 37 0.500000 0 2 0 0 0.533792 1 5 8 542 458 5 619 343 NA NA NA NA NA NA NA NA NA NA NA NA NA NA NA NA NA NA 
13 4 38 0.500000 0 8 1 1 0.466633 0 1 7 454 296 2 571 413 3 511 318 6 387 432 5 466 442 4 399 320 10 429 388 8 611 466 
13 4 39 0.500000 0 8 0 0 1.268176 3 2 6 390 343 4 627 397 8 492 312 2 579 432 7 518 455 5 425 294 9 551 317 3 449 400 
13 4 40 0.500000 0 5 1 1 0.610312 1 7 9 554 305 8 429 448 1 637 422 10 414 379 5 487 306 NA NA NA NA NA NA NA NA NA 
13 4 41 0.500000 0 8 0 1 1.281582 1 2 8 589 319 2 520 324 1 451 341 6 438 431 9 625 377 3 388 324 7 564 428 4 388 474 
13 4 42 0.500000 0 2 1 1 0.522664 1 4 10 421 345 5 575 306 NA NA NA NA NA NA NA NA NA NA NA NA NA NA NA NA NA NA 
13 4 43 0.500000 0 5 0 0 0.638498 0 8 8 603 300 5 425 308 6 507 447 4 634 357 2 430 453 NA NA NA NA NA NA NA NA NA 
13 4 44 0.500000 0 2 0 0 0.713870 0 8 8 544 301 1 591 461 NA NA NA NA NA NA NA NA NA NA NA NA NA NA NA NA NA NA 
13 4 45 0.500000 0 8 0 1 0.680664 5 2 10 632 338 4 390 360 8 480 300 5 594 453 9 431 458 2 532 454 3 620 401 1 567 302 
13 4 46 0.500000 0 2 1 1 0.479045 1 10 5 410 359 7 561 345 NA NA NA NA NA NA NA NA NA NA NA NA NA NA NA NA NA NA 
13 4 47 0.500000 0 5 1 1 1.079466 3 8 4 392 362 6 388 443 5 611 334 7 584 425 9 468 470 NA NA NA NA NA NA NA NA NA 
13 4 48 0.500000 0 5 0 0 1.445537 0 6 6 405 307 7 423 438 4 489 457 3 550 432 10 623 378 NA NA NA NA NA NA NA NA NA 
13 4 49 0.500000 0 8 0 1 0.924951 0 5 5 406 365 3 418 468 6 526 306 9 633 328 10 601 444 4 500 443 1 582 359 2 439 309 
13 4 50 0.500000 0 5 0 0 0.852733 3 4 5 564 330 2 409 369 7 549 467 4 422 445 6 464 339 NA NA NA NA NA NA NA NA NA 
13 4 51 0.500000 0 2 0 0 0.822132 1 7 5 428 334 7 557 460 NA NA NA NA NA NA NA NA NA NA NA NA NA NA NA NA NA NA 
13 4 52 0.500000 0 8 1 1 0.612849 5 9 8 462 453 7 566 434 6 594 334 2 396 338 4 633 407 5 410 414 10 449 312 1 511 300 
13 4 53 0.500000 0 8 1 1 1.021532 7 7 10 444 423 6 561 433 4 624 432 1 434 333 2 496 471 3 612 359 5 390 456 8 568 317 
13 4 54 0.500000 0 5 0 1 1.242491 3 1 5 455 467 4 548 325 7 610 404 1 470 342 9 390 457 NA NA NA NA NA NA NA NA NA 
13 4 55 0.500000 0 5 0 0 0.806737 0 9 9 607 451 1 506 294 7 403 361 6 423 461 8 453 326 NA NA NA NA NA NA NA NA NA 
13 4 56 0.500000 0 8 1 1 0.988539 2 8 6 602 336 2 403 409 4 417 473 7 568 407 5 511 304 9 523 449 10 637 390 1 433 357 
13 4 57 0.500000 0 8 1 1 0.791161 6 4 9 600 449 8 436 427 3 490 457 7 616 391 10 505 295 6 414 311 2 394 468 5 607 295 
13 4 58 0.500000 0 2 0 0 0.818958 1 7 1 474 454 7 398 438 NA NA NA NA NA NA NA NA NA NA NA NA NA NA NA NA NA NA 
13 4 59 0.500000 0 5 1 1 1.028657 1 7 4 623 451 8 433 334 3 607 350 1 400 422 5 491 464 NA NA NA NA NA NA NA NA NA 
13 5 0 0.300000 0 5 0 0 0.747361 0 9 9 490 444 8 583 427 7 478 308 3 432 427 1 566 353 NA NA NA NA NA NA NA NA NA 
13 5 1 0.300000 0 8 1 1 1.129352 5 6 1 621 364 4 455 469 3 424 378 8 489 325 9 636 449 7 560 442 2 558 301 10 395 437 
13 5 2 0.300000 0 8 0 0 0.913743 7 8 10 577 430 6 442 407 1 397 302 3 560 309 9 625 295 7 451 342 5 447 467 8 388 437 
13 5 3 0.300000 0 8 0 1 0.819382 3 1 7 594 383 9 434 353 8 603 297 1 539 296 6 394 442 4 597 457 3 502 471 5 454 438 
13 5 4 0.300000 0 8 0 0 0.757575 7 5 8 434 345 7 629 474 6 581 386 1 490 453 3 409 436 10 514 313 4 631 353 5 573 316 
13 5 5 0.300000 0 8 1 1 1.178790 0 6 10 447 295 2 606 336 7 542 438 3 627 445 4 419 397 8 468 460 5 505 316 1 406 464 
13 5 6 0.300000 0 5 1 1 0.683631 1 10 6 591 464 1 443 473 3 463 350 9 394 316 8 502 296 NA NA NA NA NA NA NA NA NA 
13 5 7 0.300000 0 8 0 1 1.042817 4 4 1 429 398 10 593 360 6 418 461 9 393 296 4 501 318 2 511 447 5 628 437 3 570 455 
13 5 8 0.300000 0 8 1 0 1.459140 0 3 7 429 300 5 582 397 6 471 429 8 416 371 10 602 466 1 512 474 2 610 313 9 546 334 
13 5 9 0.300000 0 5 1 1 0.971679 3 10 7 549 312 6 425 336 1 398 429 9 628 340 3 616 463 NA NA NA NA NA NA NA NA NA 
13 5 10 0.300000 0 2 0 0 1.016758 0 4 4 590 406 6 482 457 NA NA NA NA NA NA NA NA NA NA NA NA NA NA NA NA NA NA 
13 5 11 0.300000 0 2 0 0 0.616755 0 10 10 587 346 6 524 317 NA NA NA NA NA NA NA NA NA NA NA NA NA NA NA NA NA NA 
13 5 12 0.300000 0 8 0 1 1.478163 3 5 3 403 339 7 536 438 10 451 468 5 578 369 1 418 402 8 461 352 4 488 298 2 604 430 
13 5 13 0.300000 0 8 0 1 0.742236 3 6 9 438 444 3 409 329 8 634 330 6 453 379 4 467 322 5 617 453 7 576 334 1 556 458 
13 5 14 0.300000 0 2 0 0 0.583654 0 2 2 612 314 3 399 469 NA NA NA NA NA NA NA NA NA NA NA NA NA NA NA NA NA NA 
13 5 15 0.300000 0 2 0 0 1.603869 0 3 3 599 304 9 614 363 NA NA NA NA NA NA NA NA NA NA NA NA NA NA NA NA NA NA 
13 5 16 0.300000 0 8 1 1 0.813224 2 6 2 426 303 3 556 431 9 620 383 5 579 331 10 526 306 1 402 465 7 482 462 8 468 345 
13 5 17 0.300000 0 2 1 1 0.515066 1 8 1 619 315 9 405 421 NA NA NA NA NA NA NA NA NA NA NA NA NA NA NA NA NA NA 
13 5 18 0.300000 0 2 0 0 0.697678 0 3 3 597 426 7 454 402 NA NA NA NA NA NA NA NA NA NA NA NA NA NA NA NA NA NA 
13 5 19 0.300000 0 2 0 0 0.594341 0 4 4 430 376 2 420 435 NA NA NA NA NA NA NA NA NA NA NA NA NA NA NA NA NA NA 
13 5 20 0.300000 0 5 0 0 0.807771 0 7 7 607 425 3 425 310 4 614 345 5 402 396 10 469 438 NA NA NA NA NA NA NA NA NA 
13 5 21 0.300000 0 5 0 1 1.257917 2 4 3 628 433 9 492 469 4 419 430 1 435 337 10 563 352 NA NA NA NA NA NA NA NA NA 
13 5 22 0.300000 0 5 1 0 2.953127 0 9 1 471 455 7 604 400 8 407 397 3 542 334 6 578 466 NA NA NA NA NA NA NA NA NA 
13 5 23 0.300000 0 2 0 0 0.712650 1 4 1 598 424 4 486 314 NA NA NA NA NA NA NA NA NA NA NA NA NA NA NA NA NA NA 
13 5 24 0.300000 0 2 1 0 3.476999 1 10 8 424 382 5 579 467 NA NA NA NA NA NA NA NA NA NA NA NA NA NA NA NA NA NA 
13 5 25 0.300000 0 2 1 1 1.164019 0 3 6 405 330 2 613 446 NA NA NA NA NA NA NA NA NA NA NA NA NA NA NA NA NA NA 
13 5 26 0.300000 0 8 0 1 1.288201 0 7 7 391 374 2 604 346 4 470 449 1 632 457 6 523 326 9 560 440 10 415 427 8 387 297 
13 5 27 0.300000 0 5 0 1 1.525057 1 6 7 636 439 6 513 294 5 573 459 1 567 336 3 397 392 NA NA NA NA NA NA NA NA NA 
13 5 28 0.300000 0 5 0 0 0.658302 4 7 2 633 323 8 492 316 9 431 448 10 561 299 7 623 453 NA NA NA NA NA NA NA NA NA 
13 5 29 0.300000 0 8 0 1 1.143301 4 6 3 592 389 4 616 456 9 431 445 7 631 300 6 392 376 5 446 316 8 549 433 1 557 318 
13 5 30 0.300000 0 8 0 0 0.840253 4 3 10 468 346 4 411 446 9 544 472 6 564 411 3 634 302 8 405 300 2 571 322 5 392 358 
13 5 31 0.300000 0 2 1 1 2.303039 0 7 4 410 310 9 554 453 NA NA NA NA NA NA NA NA NA NA NA NA NA NA NA NA NA NA 
13 5 32 0.300000 0 8 0 0 1.345157 6 6 5 594 463 3 595 374 7 415 438 8 390 333 4 522 465 9 525 314 6 583 313 2 452 350 
13 5 33 0.300000 0 8 1 1 0.703563 4 9 6 597 331 8 394 323 2 406 420 5 512 451 7 605 462 10 534 318 3 439 473 1 563 414 
13 5 34 0.300000 0 2 0 0 1.766316 0 10 10 399 465 5 402 370 NA NA NA NA NA NA NA NA NA NA NA NA NA NA NA NA NA NA 
13 5 35 0.300000 0 2 0 0 2.873508 1 3 9 637 410 3 574 447 NA NA NA NA NA NA NA NA NA NA NA NA NA NA NA NA NA NA 
13 5 36 0.300000 0 2 1 1 0.646673 0 3 7 522 466 8 403 333 NA NA NA NA NA NA NA NA NA NA NA NA NA NA NA NA NA NA 
13 5 37 0.300000 0 5 0 1 0.952525 1 3 2 483 435 3 557 431 7 595 314 5 419 351 9 632 366 NA NA NA NA NA NA NA NA NA 
13 5 38 0.300000 0 8 0 1 1.466864 2 3 1 546 449 6 635 465 3 530 305 7 410 366 2 395 452 9 635 353 4 425 297 8 462 428 
13 5 39 0.300000 0 5 1 1 0.769350 0 8 7 630 422 4 570 434 10 472 317 5 416 301 2 592 334 NA NA NA NA NA NA NA NA NA 
13 5 40 0.300000 0 5 1 1 0.925190 3 5 6 455 444 4 532 459 2 599 311 8 417 386 9 413 308 NA NA NA NA NA NA NA NA NA 
13 5 41 0.300000 0 2 0 0 0.588219 0 7 7 621 410 10 443 311 NA NA NA NA NA NA NA NA NA NA NA NA NA NA NA NA NA NA 
13 5 42 0.300000 0 8 0 0 1.033124 5 6 7 431 309 3 481 456 4 408 408 8 607 404 2 451 365 6 623 298 9 554 314 5 630 471 
13 5 43 0.300000 0 2 1 1 0.452641 1 9 1 427 448 7 565 304 NA NA NA NA NA NA NA NA NA NA NA NA NA NA NA NA NA NA 
13 5 44 0.300000 0 5 0 0 1.064875 0 3 3 625 448 8 533 472 9 411 450 10 604 336 7 408 300 NA NA NA NA NA NA NA NA NA 
13 5 45 0.300000 0 5 0 0 0.915517 0 10 10 577 457 2 397 301 3 468 315 9 610 306 6 447 468 NA NA NA NA NA NA NA NA NA 
13 5 46 0.300000 0 5 0 0 0.521253 1 10 1 587 411 10 546 301 5 390 339 8 457 326 6 613 354 NA NA NA NA NA NA NA NA NA 
13 5 47 0.300000 0 5 0 1 1.315904 4 4 7 454 305 10 461 419 2 602 344 1 387 346 4 578 429 NA NA NA NA NA NA NA NA NA 
13 5 48 0.300000 0 5 0 0 0.963973 0 7 7 464 303 10 624 435 3 390 408 2 451 385 6 510 451 NA NA NA NA NA NA NA NA NA 
13 5 49 0.300000 0 8 1 1 0.962942 5 5 8 412 341 7 499 298 9 424 412 3 627 472 1 616 408 10 471 471 4 548 470 2 561 313 
13 5 50 0.300000 0 2 0 0 0.924682 1 3 2 397 469 3 462 346 NA NA NA NA NA NA NA NA NA NA NA NA NA NA NA NA NA NA 
13 5 51 0.300000 0 5 0 0 0.630836 2 10 2 443 365 5 614 362 10 418 311 8 519 462 4 623 300 NA NA NA NA NA NA NA NA NA 
13 5 52 0.300000 0 8 0 0 0.965595 1 8 9 522 470 8 413 456 2 610 468 1 592 353 10 454 395 5 467 298 6 389 302 7 566 419 
13 5 53 0.300000 0 5 0 0 0.735838 1 5 7 443 364 5 629 381 1 563 461 3 390 457 2 623 294 NA NA NA NA NA NA NA NA NA 
13 5 54 0.300000 0 8 0 0 0.765203 7 3 8 566 346 2 452 443 6 619 303 5 589 434 4 420 310 1 484 332 7 626 364 3 391 459 
13 5 55 0.300000 0 5 0 0 0.570132 0 7 7 393 463 10 628 429 2 459 340 3 393 379 8 452 451 NA NA NA NA NA NA NA NA NA 
13 5 56 0.300000 0 2 0 0 0.668080 1 10 2 518 472 10 617 444 NA NA NA NA NA NA NA NA NA NA NA NA NA NA NA NA NA NA 
13 5 57 0.300000 0 2 0 0 0.648517 1 2 10 504 448 2 494 316 NA NA NA NA NA NA NA NA NA NA NA NA NA NA NA NA NA NA 
13 5 58 0.300000 0 5 1 1 0.696726 3 3 1 393 418 8 553 437 9 558 294 4 601 376 5 489 319 NA NA NA NA NA NA NA NA NA 
13 5 59 0.300000 0 2 0 0 0.585157 0 7 7 636 302 1 474 337 NA NA NA NA NA NA NA NA NA NA NA NA NA NA NA NA NA NA 
13 6 0 0.500000 0 2 0 0 0.711305 0 8 8 403 451 1 476 303 NA NA NA NA NA NA NA NA NA NA NA NA NA NA NA NA NA NA 
13 6 1 0.500000 0 2 1 1 0.662138 0 5 6 618 437 10 578 384 NA NA NA NA NA NA NA NA NA NA NA NA NA NA NA NA NA NA 
13 6 2 0.500000 0 5 0 0 0.628125 2 6 3 420 391 8 533 460 6 390 457 4 497 303 7 636 337 NA NA NA NA NA NA NA NA NA 
13 6 3 0.500000 0 2 1 1 0.491452 0 1 3 589 445 9 618 380 NA NA NA NA NA NA NA NA NA NA NA NA NA NA NA NA NA NA 
13 6 4 0.500000 0 2 0 0 0.669124 0 10 10 398 438 6 461 419 NA NA NA NA NA NA NA NA NA NA NA NA NA NA NA NA NA NA 
13 6 5 0.500000 0 8 0 0 0.872861 3 5 4 425 418 3 489 316 6 572 457 5 428 339 8 602 303 10 621 405 2 478 465 1 552 335 
13 6 6 0.500000 0 8 1 1 0.868849 7 3 6 404 425 7 592 456 2 578 392 8 556 324 1 452 467 10 399 327 5 527 445 9 501 301 
13 6 7 0.500000 0 5 0 0 1.117597 3 1 2 401 413 9 582 427 5 517 310 1 630 347 4 564 354 NA NA NA NA NA NA NA NA NA 
13 6 8 0.500000 0 2 0 0 0.431060 0 8 8 548 437 3 602 383 NA NA NA NA NA NA NA NA NA NA NA NA NA NA NA NA NA NA 
13 6 9 0.500000 0 5 0 0 0.725814 3 2 7 597 459 10 475 470 6 433 420 2 466 297 5 596 345 NA NA NA NA NA NA NA NA NA 
13 6 10 0.500000 0 8 0 0 0.634106 4 3 4 392 460 10 586 305 9 462 456 7 559 445 3 390 332 6 621 464 5 484 313 1 632 406 
13 6 11 0.500000 0 8 1 1 1.052791 5 1 6 503 452 5 567 464 8 479 324 3 622 402 9 591 319 7 396 313 10 416 466 2 444 383 
13 6 12 0.500000 0 2 0 0 0.685430 1 3 6 435 318 3 523 326 NA NA NA NA NA NA NA NA NA NA NA NA NA NA NA NA NA NA 
13 6 13 0.500000 0 8 1 1 0.976699 2 10 3 438 390 5 614 353 8 544 305 6 449 316 9 610 434 2 438 448 7 546 473 1 609 295 
13 6 14 0.500000 0 5 1 1 0.784748 2 6 7 520 300 3 621 414 5 580 352 4 388 376 10 523 474 NA NA NA NA NA NA NA NA NA 
13 6 15 0.500000 0 2 1 1 0.739946 0 1 9 516 311 7 586 444 NA NA NA NA NA NA NA NA NA NA NA NA NA NA NA NA NA NA 
13 6 16 0.500000 0 8 0 1 1.027474 4 4 8 632 410 5 505 320 6 435 416 9 604 331 4 595 474 2 448 354 10 389 334 7 517 447 
13 6 17 0.500000 0 5 0 0 1.298913 4 10 8 406 377 9 481 438 2 637 302 6 574 399 10 554 300 NA NA NA NA NA NA NA NA NA 
13 6 18 0.500000 0 2 1 1 0.568695 0 5 2 391 343 3 559 426 NA NA NA NA NA NA NA NA NA NA NA NA NA NA NA NA NA NA 
13 6 19 0.500000 0 5 1 1 0.506240 0 9 10 581 454 4 595 294 1 444 294 8 392 379 6 415 473 NA NA NA NA NA NA NA NA NA 
13 6 20 0.500000 0 8 0 0 0.722651 4 1 3 422 387 7 576 382 4 398 447 6 458 442 1 459 328 2 631 439 8 522 451 5 579 317 
13 6 21 0.500000 0 2 0 0 0.640061 1 5 2 452 318 5 417 392 NA NA NA NA NA NA NA NA NA NA NA NA NA NA NA NA NA NA 
13 6 22 0.500000 0 2 1 1 0.807959 0 5 10 562 341 1 448 420 NA NA NA NA NA NA NA NA NA NA NA NA NA NA NA NA NA NA 
13 6 23 0.500000 0 5 0 0 0.651738 4 10 9 567 427 4 575 322 6 407 352 7 458 423 10 392 443 NA NA NA NA NA NA NA NA NA 
13 6 24 0.500000 0 2 0 0 0.740647 0 5 5 474 469 3 389 297 NA NA NA NA NA NA NA NA NA NA NA NA NA NA NA NA NA NA 
13 6 25 0.500000 0 8 0 1 0.691107 3 3 6 414 361 2 543 471 8 620 364 3 565 411 10 452 309 1 471 430 4 523 303 5 626 444 
13 6 26 0.500000 0 5 1 1 0.615507 3 2 3 402 371 6 458 338 5 574 353 4 471 444 10 581 444 NA NA NA NA NA NA NA NA NA 
13 6 27 0.500000 0 8 1 1 0.564902 4 6 1 448 429 5 477 308 3 623 315 8 598 459 10 419 360 7 547 299 4 409 474 2 586 367 
13 6 28 0.500000 0 8 0 1 3.960489 3 10 7 456 405 6 523 300 2 505 451 10 438 347 9 583 409 5 620 344 4 392 300 1 391 429 
13 6 29 0.500000 0 8 1 1 1.743197 7 1 6 458 437 8 635 301 3 477 314 5 578 461 7 635 359 10 561 302 9 397 302 4 392 401 
13 6 30 0.500000 0 5 1 1 4.466543 2 6 1 429 298 10 401 449 2 597 352 5 411 389 9 475 430 NA NA NA NA NA NA NA NA NA 
13 6 31 0.500000 0 5 0 0 2.899401 0 4 4 398 432 5 610 341 7 558 457 8 595 398 10 471 440 NA NA NA NA NA NA NA NA NA 
13 6 32 0.500000 0 5 1 1 1.317574 3 2 5 584 371 7 391 351 10 496 327 9 489 466 1 568 447 NA NA NA NA NA NA NA NA NA 
13 6 33 0.500000 0 2 0 0 0.581454 0 8 8 565 324 2 577 474 NA NA NA NA NA NA NA NA NA NA NA NA NA NA NA NA NA NA 
13 6 34 0.500000 0 5 1 1 0.578918 2 1 5 611 306 8 417 329 9 405 447 7 623 392 6 551 456 NA NA NA NA NA NA NA NA NA 
13 6 35 0.500000 0 5 1 1 0.775917 1 7 1 420 366 6 507 443 4 418 302 2 430 434 9 589 374 NA NA NA NA NA NA NA NA NA 
13 6 36 0.500000 0 8 0 0 0.726533 0 2 2 402 300 8 455 402 4 566 473 7 596 322 10 418 448 5 485 459 6 512 311 9 623 410 
13 6 37 0.500000 0 5 0 0 0.610206 0 4 4 409 310 8 433 370 5 603 396 7 574 344 10 514 458 NA NA NA NA NA NA NA NA NA 
13 6 38 0.500000 0 8 0 0 0.476604 7 2 1 453 444 6 590 454 4 632 384 7 556 332 9 391 326 8 388 455 3 448 382 2 633 305 
13 6 39 0.500000 0 5 0 0 0.688075 1 2 9 455 296 2 405 328 1 575 326 8 521 302 6 392 385 NA NA NA NA NA NA NA NA NA 
13 6 40 0.500000 0 2 1 1 0.867660 1 2 4 465 464 9 588 414 NA NA NA NA NA NA NA NA NA NA NA NA NA NA NA NA NA NA 
13 6 41 0.500000 0 5 1 1 0.539130 2 6 5 403 422 2 623 336 8 460 453 7 511 318 3 392 323 NA NA NA NA NA NA NA NA NA 
13 6 42 0.500000 0 8 1 1 0.549580 0 2 4 598 473 3 567 363 7 423 402 8 420 314 9 635 368 5 473 341 1 503 455 10 428 469 
13 6 43 0.500000 0 2 1 1 1.747963 1 10 4 504 460 5 612 468 NA NA NA NA NA NA NA NA NA NA NA NA NA NA NA NA NA NA 
13 6 44 0.500000 0 5 1 1 0.558729 4 4 7 435 301 5 608 437 10 403 417 1 580 340 6 465 456 NA NA NA NA NA NA NA NA NA 
13 6 45 0.500000 0 8 1 1 0.527680 4 6 10 591 441 3 553 312 7 631 319 2 417 343 8 442 446 5 391 410 1 592 374 4 503 466 
13 6 46 0.500000 0 8 1 0 1.483582 4 10 5 437 407 1 543 295 2 549 464 3 614 466 6 405 465 4 392 345 7 605 310 9 622 386 
13 6 47 0.500000 0 2 1 1 0.415291 1 3 1 469 320 6 576 394 NA NA NA NA NA NA NA NA NA NA NA NA NA NA NA NA NA NA 
13 6 48 0.500000 0 5 0 0 1.064271 3 6 10 565 421 4 413 355 2 608 471 6 568 340 1 624 367 NA NA NA NA NA NA NA NA NA 
13 6 49 0.500000 0 8 1 0 1.646965 3 6 4 398 317 9 459 429 8 574 344 2 467 335 10 584 439 5 389 430 3 627 387 1 627 313 
13 6 50 0.500000 0 5 1 1 1.102748 4 10 4 455 369 2 632 305 1 567 326 6 436 468 5 417 317 NA NA NA NA NA NA NA NA NA 
13 6 51 0.500000 0 8 0 1 3.163121 1 1 5 480 316 1 509 446 4 410 320 6 576 328 2 444 389 8 572 406 10 633 403 3 415 463 
13 6 52 0.500000 0 2 0 0 0.599928 1 10 4 596 451 10 435 399 NA NA NA NA NA NA NA NA NA NA NA NA NA NA NA NA NA NA 
13 6 53 0.500000 0 2 1 1 0.975158 0 10 7 547 322 6 590 364 NA NA NA NA NA NA NA NA NA NA NA NA NA NA NA NA NA NA 
13 6 54 0.500000 0 2 0 0 0.803057 1 7 2 422 440 7 593 474 NA NA NA NA NA NA NA NA NA NA NA NA NA NA NA NA NA NA 
13 6 55 0.500000 0 8 1 1 0.654109 0 6 5 592 330 8 512 301 10 607 444 7 452 466 4 441 379 3 409 300 1 391 445 9 534 466 
13 6 56 0.500000 0 2 0 0 1.496418 0 3 3 404 449 10 495 305 NA NA NA NA NA NA NA NA NA NA NA NA NA NA NA NA NA NA 
13 6 57 0.500000 0 8 0 1 0.624268 1 5 7 412 396 5 541 325 4 389 325 1 550 438 9 482 449 10 635 340 3 468 322 2 636 438 
13 6 58 0.500000 0 5 0 0 1.764805 0 5 5 494 298 8 596 438 7 403 312 3 398 422 6 588 329 NA NA NA NA NA NA NA NA NA 
13 6 59 0.500000 0 2 1 1 0.596635 0 5 4 429 410 1 399 473 NA NA NA NA NA NA NA NA NA NA NA NA NA NA NA NA NA NA 
13 7 0 0.700000 0 8 0 1 0.834664 7 10 8 394 405 3 512 461 4 598 345 7 439 359 2 629 419 6 562 422 9 464 427 10 538 309 
13 7 1 0.700000 0 2 0 0 0.651577 0 10 10 548 452 2 419 294 NA NA NA NA NA NA NA NA NA NA NA NA NA NA NA NA NA NA 
13 7 2 0.700000 0 5 0 0 0.931206 4 9 8 447 455 7 395 342 4 602 432 1 494 312 9 571 368 NA NA NA NA NA NA NA NA NA 
13 7 3 0.700000 0 5 1 1 1.091858 4 9 7 598 295 8 425 339 5 571 442 10 496 457 1 631 426 NA NA NA NA NA NA NA NA NA 
13 7 4 0.700000 0 5 1 1 0.591863 0 5 7 617 301 1 601 401 2 414 388 4 480 466 10 508 324 NA NA NA NA NA NA NA NA NA 
13 7 5 0.700000 0 2 1 1 0.650173 0 8 10 397 411 1 392 337 NA NA NA NA NA NA NA NA NA NA NA NA NA NA NA NA NA NA 
13 7 6 0.700000 0 2 1 1 0.462897 0 4 3 626 463 1 395 294 NA NA NA NA NA NA NA NA NA NA NA NA NA NA NA NA NA NA 
13 7 7 0.700000 0 5 1 1 0.518543 0 6 4 467 311 7 578 413 5 627 294 1 412 412 2 636 434 NA NA NA NA NA NA NA NA NA 
13 7 8 0.700000 0 8 1 1 0.723975 1 8 10 571 456 4 460 332 3 454 424 7 505 473 5 567 321 6 408 359 2 595 387 1 401 456 
13 7 9 0.700000 0 2 1 1 0.445897 0 2 7 453 355 10 566 348 NA NA NA NA NA NA NA NA NA NA NA NA NA NA NA NA NA NA 
13 7 10 0.700000 0 5 1 0 0.648567 0 8 2 579 362 7 459 344 5 630 401 3 592 449 4 532 460 NA NA NA NA NA NA NA NA NA 
13 7 11 0.700000 0 5 1 1 0.989021 2 1 2 421 441 6 392 390 9 578 392 3 495 320 10 392 304 NA NA NA NA NA NA NA NA NA 
13 7 12 0.700000 0 5 1 1 3.841434 4 4 8 442 421 10 606 346 9 388 388 1 429 304 3 497 297 NA NA NA NA NA NA NA NA NA 
13 7 13 0.700000 0 8 1 1 1.456917 3 9 3 452 396 5 478 315 2 484 472 4 607 302 8 569 418 6 404 307 7 636 405 1 414 467 
13 7 14 0.700000 0 2 0 0 0.663076 0 9 9 444 438 1 394 377 NA NA NA NA NA NA NA NA NA NA NA NA NA NA NA NA NA NA 
13 7 15 0.700000 0 2 1 1 0.649740 1 2 7 468 432 5 624 319 NA NA NA NA NA NA NA NA NA NA NA NA NA NA NA NA NA NA 
13 7 16 0.700000 0 2 1 1 0.440667 1 5 9 446 306 3 542 326 NA NA NA NA NA NA NA NA NA NA NA NA NA NA NA NA NA NA 
13 7 17 0.700000 0 8 1 1 0.531931 4 9 7 624 326 3 517 321 10 400 379 5 481 455 1 547 452 8 586 378 2 419 306 4 402 447 
13 7 18 0.700000 0 5 1 1 0.537049 2 9 3 432 463 4 408 300 1 622 455 10 524 461 2 402 370 NA NA NA NA NA NA NA NA NA 
13 7 19 0.700000 0 8 1 1 0.475429 3 5 1 457 436 7 445 345 4 632 399 3 388 395 2 628 327 10 488 304 6 526 467 8 593 447 
13 7 20 0.700000 0 8 1 1 0.519478 7 1 7 634 443 3 516 322 9 413 395 5 443 326 4 573 353 8 516 460 2 430 474 10 577 429 
13 7 21 0.700000 0 5 0 0 1.119193 1 1 6 584 429 1 462 420 5 390 383 10 394 469 3 427 320 NA NA NA NA NA NA NA NA NA 
13 7 22 0.700000 0 2 1 1 0.393545 1 4 10 527 467 5 617 408 NA NA NA NA NA NA NA NA NA NA NA NA NA NA NA NA NA NA 
13 7 23 0.700000 0 5 1 0 1.089702 4 4 8 388 330 7 407 443 10 576 387 1 512 456 6 454 308 NA NA NA NA NA NA NA NA NA 
13 7 24 0.700000 0 8 0 0 1.136556 4 10 9 566 318 3 611 380 1 599 467 7 405 463 10 439 377 2 491 472 6 489 295 8 406 329 
13 7 25 0.700000 0 5 0 0 0.676250 0 8 8 633 392 7 625 472 2 411 332 5 613 298 1 442 430 NA NA NA NA NA NA NA NA NA 
13 7 26 0.700000 0 2 1 0 0.687987 0 10 4 416 382 7 482 333 NA NA NA NA NA NA NA NA NA NA NA NA NA NA NA NA NA NA 
13 7 27 0.700000 0 2 0 0 1.324549 1 3 2 521 462 3 582 418 NA NA NA NA NA NA NA NA NA NA NA NA NA NA NA NA NA NA 
13 7 28 0.700000 0 5 0 0 0.846045 0 9 9 542 325 8 593 410 2 470 302 5 416 349 7 528 446 NA NA NA NA NA NA NA NA NA 
13 7 29 0.700000 0 2 1 1 0.942429 1 4 2 571 300 3 630 341 NA NA NA NA NA NA NA NA NA NA NA NA NA NA NA NA NA NA 
13 7 30 0.700000 0 2 1 1 1.995031 1 7 4 591 323 6 432 402 NA NA NA NA NA NA NA NA NA NA NA NA NA NA NA NA NA NA 
13 7 31 0.700000 0 2 1 1 0.781827 1 1 7 612 302 5 582 356 NA NA NA NA NA NA NA NA NA NA NA NA NA NA NA NA NA NA 
13 7 32 0.700000 0 8 1 1 0.796201 6 9 10 484 330 3 560 313 5 481 469 8 389 384 4 624 360 7 618 425 1 413 303 6 424 437 
13 7 33 0.700000 0 5 1 1 3.357374 3 1 3 571 411 6 401 445 7 561 351 4 439 367 9 547 467 NA NA NA NA NA NA NA NA NA 
13 7 34 0.700000 0 2 1 1 1.593390 0 1 2 603 460 6 399 405 NA NA NA NA NA NA NA NA NA NA NA NA NA NA NA NA NA NA 
13 7 35 0.700000 0 8 1 1 2.250166 7 9 3 597 369 2 457 443 4 625 423 6 516 442 1 524 319 10 387 335 7 397 416 8 448 349 
13 7 36 0.700000 0 5 0 1 0.745521 3 2 3 596 326 6 462 329 9 441 466 2 582 407 10 394 328 NA NA NA NA NA NA NA NA NA 
13 7 37 0.700000 0 8 0 0 0.664932 0 7 7 616 403 9 455 429 5 417 320 3 574 458 2 632 301 8 479 319 10 570 364 4 399 453 
13 7 38 0.700000 0 2 0 0 0.612055 1 6 3 561 467 6 595 303 NA NA NA NA NA NA NA NA NA NA NA NA NA NA NA NA NA NA 
13 7 39 0.700000 0 2 0 0 0.640464 0 10 10 571 322 9 628 456 NA NA NA NA NA NA NA NA NA NA NA NA NA NA NA NA NA NA 
13 7 40 0.700000 0 2 1 1 0.459552 0 1 2 583 347 3 459 314 NA NA NA NA NA NA NA NA NA NA NA NA NA NA NA NA NA NA 
13 7 41 0.700000 0 2 1 1 0.575585 0 4 9 446 405 2 492 474 NA NA NA NA NA NA NA NA NA NA NA NA NA NA NA NA NA NA 
13 7 42 0.700000 0 2 0 0 0.762021 0 2 2 536 467 10 389 308 NA NA NA NA NA NA NA NA NA NA NA NA NA NA NA NA NA NA 
13 7 43 0.700000 0 2 1 1 0.523115 0 10 3 545 313 5 486 471 NA NA NA NA NA NA NA NA NA NA NA NA NA NA NA NA NA NA 
13 7 44 0.700000 0 8 1 1 0.569385 1 6 10 546 334 5 396 364 4 602 378 2 421 474 3 564 431 1 452 332 7 627 321 9 484 469 
13 7 45 0.700000 0 8 1 1 0.563446 1 3 1 511 307 5 580 433 4 416 396 9 630 383 2 631 300 6 418 302 8 484 444 10 396 460 
13 7 46 0.700000 0 5 1 1 0.615870 4 6 7 540 468 1 428 364 10 606 440 8 613 296 2 473 457 NA NA NA NA NA NA NA NA NA 
13 7 47 0.700000 0 8 0 1 0.830257 7 10 5 602 471 2 435 312 9 434 457 7 565 327 3 536 445 4 637 364 6 388 360 10 444 399 
13 7 48 0.700000 0 8 1 1 1.394775 1 1 8 456 309 2 403 396 6 516 444 9 409 470 10 602 464 5 526 300 4 591 345 3 394 328 
13 7 49 0.700000 0 5 1 1 1.998157 1 3 6 564 435 5 516 321 1 468 467 4 410 394 2 634 393 NA NA NA NA NA NA NA NA NA 
13 7 50 0.700000 0 8 1 1 1.159158 4 6 5 582 411 7 443 296 10 510 469 2 437 376 8 552 310 4 612 326 9 388 435 1 632 467 
13 7 51 0.700000 0 8 0 1 1.530293 1 5 1 401 446 5 602 322 9 507 307 7 630 383 6 520 444 2 413 386 3 601 448 10 423 307 
13 7 52 0.700000 0 8 0 0 0.761331 2 6 3 590 367 2 448 302 6 429 459 10 426 374 4 614 462 8 634 314 5 534 463 1 572 305 
13 7 53 0.700000 0 5 1 1 0.896034 1 9 3 537 451 8 390 420 5 576 299 4 408 295 6 607 408 NA NA NA NA NA NA NA NA NA 
13 7 54 0.700000 0 5 1 1 1.236831 1 10 5 576 322 1 569 431 8 437 433 2 431 375 9 409 294 NA NA NA NA NA NA NA NA NA 
13 7 55 0.700000 0 8 1 1 0.835743 5 7 3 553 325 9 454 421 10 606 391 1 579 462 5 427 343 6 494 309 8 504 457 4 625 312 
13 7 56 0.700000 0 8 1 1 0.911488 2 2 3 594 322 5 431 396 9 581 441 4 524 472 10 393 298 7 454 322 6 468 452 1 408 472 
13 7 57 0.700000 0 8 1 1 0.715583 1 9 3 539 470 10 619 469 7 482 302 1 433 388 5 433 458 6 612 344 8 394 308 4 574 414 
13 7 58 0.700000 0 5 1 1 0.670890 2 2 1 604 378 9 435 401 10 546 447 4 530 323 8 395 322 NA NA NA NA NA NA NA NA NA 
13 7 59 0.700000 0 5 0 0 0.729877 4 6 2 601 320 8 513 320 9 448 459 10 394 346 6 457 303 NA NA NA NA NA NA NA NA NA 
13 8 0 0.500000 0 5 1 1 0.550972 3 1 9 618 378 5 635 296 7 567 336 3 519 443 4 429 296 NA NA NA NA NA NA NA NA NA 
13 8 1 0.500000 0 2 0 0 0.678722 0 1 1 440 390 3 472 442 NA NA NA NA NA NA NA NA NA NA NA NA NA NA NA NA NA NA 
13 8 2 0.500000 0 5 0 0 0.624631 3 7 3 544 450 2 489 311 6 565 341 7 462 420 8 599 393 NA NA NA NA NA NA NA NA NA 
13 8 3 0.500000 0 8 0 0 1.163641 6 9 3 581 445 6 594 353 2 507 469 1 437 437 8 453 370 10 497 309 9 418 314 4 567 300 
13 8 4 0.500000 0 5 0 0 0.832132 2 2 7 591 320 8 433 333 2 626 438 4 526 457 6 452 393 NA NA NA NA NA NA NA NA NA 
13 8 5 0.500000 0 2 1 1 0.499384 1 10 3 602 453 1 424 472 NA NA NA NA NA NA NA NA NA NA NA NA NA NA NA NA NA NA 
13 8 6 0.500000 0 2 1 1 0.462749 0 6 8 541 302 3 477 450 NA NA NA NA NA NA NA NA NA NA NA NA NA NA NA NA NA NA 
13 8 7 0.500000 0 8 0 0 0.705367 7 6 7 552 338 3 521 452 9 607 402 10 467 338 8 596 460 2 417 370 1 608 300 6 416 451 
13 8 8 0.500000 0 2 0 0 0.586671 1 10 5 458 311 10 541 454 NA NA NA NA NA NA NA NA NA NA NA NA NA NA NA NA NA NA 
13 8 9 0.500000 0 2 0 0 0.467731 1 9 8 390 425 9 627 324 NA NA NA NA NA NA NA NA NA NA NA NA NA NA NA NA NA NA 
13 8 10 0.500000 0 2 0 0 0.420871 0 7 7 621 445 4 482 473 NA NA NA NA NA NA NA NA NA NA NA NA NA NA NA NA NA NA 
13 8 11 0.500000 0 2 0 0 0.467133 0 6 6 391 344 7 391 442 NA NA NA NA NA NA NA NA NA NA NA NA NA NA NA NA NA NA 
13 8 12 0.500000 0 5 0 1 1.585413 1 4 7 411 437 4 626 296 6 388 302 10 598 445 8 598 373 NA NA NA NA NA NA NA NA NA 
13 8 13 0.500000 0 5 0 1 1.581290 3 1 2 424 473 3 436 336 7 520 471 1 519 320 10 583 446 NA NA NA NA NA NA NA NA NA 
13 8 14 0.500000 0 2 1 1 0.608833 0 3 6 617 448 8 584 331 NA NA NA NA NA NA NA NA NA NA NA NA NA NA NA NA NA NA 
13 8 15 0.500000 0 8 1 1 0.871406 0 7 5 629 304 9 393 311 1 573 411 3 591 348 2 434 398 4 615 454 10 518 446 8 509 316 
13 8 16 0.500000 0 5 1 0 1.089694 1 7 2 414 395 6 465 460 10 573 456 4 473 305 5 597 310 NA NA NA NA NA NA NA NA NA 
13 8 17 0.500000 0 8 1 1 1.228023 2 3 5 545 311 9 486 470 7 611 474 4 428 460 10 596 383 1 445 326 2 423 400 6 608 303 
13 8 18 0.500000 0 2 1 1 0.449460 0 2 9 460 423 6 555 434 NA NA NA NA NA NA NA NA NA NA NA NA NA NA NA NA NA NA 
13 8 19 0.500000 0 2 0 0 0.630155 0 8 8 473 318 6 450 454 NA NA NA NA NA NA NA NA NA NA NA NA NA NA NA NA NA NA 
13 8 20 0.500000 0 8 0 1 1.091148 5 4 9 408 381 2 508 448 10 607 354 1 556 314 8 624 434 4 413 471 7 452 306 3 577 470 
13 8 21 0.500000 0 8 0 0 1.324889 0 1 1 398 364 3 590 365 7 458 323 8 629 455 10 565 296 6 563 471 2 439 421 5 631 314 
13 8 22 0.500000 0 2 1 1 0.510857 1 3 2 387 329 5 561 463 NA NA NA NA NA NA NA NA NA NA NA NA NA NA NA NA NA NA 
13 8 23 0.500000 0 5 1 1 0.585553 4 6 5 592 366 4 582 451 8 443 438 2 514 322 9 440 347 NA NA NA NA NA NA NA NA NA 
13 8 24 0.500000 0 2 0 0 1.849452 0 3 3 629 409 5 590 303 NA NA NA NA NA NA NA NA NA NA NA NA NA NA NA NA NA NA 
13 8 25 0.500000 0 2 1 1 1.190212 1 5 6 593 298 8 432 402 NA NA NA NA NA NA NA NA NA NA NA NA NA NA NA NA NA NA 
13 8 26 0.500000 0 2 0 0 0.657444 1 1 7 588 426 1 420 352 NA NA NA NA NA NA NA NA NA NA NA NA NA NA NA NA NA NA 
13 8 27 0.500000 0 8 1 1 1.720485 6 1 7 416 323 5 450 416 2 393 452 10 481 315 8 567 331 9 633 403 6 487 462 3 565 418 
13 8 28 0.500000 0 5 1 1 1.222979 0 1 7 390 318 2 613 463 3 614 299 5 536 449 9 431 472 NA NA NA NA NA NA NA NA NA 
13 8 29 0.500000 0 8 1 1 0.671097 7 7 9 635 411 10 570 448 2 421 447 1 618 354 8 493 464 4 397 364 3 443 306 5 594 300 
13 8 30 0.500000 0 5 1 1 0.667514 3 1 10 574 320 8 575 405 3 420 323 9 620 473 2 416 456 NA NA NA NA NA NA NA NA NA 
13 8 31 0.500000 0 5 1 1 2.129085 0 2 1 554 295 5 581 461 10 473 432 9 621 367 7 433 372 NA NA NA NA NA NA NA NA NA 
13 8 32 0.500000 0 8 1 1 0.604691 2 6 5 627 384 7 409 324 3 626 322 10 555 296 2 465 462 8 391 431 1 575 353 4 572 473 
13 8 33 0.500000 0 8 0 0 1.056632 7 8 10 537 302 3 573 441 1 390 297 5 627 389 7 391 471 2 487 459 4 603 336 8 425 377 
13 8 34 0.500000 0 5 0 0 0.512462 2 10 4 427 360 2 392 460 10 550 317 5 632 302 6 569 424 NA NA NA NA NA NA NA NA NA 
13 8 35 0.500000 0 5 0 0 0.381995 3 5 10 442 352 9 551 303 7 630 457 5 418 457 2 617 311 NA NA NA NA NA NA NA NA NA 
13 8 36 0.500000 0 8 0 0 0.674436 6 9 8 404 320 1 579 451 3 588 375 7 478 314 6 400 425 10 587 295 9 459 426 2 505 464 
13 8 37 0.500000 0 5 0 0 0.628034 2 10 9 445 360 4 565 337 10 571 458 6 457 474 1 414 416 NA NA NA NA NA NA NA NA NA 
13 8 38 0.500000 0 5 1 1 0.517578 4 1 4 579 321 2 481 319 7 567 456 9 630 465 5 392 391 NA NA NA NA NA NA NA NA NA 
13 8 39 0.500000 0 8 1 1 0.525594 0 9 5 405 319 7 637 410 6 565 345 2 632 472 10 459 421 4 519 446 8 401 420 3 633 347 
13 8 40 0.500000 0 5 1 1 0.601368 3 8 5 417 464 2 576 424 9 467 318 10 483 449 4 634 414 NA NA NA NA NA NA NA NA NA 
13 8 41 0.500000 0 2 1 1 0.517933 0 8 10 604 419 7 392 465 NA NA NA NA NA NA NA NA NA NA NA NA NA NA NA NA NA NA 
13 8 42 0.500000 0 2 1 1 0.703550 0 7 1 601 407 3 565 464 NA NA NA NA NA NA NA NA NA NA NA NA NA NA NA NA NA NA 
13 8 43 0.500000 0 2 0 0 0.578071 1 1 9 387 329 1 603 356 NA NA NA NA NA NA NA NA NA NA NA NA NA NA NA NA NA NA 
13 8 44 0.500000 0 5 1 1 0.603217 0 3 7 585 462 9 428 345 5 524 466 1 488 314 10 407 412 NA NA NA NA NA NA NA NA NA 
13 8 45 0.500000 0 5 0 0 0.614023 3 10 6 574 426 3 607 363 5 419 303 10 487 446 7 423 468 NA NA NA NA NA NA NA NA NA 
13 8 46 0.500000 0 8 1 1 0.845971 3 8 10 512 294 6 409 460 1 423 397 2 482 469 7 574 471 3 618 411 9 603 304 5 410 316 
13 8 47 0.500000 0 5 0 0 0.651424 3 6 10 445 331 9 601 381 8 633 298 6 456 431 2 394 389 NA NA NA NA NA NA NA NA NA 
13 8 48 0.500000 0 8 0 0 0.484929 7 3 9 404 387 1 563 430 2 594 377 10 582 302 6 420 446 5 456 324 8 396 306 3 634 422 
13 8 49 0.500000 0 5 1 1 0.663147 1 7 5 425 447 3 618 442 6 495 296 1 415 300 4 569 342 NA NA NA NA NA NA NA NA NA 
13 8 50 0.500000 0 8 0 1 0.554565 0 4 4 635 325 9 563 326 5 405 381 10 409 441 3 477 457 7 422 320 2 597 407 8 552 461 
13 8 51 0.500000 0 8 0 0 0.623998 5 7 3 406 429 6 575 431 8 472 320 9 546 320 5 634 362 7 466 438 1 387 321 10 442 377 
13 8 52 0.500000 0 8 1 1 1.624175 7 10 9 559 334 1 548 453 5 625 410 4 448 391 3 481 473 6 403 315 8 629 314 2 404 457 
13 8 53 0.500000 0 5 0 0 0.753120 3 6 4 455 474 1 428 315 3 493 302 6 394 363 5 542 440 NA NA NA NA NA NA NA NA NA 
13 8 54 0.500000 0 2 0 0 0.606909 1 3 7 606 355 3 609 452 NA NA NA NA NA NA NA NA NA NA NA NA NA NA NA NA NA NA 
13 8 55 0.500000 0 8 1 0 0.585277 4 3 1 595 346 9 561 440 8 434 473 2 422 396 7 537 329 10 455 341 5 628 395 6 505 462 
13 8 56 0.500000 0 8 1 1 0.805984 7 9 5 392 348 4 432 300 2 540 471 10 389 466 3 618 301 7 626 394 8 499 317 1 450 382 
13 8 57 0.500000 0 2 1 1 0.638784 1 1 10 465 445 4 587 371 NA NA NA NA NA NA NA NA NA NA NA NA NA NA NA NA NA NA 
13 8 58 0.500000 0 8 0 0 0.879012 3 9 5 400 371 2 591 432 10 411 309 9 589 366 3 432 450 6 589 301 1 502 324 7 530 459 
13 8 59 0.500000 0 2 1 1 0.875448 0 9 7 440 419 6 439 304 NA NA NA NA NA NA NA NA NA NA NA NA NA NA NA NA NA NA 
