2 0 0 0.700000 0 5 1 1 1.266335 4 10 1 428 465 2 569 325 3 620 441 9 437 325 8 498 462 NA NA NA NA NA NA NA NA NA 
2 0 1 0.700000 0 2 0 0 1.048651 0 1 1 575 366 10 610 296 NA NA NA NA NA NA NA NA NA NA NA NA NA NA NA NA NA NA 
2 0 2 0.700000 0 8 1 1 1.129543 0 8 4 424 418 3 519 308 2 437 351 10 574 352 6 633 413 5 474 466 1 569 431 7 396 469 
2 0 3 0.700000 0 2 1 1 1.022931 0 6 4 595 375 1 393 367 NA NA NA NA NA NA NA NA NA NA NA NA NA NA NA NA NA NA 
2 0 4 0.700000 0 5 1 1 0.948101 0 10 8 567 319 6 470 451 9 574 418 7 632 404 5 438 370 NA NA NA NA NA NA NA NA NA 
2 0 5 0.700000 0 5 1 1 1.109118 3 4 10 460 340 3 567 298 7 515 451 8 427 447 5 637 308 NA NA NA NA NA NA NA NA NA 
2 0 6 0.700000 0 2 1 1 0.727625 0 5 9 401 429 7 617 385 NA NA NA NA NA NA NA NA NA NA NA NA NA NA NA NA NA NA 
2 0 7 0.700000 0 5 1 1 0.889909 0 3 10 429 321 6 569 357 1 419 412 2 526 315 5 637 444 NA NA NA NA NA NA NA NA NA 
2 0 8 0.700000 0 5 1 1 0.856417 2 7 6 588 435 9 539 319 10 391 432 8 450 316 5 635 328 NA NA NA NA NA NA NA NA NA 
2 0 9 0.700000 0 8 1 1 0.983864 6 4 10 469 455 2 552 463 1 423 401 7 624 356 9 619 428 8 402 298 5 576 309 6 496 328 
2 0 10 0.700000 0 2 1 1 0.974290 1 5 10 441 455 6 578 303 NA NA NA NA NA NA NA NA NA NA NA NA NA NA NA NA NA NA 
2 0 11 0.700000 0 5 1 1 0.777077 3 8 7 436 352 10 585 404 1 581 463 3 583 307 5 410 465 NA NA NA NA NA NA NA NA NA 
2 0 12 0.700000 0 2 1 1 0.890858 1 5 3 392 366 9 546 449 NA NA NA NA NA NA NA NA NA NA NA NA NA NA NA NA NA NA 
2 0 13 0.700000 0 5 1 1 0.936616 2 7 1 405 296 2 452 330 8 444 429 10 632 348 9 564 436 NA NA NA NA NA NA NA NA NA 
2 0 14 0.700000 0 8 1 1 0.905427 2 6 1 478 441 9 628 407 7 396 426 4 568 319 8 635 472 2 453 348 10 393 296 3 631 348 
2 0 15 0.700000 0 8 0 1 1.237093 2 5 4 623 422 7 521 320 5 500 451 1 439 442 8 437 309 3 612 298 2 401 378 10 573 474 
2 0 16 0.700000 0 8 1 1 2.242455 4 8 1 428 471 7 632 347 3 520 317 2 449 333 9 570 369 4 454 404 10 585 453 5 637 412 
2 0 17 0.700000 0 5 0 1 1.148503 1 9 2 571 474 9 424 461 6 606 372 10 402 333 5 460 315 NA NA NA NA NA NA NA NA NA 
2 0 18 0.700000 0 8 1 1 0.830778 1 10 1 569 399 9 419 310 4 629 438 6 392 441 7 580 315 5 493 468 8 472 342 3 413 379 
2 0 19 0.700000 0 2 1 1 1.275248 0 9 6 505 325 1 605 304 NA NA NA NA NA NA NA NA NA NA NA NA NA NA NA NA NA NA 
2 0 20 0.700000 0 5 1 1 1.363532 0 10 2 392 469 6 598 355 1 474 451 7 418 297 4 528 305 NA NA NA NA NA NA NA NA NA 
2 0 21 0.700000 0 2 1 1 0.656997 1 4 5 605 386 9 400 407 NA NA NA NA NA NA NA NA NA NA NA NA NA NA NA NA NA NA 
2 0 22 0.700000 0 8 0 1 2.325737 1 2 10 581 345 2 416 337 7 635 449 6 633 389 4 571 404 3 472 311 1 516 452 9 457 408 
2 0 23 0.700000 0 8 0 0 1.377217 0 5 5 562 449 4 627 364 8 483 445 2 429 297 3 561 319 6 444 397 10 620 453 9 480 330 
2 0 24 0.700000 0 5 1 1 2.075299 2 4 7 568 296 5 421 435 8 633 315 9 495 312 10 617 444 NA NA NA NA NA NA NA NA NA 
2 0 25 0.700000 0 8 1 0 1.455402 6 4 10 593 412 2 626 314 7 518 447 5 416 473 1 409 302 9 394 367 3 520 316 8 577 471 
2 0 26 0.700000 0 5 1 1 1.694149 1 4 1 394 471 5 401 372 9 548 465 3 588 344 8 618 433 NA NA NA NA NA NA NA NA NA 
2 0 27 0.700000 0 5 1 1 1.820826 1 2 3 425 431 6 619 329 4 573 464 5 505 455 1 395 364 NA NA NA NA NA NA NA NA NA 
2 0 28 0.700000 0 2 1 1 0.882111 0 3 2 545 474 4 539 313 NA NA NA NA NA NA NA NA NA NA NA NA NA NA NA NA NA NA 
2 0 29 0.700000 0 2 1 1 0.955914 0 5 2 478 466 10 623 330 NA NA NA NA NA NA NA NA NA NA NA NA NA NA NA NA NA NA 
2 0 30 0.700000 0 2 1 1 0.771568 1 8 6 389 407 9 590 404 NA NA NA NA NA NA NA NA NA NA NA NA NA NA NA NA NA NA 
2 0 31 0.700000 0 5 0 1 1.460362 3 5 3 434 364 9 619 452 10 571 354 5 636 388 4 488 299 NA NA NA NA NA NA NA NA NA 
2 0 32 0.700000 0 5 1 1 0.735163 2 8 2 436 416 1 390 321 4 623 344 9 516 459 10 633 426 NA NA NA NA NA NA NA NA NA 
2 0 33 0.700000 0 5 1 1 1.145598 4 10 4 432 396 2 552 340 3 434 460 9 387 298 6 625 295 NA NA NA NA NA NA NA NA NA 
2 0 34 0.700000 0 8 0 1 1.359517 6 10 2 629 388 3 541 462 9 537 323 4 625 458 1 430 443 8 425 359 10 595 312 7 480 301 
2 0 35 0.700000 0 8 1 1 1.407752 7 5 3 473 339 9 421 382 6 603 463 10 393 311 7 547 311 8 621 304 2 417 442 4 518 454 
2 0 36 0.700000 0 2 0 0 0.801341 0 9 9 427 421 4 433 305 NA NA NA NA NA NA NA NA NA NA NA NA NA NA NA NA NA NA 
2 0 37 0.700000 0 8 0 0 1.013552 1 8 1 571 351 8 410 296 5 627 459 9 577 414 7 471 313 6 445 384 2 446 449 3 595 295 
2 0 38 0.700000 0 2 1 1 0.873094 1 8 1 487 299 5 627 452 NA NA NA NA NA NA NA NA NA NA NA NA NA NA NA NA NA NA 
2 0 39 0.700000 0 8 1 1 0.914261 2 10 5 450 349 4 481 434 6 635 357 8 545 295 9 565 436 1 392 455 7 620 457 3 389 350 
2 0 40 0.700000 0 2 0 0 2.139791 1 2 7 617 391 2 489 441 NA NA NA NA NA NA NA NA NA NA NA NA NA NA NA NA NA NA 
2 0 41 0.700000 0 5 0 0 1.479084 2 4 5 529 471 3 593 308 4 395 474 6 388 391 10 446 313 NA NA NA NA NA NA NA NA NA 
2 0 42 0.700000 0 8 1 1 1.057212 7 8 2 405 325 1 498 465 3 548 302 5 411 463 7 615 358 10 456 365 6 582 465 9 571 407 
2 0 43 0.700000 0 5 0 0 1.410760 4 4 9 400 368 8 591 367 7 409 428 5 621 439 4 596 295 NA NA NA NA NA NA NA NA NA 
2 0 44 0.700000 0 8 1 1 1.015306 7 4 2 601 325 7 530 448 3 394 460 9 522 302 5 396 378 10 624 467 8 616 398 1 391 305 
2 0 45 0.700000 0 2 1 1 1.230613 0 3 1 580 353 5 523 458 NA NA NA NA NA NA NA NA NA NA NA NA NA NA NA NA NA NA 
2 0 46 0.700000 0 5 0 1 1.156091 2 6 1 450 414 10 470 320 6 511 461 4 628 306 2 636 458 NA NA NA NA NA NA NA NA NA 
2 0 47 0.700000 0 2 0 0 0.840122 1 7 10 414 315 7 396 382 NA NA NA NA NA NA NA NA NA NA NA NA NA NA NA NA NA NA 
2 0 48 0.700000 0 8 1 1 0.821517 5 7 5 631 329 2 473 441 10 423 376 3 565 409 4 528 311 9 406 296 6 628 403 1 468 315 
2 0 49 0.700000 0 2 1 1 1.073745 0 6 10 619 472 9 407 306 NA NA NA NA NA NA NA NA NA NA NA NA NA NA NA NA NA NA 
2 0 50 0.700000 0 2 1 1 0.980077 1 4 10 500 327 3 388 358 NA NA NA NA NA NA NA NA NA NA NA NA NA NA NA NA NA NA 
2 0 51 0.700000 0 2 0 0 0.730043 0 9 9 413 383 10 582 341 NA NA NA NA NA NA NA NA NA NA NA NA NA NA NA NA NA NA 
2 0 52 0.700000 0 8 1 1 0.905771 2 7 4 580 321 6 390 457 1 504 453 9 595 455 3 611 395 10 429 347 8 460 410 2 491 302 
2 0 53 0.700000 0 5 0 0 1.496368 3 10 7 449 409 2 529 327 5 553 444 10 636 459 6 474 305 NA NA NA NA NA NA NA NA NA 
2 0 54 0.700000 0 8 1 1 0.931179 7 4 2 387 349 7 596 328 3 411 294 1 419 422 5 474 466 6 637 389 9 493 316 8 530 450 
2 0 55 0.700000 0 2 1 1 0.854380 0 1 8 627 394 3 576 315 NA NA NA NA NA NA NA NA NA NA NA NA NA NA NA NA NA NA 
2 0 56 0.700000 0 5 1 1 0.740347 1 6 7 634 435 5 585 392 10 450 470 9 602 304 3 390 325 NA NA NA NA NA NA NA NA NA 
2 0 57 0.700000 0 8 1 1 1.462441 3 7 9 417 382 5 508 322 6 587 416 4 444 315 8 435 438 10 569 351 3 629 300 1 628 367 
2 0 58 0.700000 0 8 0 1 1.103714 5 3 9 608 466 4 404 379 2 529 445 10 411 450 5 456 305 3 606 338 8 577 400 1 468 431 
2 0 59 0.700000 0 2 0 0 0.796518 0 9 9 506 449 1 637 410 NA NA NA NA NA NA NA NA NA NA NA NA NA NA NA NA NA NA 
2 1 0 0.500000 0 5 1 0 0.988908 1 1 3 442 410 6 632 315 9 592 359 10 398 358 8 524 301 NA NA NA NA NA NA NA NA NA 
2 1 1 0.500000 0 2 0 1 0.966653 0 6 6 613 398 1 394 381 NA NA NA NA NA NA NA NA NA NA NA NA NA NA NA NA NA NA 
2 1 2 0.500000 0 8 1 1 1.394821 0 7 8 620 339 10 440 380 1 570 434 2 428 298 3 513 321 5 432 474 6 632 418 4 501 465 
2 1 3 0.500000 0 8 0 1 1.588610 4 7 4 573 356 1 405 349 8 389 430 5 623 294 7 487 295 9 593 471 10 506 456 3 564 295 
2 1 4 0.500000 0 2 1 1 0.933183 0 9 7 568 329 3 515 469 NA NA NA NA NA NA NA NA NA NA NA NA NA NA NA NA NA NA 
2 1 5 0.500000 0 2 1 1 0.902656 0 10 7 403 346 4 600 412 NA NA NA NA NA NA NA NA NA NA NA NA NA NA NA NA NA NA 
2 1 6 0.500000 0 5 0 1 1.453223 4 9 4 411 342 7 401 413 10 594 467 2 563 294 9 619 400 NA NA NA NA NA NA NA NA NA 
2 1 7 0.500000 0 5 0 0 0.995013 3 1 10 530 446 6 622 456 2 454 391 1 403 315 8 623 379 NA NA NA NA NA NA NA NA NA 
2 1 8 0.500000 0 5 1 1 0.971860 1 1 6 459 310 4 588 378 8 533 456 5 629 326 3 408 345 NA NA NA NA NA NA NA NA NA 
2 1 9 0.500000 0 5 1 1 1.155161 4 1 4 581 358 8 426 370 5 549 467 2 600 431 6 508 315 NA NA NA NA NA NA NA NA NA 
2 1 10 0.500000 0 8 0 1 1.449152 4 4 3 419 324 6 622 424 9 411 410 8 631 342 4 574 310 2 477 461 7 503 326 1 572 383 
2 1 11 0.500000 0 5 0 0 1.215009 3 10 6 435 471 2 603 442 8 402 398 10 402 297 7 511 318 NA NA NA NA NA NA NA NA NA 
2 1 12 0.500000 0 2 0 0 1.129788 1 8 9 613 298 8 455 416 NA NA NA NA NA NA NA NA NA NA NA NA NA NA NA NA NA NA 
2 1 13 0.500000 0 8 0 1 1.337937 5 7 3 581 377 8 451 373 1 435 442 10 415 320 6 580 312 7 615 450 2 511 471 5 489 308 
2 1 14 0.500000 0 5 1 1 1.517708 3 4 3 391 426 7 461 417 1 408 305 5 587 363 8 616 295 NA NA NA NA NA NA NA NA NA 
2 1 15 0.500000 0 5 1 1 1.704238 4 10 8 436 375 6 630 331 4 455 447 1 588 379 9 521 323 NA NA NA NA NA NA NA NA NA 
2 1 16 0.500000 0 2 0 0 1.699409 0 2 2 561 300 7 413 472 NA NA NA NA NA NA NA NA NA NA NA NA NA NA NA NA NA NA 
2 1 17 0.500000 0 5 0 0 1.393777 3 8 1 596 392 6 395 327 5 521 299 8 636 343 4 413 422 NA NA NA NA NA NA NA NA NA 
2 1 18 0.500000 0 8 0 0 1.226830 6 2 5 611 447 4 615 378 6 406 298 1 509 319 3 485 460 7 626 315 2 429 380 8 397 462 
2 1 19 0.500000 0 2 1 1 0.880794 0 6 4 433 297 5 551 470 NA NA NA NA NA NA NA NA NA NA NA NA NA NA NA NA NA NA 
2 1 20 0.500000 0 8 1 0 1.704366 6 1 8 505 453 7 508 319 4 406 439 3 592 453 5 439 350 9 573 371 10 609 303 6 637 405 
2 1 21 0.500000 0 2 1 1 1.684139 0 5 3 617 368 9 614 435 NA NA NA NA NA NA NA NA NA NA NA NA NA NA NA NA NA NA 
2 1 22 0.500000 0 8 1 1 1.207668 0 3 8 617 328 4 431 379 7 473 298 6 598 417 9 389 443 10 485 436 5 562 347 2 637 471 
2 1 23 0.500000 0 2 1 1 0.985457 0 6 2 518 468 3 395 375 NA NA NA NA NA NA NA NA NA NA NA NA NA NA NA NA NA NA 
2 1 24 0.500000 0 8 0 0 1.211136 2 5 9 387 388 1 428 313 5 454 421 4 595 335 7 595 448 8 531 329 2 536 439 10 392 463 
2 1 25 0.500000 0 2 0 0 0.893445 0 8 8 549 330 3 533 471 NA NA NA NA NA NA NA NA NA NA NA NA NA NA NA NA NA NA 
2 1 26 0.500000 0 5 0 0 1.014718 0 6 6 448 345 8 581 351 4 526 468 1 457 409 10 432 469 NA NA NA NA NA NA NA NA NA 
2 1 27 0.500000 0 2 1 1 1.949516 1 2 10 444 412 4 421 301 NA NA NA NA NA NA NA NA NA NA NA NA NA NA NA NA NA NA 
2 1 28 0.500000 0 2 1 1 0.871549 0 10 6 401 465 1 459 355 NA NA NA NA NA NA NA NA NA NA NA NA NA NA NA NA NA NA 
2 1 29 0.500000 0 8 0 0 0.885639 3 9 5 592 333 3 477 454 10 579 437 9 452 378 6 450 295 7 624 388 8 524 305 2 391 346 
2 1 30 0.500000 0 8 0 0 1.192592 5 8 3 559 342 7 629 472 9 446 305 4 547 445 1 414 408 8 469 462 6 606 386 2 619 313 
2 1 31 0.500000 0 2 1 1 0.796818 1 5 9 634 294 7 510 304 NA NA NA NA NA NA NA NA NA NA NA NA NA NA NA NA NA NA 
2 1 32 0.500000 0 5 1 1 1.264817 4 5 10 574 405 1 629 459 2 487 321 6 389 371 7 428 313 NA NA NA NA NA NA NA NA NA 
2 1 33 0.500000 0 5 1 1 0.972012 4 8 9 413 440 10 416 372 3 598 338 2 575 444 6 396 307 NA NA NA NA NA NA NA NA NA 
2 1 34 0.500000 0 2 1 1 1.382068 1 7 9 597 469 4 480 442 NA NA NA NA NA NA NA NA NA NA NA NA NA NA NA NA NA NA 
2 1 35 0.500000 0 5 0 0 0.763093 4 3 6 465 322 10 629 338 5 523 455 7 598 432 3 554 315 NA NA NA NA NA NA NA NA NA 
2 1 36 0.500000 0 5 0 0 1.004006 0 1 1 445 337 3 390 297 8 597 310 4 417 467 9 628 391 NA NA NA NA NA NA NA NA NA 
2 1 37 0.500000 0 5 1 1 0.823533 3 5 4 486 297 2 552 310 10 598 373 9 531 467 3 435 380 NA NA NA NA NA NA NA NA NA 
2 1 38 0.500000 0 8 1 1 1.389871 2 1 9 403 341 3 529 316 5 612 431 10 625 348 7 403 442 4 537 473 8 465 300 6 463 439 
2 1 39 0.500000 0 2 0 0 0.905862 0 9 9 540 318 2 616 418 NA NA NA NA NA NA NA NA NA NA NA NA NA NA NA NA NA NA 
2 1 40 0.500000 0 8 0 1 0.988708 3 2 5 433 442 3 627 297 7 433 303 2 620 408 9 529 452 6 400 394 8 583 360 10 524 296 
2 1 41 0.500000 0 2 1 1 0.629853 0 2 3 435 456 5 534 325 NA NA NA NA NA NA NA NA NA NA NA NA NA NA NA NA NA NA 
2 1 42 0.500000 0 5 1 1 1.001134 3 8 3 621 324 6 453 335 7 397 443 1 606 451 5 514 307 NA NA NA NA NA NA NA NA NA 
2 1 43 0.500000 0 2 0 0 1.003889 1 9 5 577 392 9 636 308 NA NA NA NA NA NA NA NA NA NA NA NA NA NA NA NA NA NA 
2 1 44 0.500000 0 8 1 1 1.428026 6 7 10 614 374 5 449 365 2 401 399 4 569 471 9 636 312 6 467 458 8 555 344 1 434 299 
2 1 45 0.500000 0 2 0 0 0.878629 1 3 4 605 374 3 409 401 NA NA NA NA NA NA NA NA NA NA NA NA NA NA NA NA NA NA 
2 1 46 0.500000 0 2 0 0 1.133420 0 5 5 396 423 4 520 460 NA NA NA NA NA NA NA NA NA NA NA NA NA NA NA NA NA NA 
2 1 47 0.500000 0 2 0 0 0.827673 1 10 4 631 464 10 553 335 NA NA NA NA NA NA NA NA NA NA NA NA NA NA NA NA NA NA 
2 1 48 0.500000 0 2 0 0 0.873456 1 9 10 559 313 9 443 366 NA NA NA NA NA NA NA NA NA NA NA NA NA NA NA NA NA NA 
2 1 49 0.500000 0 8 1 0 0.880057 7 5 2 579 472 8 546 312 3 634 441 6 428 373 7 398 304 10 623 363 9 481 316 4 407 457 
2 1 50 0.500000 0 8 0 0 1.011871 3 9 2 557 325 10 634 469 8 410 367 9 423 442 3 444 310 6 635 373 4 497 453 1 576 422 
2 1 51 0.500000 0 8 1 1 1.313092 1 7 9 585 420 10 414 300 5 637 313 8 423 463 3 416 397 1 626 470 4 539 320 2 637 380 
2 1 52 0.500000 0 5 0 0 0.980186 2 1 10 393 402 5 438 472 1 417 311 3 475 329 8 532 440 NA NA NA NA NA NA NA NA NA 
2 1 53 0.500000 0 5 0 1 0.977255 3 4 10 630 375 3 394 457 7 454 319 4 433 398 9 510 447 NA NA NA NA NA NA NA NA NA 
2 1 54 0.500000 0 8 0 1 1.505899 5 6 3 449 465 4 411 364 2 596 340 8 574 473 1 428 303 6 629 395 9 523 295 10 393 424 
2 1 55 0.500000 0 8 1 1 1.483211 3 5 3 582 306 6 622 392 4 543 459 7 434 425 9 417 329 10 482 296 1 628 454 8 479 470 
2 1 56 0.500000 0 8 1 0 1.382304 5 5 2 553 433 9 450 362 4 484 449 3 597 350 8 568 299 6 388 461 1 502 297 10 628 415 
2 1 57 0.500000 0 5 1 1 0.976576 3 4 8 434 348 1 630 428 9 391 405 5 582 379 7 619 322 NA NA NA NA NA NA NA NA NA 
2 1 58 0.500000 0 8 1 0 1.105680 1 6 3 617 294 8 609 360 5 478 435 7 416 327 10 528 321 2 599 421 4 400 422 1 554 458 
2 1 59 0.500000 0 5 0 1 0.993252 4 10 9 539 464 1 627 410 6 406 345 8 388 436 10 475 294 NA NA NA NA NA NA NA NA NA 
2 2 0 0.300000 0 2 0 0 0.561296 1 1 6 436 355 1 529 320 NA NA NA NA NA NA NA NA NA NA NA NA NA NA NA NA NA NA 
2 2 1 0.300000 0 5 1 1 0.883109 2 7 9 484 315 3 592 384 6 425 386 5 581 466 2 491 455 NA NA NA NA NA NA NA NA NA 
2 2 2 0.300000 0 8 0 1 1.094368 2 10 4 617 467 9 519 326 10 574 421 7 426 399 5 615 356 3 453 304 1 459 462 6 400 340 
2 2 3 0.300000 0 8 1 1 0.915101 0 8 1 453 460 10 454 393 6 586 451 7 619 349 5 538 307 9 421 305 3 528 468 4 390 435 
2 2 4 0.300000 0 5 1 0 0.777265 0 1 9 532 441 2 405 325 10 498 294 8 463 427 6 400 405 NA NA NA NA NA NA NA NA NA 
2 2 5 0.300000 0 5 0 0 0.951245 2 2 7 617 412 3 625 348 2 461 429 6 394 372 8 529 317 NA NA NA NA NA NA NA NA NA 
2 2 6 0.300000 0 5 0 0 0.624228 2 10 1 582 451 9 430 432 10 387 382 5 589 312 3 429 305 NA NA NA NA NA NA NA NA NA 
2 2 7 0.300000 0 5 1 1 1.062598 4 6 1 615 382 4 390 313 8 416 412 2 566 338 7 605 472 NA NA NA NA NA NA NA NA NA 
2 2 8 0.300000 0 8 1 1 1.330408 2 9 5 621 426 6 427 430 4 388 322 7 547 327 3 606 295 1 475 297 8 560 440 10 606 359 
2 2 9 0.300000 0 5 0 0 0.849713 1 10 4 491 461 10 498 301 7 619 473 6 408 300 8 587 297 NA NA NA NA NA NA NA NA NA 
2 2 10 0.300000 0 5 1 1 0.954395 3 3 1 417 338 2 595 374 4 391 444 8 562 307 7 456 455 NA NA NA NA NA NA NA NA NA 
2 2 11 0.300000 0 8 0 0 1.338467 5 4 9 569 297 2 451 470 7 419 373 10 433 303 1 488 327 4 625 452 8 570 384 3 616 335 
2 2 12 0.300000 0 5 0 0 0.708719 0 8 8 495 301 2 399 339 9 540 466 4 471 435 6 634 315 NA NA NA NA NA NA NA NA NA 
2 2 13 0.300000 0 8 0 0 0.706405 6 1 8 587 429 9 391 434 3 466 334 6 461 412 5 549 334 2 624 360 1 410 305 4 520 468 
2 2 14 0.300000 0 2 0 0 0.742660 1 10 8 579 356 10 392 435 NA NA NA NA NA NA NA NA NA NA NA NA NA NA NA NA NA NA 
2 2 15 0.300000 0 8 0 0 0.741461 1 10 8 581 426 10 388 325 9 501 320 2 402 406 7 444 460 1 603 335 4 514 458 6 446 298 
2 2 16 0.300000 0 5 0 0 0.742126 0 9 9 612 353 7 451 435 4 559 311 6 549 465 5 632 465 NA NA NA NA NA NA NA NA NA 
2 2 17 0.300000 0 8 0 0 0.641835 4 3 1 416 448 2 578 348 4 596 472 6 636 386 3 388 335 10 484 441 5 462 310 9 537 471 
2 2 18 0.300000 0 2 0 1 1.103372 1 7 6 561 433 7 492 445 NA NA NA NA NA NA NA NA NA NA NA NA NA NA NA NA NA NA 
2 2 19 0.300000 0 2 1 1 1.382121 1 4 9 622 421 8 588 307 NA NA NA NA NA NA NA NA NA NA NA NA NA NA NA NA NA NA 
2 2 20 0.300000 0 8 0 0 0.704140 2 1 2 413 329 8 612 438 1 584 320 10 401 425 3 623 364 4 470 453 5 504 303 6 533 462 
2 2 21 0.300000 0 2 1 0 3.046969 1 1 6 597 333 4 599 438 NA NA NA NA NA NA NA NA NA NA NA NA NA NA NA NA NA NA 
2 2 22 0.300000 0 2 0 0 0.902185 0 5 5 482 325 1 541 458 NA NA NA NA NA NA NA NA NA NA NA NA NA NA NA NA NA NA 
2 2 23 0.300000 0 5 0 1 0.857495 1 9 10 518 454 9 627 468 6 478 322 2 621 309 5 430 377 NA NA NA NA NA NA NA NA NA 
2 2 24 0.300000 0 2 0 0 1.925012 0 9 9 452 345 8 609 325 NA NA NA NA NA NA NA NA NA NA NA NA NA NA NA NA NA NA 
2 2 25 0.300000 0 8 1 1 0.863686 4 3 9 526 474 2 462 442 1 590 399 4 473 314 8 411 327 6 534 309 5 636 311 10 449 375 
2 2 26 0.300000 0 8 0 1 1.424676 2 10 2 628 396 9 631 312 10 512 325 5 424 351 6 449 425 1 546 449 7 404 462 8 606 455 
2 2 27 0.300000 0 5 0 1 2.085273 2 10 3 633 354 5 532 317 10 523 451 8 597 298 4 389 413 NA NA NA NA NA NA NA NA NA 
2 2 28 0.300000 0 8 0 1 0.941183 4 2 4 520 310 7 387 368 10 604 470 6 584 391 2 500 470 3 601 330 5 439 303 9 419 445 
2 2 29 0.300000 0 2 1 1 0.790642 1 3 6 406 393 8 436 311 NA NA NA NA NA NA NA NA NA NA NA NA NA NA NA NA NA NA 
2 2 30 0.300000 0 2 0 0 0.631245 0 3 3 432 376 5 478 313 NA NA NA NA NA NA NA NA NA NA NA NA NA NA NA NA NA NA 
2 2 31 0.300000 0 5 0 0 1.129545 3 9 1 579 373 5 463 298 7 412 425 9 423 357 10 480 447 NA NA NA NA NA NA NA NA NA 
2 2 32 0.300000 0 2 0 0 0.626395 0 7 7 617 384 5 427 364 NA NA NA NA NA NA NA NA NA NA NA NA NA NA NA NA NA NA 
2 2 33 0.300000 0 8 1 1 1.146023 0 6 3 613 439 8 438 467 9 434 302 4 573 344 1 403 373 7 490 439 2 501 295 10 627 299 
2 2 34 0.300000 0 8 0 1 1.170450 4 7 6 492 468 3 407 389 4 623 359 8 419 313 7 434 473 5 532 312 9 630 442 2 570 426 
2 2 35 0.300000 0 2 0 0 0.605619 0 4 4 449 402 7 487 326 NA NA NA NA NA NA NA NA NA NA NA NA NA NA NA NA NA NA 
2 2 36 0.300000 0 2 0 0 0.660031 1 9 3 427 343 9 436 456 NA NA NA NA NA NA NA NA NA NA NA NA NA NA NA NA NA NA 
2 2 37 0.300000 0 2 1 1 2.017486 1 4 6 395 371 7 453 360 NA NA NA NA NA NA NA NA NA NA NA NA NA NA NA NA NA NA 
2 2 38 0.300000 0 2 0 0 0.738010 0 1 1 442 454 4 417 294 NA NA NA NA NA NA NA NA NA NA NA NA NA NA NA NA NA NA 
2 2 39 0.300000 0 8 0 0 0.675663 7 6 7 398 294 2 494 448 8 636 364 4 626 452 5 553 439 3 446 336 9 428 395 6 390 440 
2 2 40 0.300000 0 8 0 0 0.697243 3 7 9 417 404 6 576 393 10 628 419 7 419 333 3 559 331 2 622 297 4 581 468 8 498 448 
2 2 41 0.300000 0 2 1 1 0.680193 1 4 1 601 381 7 537 299 NA NA NA NA NA NA NA NA NA NA NA NA NA NA NA NA NA NA 
2 2 42 0.300000 0 5 0 0 2.175040 4 3 6 459 438 2 457 302 4 530 302 5 598 333 3 636 452 NA NA NA NA NA NA NA NA NA 
2 2 43 0.300000 0 5 0 0 0.580927 4 1 6 391 472 4 551 337 7 432 400 9 599 382 1 558 434 NA NA NA NA NA NA NA NA NA 
2 2 44 0.300000 0 8 0 0 0.636002 5 3 2 497 314 10 415 417 5 390 361 4 608 325 8 523 462 3 592 397 1 615 472 9 465 464 
2 2 45 0.300000 0 5 1 1 0.776797 0 6 5 424 363 8 566 303 4 617 397 1 428 454 9 625 318 NA NA NA NA NA NA NA NA NA 
2 2 46 0.300000 0 5 0 0 0.961166 1 2 5 603 422 2 392 294 6 447 326 8 560 321 10 451 440 NA NA NA NA NA NA NA NA NA 
2 2 47 0.300000 0 5 0 0 0.715921 1 2 7 464 445 2 432 386 4 525 316 6 395 444 1 624 350 NA NA NA NA NA NA NA NA NA 
2 2 48 0.300000 0 2 0 0 0.743981 0 10 10 563 434 7 427 377 NA NA NA NA NA NA NA NA NA NA NA NA NA NA NA NA NA NA 
2 2 49 0.300000 0 5 1 1 1.964389 1 4 6 401 308 1 436 418 5 472 467 2 591 463 10 561 325 NA NA NA NA NA NA NA NA NA 
2 2 50 0.300000 0 2 0 0 0.735650 1 9 2 601 358 9 409 433 NA NA NA NA NA NA NA NA NA NA NA NA NA NA NA NA NA NA 
2 2 51 0.300000 0 8 0 1 1.367684 7 10 3 395 445 9 519 324 2 449 294 5 610 305 4 461 443 7 610 383 6 573 454 10 398 367 
2 2 52 0.300000 0 8 0 0 1.038790 0 8 8 623 323 3 451 300 9 407 397 7 602 426 6 389 295 2 540 445 4 466 448 10 565 342 
2 2 53 0.300000 0 8 1 1 0.955358 1 9 10 592 420 5 631 348 6 465 332 4 417 299 7 532 298 3 392 416 1 454 409 2 517 452 
2 2 54 0.300000 0 8 1 1 0.882163 1 6 7 632 358 10 479 327 4 455 410 9 633 465 1 568 360 5 397 384 8 572 453 3 414 295 
2 2 55 0.300000 0 5 0 0 0.770985 3 8 3 634 333 4 430 329 10 515 442 8 425 411 7 416 471 NA NA NA NA NA NA NA NA NA 
2 2 56 0.300000 0 5 0 0 0.752224 4 2 1 551 465 10 634 358 5 425 383 8 544 323 2 583 387 NA NA NA NA NA NA NA NA NA 
2 2 57 0.300000 0 2 0 0 0.766105 0 3 3 555 313 10 537 459 NA NA NA NA NA NA NA NA NA NA NA NA NA NA NA NA NA NA 
2 2 58 0.300000 0 2 1 1 1.090549 1 2 9 459 451 5 388 404 NA NA NA NA NA NA NA NA NA NA NA NA NA NA NA NA NA NA 
2 2 59 0.300000 0 2 0 0 1.124710 1 7 10 608 390 7 441 347 NA NA NA NA NA NA NA NA NA NA NA NA NA NA NA NA NA NA 
2 3 0 0.700000 0 5 1 1 0.487507 3 1 3 397 410 6 440 302 10 588 365 9 622 309 2 539 472 NA NA NA NA NA NA NA NA NA 
2 3 1 0.700000 0 5 1 1 0.426343 4 3 1 599 355 5 467 459 2 416 362 8 472 329 7 569 301 NA NA NA NA NA NA NA NA NA 
2 3 2 0.700000 0 8 1 1 0.334044 1 9 5 420 325 8 614 296 7 635 430 4 558 471 6 391 412 2 564 344 3 480 443 10 525 295 
2 3 3 0.700000 0 8 1 1 0.402520 5 4 9 444 437 10 583 347 1 428 304 2 440 378 3 499 472 8 613 397 7 509 306 5 557 452 
2 3 4 0.700000 0 2 1 1 0.478225 1 7 5 613 454 4 542 324 NA NA NA NA NA NA NA NA NA NA NA NA NA NA NA NA NA NA 
2 3 5 0.700000 0 5 1 1 0.508742 3 9 2 511 444 1 612 421 7 441 467 10 411 295 5 628 322 NA NA NA NA NA NA NA NA NA 
2 3 6 0.700000 0 2 0 0 1.375539 1 1 4 491 326 1 439 438 NA NA NA NA NA NA NA NA NA NA NA NA NA NA NA NA NA NA 
2 3 7 0.700000 0 5 1 1 0.492309 3 2 8 633 367 10 436 329 5 571 403 3 625 433 1 393 403 NA NA NA NA NA NA NA NA NA 
2 3 8 0.700000 0 2 1 1 0.559293 0 4 5 389 385 2 594 456 NA NA NA NA NA NA NA NA NA NA NA NA NA NA NA NA NA NA 
2 3 9 0.700000 0 5 1 1 0.603194 3 8 2 622 397 1 423 445 4 399 305 10 536 302 3 445 354 NA NA NA NA NA NA NA NA NA 
2 3 10 0.700000 0 2 1 1 0.350540 0 1 3 449 323 4 580 321 NA NA NA NA NA NA NA NA NA NA NA NA NA NA NA NA NA NA 
2 3 11 0.700000 0 5 1 1 0.483018 4 2 6 413 440 3 626 400 5 535 328 7 566 432 9 416 371 NA NA NA NA NA NA NA NA NA 
2 3 12 0.700000 0 8 0 1 0.443663 3 9 2 552 332 10 621 411 5 610 471 9 425 465 4 433 325 8 633 309 1 392 405 3 485 457 
2 3 13 0.700000 0 8 1 1 0.284779 5 1 2 548 308 9 429 422 10 616 401 6 491 445 4 581 459 3 422 354 5 633 311 7 396 473 
2 3 14 0.700000 0 8 1 1 0.343216 0 5 3 573 413 8 511 465 4 395 302 6 616 453 2 419 455 1 565 322 9 482 330 7 634 389 
2 3 15 0.700000 0 2 1 1 0.553226 1 2 7 402 427 5 578 310 NA NA NA NA NA NA NA NA NA NA NA NA NA NA NA NA NA NA 
2 3 16 0.700000 0 2 1 1 0.408593 1 1 7 564 314 2 598 403 NA NA NA NA NA NA NA NA NA NA NA NA NA NA NA NA NA NA 
2 3 17 0.700000 0 5 0 1 0.625846 1 4 3 418 457 4 603 427 1 455 332 5 610 330 6 389 356 NA NA NA NA NA NA NA NA NA 
2 3 18 0.700000 0 8 1 1 0.349792 1 8 4 420 365 7 622 471 2 436 464 3 608 377 1 509 453 10 551 328 5 568 443 9 416 302 
2 3 19 0.700000 0 5 1 1 0.418807 1 5 2 454 365 3 584 412 4 513 314 1 487 446 6 428 434 NA NA NA NA NA NA NA NA NA 
2 3 20 0.700000 0 8 1 1 0.542770 2 10 5 387 320 9 610 402 7 528 312 6 503 456 4 401 465 2 454 385 1 456 317 3 617 466 
2 3 21 0.700000 0 5 0 1 0.583210 3 1 2 621 436 8 455 372 9 390 432 1 479 455 10 582 382 NA NA NA NA NA NA NA NA NA 
2 3 22 0.700000 0 2 1 1 0.506962 1 6 1 451 319 3 451 408 NA NA NA NA NA NA NA NA NA NA NA NA NA NA NA NA NA NA 
2 3 23 0.700000 0 2 1 1 0.473480 1 4 7 528 297 1 614 300 NA NA NA NA NA NA NA NA NA NA NA NA NA NA NA NA NA NA 
2 3 24 0.700000 0 2 0 0 1.625915 0 5 5 448 328 3 605 312 NA NA NA NA NA NA NA NA NA NA NA NA NA NA NA NA NA NA 
2 3 25 0.700000 0 8 1 1 0.468608 6 8 10 415 441 1 619 438 6 447 329 5 482 446 9 629 367 2 569 399 4 402 382 3 506 319 
2 3 26 0.700000 0 2 1 1 0.436238 0 3 1 535 443 8 444 363 NA NA NA NA NA NA NA NA NA NA NA NA NA NA NA NA NA NA 
2 3 27 0.700000 0 8 0 1 0.773813 4 8 6 457 446 4 606 298 1 549 433 9 473 298 8 390 334 5 617 374 3 391 467 10 413 394 
2 3 28 0.700000 0 2 1 1 0.825560 1 1 8 572 442 2 610 341 NA NA NA NA NA NA NA NA NA NA NA NA NA NA NA NA NA NA 
2 3 29 0.700000 0 8 1 1 0.529763 7 1 6 446 413 5 625 433 4 627 318 2 562 418 8 399 326 9 397 472 3 564 351 7 508 458 
2 3 30 0.700000 0 5 1 0 1.387557 0 5 3 396 309 10 604 384 8 423 409 4 553 428 2 553 326 NA NA NA NA NA NA NA NA NA 
2 3 31 0.700000 0 5 1 1 0.315670 0 1 7 406 299 10 529 321 4 636 446 3 450 381 9 635 387 NA NA NA NA NA NA NA NA NA 
2 3 32 0.700000 0 8 1 1 0.423684 0 1 8 632 405 5 393 427 7 627 299 6 542 322 10 612 464 9 525 458 4 441 322 2 468 440 
2 3 33 0.700000 0 5 0 1 1.491066 2 7 5 560 316 10 447 410 7 624 335 8 616 436 6 430 335 NA NA NA NA NA NA NA NA NA 
2 3 34 0.700000 0 5 1 1 0.924631 1 4 8 637 418 2 490 313 9 561 317 5 504 473 7 577 376 NA NA NA NA NA NA NA NA NA 
2 3 35 0.700000 0 8 1 1 1.002821 2 1 8 606 325 4 600 466 6 458 358 3 598 393 5 509 307 7 401 463 2 394 339 9 403 400 
2 3 36 0.700000 0 8 0 0 1.044110 0 1 1 392 367 2 500 303 4 600 374 3 597 461 8 454 446 6 599 316 9 442 309 5 526 474 
2 3 37 0.700000 0 8 0 0 1.016877 2 7 4 599 294 8 557 454 7 547 333 1 455 358 6 438 430 10 618 390 2 478 303 9 389 304 
2 3 38 0.700000 0 2 1 1 1.956584 1 5 10 396 360 7 613 403 NA NA NA NA NA NA NA NA NA NA NA NA NA NA NA NA NA NA 
2 3 39 0.700000 0 2 0 0 0.923390 0 8 8 479 464 1 450 370 NA NA NA NA NA NA NA NA NA NA NA NA NA NA NA NA NA NA 
2 3 40 0.700000 0 5 0 1 1.448199 2 4 3 424 381 1 609 468 4 465 473 2 604 364 10 400 453 NA NA NA NA NA NA NA NA NA 
2 3 41 0.700000 0 2 0 0 0.879028 0 7 7 443 420 10 603 452 NA NA NA NA NA NA NA NA NA NA NA NA NA NA NA NA NA NA 
2 3 42 0.700000 0 2 0 0 1.192568 0 4 4 631 337 3 558 446 NA NA NA NA NA NA NA NA NA NA NA NA NA NA NA NA NA NA 
2 3 43 0.700000 0 8 0 0 1.560393 3 1 8 510 299 6 588 438 3 597 333 1 492 459 5 388 359 9 445 332 10 455 403 2 397 426 
2 3 44 0.700000 0 2 0 0 0.888940 0 5 5 580 419 10 487 456 NA NA NA NA NA NA NA NA NA NA NA NA NA NA NA NA NA NA 
2 3 45 0.700000 0 5 1 1 1.499479 4 6 2 472 429 8 574 464 10 403 299 9 484 308 5 606 399 NA NA NA NA NA NA NA NA NA 
2 3 46 0.700000 0 2 1 1 1.331230 0 5 3 612 387 7 464 430 NA NA NA NA NA NA NA NA NA NA NA NA NA NA NA NA NA NA 
2 3 47 0.700000 0 8 1 1 1.293321 4 1 9 398 384 5 475 469 2 565 451 3 564 335 10 454 361 7 391 315 8 504 303 6 614 408 
2 3 48 0.700000 0 8 1 1 1.888024 6 7 8 545 322 3 403 349 5 536 472 6 604 297 9 406 423 1 571 387 4 474 441 10 437 302 
2 3 49 0.700000 0 5 1 1 1.370576 4 4 3 589 359 8 580 454 1 408 315 9 435 369 10 457 434 NA NA NA NA NA NA NA NA NA 
2 3 50 0.700000 0 5 1 1 1.292931 4 6 4 618 338 5 560 454 10 478 433 9 403 441 3 548 336 NA NA NA NA NA NA NA NA NA 
2 3 51 0.700000 0 5 0 1 0.954789 1 2 7 409 471 2 424 320 5 578 389 10 447 382 1 561 331 NA NA NA NA NA NA NA NA NA 
2 3 52 0.700000 0 8 1 1 0.806662 5 10 5 626 446 2 531 296 4 606 350 7 502 460 9 390 401 6 434 314 1 454 376 3 558 420 
2 3 53 0.700000 0 5 0 1 1.015251 1 7 1 494 317 7 523 471 10 608 382 5 440 342 4 597 454 NA NA NA NA NA NA NA NA NA 
2 3 54 0.700000 0 2 1 1 0.866116 0 3 7 390 301 10 416 461 NA NA NA NA NA NA NA NA NA NA NA NA NA NA NA NA NA NA 
2 3 55 0.700000 0 8 0 0 1.413914 1 1 6 416 371 1 388 432 3 579 323 5 393 307 7 615 462 8 457 469 4 498 323 10 537 468 
2 3 56 0.700000 0 2 1 1 0.832565 0 4 2 564 450 6 392 413 NA NA NA NA NA NA NA NA NA NA NA NA NA NA NA NA NA NA 
2 3 57 0.700000 0 8 1 1 0.823448 2 1 2 586 353 7 495 321 8 565 420 6 418 448 4 416 339 3 450 386 9 598 470 5 483 460 
2 3 58 0.700000 0 5 1 1 0.859844 1 6 3 536 447 8 462 432 4 628 306 5 450 322 2 404 427 NA NA NA NA NA NA NA NA NA 
2 3 59 0.700000 0 2 1 1 0.797861 1 5 9 398 462 2 562 426 NA NA NA NA NA NA NA NA NA NA NA NA NA NA NA NA NA NA 
2 4 0 0.300000 0 5 0 -1 0.902180 1 5 9 582 417 5 422 295 7 604 336 3 456 425 4 405 381 NA NA NA NA NA NA NA NA NA 
2 4 1 0.300000 0 5 0 0 -1.000000 2 9 3 402 325 7 590 378 9 413 408 10 595 450 1 530 448 NA NA NA NA NA NA NA NA NA 
2 4 2 0.300000 0 2 0 0 0.782784 0 2 2 388 408 6 590 399 NA NA NA NA NA NA NA NA NA NA NA NA NA NA NA NA NA NA 
2 4 3 0.300000 0 5 1 0 0.327571 1 1 3 633 322 5 411 396 4 594 454 2 391 462 6 579 383 NA NA NA NA NA NA NA NA NA 
2 4 4 0.300000 0 5 0 0 0.281250 1 10 6 602 470 10 498 294 3 516 459 9 427 464 5 409 397 NA NA NA NA NA NA NA NA NA 
2 4 5 0.300000 0 8 1 0 0.464146 4 3 10 597 315 7 446 395 5 390 342 8 452 463 6 500 300 1 577 388 9 539 467 2 622 428 
2 4 6 0.300000 0 8 1 1 2.047629 7 9 6 391 331 8 485 441 1 537 311 7 613 395 3 577 447 5 632 468 4 396 468 10 461 338 
2 4 7 0.300000 0 8 0 0 0.358131 5 5 6 628 395 4 496 457 10 393 322 1 553 305 8 406 425 5 569 363 2 637 310 7 459 295 
2 4 8 0.300000 0 2 0 0 0.389841 1 9 6 617 375 9 445 380 NA NA NA NA NA NA NA NA NA NA NA NA NA NA NA NA NA NA 
2 4 9 0.300000 0 5 1 1 1.708140 2 8 5 567 362 1 557 446 6 446 435 9 449 367 10 525 320 NA NA NA NA NA NA NA NA NA 
2 4 10 0.300000 0 5 0 0 1.003915 2 5 6 498 465 7 618 444 5 420 408 4 569 327 10 498 315 NA NA NA NA NA NA NA NA NA 
2 4 11 0.300000 0 5 0 1 1.233725 1 4 5 449 346 4 573 462 3 627 346 8 466 428 2 569 325 NA NA NA NA NA NA NA NA NA 
2 4 12 0.300000 0 8 0 1 1.139329 7 10 4 628 314 3 609 390 1 588 447 5 515 452 9 438 319 8 435 383 2 528 305 10 435 447 
2 4 13 0.300000 0 5 1 1 1.037861 1 8 6 447 396 10 605 422 1 403 443 4 500 308 2 538 463 NA NA NA NA NA NA NA NA NA 
2 4 14 0.300000 0 8 0 0 0.400603 7 1 4 633 446 7 415 370 6 591 302 8 626 354 9 525 458 2 458 304 3 437 471 1 571 388 
2 4 15 0.300000 0 5 1 0 0.815611 1 10 9 389 324 3 559 474 1 397 467 4 481 469 7 457 359 NA NA NA NA NA NA NA NA NA 
2 4 16 0.300000 0 2 0 0 0.991638 0 9 9 413 418 2 403 312 NA NA NA NA NA NA NA NA NA NA NA NA NA NA NA NA NA NA 
2 4 17 0.300000 0 5 0 0 0.774056 1 9 5 441 440 9 459 360 3 531 307 4 509 455 8 401 381 NA NA NA NA NA NA NA NA NA 
2 4 18 0.300000 0 8 0 1 1.327127 6 10 8 501 469 4 546 299 1 610 452 7 610 394 5 393 430 6 554 425 10 440 328 9 459 424 
2 4 19 0.300000 0 5 1 1 1.232849 2 7 5 421 397 3 562 340 2 597 434 8 627 316 6 548 471 NA NA NA NA NA NA NA NA NA 
2 4 20 0.300000 0 2 0 0 1.245933 1 5 1 630 427 5 513 299 NA NA NA NA NA NA NA NA NA NA NA NA NA NA NA NA NA NA 
2 4 21 0.300000 0 2 0 0 1.250636 0 2 2 489 471 6 401 456 NA NA NA NA NA NA NA NA NA NA NA NA NA NA NA NA NA NA 
2 4 22 0.300000 0 2 1 1 1.620046 0 10 4 410 434 3 564 410 NA NA NA NA NA NA NA NA NA NA NA NA NA NA NA NA NA NA 
2 4 23 0.300000 0 2 1 1 1.437555 0 3 5 436 298 6 558 317 NA NA NA NA NA NA NA NA NA NA NA NA NA NA NA NA NA NA 
2 4 24 0.300000 0 8 0 0 1.505433 4 1 6 597 360 10 395 344 4 571 436 9 411 459 1 588 301 3 509 318 2 437 389 5 523 472 
2 4 25 0.300000 0 2 0 0 1.192007 1 7 4 435 332 7 496 465 NA NA NA NA NA NA NA NA NA NA NA NA NA NA NA NA NA NA 
2 4 26 0.300000 0 2 1 1 1.487001 0 7 2 456 431 1 632 312 NA NA NA NA NA NA NA NA NA NA NA NA NA NA NA NA NA NA 
2 4 27 0.300000 0 8 1 0 3.824646 7 1 2 404 305 8 414 436 6 574 369 7 613 443 3 556 295 9 464 303 10 406 369 4 500 451 
2 4 28 0.300000 0 2 0 0 1.108917 0 7 7 406 320 6 593 470 NA NA NA NA NA NA NA NA NA NA NA NA NA NA NA NA NA NA 
2 4 29 0.300000 0 2 0 0 1.202192 1 4 10 491 327 4 388 380 NA NA NA NA NA NA NA NA NA NA NA NA NA NA NA NA NA NA 
2 4 30 0.300000 0 8 0 1 1.557206 5 8 4 526 306 3 414 384 7 507 466 1 630 348 5 593 431 8 439 447 6 453 306 2 387 311 
2 4 31 0.300000 0 2 1 1 2.066704 0 2 8 605 429 9 483 295 NA NA NA NA NA NA NA NA NA NA NA NA NA NA NA NA NA NA 
2 4 32 0.300000 0 5 0 0 1.810789 1 9 1 425 376 9 531 316 6 452 444 3 390 322 10 578 413 NA NA NA NA NA NA NA NA NA 
2 4 33 0.300000 0 8 1 1 1.535901 7 10 7 576 367 6 442 404 2 636 357 4 459 295 3 390 458 1 543 304 8 551 430 9 630 456 
2 4 34 0.300000 0 5 0 0 1.459774 2 3 2 424 420 6 621 311 3 498 461 8 484 322 7 584 413 NA NA NA NA NA NA NA NA NA 
2 4 35 0.300000 0 5 0 1 1.640932 1 4 8 520 294 4 396 362 2 565 468 5 622 335 9 447 311 NA NA NA NA NA NA NA NA NA 
2 4 36 0.300000 0 5 0 0 1.350234 3 2 6 631 300 1 388 463 10 439 408 2 416 315 9 594 345 NA NA NA NA NA NA NA NA NA 
2 4 37 0.300000 0 8 0 1 0.985432 2 7 10 389 322 3 602 345 7 458 410 4 461 470 9 402 460 2 514 324 5 598 423 8 454 324 
2 4 38 0.300000 0 2 0 0 0.407969 1 6 4 445 369 6 562 443 NA NA NA NA NA NA NA NA NA NA NA NA NA NA NA NA NA NA 
2 4 39 0.300000 0 5 0 0 0.447712 2 6 2 515 451 9 484 301 6 402 375 4 585 353 8 412 298 NA NA NA NA NA NA NA NA NA 
2 4 40 0.300000 0 8 0 0 0.647448 3 6 8 392 456 2 579 340 9 573 426 6 430 350 10 466 463 1 517 294 5 388 310 7 634 388 
2 4 41 0.300000 0 8 0 0 0.372258 4 6 3 584 467 8 410 471 9 524 307 4 629 299 6 405 363 1 591 381 7 451 412 2 456 299 
2 4 42 0.300000 0 8 0 0 0.354600 5 3 8 496 319 10 578 340 2 416 420 7 623 411 9 540 455 3 425 346 1 472 445 6 635 328 
2 4 43 0.300000 0 2 0 0 0.405254 1 8 4 507 471 8 560 436 NA NA NA NA NA NA NA NA NA NA NA NA NA NA NA NA NA NA 
2 4 44 0.300000 0 8 1 1 1.583229 5 10 7 401 330 8 566 345 4 568 445 9 392 397 1 392 472 6 626 470 3 494 322 2 452 404 
2 4 45 0.300000 0 8 0 0 0.541406 3 2 5 413 430 1 483 460 3 570 378 2 617 450 4 545 450 8 413 315 9 483 324 6 550 297 
2 4 46 0.300000 0 2 0 0 0.625420 1 4 1 574 467 4 620 336 NA NA NA NA NA NA NA NA NA NA NA NA NA NA NA NA NA NA 
2 4 47 0.300000 0 8 0 1 1.808898 4 7 3 591 352 4 630 455 8 400 342 9 390 420 7 444 454 5 568 454 1 504 454 2 470 329 
2 4 48 0.300000 0 8 0 1 1.600399 0 5 5 569 416 4 464 311 10 550 471 3 620 471 1 583 329 2 396 433 6 390 296 8 437 366 
2 4 49 0.300000 0 8 1 1 2.025526 6 3 7 492 306 10 421 386 9 633 332 1 583 362 2 396 307 6 539 461 5 438 467 4 583 296 
2 4 50 0.300000 0 2 0 0 1.701237 0 5 5 588 451 10 458 459 NA NA NA NA NA NA NA NA NA NA NA NA NA NA NA NA NA NA 
2 4 51 0.300000 0 5 0 1 1.000761 1 7 3 455 434 7 423 341 2 537 468 8 597 447 6 632 334 NA NA NA NA NA NA NA NA NA 
2 4 52 0.300000 0 2 0 0 1.362907 1 4 8 599 474 4 552 335 NA NA NA NA NA NA NA NA NA NA NA NA NA NA NA NA NA NA 
2 4 53 0.300000 0 8 0 1 1.041558 3 6 4 447 311 1 586 305 2 428 440 6 565 469 9 623 454 8 630 373 10 399 373 3 498 448 
2 4 54 0.300000 0 5 0 0 0.635336 4 10 5 608 445 9 432 451 3 615 350 8 406 355 10 544 309 NA NA NA NA NA NA NA NA NA 
2 4 55 0.300000 0 2 1 0 0.771025 0 10 3 430 339 1 596 346 NA NA NA NA NA NA NA NA NA NA NA NA NA NA NA NA NA NA 
2 4 56 0.300000 0 2 0 0 0.444184 1 5 10 405 308 5 596 363 NA NA NA NA NA NA NA NA NA NA NA NA NA NA NA NA NA NA 
2 4 57 0.300000 0 5 1 0 -1.000000 0 7 3 478 458 2 582 461 5 488 315 4 608 393 10 559 346 NA NA NA NA NA NA NA NA NA 
2 4 58 0.300000 0 2 1 1 1.809285 0 8 10 409 471 5 541 332 NA NA NA NA NA NA NA NA NA NA NA NA NA NA NA NA NA NA 
2 4 59 0.300000 0 5 0 0 0.442227 3 9 2 609 308 1 623 430 5 455 424 9 417 350 4 482 329 NA NA NA NA NA NA NA NA NA 
2 5 0 0.700000 0 8 1 1 0.913247 4 5 6 399 456 8 618 340 9 392 390 2 424 334 7 622 403 1 541 295 10 469 426 3 524 445 
2 5 1 0.700000 0 5 1 1 1.006924 3 2 1 433 383 8 604 447 3 507 474 10 577 351 5 433 305 NA NA NA NA NA NA NA NA NA 
2 5 2 0.700000 0 5 1 1 0.482954 1 2 3 476 322 7 568 314 8 574 415 4 455 396 10 409 344 NA NA NA NA NA NA NA NA NA 
2 5 3 0.700000 0 8 0 1 -1.000000 3 2 6 451 414 7 527 303 3 575 453 2 464 326 1 618 368 10 387 326 5 389 426 4 585 300 
2 5 4 0.700000 0 5 1 1 0.570328 0 1 4 423 461 2 547 459 5 393 307 6 394 404 3 498 304 NA NA NA NA NA NA NA NA NA 
2 5 5 0.700000 0 2 0 1 0.377568 0 8 8 418 431 1 571 326 NA NA NA NA NA NA NA NA NA NA NA NA NA NA NA NA NA NA 
2 5 6 0.700000 0 8 1 1 0.431211 2 1 6 396 344 3 446 396 4 491 468 10 603 348 2 539 328 5 402 473 9 569 439 7 635 470 
2 5 7 0.700000 0 5 1 1 0.508851 2 3 4 597 394 5 392 449 8 395 318 2 428 403 10 483 463 NA NA NA NA NA NA NA NA NA 
2 5 8 0.700000 0 5 1 1 0.339125 0 7 5 615 430 10 424 403 1 618 331 2 447 334 8 495 468 NA NA NA NA NA NA NA NA NA 
2 5 9 0.700000 0 2 1 1 1.077239 1 7 6 388 381 4 410 471 NA NA NA NA NA NA NA NA NA NA NA NA NA NA NA NA NA NA 
2 5 10 0.700000 0 8 1 1 1.017849 1 1 9 597 386 5 415 391 7 461 436 4 501 326 2 576 468 6 594 326 8 400 304 10 397 468 
2 5 11 0.700000 0 5 0 1 0.550239 3 7 4 420 319 3 568 305 10 603 398 7 391 441 1 489 449 NA NA NA NA NA NA NA NA NA 
2 5 12 0.700000 0 8 1 1 0.502580 6 8 9 389 463 4 404 345 2 605 461 10 599 300 1 467 314 5 505 472 6 452 445 7 591 382 
2 5 13 0.700000 0 5 1 1 0.393165 1 6 5 413 452 7 594 446 3 452 331 1 586 363 9 519 310 NA NA NA NA NA NA NA NA NA 
2 5 14 0.700000 0 2 1 1 0.450249 0 2 3 406 306 9 549 324 NA NA NA NA NA NA NA NA NA NA NA NA NA NA NA NA NA NA 
2 5 15 0.700000 0 2 0 1 0.369635 0 7 7 387 412 10 624 432 NA NA NA NA NA NA NA NA NA NA NA NA NA NA NA NA NA NA 
2 5 16 0.700000 0 2 1 1 0.431835 1 3 7 585 380 4 631 456 NA NA NA NA NA NA NA NA NA NA NA NA NA NA NA NA NA NA 
2 5 17 0.700000 0 8 1 1 0.420394 1 4 2 393 465 5 462 447 1 607 463 10 527 442 6 387 371 3 387 304 8 575 312 9 459 313 
2 5 18 0.700000 0 2 1 1 0.619167 0 8 2 625 392 7 427 427 NA NA NA NA NA NA NA NA NA NA NA NA NA NA NA NA NA NA 
2 5 19 0.700000 0 8 1 1 0.369700 2 4 2 582 462 7 476 310 3 464 435 9 617 309 8 559 350 10 394 337 1 391 461 6 455 371 
2 5 20 0.700000 0 8 1 1 0.530056 1 2 6 583 314 1 399 311 3 491 458 4 510 325 5 611 385 10 427 469 7 398 374 8 573 452 
2 5 21 0.700000 0 2 0 1 0.641918 1 4 2 589 469 4 416 465 NA NA NA NA NA NA NA NA NA NA NA NA NA NA NA NA NA NA 
2 5 22 0.700000 0 2 1 1 0.314930 0 10 7 538 320 5 615 403 NA NA NA NA NA NA NA NA NA NA NA NA NA NA NA NA NA NA 
2 5 23 0.700000 0 2 1 1 0.364515 0 10 4 613 377 6 609 314 NA NA NA NA NA NA NA NA NA NA NA NA NA NA NA NA NA NA 
2 5 24 0.700000 0 2 1 1 0.341743 1 4 9 495 318 8 611 466 NA NA NA NA NA NA NA NA NA NA NA NA NA NA NA NA NA NA 
2 5 25 0.700000 0 2 1 1 0.367920 0 8 5 615 408 9 390 430 NA NA NA NA NA NA NA NA NA NA NA NA NA NA NA NA NA NA 
2 5 26 0.700000 0 2 1 1 -1.000000 0 6 1 622 394 4 555 458 NA NA NA NA NA NA NA NA NA NA NA NA NA NA NA NA NA NA 
2 5 27 0.700000 0 5 0 1 0.472202 2 2 9 396 422 1 550 435 2 605 321 6 412 316 4 500 317 NA NA NA NA NA NA NA NA NA 
2 5 28 0.700000 0 8 1 1 0.392424 7 2 8 409 340 1 451 429 3 635 401 7 589 330 5 535 454 10 500 321 9 629 471 4 567 405 
2 5 29 0.700000 0 8 1 1 0.340600 6 6 7 586 471 10 476 321 5 605 335 1 425 407 8 545 332 2 632 412 4 571 397 9 516 463 
2 5 30 0.700000 0 2 0 1 0.417058 0 4 4 486 437 9 561 442 NA NA NA NA NA NA NA NA NA NA NA NA NA NA NA NA NA NA 
2 5 31 0.700000 0 5 1 1 0.721054 4 2 4 618 355 7 448 304 10 594 460 9 559 349 1 440 389 NA NA NA NA NA NA NA NA NA 
2 5 32 0.700000 0 5 0 1 0.654651 1 5 3 393 421 5 588 339 2 535 296 1 513 465 6 573 463 NA NA NA NA NA NA NA NA NA 
2 5 33 0.700000 0 8 0 1 0.406639 6 8 9 585 337 4 627 407 3 535 299 5 413 394 6 594 460 10 487 438 8 407 452 1 435 297 
2 5 34 0.700000 0 2 1 1 0.427399 0 4 9 610 368 6 444 341 NA NA NA NA NA NA NA NA NA NA NA NA NA NA NA NA NA NA 
2 5 35 0.700000 0 8 1 1 0.326172 7 7 3 558 338 10 630 429 2 436 382 9 568 433 1 424 470 6 423 325 4 631 366 5 502 312 
2 5 36 0.700000 0 8 1 1 0.455352 0 1 4 587 375 8 454 363 3 453 436 2 559 322 9 512 469 5 387 423 10 495 309 6 623 458 
2 5 37 0.700000 0 2 1 1 0.377711 0 7 9 583 411 2 625 317 NA NA NA NA NA NA NA NA NA NA NA NA NA NA NA NA NA NA 
2 5 38 0.700000 0 5 1 1 0.636680 2 6 10 569 403 9 430 298 7 545 474 5 412 378 2 626 462 NA NA NA NA NA NA NA NA NA 
2 5 39 0.700000 0 5 1 1 0.366377 1 4 8 591 430 5 399 317 9 416 395 6 394 462 10 587 339 NA NA NA NA NA NA NA NA NA 
2 5 40 0.700000 0 5 1 1 0.435191 4 10 5 429 405 2 593 434 8 521 462 3 430 339 6 634 300 NA NA NA NA NA NA NA NA NA 
2 5 41 0.700000 0 8 1 1 0.378333 3 8 2 572 305 3 602 389 1 419 319 6 472 459 9 477 312 10 433 396 7 530 460 5 408 461 
2 5 42 0.700000 0 8 1 1 0.613978 3 2 8 602 448 5 603 350 6 424 340 9 499 473 3 485 329 10 394 393 1 417 474 4 459 430 
2 5 43 0.700000 0 2 0 1 0.502048 0 1 1 608 319 8 464 314 NA NA NA NA NA NA NA NA NA NA NA NA NA NA NA NA NA NA 
2 5 44 0.700000 0 2 0 1 0.293732 0 4 4 614 350 6 601 458 NA NA NA NA NA NA NA NA NA NA NA NA NA NA NA NA NA NA 
2 5 45 0.700000 0 2 1 1 0.453599 1 6 8 573 342 10 476 466 NA NA NA NA NA NA NA NA NA NA NA NA NA NA NA NA NA NA 
2 5 46 0.700000 0 2 1 1 0.367230 0 2 9 457 468 6 619 326 NA NA NA NA NA NA NA NA NA NA NA NA NA NA NA NA NA NA 
2 5 47 0.700000 0 2 1 1 0.313661 0 7 4 412 390 5 472 454 NA NA NA NA NA NA NA NA NA NA NA NA NA NA NA NA NA NA 
2 5 48 0.700000 0 8 1 1 0.427035 0 7 5 392 433 2 387 342 6 497 473 4 590 313 8 586 375 3 617 456 9 465 317 1 459 409 
2 5 49 0.700000 0 5 1 1 0.489328 0 10 7 508 320 1 534 455 5 417 432 4 578 378 6 617 445 NA NA NA NA NA NA NA NA NA 
2 5 50 0.700000 0 5 0 1 0.401201 3 3 1 605 392 8 422 469 10 624 315 3 449 350 2 621 465 NA NA NA NA NA NA NA NA NA 
2 5 51 0.700000 0 8 0 1 0.616295 3 10 9 457 472 4 581 295 8 399 387 10 614 472 6 523 441 2 634 366 3 423 324 1 506 309 
2 5 52 0.700000 0 5 1 1 0.466101 0 3 8 399 371 4 470 438 2 593 466 10 636 380 9 631 316 NA NA NA NA NA NA NA NA NA 
2 5 53 0.700000 0 5 1 1 0.363300 4 10 7 480 470 4 392 346 3 586 440 6 604 373 9 527 304 NA NA NA NA NA NA NA NA NA 
2 5 54 0.700000 0 5 1 1 1.839038 2 6 7 443 310 5 591 357 8 429 427 1 507 471 2 634 403 NA NA NA NA NA NA NA NA NA 
2 5 55 0.700000 0 5 0 1 0.478845 4 2 5 541 460 7 410 377 1 444 304 3 572 379 2 616 294 NA NA NA NA NA NA NA NA NA 
2 5 56 0.700000 0 5 0 1 0.894671 0 1 1 574 465 7 506 308 9 476 430 2 570 366 10 391 382 NA NA NA NA NA NA NA NA NA 
2 5 57 0.700000 0 8 0 1 0.441931 2 8 7 456 418 5 631 316 8 593 431 6 629 382 9 425 315 2 485 324 1 400 385 10 568 308 
2 5 58 0.700000 0 8 0 1 0.328058 6 4 8 507 323 5 596 370 10 461 443 1 437 324 3 562 460 7 630 471 4 392 401 9 398 470 
2 5 59 0.700000 0 8 0 1 0.252987 6 4 9 582 420 8 567 358 2 466 451 3 528 445 7 398 466 6 609 473 4 409 409 10 480 308 
2 6 0 0.500000 0 5 1 1 0.587753 0 6 8 632 388 2 587 309 4 401 305 1 579 468 10 444 364 NA NA NA NA NA NA NA NA NA 
2 6 1 0.500000 0 5 1 1 0.925542 2 6 2 510 443 4 538 308 3 605 349 1 435 436 5 604 434 NA NA NA NA NA NA NA NA NA 
2 6 2 0.500000 0 5 1 1 1.303383 0 1 6 541 455 5 593 384 8 614 468 4 463 457 3 513 296 NA NA NA NA NA NA NA NA NA 
2 6 3 0.500000 0 8 1 1 0.893955 1 7 2 393 463 10 513 324 5 442 346 4 589 457 3 388 401 9 590 342 8 462 427 1 526 467 
2 6 4 0.500000 0 8 0 0 0.647467 4 2 6 413 468 10 613 384 4 611 444 7 532 315 2 481 454 9 407 376 5 469 306 8 598 308 
2 6 5 0.500000 0 8 1 1 0.687378 3 3 6 595 426 2 555 472 1 404 387 4 443 336 5 576 309 9 387 320 7 500 451 10 428 440 
2 6 6 0.500000 0 8 0 1 0.706668 1 8 1 396 331 8 534 449 2 432 377 5 636 473 9 575 405 3 449 470 4 515 313 10 390 469 
2 6 7 0.500000 0 2 0 0 0.567346 0 1 1 492 309 6 442 396 NA NA NA NA NA NA NA NA NA NA NA NA NA NA NA NA NA NA 
2 6 8 0.500000 0 8 1 1 0.677299 0 4 7 512 298 6 415 348 9 560 461 10 621 357 1 471 474 5 604 421 2 601 296 8 392 423 
2 6 9 0.500000 0 5 1 0 2.075026 2 5 7 420 324 3 437 380 4 459 437 2 392 426 10 626 419 NA NA NA NA NA NA NA NA NA 
2 6 10 0.500000 0 5 0 0 -1.000000 1 9 3 622 374 9 434 405 8 592 459 1 527 463 5 453 322 NA NA NA NA NA NA NA NA NA 
2 6 11 0.500000 0 2 0 0 0.889636 1 8 2 549 461 8 600 332 NA NA NA NA NA NA NA NA NA NA NA NA NA NA NA NA NA NA 
2 6 12 0.500000 0 8 1 1 0.890474 4 6 8 394 431 5 620 338 7 442 300 4 448 364 9 573 301 1 549 433 10 614 406 2 463 442 
2 6 13 0.500000 0 8 0 0 0.663924 7 4 7 510 453 6 585 343 10 575 431 8 447 394 1 405 325 2 636 399 5 544 299 4 470 338 
2 6 14 0.500000 0 8 0 1 1.014838 4 5 10 587 323 7 636 388 6 387 342 9 621 455 5 503 466 3 389 435 4 485 331 1 449 436 
2 6 15 0.500000 0 8 1 1 0.651898 4 4 2 438 428 7 622 377 10 521 298 9 439 364 3 491 465 5 402 314 8 612 319 1 560 455 
2 6 16 0.500000 0 5 0 0 0.666800 0 6 6 547 466 4 577 413 5 414 432 10 485 313 7 417 365 NA NA NA NA NA NA NA NA NA 
2 6 17 0.500000 0 2 1 0 1.757349 0 7 8 562 462 3 447 333 NA NA NA NA NA NA NA NA NA NA NA NA NA NA NA NA NA NA 
2 6 18 0.500000 0 2 0 0 0.580383 1 2 10 573 356 2 627 424 NA NA NA NA NA NA NA NA NA NA NA NA NA NA NA NA NA NA 
2 6 19 0.500000 0 2 0 0 0.468118 0 9 9 450 368 10 545 310 NA NA NA NA NA NA NA NA NA NA NA NA NA NA NA NA NA NA 
2 6 20 0.500000 0 5 1 0 0.858990 2 2 9 614 431 10 408 349 3 418 414 7 459 318 8 632 356 NA NA NA NA NA NA NA NA NA 
2 6 21 0.500000 0 5 0 0 0.589122 0 2 2 570 328 3 490 462 8 420 440 5 404 360 7 635 319 NA NA NA NA NA NA NA NA NA 
2 6 22 0.500000 0 8 1 0 0.617351 1 7 3 422 326 5 617 400 2 480 332 10 471 471 1 570 357 4 570 456 8 407 400 6 529 298 
2 6 23 0.500000 0 2 1 1 0.644913 0 5 2 624 372 3 579 467 NA NA NA NA NA NA NA NA NA NA NA NA NA NA NA NA NA NA 
2 6 24 0.500000 0 2 1 1 0.813065 1 2 6 514 443 5 501 302 NA NA NA NA NA NA NA NA NA NA NA NA NA NA NA NA NA NA 
2 6 25 0.500000 0 8 0 0 1.237152 6 8 4 425 344 1 387 412 6 432 465 2 552 444 10 588 398 5 568 301 8 504 326 3 630 354 
2 6 26 0.500000 0 8 1 1 0.732316 3 1 4 637 353 3 411 455 6 470 327 7 560 300 10 565 435 9 438 399 5 632 415 8 485 457 
2 6 27 0.500000 0 2 1 1 1.331666 0 2 8 574 324 3 413 428 NA NA NA NA NA NA NA NA NA NA NA NA NA NA NA NA NA NA 
2 6 28 0.500000 0 2 1 1 2.021530 1 5 4 599 377 1 519 315 NA NA NA NA NA NA NA NA NA NA NA NA NA NA NA NA NA NA 
2 6 29 0.500000 0 2 1 1 0.585340 0 1 4 412 326 2 475 331 NA NA NA NA NA NA NA NA NA NA NA NA NA NA NA NA NA NA 
2 6 30 0.500000 0 2 0 0 0.856925 1 9 7 626 418 9 570 323 NA NA NA NA NA NA NA NA NA NA NA NA NA NA NA NA NA NA 
2 6 31 0.500000 0 5 1 1 1.773228 2 8 4 542 442 5 490 324 9 605 380 3 628 464 10 634 329 NA NA NA NA NA NA NA NA NA 
2 6 32 0.500000 0 5 1 0 0.766759 1 9 6 440 322 3 581 468 1 472 473 5 449 413 4 582 298 NA NA NA NA NA NA NA NA NA 
2 6 33 0.500000 0 8 1 0 2.808218 4 4 2 500 463 7 439 422 1 586 412 9 416 351 3 563 351 6 620 334 5 477 326 10 404 472 
2 6 34 0.500000 0 2 1 1 0.562256 0 3 7 409 310 8 415 467 NA NA NA NA NA NA NA NA NA NA NA NA NA NA NA NA NA NA 
2 6 35 0.500000 0 8 1 0 0.663284 1 7 6 574 307 3 637 402 5 446 415 1 493 455 9 624 467 4 566 444 10 454 339 2 388 365 
2 6 36 0.500000 0 2 0 1 0.366775 0 1 1 459 323 4 533 452 NA NA NA NA NA NA NA NA NA NA NA NA NA NA NA NA NA NA 
2 6 37 0.500000 0 5 0 1 0.324130 2 6 3 449 419 9 459 337 6 588 438 4 584 351 8 402 353 NA NA NA NA NA NA NA NA NA 
2 6 38 0.500000 0 8 0 1 0.829332 1 10 4 421 432 10 451 368 8 588 317 2 561 425 1 621 417 7 526 308 5 404 319 3 479 448 
2 6 39 0.500000 0 2 0 0 0.746484 1 7 8 605 340 7 409 452 NA NA NA NA NA NA NA NA NA NA NA NA NA NA NA NA NA NA 
2 6 40 0.500000 0 2 0 0 0.779435 1 3 8 613 455 3 431 362 NA NA NA NA NA NA NA NA NA NA NA NA NA NA NA NA NA NA 
2 6 41 0.500000 0 5 0 0 0.690699 2 1 6 614 465 10 598 324 1 427 359 7 430 419 9 492 305 NA NA NA NA NA NA NA NA NA 
2 6 42 0.500000 0 2 1 1 0.884460 0 6 8 575 431 10 541 312 NA NA NA NA NA NA NA NA NA NA NA NA NA NA NA NA NA NA 
2 6 43 0.500000 0 8 0 1 0.912276 1 6 1 446 378 6 439 315 3 452 473 8 574 440 7 635 472 2 607 370 4 616 295 5 560 330 
2 6 44 0.500000 0 2 1 1 1.893573 1 3 5 520 311 9 420 367 NA NA NA NA NA NA NA NA NA NA NA NA NA NA NA NA NA NA 
2 6 45 0.500000 0 8 0 1 0.660667 4 10 2 576 298 1 415 474 7 518 449 5 471 319 10 435 370 4 631 367 3 581 462 8 636 427 
2 6 46 0.500000 0 8 1 1 0.624167 4 6 9 439 305 5 637 442 7 440 464 3 611 372 2 528 306 1 574 423 8 451 403 10 587 304 
2 6 47 0.500000 0 5 1 1 0.713719 4 4 6 569 344 7 461 324 3 477 432 2 531 474 10 600 437 NA NA NA NA NA NA NA NA NA 
2 6 48 0.500000 0 5 0 0 0.845578 0 5 5 596 452 7 461 313 9 390 461 8 387 389 6 598 347 NA NA NA NA NA NA NA NA NA 
2 6 49 0.500000 0 5 0 1 0.824970 1 4 10 618 454 4 485 441 3 582 371 7 471 340 8 552 452 NA NA NA NA NA NA NA NA NA 
2 6 50 0.500000 0 8 0 0 0.330017 4 10 7 565 438 9 628 297 6 438 432 3 403 315 10 503 322 1 447 369 4 627 370 8 499 473 
2 6 51 0.500000 0 5 0 0 0.441127 2 9 8 581 345 1 434 316 9 608 423 7 393 389 6 441 428 NA NA NA NA NA NA NA NA NA 
2 6 52 0.500000 0 2 1 0 0.495595 0 5 9 424 426 8 621 339 NA NA NA NA NA NA NA NA NA NA NA NA NA NA NA NA NA NA 
2 6 53 0.500000 0 8 0 1 0.526617 1 5 3 614 336 5 427 344 8 533 301 9 620 426 1 471 430 2 553 453 7 410 467 6 417 405 
2 6 54 0.500000 0 5 0 0 1.150174 0 9 9 398 471 4 422 410 1 560 436 8 637 445 7 569 332 NA NA NA NA NA NA NA NA NA 
2 6 55 0.500000 0 5 0 0 1.025021 1 5 1 390 399 5 442 446 6 622 332 4 449 316 2 568 359 NA NA NA NA NA NA NA NA NA 
2 6 56 0.500000 0 2 0 1 1.510500 1 3 6 612 414 3 584 295 NA NA NA NA NA NA NA NA NA NA NA NA NA NA NA NA NA NA 
2 6 57 0.500000 0 2 0 0 0.497423 0 4 4 411 383 1 608 322 NA NA NA NA NA NA NA NA NA NA NA NA NA NA NA NA NA NA 
2 6 58 0.500000 0 5 1 0 0.585932 4 4 5 428 327 6 522 321 2 633 322 3 507 456 9 570 448 NA NA NA NA NA NA NA NA NA 
2 6 59 0.500000 0 5 1 0 0.312155 3 1 5 593 425 8 436 352 3 584 326 6 491 329 4 413 428 NA NA NA NA NA NA NA NA NA 
2 7 0 0.300000 0 2 0 0 0.304493 1 4 9 609 325 4 555 438 NA NA NA NA NA NA NA NA NA NA NA NA NA NA NA NA NA NA 
2 7 1 0.300000 0 8 0 0 0.392434 3 5 9 561 346 8 569 461 4 399 379 5 436 457 6 626 449 10 479 314 3 624 356 2 501 469 
2 7 2 0.300000 0 5 0 0 0.453835 3 2 8 388 300 1 557 453 9 436 418 2 459 335 4 636 301 NA NA NA NA NA NA NA NA NA 
2 7 3 0.300000 0 5 0 0 0.763121 0 9 9 586 469 7 447 334 3 558 294 1 433 426 2 619 331 NA NA NA NA NA NA NA NA NA 
2 7 4 0.300000 0 8 0 0 1.184459 4 10 2 429 421 6 396 338 4 566 317 7 577 430 10 635 462 9 463 342 8 620 342 1 514 450 
2 7 5 0.300000 0 2 0 0 0.653741 1 4 3 439 376 4 548 442 NA NA NA NA NA NA NA NA NA NA NA NA NA NA NA NA NA NA 
2 7 6 0.300000 0 5 0 0 -1.000000 4 1 4 447 325 3 552 320 2 499 457 9 425 417 1 578 458 NA NA NA NA NA NA NA NA NA 
2 7 7 0.300000 0 8 1 0 0.359322 7 5 3 568 363 6 390 439 4 420 347 9 625 468 8 637 310 1 556 469 10 633 405 7 451 423 
2 7 8 0.300000 0 2 0 0 1.123870 1 10 4 576 339 10 446 382 NA NA NA NA NA NA NA NA NA NA NA NA NA NA NA NA NA NA 
2 7 9 0.300000 0 8 0 0 0.522746 5 2 4 469 464 5 598 433 1 523 312 7 606 336 3 542 461 2 416 381 6 457 307 9 388 441 
2 7 10 0.300000 0 2 0 0 0.415652 0 2 2 388 314 6 393 465 NA NA NA NA NA NA NA NA NA NA NA NA NA NA NA NA NA NA 
2 7 11 0.300000 0 2 0 0 1.093151 1 2 4 479 313 2 588 449 NA NA NA NA NA NA NA NA NA NA NA NA NA NA NA NA NA NA 
2 7 12 0.300000 0 2 1 1 2.233542 1 9 3 401 405 2 578 398 NA NA NA NA NA NA NA NA NA NA NA NA NA NA NA NA NA NA 
2 7 13 0.300000 0 8 1 1 1.918434 4 8 4 580 307 6 576 411 10 480 458 3 438 373 5 516 312 7 426 294 2 542 467 1 637 370 
2 7 14 0.300000 0 5 1 1 1.218252 4 4 1 579 332 9 632 474 10 481 436 2 573 435 7 389 358 NA NA NA NA NA NA NA NA NA 
2 7 15 0.300000 0 8 0 1 1.326333 5 10 8 449 461 6 589 470 4 414 333 3 411 410 5 545 323 10 506 449 9 602 411 7 628 340 
2 7 16 0.300000 0 8 0 0 0.505728 1 7 6 399 373 7 449 407 9 633 423 3 571 360 4 409 454 2 457 343 8 561 448 10 502 474 
2 7 17 0.300000 0 2 0 0 1.068731 1 2 6 398 421 2 503 448 NA NA NA NA NA NA NA NA NA NA NA NA NA NA NA NA NA NA 
2 7 18 0.300000 0 5 1 0 0.719709 1 2 10 422 407 3 518 303 4 478 434 6 420 302 9 630 400 NA NA NA NA NA NA NA NA NA 
2 7 19 0.300000 0 2 0 0 1.357754 0 7 7 444 471 10 453 336 NA NA NA NA NA NA NA NA NA NA NA NA NA NA NA NA NA NA 
2 7 20 0.300000 0 5 0 0 2.197576 0 6 6 592 381 7 635 467 1 521 302 8 403 470 9 579 311 NA NA NA NA NA NA NA NA NA 
2 7 21 0.300000 0 2 0 0 1.357021 0 6 6 561 464 3 604 373 NA NA NA NA NA NA NA NA NA NA NA NA NA NA NA NA NA NA 
2 7 22 0.300000 0 8 1 0 0.896051 6 5 3 406 347 8 561 297 1 536 473 2 626 347 7 489 309 9 403 432 10 634 441 4 565 418 
2 7 23 0.300000 0 2 0 0 1.065923 1 9 6 489 322 9 390 379 NA NA NA NA NA NA NA NA NA NA NA NA NA NA NA NA NA NA 
2 7 24 0.300000 0 2 0 0 1.208924 0 2 2 417 433 10 426 301 NA NA NA NA NA NA NA NA NA NA NA NA NA NA NA NA NA NA 
2 7 25 0.300000 0 5 0 0 3.829955 2 8 3 434 309 4 603 396 8 572 308 7 420 466 6 493 474 NA NA NA NA NA NA NA NA NA 
2 7 26 0.300000 0 8 0 0 0.910043 5 4 10 567 361 7 617 444 5 426 421 8 475 458 9 527 294 4 455 361 2 629 337 1 552 439 
2 7 27 0.300000 0 5 0 1 0.959518 0 5 5 445 462 1 468 300 9 625 343 7 435 357 10 616 424 NA NA NA NA NA NA NA NA NA 
2 7 28 0.300000 0 8 0 0 1.010153 5 1 6 550 322 8 615 315 7 445 354 5 425 455 3 502 461 1 602 384 4 587 446 2 395 400 
2 7 29 0.300000 0 2 1 0 0.350948 1 8 9 537 307 1 391 470 NA NA NA NA NA NA NA NA NA NA NA NA NA NA NA NA NA NA 
2 7 30 0.300000 0 8 0 0 1.028840 7 4 8 411 406 2 451 451 1 609 465 10 571 386 7 388 333 6 570 298 9 439 303 4 539 452 
2 7 31 0.300000 0 5 0 1 1.100530 1 4 9 614 460 4 548 330 1 412 474 3 422 323 7 632 294 NA NA NA NA NA NA NA NA NA 
2 7 32 0.300000 0 8 0 0 0.873951 6 1 5 401 433 2 583 425 10 495 304 6 621 377 8 396 371 3 573 341 1 501 448 9 388 299 
2 7 33 0.300000 0 5 0 0 1.035726 3 10 7 511 315 2 396 312 6 508 458 10 601 462 5 635 362 NA NA NA NA NA NA NA NA NA 
2 7 34 0.300000 0 8 1 0 1.195096 3 4 2 564 326 8 586 436 9 461 441 10 405 357 3 387 436 1 494 294 6 622 389 7 537 470 
2 7 35 0.300000 0 2 0 0 0.370117 0 4 4 408 321 3 481 460 NA NA NA NA NA NA NA NA NA NA NA NA NA NA NA NA NA NA 
2 7 36 0.300000 0 2 1 0 0.864376 0 3 8 527 448 9 416 300 NA NA NA NA NA NA NA NA NA NA NA NA NA NA NA NA NA NA 
2 7 37 0.300000 0 8 0 0 0.279593 1 4 3 430 330 4 578 431 8 599 370 10 403 403 2 507 299 1 416 472 5 573 312 9 519 447 
2 7 38 0.300000 0 5 1 1 1.600374 2 3 6 582 409 2 487 323 9 416 299 1 411 439 5 520 450 NA NA NA NA NA NA NA NA NA 
2 7 39 0.300000 0 2 0 0 1.385293 1 9 8 392 389 9 622 376 NA NA NA NA NA NA NA NA NA NA NA NA NA NA NA NA NA NA 
2 7 40 0.300000 0 5 0 0 1.484728 3 7 10 606 294 5 425 389 4 613 387 7 399 445 8 547 462 NA NA NA NA NA NA NA NA NA 
2 7 41 0.300000 0 5 0 0 2.063158 1 10 2 617 322 10 548 299 1 627 419 3 424 305 6 519 455 NA NA NA NA NA NA NA NA NA 
2 7 42 0.300000 0 5 1 0 2.414976 1 7 9 557 318 3 464 458 6 540 472 2 573 391 4 401 464 NA NA NA NA NA NA NA NA NA 
2 7 43 0.300000 0 8 1 0 2.433198 4 2 8 460 417 5 572 330 6 494 312 4 395 407 10 604 404 7 407 328 9 548 471 1 627 465 
2 7 44 0.300000 0 8 0 0 2.396721 0 2 2 571 348 9 393 376 5 627 448 6 488 309 10 502 448 4 560 439 3 396 452 1 456 405 
2 7 45 0.300000 0 8 1 1 1.145793 1 2 9 454 384 7 549 469 5 596 360 3 393 445 4 432 330 8 529 319 1 637 437 6 458 447 
2 7 46 0.300000 0 8 0 0 1.182486 3 7 2 430 464 10 618 423 9 440 394 7 442 300 4 609 359 3 554 430 1 534 313 6 387 365 
2 7 47 0.300000 0 8 0 0 1.415095 1 3 8 636 437 3 629 364 2 526 452 1 395 431 5 448 298 10 389 297 7 575 316 6 635 304 
2 7 48 0.300000 0 2 1 1 1.002218 1 10 4 610 443 9 466 310 NA NA NA NA NA NA NA NA NA NA NA NA NA NA NA NA NA NA 
2 7 49 0.300000 0 2 0 0 1.025256 1 3 8 610 428 3 577 322 NA NA NA NA NA NA NA NA NA NA NA NA NA NA NA NA NA NA 
2 7 50 0.300000 0 5 1 1 0.968802 0 10 6 583 450 4 394 441 2 633 336 9 457 318 7 586 376 NA NA NA NA NA NA NA NA NA 
2 7 51 0.300000 0 8 0 0 0.997792 7 4 3 464 340 2 392 432 10 628 472 6 562 343 9 482 450 5 616 414 7 539 467 4 413 296 
2 7 52 0.300000 0 5 0 1 0.989076 1 8 9 439 294 8 570 443 7 394 334 4 630 301 2 484 452 NA NA NA NA NA NA NA NA NA 
2 7 53 0.300000 0 5 1 0 0.862546 3 2 9 450 457 6 569 373 4 461 343 5 533 299 8 588 452 NA NA NA NA NA NA NA NA NA 
2 7 54 0.300000 0 5 0 0 1.196817 1 10 8 590 341 10 515 447 3 391 355 9 450 326 6 448 465 NA NA NA NA NA NA NA NA NA 
2 7 55 0.300000 0 2 1 1 1.309919 0 8 3 502 298 9 442 436 NA NA NA NA NA NA NA NA NA NA NA NA NA NA NA NA NA NA 
2 7 56 0.300000 0 5 0 1 1.325387 2 2 8 554 332 10 453 301 2 448 449 7 560 420 4 512 457 NA NA NA NA NA NA NA NA NA 
2 7 57 0.300000 0 2 0 0 1.193098 0 10 10 453 442 5 626 402 NA NA NA NA NA NA NA NA NA NA NA NA NA NA NA NA NA NA 
2 7 58 0.300000 0 5 0 0 1.079507 0 1 1 614 436 7 621 363 9 438 317 3 428 431 8 553 466 NA NA NA NA NA NA NA NA NA 
2 7 59 0.300000 0 2 1 0 0.805261 1 3 4 605 336 6 402 408 NA NA NA NA NA NA NA NA NA NA NA NA NA NA NA NA NA NA 
2 8 0 0.500000 0 8 1 0 0.930784 1 7 9 579 338 4 413 349 5 545 451 10 633 314 6 400 427 1 632 444 2 636 384 8 458 460 
2 8 1 0.500000 0 5 0 0 0.236268 0 2 2 511 469 5 610 451 4 394 432 1 560 306 10 621 308 NA NA NA NA NA NA NA NA NA 
2 8 2 0.500000 0 8 1 0 0.336425 6 7 2 605 355 5 394 410 4 633 426 9 431 295 8 459 426 1 517 306 6 518 456 10 390 472 
2 8 3 0.500000 0 5 1 0 0.217095 0 6 5 536 309 8 469 343 3 625 296 9 407 337 7 612 433 NA NA NA NA NA NA NA NA NA 
2 8 4 0.500000 0 2 1 0 -1.000000 1 5 9 443 442 8 519 471 NA NA NA NA NA NA NA NA NA NA NA NA NA NA NA NA NA NA 
2 8 5 0.500000 0 5 0 0 0.640873 0 3 3 579 359 5 388 455 1 469 308 10 432 396 7 610 448 NA NA NA NA NA NA NA NA NA 
2 8 6 0.500000 0 8 0 1 1.552483 7 7 10 407 354 3 489 438 4 583 371 5 584 464 1 404 454 6 623 307 2 420 297 7 496 321 
2 8 7 0.500000 0 8 0 1 0.461519 6 3 10 427 332 1 541 470 5 405 425 9 527 323 7 477 462 8 618 332 3 622 410 4 631 472 
2 8 8 0.500000 0 2 1 1 0.628278 1 3 6 576 412 10 430 466 NA NA NA NA NA NA NA NA NA NA NA NA NA NA NA NA NA NA 
2 8 9 0.500000 0 2 1 1 1.132956 0 7 8 584 316 2 627 377 NA NA NA NA NA NA NA NA NA NA NA NA NA NA NA NA NA NA 
2 8 10 0.500000 0 2 1 1 0.537275 1 5 2 542 450 9 628 400 NA NA NA NA NA NA NA NA NA NA NA NA NA NA NA NA NA NA 
2 8 11 0.500000 0 5 1 1 0.465010 4 10 5 435 387 9 632 473 4 443 322 6 550 339 1 481 460 NA NA NA NA NA NA NA NA NA 
2 8 12 0.500000 0 8 1 0 1.035051 2 9 5 425 376 10 559 315 8 623 393 7 412 444 2 478 317 4 585 466 3 636 321 1 411 304 
2 8 13 0.500000 0 8 0 0 0.615861 5 1 3 621 346 8 561 451 5 486 312 7 481 450 9 421 367 1 415 447 10 605 405 4 564 315 
2 8 14 0.500000 0 5 0 1 0.452078 2 6 2 575 442 7 434 302 6 416 442 1 389 345 5 594 366 NA NA NA NA NA NA NA NA NA 
2 8 15 0.500000 0 5 0 0 0.772360 1 5 3 407 295 5 624 332 4 527 470 1 443 448 2 569 372 NA NA NA NA NA NA NA NA NA 
2 8 16 0.500000 0 2 1 1 0.745759 1 8 5 391 403 2 587 399 NA NA NA NA NA NA NA NA NA NA NA NA NA NA NA NA NA NA 
2 8 17 0.500000 0 8 0 1 0.323949 5 6 2 557 463 1 402 376 9 608 305 5 625 381 8 449 320 6 401 466 7 549 321 10 629 449 
2 8 18 0.500000 0 5 1 1 0.255500 2 4 9 509 308 10 462 431 1 422 371 2 611 424 8 550 428 NA NA NA NA NA NA NA NA NA 
2 8 19 0.500000 0 5 0 1 0.611316 4 1 2 517 315 9 623 306 8 407 305 10 426 467 1 540 461 NA NA NA NA NA NA NA NA NA 
2 8 20 0.500000 0 5 0 1 0.448372 4 3 10 577 469 9 413 363 8 442 435 7 468 305 3 599 311 NA NA NA NA NA NA NA NA NA 
2 8 21 0.500000 0 5 0 1 0.244881 1 2 9 547 302 2 403 449 10 608 411 7 626 474 4 618 351 NA NA NA NA NA NA NA NA NA 
2 8 22 0.500000 0 5 0 1 0.434798 2 4 2 406 377 9 440 320 4 429 448 10 623 443 7 607 364 NA NA NA NA NA NA NA NA NA 
2 8 23 0.500000 0 2 1 1 0.390011 1 9 6 578 442 1 531 304 NA NA NA NA NA NA NA NA NA NA NA NA NA NA NA NA NA NA 
2 8 24 0.500000 0 5 1 1 0.390042 2 9 8 606 474 1 492 310 7 394 410 2 483 468 5 426 330 NA NA NA NA NA NA NA NA NA 
2 8 25 0.500000 0 2 0 1 0.371114 1 6 5 436 353 6 432 450 NA NA NA NA NA NA NA NA NA NA NA NA NA NA NA NA NA NA 
2 8 26 0.500000 0 2 0 0 1.511287 1 3 10 540 456 3 587 380 NA NA NA NA NA NA NA NA NA NA NA NA NA NA NA NA NA NA 
2 8 27 0.500000 0 5 1 1 0.478968 2 7 1 536 294 5 428 359 2 573 408 4 540 473 8 611 470 NA NA NA NA NA NA NA NA NA 
2 8 28 0.500000 0 5 1 1 0.405385 1 10 5 399 391 8 464 422 7 479 331 4 615 378 6 588 313 NA NA NA NA NA NA NA NA NA 
2 8 29 0.500000 0 8 0 1 0.431583 2 2 6 611 315 10 510 321 2 418 329 9 482 456 3 408 469 1 602 393 4 558 437 7 626 472 
2 8 30 0.500000 0 8 1 1 1.343692 1 3 4 558 428 10 449 450 5 567 347 1 388 357 9 512 300 8 633 334 7 393 299 2 389 428 
2 8 31 0.500000 0 8 1 1 0.316752 0 8 6 490 320 5 577 362 10 424 416 9 596 431 7 494 467 4 401 362 3 417 296 2 624 294 
2 8 32 0.500000 0 2 0 1 0.283948 1 4 8 552 333 4 607 451 NA NA NA NA NA NA NA NA NA NA NA NA NA NA NA NA NA NA 
2 8 33 0.500000 0 5 1 1 0.200237 3 4 1 554 308 7 554 458 9 407 352 10 575 395 8 635 425 NA NA NA NA NA NA NA NA NA 
2 8 34 0.500000 0 2 1 1 0.281657 1 8 10 388 440 6 485 315 NA NA NA NA NA NA NA NA NA NA NA NA NA NA NA NA NA NA 
2 8 35 0.500000 0 8 0 1 0.304574 1 1 10 451 384 1 625 325 7 556 471 3 472 444 8 388 432 2 495 313 5 556 329 9 397 338 
2 8 36 0.500000 0 8 1 1 0.438685 2 1 8 524 299 9 470 462 4 568 413 2 409 351 3 426 410 5 616 306 10 623 435 7 468 332 
2 8 37 0.500000 0 2 0 1 0.259520 0 10 10 618 320 1 516 474 NA NA NA NA NA NA NA NA NA NA NA NA NA NA NA NA NA NA 
2 8 38 0.500000 0 2 0 1 0.203877 0 7 7 393 337 9 446 430 NA NA NA NA NA NA NA NA NA NA NA NA NA NA NA NA NA NA 
2 8 39 0.500000 0 2 0 0 1.207361 1 4 10 543 467 4 636 315 NA NA NA NA NA NA NA NA NA NA NA NA NA NA NA NA NA NA 
2 8 40 0.500000 0 8 0 1 0.477305 1 9 7 506 304 9 600 309 3 434 426 6 590 470 5 421 351 1 497 445 4 581 401 8 635 361 
2 8 41 0.500000 0 8 1 1 0.229577 7 5 9 419 449 4 453 388 2 573 311 10 607 382 6 487 465 3 468 312 1 547 450 8 414 337 
2 8 42 0.500000 0 8 1 1 0.269454 0 4 3 398 353 7 517 450 8 426 442 2 529 301 6 409 294 9 618 430 10 615 360 5 452 384 
2 8 43 0.500000 0 2 1 1 0.396499 0 7 1 593 425 4 596 349 NA NA NA NA NA NA NA NA NA NA NA NA NA NA NA NA NA NA 
2 8 44 0.500000 0 8 1 1 0.290417 1 5 7 520 461 2 568 310 6 578 456 8 409 397 10 614 378 4 391 472 1 630 308 9 408 320 
2 8 45 0.500000 0 8 0 1 0.316196 1 10 6 515 312 10 571 377 1 521 472 8 404 413 4 448 323 3 630 467 2 634 355 5 436 463 
2 8 46 0.500000 0 5 1 1 0.385169 0 5 10 598 391 6 411 440 1 412 313 8 585 294 9 537 328 NA NA NA NA NA NA NA NA NA 
2 8 47 0.500000 0 2 0 0 1.196000 1 3 5 441 403 3 593 403 NA NA NA NA NA NA NA NA NA NA NA NA NA NA NA NA NA NA 
2 8 48 0.500000 0 5 1 1 0.573134 1 1 2 601 429 3 390 409 5 619 321 8 560 323 6 459 316 NA NA NA NA NA NA NA NA NA 
2 8 49 0.500000 0 2 1 1 0.752217 1 8 7 518 467 3 543 308 NA NA NA NA NA NA NA NA NA NA NA NA NA NA NA NA NA NA 
2 8 50 0.500000 0 2 1 1 0.565418 1 8 9 422 313 2 527 469 NA NA NA NA NA NA NA NA NA NA NA NA NA NA NA NA NA NA 
2 8 51 0.500000 0 2 0 0 1.849128 1 6 2 456 424 6 596 357 NA NA NA NA NA NA NA NA NA NA NA NA NA NA NA NA NA NA 
2 8 52 0.500000 0 5 0 0 1.389413 2 9 1 393 393 10 438 452 9 483 312 2 526 461 3 581 430 NA NA NA NA NA NA NA NA NA 
2 8 53 0.500000 0 5 0 0 1.478404 2 5 2 568 469 7 588 381 5 391 414 4 395 320 6 476 434 NA NA NA NA NA NA NA NA NA 
2 8 54 0.500000 0 2 0 0 1.110969 0 2 2 569 338 6 401 375 NA NA NA NA NA NA NA NA NA NA NA NA NA NA NA NA NA NA 
2 8 55 0.500000 0 8 0 0 1.208026 0 8 8 629 455 6 607 378 7 469 441 5 396 407 9 595 294 4 519 295 3 536 437 10 414 319 
2 8 56 0.500000 0 8 1 0 1.554381 3 7 3 467 330 2 481 461 8 408 467 6 616 345 10 567 409 1 623 433 9 529 324 5 391 339 
2 8 57 0.500000 0 2 0 0 1.452639 1 3 8 393 400 3 577 344 NA NA NA NA NA NA NA NA NA NA NA NA NA NA NA NA NA NA 
2 8 58 0.500000 0 8 0 1 0.823052 2 10 1 410 320 6 478 314 10 494 451 4 414 446 7 585 363 9 614 415 8 554 425 5 554 301 
2 8 59 0.500000 0 5 1 1 0.676638 4 6 7 578 412 10 434 315 4 637 390 8 629 315 9 469 435 NA NA NA NA NA NA NA NA NA 
