0 0 0 0.300000 0 2 0 0 1.274988 0 8 8 613 396 9 527 451 NA NA NA NA NA NA NA NA NA NA NA NA NA NA NA NA NA NA 
0 0 1 0.300000 0 2 0 0 0.961366 0 1 1 471 311 5 478 437 NA NA NA NA NA NA NA NA NA NA NA NA NA NA NA NA NA NA 
0 0 2 0.300000 0 8 0 0 1.073023 7 4 6 451 465 7 414 340 10 560 448 8 619 347 1 478 326 2 575 390 5 634 411 4 555 331 
0 0 3 0.300000 0 2 0 0 0.830884 1 7 1 584 352 7 432 416 NA NA NA NA NA NA NA NA NA NA NA NA NA NA NA NA NA NA 
0 0 4 0.300000 0 2 1 1 1.145182 0 7 5 566 350 2 393 464 NA NA NA NA NA NA NA NA NA NA NA NA NA NA NA NA NA NA 
0 0 5 0.300000 0 2 0 0 0.858341 1 4 6 583 350 4 509 457 NA NA NA NA NA NA NA NA NA NA NA NA NA NA NA NA NA NA 
0 0 6 0.300000 0 5 0 0 0.774356 3 7 2 629 297 6 488 460 9 596 382 7 389 375 8 413 470 NA NA NA NA NA NA NA NA NA 
0 0 7 0.300000 0 5 0 0 1.551040 3 9 8 581 309 3 422 304 2 582 378 9 482 331 7 548 440 NA NA NA NA NA NA NA NA NA 
0 0 8 0.300000 0 2 1 1 0.692287 1 10 7 628 386 3 436 355 NA NA NA NA NA NA NA NA NA NA NA NA NA NA NA NA NA NA 
0 0 9 0.300000 0 5 1 1 0.721586 2 3 7 579 466 5 397 419 9 563 351 2 408 343 1 499 443 NA NA NA NA NA NA NA NA NA 
0 0 10 0.300000 0 8 0 0 0.817805 5 1 2 523 323 10 616 360 5 441 308 4 592 431 8 530 454 1 465 456 7 403 408 3 620 296 
0 0 11 0.300000 0 5 0 1 1.525243 2 3 5 408 324 2 503 323 3 584 295 7 431 435 4 608 365 NA NA NA NA NA NA NA NA NA 
0 0 12 0.300000 0 2 0 0 0.624014 0 10 10 448 379 4 521 316 NA NA NA NA NA NA NA NA NA NA NA NA NA NA NA NA NA NA 
0 0 13 0.300000 0 5 0 1 0.801378 0 9 9 561 472 5 492 456 10 428 369 4 428 436 2 601 339 NA NA NA NA NA NA NA NA NA 
0 0 14 0.300000 0 5 0 0 0.694748 4 10 8 569 341 9 422 444 2 404 307 6 610 453 10 552 431 NA NA NA NA NA NA NA NA NA 
0 0 15 0.300000 0 5 1 0 0.777473 0 8 6 555 340 7 459 303 10 436 417 4 617 294 3 389 462 NA NA NA NA NA NA NA NA NA 
0 0 16 0.300000 0 5 1 1 1.186735 1 3 7 450 436 9 621 423 4 611 303 6 419 301 5 522 305 NA NA NA NA NA NA NA NA NA 
0 0 17 0.300000 0 2 0 1 0.853195 0 5 5 614 328 10 444 434 NA NA NA NA NA NA NA NA NA NA NA NA NA NA NA NA NA NA 
0 0 18 0.300000 0 8 0 0 1.220440 5 8 2 586 453 10 399 301 9 432 447 1 557 302 6 615 367 8 403 393 7 470 313 4 492 462 
0 0 19 0.300000 0 5 1 1 1.168513 3 10 8 606 442 9 580 303 2 439 416 1 423 320 5 515 305 NA NA NA NA NA NA NA NA NA 
0 0 20 0.300000 0 2 1 1 1.807559 1 10 8 616 467 5 557 474 NA NA NA NA NA NA NA NA NA NA NA NA NA NA NA NA NA NA 
0 0 21 0.300000 0 5 1 1 1.144422 4 1 2 608 370 5 395 313 9 446 373 4 477 448 3 516 312 NA NA NA NA NA NA NA NA NA 
0 0 22 0.300000 0 8 0 0 1.261917 4 1 9 623 307 3 560 460 4 636 453 8 411 343 1 410 451 7 617 368 6 449 393 5 534 314 
0 0 23 0.300000 0 8 1 0 1.148692 4 2 10 573 401 9 478 325 5 392 342 4 605 344 1 448 470 6 508 466 8 390 451 7 562 305 
0 0 24 0.300000 0 2 1 1 0.843147 0 4 2 611 423 5 413 312 NA NA NA NA NA NA NA NA NA NA NA NA NA NA NA NA NA NA 
0 0 25 0.300000 0 5 1 1 0.845722 0 4 9 472 310 3 614 405 2 419 427 7 473 470 1 582 299 NA NA NA NA NA NA NA NA NA 
0 0 26 0.300000 0 5 0 1 1.090134 4 7 4 404 371 1 438 471 2 510 305 3 559 474 7 623 402 NA NA NA NA NA NA NA NA NA 
0 0 27 0.300000 0 2 1 1 0.697430 1 7 1 599 363 9 446 382 NA NA NA NA NA NA NA NA NA NA NA NA NA NA NA NA NA NA 
0 0 28 0.300000 0 8 0 0 0.702117 6 9 3 458 469 4 434 410 2 599 430 6 577 369 5 490 315 1 614 294 9 424 329 7 524 456 
0 0 29 0.300000 0 8 0 0 2.038938 1 7 3 596 309 7 574 412 10 408 426 2 467 452 4 457 308 8 612 457 9 424 364 1 514 325 
0 0 30 0.300000 0 8 0 0 0.691265 4 2 3 412 294 1 573 343 7 502 316 6 631 401 2 563 419 10 487 456 8 431 426 4 635 309 
0 0 31 0.300000 0 2 0 0 0.943916 0 10 10 595 410 8 612 351 NA NA NA NA NA NA NA NA NA NA NA NA NA NA NA NA NA NA 
0 0 32 0.300000 0 8 0 1 0.902169 2 6 8 501 464 7 581 312 6 586 378 1 617 449 2 513 302 9 444 314 10 556 439 4 413 378 
0 0 33 0.300000 0 8 0 0 0.901758 1 10 7 546 326 10 507 463 9 614 334 4 431 457 2 589 464 3 632 400 6 481 318 1 400 357 
0 0 34 0.300000 0 5 0 0 0.692575 3 9 5 484 316 2 599 348 3 427 465 9 454 371 1 535 451 NA NA NA NA NA NA NA NA NA 
0 0 35 0.300000 0 5 0 0 0.869969 0 1 1 590 464 9 416 468 6 528 466 3 472 448 4 593 374 NA NA NA NA NA NA NA NA NA 
0 0 36 0.300000 0 8 0 0 1.638887 4 5 1 583 421 7 416 397 8 433 330 9 471 432 5 629 462 10 585 342 4 534 309 2 422 466 
0 0 37 0.300000 0 8 1 0 1.312728 2 2 10 609 362 9 416 316 3 495 455 5 634 419 6 426 457 4 566 427 8 527 318 7 453 389 
0 0 38 0.300000 0 8 1 1 1.818671 2 2 4 495 310 5 407 324 6 417 443 10 585 311 9 578 389 1 447 391 3 581 470 7 388 383 
0 0 39 0.300000 0 2 0 0 0.676415 1 1 10 599 361 1 439 428 NA NA NA NA NA NA NA NA NA NA NA NA NA NA NA NA NA NA 
0 0 40 0.300000 0 5 0 0 2.194577 0 7 7 570 400 4 507 455 6 547 331 2 626 320 1 414 433 NA NA NA NA NA NA NA NA NA 
0 0 41 0.300000 0 8 0 0 1.667181 7 2 10 410 453 6 571 422 4 449 347 5 605 316 7 533 304 3 616 465 1 402 300 2 470 427 
0 0 42 0.300000 0 5 0 0 0.978861 0 5 5 609 437 1 424 395 6 613 332 10 449 451 3 415 325 NA NA NA NA NA NA NA NA NA 
0 0 43 0.300000 0 2 1 0 1.090652 0 1 10 450 294 3 546 336 NA NA NA NA NA NA NA NA NA NA NA NA NA NA NA NA NA NA 
0 0 44 0.300000 0 5 0 0 1.280666 2 7 2 401 340 4 428 409 7 597 357 9 464 331 1 601 444 NA NA NA NA NA NA NA NA NA 
0 0 45 0.300000 0 2 0 0 0.766308 0 8 8 465 346 9 516 447 NA NA NA NA NA NA NA NA NA NA NA NA NA NA NA NA NA NA 
0 0 46 0.300000 0 5 0 0 1.334295 2 1 10 584 325 8 578 394 1 387 321 6 555 451 3 417 375 NA NA NA NA NA NA NA NA NA 
0 0 47 0.300000 0 2 0 0 0.661689 1 5 2 637 434 5 544 303 NA NA NA NA NA NA NA NA NA NA NA NA NA NA NA NA NA NA 
0 0 48 0.300000 0 8 0 0 0.987049 7 9 4 614 398 2 397 442 1 513 306 10 491 451 7 620 303 3 412 332 8 552 428 9 455 399 
0 0 49 0.300000 0 8 0 0 0.903390 0 1 1 408 338 10 597 351 8 609 439 5 538 442 3 436 415 2 395 462 4 490 321 6 549 304 
0 0 50 0.300000 0 5 0 0 0.895234 3 5 10 391 321 3 410 473 7 621 318 5 601 424 1 458 336 NA NA NA NA NA NA NA NA NA 
0 0 51 0.300000 0 2 0 0 0.594236 1 9 6 413 328 9 549 429 NA NA NA NA NA NA NA NA NA NA NA NA NA NA NA NA NA NA 
0 0 52 0.300000 0 2 0 0 0.665635 1 7 2 414 362 7 511 470 NA NA NA NA NA NA NA NA NA NA NA NA NA NA NA NA NA NA 
0 0 53 0.300000 0 2 0 0 0.570368 0 6 6 530 444 9 603 352 NA NA NA NA NA NA NA NA NA NA NA NA NA NA NA NA NA NA 
0 0 54 0.300000 0 2 0 0 0.636372 1 3 7 495 314 3 623 328 NA NA NA NA NA NA NA NA NA NA NA NA NA NA NA NA NA NA 
0 0 55 0.300000 0 8 1 0 1.683573 0 1 6 474 307 8 492 457 7 404 295 5 636 420 2 442 391 10 434 457 4 552 297 3 613 294 
0 0 56 0.300000 0 8 0 0 1.040728 4 10 8 587 418 3 418 413 4 472 298 1 578 304 10 399 304 2 635 361 7 632 465 9 535 452 
0 0 57 0.300000 0 8 1 0 1.225664 1 10 5 570 398 4 440 346 6 563 468 7 467 437 1 495 317 8 619 354 9 636 297 3 409 425 
0 0 58 0.300000 0 5 0 0 1.433274 0 7 7 508 298 6 448 339 10 446 430 1 625 326 3 561 425 NA NA NA NA NA NA NA NA NA 
0 0 59 0.300000 0 8 1 0 0.594043 4 2 4 564 343 7 589 397 1 406 433 8 630 315 10 387 338 6 446 348 3 462 462 5 629 458 
0 1 0 0.500000 0 8 1 0 0.983212 1 7 9 575 382 8 462 415 2 426 342 3 517 324 6 568 460 4 604 311 1 396 444 10 626 446 
0 1 1 0.500000 0 2 1 1 0.618878 0 2 9 399 326 6 615 412 NA NA NA NA NA NA NA NA NA NA NA NA NA NA NA NA NA NA 
0 1 2 0.500000 0 2 0 0 1.409262 1 1 2 440 407 1 583 309 NA NA NA NA NA NA NA NA NA NA NA NA NA NA NA NA NA NA 
0 1 3 0.500000 0 2 1 1 0.658821 0 5 8 440 355 9 535 302 NA NA NA NA NA NA NA NA NA NA NA NA NA NA NA NA NA NA 
0 1 4 0.500000 0 8 1 1 0.722273 1 3 7 437 373 1 566 343 8 461 470 6 565 410 10 625 470 9 471 296 5 616 313 2 392 327 
0 1 5 0.500000 0 8 0 0 2.679551 3 7 1 615 447 6 460 441 3 459 302 7 548 443 4 622 348 10 445 361 9 531 321 2 585 295 
0 1 6 0.500000 0 8 0 0 1.611526 0 2 2 626 351 9 577 404 10 415 334 7 420 415 3 605 456 8 477 317 5 502 469 6 541 319 
0 1 7 0.500000 0 8 1 1 1.277643 2 2 1 446 297 6 577 318 5 577 386 7 627 448 9 407 342 4 522 466 3 448 414 10 391 435 
0 1 8 0.500000 0 5 0 0 1.070206 2 6 5 460 318 10 613 463 6 389 428 7 634 368 1 575 359 NA NA NA NA NA NA NA NA NA 
0 1 9 0.500000 0 2 0 0 0.655887 0 1 1 637 459 5 441 460 NA NA NA NA NA NA NA NA NA NA NA NA NA NA NA NA NA NA 
0 1 10 0.500000 0 2 0 0 0.742082 0 8 8 619 465 4 525 302 NA NA NA NA NA NA NA NA NA NA NA NA NA NA NA NA NA NA 
0 1 11 0.500000 0 5 0 0 1.148913 2 9 3 409 356 2 498 312 9 464 422 7 589 393 1 619 459 NA NA NA NA NA NA NA NA NA 
0 1 12 0.500000 0 5 0 0 0.640470 4 6 4 598 325 10 578 466 1 388 400 5 573 392 6 460 347 NA NA NA NA NA NA NA NA NA 
0 1 13 0.500000 0 8 0 0 0.628781 3 6 2 478 297 1 617 472 3 427 334 6 407 423 8 609 403 10 593 303 7 556 439 4 486 436 
0 1 14 0.500000 0 2 1 1 0.722974 1 10 4 563 299 3 624 296 NA NA NA NA NA NA NA NA NA NA NA NA NA NA NA NA NA NA 
0 1 15 0.500000 0 5 1 1 2.255574 3 4 2 584 453 1 631 370 10 423 418 7 597 321 5 510 467 NA NA NA NA NA NA NA NA NA 
0 1 16 0.500000 0 5 0 1 0.826108 3 6 10 554 307 3 421 330 2 404 391 6 637 455 1 523 471 NA NA NA NA NA NA NA NA NA 
0 1 17 0.500000 0 2 0 0 1.230670 0 4 4 422 458 5 408 388 NA NA NA NA NA NA NA NA NA NA NA NA NA NA NA NA NA NA 
0 1 18 0.500000 0 5 1 1 0.672616 3 10 2 624 455 6 451 395 3 521 446 5 408 339 7 608 373 NA NA NA NA NA NA NA NA NA 
0 1 19 0.500000 0 5 0 1 1.252302 3 9 4 572 369 5 416 331 3 448 404 9 479 298 10 406 461 NA NA NA NA NA NA NA NA NA 
0 1 20 0.500000 0 5 1 0 0.716526 4 6 4 489 451 7 576 399 3 440 344 2 627 436 5 505 320 NA NA NA NA NA NA NA NA NA 
0 1 21 0.500000 0 8 1 1 0.975822 4 8 9 515 470 4 393 321 5 456 474 6 620 451 7 410 385 10 636 310 2 591 372 3 469 324 
0 1 22 0.500000 0 5 1 1 0.619730 1 6 7 584 422 9 430 395 1 535 320 5 492 460 8 627 312 NA NA NA NA NA NA NA NA NA 
0 1 23 0.500000 0 2 1 1 0.872941 1 10 5 592 378 7 427 454 NA NA NA NA NA NA NA NA NA NA NA NA NA NA NA NA NA NA 
0 1 24 0.500000 0 8 0 0 0.845583 3 8 10 602 456 6 572 390 5 417 431 8 533 472 2 397 334 3 619 321 9 538 303 1 456 368 
0 1 25 0.500000 0 2 1 1 0.804537 1 1 9 602 468 8 438 314 NA NA NA NA NA NA NA NA NA NA NA NA NA NA NA NA NA NA 
0 1 26 0.500000 0 5 1 1 1.114035 1 10 6 578 351 7 483 450 2 570 463 1 508 295 9 630 382 NA NA NA NA NA NA NA NA NA 
0 1 27 0.500000 0 5 0 1 1.263074 2 7 9 628 325 8 418 336 7 607 447 10 437 423 3 580 367 NA NA NA NA NA NA NA NA NA 
0 1 28 0.500000 0 2 0 0 1.170074 0 4 4 621 360 8 542 447 NA NA NA NA NA NA NA NA NA NA NA NA NA NA NA NA NA NA 
0 1 29 0.500000 0 5 1 1 3.263363 3 1 8 432 464 9 637 366 10 454 388 2 445 305 7 573 445 NA NA NA NA NA NA NA NA NA 
0 1 30 0.500000 0 5 1 0 4.898394 1 7 2 498 321 4 397 353 1 485 441 10 600 438 5 393 465 NA NA NA NA NA NA NA NA NA 
0 1 31 0.500000 0 8 1 1 1.899185 7 4 7 629 399 3 402 353 6 471 453 9 560 449 10 409 454 5 508 325 8 573 314 1 440 402 
0 1 32 0.500000 0 8 1 1 2.642713 5 4 10 620 440 3 589 343 6 435 403 1 391 348 7 507 318 8 477 460 5 452 298 9 546 433 
0 1 33 0.500000 0 5 1 0 2.775673 2 3 9 636 432 10 509 303 5 573 403 2 481 471 8 406 423 NA NA NA NA NA NA NA NA NA 
0 1 34 0.500000 0 5 0 0 1.034172 3 5 10 626 369 8 567 359 3 446 354 5 597 464 4 523 301 NA NA NA NA NA NA NA NA NA 
0 1 35 0.500000 0 8 0 0 1.005540 1 8 2 414 320 8 597 438 6 465 350 10 615 376 9 544 325 1 616 314 5 403 436 3 536 472 
0 1 36 0.500000 0 5 0 0 1.361093 4 1 3 587 387 4 469 344 6 442 443 5 422 385 1 606 317 NA NA NA NA NA NA NA NA NA 
0 1 37 0.500000 0 8 1 0 1.968586 2 3 7 590 322 4 634 387 9 392 355 6 390 465 10 499 452 2 460 310 5 426 406 1 636 458 
0 1 38 0.500000 0 2 0 0 0.727474 1 8 7 596 294 8 504 473 NA NA NA NA NA NA NA NA NA NA NA NA NA NA NA NA NA NA 
0 1 39 0.500000 0 8 0 0 0.649798 5 9 4 458 443 2 594 335 6 584 395 1 514 318 7 405 375 9 452 325 5 636 438 8 399 465 
0 1 40 0.500000 0 8 0 0 0.674482 0 3 3 525 471 4 557 319 8 428 401 10 635 313 1 588 371 7 496 315 6 595 435 2 442 469 
0 1 41 0.500000 0 2 1 1 0.844061 1 7 6 519 313 2 591 425 NA NA NA NA NA NA NA NA NA NA NA NA NA NA NA NA NA NA 
0 1 42 0.500000 0 2 0 0 1.193423 1 1 2 455 371 1 393 319 NA NA NA NA NA NA NA NA NA NA NA NA NA NA NA NA NA NA 
0 1 43 0.500000 0 2 1 1 0.813655 1 2 6 442 371 8 630 294 NA NA NA NA NA NA NA NA NA NA NA NA NA NA NA NA NA NA 
0 1 44 0.500000 0 2 1 1 0.797472 0 7 8 419 420 3 424 310 NA NA NA NA NA NA NA NA NA NA NA NA NA NA NA NA NA NA 
0 1 45 0.500000 0 8 1 1 0.979071 2 2 8 471 324 4 396 467 1 405 341 7 454 413 9 628 418 3 541 328 6 574 455 10 608 310 
0 1 46 0.500000 0 2 0 0 0.687270 1 8 7 585 474 8 457 338 NA NA NA NA NA NA NA NA NA NA NA NA NA NA NA NA NA NA 
0 1 47 0.500000 0 5 1 1 0.810262 0 2 7 548 473 8 458 316 10 539 296 6 389 341 4 429 432 NA NA NA NA NA NA NA NA NA 
0 1 48 0.500000 0 8 0 0 0.715892 0 10 10 593 411 6 429 299 7 475 449 5 634 343 4 572 300 9 395 435 8 512 323 1 624 462 
0 1 49 0.500000 0 5 0 1 0.615981 1 6 9 628 393 6 571 326 7 434 351 5 597 460 10 391 435 NA NA NA NA NA NA NA NA NA 
0 1 50 0.500000 0 5 1 1 0.582430 2 1 2 611 416 10 425 465 8 625 350 3 547 301 6 413 355 NA NA NA NA NA NA NA NA NA 
0 1 51 0.500000 0 5 0 0 1.153771 3 6 8 611 307 7 527 458 1 608 389 6 448 396 2 445 468 NA NA NA NA NA NA NA NA NA 
0 1 52 0.500000 0 8 1 1 0.958216 1 9 5 420 297 4 538 297 8 589 369 7 389 471 2 480 309 10 635 296 6 590 464 1 388 402 
0 1 53 0.500000 0 2 0 0 0.758604 0 5 5 524 317 9 391 397 NA NA NA NA NA NA NA NA NA NA NA NA NA NA NA NA NA NA 
0 1 54 0.500000 0 8 0 1 1.361685 3 3 9 407 308 2 500 303 5 609 471 3 562 340 6 457 404 4 633 411 7 520 464 8 625 341 
0 1 55 0.500000 0 2 1 1 0.709294 0 1 7 606 403 3 620 335 NA NA NA NA NA NA NA NA NA NA NA NA NA NA NA NA NA NA 
0 1 56 0.500000 0 2 0 0 0.896325 0 1 1 559 474 4 596 387 NA NA NA NA NA NA NA NA NA NA NA NA NA NA NA NA NA NA 
0 1 57 0.500000 0 8 0 1 0.668902 1 4 2 447 447 4 571 436 3 505 455 5 462 353 6 604 338 9 403 332 8 514 303 10 388 445 
0 1 58 0.500000 0 2 1 1 0.657729 0 8 7 499 320 10 618 341 NA NA NA NA NA NA NA NA NA NA NA NA NA NA NA NA NA NA 
0 1 59 0.500000 0 8 1 0 0.710800 4 7 10 577 413 9 409 426 5 609 300 4 451 307 3 514 325 2 490 441 6 598 468 1 432 367 
0 2 0 0.700000 0 5 0 0 0.916745 0 3 3 582 470 1 631 379 7 455 365 10 393 303 2 399 398 NA NA NA NA NA NA NA NA NA 
0 2 1 0.700000 0 2 1 1 0.494348 1 4 1 523 448 7 443 301 NA NA NA NA NA NA NA NA NA NA NA NA NA NA NA NA NA NA 
0 2 2 0.700000 0 8 1 1 0.644252 1 3 9 440 324 1 583 453 8 407 385 2 572 346 7 468 437 5 635 405 4 395 465 10 508 299 
0 2 3 0.700000 0 5 1 1 1.656831 1 6 5 459 421 1 636 456 2 470 324 4 545 320 7 544 434 NA NA NA NA NA NA NA NA NA 
0 2 4 0.700000 0 8 1 1 0.805952 7 6 10 477 300 7 531 440 5 424 345 2 542 326 3 625 371 4 406 416 9 478 470 8 602 458 
0 2 5 0.700000 0 5 0 0 0.940589 2 3 1 621 431 4 585 333 3 399 308 5 533 458 2 413 410 NA NA NA NA NA NA NA NA NA 
0 2 6 0.700000 0 2 0 0 0.660591 1 8 9 603 358 8 586 465 NA NA NA NA NA NA NA NA NA NA NA NA NA NA NA NA NA NA 
0 2 7 0.700000 0 2 1 1 0.652677 0 5 2 436 452 10 611 437 NA NA NA NA NA NA NA NA NA NA NA NA NA NA NA NA NA NA 
0 2 8 0.700000 0 8 1 1 0.970480 4 2 10 447 392 5 473 474 7 618 356 3 588 306 6 471 299 4 596 445 8 532 439 1 408 344 
0 2 9 0.700000 0 2 1 1 0.799330 1 9 5 541 454 3 601 401 NA NA NA NA NA NA NA NA NA NA NA NA NA NA NA NA NA NA 
0 2 10 0.700000 0 8 1 1 0.713883 6 1 4 442 359 3 519 304 2 483 467 6 545 470 8 411 453 10 569 335 5 637 343 7 387 309 
0 2 11 0.700000 0 2 0 0 0.845213 1 10 5 436 440 10 396 398 NA NA NA NA NA NA NA NA NA NA NA NA NA NA NA NA NA NA 
0 2 12 0.700000 0 2 1 1 0.679584 0 10 8 572 410 9 624 338 NA NA NA NA NA NA NA NA NA NA NA NA NA NA NA NA NA NA 
0 2 13 0.700000 0 8 1 0 1.390895 1 5 6 396 470 1 451 383 4 531 297 2 591 342 8 626 396 9 505 443 3 463 320 10 572 439 
0 2 14 0.700000 0 5 0 0 1.293972 4 1 7 566 434 2 485 304 6 415 319 3 392 401 1 637 463 NA NA NA NA NA NA NA NA NA 
0 2 15 0.700000 0 8 0 0 1.483890 3 3 1 428 423 6 539 455 8 596 373 3 387 341 5 459 316 7 537 294 4 613 309 10 637 448 
0 2 16 0.700000 0 8 1 1 1.195197 4 3 2 555 305 6 459 451 1 546 469 8 613 391 5 454 355 10 617 320 7 397 330 4 486 302 
0 2 17 0.700000 0 8 1 0 1.605168 0 8 2 540 440 5 394 338 10 612 338 9 457 404 7 633 463 6 536 314 4 403 448 3 485 474 
0 2 18 0.700000 0 5 1 1 0.711924 4 1 7 471 459 8 587 434 3 428 418 5 482 315 10 587 342 NA NA NA NA NA NA NA NA NA 
0 2 19 0.700000 0 8 1 1 1.323020 5 6 4 594 356 9 506 298 2 414 355 7 530 462 10 463 442 3 621 431 5 630 304 8 396 448 
0 2 20 0.700000 0 2 1 1 1.080428 1 8 5 410 391 10 531 472 NA NA NA NA NA NA NA NA NA NA NA NA NA NA NA NA NA NA 
0 2 21 0.700000 0 8 1 0 0.792932 2 8 9 436 304 6 402 375 3 566 344 5 623 435 7 522 305 2 621 369 10 402 456 4 459 419 
0 2 22 0.700000 0 2 1 1 0.585074 1 7 5 567 472 2 424 459 NA NA NA NA NA NA NA NA NA NA NA NA NA NA NA NA NA NA 
0 2 23 0.700000 0 2 1 0 0.649478 0 9 8 401 403 3 510 445 NA NA NA NA NA NA NA NA NA NA NA NA NA NA NA NA NA NA 
0 2 24 0.700000 0 5 0 0 0.812080 1 7 5 602 399 7 440 387 1 609 331 9 427 450 2 413 305 NA NA NA NA NA NA NA NA NA 
0 2 25 0.700000 0 2 1 1 0.654540 1 6 8 598 400 7 475 309 NA NA NA NA NA NA NA NA NA NA NA NA NA NA NA NA NA NA 
0 2 26 0.700000 0 8 0 1 2.452949 7 3 1 620 389 8 474 303 6 569 449 7 464 427 9 568 349 4 409 304 2 423 361 3 617 296 
0 2 27 0.700000 0 2 1 1 0.737301 0 6 10 555 311 4 475 436 NA NA NA NA NA NA NA NA NA NA NA NA NA NA NA NA NA NA 
0 2 28 0.700000 0 2 1 1 0.612816 1 7 6 486 462 8 441 385 NA NA NA NA NA NA NA NA NA NA NA NA NA NA NA NA NA NA 
0 2 29 0.700000 0 5 0 0 0.663521 0 5 5 448 467 7 599 337 6 422 412 2 415 320 3 589 441 NA NA NA NA NA NA NA NA NA 
0 2 30 0.700000 0 8 1 0 1.236052 2 3 10 527 317 5 421 391 9 599 400 4 431 451 8 446 329 6 633 452 2 391 301 7 633 325 
0 2 31 0.700000 0 8 1 0 0.868766 2 2 6 607 305 7 613 459 8 413 308 3 572 398 10 546 452 9 452 466 5 399 380 1 462 340 
0 2 32 0.700000 0 2 1 1 0.499443 1 5 2 585 473 3 434 399 NA NA NA NA NA NA NA NA NA NA NA NA NA NA NA NA NA NA 
0 2 33 0.700000 0 5 1 1 0.808839 3 9 3 556 448 1 493 320 2 431 438 4 449 364 8 605 327 NA NA NA NA NA NA NA NA NA 
0 2 34 0.700000 0 2 1 1 0.748868 1 1 2 529 463 10 454 304 NA NA NA NA NA NA NA NA NA NA NA NA NA NA NA NA NA NA 
0 2 35 0.700000 0 2 0 0 0.755567 1 8 3 508 313 8 427 363 NA NA NA NA NA NA NA NA NA NA NA NA NA NA NA NA NA NA 
0 2 36 0.700000 0 8 1 1 0.955129 4 2 9 461 453 10 567 406 4 601 325 8 497 308 1 402 394 7 613 458 6 441 345 5 625 400 
0 2 37 0.700000 0 5 1 1 1.074330 3 3 2 444 453 1 625 365 4 401 295 9 520 451 7 584 412 NA NA NA NA NA NA NA NA NA 
0 2 38 0.700000 0 8 0 0 0.889639 0 3 3 445 378 1 621 402 8 481 328 10 415 303 9 447 451 7 563 329 6 631 331 2 540 474 
0 2 39 0.700000 0 8 1 1 1.362503 5 3 6 443 329 9 629 349 10 390 421 8 468 425 4 513 320 2 580 294 5 607 416 1 529 464 
0 2 40 0.700000 0 5 1 1 0.707991 2 7 9 625 422 4 441 451 1 549 452 6 628 313 10 555 306 NA NA NA NA NA NA NA NA NA 
0 2 41 0.700000 0 5 1 1 0.937462 4 10 3 427 377 2 609 351 8 581 423 7 624 294 5 468 467 NA NA NA NA NA NA NA NA NA 
0 2 42 0.700000 0 2 0 0 0.800004 0 8 8 555 316 1 456 305 NA NA NA NA NA NA NA NA NA NA NA NA NA NA NA NA NA NA 
0 2 43 0.700000 0 5 1 1 0.737755 1 5 9 630 463 8 471 317 3 593 407 6 413 332 4 464 419 NA NA NA NA NA NA NA NA NA 
0 2 44 0.700000 0 5 1 1 0.696692 4 9 1 621 357 4 487 453 2 615 447 8 568 411 10 398 376 NA NA NA NA NA NA NA NA NA 
0 2 45 0.700000 0 8 0 1 0.711338 6 2 1 581 426 7 432 366 4 410 458 3 636 304 8 448 301 5 634 365 2 516 301 10 575 317 
0 2 46 0.700000 0 2 0 0 1.370247 0 4 4 637 377 7 442 340 NA NA NA NA NA NA NA NA NA NA NA NA NA NA NA NA NA NA 
0 2 47 0.700000 0 5 1 1 0.869860 4 2 5 416 463 6 626 415 9 448 390 7 415 313 4 631 343 NA NA NA NA NA NA NA NA NA 
0 2 48 0.700000 0 5 1 1 1.682843 0 8 6 487 471 1 599 386 4 429 326 9 401 425 7 563 301 NA NA NA NA NA NA NA NA NA 
0 2 49 0.700000 0 5 1 1 0.812206 3 4 1 388 329 7 418 393 8 555 318 6 634 361 2 538 440 NA NA NA NA NA NA NA NA NA 
0 2 50 0.700000 0 5 1 1 0.749426 3 2 1 458 408 3 569 335 5 607 400 10 425 334 6 507 455 NA NA NA NA NA NA NA NA NA 
0 2 51 0.700000 0 5 0 0 1.166333 2 6 7 515 469 4 451 301 6 575 422 3 573 295 2 388 347 NA NA NA NA NA NA NA NA NA 
0 2 52 0.700000 0 2 1 1 0.868604 0 10 3 395 311 8 593 330 NA NA NA NA NA NA NA NA NA NA NA NA NA NA NA NA NA NA 
0 2 53 0.700000 0 2 0 0 0.789472 1 6 2 611 466 6 462 440 NA NA NA NA NA NA NA NA NA NA NA NA NA NA NA NA NA NA 
0 2 54 0.700000 0 5 1 1 0.762994 2 2 9 453 319 7 395 344 6 635 419 3 603 359 8 395 454 NA NA NA NA NA NA NA NA NA 
0 2 55 0.700000 0 8 0 1 1.227343 1 10 9 587 385 10 406 360 1 458 330 2 583 303 5 583 465 4 445 462 3 517 450 7 634 427 
0 2 56 0.700000 0 2 1 1 0.634385 1 9 2 450 377 10 636 404 NA NA NA NA NA NA NA NA NA NA NA NA NA NA NA NA NA NA 
0 2 57 0.700000 0 8 1 1 1.167942 7 10 5 448 307 8 612 453 9 548 446 1 434 466 2 579 391 7 604 306 3 388 307 6 396 396 
0 2 58 0.700000 0 5 1 1 0.649913 3 7 6 469 465 10 595 427 3 521 324 2 422 399 8 632 316 NA NA NA NA NA NA NA NA NA 
0 2 59 0.700000 0 8 0 1 0.817926 4 1 6 430 408 7 611 320 9 548 435 5 424 471 1 540 328 4 606 404 8 439 301 3 636 455 
0 3 0 0.500000 0 5 0 1 0.668602 4 9 1 417 415 4 625 393 3 389 325 8 457 327 9 514 442 NA NA NA NA NA NA NA NA NA 
0 3 1 0.500000 0 2 0 0 0.739419 1 4 7 414 367 4 569 433 NA NA NA NA NA NA NA NA NA NA NA NA NA NA NA NA NA NA 
0 3 2 0.500000 0 2 1 1 0.573871 1 6 5 613 466 9 501 457 NA NA NA NA NA NA NA NA NA NA NA NA NA NA NA NA NA NA 
0 3 3 0.500000 0 2 0 0 0.736404 0 9 9 586 436 7 554 320 NA NA NA NA NA NA NA NA NA NA NA NA NA NA NA NA NA NA 
0 3 4 0.500000 0 2 1 1 0.813869 0 6 1 463 423 4 425 318 NA NA NA NA NA NA NA NA NA NA NA NA NA NA NA NA NA NA 
0 3 5 0.500000 0 2 1 1 0.976761 0 7 10 474 430 9 413 452 NA NA NA NA NA NA NA NA NA NA NA NA NA NA NA NA NA NA 
0 3 6 0.500000 0 2 0 1 0.591389 0 7 7 457 354 3 436 425 NA NA NA NA NA NA NA NA NA NA NA NA NA NA NA NA NA NA 
0 3 7 0.500000 0 5 1 1 1.124798 0 2 3 390 385 6 484 439 1 601 322 7 596 421 9 442 340 NA NA NA NA NA NA NA NA NA 
0 3 8 0.500000 0 8 0 0 2.101071 4 8 10 395 340 5 440 451 4 524 313 1 599 366 8 617 440 6 405 403 3 516 447 2 466 318 
0 3 9 0.500000 0 8 0 0 1.397443 5 4 5 423 465 2 604 307 3 543 312 10 634 434 6 425 336 4 553 431 8 594 381 7 492 456 
0 3 10 0.500000 0 8 1 1 1.270874 5 10 3 468 309 8 406 336 1 434 434 5 636 392 6 559 432 4 632 474 7 614 329 2 552 327 
0 3 11 0.500000 0 5 0 0 1.135093 2 3 7 413 304 9 517 299 3 591 354 4 594 473 6 617 411 NA NA NA NA NA NA NA NA NA 
0 3 12 0.500000 0 5 0 0 1.865773 4 1 6 625 315 10 560 330 3 416 337 5 570 398 1 635 452 NA NA NA NA NA NA NA NA NA 
0 3 13 0.500000 0 5 1 1 1.637730 4 1 10 409 466 4 425 314 3 551 431 6 603 348 9 534 300 NA NA NA NA NA NA NA NA NA 
0 3 14 0.500000 0 2 1 1 1.230018 1 10 2 593 453 6 471 436 NA NA NA NA NA NA NA NA NA NA NA NA NA NA NA NA NA NA 
0 3 15 0.500000 0 5 0 0 0.792500 1 2 1 574 409 2 423 324 10 464 421 7 614 346 9 510 324 NA NA NA NA NA NA NA NA NA 
0 3 16 0.500000 0 8 1 1 1.633183 0 4 1 446 431 6 577 453 7 494 467 8 625 368 2 458 326 3 389 337 5 395 463 10 540 302 
0 3 17 0.500000 0 5 1 1 0.659392 4 5 7 594 381 9 426 306 2 520 323 10 447 471 1 416 364 NA NA NA NA NA NA NA NA NA 
0 3 18 0.500000 0 8 0 0 1.474719 4 3 2 419 423 6 560 472 9 566 325 4 488 297 3 612 439 10 389 343 1 621 305 7 620 376 
0 3 19 0.500000 0 2 1 1 0.689967 0 6 4 568 329 1 414 317 NA NA NA NA NA NA NA NA NA NA NA NA NA NA NA NA NA NA 
0 3 20 0.500000 0 8 1 0 0.657346 6 4 3 590 354 1 553 464 8 422 365 5 466 464 7 611 457 10 405 454 2 395 313 9 536 316 
0 3 21 0.500000 0 5 0 0 0.711083 2 6 1 627 311 7 629 391 6 424 443 9 533 304 8 539 473 NA NA NA NA NA NA NA NA NA 
0 3 22 0.500000 0 8 1 1 1.008011 4 7 2 406 327 4 585 390 9 550 323 10 555 468 1 455 469 8 617 472 3 406 385 6 634 306 
0 3 23 0.500000 0 5 1 1 1.136219 3 2 6 409 306 1 489 440 4 569 352 5 394 473 3 569 418 NA NA NA NA NA NA NA NA NA 
0 3 24 0.500000 0 5 1 1 1.331710 3 8 9 636 403 10 439 427 4 490 294 5 424 354 1 531 472 NA NA NA NA NA NA NA NA NA 
0 3 25 0.500000 0 5 1 1 0.819908 3 1 4 406 388 7 390 303 3 451 450 6 582 470 2 458 337 NA NA NA NA NA NA NA NA NA 
0 3 26 0.500000 0 2 1 1 0.741300 0 7 2 405 342 6 616 373 NA NA NA NA NA NA NA NA NA NA NA NA NA NA NA NA NA NA 
0 3 27 0.500000 0 2 0 0 1.286863 0 6 6 604 318 7 540 304 NA NA NA NA NA NA NA NA NA NA NA NA NA NA NA NA NA NA 
0 3 28 0.500000 0 2 1 1 0.688913 1 2 5 542 465 9 539 298 NA NA NA NA NA NA NA NA NA NA NA NA NA NA NA NA NA NA 
0 3 29 0.500000 0 2 0 0 0.882542 1 7 4 397 389 7 393 306 NA NA NA NA NA NA NA NA NA NA NA NA NA NA NA NA NA NA 
0 3 30 0.500000 0 5 1 1 3.790159 4 2 8 595 444 7 491 320 9 622 322 3 414 320 5 400 382 NA NA NA NA NA NA NA NA NA 
0 3 31 0.500000 0 8 1 0 1.853261 7 8 6 559 430 5 506 297 9 399 459 2 589 322 1 634 371 7 622 432 3 422 345 4 477 439 
0 3 32 0.500000 0 8 0 0 1.084515 5 9 5 579 384 3 633 472 6 467 460 1 393 467 2 590 298 9 547 469 7 420 365 10 474 306 
0 3 33 0.500000 0 8 1 1 1.218573 6 10 9 551 299 2 387 375 5 581 397 7 420 431 4 454 361 8 600 456 1 620 350 6 504 460 
0 3 34 0.500000 0 2 1 1 0.692424 1 7 5 589 390 4 443 307 NA NA NA NA NA NA NA NA NA NA NA NA NA NA NA NA NA NA 
0 3 35 0.500000 0 2 0 0 0.715984 1 6 4 615 336 6 463 422 NA NA NA NA NA NA NA NA NA NA NA NA NA NA NA NA NA NA 
0 3 36 0.500000 0 2 1 0 1.136194 1 9 3 494 319 8 592 460 NA NA NA NA NA NA NA NA NA NA NA NA NA NA NA NA NA NA 
0 3 37 0.500000 0 8 1 1 0.718555 1 2 5 412 379 7 463 340 8 520 317 9 405 474 4 626 388 3 479 436 10 595 314 1 602 456 
0 3 38 0.500000 0 2 0 0 0.641858 0 3 3 455 350 7 571 337 NA NA NA NA NA NA NA NA NA NA NA NA NA NA NA NA NA NA 
0 3 39 0.500000 0 5 0 0 1.433064 4 8 4 526 305 3 433 413 5 441 344 1 409 471 8 616 371 NA NA NA NA NA NA NA NA NA 
0 3 40 0.500000 0 2 0 0 0.726799 0 5 5 632 424 9 454 466 NA NA NA NA NA NA NA NA NA NA NA NA NA NA NA NA NA NA 
0 3 41 0.500000 0 5 1 1 2.524770 0 5 8 466 296 2 430 386 6 610 400 3 569 464 4 552 330 NA NA NA NA NA NA NA NA NA 
0 3 42 0.500000 0 8 0 0 1.530342 6 9 10 392 438 6 603 338 2 403 311 3 564 415 5 452 393 7 489 441 9 461 306 8 628 422 
0 3 43 0.500000 0 5 1 1 1.672267 1 6 2 443 400 9 457 315 3 549 300 1 389 467 4 582 391 NA NA NA NA NA NA NA NA NA 
0 3 44 0.500000 0 2 1 1 1.279244 1 5 9 509 313 2 618 435 NA NA NA NA NA NA NA NA NA NA NA NA NA NA NA NA NA NA 
0 3 45 0.500000 0 8 0 1 1.088012 5 10 7 616 365 5 403 374 3 446 320 1 398 456 9 611 467 10 515 474 4 630 295 2 563 339 
0 3 46 0.500000 0 5 0 1 0.826873 0 7 7 394 295 1 548 329 4 606 352 2 478 316 8 632 440 NA NA NA NA NA NA NA NA NA 
0 3 47 0.500000 0 2 0 0 1.668269 0 2 2 420 385 1 413 456 NA NA NA NA NA NA NA NA NA NA NA NA NA NA NA NA NA NA 
0 3 48 0.500000 0 8 0 1 0.737824 3 4 10 604 388 3 610 326 5 623 464 4 448 427 9 456 309 2 547 472 8 388 303 1 394 463 
0 3 49 0.500000 0 8 1 1 1.634397 3 6 1 611 417 9 428 429 2 438 357 3 591 472 10 557 341 5 606 306 4 476 310 7 519 466 
0 3 50 0.500000 0 5 1 1 0.823012 4 10 2 422 371 1 426 298 8 603 330 9 520 471 6 635 420 NA NA NA NA NA NA NA NA NA 
0 3 51 0.500000 0 8 0 1 1.463725 3 7 9 569 311 2 593 387 6 434 341 7 624 449 1 551 464 5 501 319 10 467 425 8 633 319 
0 3 52 0.500000 0 5 0 0 1.242689 4 5 1 602 345 8 632 473 10 409 451 4 528 454 5 603 412 NA NA NA NA NA NA NA NA NA 
0 3 53 0.500000 0 8 1 1 1.355706 7 4 7 585 442 3 451 373 6 411 451 5 628 311 1 533 298 9 391 344 10 621 384 8 479 455 
0 3 54 0.500000 0 8 0 1 1.644561 0 6 6 489 301 4 390 356 3 577 306 1 408 433 8 530 456 5 635 337 2 616 403 9 390 298 
0 3 55 0.500000 0 5 0 0 0.838619 4 9 2 539 302 6 509 447 7 608 312 8 407 467 9 438 310 NA NA NA NA NA NA NA NA NA 
0 3 56 0.500000 0 5 0 0 1.632725 1 4 5 535 318 4 459 314 9 388 413 8 473 473 2 586 422 NA NA NA NA NA NA NA NA NA 
0 3 57 0.500000 0 8 1 1 2.564764 6 9 2 563 336 6 458 343 3 465 430 5 626 398 7 561 472 1 420 298 8 626 463 10 393 384 
0 3 58 0.500000 0 2 0 0 0.697781 0 10 10 498 305 8 563 322 NA NA NA NA NA NA NA NA NA NA NA NA NA NA NA NA NA NA 
0 3 59 0.500000 0 8 0 0 1.901668 7 9 3 473 341 4 391 327 2 593 416 10 514 459 1 406 394 6 636 310 8 531 314 9 575 356 
0 4 0 0.300000 0 8 0 0 0.593451 6 5 3 545 433 4 604 445 7 447 448 6 495 326 1 611 383 10 432 320 5 389 474 8 632 323 
0 4 1 0.300000 0 5 0 1 0.711805 3 4 7 607 353 1 569 460 8 400 371 4 626 442 6 428 423 NA NA NA NA NA NA NA NA NA 
0 4 2 0.300000 0 2 0 0 0.785967 0 9 9 391 442 3 534 303 NA NA NA NA NA NA NA NA NA NA NA NA NA NA NA NA NA NA 
0 4 3 0.300000 0 5 0 1 0.740801 1 5 1 488 300 5 590 366 10 630 301 2 497 447 6 393 430 NA NA NA NA NA NA NA NA NA 
0 4 4 0.300000 0 8 0 0 0.767803 5 7 6 637 469 2 592 367 10 498 465 9 431 449 3 525 306 7 462 331 4 406 313 8 555 449 
0 4 5 0.300000 0 5 0 0 1.096144 2 4 5 581 418 7 418 448 4 636 462 10 475 306 3 634 381 NA NA NA NA NA NA NA NA NA 
0 4 6 0.300000 0 5 1 1 0.842660 1 9 4 598 325 6 405 402 1 457 316 5 621 393 2 590 455 NA NA NA NA NA NA NA NA NA 
0 4 7 0.300000 0 2 1 1 1.580920 0 7 2 402 387 3 576 451 NA NA NA NA NA NA NA NA NA NA NA NA NA NA NA NA NA NA 
0 4 8 0.300000 0 8 0 0 0.917034 0 10 10 504 461 7 619 440 4 625 306 9 404 348 2 450 309 5 451 393 8 519 313 6 406 450 
0 4 9 0.300000 0 8 1 1 0.816467 7 7 10 454 473 2 616 372 1 428 315 6 408 408 9 571 306 4 605 455 5 543 445 3 486 301 
0 4 10 0.300000 0 8 0 0 1.371212 1 5 10 589 394 5 391 331 1 467 456 3 566 312 9 457 318 4 390 403 8 396 462 6 629 316 
0 4 11 0.300000 0 2 1 1 0.815166 1 4 10 443 351 9 632 403 NA NA NA NA NA NA NA NA NA NA NA NA NA NA NA NA NA NA 
0 4 12 0.300000 0 8 0 0 0.661401 5 5 7 459 312 6 612 434 2 539 309 9 406 450 4 464 467 5 390 330 8 620 343 3 570 374 
0 4 13 0.300000 0 2 1 1 0.705298 0 1 9 605 454 10 455 348 NA NA NA NA NA NA NA NA NA NA NA NA NA NA NA NA NA NA 
0 4 14 0.300000 0 8 1 1 1.398354 1 8 7 594 408 2 390 295 4 446 459 6 539 301 1 427 363 5 629 341 9 544 441 3 629 470 
0 4 15 0.300000 0 5 0 1 0.719848 1 7 8 459 473 7 601 371 1 439 378 5 407 434 10 634 452 NA NA NA NA NA NA NA NA NA 
0 4 16 0.300000 0 2 1 1 0.646351 1 1 10 431 321 3 597 314 NA NA NA NA NA NA NA NA NA NA NA NA NA NA NA NA NA NA 
0 4 17 0.300000 0 8 0 0 0.661704 3 9 10 483 449 1 546 299 2 597 356 9 391 432 3 624 433 6 562 433 5 429 321 8 626 302 
0 4 18 0.300000 0 5 0 0 1.555817 2 7 9 634 296 2 514 317 7 578 386 8 440 411 6 586 464 NA NA NA NA NA NA NA NA NA 
0 4 19 0.300000 0 5 1 1 0.769153 3 1 7 409 360 3 627 345 6 426 457 2 598 402 8 540 445 NA NA NA NA NA NA NA NA NA 
0 4 20 0.300000 0 2 0 0 0.768291 0 9 9 436 396 10 442 297 NA NA NA NA NA NA NA NA NA NA NA NA NA NA NA NA NA NA 
0 4 21 0.300000 0 2 0 0 0.636358 1 10 1 579 369 10 601 437 NA NA NA NA NA NA NA NA NA NA NA NA NA NA NA NA NA NA 
0 4 22 0.300000 0 5 1 1 0.743980 3 1 8 421 308 3 440 472 7 521 325 10 410 381 4 568 418 NA NA NA NA NA NA NA NA NA 
0 4 23 0.300000 0 8 1 1 0.651042 7 7 9 485 444 5 401 363 8 601 458 10 594 393 4 447 299 1 615 328 3 422 456 2 387 301 
0 4 24 0.300000 0 5 0 0 1.307688 2 4 2 425 432 6 488 319 4 556 467 9 594 422 8 426 336 NA NA NA NA NA NA NA NA NA 
0 4 25 0.300000 0 5 1 1 0.731047 1 1 6 610 386 8 550 440 4 393 372 5 528 301 7 493 467 NA NA NA NA NA NA NA NA NA 
0 4 26 0.300000 0 8 0 0 0.805242 1 8 6 631 341 8 496 462 1 449 364 9 543 299 5 424 425 2 619 425 3 406 316 7 481 315 
0 4 27 0.300000 0 2 1 1 0.862853 1 6 2 432 441 5 603 326 NA NA NA NA NA NA NA NA NA NA NA NA NA NA NA NA NA NA 
0 4 28 0.300000 0 2 0 0 1.024145 0 9 9 465 465 5 454 327 NA NA NA NA NA NA NA NA NA NA NA NA NA NA NA NA NA NA 
0 4 29 0.300000 0 5 0 0 1.005190 2 10 7 437 321 8 582 449 10 630 339 3 435 460 1 387 397 NA NA NA NA NA NA NA NA NA 
0 4 30 0.300000 0 8 0 0 0.723959 5 6 9 594 324 8 562 461 4 629 473 1 459 356 5 408 295 6 411 427 2 635 405 10 469 451 
0 4 31 0.300000 0 2 0 0 0.550397 1 6 4 617 388 6 422 415 NA NA NA NA NA NA NA NA NA NA NA NA NA NA NA NA NA NA 
0 4 32 0.300000 0 5 1 1 0.836399 4 9 10 493 452 2 602 414 3 468 301 7 601 343 6 446 413 NA NA NA NA NA NA NA NA NA 
0 4 33 0.300000 0 8 1 1 0.922350 5 10 3 452 322 9 446 404 2 557 318 1 632 314 4 623 374 6 581 468 7 444 470 8 392 352 
0 4 34 0.300000 0 2 0 0 0.732780 0 6 6 613 302 8 428 436 NA NA NA NA NA NA NA NA NA NA NA NA NA NA NA NA NA NA 
0 4 35 0.300000 0 5 0 0 0.565197 3 8 2 416 406 6 533 473 4 476 432 8 450 325 1 623 402 NA NA NA NA NA NA NA NA NA 
0 4 36 0.300000 0 5 0 1 0.683895 4 7 10 396 473 9 583 398 8 584 468 6 409 335 7 440 401 NA NA NA NA NA NA NA NA NA 
0 4 37 0.300000 0 8 0 0 0.944626 7 10 8 416 403 9 586 415 4 408 321 3 632 453 2 633 342 1 570 305 5 399 468 10 479 454 
0 4 38 0.300000 0 5 0 0 0.802802 4 9 1 597 406 3 409 446 5 441 393 6 595 337 9 479 461 NA NA NA NA NA NA NA NA NA 
0 4 39 0.300000 0 2 0 0 0.584919 1 6 8 515 454 6 435 333 NA NA NA NA NA NA NA NA NA NA NA NA NA NA NA NA NA NA 
0 4 40 0.300000 0 2 0 0 0.670189 1 2 3 405 456 2 442 329 NA NA NA NA NA NA NA NA NA NA NA NA NA NA NA NA NA NA 
0 4 41 0.300000 0 5 0 0 1.065552 3 3 2 583 366 10 543 297 6 388 405 3 441 459 9 609 429 NA NA NA NA NA NA NA NA NA 
0 4 42 0.300000 0 8 0 0 1.214105 1 1 2 449 307 1 628 382 9 583 468 7 407 366 6 456 468 10 389 297 3 512 324 8 609 323 
0 4 43 0.300000 0 2 0 0 0.532429 1 6 5 560 446 6 442 459 NA NA NA NA NA NA NA NA NA NA NA NA NA NA NA NA NA NA 
0 4 44 0.300000 0 2 0 0 0.547755 0 3 3 408 462 10 618 397 NA NA NA NA NA NA NA NA NA NA NA NA NA NA NA NA NA NA 
0 4 45 0.300000 0 8 1 1 1.653754 7 6 10 435 362 9 497 299 5 635 428 2 581 395 3 397 318 1 467 471 4 403 449 8 608 324 
0 4 46 0.300000 0 8 0 0 2.415674 4 1 9 621 374 8 564 324 7 545 465 2 420 376 1 424 297 6 394 445 4 477 456 5 509 296 
0 4 47 0.300000 0 8 0 1 2.693047 1 2 7 624 322 2 449 345 6 474 430 10 403 406 1 588 444 3 577 386 8 526 295 5 400 296 
0 4 48 0.300000 0 2 1 1 0.709898 0 3 10 596 465 7 503 472 NA NA NA NA NA NA NA NA NA NA NA NA NA NA NA NA NA NA 
0 4 49 0.300000 0 2 0 0 0.987797 1 2 4 437 457 2 629 298 NA NA NA NA NA NA NA NA NA NA NA NA NA NA NA NA NA NA 
0 4 50 0.300000 0 5 0 0 0.739193 2 4 7 579 416 2 432 438 4 415 372 5 566 303 3 439 309 NA NA NA NA NA NA NA NA NA 
0 4 51 0.300000 0 8 1 0 1.357538 0 8 6 506 468 10 400 431 3 613 337 9 393 354 2 572 405 1 626 451 7 479 320 4 538 322 
0 4 52 0.300000 0 5 0 0 0.693328 2 4 8 394 378 9 624 327 4 418 304 7 468 474 5 525 457 NA NA NA NA NA NA NA NA NA 
0 4 53 0.300000 0 5 0 0 1.406502 1 9 5 634 405 9 612 471 4 405 302 8 612 295 10 526 309 NA NA NA NA NA NA NA NA NA 
0 4 54 0.300000 0 2 0 0 0.594711 0 4 4 440 296 10 585 340 NA NA NA NA NA NA NA NA NA NA NA NA NA NA NA NA NA NA 
0 4 55 0.300000 0 8 0 0 1.182022 1 1 7 412 474 1 637 347 4 468 451 10 400 329 6 588 461 5 474 329 8 405 414 9 575 375 
0 4 56 0.300000 0 8 0 0 1.601927 5 3 1 388 312 9 617 320 2 473 317 8 571 366 4 613 469 3 456 419 5 426 365 7 550 295 
0 4 57 0.300000 0 5 1 1 0.800127 3 8 10 603 348 5 416 332 2 536 449 3 484 322 1 620 405 NA NA NA NA NA NA NA NA NA 
0 4 58 0.300000 0 2 0 0 0.922653 0 3 3 524 458 1 594 342 NA NA NA NA NA NA NA NA NA NA NA NA NA NA NA NA NA NA 
0 4 59 0.300000 0 2 0 0 0.532531 1 10 1 598 317 10 578 425 NA NA NA NA NA NA NA NA NA NA NA NA NA NA NA NA NA NA 
0 5 0 0.700000 0 5 0 0 0.795450 2 3 10 615 457 5 557 421 3 421 420 2 600 330 1 398 302 NA NA NA NA NA NA NA NA NA 
0 5 1 0.700000 0 2 1 1 0.516634 1 6 5 402 359 4 407 468 NA NA NA NA NA NA NA NA NA NA NA NA NA NA NA NA NA NA 
0 5 2 0.700000 0 2 0 0 0.685385 0 5 5 463 314 2 399 447 NA NA NA NA NA NA NA NA NA NA NA NA NA NA NA NA NA NA 
0 5 3 0.700000 0 5 1 1 1.530166 0 10 8 474 306 6 406 436 9 397 298 2 616 308 4 454 381 NA NA NA NA NA NA NA NA NA 
0 5 4 0.700000 0 2 1 1 0.534881 1 2 9 424 383 3 410 456 NA NA NA NA NA NA NA NA NA NA NA NA NA NA NA NA NA NA 
0 5 5 0.700000 0 2 1 1 0.846174 0 5 4 605 420 3 535 320 NA NA NA NA NA NA NA NA NA NA NA NA NA NA NA NA NA NA 
0 5 6 0.700000 0 5 1 1 1.332120 0 2 6 523 313 4 425 411 9 531 452 1 589 378 7 613 439 NA NA NA NA NA NA NA NA NA 
0 5 7 0.700000 0 8 1 1 1.256530 0 9 10 509 310 7 601 393 8 389 362 2 421 417 3 585 297 4 549 464 1 482 456 6 450 306 
0 5 8 0.700000 0 8 1 1 0.927192 0 10 4 617 307 6 566 335 7 446 299 5 557 430 8 604 464 2 472 438 1 411 371 9 609 394 
0 5 9 0.700000 0 8 0 1 1.717126 7 6 7 454 294 9 578 300 10 511 448 2 609 375 8 413 471 5 628 474 4 446 402 6 388 300 
0 5 10 0.700000 0 5 1 1 1.492607 1 10 4 453 430 5 557 336 7 632 442 2 414 354 8 473 332 NA NA NA NA NA NA NA NA NA 
0 5 11 0.700000 0 2 1 1 0.731480 1 5 3 426 428 8 633 349 NA NA NA NA NA NA NA NA NA NA NA NA NA NA NA NA NA NA 
0 5 12 0.700000 0 8 1 1 2.214890 0 7 10 606 321 9 411 339 5 579 387 3 522 319 1 461 294 2 514 442 6 422 456 4 633 426 
0 5 13 0.700000 0 8 1 0 2.285728 6 10 6 578 447 3 466 330 7 509 468 4 392 412 8 608 326 2 390 474 9 546 294 5 608 390 
0 5 14 0.700000 0 8 0 0 2.151373 6 2 8 410 308 6 395 443 3 467 447 7 548 454 4 582 349 5 611 411 2 480 304 10 403 377 
0 5 15 0.700000 0 2 1 1 0.562528 0 3 5 489 308 10 388 430 NA NA NA NA NA NA NA NA NA NA NA NA NA NA NA NA NA NA 
0 5 16 0.700000 0 5 1 1 0.996520 1 6 9 612 426 2 463 444 1 476 333 8 622 331 3 569 304 NA NA NA NA NA NA NA NA NA 
0 5 17 0.700000 0 5 1 1 1.164794 0 5 1 450 407 3 615 294 2 404 333 9 627 406 4 550 450 NA NA NA NA NA NA NA NA NA 
0 5 18 0.700000 0 2 0 0 0.745300 1 10 6 436 404 10 494 314 NA NA NA NA NA NA NA NA NA NA NA NA NA NA NA NA NA NA 
0 5 19 0.700000 0 2 1 1 1.049365 1 1 6 566 414 7 425 457 NA NA NA NA NA NA NA NA NA NA NA NA NA NA NA NA NA NA 
0 5 20 0.700000 0 8 1 1 1.011676 0 2 8 574 358 5 622 446 6 434 335 3 484 453 9 634 334 4 566 464 7 482 296 10 446 397 
0 5 21 0.700000 0 2 1 1 0.694559 1 10 9 436 433 1 393 361 NA NA NA NA NA NA NA NA NA NA NA NA NA NA NA NA NA NA 
0 5 22 0.700000 0 2 0 0 0.872663 0 10 10 440 451 2 419 382 NA NA NA NA NA NA NA NA NA NA NA NA NA NA NA NA NA NA 
0 5 23 0.700000 0 8 1 1 0.583917 4 3 6 432 441 5 507 453 10 609 401 1 525 317 2 437 312 7 616 463 8 447 377 9 389 390 
0 5 24 0.700000 0 8 1 1 1.464309 6 7 5 633 360 2 596 467 3 457 448 4 563 350 8 508 321 6 388 368 9 543 442 10 392 465 
0 5 25 0.700000 0 2 1 1 0.589074 1 2 7 621 418 5 589 363 NA NA NA NA NA NA NA NA NA NA NA NA NA NA NA NA NA NA 
0 5 26 0.700000 0 8 1 1 0.591336 5 6 8 409 395 2 622 466 9 473 460 1 575 349 3 387 341 7 531 296 4 393 463 10 625 299 
0 5 27 0.700000 0 8 0 1 0.582199 4 5 3 607 343 6 413 345 9 626 442 8 428 446 5 458 308 7 495 470 4 554 439 10 563 302 
0 5 28 0.700000 0 8 1 1 1.133175 0 4 9 417 310 6 553 469 2 436 377 7 622 463 3 604 325 1 516 311 10 438 465 8 392 428 
0 5 29 0.700000 0 8 0 0 1.399728 3 2 10 569 327 4 471 438 9 410 416 2 593 449 7 617 294 3 461 335 8 626 383 6 395 304 
0 5 30 0.700000 0 8 1 1 0.680261 1 10 2 485 447 7 465 343 6 601 378 4 401 447 3 555 319 5 422 297 8 395 365 9 542 465 
0 5 31 0.700000 0 2 1 1 0.713318 1 7 2 443 449 10 571 339 NA NA NA NA NA NA NA NA NA NA NA NA NA NA NA NA NA NA 
0 5 32 0.700000 0 5 1 1 1.502238 2 10 5 476 335 2 399 294 9 506 468 1 577 318 8 626 374 NA NA NA NA NA NA NA NA NA 
0 5 33 0.700000 0 5 0 0 1.159667 2 9 6 438 307 2 418 455 9 504 295 10 610 383 1 516 445 NA NA NA NA NA NA NA NA NA 
0 5 34 0.700000 0 5 0 0 0.963925 0 1 1 577 359 9 389 368 10 448 461 3 448 316 8 622 406 NA NA NA NA NA NA NA NA NA 
0 5 35 0.700000 0 2 1 1 0.859428 1 10 1 603 361 4 572 431 NA NA NA NA NA NA NA NA NA NA NA NA NA NA NA NA NA NA 
0 5 36 0.700000 0 8 1 1 0.704009 4 1 9 576 456 3 478 474 4 415 331 5 633 471 6 594 323 8 422 410 10 613 385 7 541 297 
0 5 37 0.700000 0 8 1 0 0.745701 3 10 2 431 466 5 520 323 7 596 411 4 580 348 9 490 464 8 461 315 3 435 377 6 629 297 
0 5 38 0.700000 0 2 1 1 -1.000000 1 5 1 630 326 6 600 411 NA NA NA NA NA NA NA NA NA NA NA NA NA NA NA NA NA NA 
0 5 39 0.700000 0 5 1 1 0.684675 1 3 4 633 303 10 481 436 2 573 445 6 424 455 5 418 326 NA NA NA NA NA NA NA NA NA 
0 5 40 0.700000 0 8 1 1 0.626048 0 3 10 396 462 1 397 315 8 516 469 2 446 370 4 598 410 6 626 316 7 509 315 5 586 467 
0 5 41 0.700000 0 8 0 1 0.768073 7 8 1 635 445 6 406 351 10 410 427 9 628 385 7 553 460 3 530 312 5 591 297 8 496 474 
0 5 42 0.700000 0 2 1 1 0.519802 0 6 10 503 468 1 389 428 NA NA NA NA NA NA NA NA NA NA NA NA NA NA NA NA NA NA 
0 5 43 0.700000 0 5 0 0 0.925775 1 9 5 446 308 9 593 386 6 415 372 4 518 462 8 431 438 NA NA NA NA NA NA NA NA NA 
0 5 44 0.700000 0 5 1 1 0.736911 0 4 7 441 307 2 436 393 10 391 465 5 570 333 8 531 457 NA NA NA NA NA NA NA NA NA 
0 5 45 0.700000 0 5 0 0 1.409085 4 10 9 619 380 8 428 345 4 535 314 5 594 301 10 448 431 NA NA NA NA NA NA NA NA NA 
0 5 46 0.700000 0 5 1 1 1.211509 2 8 9 476 472 4 633 403 3 418 314 1 608 300 2 559 466 NA NA NA NA NA NA NA NA NA 
0 5 47 0.700000 0 8 0 0 1.286335 7 7 6 450 431 4 604 397 2 522 442 1 387 325 10 585 469 3 610 321 5 448 295 7 531 294 
0 5 48 0.700000 0 5 1 1 0.658814 4 1 4 576 294 10 417 401 2 598 391 5 486 464 9 489 314 NA NA NA NA NA NA NA NA NA 
0 5 49 0.700000 0 2 1 1 1.294660 0 2 4 630 361 8 420 396 NA NA NA NA NA NA NA NA NA NA NA NA NA NA NA NA NA NA 
0 5 50 0.700000 0 2 0 0 0.460504 0 5 5 628 349 3 409 346 NA NA NA NA NA NA NA NA NA NA NA NA NA NA NA NA NA NA 
0 5 51 0.700000 0 5 1 1 0.674105 4 1 2 615 361 6 455 412 7 390 417 3 449 325 8 556 430 NA NA NA NA NA NA NA NA NA 
0 5 52 0.700000 0 2 1 1 0.671379 0 9 7 472 328 6 460 414 NA NA NA NA NA NA NA NA NA NA NA NA NA NA NA NA NA NA 
0 5 53 0.700000 0 2 0 0 1.215346 0 7 7 528 440 5 622 463 NA NA NA NA NA NA NA NA NA NA NA NA NA NA NA NA NA NA 
0 5 54 0.700000 0 2 0 0 1.140123 0 9 9 458 310 4 543 441 NA NA NA NA NA NA NA NA NA NA NA NA NA NA NA NA NA NA 
0 5 55 0.700000 0 5 0 0 0.754854 4 3 6 495 445 1 542 312 9 613 399 8 566 451 3 613 321 NA NA NA NA NA NA NA NA NA 
0 5 56 0.700000 0 5 1 1 0.967549 1 6 1 481 312 7 487 448 4 588 458 10 448 374 8 416 303 NA NA NA NA NA NA NA NA NA 
0 5 57 0.700000 0 8 1 1 1.398569 6 4 3 515 460 7 507 318 5 436 451 6 444 331 1 601 427 8 592 341 2 410 379 10 395 297 
0 5 58 0.700000 0 5 1 1 0.721175 1 7 1 593 371 8 493 327 4 420 304 2 424 406 3 590 295 NA NA NA NA NA NA NA NA NA 
0 5 59 0.700000 0 5 1 0 0.743926 3 8 3 585 330 1 426 442 6 626 449 10 489 312 2 418 299 NA NA NA NA NA NA NA NA NA 
0 6 0 0.300000 0 8 1 1 0.686747 5 7 2 405 338 10 630 413 3 604 354 5 480 322 4 505 463 6 446 436 1 390 468 8 631 298 
0 6 1 0.300000 0 8 0 0 1.057750 7 1 6 404 425 5 584 470 10 472 436 7 510 311 9 444 334 4 633 420 8 392 361 1 611 328 
0 6 2 0.300000 0 2 1 1 1.142676 0 2 4 608 424 10 472 466 NA NA NA NA NA NA NA NA NA NA NA NA NA NA NA NA NA NA 
0 6 3 0.300000 0 8 0 0 1.317753 1 4 10 437 454 4 598 356 6 389 365 9 634 410 3 460 343 2 521 301 1 570 446 7 635 307 
0 6 4 0.300000 0 5 1 1 0.612191 2 6 1 514 471 4 619 436 7 566 322 9 418 393 10 466 430 NA NA NA NA NA NA NA NA NA 
0 6 5 0.300000 0 2 1 1 0.720331 1 9 2 625 315 5 637 426 NA NA NA NA NA NA NA NA NA NA NA NA NA NA NA NA NA NA 
0 6 6 0.300000 0 2 0 0 0.645464 1 4 6 410 313 4 590 356 NA NA NA NA NA NA NA NA NA NA NA NA NA NA NA NA NA NA 
0 6 7 0.300000 0 2 0 0 0.650773 0 7 7 409 440 6 597 398 NA NA NA NA NA NA NA NA NA NA NA NA NA NA NA NA NA NA 
0 6 8 0.300000 0 2 0 0 0.567600 0 3 3 584 365 6 634 309 NA NA NA NA NA NA NA NA NA NA NA NA NA NA NA NA NA NA 
0 6 9 0.300000 0 2 0 0 0.486233 1 6 8 415 344 6 630 397 NA NA NA NA NA NA NA NA NA NA NA NA NA NA NA NA NA NA 
0 6 10 0.300000 0 5 0 0 0.580390 2 6 5 559 469 9 437 346 6 604 404 10 590 338 8 445 460 NA NA NA NA NA NA NA NA NA 
0 6 11 0.300000 0 8 0 1 1.160289 2 7 2 631 372 3 489 316 7 428 416 5 615 433 8 565 332 1 430 356 6 529 471 10 403 294 
0 6 12 0.300000 0 8 0 0 0.894683 7 5 3 597 311 2 433 436 4 625 364 1 406 357 6 470 309 9 536 471 10 611 451 5 575 397 
0 6 13 0.300000 0 2 0 0 0.449631 0 6 6 575 302 9 578 449 NA NA NA NA NA NA NA NA NA NA NA NA NA NA NA NA NA NA 
0 6 14 0.300000 0 2 0 0 0.576592 0 9 9 544 466 1 452 387 NA NA NA NA NA NA NA NA NA NA NA NA NA NA NA NA NA NA 
0 6 15 0.300000 0 5 0 0 1.426639 2 1 8 559 444 3 398 380 1 457 319 2 425 465 5 569 358 NA NA NA NA NA NA NA NA NA 
0 6 16 0.300000 0 2 0 0 0.423327 1 6 3 459 310 6 571 352 NA NA NA NA NA NA NA NA NA NA NA NA NA NA NA NA NA NA 
0 6 17 0.300000 0 5 0 0 0.743022 3 3 1 393 425 4 520 460 7 634 401 3 598 348 5 423 361 NA NA NA NA NA NA NA NA NA 
0 6 18 0.300000 0 5 0 0 0.595814 4 1 3 435 406 7 499 448 6 613 465 10 605 314 1 554 428 NA NA NA NA NA NA NA NA NA 
0 6 19 0.300000 0 2 0 0 0.586716 1 10 2 460 295 10 610 426 NA NA NA NA NA NA NA NA NA NA NA NA NA NA NA NA NA NA 
0 6 20 0.300000 0 8 1 1 1.010222 5 5 4 438 421 1 568 341 8 622 431 3 624 298 10 440 342 9 514 460 7 496 295 6 565 411 
0 6 21 0.300000 0 2 1 1 0.938898 1 4 5 613 442 6 404 425 NA NA NA NA NA NA NA NA NA NA NA NA NA NA NA NA NA NA 
0 6 22 0.300000 0 8 0 1 0.691784 0 7 7 411 338 6 580 304 4 406 474 1 537 468 3 610 354 9 604 412 8 482 294 5 449 421 
0 6 23 0.300000 0 2 0 0 0.561318 1 7 9 451 434 7 521 445 NA NA NA NA NA NA NA NA NA NA NA NA NA NA NA NA NA NA 
0 6 24 0.300000 0 5 0 1 1.748827 1 7 1 423 474 7 401 360 2 616 394 3 624 473 8 568 436 NA NA NA NA NA NA NA NA NA 
0 6 25 0.300000 0 8 0 0 0.752317 2 7 4 454 331 2 533 468 7 582 418 6 552 304 10 454 427 1 392 310 8 401 470 3 630 312 
0 6 26 0.300000 0 5 1 1 0.739105 1 1 8 449 439 10 581 317 7 614 442 6 435 355 3 481 318 NA NA NA NA NA NA NA NA NA 
0 6 27 0.300000 0 5 0 0 1.651181 1 8 2 466 455 8 631 434 4 611 371 7 452 305 10 388 416 NA NA NA NA NA NA NA NA NA 
0 6 28 0.300000 0 5 0 0 0.816863 4 5 8 597 414 3 454 317 1 472 428 4 541 330 5 617 304 NA NA NA NA NA NA NA NA NA 
0 6 29 0.300000 0 8 0 0 1.074420 3 1 3 588 318 8 450 409 2 425 312 1 588 459 9 492 315 5 466 472 4 400 469 10 594 379 
0 6 30 0.300000 0 5 0 0 0.605446 3 1 4 576 470 7 604 398 10 404 316 1 443 470 5 522 309 NA NA NA NA NA NA NA NA NA 
0 6 31 0.300000 0 2 0 0 0.535687 1 9 2 629 436 9 629 297 NA NA NA NA NA NA NA NA NA NA NA NA NA NA NA NA NA NA 
0 6 32 0.300000 0 5 0 1 1.631135 1 5 8 431 337 5 553 338 6 566 428 3 461 467 1 480 305 NA NA NA NA NA NA NA NA NA 
0 6 33 0.300000 0 5 0 1 1.334261 1 4 3 613 341 4 402 363 5 545 462 10 445 300 7 503 303 NA NA NA NA NA NA NA NA NA 
0 6 34 0.300000 0 2 1 1 1.214983 0 5 4 601 317 9 440 473 NA NA NA NA NA NA NA NA NA NA NA NA NA NA NA NA NA NA 
0 6 35 0.300000 0 8 0 0 1.781251 6 5 4 426 323 2 416 397 3 576 423 8 392 454 7 487 451 6 617 330 5 557 334 10 493 306 
0 6 36 0.300000 0 5 0 0 0.609822 0 4 4 632 397 8 398 330 10 391 452 1 574 335 5 600 473 NA NA NA NA NA NA NA NA NA 
0 6 37 0.300000 0 5 1 1 1.066904 2 4 3 432 300 10 595 465 9 490 467 8 576 337 6 409 435 NA NA NA NA NA NA NA NA NA 
0 6 38 0.300000 0 5 1 0 2.198691 1 3 4 459 313 7 451 442 10 632 381 6 523 319 8 603 472 NA NA NA NA NA NA NA NA NA 
0 6 39 0.300000 0 5 1 1 1.202056 0 1 10 635 297 4 420 326 9 616 397 5 563 423 8 552 296 NA NA NA NA NA NA NA NA NA 
0 6 40 0.300000 0 5 0 1 0.772064 2 6 2 609 387 8 576 471 6 596 301 3 455 311 5 428 433 NA NA NA NA NA NA NA NA NA 
0 6 41 0.300000 0 8 1 1 0.719647 6 7 10 615 305 3 443 358 5 614 430 8 550 302 9 391 327 1 484 467 6 579 370 2 397 454 
0 6 42 0.300000 0 8 0 0 2.100518 4 4 8 583 382 7 510 313 2 567 467 10 634 445 4 396 356 1 416 473 9 593 310 3 459 434 
0 6 43 0.300000 0 2 0 0 0.659947 0 3 3 460 301 2 449 454 NA NA NA NA NA NA NA NA NA NA NA NA NA NA NA NA NA NA 
0 6 44 0.300000 0 2 0 0 0.587602 0 3 3 628 376 10 485 469 NA NA NA NA NA NA NA NA NA NA NA NA NA NA NA NA NA NA 
0 6 45 0.300000 0 8 1 1 1.496900 2 1 2 567 298 7 632 431 8 452 357 4 571 417 9 406 449 10 515 467 6 470 296 3 392 361 
0 6 46 0.300000 0 8 0 0 0.792521 0 10 10 425 471 5 559 473 4 539 317 7 469 431 1 606 372 8 428 374 3 617 308 6 637 457 
0 6 47 0.300000 0 8 1 1 1.657196 5 5 8 397 331 6 501 321 9 541 442 4 444 407 3 617 369 2 626 455 7 574 298 1 478 456 
0 6 48 0.300000 0 2 0 0 1.572621 1 2 6 448 355 2 547 319 NA NA NA NA NA NA NA NA NA NA NA NA NA NA NA NA NA NA 
0 6 49 0.300000 0 2 1 1 0.620786 0 3 5 454 426 8 511 308 NA NA NA NA NA NA NA NA NA NA NA NA NA NA NA NA NA NA 
0 6 50 0.300000 0 8 0 0 1.147924 7 5 9 454 338 4 625 383 1 391 321 2 412 387 7 531 310 6 615 296 3 577 437 5 569 355 
0 6 51 0.300000 0 5 0 0 0.608761 0 1 1 626 352 4 629 465 8 443 342 9 414 409 5 390 296 NA NA NA NA NA NA NA NA NA 
0 6 52 0.300000 0 2 1 1 0.728705 1 2 3 430 305 7 614 468 NA NA NA NA NA NA NA NA NA NA NA NA NA NA NA NA NA NA 
0 6 53 0.300000 0 2 0 0 0.738297 1 1 5 410 347 1 636 309 NA NA NA NA NA NA NA NA NA NA NA NA NA NA NA NA NA NA 
0 6 54 0.300000 0 8 0 1 2.663912 0 7 7 449 313 6 628 330 1 415 377 4 427 446 3 550 327 9 599 392 2 565 468 5 507 468 
0 6 55 0.300000 0 5 1 1 0.600617 2 7 10 635 365 8 633 432 2 403 360 3 571 314 1 486 467 NA NA NA NA NA NA NA NA NA 
0 6 56 0.300000 0 8 1 1 0.907319 2 8 4 444 339 7 614 394 2 629 314 10 409 403 9 512 315 5 536 445 3 569 345 1 472 429 
0 6 57 0.300000 0 5 0 0 0.844704 1 10 3 446 320 10 598 426 7 616 351 9 520 455 1 592 298 NA NA NA NA NA NA NA NA NA 
0 6 58 0.300000 0 8 0 1 1.350727 5 4 7 599 413 1 596 302 2 523 453 5 421 307 9 403 383 4 534 301 8 390 459 3 458 410 
0 6 59 0.300000 0 8 0 0 1.008086 5 3 9 497 454 4 479 322 5 396 298 1 578 389 8 627 453 3 628 305 7 450 405 2 394 386 
0 7 0 0.700000 0 2 1 1 0.561644 1 3 2 426 460 1 561 420 NA NA NA NA NA NA NA NA NA NA NA NA NA NA NA NA NA NA 
0 7 1 0.700000 0 8 1 1 0.983015 6 8 9 471 455 1 423 411 7 586 361 6 628 410 3 609 295 10 427 351 4 529 301 5 582 456 
0 7 2 0.700000 0 5 0 1 1.484354 4 6 5 577 373 1 429 394 8 433 322 4 602 303 6 524 455 NA NA NA NA NA NA NA NA NA 
0 7 3 0.700000 0 8 1 1 1.539056 2 4 1 518 305 9 624 333 8 607 450 7 443 386 5 518 466 3 409 332 2 577 294 10 591 392 
0 7 4 0.700000 0 2 0 0 0.537111 1 6 1 586 437 6 623 390 NA NA NA NA NA NA NA NA NA NA NA NA NA NA NA NA NA NA 
0 7 5 0.700000 0 2 1 1 0.715942 1 7 9 430 339 4 595 408 NA NA NA NA NA NA NA NA NA NA NA NA NA NA NA NA NA NA 
0 7 6 0.700000 0 8 0 1 2.716645 6 9 1 449 334 6 611 295 3 444 461 10 587 457 2 422 406 5 390 334 9 584 365 4 520 309 
0 7 7 0.700000 0 2 1 1 2.630736 0 9 4 552 433 7 409 314 NA NA NA NA NA NA NA NA NA NA NA NA NA NA NA NA NA NA 
0 7 8 0.700000 0 5 1 0 2.134742 3 6 8 431 415 10 435 312 5 600 473 3 630 328 1 586 409 NA NA NA NA NA NA NA NA NA 
0 7 9 0.700000 0 5 1 1 0.750135 4 4 7 588 295 3 498 294 5 406 439 8 569 351 9 491 466 NA NA NA NA NA NA NA NA NA 
0 7 10 0.700000 0 2 0 0 0.921014 0 10 10 589 369 6 635 407 NA NA NA NA NA NA NA NA NA NA NA NA NA NA NA NA NA NA 
0 7 11 0.700000 0 8 1 1 1.774778 4 1 2 476 304 8 624 323 6 628 431 10 414 330 5 407 427 7 550 297 4 570 380 3 573 466 
0 7 12 0.700000 0 8 1 1 1.331863 6 8 1 613 359 5 419 354 6 615 446 2 435 436 3 454 307 9 502 453 4 610 295 7 513 297 
0 7 13 0.700000 0 2 1 1 0.749553 1 6 2 590 396 5 413 415 NA NA NA NA NA NA NA NA NA NA NA NA NA NA NA NA NA NA 
0 7 14 0.700000 0 8 1 1 0.633822 2 1 8 583 434 10 613 318 9 636 397 7 475 317 6 434 384 4 546 306 2 463 459 5 390 321 
0 7 15 0.700000 0 2 1 1 0.514066 0 8 9 410 383 2 589 308 NA NA NA NA NA NA NA NA NA NA NA NA NA NA NA NA NA NA 
0 7 16 0.700000 0 8 1 1 0.550186 7 5 8 396 430 10 564 438 6 620 341 4 428 368 2 467 319 1 548 318 7 399 298 3 502 452 
0 7 17 0.700000 0 5 1 1 1.093934 1 10 2 552 467 1 493 470 4 605 309 7 457 356 3 628 472 NA NA NA NA NA NA NA NA NA 
0 7 18 0.700000 0 2 1 1 0.527282 1 7 1 547 327 4 437 378 NA NA NA NA NA NA NA NA NA NA NA NA NA NA NA NA NA NA 
0 7 19 0.700000 0 8 1 1 0.663628 4 6 3 580 435 8 449 353 4 496 316 5 437 453 7 637 402 1 594 341 2 510 473 9 388 334 
0 7 20 0.700000 0 5 0 0 1.868849 1 8 1 629 472 8 635 397 7 405 376 3 447 333 5 572 416 NA NA NA NA NA NA NA NA NA 
0 7 21 0.700000 0 8 0 0 1.064434 4 8 4 431 392 10 563 315 9 555 459 6 428 456 8 417 306 1 623 407 5 627 304 7 475 318 
0 7 22 0.700000 0 2 1 1 0.514913 1 3 8 388 359 7 559 432 NA NA NA NA NA NA NA NA NA NA NA NA NA NA NA NA NA NA 
0 7 23 0.700000 0 2 1 1 0.656865 1 9 7 438 333 4 560 462 NA NA NA NA NA NA NA NA NA NA NA NA NA NA NA NA NA NA 
0 7 24 0.700000 0 2 0 0 0.835932 0 9 9 601 419 3 451 357 NA NA NA NA NA NA NA NA NA NA NA NA NA NA NA NA NA NA 
0 7 25 0.700000 0 2 1 1 0.527950 1 8 7 589 395 1 549 331 NA NA NA NA NA NA NA NA NA NA NA NA NA NA NA NA NA NA 
0 7 26 0.700000 0 2 1 1 1.576271 0 1 5 538 445 2 437 455 NA NA NA NA NA NA NA NA NA NA NA NA NA NA NA NA NA NA 
0 7 27 0.700000 0 5 0 0 0.738823 4 5 1 580 372 9 547 449 3 472 456 10 522 319 5 441 353 NA NA NA NA NA NA NA NA NA 
0 7 28 0.700000 0 8 0 0 0.859947 7 8 5 420 299 10 605 294 1 396 468 9 446 434 7 599 400 6 391 393 3 458 356 8 502 457 
0 7 29 0.700000 0 5 1 1 0.962466 2 5 4 541 308 8 606 460 1 605 375 7 443 324 2 437 457 NA NA NA NA NA NA NA NA NA 
0 7 30 0.700000 0 2 0 0 0.674074 0 5 5 621 405 8 433 397 NA NA NA NA NA NA NA NA NA NA NA NA NA NA NA NA NA NA 
0 7 31 0.700000 0 8 1 1 1.124058 3 4 7 583 415 8 586 331 6 402 452 3 442 394 2 534 458 10 444 314 9 522 304 5 626 459 
0 7 32 0.700000 0 8 1 1 1.668081 1 3 6 421 450 1 597 372 2 450 385 5 498 319 8 624 440 4 499 467 7 431 295 9 611 315 
0 7 33 0.700000 0 8 1 1 2.719086 6 9 5 625 459 3 528 440 6 461 353 2 602 402 7 597 324 10 401 433 1 471 451 8 402 328 
0 7 34 0.700000 0 5 1 1 0.594956 3 1 8 494 304 5 431 444 2 624 442 6 426 309 9 515 456 NA NA NA NA NA NA NA NA NA 
0 7 35 0.700000 0 5 1 1 0.890084 1 2 6 439 384 3 578 410 5 590 319 7 496 454 10 636 395 NA NA NA NA NA NA NA NA NA 
0 7 36 0.700000 0 5 0 1 0.763067 0 7 7 583 448 4 395 336 2 508 445 10 616 333 6 501 301 NA NA NA NA NA NA NA NA NA 
0 7 37 0.700000 0 5 1 1 0.738546 1 7 1 437 372 6 408 320 10 492 322 5 630 422 8 573 340 NA NA NA NA NA NA NA NA NA 
0 7 38 0.700000 0 5 0 0 1.026813 3 10 4 630 409 2 505 298 9 387 434 10 447 423 7 558 429 NA NA NA NA NA NA NA NA NA 
0 7 39 0.700000 0 5 0 1 1.045939 1 4 5 399 408 4 414 471 3 574 368 10 433 329 2 498 313 NA NA NA NA NA NA NA NA NA 
0 7 40 0.700000 0 2 0 0 0.679699 0 2 2 567 421 6 408 363 NA NA NA NA NA NA NA NA NA NA NA NA NA NA NA NA NA NA 
0 7 41 0.700000 0 2 0 0 0.582833 0 4 4 442 430 6 407 332 NA NA NA NA NA NA NA NA NA NA NA NA NA NA NA NA NA NA 
0 7 42 0.700000 0 8 0 0 0.750664 3 10 7 624 455 9 546 438 6 501 301 10 472 433 5 448 373 8 585 361 1 439 315 4 560 305 
0 7 43 0.700000 0 2 1 1 0.586968 0 1 8 637 297 6 523 310 NA NA NA NA NA NA NA NA NA NA NA NA NA NA NA NA NA NA 
0 7 44 0.700000 0 2 1 1 0.863230 1 1 2 469 322 4 621 427 NA NA NA NA NA NA NA NA NA NA NA NA NA NA NA NA NA NA 
0 7 45 0.700000 0 5 1 1 0.985247 2 9 4 435 406 1 563 348 10 572 426 6 636 416 5 433 340 NA NA NA NA NA NA NA NA NA 
0 7 46 0.700000 0 5 1 1 0.770102 2 10 4 562 444 6 393 302 3 469 472 9 422 360 2 616 373 NA NA NA NA NA NA NA NA NA 
0 7 47 0.700000 0 5 1 1 1.267297 0 8 5 412 310 9 587 451 2 429 448 6 495 328 7 625 364 NA NA NA NA NA NA NA NA NA 
0 7 48 0.700000 0 2 1 1 0.779633 1 10 7 469 427 1 388 471 NA NA NA NA NA NA NA NA NA NA NA NA NA NA NA NA NA NA 
0 7 49 0.700000 0 8 1 1 1.266420 2 4 2 431 296 8 532 325 3 576 388 1 414 428 7 514 473 10 427 357 9 606 320 5 634 395 
0 7 50 0.700000 0 8 0 0 1.303507 1 1 6 632 421 1 607 345 2 446 397 5 524 299 9 400 343 7 482 463 8 572 407 4 421 462 
0 7 51 0.700000 0 2 1 1 0.548586 0 3 8 450 299 5 467 445 NA NA NA NA NA NA NA NA NA NA NA NA NA NA NA NA NA NA 
0 7 52 0.700000 0 8 0 0 0.883341 0 10 10 614 449 7 422 357 2 461 416 5 538 465 4 590 333 3 418 295 9 515 326 8 395 438 
0 7 53 0.700000 0 8 1 1 0.656407 3 6 9 568 421 7 620 391 2 393 391 4 482 437 8 565 341 10 612 298 3 399 459 1 468 310 
0 7 54 0.700000 0 5 1 1 0.550955 2 2 7 431 423 9 396 340 1 564 337 10 627 393 5 614 304 NA NA NA NA NA NA NA NA NA 
0 7 55 0.700000 0 5 1 1 0.656829 4 6 7 615 357 10 393 332 2 632 444 5 452 428 9 505 459 NA NA NA NA NA NA NA NA NA 
0 7 56 0.700000 0 8 1 1 0.638008 4 3 6 559 473 10 633 306 2 426 472 5 400 345 9 498 442 4 621 413 1 539 314 8 408 405 
0 7 57 0.700000 0 5 1 1 0.791642 3 1 3 612 370 6 516 473 7 443 310 4 416 444 5 524 322 NA NA NA NA NA NA NA NA NA 
0 7 58 0.700000 0 5 1 1 0.793068 0 8 3 431 373 4 610 354 9 486 447 7 547 449 6 612 427 NA NA NA NA NA NA NA NA NA 
0 7 59 0.700000 0 8 1 1 2.158216 1 8 2 601 322 10 630 406 1 511 444 7 458 305 4 392 412 6 578 462 3 571 403 9 539 313 
0 8 0 0.500000 0 5 0 0 0.625809 2 6 7 422 341 1 506 450 6 586 450 3 518 308 5 579 340 NA NA NA NA NA NA NA NA NA 
0 8 1 0.500000 0 5 1 1 1.622425 3 2 1 393 389 4 570 371 9 450 295 8 550 434 7 622 409 NA NA NA NA NA NA NA NA NA 
0 8 2 0.500000 0 2 0 0 0.642878 1 6 10 473 457 6 563 440 NA NA NA NA NA NA NA NA NA NA NA NA NA NA NA NA NA NA 
0 8 3 0.500000 0 2 0 0 0.534931 1 8 3 433 443 8 608 375 NA NA NA NA NA NA NA NA NA NA NA NA NA NA NA NA NA NA 
0 8 4 0.500000 0 2 0 0 0.493524 0 3 3 398 383 5 595 380 NA NA NA NA NA NA NA NA NA NA NA NA NA NA NA NA NA NA 
0 8 5 0.500000 0 8 0 0 1.623182 4 3 5 632 325 10 596 386 6 433 470 4 559 459 3 467 319 8 561 324 9 414 367 2 405 295 
0 8 6 0.500000 0 5 1 0 2.024491 4 2 1 485 298 7 609 305 3 586 415 10 524 461 8 393 401 NA NA NA NA NA NA NA NA NA 
0 8 7 0.500000 0 2 1 1 0.631456 1 5 7 607 450 1 431 362 NA NA NA NA NA NA NA NA NA NA NA NA NA NA NA NA NA NA 
0 8 8 0.500000 0 2 0 0 0.741009 0 2 2 487 456 7 572 294 NA NA NA NA NA NA NA NA NA NA NA NA NA NA NA NA NA NA 
0 8 9 0.500000 0 8 1 1 1.054521 2 2 1 396 352 10 574 422 8 511 474 9 466 426 5 599 360 7 631 467 3 453 338 4 430 473 
0 8 10 0.500000 0 2 0 0 0.839449 0 7 7 423 401 4 631 346 NA NA NA NA NA NA NA NA NA NA NA NA NA NA NA NA NA NA 
0 8 11 0.500000 0 5 1 1 1.164772 4 8 9 635 332 7 537 323 2 479 333 3 393 400 5 577 460 NA NA NA NA NA NA NA NA NA 
0 8 12 0.500000 0 2 1 1 0.495763 0 6 3 635 302 10 444 389 NA NA NA NA NA NA NA NA NA NA NA NA NA NA NA NA NA NA 
0 8 13 0.500000 0 5 1 1 1.067259 1 6 10 444 371 9 625 465 5 577 411 4 517 307 7 469 474 NA NA NA NA NA NA NA NA NA 
0 8 14 0.500000 0 8 1 1 1.502267 5 6 9 437 401 8 561 433 5 442 311 10 634 389 3 616 311 7 465 462 2 553 330 4 633 459 
0 8 15 0.500000 0 8 1 1 1.119329 1 1 5 571 369 4 637 358 2 570 472 8 423 462 6 546 312 10 395 381 7 631 439 9 439 295 
0 8 16 0.500000 0 8 1 1 1.359125 0 9 3 395 404 2 488 325 7 613 395 8 405 313 10 560 474 4 448 373 6 453 444 5 572 334 
0 8 17 0.500000 0 5 1 1 1.175983 4 3 4 452 335 10 391 443 9 483 440 6 573 306 1 606 358 NA NA NA NA NA NA NA NA NA 
0 8 18 0.500000 0 8 0 1 1.251304 0 5 5 482 312 10 506 450 6 423 310 4 389 465 8 608 295 2 572 378 1 399 395 9 607 436 
0 8 19 0.500000 0 2 0 0 0.674364 0 1 1 420 357 6 475 458 NA NA NA NA NA NA NA NA NA NA NA NA NA NA NA NA NA NA 
0 8 20 0.500000 0 2 1 1 0.518910 1 4 2 459 295 8 425 366 NA NA NA NA NA NA NA NA NA NA NA NA NA NA NA NA NA NA 
0 8 21 0.500000 0 8 1 1 2.753705 6 5 8 444 347 10 510 467 1 629 328 9 631 397 2 419 467 3 521 305 6 393 300 7 569 449 
0 8 22 0.500000 0 8 0 1 1.556580 0 8 8 449 470 10 452 395 7 506 459 1 389 424 5 626 307 3 618 450 4 612 382 6 469 308 
0 8 23 0.500000 0 5 1 1 0.845721 4 5 6 480 331 1 496 459 3 577 353 10 390 397 9 623 456 NA NA NA NA NA NA NA NA NA 
0 8 24 0.500000 0 5 0 1 0.677181 1 3 6 634 303 3 417 361 4 635 403 2 509 457 10 452 312 NA NA NA NA NA NA NA NA NA 
0 8 25 0.500000 0 2 1 1 0.561300 0 10 3 421 385 1 557 429 NA NA NA NA NA NA NA NA NA NA NA NA NA NA NA NA NA NA 
0 8 26 0.500000 0 2 0 0 0.673241 1 8 4 394 398 8 611 468 NA NA NA NA NA NA NA NA NA NA NA NA NA NA NA NA NA NA 
0 8 27 0.500000 0 2 1 1 0.661322 1 5 10 537 439 6 579 390 NA NA NA NA NA NA NA NA NA NA NA NA NA NA NA NA NA NA 
0 8 28 0.500000 0 5 1 1 0.662082 4 7 5 626 380 9 435 431 2 537 465 3 435 330 10 598 325 NA NA NA NA NA NA NA NA NA 
0 8 29 0.500000 0 5 0 0 1.117688 3 4 3 564 335 5 428 421 9 390 324 4 561 437 6 462 299 NA NA NA NA NA NA NA NA NA 
0 8 30 0.500000 0 2 1 1 0.549810 1 2 10 573 445 8 416 419 NA NA NA NA NA NA NA NA NA NA NA NA NA NA NA NA NA NA 
0 8 31 0.500000 0 5 1 1 0.689512 3 4 9 616 470 6 476 449 7 446 370 8 486 302 2 633 403 NA NA NA NA NA NA NA NA NA 
0 8 32 0.500000 0 8 1 1 0.501009 0 5 10 425 413 3 554 294 9 613 314 7 437 470 1 433 329 4 558 434 8 635 430 2 569 373 
0 8 33 0.500000 0 5 0 0 0.523562 3 10 9 440 427 7 637 316 6 453 303 10 395 329 1 587 436 NA NA NA NA NA NA NA NA NA 
0 8 34 0.500000 0 8 0 1 0.574136 3 3 7 507 458 10 448 386 5 567 405 3 556 298 6 442 305 2 618 337 8 637 424 1 588 466 
0 8 35 0.500000 0 8 1 1 0.909234 6 6 3 577 461 9 417 471 7 392 418 2 624 398 10 516 452 4 452 383 1 635 462 8 428 321 
0 8 36 0.500000 0 2 1 1 0.568644 0 7 9 387 456 1 548 296 NA NA NA NA NA NA NA NA NA NA NA NA NA NA NA NA NA NA 
0 8 37 0.500000 0 2 0 0 0.873672 0 2 2 536 307 9 588 361 NA NA NA NA NA NA NA NA NA NA NA NA NA NA NA NA NA NA 
0 8 38 0.500000 0 8 1 1 1.386884 2 7 2 471 298 3 549 446 6 469 435 4 416 340 10 613 453 5 565 313 8 387 410 9 628 394 
0 8 39 0.500000 0 2 1 1 0.644320 0 9 3 624 464 1 535 322 NA NA NA NA NA NA NA NA NA NA NA NA NA NA NA NA NA NA 
0 8 40 0.500000 0 8 1 1 0.603299 2 8 10 613 374 2 528 311 9 389 307 1 631 456 3 449 373 4 409 433 6 499 467 5 556 451 
0 8 41 0.500000 0 8 0 1 0.545496 6 7 1 470 309 6 597 385 10 618 445 2 625 307 9 417 379 5 426 461 7 569 325 3 516 472 
0 8 42 0.500000 0 2 1 1 0.565847 1 10 6 546 295 5 489 329 NA NA NA NA NA NA NA NA NA NA NA NA NA NA NA NA NA NA 
0 8 43 0.500000 0 8 0 0 0.583600 4 1 9 580 347 8 461 319 3 632 398 2 448 440 1 545 442 4 608 464 7 394 316 6 614 297 
0 8 44 0.500000 0 8 0 1 0.606543 4 6 1 508 460 8 508 295 10 419 465 9 623 321 6 591 395 5 393 375 7 396 312 4 449 396 
0 8 45 0.500000 0 2 0 0 0.749443 1 9 5 610 327 9 498 307 NA NA NA NA NA NA NA NA NA NA NA NA NA NA NA NA NA NA 
0 8 46 0.500000 0 8 0 0 0.790641 5 1 10 456 333 4 578 457 6 396 351 5 626 398 2 389 410 1 541 329 7 602 345 8 484 452 
0 8 47 0.500000 0 5 0 0 0.770582 0 3 3 607 377 2 583 458 6 460 327 4 473 428 10 389 397 NA NA NA NA NA NA NA NA NA 
0 8 48 0.500000 0 5 0 0 1.827131 3 9 4 473 302 1 453 463 10 405 396 9 622 428 5 545 448 NA NA NA NA NA NA NA NA NA 
0 8 49 0.500000 0 8 1 0 2.377768 3 5 2 595 356 4 540 310 10 391 391 9 636 468 8 456 312 7 570 472 6 468 434 3 393 312 
0 8 50 0.500000 0 2 0 0 0.584968 0 1 1 432 403 8 514 459 NA NA NA NA NA NA NA NA NA NA NA NA NA NA NA NA NA NA 
0 8 51 0.500000 0 8 0 0 1.748361 0 2 2 579 328 10 471 306 6 582 402 3 397 468 7 453 370 9 461 443 1 389 383 5 590 461 
0 8 52 0.500000 0 5 0 0 0.572071 2 1 10 557 345 6 537 460 1 418 369 7 487 330 9 601 303 NA NA NA NA NA NA NA NA NA 
0 8 53 0.500000 0 5 0 0 1.898108 4 7 1 532 300 6 632 367 5 440 405 3 602 304 7 618 469 NA NA NA NA NA NA NA NA NA 
0 8 54 0.500000 0 5 0 0 0.725247 1 7 10 437 338 7 387 394 6 562 302 2 629 325 8 557 429 NA NA NA NA NA NA NA NA NA 
0 8 55 0.500000 0 5 0 0 1.608134 3 1 10 585 302 6 503 446 5 392 436 1 426 310 2 504 295 NA NA NA NA NA NA NA NA NA 
0 8 56 0.500000 0 2 1 1 1.058500 0 6 7 566 466 9 458 450 NA NA NA NA NA NA NA NA NA NA NA NA NA NA NA NA NA NA 
0 8 57 0.500000 0 5 1 0 1.156135 2 3 8 587 423 4 617 474 6 390 295 5 479 446 2 416 415 NA NA NA NA NA NA NA NA NA 
0 8 58 0.500000 0 5 1 1 1.346407 1 10 2 402 401 8 635 463 4 446 303 5 613 346 9 500 466 NA NA NA NA NA NA NA NA NA 
0 8 59 0.500000 0 8 0 0 1.375891 3 6 1 421 356 10 396 425 7 480 323 6 492 447 3 632 440 8 589 367 5 566 423 4 409 297 
