1 0 0 0.500000 0 5 0 1 1.357016 0 3 3 479 457 1 605 441 10 444 325 8 622 316 4 556 315 NA NA NA NA NA NA NA NA NA 
1 0 1 0.500000 0 8 0 0 1.184953 5 2 10 429 345 5 593 317 4 555 439 3 491 313 7 429 449 2 389 403 9 591 380 6 632 435 
1 0 2 0.500000 0 2 0 0 1.077253 1 1 6 427 460 1 503 448 NA NA NA NA NA NA NA NA NA NA NA NA NA NA NA NA NA NA 
1 0 3 0.500000 0 8 1 1 1.122380 2 4 10 410 402 7 609 427 9 565 330 1 421 472 2 455 343 5 496 463 6 572 473 8 502 308 
1 0 4 0.500000 0 5 0 0 1.161540 3 6 4 552 439 9 469 454 7 447 352 6 391 313 5 611 466 NA NA NA NA NA NA NA NA NA 
1 0 5 0.500000 0 5 1 1 1.106674 2 8 9 460 332 10 631 309 6 436 411 1 578 336 2 405 461 NA NA NA NA NA NA NA NA NA 
1 0 6 0.500000 0 2 1 1 0.950744 1 7 6 610 406 5 527 308 NA NA NA NA NA NA NA NA NA NA NA NA NA NA NA NA NA NA 
1 0 7 0.500000 0 2 0 0 1.084297 1 9 6 437 334 9 570 433 NA NA NA NA NA NA NA NA NA NA NA NA NA NA NA NA NA NA 
1 0 8 0.500000 0 2 0 0 0.809626 1 4 1 459 430 4 598 470 NA NA NA NA NA NA NA NA NA NA NA NA NA NA NA NA NA NA 
1 0 9 0.500000 0 5 1 0 1.143579 1 9 2 590 386 1 500 442 3 624 331 8 564 327 5 401 375 NA NA NA NA NA NA NA NA NA 
1 0 10 0.500000 0 8 0 0 1.612676 6 7 8 603 295 3 503 313 2 578 442 10 444 360 1 451 437 9 419 298 7 626 366 4 391 417 
1 0 11 0.500000 0 5 0 1 1.216715 2 6 8 607 311 2 424 437 6 401 354 4 483 330 7 483 468 NA NA NA NA NA NA NA NA NA 
1 0 12 0.500000 0 2 1 1 1.192319 0 9 8 419 421 5 621 299 NA NA NA NA NA NA NA NA NA NA NA NA NA NA NA NA NA NA 
1 0 13 0.500000 0 5 1 1 1.033946 2 10 8 525 472 1 451 389 4 434 328 9 403 446 7 592 367 NA NA NA NA NA NA NA NA NA 
1 0 14 0.500000 0 5 0 1 1.824805 0 3 3 612 295 8 443 328 7 398 396 6 592 456 5 634 414 NA NA NA NA NA NA NA NA NA 
1 0 15 0.500000 0 5 1 1 1.066684 4 5 6 426 426 8 444 368 3 404 325 10 561 447 9 539 321 NA NA NA NA NA NA NA NA NA 
1 0 16 0.500000 0 8 0 1 1.370737 2 1 2 598 419 3 454 394 1 600 358 4 408 342 10 476 319 5 482 450 8 589 301 6 413 474 
1 0 17 0.500000 0 8 1 0 1.658642 3 3 4 443 437 5 387 473 10 423 311 9 603 443 7 634 336 2 564 317 6 450 372 1 486 299 
1 0 18 0.500000 0 8 0 0 1.485786 0 10 10 440 422 4 463 303 7 531 466 8 524 313 9 387 462 2 387 336 1 620 461 3 575 419 
1 0 19 0.500000 0 2 0 0 1.022835 1 5 7 584 354 5 581 472 NA NA NA NA NA NA NA NA NA NA NA NA NA NA NA NA NA NA 
1 0 20 0.500000 0 8 1 1 1.806575 1 8 10 428 339 7 387 452 9 569 440 3 576 318 5 518 472 4 630 381 6 441 407 2 512 294 
1 0 21 0.500000 0 5 1 1 1.081734 0 6 8 502 442 10 609 403 7 462 353 1 567 456 2 622 330 NA NA NA NA NA NA NA NA NA 
1 0 22 0.500000 0 8 0 1 1.803160 5 9 4 460 333 6 458 460 3 619 441 8 594 363 1 528 444 9 423 410 2 561 299 10 391 467 
1 0 23 0.500000 0 5 0 0 1.997969 0 5 5 610 377 8 442 385 2 563 436 7 455 442 4 449 317 NA NA NA NA NA NA NA NA NA 
1 0 24 0.500000 0 5 0 0 1.238419 1 1 6 428 421 1 632 372 2 388 379 3 580 458 5 435 338 NA NA NA NA NA NA NA NA NA 
1 0 25 0.500000 0 8 0 1 1.958849 5 10 8 425 368 9 587 461 4 458 468 5 405 424 1 624 410 10 433 307 3 571 328 6 515 299 
1 0 26 0.500000 0 8 1 1 1.865144 3 4 1 397 308 2 622 453 8 527 454 7 628 389 9 568 410 6 483 327 10 399 378 5 631 301 
1 0 27 0.500000 0 2 0 0 1.548146 0 6 6 613 370 3 421 344 NA NA NA NA NA NA NA NA NA NA NA NA NA NA NA NA NA NA 
1 0 28 0.500000 0 2 1 1 0.937928 0 4 1 410 365 6 581 435 NA NA NA NA NA NA NA NA NA NA NA NA NA NA NA NA NA NA 
1 0 29 0.500000 0 2 1 0 1.277774 0 9 3 548 455 8 441 337 NA NA NA NA NA NA NA NA NA NA NA NA NA NA NA NA NA NA 
1 0 30 0.500000 0 2 1 1 0.786210 0 6 9 426 304 8 393 416 NA NA NA NA NA NA NA NA NA NA NA NA NA NA NA NA NA NA 
1 0 31 0.500000 0 2 0 0 0.958491 1 7 8 440 382 7 510 464 NA NA NA NA NA NA NA NA NA NA NA NA NA NA NA NA NA NA 
1 0 32 0.500000 0 2 0 0 1.287634 1 1 2 510 446 1 629 409 NA NA NA NA NA NA NA NA NA NA NA NA NA NA NA NA NA NA 
1 0 33 0.500000 0 5 0 0 0.963533 0 8 8 387 382 5 521 302 10 453 322 1 609 416 9 453 414 NA NA NA NA NA NA NA NA NA 
1 0 34 0.500000 0 8 0 0 1.108546 5 1 8 414 374 5 560 302 2 411 297 6 615 396 3 450 420 1 399 456 4 548 456 10 479 296 
1 0 35 0.500000 0 8 1 1 1.017716 6 3 7 389 400 4 481 306 8 615 463 10 466 443 6 393 305 2 602 328 1 536 438 5 433 355 
1 0 36 0.500000 0 2 0 0 0.861911 1 2 5 539 319 2 636 391 NA NA NA NA NA NA NA NA NA NA NA NA NA NA NA NA NA NA 
1 0 37 0.500000 0 5 1 1 1.385974 0 2 10 588 405 4 514 456 9 611 295 5 438 352 6 585 347 NA NA NA NA NA NA NA NA NA 
1 0 38 0.500000 0 5 0 0 0.863929 3 1 3 463 334 4 524 298 6 582 328 1 411 391 8 599 431 NA NA NA NA NA NA NA NA NA 
1 0 39 0.500000 0 5 1 1 1.020693 0 6 2 427 384 10 575 340 8 628 447 1 528 466 3 393 467 NA NA NA NA NA NA NA NA NA 
1 0 40 0.500000 0 5 0 0 0.997107 2 2 10 398 329 3 472 341 2 618 340 8 552 443 9 525 308 NA NA NA NA NA NA NA NA NA 
1 0 41 0.500000 0 2 1 1 0.735806 1 9 1 570 389 10 625 455 NA NA NA NA NA NA NA NA NA NA NA NA NA NA NA NA NA NA 
1 0 42 0.500000 0 5 1 1 1.694157 4 6 7 621 434 5 515 313 9 434 316 1 576 394 4 419 404 NA NA NA NA NA NA NA NA NA 
1 0 43 0.500000 0 8 1 0 2.919580 5 1 8 550 305 2 605 460 6 482 464 4 451 352 3 629 303 9 541 466 7 584 404 10 409 466 
1 0 44 0.500000 0 2 1 1 0.943251 1 6 9 401 431 2 578 372 NA NA NA NA NA NA NA NA NA NA NA NA NA NA NA NA NA NA 
1 0 45 0.500000 0 2 0 0 1.409230 0 2 2 454 443 3 463 335 NA NA NA NA NA NA NA NA NA NA NA NA NA NA NA NA NA NA 
1 0 46 0.500000 0 5 1 1 1.091310 1 8 1 611 349 7 424 307 3 539 314 10 566 467 4 453 453 NA NA NA NA NA NA NA NA NA 
1 0 47 0.500000 0 2 0 0 1.214851 1 9 8 387 307 9 608 315 NA NA NA NA NA NA NA NA NA NA NA NA NA NA NA NA NA NA 
1 0 48 0.500000 0 2 1 1 0.862935 0 8 7 495 458 9 621 333 NA NA NA NA NA NA NA NA NA NA NA NA NA NA NA NA NA NA 
1 0 49 0.500000 0 8 0 1 2.222754 3 5 3 616 353 1 572 404 9 421 319 5 564 308 8 459 452 2 616 456 4 410 408 10 480 296 
1 0 50 0.500000 0 8 1 1 1.945658 1 6 1 590 395 4 448 399 7 396 438 9 521 310 3 637 318 2 549 467 10 411 317 5 483 460 
1 0 51 0.500000 0 2 1 0 0.840602 1 4 8 470 430 7 596 325 NA NA NA NA NA NA NA NA NA NA NA NA NA NA NA NA NA NA 
1 0 52 0.500000 0 8 1 1 2.292902 6 8 10 416 451 4 446 336 6 585 440 9 594 297 3 469 427 2 535 322 1 629 372 7 391 376 
1 0 53 0.500000 0 8 1 1 1.643376 4 10 5 551 455 1 637 429 3 469 306 4 460 473 8 396 310 6 454 382 7 559 308 9 598 375 
1 0 54 0.500000 0 5 1 1 1.309551 3 6 4 604 313 8 572 396 3 628 473 1 460 433 9 486 310 NA NA NA NA NA NA NA NA NA 
1 0 55 0.500000 0 8 0 0 1.876435 5 1 3 500 472 4 467 329 7 636 318 5 407 333 6 576 357 1 524 295 10 388 402 9 576 416 
1 0 56 0.500000 0 5 0 0 1.713606 0 10 10 611 301 8 510 300 7 435 428 3 529 461 9 606 396 NA NA NA NA NA NA NA NA NA 
1 0 57 0.500000 0 8 0 1 3.441439 2 5 6 454 348 2 486 468 5 592 443 9 575 325 1 597 383 8 389 376 7 393 462 3 636 316 
1 0 58 0.500000 0 2 1 1 1.155050 0 7 6 595 297 5 408 469 NA NA NA NA NA NA NA NA NA NA NA NA NA NA NA NA NA NA 
1 0 59 0.500000 0 8 1 1 1.699830 2 4 5 496 302 7 413 458 8 512 474 10 394 366 6 577 407 2 629 447 1 615 347 9 392 304 
1 1 0 0.700000 0 2 0 0 0.978653 1 2 5 426 393 2 605 457 NA NA NA NA NA NA NA NA NA NA NA NA NA NA NA NA NA NA 
1 1 1 0.700000 0 5 0 0 0.909844 1 8 6 572 365 8 528 323 3 438 457 1 410 404 4 609 428 NA NA NA NA NA NA NA NA NA 
1 1 2 0.700000 0 5 1 1 0.841293 3 9 10 462 351 7 433 468 6 621 463 2 555 321 5 610 298 NA NA NA NA NA NA NA NA NA 
1 1 3 0.700000 0 2 1 1 0.990051 0 7 10 572 463 9 421 422 NA NA NA NA NA NA NA NA NA NA NA NA NA NA NA NA NA NA 
1 1 4 0.700000 0 2 1 1 0.810685 0 3 9 610 411 2 430 463 NA NA NA NA NA NA NA NA NA NA NA NA NA NA NA NA NA NA 
1 1 5 0.700000 0 5 1 1 1.123534 4 8 7 458 334 9 622 348 3 428 463 2 549 442 5 540 320 NA NA NA NA NA NA NA NA NA 
1 1 6 0.700000 0 2 1 1 1.484376 1 9 6 465 473 3 562 415 NA NA NA NA NA NA NA NA NA NA NA NA NA NA NA NA NA NA 
1 1 7 0.700000 0 2 1 1 1.141602 1 1 7 497 471 10 442 330 NA NA NA NA NA NA NA NA NA NA NA NA NA NA NA NA NA NA 
1 1 8 0.700000 0 2 1 1 1.090266 0 6 2 415 379 10 547 334 NA NA NA NA NA NA NA NA NA NA NA NA NA NA NA NA NA NA 
1 1 9 0.700000 0 8 1 1 1.047767 3 6 1 400 434 3 567 434 7 466 446 4 416 321 10 518 294 2 636 402 9 575 340 5 390 375 
1 1 10 0.700000 0 2 1 1 0.929379 0 8 7 470 458 4 430 359 NA NA NA NA NA NA NA NA NA NA NA NA NA NA NA NA NA NA 
1 1 11 0.700000 0 5 1 1 0.991842 4 6 10 609 387 2 403 373 9 427 433 5 591 320 8 545 451 NA NA NA NA NA NA NA NA NA 
1 1 12 0.700000 0 2 1 1 1.004306 1 4 2 629 326 10 494 453 NA NA NA NA NA NA NA NA NA NA NA NA NA NA NA NA NA NA 
1 1 13 0.700000 0 8 1 1 0.924481 7 6 2 543 469 3 604 440 9 552 341 7 404 376 4 482 304 8 623 384 5 395 317 1 446 435 
1 1 14 0.700000 0 2 1 1 0.814169 0 3 6 624 381 7 450 364 NA NA NA NA NA NA NA NA NA NA NA NA NA NA NA NA NA NA 
1 1 15 0.700000 0 2 1 0 2.291441 0 9 3 590 357 8 409 388 NA NA NA NA NA NA NA NA NA NA NA NA NA NA NA NA NA NA 
1 1 16 0.700000 0 8 1 1 1.896009 1 5 2 586 346 3 462 447 8 535 445 4 630 432 1 451 299 9 408 470 7 401 408 6 631 300 
1 1 17 0.700000 0 8 1 1 1.480336 5 5 8 406 302 1 465 441 2 395 399 10 535 458 9 609 374 6 596 298 3 497 322 7 634 440 
1 1 18 0.700000 0 2 0 0 0.992548 0 8 8 635 409 7 616 467 NA NA NA NA NA NA NA NA NA NA NA NA NA NA NA NA NA NA 
1 1 19 0.700000 0 8 0 0 1.612180 2 8 4 417 421 10 529 294 8 579 472 6 634 452 1 446 331 2 583 393 5 483 473 3 632 322 
1 1 20 0.700000 0 8 1 1 1.200845 0 9 5 457 303 8 574 364 6 625 334 3 399 354 7 395 466 2 444 403 1 556 446 4 615 460 
1 1 21 0.700000 0 8 1 1 1.242195 1 10 6 439 349 1 622 324 4 469 452 3 555 423 5 474 295 2 621 421 9 550 298 8 394 405 
1 1 22 0.700000 0 5 1 1 1.239100 0 10 8 427 297 3 629 319 4 591 429 7 408 463 5 435 359 NA NA NA NA NA NA NA NA NA 
1 1 23 0.700000 0 8 0 0 1.155751 7 1 8 595 472 10 445 455 6 551 309 3 591 391 4 434 357 9 395 410 2 510 454 1 625 329 
1 1 24 0.700000 0 2 1 1 0.926921 0 2 10 425 379 9 560 342 NA NA NA NA NA NA NA NA NA NA NA NA NA NA NA NA NA NA 
1 1 25 0.700000 0 5 1 1 1.742055 3 8 9 451 335 10 423 398 5 463 474 4 403 302 7 517 319 NA NA NA NA NA NA NA NA NA 
1 1 26 0.700000 0 8 1 1 1.409411 4 3 7 610 444 10 584 370 5 522 312 4 430 465 6 547 453 2 412 321 8 483 439 9 412 397 
1 1 27 0.700000 0 5 1 0 1.089072 2 2 6 411 405 1 488 453 8 635 449 9 618 350 10 496 301 NA NA NA NA NA NA NA NA NA 
1 1 28 0.700000 0 5 1 1 1.099573 4 4 2 408 408 7 476 464 6 582 427 10 616 348 1 428 321 NA NA NA NA NA NA NA NA NA 
1 1 29 0.700000 0 8 1 1 1.098391 6 9 6 461 355 5 571 472 8 550 319 10 389 341 3 615 400 7 490 440 4 421 425 2 635 469 
1 1 30 0.700000 0 2 1 1 0.529073 1 8 1 474 428 9 580 448 NA NA NA NA NA NA NA NA NA NA NA NA NA NA NA NA NA NA 
1 1 31 0.700000 0 8 1 1 1.200598 4 1 6 522 474 3 575 340 5 397 391 8 421 465 7 455 396 10 599 436 4 490 323 2 420 303 
1 1 32 0.700000 0 8 0 0 1.723742 2 4 7 584 294 10 597 382 4 413 467 8 415 355 9 590 458 6 487 458 1 482 310 2 389 408 
1 1 33 0.700000 0 2 0 0 0.916923 0 2 2 490 452 6 486 314 NA NA NA NA NA NA NA NA NA NA NA NA NA NA NA NA NA NA 
1 1 34 0.700000 0 5 1 0 0.834459 4 2 3 496 306 4 426 334 6 469 426 9 595 309 8 557 443 NA NA NA NA NA NA NA NA NA 
1 1 35 0.700000 0 2 0 0 1.070112 1 6 3 437 370 6 523 306 NA NA NA NA NA NA NA NA NA NA NA NA NA NA NA NA NA NA 
1 1 36 0.700000 0 5 1 1 1.211304 0 6 3 393 302 1 555 319 9 411 457 7 458 349 4 563 428 NA NA NA NA NA NA NA NA NA 
1 1 37 0.700000 0 2 0 0 1.001669 1 9 6 566 415 9 401 345 NA NA NA NA NA NA NA NA NA NA NA NA NA NA NA NA NA NA 
1 1 38 0.700000 0 2 1 1 0.989778 0 6 2 387 296 3 390 361 NA NA NA NA NA NA NA NA NA NA NA NA NA NA NA NA NA NA 
1 1 39 0.700000 0 5 0 0 2.033016 1 1 5 600 346 1 453 352 4 499 457 7 615 449 3 411 296 NA NA NA NA NA NA NA NA NA 
1 1 40 0.700000 0 8 1 1 2.330812 0 2 4 407 404 10 618 463 3 590 382 9 530 298 6 500 466 1 408 333 7 600 319 8 410 474 
1 1 41 0.700000 0 5 1 1 1.019307 2 9 5 589 406 2 445 463 7 413 379 4 581 344 1 551 459 NA NA NA NA NA NA NA NA NA 
1 1 42 0.700000 0 2 0 0 0.818271 1 1 10 409 468 1 387 307 NA NA NA NA NA NA NA NA NA NA NA NA NA NA NA NA NA NA 
1 1 43 0.700000 0 8 1 1 1.310327 1 8 2 524 306 6 481 452 3 562 470 5 595 383 4 442 349 7 387 324 1 622 470 10 390 463 
1 1 44 0.700000 0 5 1 1 1.461311 1 1 4 410 319 9 432 395 10 611 396 5 533 320 6 603 336 NA NA NA NA NA NA NA NA NA 
1 1 45 0.700000 0 5 0 0 1.127612 4 4 3 553 314 7 393 296 9 622 341 2 507 472 4 584 427 NA NA NA NA NA NA NA NA NA 
1 1 46 0.700000 0 8 0 0 1.096843 5 8 2 422 372 10 569 303 4 595 378 3 494 461 6 595 455 8 387 299 9 395 444 7 634 313 
1 1 47 0.700000 0 2 1 1 0.494414 0 6 4 410 470 8 414 411 NA NA NA NA NA NA NA NA NA NA NA NA NA NA NA NA NA NA 
1 1 48 0.700000 0 5 0 0 1.469598 3 5 2 414 400 3 395 470 6 514 296 5 629 346 10 604 404 NA NA NA NA NA NA NA NA NA 
1 1 49 0.700000 0 5 1 1 1.506553 3 1 7 525 295 2 561 434 10 604 344 5 390 317 6 411 420 NA NA NA NA NA NA NA NA NA 
1 1 50 0.700000 0 8 0 0 2.504295 6 10 4 576 319 3 419 301 6 410 385 8 531 448 7 630 461 5 575 390 10 393 451 1 507 308 
1 1 51 0.700000 0 8 1 1 0.948379 7 8 6 616 330 2 525 301 3 429 344 1 524 461 9 610 424 7 447 419 4 388 437 10 569 367 
1 1 52 0.700000 0 8 0 1 1.217352 6 10 5 428 379 2 573 428 4 568 335 9 512 304 1 430 466 6 436 309 10 526 464 7 632 357 
1 1 53 0.700000 0 2 1 1 0.966251 0 5 8 588 474 1 439 331 NA NA NA NA NA NA NA NA NA NA NA NA NA NA NA NA NA NA 
1 1 54 0.700000 0 5 0 0 0.800870 0 2 2 433 294 4 610 314 10 442 416 6 509 450 1 572 397 NA NA NA NA NA NA NA NA NA 
1 1 55 0.700000 0 5 1 1 0.704782 0 5 3 628 310 2 392 397 4 432 470 1 585 391 6 497 464 NA NA NA NA NA NA NA NA NA 
1 1 56 0.700000 0 8 1 1 1.338562 3 8 3 436 454 5 552 329 1 448 387 4 406 306 10 601 406 7 544 473 6 637 309 2 471 297 
1 1 57 0.700000 0 5 1 1 0.781524 2 4 1 570 410 6 423 423 8 620 311 2 515 305 10 622 454 NA NA NA NA NA NA NA NA NA 
1 1 58 0.700000 0 5 0 0 1.551662 1 5 9 452 296 5 561 423 10 403 373 7 468 472 3 592 355 NA NA NA NA NA NA NA NA NA 
1 1 59 0.700000 0 8 1 1 0.842343 2 4 2 549 319 10 573 391 5 453 365 6 394 426 9 482 300 1 633 430 3 461 472 7 543 458 
1 2 0 0.500000 0 5 1 1 0.670828 4 2 1 626 307 4 559 432 6 620 397 9 473 339 10 398 349 NA NA NA NA NA NA NA NA NA 
1 2 1 0.500000 0 5 1 1 0.786373 2 5 7 387 422 1 611 426 10 425 336 3 531 454 8 596 365 NA NA NA NA NA NA NA NA NA 
1 2 2 0.500000 0 5 1 1 0.916147 4 3 2 419 375 4 628 373 1 599 462 8 398 458 6 538 456 NA NA NA NA NA NA NA NA NA 
1 2 3 0.500000 0 2 0 0 1.469977 1 3 5 544 332 3 634 415 NA NA NA NA NA NA NA NA NA NA NA NA NA NA NA NA NA NA 
1 2 4 0.500000 0 8 1 0 1.841648 7 8 2 445 308 10 511 312 6 402 446 4 590 465 1 621 299 5 632 422 3 416 389 7 474 450 
1 2 5 0.500000 0 5 0 0 1.532362 0 2 2 543 318 1 585 447 4 441 436 8 520 450 7 424 303 NA NA NA NA NA NA NA NA NA 
1 2 6 0.500000 0 2 0 0 0.789826 0 4 4 399 459 2 527 464 NA NA NA NA NA NA NA NA NA NA NA NA NA NA NA NA NA NA 
1 2 7 0.500000 0 8 1 1 1.156224 1 6 8 601 429 5 440 351 3 526 304 2 475 448 10 387 421 7 637 341 4 573 370 1 536 440 
1 2 8 0.500000 0 5 1 1 0.897095 0 1 7 407 298 2 626 355 4 492 464 3 512 319 8 572 420 NA NA NA NA NA NA NA NA NA 
1 2 9 0.500000 0 2 0 0 0.821201 0 1 1 495 442 6 612 397 NA NA NA NA NA NA NA NA NA NA NA NA NA NA NA NA NA NA 
1 2 10 0.500000 0 2 1 1 1.054141 0 1 9 575 405 8 436 311 NA NA NA NA NA NA NA NA NA NA NA NA NA NA NA NA NA NA 
1 2 11 0.500000 0 8 1 1 1.630525 2 1 7 443 313 10 577 448 8 501 309 4 595 304 2 392 378 9 436 423 3 501 466 6 582 363 
1 2 12 0.500000 0 2 0 0 1.450890 0 1 1 604 378 10 467 328 NA NA NA NA NA NA NA NA NA NA NA NA NA NA NA NA NA NA 
1 2 13 0.500000 0 8 0 0 0.914221 7 8 7 634 453 9 395 318 6 457 343 2 614 335 4 425 422 3 502 461 1 547 303 8 577 470 
1 2 14 0.500000 0 2 1 1 0.640708 0 1 2 563 296 8 514 442 NA NA NA NA NA NA NA NA NA NA NA NA NA NA NA NA NA NA 
1 2 15 0.500000 0 8 1 1 2.179611 7 10 8 630 457 9 412 456 6 409 392 2 555 327 5 559 428 7 633 295 1 455 332 3 620 353 
1 2 16 0.500000 0 8 1 1 0.773176 3 3 5 426 330 4 469 451 8 448 392 2 587 352 1 614 406 10 519 324 7 391 420 9 573 466 
1 2 17 0.500000 0 5 0 0 2.251714 1 8 7 392 468 8 634 319 4 633 392 2 572 460 10 454 347 NA NA NA NA NA NA NA NA NA 
1 2 18 0.500000 0 5 1 0 1.662252 2 8 9 407 321 6 567 298 4 632 427 1 422 456 7 456 408 NA NA NA NA NA NA NA NA NA 
1 2 19 0.500000 0 8 0 0 0.956341 4 9 3 473 447 7 436 350 1 529 326 8 559 451 9 637 441 2 622 298 6 580 370 5 391 388 
1 2 20 0.500000 0 8 0 1 0.838955 7 4 9 522 451 6 441 461 1 608 402 5 591 333 10 414 405 2 482 315 7 594 461 4 395 331 
1 2 21 0.500000 0 5 1 1 1.233272 1 10 7 571 300 1 450 344 4 605 446 6 445 452 5 582 373 NA NA NA NA NA NA NA NA NA 
1 2 22 0.500000 0 2 0 0 0.926980 1 8 4 515 308 8 453 331 NA NA NA NA NA NA NA NA NA NA NA NA NA NA NA NA NA NA 
1 2 23 0.500000 0 2 0 0 0.765062 1 1 3 616 330 1 508 320 NA NA NA NA NA NA NA NA NA NA NA NA NA NA NA NA NA NA 
1 2 24 0.500000 0 8 1 1 0.931183 3 4 9 433 390 10 519 449 7 403 321 8 493 313 2 615 410 1 432 455 6 636 344 3 576 471 
1 2 25 0.500000 0 8 0 1 0.921794 4 9 3 393 410 5 556 427 6 631 328 1 618 434 9 400 305 10 547 329 8 500 451 4 474 317 
1 2 26 0.500000 0 2 1 1 1.010543 1 4 1 401 388 2 461 426 NA NA NA NA NA NA NA NA NA NA NA NA NA NA NA NA NA NA 
1 2 27 0.500000 0 2 0 0 0.812566 0 1 1 489 309 2 626 437 NA NA NA NA NA NA NA NA NA NA NA NA NA NA NA NA NA NA 
1 2 28 0.500000 0 5 0 0 0.956743 3 4 7 552 459 6 485 311 2 457 450 4 392 395 1 416 296 NA NA NA NA NA NA NA NA NA 
1 2 29 0.500000 0 8 0 0 0.858828 0 9 9 398 456 10 439 411 3 559 465 1 636 352 4 568 360 2 500 468 5 469 345 6 609 296 
1 2 30 0.500000 0 8 0 0 0.986054 0 2 2 599 393 3 492 442 10 394 356 8 405 455 4 454 350 5 495 294 7 555 431 1 604 296 
1 2 31 0.500000 0 2 1 1 0.816182 0 7 6 609 364 5 545 301 NA NA NA NA NA NA NA NA NA NA NA NA NA NA NA NA NA NA 
1 2 32 0.500000 0 2 0 0 0.920852 1 9 7 390 309 9 450 355 NA NA NA NA NA NA NA NA NA NA NA NA NA NA NA NA NA NA 
1 2 33 0.500000 0 5 0 1 1.015186 1 4 2 609 369 4 471 434 9 414 315 3 423 386 1 552 451 NA NA NA NA NA NA NA NA NA 
1 2 34 0.500000 0 2 1 1 0.694353 0 1 4 466 319 3 405 371 NA NA NA NA NA NA NA NA NA NA NA NA NA NA NA NA NA NA 
1 2 35 0.500000 0 8 0 0 1.177698 4 8 5 589 444 10 402 467 2 525 320 3 457 331 8 628 398 7 509 473 6 453 428 4 570 372 
1 2 36 0.500000 0 2 1 1 0.810622 0 7 10 425 384 4 605 470 NA NA NA NA NA NA NA NA NA NA NA NA NA NA NA NA NA NA 
1 2 37 0.500000 0 2 0 0 0.717763 1 10 7 435 365 10 590 403 NA NA NA NA NA NA NA NA NA NA NA NA NA NA NA NA NA NA 
1 2 38 0.500000 0 2 0 0 0.678003 1 2 4 453 444 2 399 331 NA NA NA NA NA NA NA NA NA NA NA NA NA NA NA NA NA NA 
1 2 39 0.500000 0 8 1 1 1.063766 3 7 2 587 409 6 477 445 8 626 345 9 611 463 5 415 389 10 573 319 3 485 294 4 399 314 
1 2 40 0.500000 0 8 1 1 1.058546 5 1 3 432 425 2 576 371 5 394 315 6 512 444 8 469 331 4 405 372 9 570 461 10 570 294 
1 2 41 0.500000 0 5 1 1 0.902410 1 6 7 425 432 2 408 364 5 393 300 1 586 414 9 460 324 NA NA NA NA NA NA NA NA NA 
1 2 42 0.500000 0 5 0 0 0.991171 4 10 7 423 434 5 396 341 1 625 464 6 448 369 10 614 349 NA NA NA NA NA NA NA NA NA 
1 2 43 0.500000 0 8 0 0 0.994295 3 3 9 436 386 6 389 437 10 511 320 3 576 395 5 457 445 8 393 340 2 578 326 7 624 466 
1 2 44 0.500000 0 5 0 0 0.932774 2 3 1 428 410 5 606 314 3 481 331 2 548 444 6 621 424 NA NA NA NA NA NA NA NA NA 
1 2 45 0.500000 0 2 1 1 0.941251 1 5 10 443 334 8 618 327 NA NA NA NA NA NA NA NA NA NA NA NA NA NA NA NA NA NA 
1 2 46 0.500000 0 8 0 0 1.634936 4 5 7 537 457 9 600 452 6 594 335 4 405 322 5 466 438 3 497 295 8 399 405 10 462 352 
1 2 47 0.500000 0 5 1 1 0.790322 0 9 1 468 346 2 542 332 7 625 369 10 427 298 5 510 455 NA NA NA NA NA NA NA NA NA 
1 2 48 0.500000 0 2 1 1 0.786337 1 9 5 518 464 3 600 465 NA NA NA NA NA NA NA NA NA NA NA NA NA NA NA NA NA NA 
1 2 49 0.500000 0 5 0 0 0.952440 4 7 9 454 432 5 445 332 1 601 307 2 514 309 7 622 465 NA NA NA NA NA NA NA NA NA 
1 2 50 0.500000 0 8 0 0 2.295606 1 8 3 474 309 8 392 328 6 552 324 9 438 470 10 629 435 7 412 411 1 560 422 4 611 375 
1 2 51 0.500000 0 5 0 1 1.459091 2 2 1 562 317 9 444 388 2 391 358 10 407 439 7 589 382 NA NA NA NA NA NA NA NA NA 
1 2 52 0.500000 0 8 1 0 1.034477 0 3 7 622 377 10 607 295 5 413 420 8 464 449 6 600 468 4 470 296 1 458 358 2 414 316 
1 2 53 0.500000 0 8 1 1 2.063284 1 3 7 565 442 1 493 300 8 437 452 10 425 311 4 636 471 9 616 398 2 415 386 5 573 322 
1 2 54 0.500000 0 2 1 1 0.985651 1 2 8 474 447 1 574 411 NA NA NA NA NA NA NA NA NA NA NA NA NA NA NA NA NA NA 
1 2 55 0.500000 0 5 1 1 1.013640 1 7 8 419 392 9 621 430 4 483 450 5 430 314 3 611 334 NA NA NA NA NA NA NA NA NA 
1 2 56 0.500000 0 2 1 1 0.799077 0 9 3 439 321 7 600 350 NA NA NA NA NA NA NA NA NA NA NA NA NA NA NA NA NA NA 
1 2 57 0.500000 0 5 0 1 2.495479 0 5 5 480 465 10 560 304 2 422 322 4 408 420 3 608 421 NA NA NA NA NA NA NA NA NA 
1 2 58 0.500000 0 5 0 0 0.815166 1 7 1 417 440 7 621 431 10 453 316 8 576 344 6 542 460 NA NA NA NA NA NA NA NA NA 
1 2 59 0.500000 0 5 1 0 1.798475 4 8 4 491 467 9 626 385 6 397 367 2 454 408 5 630 310 NA NA NA NA NA NA NA NA NA 
1 3 0 0.300000 0 8 1 1 1.857979 3 5 7 584 402 2 516 315 4 425 311 10 610 312 3 549 453 1 389 441 8 488 447 6 429 385 
1 3 1 0.300000 0 2 1 1 0.714488 0 6 2 498 299 10 453 361 NA NA NA NA NA NA NA NA NA NA NA NA NA NA NA NA NA NA 
1 3 2 0.300000 0 5 0 0 1.049243 1 2 4 510 300 2 601 315 6 462 334 1 598 394 8 531 473 NA NA NA NA NA NA NA NA NA 
1 3 3 0.300000 0 8 0 0 1.165246 2 9 5 403 454 1 598 309 9 629 359 4 635 437 8 388 356 3 469 328 6 568 472 2 504 469 
1 3 4 0.300000 0 2 1 1 0.662592 1 5 3 523 447 10 444 432 NA NA NA NA NA NA NA NA NA NA NA NA NA NA NA NA NA NA 
1 3 5 0.300000 0 2 0 0 0.890871 0 10 10 470 437 3 419 396 NA NA NA NA NA NA NA NA NA NA NA NA NA NA NA NA NA NA 
1 3 6 0.300000 0 5 0 0 0.813270 3 10 6 425 425 5 475 325 3 528 470 10 568 295 4 588 350 NA NA NA NA NA NA NA NA NA 
1 3 7 0.300000 0 8 0 0 0.810948 0 10 10 632 319 1 602 466 3 621 376 8 474 308 5 428 363 4 533 460 9 440 434 6 550 312 
1 3 8 0.300000 0 8 0 0 0.869942 4 2 9 571 398 5 407 307 6 582 297 7 438 462 2 415 395 4 506 454 10 476 334 1 625 341 
1 3 9 0.300000 0 2 0 0 0.675243 0 2 2 580 428 4 451 456 NA NA NA NA NA NA NA NA NA NA NA NA NA NA NA NA NA NA 
1 3 10 0.300000 0 5 1 1 1.617762 3 10 2 515 294 6 634 446 9 403 320 3 394 388 8 453 376 NA NA NA NA NA NA NA NA NA 
1 3 11 0.300000 0 5 0 0 1.090894 3 10 8 547 320 6 387 433 3 619 378 10 421 328 7 628 304 NA NA NA NA NA NA NA NA NA 
1 3 12 0.300000 0 8 0 0 0.707731 2 1 4 470 344 2 388 458 1 616 407 9 551 325 10 445 398 3 617 302 7 508 452 5 403 342 
1 3 13 0.300000 0 5 0 0 0.883766 1 2 9 621 434 2 472 427 4 594 294 6 448 301 5 552 342 NA NA NA NA NA NA NA NA NA 
1 3 14 0.300000 0 8 1 1 1.048900 5 1 4 567 416 9 491 472 5 636 446 6 416 468 3 616 337 10 442 380 8 492 299 2 408 304 
1 3 15 0.300000 0 8 0 0 1.735258 1 8 1 594 346 8 545 312 3 447 344 7 551 444 6 486 463 2 391 308 4 389 423 5 618 471 
1 3 16 0.300000 0 8 0 1 1.583368 1 4 5 582 332 4 570 402 3 463 451 9 482 308 1 394 421 7 637 393 10 393 327 6 612 463 
1 3 17 0.300000 0 2 0 0 0.858696 1 1 3 522 306 1 618 390 NA NA NA NA NA NA NA NA NA NA NA NA NA NA NA NA NA NA 
1 3 18 0.300000 0 8 0 0 1.645321 4 10 8 584 459 3 464 320 1 480 472 5 583 364 10 398 400 7 397 314 4 396 462 6 544 303 
1 3 19 0.300000 0 5 1 1 0.734770 0 8 9 481 307 5 591 350 3 472 454 6 571 452 1 418 401 NA NA NA NA NA NA NA NA NA 
1 3 20 0.300000 0 2 0 0 1.091741 0 8 8 496 445 9 601 344 NA NA NA NA NA NA NA NA NA NA NA NA NA NA NA NA NA NA 
1 3 21 0.300000 0 2 1 1 0.767609 1 8 6 606 338 7 409 401 NA NA NA NA NA NA NA NA NA NA NA NA NA NA NA NA NA NA 
1 3 22 0.300000 0 5 0 0 0.857348 3 9 1 424 440 6 495 324 8 523 472 9 629 356 7 589 412 NA NA NA NA NA NA NA NA NA 
1 3 23 0.300000 0 2 0 0 0.799904 0 10 10 621 387 5 439 378 NA NA NA NA NA NA NA NA NA NA NA NA NA NA NA NA NA NA 
1 3 24 0.300000 0 2 0 0 0.563498 0 2 2 467 450 9 387 423 NA NA NA NA NA NA NA NA NA NA NA NA NA NA NA NA NA NA 
1 3 25 0.300000 0 5 0 0 1.076189 3 1 4 397 370 6 407 295 7 633 367 1 440 448 3 627 301 NA NA NA NA NA NA NA NA NA 
1 3 26 0.300000 0 5 1 1 1.872333 0 9 2 616 342 6 424 320 4 615 444 5 459 466 3 514 323 NA NA NA NA NA NA NA NA NA 
1 3 27 0.300000 0 2 0 0 0.643864 1 9 7 577 445 9 560 341 NA NA NA NA NA NA NA NA NA NA NA NA NA NA NA NA NA NA 
1 3 28 0.300000 0 5 0 0 1.011472 4 9 5 497 452 6 586 337 8 607 426 1 411 311 9 412 370 NA NA NA NA NA NA NA NA NA 
1 3 29 0.300000 0 8 0 0 0.706009 4 10 7 633 472 3 425 445 4 628 403 5 545 471 10 465 348 9 574 312 2 391 318 6 396 388 
1 3 30 0.300000 0 5 0 0 0.689595 1 6 8 404 398 6 527 467 3 592 338 4 406 459 10 403 317 NA NA NA NA NA NA NA NA NA 
1 3 31 0.300000 0 8 0 1 2.195103 3 7 2 561 351 6 451 427 3 490 312 7 527 458 9 630 401 10 585 464 4 393 323 5 449 362 
1 3 32 0.300000 0 8 0 0 1.094177 5 3 6 618 327 7 447 457 1 443 330 9 534 438 4 617 471 3 504 298 5 558 324 2 432 391 
1 3 33 0.300000 0 5 0 0 0.677412 1 3 4 617 368 3 451 348 8 598 473 7 571 417 1 438 447 NA NA NA NA NA NA NA NA NA 
1 3 34 0.300000 0 2 0 0 0.660532 0 7 7 622 449 10 424 344 NA NA NA NA NA NA NA NA NA NA NA NA NA NA NA NA NA NA 
1 3 35 0.300000 0 5 0 0 0.554495 0 8 8 450 295 4 610 400 3 394 371 10 559 440 9 603 337 NA NA NA NA NA NA NA NA NA 
1 3 36 0.300000 0 5 0 1 1.022404 2 4 3 614 368 9 415 415 4 611 466 2 464 454 6 528 458 NA NA NA NA NA NA NA NA NA 
1 3 37 0.300000 0 2 0 0 0.588632 1 8 2 453 386 8 610 326 NA NA NA NA NA NA NA NA NA NA NA NA NA NA NA NA NA NA 
1 3 38 0.300000 0 5 1 1 1.129231 4 1 9 532 306 4 631 418 10 424 447 2 571 397 5 601 339 NA NA NA NA NA NA NA NA NA 
1 3 39 0.300000 0 8 0 0 1.945173 3 2 10 416 430 9 547 442 4 602 358 2 397 296 5 454 345 3 542 303 8 609 422 1 623 301 
1 3 40 0.300000 0 2 1 1 0.762557 0 1 10 598 367 6 552 441 NA NA NA NA NA NA NA NA NA NA NA NA NA NA NA NA NA NA 
1 3 41 0.300000 0 8 1 0 1.339919 5 6 7 632 350 9 415 299 10 607 461 3 399 474 1 530 316 4 409 397 8 505 467 2 460 345 
1 3 42 0.300000 0 8 0 1 1.167293 7 5 10 401 437 9 594 334 4 474 295 6 410 357 7 459 466 3 519 456 2 598 450 5 537 311 
1 3 43 0.300000 0 5 0 0 0.873105 3 5 7 504 459 9 593 296 8 627 371 5 429 470 3 578 449 NA NA NA NA NA NA NA NA NA 
1 3 44 0.300000 0 2 0 0 0.680903 1 9 4 637 337 9 389 367 NA NA NA NA NA NA NA NA NA NA NA NA NA NA NA NA NA NA 
1 3 45 0.300000 0 2 1 1 0.740018 1 7 4 454 398 6 517 315 NA NA NA NA NA NA NA NA NA NA NA NA NA NA NA NA NA NA 
1 3 46 0.300000 0 8 0 1 1.266388 0 5 5 570 414 10 609 472 1 416 294 9 620 325 2 567 355 4 441 383 6 465 468 8 509 313 
1 3 47 0.300000 0 2 1 1 1.176865 0 10 6 451 395 3 590 390 NA NA NA NA NA NA NA NA NA NA NA NA NA NA NA NA NA NA 
1 3 48 0.300000 0 8 1 1 1.471868 6 3 4 395 297 2 530 470 10 627 409 7 388 438 1 589 462 9 471 449 8 566 341 5 400 361 
1 3 49 0.300000 0 2 0 1 0.959203 0 7 7 561 333 3 612 452 NA NA NA NA NA NA NA NA NA NA NA NA NA NA NA NA NA NA 
1 3 50 0.300000 0 5 0 0 1.013062 1 2 6 391 368 2 585 451 7 456 331 1 430 417 3 491 447 NA NA NA NA NA NA NA NA NA 
1 3 51 0.300000 0 5 1 1 1.168227 1 7 6 555 297 2 457 473 3 451 381 1 398 306 5 414 433 NA NA NA NA NA NA NA NA NA 
1 3 52 0.300000 0 8 1 0 2.112263 3 8 4 408 304 10 597 461 3 577 386 7 479 329 2 392 361 1 444 469 9 520 447 6 445 393 
1 3 53 0.300000 0 5 0 0 0.802463 0 6 6 548 301 7 583 452 2 464 423 1 474 329 4 637 419 NA NA NA NA NA NA NA NA NA 
1 3 54 0.300000 0 2 0 0 1.184935 0 6 6 438 305 5 530 442 NA NA NA NA NA NA NA NA NA NA NA NA NA NA NA NA NA NA 
1 3 55 0.300000 0 5 1 1 0.824867 2 1 8 607 370 7 391 468 2 406 343 9 459 306 6 533 459 NA NA NA NA NA NA NA NA NA 
1 3 56 0.300000 0 2 0 0 1.151465 0 4 4 432 432 9 430 315 NA NA NA NA NA NA NA NA NA NA NA NA NA NA NA NA NA NA 
1 3 57 0.300000 0 8 1 1 2.230047 2 6 1 523 307 5 584 308 7 388 373 10 438 474 2 549 438 8 416 307 9 597 372 4 613 450 
1 3 58 0.300000 0 2 0 0 0.661870 1 2 6 540 315 2 603 426 NA NA NA NA NA NA NA NA NA NA NA NA NA NA NA NA NA NA 
1 3 59 0.300000 0 8 0 0 1.482060 0 6 6 569 366 3 489 300 9 406 463 10 418 370 5 637 435 1 558 460 8 547 311 2 478 454 
1 4 0 0.700000 0 8 0 1 1.868179 3 7 2 591 331 1 467 422 8 445 363 7 545 439 4 630 455 9 594 398 10 402 311 6 535 302 
1 4 1 0.700000 0 2 0 0 1.212530 0 7 7 438 316 2 465 450 NA NA NA NA NA NA NA NA NA NA NA NA NA NA NA NA NA NA 
1 4 2 0.700000 0 8 1 0 1.147784 0 7 9 559 437 10 396 355 4 449 300 5 479 446 6 629 359 8 520 313 2 427 412 3 593 301 
1 4 3 0.700000 0 8 0 0 0.817972 0 1 1 625 463 7 513 447 5 437 311 10 453 428 6 406 465 2 535 296 9 608 321 4 391 400 
1 4 4 0.700000 0 8 1 1 1.220240 7 4 10 567 320 2 625 330 8 471 331 3 597 445 7 397 324 9 509 459 6 443 468 5 393 383 
1 4 5 0.700000 0 8 1 1 0.944158 2 1 7 463 420 6 548 310 2 536 446 8 404 302 4 597 362 9 618 446 10 631 294 5 471 331 
1 4 6 0.700000 0 2 1 1 0.917315 0 8 10 491 314 2 427 346 NA NA NA NA NA NA NA NA NA NA NA NA NA NA NA NA NA NA 
1 4 7 0.700000 0 8 1 1 1.052541 2 6 1 493 320 5 581 398 9 625 442 7 460 458 8 397 456 4 609 331 2 398 321 3 542 453 
1 4 8 0.700000 0 2 1 1 0.861933 1 2 4 587 358 3 491 311 NA NA NA NA NA NA NA NA NA NA NA NA NA NA NA NA NA NA 
1 4 9 0.700000 0 5 0 1 2.128492 4 3 8 553 306 6 408 309 7 555 439 10 408 388 3 473 334 NA NA NA NA NA NA NA NA NA 
1 4 10 0.700000 0 5 0 1 1.732945 3 9 4 431 467 3 494 456 6 623 429 9 586 329 5 402 394 NA NA NA NA NA NA NA NA NA 
1 4 11 0.700000 0 5 1 1 0.879074 1 6 2 441 367 1 445 427 9 571 356 7 632 398 4 542 305 NA NA NA NA NA NA NA NA NA 
1 4 12 0.700000 0 5 1 1 1.465673 4 2 1 611 343 10 636 472 5 575 458 9 433 368 4 391 297 NA NA NA NA NA NA NA NA NA 
1 4 13 0.700000 0 2 1 1 0.760987 1 4 7 590 371 5 443 383 NA NA NA NA NA NA NA NA NA NA NA NA NA NA NA NA NA NA 
1 4 14 0.700000 0 2 1 1 1.255201 1 5 7 590 314 4 466 326 NA NA NA NA NA NA NA NA NA NA NA NA NA NA NA NA NA NA 
1 4 15 0.700000 0 8 1 1 1.748485 6 9 8 627 448 1 443 407 3 607 305 7 415 331 5 387 441 10 547 310 2 590 361 4 508 463 
1 4 16 0.700000 0 8 1 1 0.919601 2 6 2 403 308 7 571 417 9 523 462 1 465 334 5 570 335 10 432 436 4 631 416 8 413 372 
1 4 17 0.700000 0 5 1 1 0.801239 2 9 7 546 451 6 444 313 10 603 412 8 463 432 2 621 347 NA NA NA NA NA NA NA NA NA 
1 4 18 0.700000 0 2 1 1 0.713088 1 6 4 545 314 9 496 454 NA NA NA NA NA NA NA NA NA NA NA NA NA NA NA NA NA NA 
1 4 19 0.700000 0 2 1 1 2.910229 1 3 8 457 449 9 629 332 NA NA NA NA NA NA NA NA NA NA NA NA NA NA NA NA NA NA 
1 4 20 0.700000 0 8 1 0 1.512087 2 2 3 546 453 10 438 390 7 607 413 5 621 336 4 423 453 8 391 298 9 512 325 1 635 468 
1 4 21 0.700000 0 5 1 1 0.743485 2 8 1 416 353 10 453 448 2 579 340 4 601 429 3 499 294 NA NA NA NA NA NA NA NA NA 
1 4 22 0.700000 0 8 1 0 1.839998 4 9 7 434 474 4 557 327 8 486 299 6 427 362 2 563 466 10 612 379 1 389 300 3 499 443 
1 4 23 0.700000 0 8 1 1 1.652691 7 7 1 576 416 6 481 328 2 584 352 10 602 474 5 531 459 4 637 307 8 390 363 3 426 470 
1 4 24 0.700000 0 8 0 1 0.874272 6 8 9 509 312 3 573 329 4 619 392 1 528 443 6 441 455 2 416 396 8 439 324 5 591 467 
1 4 25 0.700000 0 8 1 1 0.758601 0 1 3 406 326 2 418 406 8 552 462 9 561 332 6 625 368 4 607 424 10 473 450 5 407 474 
1 4 26 0.700000 0 5 0 0 1.185617 4 1 3 548 328 10 573 399 4 404 312 2 423 447 1 629 473 NA NA NA NA NA NA NA NA NA 
1 4 27 0.700000 0 5 1 1 1.670847 4 3 7 593 352 2 458 298 1 507 460 6 575 452 4 543 308 NA NA NA NA NA NA NA NA NA 
1 4 28 0.700000 0 2 1 1 0.715904 0 9 10 450 295 4 413 428 NA NA NA NA NA NA NA NA NA NA NA NA NA NA NA NA NA NA 
1 4 29 0.700000 0 8 0 0 1.533289 2 6 4 439 332 9 569 459 6 630 380 3 452 436 2 393 426 7 507 319 1 599 317 8 388 360 
1 4 30 0.700000 0 5 1 1 0.969097 3 4 5 432 389 1 582 311 2 572 442 6 635 365 3 515 463 NA NA NA NA NA NA NA NA NA 
1 4 31 0.700000 0 2 1 1 1.090478 0 4 9 594 395 8 511 470 NA NA NA NA NA NA NA NA NA NA NA NA NA NA NA NA NA NA 
1 4 32 0.700000 0 5 1 1 0.981245 0 8 7 479 444 4 436 327 9 615 385 3 636 444 5 594 310 NA NA NA NA NA NA NA NA NA 
1 4 33 0.700000 0 2 1 1 0.740509 0 6 8 444 403 2 577 465 NA NA NA NA NA NA NA NA NA NA NA NA NA NA NA NA NA NA 
1 4 34 0.700000 0 8 1 1 1.747703 6 2 8 589 327 4 633 427 5 443 447 9 571 418 7 470 317 1 394 380 10 396 305 3 521 469 
1 4 35 0.700000 0 2 1 0 1.629873 0 2 7 414 471 6 608 440 NA NA NA NA NA NA NA NA NA NA NA NA NA NA NA NA NA NA 
1 4 36 0.700000 0 5 1 1 1.456079 4 5 7 429 473 2 442 363 10 597 295 9 624 351 1 614 448 NA NA NA NA NA NA NA NA NA 
1 4 37 0.700000 0 5 1 1 0.902061 1 5 1 481 462 3 526 309 9 556 422 10 413 389 7 466 337 NA NA NA NA NA NA NA NA NA 
1 4 38 0.700000 0 8 1 1 0.738681 6 4 3 583 351 2 560 443 1 631 473 8 528 300 9 408 376 6 467 311 10 466 440 7 390 311 
1 4 39 0.700000 0 2 0 0 0.959687 0 2 2 407 422 8 582 343 NA NA NA NA NA NA NA NA NA NA NA NA NA NA NA NA NA NA 
1 4 40 0.700000 0 5 1 1 1.477999 2 6 1 474 315 10 418 353 5 631 422 3 452 458 7 390 454 NA NA NA NA NA NA NA NA NA 
1 4 41 0.700000 0 2 0 0 1.060504 1 10 7 549 430 10 418 450 NA NA NA NA NA NA NA NA NA NA NA NA NA NA NA NA NA NA 
1 4 42 0.700000 0 2 1 1 1.060495 1 1 8 452 397 10 560 298 NA NA NA NA NA NA NA NA NA NA NA NA NA NA NA NA NA NA 
1 4 43 0.700000 0 8 1 1 1.157374 5 4 1 603 305 10 451 415 2 463 302 6 551 441 3 580 362 7 625 422 5 390 359 8 395 461 
1 4 44 0.700000 0 2 1 1 0.713593 1 1 8 425 413 2 482 322 NA NA NA NA NA NA NA NA NA NA NA NA NA NA NA NA NA NA 
1 4 45 0.700000 0 2 1 1 1.247001 1 5 3 551 429 4 636 313 NA NA NA NA NA NA NA NA NA NA NA NA NA NA NA NA NA NA 
1 4 46 0.700000 0 2 1 1 0.697716 0 7 5 606 391 9 447 464 NA NA NA NA NA NA NA NA NA NA NA NA NA NA NA NA NA NA 
1 4 47 0.700000 0 5 1 0 1.986169 4 2 3 440 450 7 542 465 10 610 378 4 435 336 8 560 326 NA NA NA NA NA NA NA NA NA 
1 4 48 0.700000 0 2 0 0 0.921657 1 3 2 575 334 3 491 327 NA NA NA NA NA NA NA NA NA NA NA NA NA NA NA NA NA NA 
1 4 49 0.700000 0 8 0 0 1.201931 7 2 10 570 344 6 435 302 7 565 470 9 418 401 4 486 451 1 523 294 5 615 386 2 406 458 
1 4 50 0.700000 0 2 0 0 0.890400 1 10 5 497 322 10 454 437 NA NA NA NA NA NA NA NA NA NA NA NA NA NA NA NA NA NA 
1 4 51 0.700000 0 2 0 0 0.730683 0 1 1 627 400 6 426 473 NA NA NA NA NA NA NA NA NA NA NA NA NA NA NA NA NA NA 
1 4 52 0.700000 0 5 0 0 0.932690 4 8 6 551 317 5 435 338 7 542 440 3 612 350 8 630 442 NA NA NA NA NA NA NA NA NA 
1 4 53 0.700000 0 8 0 0 0.965600 0 1 1 553 317 9 466 470 4 421 370 3 573 456 6 635 306 10 616 377 5 481 333 2 408 447 
1 4 54 0.700000 0 5 1 1 0.683555 0 3 4 416 366 1 619 348 10 570 452 9 483 468 2 421 425 NA NA NA NA NA NA NA NA NA 
1 4 55 0.700000 0 5 1 1 0.821212 1 6 2 439 450 3 599 313 1 418 294 10 521 468 4 387 353 NA NA NA NA NA NA NA NA NA 
1 4 56 0.700000 0 8 1 0 1.327312 1 9 10 586 418 8 611 305 2 402 363 7 474 454 5 406 472 6 517 314 4 394 301 3 572 361 
1 4 57 0.700000 0 5 0 0 1.676324 1 5 9 620 335 5 534 446 10 395 467 3 460 435 1 486 301 NA NA NA NA NA NA NA NA NA 
1 4 58 0.700000 0 5 0 0 1.321846 0 5 5 417 386 1 396 320 10 595 325 6 604 438 3 448 455 NA NA NA NA NA NA NA NA NA 
1 4 59 0.700000 0 5 1 1 0.754177 2 3 1 464 420 5 401 399 10 391 303 9 569 352 7 627 449 NA NA NA NA NA NA NA NA NA 
1 5 0 0.300000 0 2 1 0 0.590192 0 3 2 619 335 8 586 398 NA NA NA NA NA NA NA NA NA NA NA NA NA NA NA NA NA NA 
1 5 1 0.300000 0 5 1 1 1.789405 4 1 7 567 437 8 433 322 6 510 453 10 621 346 5 400 418 NA NA NA NA NA NA NA NA NA 
1 5 2 0.300000 0 8 1 0 1.367761 2 9 7 431 316 8 403 400 6 620 357 4 450 436 1 596 469 3 555 309 10 577 402 2 506 474 
1 5 3 0.300000 0 5 0 0 0.549028 3 8 10 446 454 3 621 433 1 563 426 8 452 315 7 636 363 NA NA NA NA NA NA NA NA NA 
1 5 4 0.300000 0 5 0 0 0.987746 3 10 7 623 344 5 468 437 4 634 453 10 577 421 6 406 425 NA NA NA NA NA NA NA NA NA 
1 5 5 0.300000 0 5 0 1 0.889606 3 5 7 538 309 3 441 466 4 423 304 5 591 362 9 593 421 NA NA NA NA NA NA NA NA NA 
1 5 6 0.300000 0 8 0 1 1.663583 6 1 3 574 426 6 430 471 5 411 391 8 404 321 10 472 329 4 555 307 1 617 338 9 633 395 
1 5 7 0.300000 0 8 0 0 3.544888 2 3 4 443 374 2 404 425 3 568 329 7 399 317 1 582 462 6 472 465 5 630 303 10 495 299 
1 5 8 0.300000 0 2 1 1 0.800892 1 1 2 566 311 10 406 305 NA NA NA NA NA NA NA NA NA NA NA NA NA NA NA NA NA NA 
1 5 9 0.300000 0 2 1 1 1.022776 1 5 8 631 470 10 414 315 NA NA NA NA NA NA NA NA NA NA NA NA NA NA NA NA NA NA 
1 5 10 0.300000 0 8 0 1 1.683000 2 7 3 600 303 4 408 312 7 458 417 10 402 395 8 577 384 2 542 440 6 416 466 1 482 472 
1 5 11 0.300000 0 2 0 0 0.807616 1 4 9 615 317 4 417 460 NA NA NA NA NA NA NA NA NA NA NA NA NA NA NA NA NA NA 
1 5 12 0.300000 0 8 0 0 1.606760 1 1 8 416 295 1 480 327 10 623 413 7 398 402 6 575 363 4 553 441 2 445 445 9 615 309 
1 5 13 0.300000 0 2 0 0 1.327957 1 5 6 447 303 5 532 308 NA NA NA NA NA NA NA NA NA NA NA NA NA NA NA NA NA NA 
1 5 14 0.300000 0 8 0 1 0.994698 5 6 1 523 306 5 441 400 7 592 408 8 387 378 9 599 333 6 466 326 2 504 467 3 397 296 
1 5 15 0.300000 0 2 0 0 0.779541 1 10 3 557 426 10 428 466 NA NA NA NA NA NA NA NA NA NA NA NA NA NA NA NA NA NA 
1 5 16 0.300000 0 2 0 0 0.879203 1 4 6 624 447 4 521 452 NA NA NA NA NA NA NA NA NA NA NA NA NA NA NA NA NA NA 
1 5 17 0.300000 0 5 1 0 1.291355 4 10 3 408 319 2 577 464 7 557 315 8 607 379 6 404 398 NA NA NA NA NA NA NA NA NA 
1 5 18 0.300000 0 8 0 0 0.821673 0 10 10 409 305 1 553 454 9 630 423 7 557 301 5 476 432 4 636 345 3 484 331 2 416 460 
1 5 19 0.300000 0 2 0 0 0.615032 0 10 10 592 421 4 453 420 NA NA NA NA NA NA NA NA NA NA NA NA NA NA NA NA NA NA 
1 5 20 0.300000 0 5 1 1 0.741626 3 7 5 419 461 4 425 393 1 636 399 8 555 443 9 543 331 NA NA NA NA NA NA NA NA NA 
1 5 21 0.300000 0 5 0 0 1.141466 1 1 8 408 410 1 632 357 2 402 297 5 475 308 4 511 444 NA NA NA NA NA NA NA NA NA 
1 5 22 0.300000 0 2 0 0 0.526159 1 2 7 444 358 2 552 313 NA NA NA NA NA NA NA NA NA NA NA NA NA NA NA NA NA NA 
1 5 23 0.300000 0 2 0 0 0.853112 1 9 3 541 329 9 445 437 NA NA NA NA NA NA NA NA NA NA NA NA NA NA NA NA NA NA 
1 5 24 0.300000 0 8 0 0 0.938905 7 9 6 504 464 10 624 461 4 607 311 1 435 331 3 416 437 7 526 314 2 572 370 9 550 428 
1 5 25 0.300000 0 2 0 0 0.547953 0 8 8 416 387 9 605 327 NA NA NA NA NA NA NA NA NA NA NA NA NA NA NA NA NA NA 
1 5 26 0.300000 0 5 0 0 0.958565 2 5 1 579 425 7 576 361 5 398 340 2 620 297 8 468 340 NA NA NA NA NA NA NA NA NA 
1 5 27 0.300000 0 8 0 0 0.804691 0 5 5 491 441 3 393 362 9 455 333 2 605 415 1 611 356 8 555 454 4 421 465 7 543 308 
1 5 28 0.300000 0 5 0 1 1.523233 2 6 9 613 424 10 559 306 6 442 332 2 389 434 5 529 460 NA NA NA NA NA NA NA NA NA 
1 5 29 0.300000 0 8 1 1 0.917155 0 7 1 415 312 2 571 397 3 635 322 4 513 321 10 551 470 9 461 471 5 433 413 6 581 298 
1 5 30 0.300000 0 5 0 0 0.949920 4 1 8 560 311 4 598 445 9 494 448 6 388 331 1 456 337 NA NA NA NA NA NA NA NA NA 
1 5 31 0.300000 0 8 0 0 2.733287 7 9 3 592 358 2 452 346 6 443 437 8 576 421 5 632 456 7 509 295 4 598 294 9 498 471 
1 5 32 0.300000 0 2 0 0 0.722077 1 7 6 543 445 7 637 331 NA NA NA NA NA NA NA NA NA NA NA NA NA NA NA NA NA NA 
1 5 33 0.300000 0 5 1 1 0.974765 2 8 2 438 432 3 580 300 9 456 340 1 596 367 7 578 441 NA NA NA NA NA NA NA NA NA 
1 5 34 0.300000 0 8 0 0 1.283739 0 3 3 573 324 7 620 364 1 433 409 9 575 420 6 388 453 2 485 300 10 409 318 4 635 422 
1 5 35 0.300000 0 5 0 0 1.348871 4 5 6 418 394 3 578 405 10 482 451 8 605 341 5 468 331 NA NA NA NA NA NA NA NA NA 
1 5 36 0.300000 0 8 1 0 1.687625 0 5 9 405 425 6 591 452 10 446 297 3 592 302 2 475 459 8 514 311 7 446 371 1 587 382 
1 5 37 0.300000 0 5 1 1 0.789550 4 6 9 434 432 7 579 431 1 503 296 10 444 326 8 630 471 NA NA NA NA NA NA NA NA NA 
1 5 38 0.300000 0 8 0 0 1.407403 4 5 1 488 321 4 590 417 9 424 378 10 628 327 5 408 469 8 517 446 7 399 323 2 633 465 
1 5 39 0.300000 0 5 1 1 0.800977 1 7 2 453 299 10 631 343 3 460 357 1 553 298 9 607 458 NA NA NA NA NA NA NA NA NA 
1 5 40 0.300000 0 2 0 0 0.886081 1 3 4 560 331 3 413 461 NA NA NA NA NA NA NA NA NA NA NA NA NA NA NA NA NA NA 
1 5 41 0.300000 0 5 0 0 1.579679 1 6 4 482 334 6 602 323 5 405 310 9 543 297 7 458 437 NA NA NA NA NA NA NA NA NA 
1 5 42 0.300000 0 2 0 0 0.759320 0 8 8 456 437 1 603 397 NA NA NA NA NA NA NA NA NA NA NA NA NA NA NA NA NA NA 
1 5 43 0.300000 0 8 1 1 2.138929 2 3 6 586 379 10 487 319 8 426 355 5 429 437 9 596 458 7 506 454 2 611 320 4 414 295 
1 5 44 0.300000 0 2 0 0 0.747127 0 7 7 631 445 1 558 443 NA NA NA NA NA NA NA NA NA NA NA NA NA NA NA NA NA NA 
1 5 45 0.300000 0 5 0 0 0.835435 0 10 10 420 343 8 604 358 3 439 438 5 612 450 9 540 305 NA NA NA NA NA NA NA NA NA 
1 5 46 0.300000 0 5 0 1 1.509655 1 7 8 475 334 7 391 469 6 461 435 2 541 435 3 634 384 NA NA NA NA NA NA NA NA NA 
1 5 47 0.300000 0 5 0 0 1.068223 1 3 5 415 305 3 486 437 8 387 466 1 523 326 2 573 460 NA NA NA NA NA NA NA NA NA 
1 5 48 0.300000 0 8 1 1 0.990418 1 6 1 609 323 8 411 361 4 636 420 9 426 469 3 502 452 7 575 372 5 578 434 10 505 297 
1 5 49 0.300000 0 8 0 0 1.263354 7 4 3 390 430 10 569 408 8 394 305 7 470 300 6 622 351 2 627 446 1 498 445 4 439 390 
1 5 50 0.300000 0 8 1 1 1.839251 3 7 6 636 457 8 438 403 9 583 388 4 527 465 3 472 330 2 598 312 10 405 463 5 388 353 
1 5 51 0.300000 0 5 0 0 1.298638 4 10 1 556 309 3 394 377 7 445 320 9 606 443 10 629 319 NA NA NA NA NA NA NA NA NA 
1 5 52 0.300000 0 2 1 1 0.681825 0 1 7 610 333 8 587 439 NA NA NA NA NA NA NA NA NA NA NA NA NA NA NA NA NA NA 
1 5 53 0.300000 0 5 0 0 0.945401 4 2 4 582 469 9 455 444 3 422 304 7 601 344 2 387 375 NA NA NA NA NA NA NA NA NA 
1 5 54 0.300000 0 8 0 0 2.454321 0 2 2 406 308 5 606 304 9 476 310 1 407 408 7 602 454 3 487 455 4 635 370 6 570 380 
1 5 55 0.300000 0 2 1 1 0.940941 0 2 6 557 313 9 625 306 NA NA NA NA NA NA NA NA NA NA NA NA NA NA NA NA NA NA 
1 5 56 0.300000 0 2 0 0 0.798540 0 8 8 535 308 2 416 328 NA NA NA NA NA NA NA NA NA NA NA NA NA NA NA NA NA NA 
1 5 57 0.300000 0 8 0 0 1.322575 2 7 8 601 405 1 528 452 7 563 321 2 428 296 10 453 457 4 399 393 5 482 321 9 631 473 
1 5 58 0.300000 0 2 0 0 0.817282 0 10 10 537 318 3 418 392 NA NA NA NA NA NA NA NA NA NA NA NA NA NA NA NA NA NA 
1 5 59 0.300000 0 2 1 1 0.743935 1 8 5 394 421 10 526 325 NA NA NA NA NA NA NA NA NA NA NA NA NA NA NA NA NA NA 
1 6 0 0.700000 0 2 1 1 0.774740 1 8 9 404 344 5 400 451 NA NA NA NA NA NA NA NA NA NA NA NA NA NA NA NA NA NA 
1 6 1 0.700000 0 2 0 0 0.857473 0 5 5 637 362 2 452 400 NA NA NA NA NA NA NA NA NA NA NA NA NA NA NA NA NA NA 
1 6 2 0.700000 0 2 1 1 0.787650 1 10 6 424 352 1 518 461 NA NA NA NA NA NA NA NA NA NA NA NA NA NA NA NA NA NA 
1 6 3 0.700000 0 5 1 1 0.652781 0 2 3 428 347 1 589 329 9 637 366 10 419 458 4 568 420 NA NA NA NA NA NA NA NA NA 
1 6 4 0.700000 0 5 1 1 0.830165 1 1 9 400 457 3 422 360 6 637 348 4 605 429 2 554 322 NA NA NA NA NA NA NA NA NA 
1 6 5 0.700000 0 5 1 1 0.740219 1 9 4 611 365 10 497 303 6 582 297 8 404 465 5 565 448 NA NA NA NA NA NA NA NA NA 
1 6 6 0.700000 0 5 0 0 0.783587 4 10 4 421 367 6 613 422 1 532 472 5 413 447 10 535 323 NA NA NA NA NA NA NA NA NA 
1 6 7 0.700000 0 8 1 1 2.600672 5 9 10 416 448 6 573 443 5 399 328 3 502 463 1 449 382 4 612 304 7 620 407 8 574 370 
1 6 8 0.700000 0 8 1 1 3.168036 6 9 5 553 455 6 589 327 3 535 296 7 439 443 10 467 336 1 624 450 8 399 337 2 394 398 
1 6 9 0.700000 0 2 0 0 0.645571 1 4 1 400 324 4 622 303 NA NA NA NA NA NA NA NA NA NA NA NA NA NA NA NA NA NA 
1 6 10 0.700000 0 2 1 1 0.680343 1 9 7 610 431 10 632 312 NA NA NA NA NA NA NA NA NA NA NA NA NA NA NA NA NA NA 
1 6 11 0.700000 0 8 1 1 1.593519 7 6 7 536 438 8 437 455 3 415 356 4 537 326 5 598 338 9 601 460 2 419 295 10 631 392 
1 6 12 0.700000 0 2 1 1 0.909831 0 8 3 388 419 10 390 300 NA NA NA NA NA NA NA NA NA NA NA NA NA NA NA NA NA NA 
1 6 13 0.700000 0 8 1 0 1.597684 5 8 4 405 459 10 601 398 7 531 440 1 583 315 9 593 466 5 443 391 6 637 338 3 402 322 
1 6 14 0.700000 0 2 1 1 0.654887 0 5 8 455 308 4 393 380 NA NA NA NA NA NA NA NA NA NA NA NA NA NA NA NA NA NA 
1 6 15 0.700000 0 8 0 1 2.964637 5 10 6 623 383 5 520 465 1 567 425 8 438 337 3 513 294 10 400 395 4 564 326 9 430 457 
1 6 16 0.700000 0 5 1 1 2.924832 2 9 8 578 461 10 413 311 1 610 306 6 396 428 3 474 454 NA NA NA NA NA NA NA NA NA 
1 6 17 0.700000 0 8 1 1 1.242535 2 4 10 600 444 9 625 340 8 429 347 6 427 464 5 561 330 2 509 465 3 399 297 7 392 415 
1 6 18 0.700000 0 2 1 1 0.922213 1 6 3 478 310 2 633 362 NA NA NA NA NA NA NA NA NA NA NA NA NA NA NA NA NA NA 
1 6 19 0.700000 0 5 1 1 0.882178 1 5 2 504 474 9 590 390 6 454 303 8 575 447 3 405 424 NA NA NA NA NA NA NA NA NA 
1 6 20 0.700000 0 8 1 1 2.286321 5 5 4 492 297 2 445 429 10 637 435 6 608 322 3 440 367 7 519 465 1 434 300 8 581 375 
1 6 21 0.700000 0 5 0 0 1.356916 4 5 4 627 429 3 405 449 1 538 294 9 433 311 5 388 380 NA NA NA NA NA NA NA NA NA 
1 6 22 0.700000 0 8 1 1 0.730785 1 6 1 456 344 5 525 297 2 591 299 7 403 379 10 620 368 4 601 448 3 414 469 8 456 405 
1 6 23 0.700000 0 8 0 0 0.907820 7 10 7 631 417 9 626 312 2 562 335 6 496 442 3 419 387 8 469 328 4 570 445 10 390 472 
1 6 24 0.700000 0 2 1 1 0.770378 1 3 10 449 308 4 562 443 NA NA NA NA NA NA NA NA NA NA NA NA NA NA NA NA NA NA 
1 6 25 0.700000 0 5 1 1 0.788563 3 10 8 592 388 3 502 460 4 392 382 1 541 324 6 473 301 NA NA NA NA NA NA NA NA NA 
1 6 26 0.700000 0 8 1 1 0.848498 5 4 10 444 394 6 396 319 5 621 346 9 480 323 7 589 398 1 539 469 3 579 295 8 632 447 
1 6 27 0.700000 0 8 1 1 2.531543 5 7 6 572 356 9 624 403 8 443 296 2 398 373 3 522 467 5 605 471 4 394 473 1 452 473 
1 6 28 0.700000 0 5 1 1 1.386513 4 9 1 449 381 8 404 317 4 571 443 6 588 345 5 432 466 NA NA NA NA NA NA NA NA NA 
1 6 29 0.700000 0 2 1 1 0.768686 0 2 6 390 378 9 424 310 NA NA NA NA NA NA NA NA NA NA NA NA NA NA NA NA NA NA 
1 6 30 0.700000 0 5 0 0 1.837794 2 7 6 490 472 5 571 298 7 431 406 10 635 361 8 616 430 NA NA NA NA NA NA NA NA NA 
1 6 31 0.700000 0 5 1 0 2.323720 2 8 5 579 304 3 406 350 6 591 435 2 450 417 10 613 369 NA NA NA NA NA NA NA NA NA 
1 6 32 0.700000 0 2 1 1 0.708372 1 2 9 582 400 5 424 303 NA NA NA NA NA NA NA NA NA NA NA NA NA NA NA NA NA NA 
1 6 33 0.700000 0 5 1 1 1.846976 3 7 3 619 432 10 492 466 6 515 298 8 389 311 1 392 443 NA NA NA NA NA NA NA NA NA 
1 6 34 0.700000 0 5 1 1 2.131602 0 8 6 572 314 2 394 356 1 576 462 3 627 367 9 449 474 NA NA NA NA NA NA NA NA NA 
1 6 35 0.700000 0 2 0 0 0.986957 0 3 3 395 342 8 593 304 NA NA NA NA NA NA NA NA NA NA NA NA NA NA NA NA NA NA 
1 6 36 0.700000 0 2 0 0 0.637957 1 8 10 445 473 8 411 384 NA NA NA NA NA NA NA NA NA NA NA NA NA NA NA NA NA NA 
1 6 37 0.700000 0 5 1 1 1.126966 4 2 4 489 330 1 388 336 3 561 423 10 424 456 7 615 353 NA NA NA NA NA NA NA NA NA 
1 6 38 0.700000 0 5 1 1 1.330329 3 6 1 570 406 3 532 465 9 438 471 5 583 311 2 391 404 NA NA NA NA NA NA NA NA NA 
1 6 39 0.700000 0 2 0 0 0.742680 0 9 9 626 303 8 498 456 NA NA NA NA NA NA NA NA NA NA NA NA NA NA NA NA NA NA 
1 6 40 0.700000 0 8 1 1 0.813902 5 2 9 591 423 5 464 473 3 586 306 6 514 303 1 391 413 4 631 365 10 528 468 7 455 412 
1 6 41 0.700000 0 5 0 1 1.033157 0 4 4 634 391 5 543 441 2 523 315 10 609 333 9 451 296 NA NA NA NA NA NA NA NA NA 
1 6 42 0.700000 0 5 1 1 1.040510 0 5 1 585 458 8 604 318 9 500 325 6 400 429 7 444 342 NA NA NA NA NA NA NA NA NA 
1 6 43 0.700000 0 2 1 1 0.657862 1 4 9 394 448 5 630 408 NA NA NA NA NA NA NA NA NA NA NA NA NA NA NA NA NA NA 
1 6 44 0.700000 0 8 0 1 1.732642 4 3 8 465 316 5 634 345 2 420 384 10 561 446 3 523 312 6 637 455 1 459 428 4 565 360 
1 6 45 0.700000 0 8 1 1 0.981313 4 10 2 596 398 7 514 469 1 443 350 9 505 310 4 571 344 6 395 300 3 439 473 5 634 300 
1 6 46 0.700000 0 8 0 0 1.987979 0 2 2 636 445 6 481 443 8 403 338 3 626 308 1 478 321 10 575 423 7 415 454 5 567 336 
1 6 47 0.700000 0 8 1 1 1.364804 0 6 7 617 384 3 406 416 2 559 333 9 630 319 5 434 314 1 497 318 4 519 460 8 627 472 
1 6 48 0.700000 0 5 0 0 0.926703 2 8 3 486 301 1 569 321 8 412 429 10 520 458 6 621 394 NA NA NA NA NA NA NA NA NA 
1 6 49 0.700000 0 2 0 0 0.728775 0 9 9 593 323 2 433 414 NA NA NA NA NA NA NA NA NA NA NA NA NA NA NA NA NA NA 
1 6 50 0.700000 0 2 1 1 0.842196 0 3 2 407 367 8 583 335 NA NA NA NA NA NA NA NA NA NA NA NA NA NA NA NA NA NA 
1 6 51 0.700000 0 8 1 1 1.149174 6 4 2 636 418 5 438 362 1 598 468 8 407 301 3 455 451 10 558 296 9 472 310 6 531 445 
1 6 52 0.700000 0 2 1 1 0.673647 1 2 3 429 470 5 611 370 NA NA NA NA NA NA NA NA NA NA NA NA NA NA NA NA NA NA 
1 6 53 0.700000 0 8 0 1 2.861784 7 7 1 577 455 9 433 413 8 512 443 10 580 318 5 451 356 4 387 471 2 520 322 7 613 389 
1 6 54 0.700000 0 5 0 0 1.543020 3 8 10 605 366 7 442 466 2 548 462 8 414 402 1 555 315 NA NA NA NA NA NA NA NA NA 
1 6 55 0.700000 0 2 1 1 1.548685 1 8 7 577 448 6 407 309 NA NA NA NA NA NA NA NA NA NA NA NA NA NA NA NA NA NA 
1 6 56 0.700000 0 5 1 1 2.452419 4 9 7 562 417 4 446 411 1 402 359 5 620 370 2 627 297 NA NA NA NA NA NA NA NA NA 
1 6 57 0.700000 0 8 0 0 2.355541 2 5 7 425 429 9 537 446 5 394 323 1 542 295 8 626 474 3 454 342 4 628 318 6 478 457 
1 6 58 0.700000 0 2 1 1 0.694045 0 9 3 627 434 1 394 459 NA NA NA NA NA NA NA NA NA NA NA NA NA NA NA NA NA NA 
1 6 59 0.700000 0 8 1 1 1.211819 4 1 6 592 404 8 496 311 10 485 469 9 424 466 3 556 457 5 393 332 7 626 332 4 432 391 
1 7 0 0.500000 0 8 0 1 2.240121 6 6 10 433 333 1 598 461 9 407 451 5 621 333 2 539 456 7 451 411 6 538 303 4 587 391 
1 7 1 0.500000 0 5 0 0 0.620355 0 10 10 550 307 5 433 464 8 526 442 4 591 382 9 588 466 NA NA NA NA NA NA NA NA NA 
1 7 2 0.500000 0 2 0 0 0.739360 1 6 3 428 335 6 428 444 NA NA NA NA NA NA NA NA NA NA NA NA NA NA NA NA NA NA 
1 7 3 0.500000 0 2 0 0 1.505964 1 7 6 421 362 7 610 317 NA NA NA NA NA NA NA NA NA NA NA NA NA NA NA NA NA NA 
1 7 4 0.500000 0 5 1 1 1.129256 0 3 7 429 303 9 408 387 2 499 467 8 586 422 5 538 299 NA NA NA NA NA NA NA NA NA 
1 7 5 0.500000 0 8 1 0 1.291541 7 9 4 619 329 5 415 411 8 602 412 2 393 349 6 486 473 10 467 312 1 419 472 3 583 467 
1 7 6 0.500000 0 8 1 1 1.002791 0 8 9 466 421 3 408 382 5 617 448 6 562 351 7 391 324 10 547 432 2 495 318 4 625 387 
1 7 7 0.500000 0 5 0 0 1.812585 1 2 6 606 373 2 522 312 3 427 308 5 592 461 4 452 447 NA NA NA NA NA NA NA NA NA 
1 7 8 0.500000 0 2 1 1 0.787507 1 5 8 573 342 7 395 406 NA NA NA NA NA NA NA NA NA NA NA NA NA NA NA NA NA NA 
1 7 9 0.500000 0 5 0 0 0.959898 2 1 9 514 463 6 449 333 1 602 321 5 622 415 8 562 418 NA NA NA NA NA NA NA NA NA 
1 7 10 0.500000 0 5 1 1 1.621042 4 3 4 596 448 7 409 457 10 530 303 6 420 304 5 587 350 NA NA NA NA NA NA NA NA NA 
1 7 11 0.500000 0 8 1 1 1.105766 6 7 6 446 332 9 474 470 4 549 456 5 567 363 2 633 441 1 529 297 8 390 455 10 390 351 
1 7 12 0.500000 0 2 1 1 0.629746 1 4 1 436 359 10 599 416 NA NA NA NA NA NA NA NA NA NA NA NA NA NA NA NA NA NA 
1 7 13 0.500000 0 2 1 1 0.723432 1 2 6 514 294 3 426 295 NA NA NA NA NA NA NA NA NA NA NA NA NA NA NA NA NA NA 
1 7 14 0.500000 0 8 1 1 2.761086 4 5 8 440 443 4 632 296 10 608 351 6 439 337 9 619 448 7 562 435 3 557 295 2 410 393 
1 7 15 0.500000 0 2 0 0 0.987099 0 10 10 476 329 6 604 371 NA NA NA NA NA NA NA NA NA NA NA NA NA NA NA NA NA NA 
1 7 16 0.500000 0 2 0 0 0.658344 1 10 1 479 319 10 633 433 NA NA NA NA NA NA NA NA NA NA NA NA NA NA NA NA NA NA 
1 7 17 0.500000 0 5 0 0 0.808232 2 6 10 523 308 3 394 436 6 457 364 5 402 335 2 561 453 NA NA NA NA NA NA NA NA NA 
1 7 18 0.500000 0 5 0 0 0.819250 1 10 7 576 319 10 410 454 3 489 450 1 576 422 5 428 372 NA NA NA NA NA NA NA NA NA 
1 7 19 0.500000 0 5 0 0 1.201185 4 7 3 396 308 10 632 407 8 591 324 9 393 460 7 535 451 NA NA NA NA NA NA NA NA NA 
1 7 20 0.500000 0 8 1 1 0.759858 5 9 3 448 344 1 497 459 8 622 304 6 567 441 4 551 330 2 404 442 10 457 413 5 398 383 
1 7 21 0.500000 0 2 0 0 0.731511 0 4 4 405 382 8 631 327 NA NA NA NA NA NA NA NA NA NA NA NA NA NA NA NA NA NA 
1 7 22 0.500000 0 8 1 1 2.128812 1 8 1 624 404 7 438 322 3 443 399 4 452 473 6 586 301 9 514 461 2 585 451 10 388 380 
1 7 23 0.500000 0 2 1 1 0.697925 0 4 2 632 418 9 563 299 NA NA NA NA NA NA NA NA NA NA NA NA NA NA NA NA NA NA 
1 7 24 0.500000 0 5 1 0 1.135226 1 10 6 419 466 5 580 306 3 429 407 2 621 404 4 466 311 NA NA NA NA NA NA NA NA NA 
1 7 25 0.500000 0 2 1 1 0.576317 0 4 10 407 399 9 588 464 NA NA NA NA NA NA NA NA NA NA NA NA NA NA NA NA NA NA 
1 7 26 0.500000 0 2 0 0 1.317203 0 1 1 532 458 7 402 360 NA NA NA NA NA NA NA NA NA NA NA NA NA NA NA NA NA NA 
1 7 27 0.500000 0 5 1 1 0.747365 1 1 6 407 392 7 440 460 9 622 427 10 563 457 4 609 324 NA NA NA NA NA NA NA NA NA 
1 7 28 0.500000 0 5 1 1 1.647841 4 5 10 553 447 8 432 463 6 622 317 3 436 298 2 619 463 NA NA NA NA NA NA NA NA NA 
1 7 29 0.500000 0 8 0 0 0.780776 4 10 6 596 310 7 410 430 9 503 309 2 536 458 10 447 331 4 592 372 5 635 434 8 478 451 
1 7 30 0.500000 0 5 1 0 1.896435 1 8 4 516 452 3 587 344 5 448 320 6 406 416 7 632 470 NA NA NA NA NA NA NA NA NA 
1 7 31 0.500000 0 2 1 1 0.699619 1 4 3 533 305 1 460 414 NA NA NA NA NA NA NA NA NA NA NA NA NA NA NA NA NA NA 
1 7 32 0.500000 0 8 1 1 1.530524 2 7 8 633 318 1 579 396 10 499 461 4 404 334 9 399 414 6 456 400 2 508 301 5 589 471 
1 7 33 0.500000 0 5 1 1 1.310819 2 1 6 399 353 3 426 435 7 592 378 5 539 440 4 529 322 NA NA NA NA NA NA NA NA NA 
1 7 34 0.500000 0 5 0 0 0.794247 0 7 7 576 334 1 421 467 4 396 339 8 454 394 3 456 296 NA NA NA NA NA NA NA NA NA 
1 7 35 0.500000 0 8 1 1 1.120657 4 6 5 618 311 4 561 337 10 400 366 2 480 445 1 622 373 7 600 451 9 461 316 8 398 444 
1 7 36 0.500000 0 5 0 0 1.465129 4 10 4 453 423 1 591 467 7 423 315 5 592 362 10 495 304 NA NA NA NA NA NA NA NA NA 
1 7 37 0.500000 0 8 0 1 2.427377 1 2 10 408 416 2 504 315 3 552 458 4 618 331 5 583 389 8 629 435 7 442 305 9 449 470 
1 7 38 0.500000 0 2 1 1 0.822673 0 2 1 560 339 6 423 340 NA NA NA NA NA NA NA NA NA NA NA NA NA NA NA NA NA NA 
1 7 39 0.500000 0 8 1 1 1.377539 3 7 6 445 323 2 624 304 5 523 449 3 620 462 4 434 401 1 598 365 8 544 322 10 390 357 
1 7 40 0.500000 0 8 0 0 2.130506 0 8 8 477 473 5 446 351 1 609 428 4 397 401 10 400 314 6 404 469 7 600 361 3 546 305 
1 7 41 0.500000 0 5 1 1 0.929162 3 1 3 455 427 8 428 302 6 545 449 4 399 471 7 626 355 NA NA NA NA NA NA NA NA NA 
1 7 42 0.500000 0 8 0 0 0.891430 4 1 2 618 379 7 448 345 8 437 410 4 563 471 1 584 299 9 618 440 5 395 462 3 387 346 
1 7 43 0.500000 0 2 1 1 0.714302 0 5 8 445 462 4 547 309 NA NA NA NA NA NA NA NA NA NA NA NA NA NA NA NA NA NA 
1 7 44 0.500000 0 5 0 0 0.982131 0 9 9 449 325 7 554 336 10 631 341 3 547 467 8 406 450 NA NA NA NA NA NA NA NA NA 
1 7 45 0.500000 0 8 0 0 3.130901 3 5 7 598 437 4 628 322 9 438 341 5 567 346 6 466 457 1 396 448 10 520 303 8 395 297 
1 7 46 0.500000 0 5 0 0 0.960629 3 3 10 626 466 6 633 366 8 408 337 3 403 406 9 468 323 NA NA NA NA NA NA NA NA NA 
1 7 47 0.500000 0 2 1 1 0.939345 1 1 6 607 375 10 395 418 NA NA NA NA NA NA NA NA NA NA NA NA NA NA NA NA NA NA 
1 7 48 0.500000 0 8 1 1 1.252993 3 6 9 512 445 8 419 359 7 539 306 4 448 427 3 617 355 2 477 327 5 580 432 10 405 468 
1 7 49 0.500000 0 5 1 1 0.895781 3 8 5 525 442 6 571 352 3 611 450 1 415 305 7 410 467 NA NA NA NA NA NA NA NA NA 
1 7 50 0.500000 0 2 0 0 0.762740 0 3 3 618 366 8 498 446 NA NA NA NA NA NA NA NA NA NA NA NA NA NA NA NA NA NA 
1 7 51 0.500000 0 5 1 1 0.693321 0 3 8 389 297 5 430 434 1 621 309 2 529 304 6 574 456 NA NA NA NA NA NA NA NA NA 
1 7 52 0.500000 0 8 0 0 0.793727 2 9 1 438 320 6 548 446 9 572 388 4 618 349 3 406 435 2 419 378 5 564 295 10 631 410 
1 7 53 0.500000 0 2 1 1 0.657650 1 7 4 553 304 3 617 420 NA NA NA NA NA NA NA NA NA NA NA NA NA NA NA NA NA NA 
1 7 54 0.500000 0 2 0 0 0.679630 0 9 9 440 416 1 606 367 NA NA NA NA NA NA NA NA NA NA NA NA NA NA NA NA NA NA 
1 7 55 0.500000 0 2 0 0 0.839425 1 4 7 438 389 4 390 307 NA NA NA NA NA NA NA NA NA NA NA NA NA NA NA NA NA NA 
1 7 56 0.500000 0 8 0 0 0.739897 6 10 7 553 466 4 548 333 1 599 407 8 391 469 5 467 435 6 632 467 10 417 377 3 397 317 
1 7 57 0.500000 0 2 0 0 0.614765 1 10 2 492 306 10 636 318 NA NA NA NA NA NA NA NA NA NA NA NA NA NA NA NA NA NA 
1 7 58 0.500000 0 8 0 0 1.269718 2 1 4 523 470 5 449 344 1 618 442 3 490 301 9 457 423 10 599 305 2 393 468 7 582 365 
1 7 59 0.500000 0 8 0 0 1.166232 4 10 1 455 418 6 495 296 9 632 397 2 559 418 10 586 352 8 537 474 7 422 339 4 391 472 
1 8 0 0.300000 0 5 0 0 0.607028 3 10 9 594 424 7 433 332 6 549 335 10 634 380 4 481 296 NA NA NA NA NA NA NA NA NA 
1 8 1 0.300000 0 5 0 0 2.081594 1 7 8 583 436 7 469 444 4 395 304 9 577 354 2 447 365 NA NA NA NA NA NA NA NA NA 
1 8 2 0.300000 0 5 0 0 0.776395 0 3 3 401 313 8 450 371 7 624 469 9 405 421 2 636 326 NA NA NA NA NA NA NA NA NA 
1 8 3 0.300000 0 2 0 0 0.932789 0 3 3 393 415 9 588 338 NA NA NA NA NA NA NA NA NA NA NA NA NA NA NA NA NA NA 
1 8 4 0.300000 0 8 1 1 1.299256 1 6 9 627 381 2 535 456 1 426 400 5 618 322 3 451 309 8 514 305 7 619 465 10 569 367 
1 8 5 0.300000 0 5 0 0 0.908262 3 2 10 466 322 5 547 314 7 621 308 2 504 451 6 410 359 NA NA NA NA NA NA NA NA NA 
1 8 6 0.300000 0 8 0 0 2.167213 1 10 4 593 461 10 429 404 1 416 315 7 579 392 3 538 442 5 569 306 8 445 462 6 387 460 
1 8 7 0.300000 0 8 0 1 1.152410 2 7 5 627 346 9 522 472 7 410 420 8 404 348 1 563 415 4 447 305 10 456 458 6 574 322 
1 8 8 0.300000 0 2 0 0 1.376745 0 6 6 447 380 1 585 439 NA NA NA NA NA NA NA NA NA NA NA NA NA NA NA NA NA NA 
1 8 9 0.300000 0 2 0 0 0.969163 1 7 10 547 322 7 470 451 NA NA NA NA NA NA NA NA NA NA NA NA NA NA NA NA NA NA 
1 8 10 0.300000 0 8 0 0 1.550223 4 4 8 399 368 10 473 446 3 617 318 5 552 439 4 624 443 9 536 317 2 479 329 7 399 463 
1 8 11 0.300000 0 8 0 0 0.781403 1 10 6 461 338 10 609 348 1 572 405 7 437 428 8 486 466 3 387 325 4 548 463 9 542 324 
1 8 12 0.300000 0 2 0 0 0.519562 1 9 2 455 332 9 442 443 NA NA NA NA NA NA NA NA NA NA NA NA NA NA NA NA NA NA 
1 8 13 0.300000 0 5 1 0 1.020735 3 2 6 592 348 4 395 333 5 439 410 7 583 452 3 457 344 NA NA NA NA NA NA NA NA NA 
1 8 14 0.300000 0 2 0 0 0.732242 0 6 6 619 358 7 469 326 NA NA NA NA NA NA NA NA NA NA NA NA NA NA NA NA NA NA 
1 8 15 0.300000 0 2 1 1 0.885785 1 3 2 606 445 10 421 421 NA NA NA NA NA NA NA NA NA NA NA NA NA NA NA NA NA NA 
1 8 16 0.300000 0 5 0 0 0.824676 4 10 7 498 467 2 468 325 3 606 299 6 549 334 10 635 444 NA NA NA NA NA NA NA NA NA 
1 8 17 0.300000 0 2 1 1 0.780826 1 7 2 460 328 9 432 418 NA NA NA NA NA NA NA NA NA NA NA NA NA NA NA NA NA NA 
1 8 18 0.300000 0 2 1 1 0.766765 0 6 7 601 417 2 610 348 NA NA NA NA NA NA NA NA NA NA NA NA NA NA NA NA NA NA 
1 8 19 0.300000 0 8 0 0 1.514119 1 10 3 460 422 10 410 318 8 590 341 9 560 444 1 510 310 6 619 469 4 631 388 5 393 470 
1 8 20 0.300000 0 5 0 0 1.400648 0 7 7 585 300 4 443 452 9 430 352 3 604 461 10 502 463 NA NA NA NA NA NA NA NA NA 
1 8 21 0.300000 0 8 1 1 1.331172 3 5 1 554 462 2 477 324 7 417 452 4 401 313 3 584 297 6 439 388 10 619 429 9 474 468 
1 8 22 0.300000 0 8 0 1 1.141025 0 10 10 577 421 7 585 353 6 516 325 9 421 464 5 630 446 3 513 474 2 435 321 1 437 397 
1 8 23 0.300000 0 2 0 0 0.833258 1 3 6 463 301 3 534 473 NA NA NA NA NA NA NA NA NA NA NA NA NA NA NA NA NA NA 
1 8 24 0.300000 0 5 1 0 1.813025 0 6 2 544 442 5 479 447 3 552 312 7 416 352 4 390 455 NA NA NA NA NA NA NA NA NA 
1 8 25 0.300000 0 5 1 1 2.010350 2 2 7 533 460 10 591 448 5 485 312 9 451 432 8 408 350 NA NA NA NA NA NA NA NA NA 
1 8 26 0.300000 0 2 0 0 0.797242 0 6 6 416 353 2 576 304 NA NA NA NA NA NA NA NA NA NA NA NA NA NA NA NA NA NA 
1 8 27 0.300000 0 5 0 0 0.990156 1 6 5 406 375 6 590 304 9 597 455 3 398 298 2 447 425 NA NA NA NA NA NA NA NA NA 
1 8 28 0.300000 0 5 1 1 1.016749 1 7 5 438 380 1 575 368 8 572 434 2 420 445 3 391 321 NA NA NA NA NA NA NA NA NA 
1 8 29 0.300000 0 5 0 0 0.861886 3 7 2 519 315 1 510 453 10 404 317 7 387 415 9 635 300 NA NA NA NA NA NA NA NA NA 
1 8 30 0.300000 0 5 0 0 1.099886 1 6 10 635 370 6 556 342 7 609 432 1 447 394 5 392 460 NA NA NA NA NA NA NA NA NA 
1 8 31 0.300000 0 8 0 0 1.421652 4 7 9 392 442 5 441 345 4 605 323 2 468 463 7 603 459 3 512 298 10 594 401 6 398 306 
1 8 32 0.300000 0 2 1 1 1.934867 0 7 2 569 447 9 593 349 NA NA NA NA NA NA NA NA NA NA NA NA NA NA NA NA NA NA 
1 8 33 0.300000 0 5 0 0 1.220332 0 10 10 627 348 8 439 417 5 577 380 9 525 455 6 387 450 NA NA NA NA NA NA NA NA NA 
1 8 34 0.300000 0 2 0 0 0.617631 0 3 3 636 298 5 527 320 NA NA NA NA NA NA NA NA NA NA NA NA NA NA NA NA NA NA 
1 8 35 0.300000 0 5 1 1 0.946644 1 10 6 441 327 2 529 304 5 591 474 9 515 447 3 409 407 NA NA NA NA NA NA NA NA NA 
1 8 36 0.300000 0 5 1 0 2.648803 0 9 3 543 332 4 448 311 2 443 369 1 595 429 10 407 463 NA NA NA NA NA NA NA NA NA 
1 8 37 0.300000 0 2 1 1 0.655166 0 2 9 623 429 1 390 435 NA NA NA NA NA NA NA NA NA NA NA NA NA NA NA NA NA NA 
1 8 38 0.300000 0 8 0 0 1.117868 3 7 2 592 436 8 415 391 9 408 471 7 476 461 10 453 322 4 600 297 5 629 375 1 513 312 
1 8 39 0.300000 0 2 0 0 0.791113 1 6 5 605 297 6 560 462 NA NA NA NA NA NA NA NA NA NA NA NA NA NA NA NA NA NA 
1 8 40 0.300000 0 5 0 1 1.525506 1 5 10 630 302 5 515 316 3 582 465 6 404 320 7 429 398 NA NA NA NA NA NA NA NA NA 
1 8 41 0.300000 0 8 1 1 0.937689 3 7 3 618 365 6 505 442 2 440 308 10 558 334 8 606 423 5 439 368 9 428 460 1 619 299 
1 8 42 0.300000 0 5 0 0 1.270551 3 2 3 581 411 10 517 326 1 464 452 2 415 391 6 442 295 NA NA NA NA NA NA NA NA NA 
1 8 43 0.300000 0 2 0 0 0.891087 1 5 6 456 340 5 450 424 NA NA NA NA NA NA NA NA NA NA NA NA NA NA NA NA NA NA 
1 8 44 0.300000 0 5 0 0 0.741063 0 1 1 591 416 2 446 376 7 389 406 8 589 357 6 430 456 NA NA NA NA NA NA NA NA NA 
1 8 45 0.300000 0 2 0 0 0.535398 1 7 6 436 366 7 565 351 NA NA NA NA NA NA NA NA NA NA NA NA NA NA NA NA NA NA 
1 8 46 0.300000 0 2 1 1 0.679993 1 10 8 456 408 4 468 470 NA NA NA NA NA NA NA NA NA NA NA NA NA NA NA NA NA NA 
1 8 47 0.300000 0 8 0 0 1.181791 2 4 9 629 329 6 494 447 4 514 302 7 435 461 1 567 360 3 626 422 2 392 339 8 588 470 
1 8 48 0.300000 0 8 1 0 2.017967 3 9 6 550 441 8 558 314 7 429 332 4 624 440 1 388 421 2 598 386 3 447 419 5 482 467 
1 8 49 0.300000 0 8 0 0 0.958346 1 8 1 571 382 8 465 343 2 584 303 3 519 474 5 387 319 10 391 380 6 632 400 4 523 302 
1 8 50 0.300000 0 2 0 1 1.288722 1 7 3 431 410 7 389 338 NA NA NA NA NA NA NA NA NA NA NA NA NA NA NA NA NA NA 
1 8 51 0.300000 0 2 0 0 0.513079 0 10 10 576 356 1 636 363 NA NA NA NA NA NA NA NA NA NA NA NA NA NA NA NA NA NA 
1 8 52 0.300000 0 8 0 0 0.646722 2 3 10 438 457 2 628 390 3 551 457 8 558 321 1 418 310 6 494 313 4 453 395 9 616 460 
1 8 53 0.300000 0 8 1 0 0.780840 0 5 7 405 413 9 539 467 10 573 385 8 446 302 4 628 366 2 440 471 6 617 427 1 624 304 
1 8 54 0.300000 0 8 0 0 1.294240 5 9 1 466 326 4 593 331 6 424 462 5 411 401 7 624 428 9 516 463 10 534 321 2 395 340 
1 8 55 0.300000 0 8 1 1 1.118441 3 4 9 581 431 5 391 311 2 611 369 6 520 443 3 390 455 8 455 339 10 628 295 1 463 464 
1 8 56 0.300000 0 8 0 0 1.962322 7 8 1 627 441 4 504 474 7 400 389 10 560 332 2 621 325 9 432 324 3 389 463 8 597 387 
1 8 57 0.300000 0 5 0 1 1.536689 2 6 4 467 466 1 594 461 6 501 299 3 630 411 7 608 312 NA NA NA NA NA NA NA NA NA 
1 8 58 0.300000 0 2 0 0 0.673030 1 8 10 435 346 8 634 432 NA NA NA NA NA NA NA NA NA NA NA NA NA NA NA NA NA NA 
1 8 59 0.300000 0 8 0 1 1.125563 3 3 2 459 429 4 471 325 7 629 330 3 562 415 6 389 348 1 626 452 5 525 294 8 409 461 
