9 0 0 0.300000 0 2 0 0 0.788806 1 1 2 560 308 1 530 469 NA NA NA NA NA NA NA NA NA NA NA NA NA NA NA NA NA NA 
9 0 1 0.300000 0 5 0 0 1.088295 1 5 1 389 379 5 468 305 8 616 388 9 625 308 4 453 377 NA NA NA NA NA NA NA NA NA 
9 0 2 0.300000 0 8 0 0 0.895028 7 6 8 626 332 2 592 391 3 495 297 1 636 433 9 405 439 4 566 473 7 392 312 6 453 391 
9 0 3 0.300000 0 2 0 0 0.837763 0 5 5 440 312 7 559 455 NA NA NA NA NA NA NA NA NA NA NA NA NA NA NA NA NA NA 
9 0 4 0.300000 0 5 0 0 0.794551 2 8 10 421 455 1 611 374 8 501 453 5 467 338 6 394 344 NA NA NA NA NA NA NA NA NA 
9 0 5 0.300000 0 2 0 0 0.803606 0 6 6 562 314 3 461 352 NA NA NA NA NA NA NA NA NA NA NA NA NA NA NA NA NA NA 
9 0 6 0.300000 0 8 1 0 1.178730 6 7 1 430 305 2 632 394 8 575 314 10 407 378 4 501 455 5 451 417 9 505 310 6 576 447 
9 0 7 0.300000 0 2 1 1 1.000472 1 1 6 607 381 8 470 458 NA NA NA NA NA NA NA NA NA NA NA NA NA NA NA NA NA NA 
9 0 8 0.300000 0 2 0 0 1.035604 1 8 2 571 454 8 418 401 NA NA NA NA NA NA NA NA NA NA NA NA NA NA NA NA NA NA 
9 0 9 0.300000 0 8 0 0 0.708490 4 6 9 592 360 2 560 424 10 471 296 8 395 422 6 435 472 1 621 432 3 524 324 4 400 314 
9 0 10 0.300000 0 8 0 0 0.789855 5 9 7 591 341 8 517 470 5 441 351 3 617 398 6 504 295 9 570 436 2 409 465 10 622 462 
9 0 11 0.300000 0 2 0 0 0.670410 1 6 8 612 458 6 489 295 NA NA NA NA NA NA NA NA NA NA NA NA NA NA NA NA NA NA 
9 0 12 0.300000 0 8 0 1 1.139128 6 10 8 474 296 5 598 397 1 412 303 6 457 453 2 602 464 3 596 309 10 551 433 4 428 384 
9 0 13 0.300000 0 8 1 1 1.238976 5 6 8 587 347 2 521 306 5 458 471 9 399 310 1 407 424 10 563 449 3 626 461 4 440 357 
9 0 14 0.300000 0 2 1 1 1.113331 1 10 7 563 313 9 606 382 NA NA NA NA NA NA NA NA NA NA NA NA NA NA NA NA NA NA 
9 0 15 0.300000 0 5 0 1 1.226889 4 8 4 464 450 3 475 318 5 538 440 9 634 367 8 573 357 NA NA NA NA NA NA NA NA NA 
9 0 16 0.300000 0 2 1 1 0.872401 1 6 10 532 455 5 467 474 NA NA NA NA NA NA NA NA NA NA NA NA NA NA NA NA NA NA 
9 0 17 0.300000 0 8 0 1 1.277912 2 8 4 500 460 7 616 315 8 464 304 6 415 447 1 616 441 9 552 296 5 426 372 3 600 381 
9 0 18 0.300000 0 2 0 0 0.560959 1 6 7 629 324 6 586 448 NA NA NA NA NA NA NA NA NA NA NA NA NA NA NA NA NA NA 
9 0 19 0.300000 0 2 0 0 0.577773 0 5 5 519 459 4 589 383 NA NA NA NA NA NA NA NA NA NA NA NA NA NA NA NA NA NA 
9 0 20 0.300000 0 2 0 0 0.694737 1 10 4 399 335 10 451 294 NA NA NA NA NA NA NA NA NA NA NA NA NA NA NA NA NA NA 
9 0 21 0.300000 0 5 0 1 0.985842 2 3 2 455 368 4 389 462 3 394 312 9 588 403 5 481 308 NA NA NA NA NA NA NA NA NA 
9 0 22 0.300000 0 2 0 0 0.630659 0 9 9 445 451 10 571 381 NA NA NA NA NA NA NA NA NA NA NA NA NA NA NA NA NA NA 
9 0 23 0.300000 0 5 0 0 0.770941 3 1 3 601 367 5 441 338 8 415 390 1 593 302 7 564 439 NA NA NA NA NA NA NA NA NA 
9 0 24 0.300000 0 2 1 0 0.819071 0 9 3 628 433 10 419 423 NA NA NA NA NA NA NA NA NA NA NA NA NA NA NA NA NA NA 
9 0 25 0.300000 0 8 0 1 1.049143 3 4 3 407 441 7 597 363 8 621 295 4 589 455 9 391 299 6 459 301 1 635 410 10 400 376 
9 0 26 0.300000 0 5 0 0 0.668923 4 5 4 531 445 7 612 473 1 409 316 6 432 417 5 575 404 NA NA NA NA NA NA NA NA NA 
9 0 27 0.300000 0 2 0 0 0.638199 0 6 6 400 329 1 445 447 NA NA NA NA NA NA NA NA NA NA NA NA NA NA NA NA NA NA 
9 0 28 0.300000 0 5 0 0 0.608066 2 5 2 587 385 7 611 315 5 435 369 8 405 427 3 429 300 NA NA NA NA NA NA NA NA NA 
9 0 29 0.300000 0 5 1 1 0.861962 3 3 2 395 433 1 545 461 5 456 460 7 400 355 8 450 297 NA NA NA NA NA NA NA NA NA 
9 0 30 0.300000 0 2 0 0 0.824133 1 8 4 585 352 8 538 467 NA NA NA NA NA NA NA NA NA NA NA NA NA NA NA NA NA NA 
9 0 31 0.300000 0 2 0 0 0.652559 0 9 9 620 425 10 495 317 NA NA NA NA NA NA NA NA NA NA NA NA NA NA NA NA NA NA 
9 0 32 0.300000 0 5 0 0 0.650608 1 10 7 628 323 10 518 463 9 569 316 4 400 378 8 612 449 NA NA NA NA NA NA NA NA NA 
9 0 33 0.300000 0 8 0 0 0.818734 1 9 2 442 364 9 509 445 10 549 321 4 406 464 1 635 410 3 599 457 7 612 310 8 408 305 
9 0 34 0.300000 0 8 0 0 0.758857 6 1 5 454 365 9 620 447 6 402 467 2 401 403 10 603 363 8 547 455 1 570 298 7 472 439 
9 0 35 0.300000 0 5 0 0 0.698945 4 3 2 563 350 5 389 303 10 396 473 1 608 303 3 478 447 NA NA NA NA NA NA NA NA NA 
9 0 36 0.300000 0 8 0 0 0.599189 0 8 8 451 338 5 628 417 1 444 439 9 632 325 7 534 328 4 570 384 6 503 444 2 408 380 
9 0 37 0.300000 0 2 1 1 0.633422 0 4 6 461 426 1 530 451 NA NA NA NA NA NA NA NA NA NA NA NA NA NA NA NA NA NA 
9 0 38 0.300000 0 8 0 0 0.603376 1 10 2 601 370 10 409 446 9 565 305 3 475 432 6 453 327 4 403 368 8 505 295 7 575 452 
9 0 39 0.300000 0 2 0 0 0.709991 1 9 5 420 474 9 620 458 NA NA NA NA NA NA NA NA NA NA NA NA NA NA NA NA NA NA 
9 0 40 0.300000 0 5 1 1 0.719184 0 3 4 485 328 6 513 445 2 582 354 1 402 359 9 454 431 NA NA NA NA NA NA NA NA NA 
9 0 41 0.300000 0 5 1 1 0.691894 3 6 4 557 331 7 435 394 10 571 430 5 476 306 2 629 334 NA NA NA NA NA NA NA NA NA 
9 0 42 0.300000 0 5 0 0 0.672943 1 5 4 574 332 5 481 474 8 599 393 6 409 383 1 451 322 NA NA NA NA NA NA NA NA NA 
9 0 43 0.300000 0 5 1 1 1.335018 0 2 4 426 434 1 623 324 9 616 439 8 458 350 5 390 364 NA NA NA NA NA NA NA NA NA 
9 0 44 0.300000 0 8 0 0 0.744269 5 1 5 572 318 8 394 452 10 560 446 2 504 326 4 425 374 1 581 386 6 493 451 3 403 313 
9 0 45 0.300000 0 2 1 1 0.594637 1 10 2 569 443 3 515 315 NA NA NA NA NA NA NA NA NA NA NA NA NA NA NA NA NA NA 
9 0 46 0.300000 0 8 1 1 0.759530 7 7 4 619 442 9 483 294 2 443 370 10 510 470 6 411 297 8 443 429 1 582 380 5 556 310 
9 0 47 0.300000 0 5 1 1 0.821840 1 1 3 583 353 10 448 387 8 420 325 2 539 311 4 637 466 NA NA NA NA NA NA NA NA NA 
9 0 48 0.300000 0 5 0 0 0.780829 3 5 2 622 357 7 395 308 3 406 443 5 586 450 1 467 314 NA NA NA NA NA NA NA NA NA 
9 0 49 0.300000 0 5 1 1 0.639191 1 8 2 461 435 6 447 344 4 560 425 5 513 323 3 399 409 NA NA NA NA NA NA NA NA NA 
9 0 50 0.300000 0 5 0 0 0.826354 1 7 5 416 389 7 571 305 10 496 295 8 586 471 2 475 460 NA NA NA NA NA NA NA NA NA 
9 0 51 0.300000 0 5 0 1 0.833533 2 8 1 592 380 10 429 463 8 410 381 3 502 471 4 420 311 NA NA NA NA NA NA NA NA NA 
9 0 52 0.300000 0 8 0 1 0.784385 1 5 10 423 429 5 391 302 2 569 324 1 615 360 8 612 447 3 474 471 4 452 371 6 497 316 
9 0 53 0.300000 0 8 1 1 0.743333 5 10 5 412 338 7 594 376 8 564 470 2 525 294 6 421 470 9 616 309 1 618 440 3 461 419 
9 0 54 0.300000 0 2 0 0 0.598725 0 2 2 596 303 5 524 306 NA NA NA NA NA NA NA NA NA NA NA NA NA NA NA NA NA NA 
9 0 55 0.300000 0 8 1 1 0.725013 4 1 4 424 402 7 634 447 10 582 402 6 406 315 5 506 443 3 501 316 8 572 464 9 625 312 
9 0 56 0.300000 0 8 1 1 0.787004 5 7 1 508 296 6 514 461 3 618 387 8 443 326 2 389 300 9 394 362 4 622 453 5 581 325 
9 0 57 0.300000 0 8 0 1 1.055545 7 3 2 576 387 9 387 404 8 440 431 6 400 338 4 499 459 7 629 363 5 486 321 3 591 449 
9 0 58 0.300000 0 5 0 0 0.577810 1 5 6 401 452 5 634 367 9 596 473 3 393 369 7 522 452 NA NA NA NA NA NA NA NA NA 
9 0 59 0.300000 0 8 0 0 0.611937 1 6 7 391 328 6 485 463 1 575 339 10 458 301 8 581 456 4 432 389 5 635 432 2 406 460 
9 1 0 0.500000 0 8 1 1 0.863639 5 10 7 626 457 8 540 472 4 608 355 2 485 324 3 588 297 6 411 460 5 576 412 9 411 343 
9 1 1 0.500000 0 5 0 0 0.700175 2 8 7 414 473 3 402 303 8 619 367 10 399 401 5 479 458 NA NA NA NA NA NA NA NA NA 
9 1 2 0.500000 0 5 1 1 0.804609 2 2 9 609 385 5 464 421 3 558 456 1 399 404 7 625 445 NA NA NA NA NA NA NA NA NA 
9 1 3 0.500000 0 2 1 1 0.867174 0 1 7 616 397 10 512 310 NA NA NA NA NA NA NA NA NA NA NA NA NA NA NA NA NA NA 
9 1 4 0.500000 0 5 0 0 0.835259 3 1 8 623 472 3 448 440 9 569 315 1 632 310 6 481 310 NA NA NA NA NA NA NA NA NA 
9 1 5 0.500000 0 5 1 1 0.764641 3 8 7 461 460 5 593 446 1 442 393 4 388 450 10 571 331 NA NA NA NA NA NA NA NA NA 
9 1 6 0.500000 0 2 1 1 0.681849 0 10 7 470 463 2 403 395 NA NA NA NA NA NA NA NA NA NA NA NA NA NA NA NA NA NA 
9 1 7 0.500000 0 5 0 0 0.715814 1 9 5 454 433 9 636 460 6 398 349 1 544 434 10 600 341 NA NA NA NA NA NA NA NA NA 
9 1 8 0.500000 0 8 0 1 0.728292 1 4 6 451 319 4 590 408 7 396 454 3 629 306 5 459 440 9 542 294 8 387 309 10 418 381 
9 1 9 0.500000 0 8 1 1 0.809725 1 5 6 550 312 9 431 370 8 552 457 1 429 304 3 636 369 2 479 459 7 630 443 4 617 313 
9 1 10 0.500000 0 8 0 0 0.657584 7 8 7 609 443 1 406 309 5 436 471 4 550 302 2 544 458 10 622 383 3 425 387 8 484 330 
9 1 11 0.500000 0 2 0 0 0.627546 1 1 8 391 376 1 570 299 NA NA NA NA NA NA NA NA NA NA NA NA NA NA NA NA NA NA 
9 1 12 0.500000 0 8 0 0 0.960603 0 10 10 443 341 2 404 405 9 561 302 8 455 433 5 614 384 1 631 318 3 583 441 7 508 469 
9 1 13 0.500000 0 2 0 0 0.706415 0 10 10 424 317 5 393 421 NA NA NA NA NA NA NA NA NA NA NA NA NA NA NA NA NA NA 
9 1 14 0.500000 0 5 1 1 0.752116 2 1 7 402 393 4 593 392 5 443 310 10 473 431 2 403 466 NA NA NA NA NA NA NA NA NA 
9 1 15 0.500000 0 5 0 0 0.711512 2 9 1 469 295 7 561 472 9 568 357 6 405 428 10 587 417 NA NA NA NA NA NA NA NA NA 
9 1 16 0.500000 0 2 0 0 0.631665 0 4 4 447 417 8 425 329 NA NA NA NA NA NA NA NA NA NA NA NA NA NA NA NA NA NA 
9 1 17 0.500000 0 5 0 0 0.621643 4 4 3 598 307 9 574 382 7 416 348 6 620 441 4 455 297 NA NA NA NA NA NA NA NA NA 
9 1 18 0.500000 0 8 0 0 0.650462 4 5 2 417 421 10 471 336 4 478 438 3 632 364 5 577 400 8 549 462 9 405 353 1 575 297 
9 1 19 0.500000 0 2 0 0 0.528686 0 3 3 462 298 7 506 448 NA NA NA NA NA NA NA NA NA NA NA NA NA NA NA NA NA NA 
9 1 20 0.500000 0 8 1 0 0.956725 4 9 1 552 302 2 615 434 5 395 450 3 423 368 8 621 330 7 543 437 4 398 312 10 491 471 
9 1 21 0.500000 0 8 1 1 0.880546 0 2 8 628 387 1 453 423 4 506 318 7 415 329 6 567 465 10 505 465 9 397 473 5 565 343 
9 1 22 0.500000 0 8 1 1 0.798240 7 9 10 598 459 3 477 325 7 489 459 5 427 378 2 430 468 1 589 335 4 397 320 6 626 403 
9 1 23 0.500000 0 5 0 0 0.514983 1 2 6 449 417 2 548 454 7 448 322 8 390 311 5 564 347 NA NA NA NA NA NA NA NA NA 
9 1 24 0.500000 0 5 0 0 0.736277 3 5 6 430 343 4 600 318 9 606 388 5 618 447 1 405 466 NA NA NA NA NA NA NA NA NA 
9 1 25 0.500000 0 8 0 0 0.486318 0 2 2 438 404 1 470 461 10 414 342 4 637 426 3 594 324 8 528 305 9 453 299 7 394 474 
9 1 26 0.500000 0 8 0 1 0.662437 2 3 1 568 328 7 592 473 3 492 301 6 421 343 4 461 455 10 391 419 8 632 352 5 590 414 
9 1 27 0.500000 0 8 0 1 0.771917 2 6 9 582 467 1 633 374 6 418 301 2 455 473 7 436 406 8 594 306 4 479 324 10 570 384 
9 1 28 0.500000 0 5 0 1 1.141388 4 10 8 495 297 6 388 425 4 580 434 7 468 447 10 432 318 NA NA NA NA NA NA NA NA NA 
9 1 29 0.500000 0 2 1 1 1.008086 1 7 5 626 397 4 577 365 NA NA NA NA NA NA NA NA NA NA NA NA NA NA NA NA NA NA 
9 1 30 0.500000 0 5 1 1 0.779592 3 10 1 632 342 5 421 332 9 614 469 3 414 456 6 571 327 NA NA NA NA NA NA NA NA NA 
9 1 31 0.500000 0 5 1 0 0.837084 2 6 3 450 384 2 618 305 5 625 430 7 635 368 8 541 444 NA NA NA NA NA NA NA NA NA 
9 1 32 0.500000 0 5 1 1 0.961769 0 2 6 635 420 3 519 310 10 436 473 4 424 331 7 595 468 NA NA NA NA NA NA NA NA NA 
9 1 33 0.500000 0 8 1 1 0.913456 4 8 2 471 454 1 598 385 4 514 309 9 450 380 10 532 471 3 390 396 7 449 300 5 594 450 
9 1 34 0.500000 0 2 0 0 0.814641 1 9 4 505 310 9 596 339 NA NA NA NA NA NA NA NA NA NA NA NA NA NA NA NA NA NA 
9 1 35 0.500000 0 8 1 1 0.852713 1 3 8 408 469 10 561 420 2 435 416 5 523 302 7 444 315 6 387 339 4 636 375 9 623 446 
9 1 36 0.500000 0 5 1 1 0.865290 1 6 1 571 463 5 606 412 8 427 434 7 459 348 10 594 328 NA NA NA NA NA NA NA NA NA 
9 1 37 0.500000 0 8 1 1 0.814007 1 9 5 636 354 7 623 425 2 419 436 6 566 348 8 488 457 10 393 305 3 511 317 1 450 372 
9 1 38 0.500000 0 2 0 0 0.563953 1 4 3 418 383 4 579 470 NA NA NA NA NA NA NA NA NA NA NA NA NA NA NA NA NA NA 
9 1 39 0.500000 0 5 1 1 0.673357 3 8 9 592 431 5 624 373 10 448 346 3 447 446 2 524 466 NA NA NA NA NA NA NA NA NA 
9 1 40 0.500000 0 2 1 1 0.763673 0 10 2 568 411 1 406 443 NA NA NA NA NA NA NA NA NA NA NA NA NA NA NA NA NA NA 
9 1 41 0.500000 0 2 0 0 0.912941 1 9 5 436 392 9 579 321 NA NA NA NA NA NA NA NA NA NA NA NA NA NA NA NA NA NA 
9 1 42 0.500000 0 8 0 1 0.703389 3 4 10 576 426 9 398 337 5 636 442 4 451 438 6 566 313 8 502 300 7 516 467 1 621 370 
9 1 43 0.500000 0 2 1 1 0.776553 1 5 6 431 368 8 460 473 NA NA NA NA NA NA NA NA NA NA NA NA NA NA NA NA NA NA 
9 1 44 0.500000 0 2 0 0 0.827989 0 6 6 401 460 5 547 472 NA NA NA NA NA NA NA NA NA NA NA NA NA NA NA NA NA NA 
9 1 45 0.500000 0 2 0 0 0.709507 1 6 8 409 381 6 592 394 NA NA NA NA NA NA NA NA NA NA NA NA NA NA NA NA NA NA 
9 1 46 0.500000 0 8 0 1 0.858599 6 10 1 633 365 5 447 380 9 590 470 2 398 324 4 410 434 7 546 431 10 544 332 6 481 318 
9 1 47 0.500000 0 8 1 0 0.665227 5 10 4 618 312 8 567 422 3 394 358 9 396 442 5 494 310 6 465 442 2 606 472 1 425 308 
9 1 48 0.500000 0 5 1 1 1.171065 0 9 4 451 426 2 598 465 10 441 327 7 582 324 8 597 382 NA NA NA NA NA NA NA NA NA 
9 1 49 0.500000 0 5 1 1 0.805737 4 4 6 411 401 8 571 331 10 612 429 7 561 473 3 417 467 NA NA NA NA NA NA NA NA NA 
9 1 50 0.500000 0 8 0 1 1.032939 4 6 2 582 363 9 432 473 7 443 349 5 389 394 6 613 429 10 628 300 1 527 472 3 544 307 
9 1 51 0.500000 0 2 1 1 0.725891 0 6 7 615 327 9 392 427 NA NA NA NA NA NA NA NA NA NA NA NA NA NA NA NA NA NA 
9 1 52 0.500000 0 2 1 1 0.768451 1 3 1 608 414 8 486 304 NA NA NA NA NA NA NA NA NA NA NA NA NA NA NA NA NA NA 
9 1 53 0.500000 0 5 0 1 0.825497 4 2 4 636 422 7 530 470 5 418 373 9 427 450 2 566 294 NA NA NA NA NA NA NA NA NA 
9 1 54 0.500000 0 2 1 1 1.401511 0 9 10 600 416 3 411 314 NA NA NA NA NA NA NA NA NA NA NA NA NA NA NA NA NA NA 
9 1 55 0.500000 0 2 0 0 1.199651 1 4 3 571 405 4 389 390 NA NA NA NA NA NA NA NA NA NA NA NA NA NA NA NA NA NA 
9 1 56 0.500000 0 2 1 1 0.707050 0 2 3 529 441 7 466 462 NA NA NA NA NA NA NA NA NA NA NA NA NA NA NA NA NA NA 
9 1 57 0.500000 0 8 1 1 0.780603 3 2 6 555 468 10 588 357 7 473 313 9 426 439 1 623 303 8 635 407 5 401 352 3 615 468 
9 1 58 0.500000 0 2 1 1 0.940858 1 8 10 577 447 6 388 365 NA NA NA NA NA NA NA NA NA NA NA NA NA NA NA NA NA NA 
9 1 59 0.500000 0 5 0 1 0.892786 4 10 1 578 436 4 631 305 8 488 470 9 410 413 10 419 312 NA NA NA NA NA NA NA NA NA 
9 2 0 0.700000 0 5 0 0 1.013268 1 4 8 554 425 4 441 340 7 502 323 2 613 368 10 401 474 NA NA NA NA NA NA NA NA NA 
9 2 1 0.700000 0 8 1 1 1.027493 3 9 7 463 295 1 521 446 3 461 430 6 636 407 8 580 307 10 393 465 2 391 344 4 595 469 
9 2 2 0.700000 0 5 1 1 1.415080 0 8 4 595 309 1 408 333 7 523 295 2 554 445 3 604 375 NA NA NA NA NA NA NA NA NA 
9 2 3 0.700000 0 5 1 1 0.870028 0 7 8 484 303 9 451 451 4 624 302 3 589 456 2 392 328 NA NA NA NA NA NA NA NA NA 
9 2 4 0.700000 0 2 1 1 1.343721 0 5 3 492 441 6 434 365 NA NA NA NA NA NA NA NA NA NA NA NA NA NA NA NA NA NA 
9 2 5 0.700000 0 2 1 1 0.957484 0 3 9 631 338 7 449 348 NA NA NA NA NA NA NA NA NA NA NA NA NA NA NA NA NA NA 
9 2 6 0.700000 0 2 1 1 0.806243 1 6 8 405 458 7 565 422 NA NA NA NA NA NA NA NA NA NA NA NA NA NA NA NA NA NA 
9 2 7 0.700000 0 2 1 1 0.824684 0 1 7 406 301 3 424 467 NA NA NA NA NA NA NA NA NA NA NA NA NA NA NA NA NA NA 
9 2 8 0.700000 0 5 1 1 0.949338 0 4 10 587 372 3 563 316 7 636 427 6 424 303 2 454 406 NA NA NA NA NA NA NA NA NA 
9 2 9 0.700000 0 5 1 1 1.378688 3 6 4 531 318 8 392 338 2 592 375 3 389 416 9 521 473 NA NA NA NA NA NA NA NA NA 
9 2 10 0.700000 0 5 1 1 0.845000 3 3 10 419 422 6 388 298 5 500 443 2 616 345 8 474 295 NA NA NA NA NA NA NA NA NA 
9 2 11 0.700000 0 8 1 1 0.896987 4 6 8 622 472 10 566 440 1 606 301 3 395 416 2 605 394 7 415 360 9 435 298 4 474 432 
9 2 12 0.700000 0 8 0 1 0.932384 3 3 8 458 429 6 610 468 5 533 310 3 389 425 1 595 314 10 522 463 2 404 316 7 591 398 
9 2 13 0.700000 0 5 1 1 0.683596 0 2 8 403 435 9 407 358 5 598 409 6 587 319 4 437 295 NA NA NA NA NA NA NA NA NA 
9 2 14 0.700000 0 8 1 1 0.812980 2 1 8 439 459 4 394 409 9 629 404 2 570 427 5 575 357 3 465 319 6 629 473 7 387 315 
9 2 15 0.700000 0 2 0 0 0.580643 1 4 3 593 374 4 484 314 NA NA NA NA NA NA NA NA NA NA NA NA NA NA NA NA NA NA 
9 2 16 0.700000 0 5 1 1 0.776813 0 10 8 609 381 9 418 297 7 518 463 6 399 470 3 593 469 NA NA NA NA NA NA NA NA NA 
9 2 17 0.700000 0 8 0 0 1.068642 6 10 2 586 335 7 634 400 1 534 297 3 388 295 6 393 437 5 560 464 10 452 443 4 441 348 
9 2 18 0.700000 0 5 0 0 0.890219 0 9 9 597 410 7 564 336 4 513 471 8 458 331 6 395 314 NA NA NA NA NA NA NA NA NA 
9 2 19 0.700000 0 5 1 1 0.809155 4 3 6 444 408 7 407 357 8 417 470 4 531 469 2 628 392 NA NA NA NA NA NA NA NA NA 
9 2 20 0.700000 0 2 1 1 0.802870 0 1 3 599 353 6 392 304 NA NA NA NA NA NA NA NA NA NA NA NA NA NA NA NA NA NA 
9 2 21 0.700000 0 5 1 1 1.153237 0 10 8 406 427 4 568 401 2 459 354 5 614 303 1 388 318 NA NA NA NA NA NA NA NA NA 
9 2 22 0.700000 0 8 1 1 0.894346 2 6 1 549 452 5 608 361 9 496 327 10 387 368 4 636 415 3 403 443 2 441 346 7 477 437 
9 2 23 0.700000 0 8 0 1 0.799246 3 7 2 633 400 5 469 461 3 398 419 7 470 306 6 409 323 8 578 368 10 526 324 1 564 435 
9 2 24 0.700000 0 5 0 0 0.803658 3 1 7 408 370 5 632 352 3 529 449 1 445 419 10 429 299 NA NA NA NA NA NA NA NA NA 
9 2 25 0.700000 0 5 1 1 0.706018 4 2 4 391 397 10 597 356 3 611 449 6 458 454 5 430 354 NA NA NA NA NA NA NA NA NA 
9 2 26 0.700000 0 2 0 0 0.701631 0 8 8 599 386 1 446 443 NA NA NA NA NA NA NA NA NA NA NA NA NA NA NA NA NA NA 
9 2 27 0.700000 0 2 1 1 0.634522 0 7 3 503 319 1 592 457 NA NA NA NA NA NA NA NA NA NA NA NA NA NA NA NA NA NA 
9 2 28 0.700000 0 8 1 1 0.717207 0 7 6 577 360 2 466 472 3 427 418 10 468 305 9 406 346 8 588 472 1 632 432 5 522 443 
9 2 29 0.700000 0 8 1 1 0.852555 2 9 8 534 295 6 479 440 1 601 358 4 458 313 5 554 460 7 420 414 10 621 448 2 387 347 
9 2 30 0.700000 0 8 1 1 0.983125 3 6 3 592 296 5 439 359 10 441 294 8 623 405 4 566 433 7 498 446 9 433 457 1 512 309 
9 2 31 0.700000 0 8 1 1 0.779903 2 1 9 432 376 3 561 331 8 479 309 10 441 450 7 599 426 5 389 419 4 520 468 6 399 319 
9 2 32 0.700000 0 8 1 1 0.854003 3 4 1 434 366 5 631 444 7 582 378 9 462 452 2 537 305 6 621 324 3 543 436 8 413 305 
9 2 33 0.700000 0 5 1 1 0.703751 3 10 5 461 312 2 635 345 4 632 462 7 404 374 6 436 447 NA NA NA NA NA NA NA NA NA 
9 2 34 0.700000 0 8 0 1 0.847327 5 3 9 462 347 6 393 470 10 462 453 5 605 430 8 536 308 3 619 301 4 415 304 2 576 364 
9 2 35 0.700000 0 5 0 0 1.245478 0 3 3 405 307 5 590 338 7 613 468 8 456 400 2 485 471 NA NA NA NA NA NA NA NA NA 
9 2 36 0.700000 0 8 1 1 0.892885 6 6 3 532 468 5 522 298 8 576 352 10 427 450 1 442 393 4 454 324 7 608 425 9 392 347 
9 2 37 0.700000 0 5 1 1 1.141052 3 8 1 392 360 7 570 473 9 439 308 4 626 448 5 478 451 NA NA NA NA NA NA NA NA NA 
9 2 38 0.700000 0 2 1 1 0.656533 0 7 2 428 358 4 604 360 NA NA NA NA NA NA NA NA NA NA NA NA NA NA NA NA NA NA 
9 2 39 0.700000 0 2 1 1 0.883975 0 4 2 448 387 9 503 468 NA NA NA NA NA NA NA NA NA NA NA NA NA NA NA NA NA NA 
9 2 40 0.700000 0 2 0 0 0.819426 1 6 2 490 328 6 437 371 NA NA NA NA NA NA NA NA NA NA NA NA NA NA NA NA NA NA 
9 2 41 0.700000 0 8 0 1 0.740991 5 3 6 407 356 7 633 468 9 611 404 10 450 400 1 465 461 3 473 341 8 553 324 2 618 329 
9 2 42 0.700000 0 2 1 1 1.599089 0 8 2 547 442 7 391 367 NA NA NA NA NA NA NA NA NA NA NA NA NA NA NA NA NA NA 
9 2 43 0.700000 0 2 0 0 0.868409 1 7 2 549 462 7 453 361 NA NA NA NA NA NA NA NA NA NA NA NA NA NA NA NA NA NA 
9 2 44 0.700000 0 2 1 1 0.723778 1 5 4 498 452 1 429 395 NA NA NA NA NA NA NA NA NA NA NA NA NA NA NA NA NA NA 
9 2 45 0.700000 0 5 0 0 0.889776 0 6 6 583 426 5 508 301 10 412 443 2 602 360 3 440 365 NA NA NA NA NA NA NA NA NA 
9 2 46 0.700000 0 8 1 1 1.079520 4 3 6 600 315 5 405 423 7 423 366 4 489 297 8 622 370 9 620 445 1 498 451 2 415 296 
9 2 47 0.700000 0 8 0 1 1.531818 1 7 6 519 444 7 597 456 8 387 321 3 472 315 4 412 439 5 632 354 2 566 335 1 454 386 
9 2 48 0.700000 0 5 0 0 1.068438 2 6 1 627 327 5 423 376 6 444 298 4 572 421 3 456 459 NA NA NA NA NA NA NA NA NA 
9 2 49 0.700000 0 2 1 1 0.677129 0 8 7 588 467 4 632 320 NA NA NA NA NA NA NA NA NA NA NA NA NA NA NA NA NA NA 
9 2 50 0.700000 0 8 1 1 0.837404 5 10 2 626 367 6 430 321 9 573 331 3 525 471 8 391 461 4 461 443 1 571 391 7 399 399 
9 2 51 0.700000 0 2 1 1 0.914652 0 1 10 624 300 4 497 467 NA NA NA NA NA NA NA NA NA NA NA NA NA NA NA NA NA NA 
9 2 52 0.700000 0 8 1 1 1.427263 5 8 4 619 452 3 522 460 2 429 314 7 421 473 9 629 356 6 557 296 5 408 387 10 578 393 
9 2 53 0.700000 0 2 1 1 0.793390 0 8 7 422 327 2 424 441 NA NA NA NA NA NA NA NA NA NA NA NA NA NA NA NA NA NA 
9 2 54 0.700000 0 2 0 0 0.879060 0 3 3 424 380 4 587 370 NA NA NA NA NA NA NA NA NA NA NA NA NA NA NA NA NA NA 
9 2 55 0.700000 0 2 0 0 0.843568 0 8 8 556 463 3 426 323 NA NA NA NA NA NA NA NA NA NA NA NA NA NA NA NA NA NA 
9 2 56 0.700000 0 8 1 1 1.365520 5 5 10 409 435 1 602 385 7 537 439 8 438 331 3 571 333 9 619 295 6 524 298 2 471 472 
9 2 57 0.700000 0 5 1 1 0.890141 4 7 8 493 455 2 624 469 1 437 405 6 606 314 3 393 324 NA NA NA NA NA NA NA NA NA 
9 2 58 0.700000 0 2 1 1 0.686582 1 7 6 416 373 9 592 341 NA NA NA NA NA NA NA NA NA NA NA NA NA NA NA NA NA NA 
9 2 59 0.700000 0 5 1 1 2.091619 1 9 3 590 456 1 528 302 4 410 465 2 439 298 7 486 445 NA NA NA NA NA NA NA NA NA 
9 3 0 0.500000 0 2 1 1 0.793508 0 2 9 588 424 5 398 373 NA NA NA NA NA NA NA NA NA NA NA NA NA NA NA NA NA NA 
9 3 1 0.500000 0 5 1 1 0.792762 0 1 5 485 298 7 538 332 4 632 416 2 623 302 6 391 434 NA NA NA NA NA NA NA NA NA 
9 3 2 0.500000 0 5 1 1 0.755400 0 3 1 592 437 7 410 327 9 401 430 2 530 467 5 609 335 NA NA NA NA NA NA NA NA NA 
9 3 3 0.500000 0 8 1 1 0.896669 0 7 6 558 311 3 447 366 9 484 310 10 495 466 1 408 440 4 607 384 8 570 464 5 630 466 
9 3 4 0.500000 0 5 0 0 1.071987 3 8 6 397 301 4 577 431 1 474 334 8 610 376 2 496 441 NA NA NA NA NA NA NA NA NA 
9 3 5 0.500000 0 8 0 0 0.821683 1 4 8 596 436 4 624 370 2 486 453 10 443 352 5 388 324 3 551 315 6 396 415 9 626 310 
9 3 6 0.500000 0 5 1 1 1.061531 4 9 4 610 354 5 392 330 6 620 456 10 549 447 8 464 305 NA NA NA NA NA NA NA NA NA 
9 3 7 0.500000 0 8 0 1 1.843153 4 2 8 584 440 6 539 317 4 422 417 7 610 322 2 408 355 10 482 474 1 481 332 5 434 297 
9 3 8 0.500000 0 8 0 0 0.803929 6 1 3 553 296 5 597 377 7 435 387 6 410 309 4 504 458 10 401 446 1 568 454 2 478 299 
9 3 9 0.500000 0 2 0 0 0.689461 1 7 8 447 395 7 404 317 NA NA NA NA NA NA NA NA NA NA NA NA NA NA NA NA NA NA 
9 3 10 0.500000 0 2 0 0 0.922433 0 9 9 591 470 4 522 473 NA NA NA NA NA NA NA NA NA NA NA NA NA NA NA NA NA NA 
9 3 11 0.500000 0 5 0 1 1.112007 2 6 3 409 309 5 480 314 6 628 362 7 602 429 4 450 424 NA NA NA NA NA NA NA NA NA 
9 3 12 0.500000 0 8 1 0 0.817954 3 6 9 415 411 2 614 408 3 509 309 8 509 449 1 585 342 10 564 473 7 432 318 5 629 472 
9 3 13 0.500000 0 5 1 1 0.814876 1 10 2 387 449 7 585 417 9 499 469 3 413 306 6 554 333 NA NA NA NA NA NA NA NA NA 
9 3 14 0.500000 0 8 0 0 1.827136 4 6 9 390 385 1 575 343 10 508 313 2 539 454 6 419 436 5 613 439 3 387 297 8 448 359 
9 3 15 0.500000 0 2 0 0 0.550631 0 4 4 512 300 2 623 300 NA NA NA NA NA NA NA NA NA NA NA NA NA NA NA NA NA NA 
9 3 16 0.500000 0 2 1 1 0.573692 0 8 7 387 469 5 388 381 NA NA NA NA NA NA NA NA NA NA NA NA NA NA NA NA NA NA 
9 3 17 0.500000 0 8 0 0 1.375742 0 5 5 516 450 10 554 326 4 622 315 6 612 375 9 586 466 7 443 380 1 388 413 2 431 316 
9 3 18 0.500000 0 2 1 1 1.221671 0 9 10 424 454 3 472 307 NA NA NA NA NA NA NA NA NA NA NA NA NA NA NA NA NA NA 
9 3 19 0.500000 0 5 0 0 1.181136 3 1 5 590 373 2 448 373 7 402 447 1 387 362 6 527 321 NA NA NA NA NA NA NA NA NA 
9 3 20 0.500000 0 8 0 1 1.355371 7 8 2 558 426 7 399 450 1 627 452 5 464 446 6 402 346 10 626 379 3 488 327 8 593 317 
9 3 21 0.500000 0 8 1 1 0.930573 5 4 9 602 432 1 421 431 10 428 358 5 584 374 6 455 302 8 553 465 2 545 297 3 618 311 
9 3 22 0.500000 0 2 0 0 0.844092 1 9 7 401 368 9 627 384 NA NA NA NA NA NA NA NA NA NA NA NA NA NA NA NA NA NA 
9 3 23 0.500000 0 2 1 1 1.150977 1 6 7 509 295 8 606 447 NA NA NA NA NA NA NA NA NA NA NA NA NA NA NA NA NA NA 
9 3 24 0.500000 0 2 0 0 1.941690 0 3 3 609 347 7 569 434 NA NA NA NA NA NA NA NA NA NA NA NA NA NA NA NA NA NA 
9 3 25 0.500000 0 2 1 1 0.902988 0 2 3 393 380 7 578 426 NA NA NA NA NA NA NA NA NA NA NA NA NA NA NA NA NA NA 
9 3 26 0.500000 0 8 1 1 1.064811 7 6 5 588 347 8 406 313 7 588 435 1 637 295 9 405 416 10 628 390 2 556 297 3 480 469 
9 3 27 0.500000 0 8 1 1 1.129617 5 8 7 512 460 1 557 336 5 634 425 6 422 426 2 579 391 4 432 301 3 439 370 9 511 298 
9 3 28 0.500000 0 5 0 0 1.544055 1 10 1 512 309 10 615 379 4 550 444 2 390 353 5 458 423 NA NA NA NA NA NA NA NA NA 
9 3 29 0.500000 0 5 0 0 1.137222 0 5 5 415 314 2 395 369 3 541 333 6 493 445 4 574 460 NA NA NA NA NA NA NA NA NA 
9 3 30 0.500000 0 5 1 1 1.520489 3 6 10 399 396 5 599 443 9 498 298 1 630 320 8 471 428 NA NA NA NA NA NA NA NA NA 
9 3 31 0.500000 0 5 0 0 0.968375 3 9 4 415 407 2 394 350 3 621 471 9 637 298 10 538 438 NA NA NA NA NA NA NA NA NA 
9 3 32 0.500000 0 8 1 1 1.041407 7 1 3 411 402 9 461 448 2 528 448 4 633 315 5 503 326 7 633 453 6 616 378 10 565 313 
9 3 33 0.500000 0 8 1 1 0.835391 6 8 7 407 433 3 467 308 6 580 443 5 576 365 4 637 379 10 478 445 9 406 295 2 451 365 
9 3 34 0.500000 0 2 0 0 0.684407 0 7 7 595 373 8 449 357 NA NA NA NA NA NA NA NA NA NA NA NA NA NA NA NA NA NA 
9 3 35 0.500000 0 5 0 1 1.032170 0 10 10 607 319 9 588 458 1 434 451 5 594 385 8 519 451 NA NA NA NA NA NA NA NA NA 
9 3 36 0.500000 0 2 1 0 1.062899 0 10 4 515 297 1 572 358 NA NA NA NA NA NA NA NA NA NA NA NA NA NA NA NA NA NA 
9 3 37 0.500000 0 5 0 0 1.144220 4 10 2 611 413 9 408 299 5 490 313 1 563 295 10 445 410 NA NA NA NA NA NA NA NA NA 
9 3 38 0.500000 0 5 1 1 0.936278 4 6 10 476 319 3 634 424 4 518 469 5 620 318 9 550 326 NA NA NA NA NA NA NA NA NA 
9 3 39 0.500000 0 5 0 1 1.025542 4 4 1 425 349 10 614 429 6 576 320 3 393 296 4 434 430 NA NA NA NA NA NA NA NA NA 
9 3 40 0.500000 0 8 1 1 1.274177 5 9 4 573 451 5 461 331 7 564 353 6 473 451 1 403 439 3 398 308 2 411 380 10 619 413 
9 3 41 0.500000 0 2 1 1 0.634036 0 8 10 434 451 2 564 311 NA NA NA NA NA NA NA NA NA NA NA NA NA NA NA NA NA NA 
9 3 42 0.500000 0 2 0 0 1.087269 0 3 3 537 318 6 606 412 NA NA NA NA NA NA NA NA NA NA NA NA NA NA NA NA NA NA 
9 3 43 0.500000 0 5 1 1 1.121970 2 3 8 437 365 7 603 333 2 474 308 10 576 466 4 450 439 NA NA NA NA NA NA NA NA NA 
9 3 44 0.500000 0 2 1 1 0.687187 0 4 2 418 437 1 618 347 NA NA NA NA NA NA NA NA NA NA NA NA NA NA NA NA NA NA 
9 3 45 0.500000 0 5 1 1 1.426086 1 1 4 498 445 5 600 459 10 444 468 6 434 372 2 491 300 NA NA NA NA NA NA NA NA NA 
9 3 46 0.500000 0 8 0 1 1.054721 1 3 6 390 423 3 434 334 1 633 402 8 467 474 7 584 337 2 576 440 9 522 316 4 451 403 
9 3 47 0.500000 0 5 0 0 0.762562 0 10 10 459 425 1 592 375 9 637 321 2 578 473 4 412 470 NA NA NA NA NA NA NA NA NA 
9 3 48 0.500000 0 5 1 1 1.172875 1 10 9 481 467 8 604 329 7 635 435 2 428 419 1 528 301 NA NA NA NA NA NA NA NA NA 
9 3 49 0.500000 0 8 0 1 2.405185 0 2 2 611 297 10 578 386 1 445 305 3 500 445 9 444 382 8 505 318 6 590 446 5 387 443 
9 3 50 0.500000 0 5 1 1 0.816324 1 10 4 604 341 6 423 390 3 607 461 9 438 328 2 527 467 NA NA NA NA NA NA NA NA NA 
9 3 51 0.500000 0 2 1 1 0.696077 1 7 9 592 424 3 464 307 NA NA NA NA NA NA NA NA NA NA NA NA NA NA NA NA NA NA 
9 3 52 0.500000 0 8 1 1 0.932215 4 8 1 393 431 7 406 330 2 606 379 3 493 310 5 462 415 10 565 423 4 570 314 9 504 470 
9 3 53 0.500000 0 2 0 0 0.974060 1 10 8 503 462 10 574 373 NA NA NA NA NA NA NA NA NA NA NA NA NA NA NA NA NA NA 
9 3 54 0.500000 0 8 1 1 1.026263 6 6 8 637 460 2 393 335 9 582 337 4 519 455 3 392 444 1 473 330 5 587 423 7 425 390 
9 3 55 0.500000 0 8 0 1 1.467361 0 9 9 592 466 8 634 422 2 490 461 7 577 399 3 634 320 1 412 383 5 517 320 6 449 330 
9 3 56 0.500000 0 2 0 0 0.786946 0 1 1 452 300 9 447 435 NA NA NA NA NA NA NA NA NA NA NA NA NA NA NA NA NA NA 
9 3 57 0.500000 0 8 0 0 0.948580 1 10 7 426 358 10 515 445 4 464 299 1 598 451 5 582 375 9 420 416 8 637 317 2 525 306 
9 3 58 0.500000 0 2 0 0 0.929851 0 9 9 572 470 7 572 308 NA NA NA NA NA NA NA NA NA NA NA NA NA NA NA NA NA NA 
9 3 59 0.500000 0 2 1 1 0.771193 0 4 2 609 298 5 513 305 NA NA NA NA NA NA NA NA NA NA NA NA NA NA NA NA NA NA 
9 4 0 0.300000 0 5 0 0 1.007343 3 1 7 425 294 10 594 341 8 530 473 1 392 412 9 485 436 NA NA NA NA NA NA NA NA NA 
9 4 1 0.300000 0 8 1 1 1.661500 5 2 6 593 412 10 392 309 4 611 296 8 575 471 9 499 462 3 447 333 7 407 469 5 458 412 
9 4 2 0.300000 0 5 1 0 1.143413 1 8 10 555 304 7 610 474 3 606 350 1 562 417 5 488 322 NA NA NA NA NA NA NA NA NA 
9 4 3 0.300000 0 5 1 1 0.927302 0 1 8 608 445 7 544 300 6 526 460 3 420 448 10 458 319 NA NA NA NA NA NA NA NA NA 
9 4 4 0.300000 0 8 0 0 1.139719 5 1 6 637 365 9 596 453 2 453 332 3 445 468 7 509 458 1 392 356 10 393 421 4 498 294 
9 4 5 0.300000 0 8 1 1 2.112558 4 6 7 517 326 5 595 300 1 425 448 10 445 317 4 615 440 3 429 384 8 625 379 2 516 449 
9 4 6 0.300000 0 5 1 1 0.706472 2 7 8 424 359 6 457 412 3 494 295 9 533 445 4 623 319 NA NA NA NA NA NA NA NA NA 
9 4 7 0.300000 0 2 0 0 0.752887 0 9 9 584 330 2 603 417 NA NA NA NA NA NA NA NA NA NA NA NA NA NA NA NA NA NA 
9 4 8 0.300000 0 2 1 1 0.597076 1 7 6 572 354 10 391 448 NA NA NA NA NA NA NA NA NA NA NA NA NA NA NA NA NA NA 
9 4 9 0.300000 0 5 0 0 0.891157 0 9 9 560 445 1 608 311 4 393 453 5 456 328 2 387 363 NA NA NA NA NA NA NA NA NA 
9 4 10 0.300000 0 2 0 0 0.735655 0 5 5 591 422 10 562 344 NA NA NA NA NA NA NA NA NA NA NA NA NA NA NA NA NA NA 
9 4 11 0.300000 0 5 0 0 1.491650 2 10 1 388 325 6 570 375 10 445 402 4 489 456 5 391 424 NA NA NA NA NA NA NA NA NA 
9 4 12 0.300000 0 5 1 1 1.053970 1 2 7 450 384 6 608 370 3 630 456 8 452 320 9 568 424 NA NA NA NA NA NA NA NA NA 
9 4 13 0.300000 0 5 0 1 0.984747 1 4 8 415 427 4 577 395 6 454 326 2 579 466 3 462 464 NA NA NA NA NA NA NA NA NA 
9 4 14 0.300000 0 5 0 0 0.650296 4 10 5 590 308 8 397 400 4 480 437 3 541 451 10 522 316 NA NA NA NA NA NA NA NA NA 
9 4 15 0.300000 0 2 1 1 0.535669 1 8 3 576 333 2 439 355 NA NA NA NA NA NA NA NA NA NA NA NA NA NA NA NA NA NA 
9 4 16 0.300000 0 5 0 0 0.745805 0 8 8 435 425 2 587 370 5 393 343 10 591 436 6 498 327 NA NA NA NA NA NA NA NA NA 
9 4 17 0.300000 0 2 0 0 0.810314 1 10 6 419 333 10 590 332 NA NA NA NA NA NA NA NA NA NA NA NA NA NA NA NA NA NA 
9 4 18 0.300000 0 8 0 1 1.017034 4 2 8 456 422 9 416 470 3 458 357 5 574 405 2 395 387 4 602 341 7 390 298 10 633 414 
9 4 19 0.300000 0 8 1 1 1.528047 3 5 4 599 368 6 435 365 2 440 448 3 610 436 8 569 318 10 548 436 1 471 319 9 393 321 
9 4 20 0.300000 0 8 1 1 1.151543 1 5 10 429 424 1 551 473 8 592 405 7 395 377 3 419 321 6 583 294 4 492 299 9 471 464 
9 4 21 0.300000 0 5 1 1 0.730983 0 3 6 595 437 8 424 430 7 451 344 2 473 466 5 552 335 NA NA NA NA NA NA NA NA NA 
9 4 22 0.300000 0 5 0 0 1.212451 2 6 2 440 313 5 437 459 6 624 348 9 632 408 4 505 455 NA NA NA NA NA NA NA NA NA 
9 4 23 0.300000 0 8 0 1 0.812400 1 6 4 474 431 6 452 357 3 405 431 5 590 310 1 587 375 7 520 471 10 616 460 9 387 352 
9 4 24 0.300000 0 2 0 0 0.527147 0 5 5 435 310 3 392 349 NA NA NA NA NA NA NA NA NA NA NA NA NA NA NA NA NA NA 
9 4 25 0.300000 0 2 1 1 0.545047 1 8 3 595 467 6 516 320 NA NA NA NA NA NA NA NA NA NA NA NA NA NA NA NA NA NA 
9 4 26 0.300000 0 5 0 1 1.539117 1 5 6 580 436 5 476 459 7 420 400 8 477 323 4 635 470 NA NA NA NA NA NA NA NA NA 
9 4 27 0.300000 0 2 0 0 0.660146 0 8 8 427 436 4 438 302 NA NA NA NA NA NA NA NA NA NA NA NA NA NA NA NA NA NA 
9 4 28 0.300000 0 2 0 0 0.545516 1 1 10 474 306 1 418 425 NA NA NA NA NA NA NA NA NA NA NA NA NA NA NA NA NA NA 
9 4 29 0.300000 0 5 0 0 0.580501 0 9 9 510 453 3 484 327 5 414 465 7 576 387 8 624 436 NA NA NA NA NA NA NA NA NA 
9 4 30 0.300000 0 5 0 0 0.713673 4 2 7 558 457 4 622 446 9 491 444 6 408 388 2 624 370 NA NA NA NA NA NA NA NA NA 
9 4 31 0.300000 0 8 0 1 1.344335 1 10 4 568 339 10 606 464 1 439 421 2 425 361 3 513 447 7 582 398 5 412 301 9 397 466 
9 4 32 0.300000 0 8 1 1 0.810605 4 8 1 621 445 7 585 308 5 389 305 9 498 322 2 450 379 6 410 442 10 519 458 3 623 353 
9 4 33 0.300000 0 2 0 0 0.603408 1 1 7 500 313 1 425 471 NA NA NA NA NA NA NA NA NA NA NA NA NA NA NA NA NA NA 
9 4 34 0.300000 0 8 0 0 0.636144 3 4 10 535 329 1 443 327 8 632 447 4 470 430 7 573 444 9 629 305 5 582 377 6 391 380 
9 4 35 0.300000 0 8 0 1 1.301997 6 10 7 559 472 2 431 387 9 621 470 3 576 302 6 416 299 1 576 368 10 632 389 4 505 316 
9 4 36 0.300000 0 2 1 1 0.754605 1 1 5 400 323 9 423 386 NA NA NA NA NA NA NA NA NA NA NA NA NA NA NA NA NA NA 
9 4 37 0.300000 0 2 0 0 1.292473 0 6 6 475 441 2 408 397 NA NA NA NA NA NA NA NA NA NA NA NA NA NA NA NA NA NA 
9 4 38 0.300000 0 8 0 1 1.221983 7 5 8 471 454 9 579 337 7 576 426 10 466 339 4 403 339 1 409 434 6 623 462 5 630 383 
9 4 39 0.300000 0 2 1 1 0.729473 1 5 3 416 348 6 607 304 NA NA NA NA NA NA NA NA NA NA NA NA NA NA NA NA NA NA 
9 4 40 0.300000 0 8 0 1 1.685620 1 1 7 609 296 1 387 317 5 627 365 10 540 320 2 401 431 6 564 416 8 506 474 9 452 296 
9 4 41 0.300000 0 2 1 1 0.626545 1 6 7 407 315 9 617 365 NA NA NA NA NA NA NA NA NA NA NA NA NA NA NA NA NA NA 
9 4 42 0.300000 0 5 0 1 0.990647 3 8 7 591 452 5 467 464 6 611 395 8 403 416 1 532 320 NA NA NA NA NA NA NA NA NA 
9 4 43 0.300000 0 5 0 1 0.731611 3 3 7 448 448 6 546 317 8 416 348 3 587 456 2 621 409 NA NA NA NA NA NA NA NA NA 
9 4 44 0.300000 0 8 0 0 1.015631 5 3 4 615 451 2 391 470 8 463 439 9 607 352 7 401 387 3 476 329 5 553 468 10 635 301 
9 4 45 0.300000 0 2 0 0 0.486659 1 3 5 573 375 3 558 307 NA NA NA NA NA NA NA NA NA NA NA NA NA NA NA NA NA NA 
9 4 46 0.300000 0 8 0 1 3.281790 5 10 4 448 400 3 577 364 5 488 455 7 624 454 6 494 325 10 423 345 2 569 429 1 388 465 
9 4 47 0.300000 0 8 1 0 0.692461 0 10 9 389 387 1 469 459 4 636 451 3 577 426 7 489 304 8 605 364 5 444 349 2 395 308 
9 4 48 0.300000 0 5 1 1 0.843188 3 5 6 563 343 4 447 344 7 478 431 3 395 433 9 624 449 NA NA NA NA NA NA NA NA NA 
9 4 49 0.300000 0 2 0 0 1.001803 0 4 4 635 347 5 542 448 NA NA NA NA NA NA NA NA NA NA NA NA NA NA NA NA NA NA 
9 4 50 0.300000 0 8 0 0 1.419182 0 7 7 579 357 5 446 363 9 423 436 3 624 313 4 492 467 10 418 304 8 590 432 2 487 310 
9 4 51 0.300000 0 5 0 0 1.768208 3 3 6 406 323 1 580 395 8 505 314 3 582 299 10 434 471 NA NA NA NA NA NA NA NA NA 
9 4 52 0.300000 0 8 0 1 1.363006 1 6 7 455 426 6 635 463 9 557 432 5 459 296 2 394 398 3 571 371 8 513 470 10 632 308 
9 4 53 0.300000 0 2 0 0 0.461037 0 5 5 571 373 7 507 455 NA NA NA NA NA NA NA NA NA NA NA NA NA NA NA NA NA NA 
9 4 54 0.300000 0 8 0 0 0.872353 2 6 5 587 367 8 576 457 6 458 354 7 420 417 9 619 308 3 517 318 4 634 420 1 502 453 
9 4 55 0.300000 0 2 0 0 0.490474 0 7 7 559 307 1 621 422 NA NA NA NA NA NA NA NA NA NA NA NA NA NA NA NA NA NA 
9 4 56 0.300000 0 8 0 0 1.030191 6 2 7 621 318 10 604 403 9 484 435 8 446 349 1 618 466 3 438 471 2 423 411 6 530 307 
9 4 57 0.300000 0 2 0 0 0.743795 1 8 10 443 297 8 573 437 NA NA NA NA NA NA NA NA NA NA NA NA NA NA NA NA NA NA 
9 4 58 0.300000 0 2 0 0 0.487373 1 7 9 438 432 7 517 301 NA NA NA NA NA NA NA NA NA NA NA NA NA NA NA NA NA NA 
9 4 59 0.300000 0 5 0 0 0.683986 4 6 5 445 309 10 600 362 1 529 315 2 562 471 6 479 470 NA NA NA NA NA NA NA NA NA 
9 5 0 0.700000 0 2 0 0 0.722771 0 2 2 575 359 10 612 444 NA NA NA NA NA NA NA NA NA NA NA NA NA NA NA NA NA NA 
9 5 1 0.700000 0 5 1 0 2.731501 1 10 6 583 367 4 404 439 3 441 315 9 461 462 2 564 469 NA NA NA NA NA NA NA NA NA 
9 5 2 0.700000 0 5 1 1 0.656521 1 5 2 406 418 4 391 297 6 582 311 10 573 420 7 506 471 NA NA NA NA NA NA NA NA NA 
9 5 3 0.700000 0 2 1 1 0.563238 0 4 9 464 304 5 574 340 NA NA NA NA NA NA NA NA NA NA NA NA NA NA NA NA NA NA 
9 5 4 0.700000 0 8 1 1 0.754563 7 5 7 627 360 8 464 339 10 403 341 1 388 468 4 575 453 3 489 471 6 565 321 9 412 412 
9 5 5 0.700000 0 8 0 1 1.340157 1 6 7 447 432 6 585 311 4 439 347 1 618 420 2 543 458 10 586 370 5 388 469 3 395 394 
9 5 6 0.700000 0 5 1 1 1.169470 3 2 10 596 355 5 455 366 8 617 421 3 571 471 6 429 306 NA NA NA NA NA NA NA NA NA 
9 5 7 0.700000 0 5 0 0 1.430430 0 2 2 476 333 3 621 345 9 625 468 10 566 446 5 423 374 NA NA NA NA NA NA NA NA NA 
9 5 8 0.700000 0 5 1 1 0.959007 0 10 8 607 330 4 458 473 9 389 299 5 482 319 3 577 426 NA NA NA NA NA NA NA NA NA 
9 5 9 0.700000 0 8 0 0 0.934274 0 5 5 507 302 1 426 435 6 570 307 10 579 441 2 442 373 3 622 333 7 439 307 9 497 445 
9 5 10 0.700000 0 2 1 1 0.686730 1 2 8 582 342 3 434 428 NA NA NA NA NA NA NA NA NA NA NA NA NA NA NA NA NA NA 
9 5 11 0.700000 0 5 0 1 1.459009 3 3 8 399 380 6 586 461 5 513 322 3 426 315 10 525 468 NA NA NA NA NA NA NA NA NA 
9 5 12 0.700000 0 5 1 1 0.984949 4 8 1 442 370 6 511 304 10 402 422 3 606 435 4 626 371 NA NA NA NA NA NA NA NA NA 
9 5 13 0.700000 0 8 1 1 1.353969 5 9 4 568 347 8 570 415 1 433 349 7 425 424 10 468 296 6 513 469 3 627 466 5 635 365 
9 5 14 0.700000 0 2 0 0 0.907175 1 9 8 431 413 9 482 447 NA NA NA NA NA NA NA NA NA NA NA NA NA NA NA NA NA NA 
9 5 15 0.700000 0 5 0 0 0.863263 3 2 1 600 405 5 592 299 10 389 328 2 559 458 8 419 470 NA NA NA NA NA NA NA NA NA 
9 5 16 0.700000 0 8 1 1 0.980741 6 4 7 612 408 10 427 306 2 403 396 8 607 347 1 534 468 3 537 315 9 454 431 6 635 465 
9 5 17 0.700000 0 8 1 0 1.584030 7 8 9 396 442 3 401 319 4 493 451 5 635 405 1 517 325 10 588 365 7 456 353 6 584 469 
9 5 18 0.700000 0 2 1 1 0.552894 0 7 1 566 411 3 633 427 NA NA NA NA NA NA NA NA NA NA NA NA NA NA NA NA NA NA 
9 5 19 0.700000 0 5 1 1 0.878211 0 3 6 598 457 7 411 332 2 589 327 4 636 409 5 452 414 NA NA NA NA NA NA NA NA NA 
9 5 20 0.700000 0 2 0 0 0.710816 1 1 8 442 390 1 498 310 NA NA NA NA NA NA NA NA NA NA NA NA NA NA NA NA NA NA 
9 5 21 0.700000 0 2 0 0 0.724667 1 9 4 630 393 9 435 315 NA NA NA NA NA NA NA NA NA NA NA NA NA NA NA NA NA NA 
9 5 22 0.700000 0 5 1 1 1.003461 0 4 3 403 400 9 483 463 8 628 361 7 617 301 10 450 346 NA NA NA NA NA NA NA NA NA 
9 5 23 0.700000 0 8 1 1 2.516513 1 1 10 444 307 2 499 452 9 437 434 5 585 465 4 618 334 3 578 403 7 389 343 6 521 302 
9 5 24 0.700000 0 8 1 1 1.230064 6 5 1 499 452 6 568 307 2 628 424 9 436 323 3 401 467 4 400 398 7 581 468 8 631 328 
9 5 25 0.700000 0 2 0 0 0.517632 1 10 9 486 315 10 631 354 NA NA NA NA NA NA NA NA NA NA NA NA NA NA NA NA NA NA 
9 5 26 0.700000 0 5 0 1 2.604382 2 2 1 473 328 10 590 367 2 626 425 4 468 445 5 397 446 NA NA NA NA NA NA NA NA NA 
9 5 27 0.700000 0 5 1 1 0.969631 2 3 9 518 461 4 595 369 5 399 333 7 629 456 10 449 469 NA NA NA NA NA NA NA NA NA 
9 5 28 0.700000 0 2 1 1 0.662969 1 6 2 464 417 10 589 472 NA NA NA NA NA NA NA NA NA NA NA NA NA NA NA NA NA NA 
9 5 29 0.700000 0 5 1 1 0.823858 2 5 1 412 307 6 635 340 2 585 427 8 443 365 7 480 448 NA NA NA NA NA NA NA NA NA 
9 5 30 0.700000 0 8 1 1 0.820766 7 1 2 557 453 4 463 431 8 459 305 3 427 366 5 630 436 10 394 455 7 397 312 9 527 316 
9 5 31 0.700000 0 2 1 1 0.561125 0 9 10 592 307 5 607 472 NA NA NA NA NA NA NA NA NA NA NA NA NA NA NA NA NA NA 
9 5 32 0.700000 0 8 0 1 1.201558 4 9 4 400 420 1 624 348 8 473 460 5 414 327 9 571 441 6 519 301 7 626 415 10 585 304 
9 5 33 0.700000 0 8 1 1 0.916085 6 2 4 588 301 7 437 406 6 608 388 5 431 315 1 567 467 9 626 457 8 438 468 10 496 462 
9 5 34 0.700000 0 8 0 0 1.002832 3 9 1 393 411 8 441 354 6 514 466 9 449 295 10 534 329 4 594 378 7 599 437 5 387 327 
9 5 35 0.700000 0 8 1 1 1.131892 5 1 8 398 327 2 467 467 6 450 403 5 574 332 9 553 437 7 619 411 4 461 312 10 389 472 
9 5 36 0.700000 0 2 1 1 0.750811 0 10 2 597 424 7 574 370 NA NA NA NA NA NA NA NA NA NA NA NA NA NA NA NA NA NA 
9 5 37 0.700000 0 5 0 0 2.025104 2 2 9 387 337 4 406 413 2 520 297 1 448 361 6 537 451 NA NA NA NA NA NA NA NA NA 
9 5 38 0.700000 0 5 0 0 3.102960 1 9 8 595 462 9 477 451 7 598 300 10 496 303 2 437 318 NA NA NA NA NA NA NA NA NA 
9 5 39 0.700000 0 8 1 1 0.963777 7 10 8 633 316 9 459 328 3 437 444 5 623 453 4 397 300 2 572 404 7 492 468 6 388 364 
9 5 40 0.700000 0 8 0 0 0.760494 2 5 9 460 412 4 399 465 5 552 449 10 461 308 6 620 313 2 388 344 7 607 395 8 625 465 
9 5 41 0.700000 0 8 1 1 1.053923 7 1 5 617 352 2 438 433 7 396 391 6 575 433 3 421 300 4 498 323 9 499 451 8 555 304 
9 5 42 0.700000 0 5 1 0 1.808324 4 2 1 478 332 4 428 473 5 392 346 8 633 430 9 561 298 NA NA NA NA NA NA NA NA NA 
9 5 43 0.700000 0 2 1 1 0.655156 0 7 2 591 458 1 458 295 NA NA NA NA NA NA NA NA NA NA NA NA NA NA NA NA NA NA 
9 5 44 0.700000 0 8 0 1 1.893468 1 10 3 518 301 10 589 324 9 572 449 7 454 434 5 397 323 4 407 384 6 599 389 1 631 452 
9 5 45 0.700000 0 2 1 1 0.609075 1 2 1 586 445 9 452 432 NA NA NA NA NA NA NA NA NA NA NA NA NA NA NA NA NA NA 
9 5 46 0.700000 0 2 1 0 0.696927 0 2 6 547 333 9 402 450 NA NA NA NA NA NA NA NA NA NA NA NA NA NA NA NA NA NA 
9 5 47 0.700000 0 2 1 1 0.596386 1 3 9 556 339 4 430 369 NA NA NA NA NA NA NA NA NA NA NA NA NA NA NA NA NA NA 
9 5 48 0.700000 0 8 1 1 1.384669 5 10 7 573 316 8 590 415 5 476 456 9 400 329 6 418 404 1 633 304 4 633 363 3 536 464 
9 5 49 0.700000 0 2 1 1 0.644723 0 10 8 455 320 3 544 467 NA NA NA NA NA NA NA NA NA NA NA NA NA NA NA NA NA NA 
9 5 50 0.700000 0 5 1 1 1.095726 1 10 8 418 414 1 613 375 3 568 471 7 634 438 6 463 310 NA NA NA NA NA NA NA NA NA 
9 5 51 0.700000 0 2 1 1 0.616604 1 8 1 636 311 3 391 307 NA NA NA NA NA NA NA NA NA NA NA NA NA NA NA NA NA NA 
9 5 52 0.700000 0 8 1 1 1.034095 1 1 2 576 343 6 476 438 4 395 367 9 601 413 3 542 454 5 629 301 8 474 335 10 419 458 
9 5 53 0.700000 0 5 1 1 0.853831 0 9 4 413 380 8 586 318 10 418 311 5 521 298 1 417 471 NA NA NA NA NA NA NA NA NA 
9 5 54 0.700000 0 5 1 1 0.683274 2 9 10 435 307 8 583 359 1 428 379 5 583 473 2 441 441 NA NA NA NA NA NA NA NA NA 
9 5 55 0.700000 0 2 1 1 0.573668 1 8 3 564 351 4 604 412 NA NA NA NA NA NA NA NA NA NA NA NA NA NA NA NA NA NA 
9 5 56 0.700000 0 2 0 0 1.284081 0 10 10 455 410 3 583 374 NA NA NA NA NA NA NA NA NA NA NA NA NA NA NA NA NA NA 
9 5 57 0.700000 0 8 1 1 0.882962 4 6 3 631 427 1 432 378 10 410 298 5 573 395 8 436 465 9 540 458 7 580 322 2 637 337 
9 5 58 0.700000 0 2 1 0 2.348061 0 6 9 579 466 3 479 463 NA NA NA NA NA NA NA NA NA NA NA NA NA NA NA NA NA NA 
9 5 59 0.700000 0 5 1 1 0.673859 1 4 1 570 380 5 412 388 2 600 296 3 407 458 7 420 306 NA NA NA NA NA NA NA NA NA 
9 6 0 0.300000 0 5 1 1 0.706499 3 3 9 566 424 10 547 317 2 624 299 5 415 369 6 407 431 NA NA NA NA NA NA NA NA NA 
9 6 1 0.300000 0 2 1 1 0.507850 1 7 6 454 309 5 601 423 NA NA NA NA NA NA NA NA NA NA NA NA NA NA NA NA NA NA 
9 6 2 0.300000 0 2 0 0 0.626215 1 8 9 593 428 8 445 464 NA NA NA NA NA NA NA NA NA NA NA NA NA NA NA NA NA NA 
9 6 3 0.300000 0 8 0 0 1.041688 1 6 10 451 382 6 391 307 8 593 423 2 397 405 3 457 314 7 473 446 5 633 326 9 571 335 
9 6 4 0.300000 0 5 1 1 1.216730 4 6 2 493 459 3 387 468 5 466 326 9 637 312 8 583 453 NA NA NA NA NA NA NA NA NA 
9 6 5 0.300000 0 5 0 0 0.789035 3 7 5 589 330 2 454 410 3 626 382 7 539 446 8 530 328 NA NA NA NA NA NA NA NA NA 
9 6 6 0.300000 0 8 0 0 0.853953 2 3 6 478 442 2 562 345 3 406 339 9 587 409 7 394 397 1 445 296 4 629 311 8 395 474 
9 6 7 0.300000 0 8 0 1 1.686500 0 3 3 631 373 7 430 376 2 456 454 6 536 326 1 400 301 5 611 305 10 576 447 8 471 305 
9 6 8 0.300000 0 5 0 0 0.602403 2 1 2 465 440 4 615 439 1 557 447 6 567 322 3 467 332 NA NA NA NA NA NA NA NA NA 
9 6 9 0.300000 0 5 0 0 1.559115 0 8 8 576 321 10 446 375 2 427 313 7 415 467 4 610 415 NA NA NA NA NA NA NA NA NA 
9 6 10 0.300000 0 8 0 1 0.996790 5 5 9 598 328 2 524 322 6 438 412 7 516 459 8 575 383 5 416 343 3 463 306 1 633 454 
9 6 11 0.300000 0 5 1 1 1.351948 3 9 6 515 326 3 637 295 4 611 360 5 425 344 8 492 448 NA NA NA NA NA NA NA NA NA 
9 6 12 0.300000 0 5 0 0 0.787857 1 5 7 494 464 5 630 365 8 437 388 6 501 312 3 586 460 NA NA NA NA NA NA NA NA NA 
9 6 13 0.300000 0 2 0 0 0.618774 1 5 3 561 342 5 472 335 NA NA NA NA NA NA NA NA NA NA NA NA NA NA NA NA NA NA 
9 6 14 0.300000 0 5 1 1 1.464942 1 5 6 571 298 8 526 448 1 437 315 4 589 414 10 590 355 NA NA NA NA NA NA NA NA NA 
9 6 15 0.300000 0 5 1 1 0.963308 3 3 9 618 436 2 406 442 8 488 438 7 546 320 6 412 373 NA NA NA NA NA NA NA NA NA 
9 6 16 0.300000 0 8 0 1 1.310273 2 6 8 550 435 4 593 297 6 608 397 10 433 415 9 431 319 7 494 303 5 626 454 2 490 469 
9 6 17 0.300000 0 5 0 1 3.793637 1 2 8 585 302 2 395 404 3 418 346 7 458 300 9 620 405 NA NA NA NA NA NA NA NA NA 
9 6 18 0.300000 0 8 1 0 1.436827 2 9 1 581 459 7 590 303 4 632 431 6 491 456 10 412 322 3 390 445 5 575 371 2 451 372 
9 6 19 0.300000 0 2 0 0 0.591795 1 3 5 442 389 3 590 360 NA NA NA NA NA NA NA NA NA NA NA NA NA NA NA NA NA NA 
9 6 20 0.300000 0 8 0 1 0.912014 5 4 7 437 418 6 609 313 5 504 302 8 604 463 10 416 298 4 387 362 9 449 358 2 613 400 
9 6 21 0.300000 0 2 0 0 0.511206 1 2 10 557 336 2 488 308 NA NA NA NA NA NA NA NA NA NA NA NA NA NA NA NA NA NA 
9 6 22 0.300000 0 8 0 0 0.633469 5 10 9 468 326 4 619 320 5 423 417 2 567 463 8 590 406 10 394 366 1 534 319 7 474 473 
9 6 23 0.300000 0 5 0 0 0.739154 4 7 8 589 314 6 621 373 2 545 463 1 429 440 7 628 441 NA NA NA NA NA NA NA NA NA 
9 6 24 0.300000 0 5 0 0 1.094605 2 4 3 414 362 7 475 431 4 579 442 8 577 326 5 478 320 NA NA NA NA NA NA NA NA NA 
9 6 25 0.300000 0 2 0 0 0.571750 1 4 7 416 446 4 571 425 NA NA NA NA NA NA NA NA NA NA NA NA NA NA NA NA NA NA 
9 6 26 0.300000 0 5 0 0 0.735629 0 1 1 561 320 9 422 437 6 453 326 10 577 444 3 610 361 NA NA NA NA NA NA NA NA NA 
9 6 27 0.300000 0 5 0 0 1.043133 0 1 1 634 468 8 405 338 6 533 445 2 462 310 3 623 297 NA NA NA NA NA NA NA NA NA 
9 6 28 0.300000 0 8 1 1 1.092627 3 3 1 580 359 7 446 356 10 634 327 2 522 460 4 393 314 6 626 414 8 411 430 9 570 297 
9 6 29 0.300000 0 8 0 0 0.530296 0 10 10 494 320 9 398 334 1 617 355 4 430 437 8 575 404 5 558 327 2 614 459 3 498 441 
9 6 30 0.300000 0 5 0 0 0.615995 0 9 9 633 431 5 567 422 10 428 452 2 591 325 3 526 301 NA NA NA NA NA NA NA NA NA 
9 6 31 0.300000 0 2 0 0 0.448260 0 7 7 570 419 1 446 440 NA NA NA NA NA NA NA NA NA NA NA NA NA NA NA NA NA NA 
9 6 32 0.300000 0 8 0 1 1.406600 4 4 3 544 440 6 460 412 9 432 308 1 608 388 4 628 299 2 454 472 7 516 317 8 407 381 
9 6 33 0.300000 0 2 0 0 0.471944 0 9 9 430 436 10 412 339 NA NA NA NA NA NA NA NA NA NA NA NA NA NA NA NA NA NA 
9 6 34 0.300000 0 5 0 1 1.620761 2 5 7 491 314 8 427 360 5 562 352 9 461 427 3 605 408 NA NA NA NA NA NA NA NA NA 
9 6 35 0.300000 0 8 0 0 0.589488 0 5 5 608 373 3 625 453 1 562 312 10 406 327 7 539 439 8 405 468 6 637 313 2 468 337 
9 6 36 0.300000 0 5 1 1 0.753917 0 1 9 433 439 2 586 451 5 610 355 3 517 318 10 407 348 NA NA NA NA NA NA NA NA NA 
9 6 37 0.300000 0 5 0 1 1.635674 4 10 5 625 454 8 616 343 2 557 455 6 464 339 10 405 308 NA NA NA NA NA NA NA NA NA 
9 6 38 0.300000 0 2 0 0 0.953506 0 7 7 429 431 10 400 335 NA NA NA NA NA NA NA NA NA NA NA NA NA NA NA NA NA NA 
9 6 39 0.300000 0 2 1 1 0.569958 0 9 5 637 300 8 569 434 NA NA NA NA NA NA NA NA NA NA NA NA NA NA NA NA NA NA 
9 6 40 0.300000 0 8 0 1 1.526170 4 10 8 398 392 4 635 415 1 550 453 5 455 372 10 612 306 3 452 456 2 480 315 7 612 473 
9 6 41 0.300000 0 8 1 1 0.952232 4 1 9 607 422 4 538 329 10 400 427 6 480 322 8 462 455 2 398 308 7 616 302 5 434 371 
9 6 42 0.300000 0 2 0 0 0.584706 1 6 1 457 417 6 622 369 NA NA NA NA NA NA NA NA NA NA NA NA NA NA NA NA NA NA 
9 6 43 0.300000 0 2 1 1 1.010547 1 1 10 466 435 7 615 402 NA NA NA NA NA NA NA NA NA NA NA NA NA NA NA NA NA NA 
9 6 44 0.300000 0 2 1 1 0.847085 1 1 7 419 402 4 427 330 NA NA NA NA NA NA NA NA NA NA NA NA NA NA NA NA NA NA 
9 6 45 0.300000 0 2 1 1 0.783345 0 2 10 403 364 8 419 303 NA NA NA NA NA NA NA NA NA NA NA NA NA NA NA NA NA NA 
9 6 46 0.300000 0 2 1 1 0.660787 0 4 7 569 426 5 608 376 NA NA NA NA NA NA NA NA NA NA NA NA NA NA NA NA NA NA 
9 6 47 0.300000 0 5 0 0 1.017237 2 5 10 544 329 9 398 312 5 451 434 3 615 354 8 583 446 NA NA NA NA NA NA NA NA NA 
9 6 48 0.300000 0 2 0 0 0.477088 1 1 9 455 302 1 633 394 NA NA NA NA NA NA NA NA NA NA NA NA NA NA NA NA NA NA 
9 6 49 0.300000 0 2 0 0 0.587427 1 9 3 599 313 9 579 474 NA NA NA NA NA NA NA NA NA NA NA NA NA NA NA NA NA NA 
9 6 50 0.300000 0 8 1 1 0.703803 1 4 2 636 392 7 441 354 10 405 458 6 467 470 1 552 429 5 538 318 3 617 315 8 475 301 
9 6 51 0.300000 0 2 0 0 1.813964 1 5 4 489 452 5 595 358 NA NA NA NA NA NA NA NA NA NA NA NA NA NA NA NA NA NA 
9 6 52 0.300000 0 2 0 0 0.435071 1 10 7 570 379 10 496 447 NA NA NA NA NA NA NA NA NA NA NA NA NA NA NA NA NA NA 
9 6 53 0.300000 0 8 0 1 0.946650 5 4 2 452 325 10 412 379 8 475 454 5 581 362 6 545 442 4 574 295 1 389 437 7 633 406 
9 6 54 0.300000 0 5 0 0 0.643124 0 10 10 510 301 3 412 462 2 632 389 4 395 399 1 449 327 NA NA NA NA NA NA NA NA NA 
9 6 55 0.300000 0 8 1 1 0.651005 2 4 8 495 321 3 393 347 2 562 431 5 615 299 10 582 348 1 473 428 6 398 418 7 441 295 
9 6 56 0.300000 0 8 0 0 2.149104 7 8 10 566 419 1 445 426 7 633 378 2 558 340 9 396 295 4 389 387 6 507 306 8 448 360 
9 6 57 0.300000 0 8 0 1 1.107058 6 2 8 569 332 1 432 414 9 503 294 3 626 348 10 442 352 6 608 444 2 543 465 5 389 320 
9 6 58 0.300000 0 8 1 1 1.030355 4 1 7 626 397 10 401 468 5 513 472 6 474 428 8 577 442 9 434 371 2 589 296 3 563 350 
9 6 59 0.300000 0 2 0 0 1.053558 1 2 4 593 379 2 409 328 NA NA NA NA NA NA NA NA NA NA NA NA NA NA NA NA NA NA 
9 7 0 0.700000 0 2 0 0 0.726982 0 5 5 413 301 10 421 447 NA NA NA NA NA NA NA NA NA NA NA NA NA NA NA NA NA NA 
9 7 1 0.700000 0 5 1 1 0.944949 2 2 6 616 401 4 392 304 1 509 452 3 580 350 10 463 326 NA NA NA NA NA NA NA NA NA 
9 7 2 0.700000 0 5 0 0 1.372509 1 5 9 493 314 5 601 335 8 437 456 7 582 405 2 387 336 NA NA NA NA NA NA NA NA NA 
9 7 3 0.700000 0 8 1 1 0.923804 5 9 7 566 435 2 599 366 5 417 372 4 422 299 10 440 440 3 521 313 6 387 473 1 624 454 
9 7 4 0.700000 0 5 1 1 0.706493 3 8 9 455 420 1 390 363 3 512 304 6 622 361 5 558 443 NA NA NA NA NA NA NA NA NA 
9 7 5 0.700000 0 8 1 1 0.926122 1 5 2 420 296 10 442 366 6 557 297 9 530 464 7 573 393 4 618 455 3 444 434 8 492 296 
9 7 6 0.700000 0 8 1 1 0.878715 6 7 4 395 364 9 479 450 5 626 298 8 459 326 10 616 412 3 531 320 2 550 434 1 419 453 
9 7 7 0.700000 0 2 1 1 0.594130 1 4 8 509 318 9 567 312 NA NA NA NA NA NA NA NA NA NA NA NA NA NA NA NA NA NA 
9 7 8 0.700000 0 8 0 1 0.994916 1 7 9 585 420 7 601 349 2 434 300 3 418 356 6 518 473 4 546 313 8 406 457 5 627 473 
9 7 9 0.700000 0 5 1 1 0.610508 4 1 3 618 441 8 539 451 5 435 344 6 606 350 7 444 412 NA NA NA NA NA NA NA NA NA 
9 7 10 0.700000 0 8 1 1 0.587096 1 6 7 605 432 1 398 297 3 467 318 8 393 419 5 472 465 9 525 301 10 602 355 4 542 435 
9 7 11 0.700000 0 8 0 1 0.675026 2 4 7 535 317 1 619 319 4 407 425 6 408 354 2 478 332 10 633 418 9 515 448 5 580 455 
9 7 12 0.700000 0 2 1 1 0.459158 0 7 8 624 330 6 429 409 NA NA NA NA NA NA NA NA NA NA NA NA NA NA NA NA NA NA 
9 7 13 0.700000 0 5 0 1 2.586668 0 9 9 508 326 8 431 466 3 615 459 2 613 370 1 550 468 NA NA NA NA NA NA NA NA NA 
9 7 14 0.700000 0 8 0 1 1.275835 2 3 1 593 386 9 437 462 3 589 319 5 441 319 7 522 295 10 389 427 6 448 391 8 525 464 
9 7 15 0.700000 0 2 0 0 0.479958 0 5 5 507 305 4 581 382 NA NA NA NA NA NA NA NA NA NA NA NA NA NA NA NA NA NA 
9 7 16 0.700000 0 8 1 1 0.858325 2 8 4 513 303 3 637 468 9 418 453 10 456 363 2 624 387 5 487 441 6 568 363 7 401 301 
9 7 17 0.700000 0 5 1 1 0.973339 3 10 3 607 356 1 530 472 5 394 318 7 424 384 8 483 317 NA NA NA NA NA NA NA NA NA 
9 7 18 0.700000 0 5 1 1 0.616573 4 7 5 557 455 10 423 467 8 414 372 2 615 428 3 576 370 NA NA NA NA NA NA NA NA NA 
9 7 19 0.700000 0 5 1 1 0.696711 1 10 5 437 432 8 539 324 2 417 308 3 637 455 6 468 345 NA NA NA NA NA NA NA NA NA 
9 7 20 0.700000 0 5 1 1 0.690363 2 6 10 581 468 8 625 422 7 550 327 2 452 473 5 478 327 NA NA NA NA NA NA NA NA NA 
9 7 21 0.700000 0 2 1 1 0.617184 0 10 5 452 388 8 632 404 NA NA NA NA NA NA NA NA NA NA NA NA NA NA NA NA NA NA 
9 7 22 0.700000 0 2 1 1 0.627405 1 10 1 390 298 9 586 367 NA NA NA NA NA NA NA NA NA NA NA NA NA NA NA NA NA NA 
9 7 23 0.700000 0 2 1 1 0.525857 0 9 10 603 456 5 631 313 NA NA NA NA NA NA NA NA NA NA NA NA NA NA NA NA NA NA 
9 7 24 0.700000 0 2 0 1 0.649880 1 10 1 481 448 10 566 442 NA NA NA NA NA NA NA NA NA NA NA NA NA NA NA NA NA NA 
9 7 25 0.700000 0 2 1 1 0.741166 0 10 4 566 303 6 580 424 NA NA NA NA NA NA NA NA NA NA NA NA NA NA NA NA NA NA 
9 7 26 0.700000 0 8 1 0 2.633031 0 10 7 507 307 5 417 316 6 611 429 3 404 422 2 544 448 8 614 299 1 601 362 9 474 469 
9 7 27 0.700000 0 5 0 0 0.990757 3 9 8 388 451 1 592 456 6 392 374 9 457 420 10 464 318 NA NA NA NA NA NA NA NA NA 
9 7 28 0.700000 0 8 1 1 0.994816 6 7 10 507 453 6 581 303 4 630 429 2 631 353 1 417 353 5 424 452 3 565 443 9 491 307 
9 7 29 0.700000 0 8 1 1 0.711213 5 7 9 449 421 3 593 401 5 549 445 4 500 318 1 436 298 8 399 355 2 573 340 10 629 451 
9 7 30 0.700000 0 5 1 1 0.663245 4 5 3 431 339 8 580 437 6 419 440 4 555 319 2 475 469 NA NA NA NA NA NA NA NA NA 
9 7 31 0.700000 0 2 1 1 2.359413 1 2 6 477 298 7 589 310 NA NA NA NA NA NA NA NA NA NA NA NA NA NA NA NA NA NA 
9 7 32 0.700000 0 8 1 1 1.660997 1 9 1 448 350 10 387 297 8 412 421 5 578 344 4 485 469 2 633 314 3 619 474 7 585 410 
9 7 33 0.700000 0 8 1 1 1.221989 6 10 7 597 471 3 425 388 4 437 295 5 500 324 6 566 310 2 484 462 8 634 322 9 578 377 
9 7 34 0.700000 0 5 1 1 2.385359 4 1 7 519 325 3 410 450 2 614 332 6 437 349 4 573 442 NA NA NA NA NA NA NA NA NA 
9 7 35 0.700000 0 2 1 1 0.534961 1 1 3 575 335 9 461 294 NA NA NA NA NA NA NA NA NA NA NA NA NA NA NA NA NA NA 
9 7 36 0.700000 0 5 1 1 0.589556 0 7 3 416 438 5 473 324 6 475 474 4 571 370 8 622 320 NA NA NA NA NA NA NA NA NA 
9 7 37 0.700000 0 5 1 1 0.583274 2 1 3 561 420 5 447 342 7 620 459 9 488 295 2 566 327 NA NA NA NA NA NA NA NA NA 
9 7 38 0.700000 0 8 1 1 1.219436 6 10 2 390 323 4 436 458 6 625 446 8 564 452 7 557 304 9 626 383 5 391 406 3 445 368 
9 7 39 0.700000 0 2 1 1 0.657827 0 6 8 419 422 7 503 445 NA NA NA NA NA NA NA NA NA NA NA NA NA NA NA NA NA NA 
9 7 40 0.700000 0 2 1 1 0.668758 1 4 10 597 387 8 615 316 NA NA NA NA NA NA NA NA NA NA NA NA NA NA NA NA NA NA 
9 7 41 0.700000 0 5 0 0 1.096233 0 4 4 594 463 6 410 383 5 632 386 1 590 306 9 521 460 NA NA NA NA NA NA NA NA NA 
9 7 42 0.700000 0 2 0 0 0.638304 1 5 9 406 474 5 469 470 NA NA NA NA NA NA NA NA NA NA NA NA NA NA NA NA NA NA 
9 7 43 0.700000 0 8 1 1 2.119847 3 9 3 631 353 4 413 427 7 555 454 10 564 339 2 443 347 8 633 465 1 478 459 5 387 300 
9 7 44 0.700000 0 5 0 1 0.957344 0 3 3 534 438 6 444 464 4 477 306 9 628 308 8 388 347 NA NA NA NA NA NA NA NA NA 
9 7 45 0.700000 0 5 1 1 1.315371 0 1 7 457 294 2 397 465 10 581 461 8 573 315 9 509 326 NA NA NA NA NA NA NA NA NA 
9 7 46 0.700000 0 2 1 1 0.765435 0 3 2 573 462 8 423 468 NA NA NA NA NA NA NA NA NA NA NA NA NA NA NA NA NA NA 
9 7 47 0.700000 0 8 1 1 0.866030 0 6 3 481 464 9 522 294 10 625 355 4 577 427 5 394 434 2 414 346 1 628 473 8 571 331 
9 7 48 0.700000 0 8 0 1 0.972402 3 5 3 455 467 1 440 325 2 621 473 5 395 434 9 453 385 7 580 343 4 555 429 6 636 311 
9 7 49 0.700000 0 2 1 1 1.079311 1 2 3 406 459 1 631 298 NA NA NA NA NA NA NA NA NA NA NA NA NA NA NA NA NA NA 
9 7 50 0.700000 0 2 1 1 0.703866 1 2 9 533 313 3 601 410 NA NA NA NA NA NA NA NA NA NA NA NA NA NA NA NA NA NA 
9 7 51 0.700000 0 5 1 1 0.667067 1 8 6 585 445 2 445 397 3 616 345 10 412 294 4 540 310 NA NA NA NA NA NA NA NA NA 
9 7 52 0.700000 0 5 0 0 2.067427 0 9 9 465 307 3 463 468 6 543 324 1 605 462 7 625 346 NA NA NA NA NA NA NA NA NA 
9 7 53 0.700000 0 8 0 0 1.865061 0 10 10 429 319 8 540 464 9 604 454 3 426 411 2 563 342 1 607 388 5 460 460 4 490 302 
9 7 54 0.700000 0 5 1 1 0.871735 2 10 2 424 442 9 566 463 3 447 382 7 603 386 5 625 460 NA NA NA NA NA NA NA NA NA 
9 7 55 0.700000 0 2 1 1 0.701600 0 5 2 553 307 8 485 313 NA NA NA NA NA NA NA NA NA NA NA NA NA NA NA NA NA NA 
9 7 56 0.700000 0 8 1 0 2.699661 4 2 7 411 403 1 533 467 5 572 361 10 421 324 3 519 319 4 629 320 6 634 401 8 435 459 
9 7 57 0.700000 0 8 0 1 2.152117 1 3 5 398 404 3 596 428 8 454 303 9 604 329 6 402 331 2 435 474 10 504 471 4 449 371 
9 7 58 0.700000 0 2 0 0 0.534997 0 6 6 388 403 5 457 429 NA NA NA NA NA NA NA NA NA NA NA NA NA NA NA NA NA NA 
9 7 59 0.700000 0 2 0 0 0.660192 0 9 9 613 401 4 420 453 NA NA NA NA NA NA NA NA NA NA NA NA NA NA NA NA NA NA 
9 8 0 0.500000 0 5 1 1 0.718629 1 5 7 587 419 9 414 432 6 422 364 8 590 360 10 474 317 NA NA NA NA NA NA NA NA NA 
9 8 1 0.500000 0 2 0 0 0.743291 1 10 6 395 396 10 604 375 NA NA NA NA NA NA NA NA NA NA NA NA NA NA NA NA NA NA 
9 8 2 0.500000 0 2 1 1 0.757240 0 5 3 622 424 10 499 305 NA NA NA NA NA NA NA NA NA NA NA NA NA NA NA NA NA NA 
9 8 3 0.500000 0 8 0 1 1.532738 0 2 2 389 370 4 444 304 9 593 314 8 574 382 5 395 428 1 549 464 10 635 376 3 631 459 
9 8 4 0.500000 0 8 0 0 1.277006 3 1 8 635 362 2 395 340 3 518 308 1 582 324 4 547 436 7 432 428 9 603 456 10 454 335 
9 8 5 0.500000 0 8 0 1 0.914865 1 6 7 470 331 6 570 428 3 426 379 5 528 320 9 483 447 10 399 431 4 388 332 1 594 372 
9 8 6 0.500000 0 2 1 1 0.700677 1 10 8 455 434 7 586 429 NA NA NA NA NA NA NA NA NA NA NA NA NA NA NA NA NA NA 
9 8 7 0.500000 0 2 0 0 0.636335 0 2 2 614 335 1 400 437 NA NA NA NA NA NA NA NA NA NA NA NA NA NA NA NA NA NA 
9 8 8 0.500000 0 5 0 0 2.287991 4 8 6 597 326 7 414 445 3 433 359 9 608 466 8 576 409 NA NA NA NA NA NA NA NA NA 
9 8 9 0.500000 0 8 0 1 1.018529 3 3 1 636 358 9 447 441 2 407 381 3 588 440 8 564 355 4 387 324 7 455 323 5 390 454 
9 8 10 0.500000 0 8 0 1 1.583484 3 7 3 634 408 10 469 449 6 562 468 7 567 323 2 393 461 1 416 328 5 634 301 4 629 470 
9 8 11 0.500000 0 2 1 1 0.736705 1 9 6 401 344 2 579 377 NA NA NA NA NA NA NA NA NA NA NA NA NA NA NA NA NA NA 
9 8 12 0.500000 0 2 1 1 0.714012 1 8 6 592 435 7 611 318 NA NA NA NA NA NA NA NA NA NA NA NA NA NA NA NA NA NA 
9 8 13 0.500000 0 5 0 1 0.697008 4 5 6 405 468 4 583 377 7 608 440 8 391 382 5 444 330 NA NA NA NA NA NA NA NA NA 
9 8 14 0.500000 0 5 1 1 0.791705 4 4 6 444 328 3 615 365 10 539 458 7 405 419 5 603 469 NA NA NA NA NA NA NA NA NA 
9 8 15 0.500000 0 8 1 1 1.313886 3 10 2 413 429 8 633 305 5 524 449 6 570 305 4 622 467 1 442 314 7 637 367 3 444 376 
9 8 16 0.500000 0 2 0 0 0.755603 0 1 1 580 457 6 621 375 NA NA NA NA NA NA NA NA NA NA NA NA NA NA NA NA NA NA 
9 8 17 0.500000 0 2 1 1 0.714308 0 2 10 635 444 7 592 369 NA NA NA NA NA NA NA NA NA NA NA NA NA NA NA NA NA NA 
9 8 18 0.500000 0 5 1 1 2.109782 1 5 7 590 328 3 587 460 8 436 329 4 465 465 9 430 388 NA NA NA NA NA NA NA NA NA 
9 8 19 0.500000 0 2 1 1 0.726643 0 7 10 560 428 4 422 432 NA NA NA NA NA NA NA NA NA NA NA NA NA NA NA NA NA NA 
9 8 20 0.500000 0 5 1 1 0.740466 4 8 4 446 362 3 606 439 6 553 317 5 575 382 2 389 421 NA NA NA NA NA NA NA NA NA 
9 8 21 0.500000 0 8 1 1 0.857639 2 7 2 436 473 3 572 313 8 487 444 5 398 387 6 561 439 9 444 351 4 634 435 10 513 310 
9 8 22 0.500000 0 5 0 1 1.006243 1 2 8 527 294 2 395 452 5 439 359 1 592 415 7 451 295 NA NA NA NA NA NA NA NA NA 
9 8 23 0.500000 0 5 0 1 1.080266 4 3 9 447 321 8 607 342 5 563 429 10 447 404 3 637 435 NA NA NA NA NA NA NA NA NA 
9 8 24 0.500000 0 8 0 1 1.148712 6 10 2 620 299 5 519 450 6 497 301 9 400 388 8 619 431 4 413 467 10 595 368 3 448 339 
9 8 25 0.500000 0 2 1 1 1.144895 1 10 2 597 395 9 392 395 NA NA NA NA NA NA NA NA NA NA NA NA NA NA NA NA NA NA 
9 8 26 0.500000 0 2 0 0 0.672329 1 3 4 407 407 3 605 396 NA NA NA NA NA NA NA NA NA NA NA NA NA NA NA NA NA NA 
9 8 27 0.500000 0 8 0 1 1.253143 2 10 9 446 449 8 580 411 10 397 411 3 564 305 5 415 330 4 625 363 1 482 333 2 529 449 
9 8 28 0.500000 0 5 1 1 1.200000 2 1 7 398 374 9 585 317 2 581 441 8 412 443 10 495 295 NA NA NA NA NA NA NA NA NA 
9 8 29 0.500000 0 5 0 0 1.292060 4 3 2 635 443 6 630 366 10 446 390 9 388 390 3 465 300 NA NA NA NA NA NA NA NA NA 
9 8 30 0.500000 0 8 1 1 1.007380 4 2 7 585 367 6 633 443 5 538 316 8 558 457 1 456 306 9 432 360 4 630 299 10 441 472 
9 8 31 0.500000 0 5 0 0 1.477568 2 10 7 406 426 4 553 431 10 633 355 8 508 324 2 444 381 NA NA NA NA NA NA NA NA NA 
9 8 32 0.500000 0 5 0 0 0.830948 0 3 3 572 437 5 563 356 1 622 294 7 392 412 2 485 311 NA NA NA NA NA NA NA NA NA 
9 8 33 0.500000 0 2 0 0 0.491200 0 2 2 485 454 4 579 357 NA NA NA NA NA NA NA NA NA NA NA NA NA NA NA NA NA NA 
9 8 34 0.500000 0 2 0 0 0.523496 0 3 3 450 439 5 428 352 NA NA NA NA NA NA NA NA NA NA NA NA NA NA NA NA NA NA 
9 8 35 0.500000 0 8 0 1 1.303973 3 8 6 471 342 4 586 371 5 420 429 8 547 461 1 476 448 3 415 321 2 635 440 7 634 310 
9 8 36 0.500000 0 8 1 1 1.008010 2 1 8 546 337 5 584 465 3 388 359 6 626 364 4 420 463 10 593 300 2 467 323 7 476 431 
9 8 37 0.500000 0 8 0 1 0.844378 2 4 5 391 462 9 613 323 4 622 472 8 463 426 10 566 423 7 432 343 6 622 392 2 536 305 
9 8 38 0.500000 0 2 0 0 0.741504 1 6 8 559 469 6 458 460 NA NA NA NA NA NA NA NA NA NA NA NA NA NA NA NA NA NA 
9 8 39 0.500000 0 5 1 1 1.024441 0 4 3 399 402 5 449 362 7 457 471 10 568 472 9 618 347 NA NA NA NA NA NA NA NA NA 
9 8 40 0.500000 0 8 1 1 1.205588 3 4 9 429 304 2 601 461 6 398 466 8 630 317 3 559 305 7 448 367 10 628 409 5 501 474 
9 8 41 0.500000 0 5 0 0 1.269143 2 8 7 630 419 6 424 366 8 432 308 3 513 302 10 435 437 NA NA NA NA NA NA NA NA NA 
9 8 42 0.500000 0 8 1 1 0.778623 1 10 4 413 325 3 556 469 8 612 452 1 570 298 9 430 408 2 631 363 7 458 473 6 397 468 
9 8 43 0.500000 0 8 1 1 1.113622 4 8 10 412 409 6 404 299 7 443 356 5 409 467 3 606 324 4 593 399 2 548 320 9 624 461 
9 8 44 0.500000 0 8 1 1 1.101648 3 2 7 583 471 1 615 309 10 403 426 6 602 404 8 524 463 4 444 354 9 516 298 3 442 472 
9 8 45 0.500000 0 8 0 0 1.401942 5 2 5 459 345 7 572 309 8 580 377 4 619 435 1 422 463 2 637 303 10 389 350 3 541 453 
9 8 46 0.500000 0 5 1 1 0.869981 0 9 4 573 373 7 470 314 6 410 419 3 402 300 8 578 454 NA NA NA NA NA NA NA NA NA 
9 8 47 0.500000 0 2 0 0 0.622232 0 3 3 437 319 10 397 386 NA NA NA NA NA NA NA NA NA NA NA NA NA NA NA NA NA NA 
9 8 48 0.500000 0 5 0 1 0.669198 2 10 2 547 436 9 454 468 10 396 318 8 440 386 6 616 310 NA NA NA NA NA NA NA NA NA 
9 8 49 0.500000 0 5 1 1 0.682690 0 6 8 459 320 9 403 433 5 608 312 7 561 445 10 572 366 NA NA NA NA NA NA NA NA NA 
9 8 50 0.500000 0 2 1 1 1.235027 0 10 3 565 439 2 603 383 NA NA NA NA NA NA NA NA NA NA NA NA NA NA NA NA NA NA 
9 8 51 0.500000 0 2 1 1 0.670976 0 2 5 425 381 3 631 397 NA NA NA NA NA NA NA NA NA NA NA NA NA NA NA NA NA NA 
9 8 52 0.500000 0 8 1 1 1.003012 1 3 9 427 376 1 581 443 2 480 464 4 490 295 10 569 328 7 624 306 8 416 300 6 602 380 
9 8 53 0.500000 0 2 1 1 0.739177 1 10 5 475 462 4 395 357 NA NA NA NA NA NA NA NA NA NA NA NA NA NA NA NA NA NA 
9 8 54 0.500000 0 5 1 1 0.652761 4 9 7 587 349 5 494 299 1 416 417 8 560 468 6 393 330 NA NA NA NA NA NA NA NA NA 
9 8 55 0.500000 0 8 1 0 1.553981 5 9 2 427 418 3 573 436 10 465 305 4 622 333 6 636 445 8 499 448 7 540 314 5 391 341 
9 8 56 0.500000 0 5 1 1 0.717763 1 6 8 456 368 7 394 349 3 425 418 9 602 333 10 526 447 NA NA NA NA NA NA NA NA NA 
9 8 57 0.500000 0 5 0 1 1.142003 3 6 10 621 354 1 481 312 7 481 456 6 437 396 2 557 325 NA NA NA NA NA NA NA NA NA 
9 8 58 0.500000 0 2 0 0 0.622262 0 5 5 605 452 2 560 294 NA NA NA NA NA NA NA NA NA NA NA NA NA NA NA NA NA NA 
9 8 59 0.500000 0 2 0 0 0.792206 0 5 5 518 470 7 400 321 NA NA NA NA NA NA NA NA NA NA NA NA NA NA NA NA NA NA 
