4 0 0 0.300000 0 5 0 0 1.173273 3 2 6 562 432 8 488 301 10 422 462 2 392 410 9 555 303 NA NA NA NA NA NA NA NA NA 
4 0 1 0.300000 0 2 0 0 1.091564 1 1 10 394 435 1 554 344 NA NA NA NA NA NA NA NA NA NA NA NA NA NA NA NA NA NA 
4 0 2 0.300000 0 8 0 0 1.306634 3 1 10 602 379 3 507 309 9 426 298 1 563 327 6 413 362 7 406 470 4 636 432 8 470 446 
4 0 3 0.300000 0 5 0 0 1.021465 3 1 8 542 453 7 588 372 6 468 327 1 451 432 4 592 299 NA NA NA NA NA NA NA NA NA 
4 0 4 0.300000 0 2 0 0 0.730288 1 2 7 622 419 2 447 351 NA NA NA NA NA NA NA NA NA NA NA NA NA NA NA NA NA NA 
4 0 5 0.300000 0 2 0 0 0.804065 1 10 4 448 440 10 476 306 NA NA NA NA NA NA NA NA NA NA NA NA NA NA NA NA NA NA 
4 0 6 0.300000 0 5 1 1 1.040332 4 10 9 445 305 2 550 445 6 582 362 3 395 398 1 539 305 NA NA NA NA NA NA NA NA NA 
4 0 7 0.300000 0 8 0 0 1.651640 4 6 3 429 461 8 521 474 5 614 378 7 547 320 6 405 378 2 488 314 10 408 298 9 573 441 
4 0 8 0.300000 0 5 1 1 1.079025 1 8 2 396 422 9 593 296 3 586 434 6 533 461 5 597 365 NA NA NA NA NA NA NA NA NA 
4 0 9 0.300000 0 2 0 0 0.825004 1 7 1 568 368 7 553 437 NA NA NA NA NA NA NA NA NA NA NA NA NA NA NA NA NA NA 
4 0 10 0.300000 0 8 0 0 0.863834 2 6 8 401 432 3 550 433 6 473 316 4 392 329 10 477 463 2 534 328 7 607 304 5 620 470 
4 0 11 0.300000 0 2 1 1 0.772074 1 10 9 415 328 7 450 387 NA NA NA NA NA NA NA NA NA NA NA NA NA NA NA NA NA NA 
4 0 12 0.300000 0 5 0 0 0.723149 1 2 10 450 377 2 445 308 1 415 456 4 540 324 6 546 433 NA NA NA NA NA NA NA NA NA 
4 0 13 0.300000 0 5 0 0 0.835143 2 1 9 628 409 6 391 319 1 582 362 2 434 457 4 425 380 NA NA NA NA NA NA NA NA NA 
4 0 14 0.300000 0 8 0 1 0.984318 6 2 8 443 308 1 618 389 5 391 399 9 566 348 3 508 326 6 473 437 2 388 467 4 552 460 
4 0 15 0.300000 0 8 0 1 0.948925 0 7 7 608 346 2 450 295 9 547 473 6 456 357 8 550 330 10 473 447 1 610 424 5 421 409 
4 0 16 0.300000 0 8 0 1 0.946442 3 3 5 511 447 7 600 297 8 566 408 3 626 431 6 508 304 1 428 339 4 616 365 9 415 431 
4 0 17 0.300000 0 2 1 1 1.004048 0 7 6 393 398 1 509 465 NA NA NA NA NA NA NA NA NA NA NA NA NA NA NA NA NA NA 
4 0 18 0.300000 0 2 0 0 0.925364 0 5 5 418 403 9 404 460 NA NA NA NA NA NA NA NA NA NA NA NA NA NA NA NA NA NA 
4 0 19 0.300000 0 5 1 1 0.680335 0 3 1 467 428 10 559 304 6 628 441 9 416 358 8 542 456 NA NA NA NA NA NA NA NA NA 
4 0 20 0.300000 0 8 0 0 0.961669 1 8 9 544 322 8 574 471 4 623 323 2 438 361 1 572 403 5 483 444 7 389 323 3 466 305 
4 0 21 0.300000 0 5 1 1 0.699540 4 9 1 530 303 10 453 357 4 610 464 6 492 471 2 634 347 NA NA NA NA NA NA NA NA NA 
4 0 22 0.300000 0 8 1 1 1.820325 3 3 7 600 465 5 433 331 10 625 376 4 421 389 1 455 468 8 512 453 9 493 302 2 566 412 
4 0 23 0.300000 0 2 0 0 0.730225 1 3 6 596 473 3 605 361 NA NA NA NA NA NA NA NA NA NA NA NA NA NA NA NA NA NA 
4 0 24 0.300000 0 8 0 1 0.904387 2 6 10 444 309 9 565 442 6 588 302 2 412 410 7 390 356 3 626 363 5 518 311 1 458 468 
4 0 25 0.300000 0 2 0 0 0.666102 1 3 7 561 332 3 458 347 NA NA NA NA NA NA NA NA NA NA NA NA NA NA NA NA NA NA 
4 0 26 0.300000 0 8 1 0 1.022840 7 5 1 617 336 6 629 440 2 430 430 4 397 299 10 418 360 8 569 430 3 511 324 9 488 448 
4 0 27 0.300000 0 8 0 0 0.424188 1 7 5 399 439 7 412 325 2 581 424 6 610 296 4 517 471 1 481 322 3 540 303 9 450 382 
4 0 28 0.300000 0 2 1 1 0.662870 0 1 5 468 340 2 560 432 NA NA NA NA NA NA NA NA NA NA NA NA NA NA NA NA NA NA 
4 0 29 0.300000 0 8 1 1 1.165737 5 10 1 582 460 5 599 299 9 486 320 8 483 460 7 411 369 6 618 366 2 428 439 3 393 312 
4 0 30 0.300000 0 8 1 1 0.790544 0 3 10 570 300 7 387 405 5 463 423 6 474 338 4 582 412 9 399 322 8 630 318 1 531 463 
4 0 31 0.300000 0 5 0 0 0.757485 4 10 7 400 298 2 600 433 5 462 351 6 618 346 10 459 420 NA NA NA NA NA NA NA NA NA 
4 0 32 0.300000 0 5 0 0 0.682037 0 8 8 569 319 7 414 472 3 441 342 2 501 465 6 590 389 NA NA NA NA NA NA NA NA NA 
4 0 33 0.300000 0 5 0 1 1.289639 0 10 10 626 336 6 408 377 3 394 472 7 524 449 1 475 312 NA NA NA NA NA NA NA NA NA 
4 0 34 0.300000 0 5 1 1 1.135270 1 2 1 480 325 9 412 389 3 557 320 10 612 439 8 515 462 NA NA NA NA NA NA NA NA NA 
4 0 35 0.300000 0 2 0 0 0.701915 0 5 5 621 414 1 490 322 NA NA NA NA NA NA NA NA NA NA NA NA NA NA NA NA NA NA 
4 0 36 0.300000 0 2 0 0 0.779238 1 5 4 435 349 5 634 316 NA NA NA NA NA NA NA NA NA NA NA NA NA NA NA NA NA NA 
4 0 37 0.300000 0 5 0 1 0.700668 2 9 7 595 447 1 414 442 9 434 295 10 601 321 5 632 380 NA NA NA NA NA NA NA NA NA 
4 0 38 0.300000 0 2 0 0 0.526606 1 2 6 579 423 2 587 347 NA NA NA NA NA NA NA NA NA NA NA NA NA NA NA NA NA NA 
4 0 39 0.300000 0 5 1 0 0.635744 1 6 1 461 432 8 604 301 7 574 359 3 586 418 4 465 308 NA NA NA NA NA NA NA NA NA 
4 0 40 0.300000 0 5 0 1 1.209699 0 3 3 605 366 1 620 472 6 534 446 5 443 421 8 588 304 NA NA NA NA NA NA NA NA NA 
4 0 41 0.300000 0 2 0 0 0.641718 1 10 9 437 445 10 443 303 NA NA NA NA NA NA NA NA NA NA NA NA NA NA NA NA NA NA 
4 0 42 0.300000 0 8 1 0 0.723343 2 5 10 504 467 3 571 377 2 401 436 9 604 455 8 503 314 7 420 301 4 609 308 6 437 378 
4 0 43 0.300000 0 8 0 0 0.646381 6 5 7 481 328 8 588 462 4 551 312 6 416 431 2 414 373 3 637 332 5 584 397 1 509 461 
4 0 44 0.300000 0 2 0 0 0.517221 0 8 8 546 308 9 619 411 NA NA NA NA NA NA NA NA NA NA NA NA NA NA NA NA NA NA 
4 0 45 0.300000 0 8 0 0 0.575092 7 2 3 491 302 1 418 321 6 625 334 7 407 437 8 472 428 5 632 392 9 635 461 2 574 398 
4 0 46 0.300000 0 2 1 1 0.807353 0 4 5 502 468 9 565 445 NA NA NA NA NA NA NA NA NA NA NA NA NA NA NA NA NA NA 
4 0 47 0.300000 0 2 1 1 0.681942 0 8 6 614 448 10 439 470 NA NA NA NA NA NA NA NA NA NA NA NA NA NA NA NA NA NA 
4 0 48 0.300000 0 8 1 1 0.710967 3 9 7 616 443 4 539 312 5 408 418 1 613 382 3 388 348 6 447 294 8 614 299 10 469 458 
4 0 49 0.300000 0 5 0 0 0.766505 4 1 2 527 457 10 452 338 7 619 360 4 614 473 1 443 405 NA NA NA NA NA NA NA NA NA 
4 0 50 0.300000 0 8 0 0 0.923037 0 5 5 434 457 10 626 413 2 487 312 4 557 468 8 389 365 7 569 342 9 404 297 3 450 361 
4 0 51 0.300000 0 8 0 1 0.910894 1 2 4 463 429 2 454 303 5 391 365 10 581 400 3 630 436 9 622 333 6 404 462 1 556 346 
4 0 52 0.300000 0 5 0 1 0.967103 0 3 3 537 441 1 420 308 8 399 370 2 631 427 10 602 351 NA NA NA NA NA NA NA NA NA 
4 0 53 0.300000 0 5 0 0 0.767428 2 9 4 599 362 2 423 304 9 552 435 5 418 367 3 399 443 NA NA NA NA NA NA NA NA NA 
4 0 54 0.300000 0 8 0 0 0.913258 1 6 10 443 425 6 636 386 4 389 369 3 523 465 1 479 306 5 396 296 2 626 469 8 574 358 
4 0 55 0.300000 0 5 0 0 0.669207 1 1 10 607 388 1 453 358 7 547 474 2 457 433 6 518 323 NA NA NA NA NA NA NA NA NA 
4 0 56 0.300000 0 2 0 0 0.907140 1 5 3 580 336 5 559 421 NA NA NA NA NA NA NA NA NA NA NA NA NA NA NA NA NA NA 
4 0 57 0.300000 0 2 1 1 0.682094 0 7 4 529 472 2 398 319 NA NA NA NA NA NA NA NA NA NA NA NA NA NA NA NA NA NA 
4 0 58 0.300000 0 5 0 0 1.324951 1 4 7 532 442 4 419 408 2 424 302 8 533 310 5 633 350 NA NA NA NA NA NA NA NA NA 
4 0 59 0.300000 0 2 0 0 0.483651 1 5 7 583 375 5 462 300 NA NA NA NA NA NA NA NA NA NA NA NA NA NA NA NA NA NA 
4 1 0 0.700000 0 8 1 1 0.463571 7 2 8 511 316 7 445 326 9 443 394 6 541 455 1 606 341 4 473 447 3 634 462 10 598 400 
4 1 1 0.700000 0 8 0 1 1.024506 3 1 5 606 303 9 626 454 6 412 452 1 403 325 7 482 442 10 553 341 2 594 391 4 450 367 
4 1 2 0.700000 0 5 0 1 1.105335 4 7 6 420 342 3 587 413 9 585 323 5 443 419 7 536 459 NA NA NA NA NA NA NA NA NA 
4 1 3 0.700000 0 2 1 1 0.534863 1 6 1 391 330 3 468 318 NA NA NA NA NA NA NA NA NA NA NA NA NA NA NA NA NA NA 
4 1 4 0.700000 0 8 1 1 0.944050 3 10 3 420 360 5 589 472 6 437 419 1 541 318 7 612 294 9 599 390 2 485 464 4 390 454 
4 1 5 0.700000 0 2 1 1 0.591291 0 1 8 449 394 9 589 428 NA NA NA NA NA NA NA NA NA NA NA NA NA NA NA NA NA NA 
4 1 6 0.700000 0 2 1 1 0.663828 0 2 10 505 452 9 412 301 NA NA NA NA NA NA NA NA NA NA NA NA NA NA NA NA NA NA 
4 1 7 0.700000 0 2 0 0 0.659337 1 9 2 593 296 9 633 378 NA NA NA NA NA NA NA NA NA NA NA NA NA NA NA NA NA NA 
4 1 8 0.700000 0 5 0 0 0.709140 0 8 8 478 457 7 560 350 1 635 471 4 430 336 10 556 429 NA NA NA NA NA NA NA NA NA 
4 1 9 0.700000 0 5 1 1 1.076661 0 6 3 467 445 9 538 310 5 447 337 2 596 328 8 387 441 NA NA NA NA NA NA NA NA NA 
4 1 10 0.700000 0 5 1 1 0.617672 0 6 9 470 325 10 387 432 7 543 314 5 393 372 4 461 466 NA NA NA NA NA NA NA NA NA 
4 1 11 0.700000 0 8 1 1 0.951798 3 3 6 577 443 4 580 305 10 413 317 1 493 454 2 448 371 5 396 423 9 622 354 7 471 311 
4 1 12 0.700000 0 2 0 0 0.682778 1 6 4 563 323 6 493 295 NA NA NA NA NA NA NA NA NA NA NA NA NA NA NA NA NA NA 
4 1 13 0.700000 0 2 1 1 0.620473 1 9 10 565 460 6 509 294 NA NA NA NA NA NA NA NA NA NA NA NA NA NA NA NA NA NA 
4 1 14 0.700000 0 5 0 1 2.006131 1 9 3 570 451 9 446 426 4 616 322 6 504 317 8 392 352 NA NA NA NA NA NA NA NA NA 
4 1 15 0.700000 0 5 1 1 0.846591 3 8 6 598 316 5 540 464 7 423 362 1 450 418 9 620 426 NA NA NA NA NA NA NA NA NA 
4 1 16 0.700000 0 8 1 1 1.023633 6 1 6 602 452 8 587 311 4 392 309 9 452 394 10 457 461 2 391 452 5 529 468 7 628 386 
4 1 17 0.700000 0 5 1 1 1.523135 4 8 2 558 432 1 510 296 4 417 466 10 625 376 5 569 339 NA NA NA NA NA NA NA NA NA 
4 1 18 0.700000 0 5 1 1 1.249249 2 1 2 588 427 9 416 369 4 629 375 8 448 315 10 453 424 NA NA NA NA NA NA NA NA NA 
4 1 19 0.700000 0 5 1 1 0.717979 0 5 2 625 434 3 425 320 1 627 350 10 523 309 4 389 379 NA NA NA NA NA NA NA NA NA 
4 1 20 0.700000 0 2 1 1 0.552136 0 2 9 469 457 10 410 439 NA NA NA NA NA NA NA NA NA NA NA NA NA NA NA NA NA NA 
4 1 21 0.700000 0 8 1 1 1.123040 1 3 4 389 310 7 614 434 9 393 451 2 527 306 10 438 391 6 599 363 8 633 315 5 498 471 
4 1 22 0.700000 0 2 0 0 0.754877 1 2 7 600 408 2 553 474 NA NA NA NA NA NA NA NA NA NA NA NA NA NA NA NA NA NA 
4 1 23 0.700000 0 5 1 1 0.739587 0 5 1 422 365 6 447 464 8 625 376 2 453 301 7 516 461 NA NA NA NA NA NA NA NA NA 
4 1 24 0.700000 0 8 1 1 0.741054 5 6 8 434 297 4 561 319 9 582 435 1 406 450 2 628 472 10 480 441 5 608 364 3 428 379 
4 1 25 0.700000 0 8 1 1 0.742581 7 10 5 446 474 4 632 436 1 577 397 3 499 317 8 394 351 6 628 333 7 518 469 2 451 384 
4 1 26 0.700000 0 2 1 1 0.584310 0 4 5 431 374 7 602 310 NA NA NA NA NA NA NA NA NA NA NA NA NA NA NA NA NA NA 
4 1 27 0.700000 0 5 1 1 0.695133 4 9 1 481 452 8 523 323 5 583 303 6 445 401 10 466 338 NA NA NA NA NA NA NA NA NA 
4 1 28 0.700000 0 5 1 1 0.667919 0 8 1 518 450 10 628 354 6 433 447 2 486 312 9 592 410 NA NA NA NA NA NA NA NA NA 
4 1 29 0.700000 0 2 1 1 0.582070 1 6 1 451 318 2 617 388 NA NA NA NA NA NA NA NA NA NA NA NA NA NA NA NA NA NA 
4 1 30 0.700000 0 5 0 0 0.617185 1 2 4 555 309 2 616 467 8 471 322 5 598 394 6 404 322 NA NA NA NA NA NA NA NA NA 
4 1 31 0.700000 0 2 1 1 0.541113 1 6 8 420 435 7 475 462 NA NA NA NA NA NA NA NA NA NA NA NA NA NA NA NA NA NA 
4 1 32 0.700000 0 8 1 1 0.650654 0 9 6 506 312 3 439 408 4 499 449 5 583 416 10 396 357 2 388 466 7 633 453 8 599 357 
4 1 33 0.700000 0 8 0 1 0.584140 1 9 5 614 457 9 621 368 6 391 371 3 465 311 10 632 302 2 461 458 1 545 462 7 396 442 
4 1 34 0.700000 0 2 0 0 0.805935 1 6 5 631 316 6 471 325 NA NA NA NA NA NA NA NA NA NA NA NA NA NA NA NA NA NA 
4 1 35 0.700000 0 2 0 0 0.781669 1 1 6 538 318 1 516 463 NA NA NA NA NA NA NA NA NA NA NA NA NA NA NA NA NA NA 
4 1 36 0.700000 0 8 0 1 0.987351 2 3 7 550 306 1 584 435 3 471 444 10 400 414 8 592 366 2 404 473 4 485 298 6 537 470 
4 1 37 0.700000 0 2 1 1 0.717507 0 8 6 398 407 5 398 327 NA NA NA NA NA NA NA NA NA NA NA NA NA NA NA NA NA NA 
4 1 38 0.700000 0 5 1 1 0.784528 1 1 9 440 462 8 618 388 6 562 348 2 537 445 3 413 379 NA NA NA NA NA NA NA NA NA 
4 1 39 0.700000 0 8 1 1 1.252699 5 5 4 544 305 9 435 412 10 606 365 8 438 314 1 610 467 6 506 456 2 630 301 3 392 463 
4 1 40 0.700000 0 8 1 0 1.114067 7 8 7 597 380 5 461 422 6 440 296 2 564 327 10 619 444 9 628 300 1 401 386 3 501 309 
4 1 41 0.700000 0 5 1 1 0.603615 0 3 4 473 336 5 597 324 8 437 429 1 405 347 9 576 474 NA NA NA NA NA NA NA NA NA 
4 1 42 0.700000 0 8 0 0 0.641229 0 2 2 477 440 3 607 456 4 591 376 1 418 343 9 540 301 10 417 460 8 387 394 5 631 320 
4 1 43 0.700000 0 2 0 0 0.772944 0 6 6 518 313 10 427 397 NA NA NA NA NA NA NA NA NA NA NA NA NA NA NA NA NA NA 
4 1 44 0.700000 0 2 1 1 0.703607 1 7 6 634 303 4 588 364 NA NA NA NA NA NA NA NA NA NA NA NA NA NA NA NA NA NA 
4 1 45 0.700000 0 8 1 1 0.840942 5 7 1 437 473 9 547 302 5 608 429 10 633 361 4 440 295 8 446 365 2 550 465 3 388 364 
4 1 46 0.700000 0 8 0 1 0.721173 0 8 8 503 468 9 420 455 2 629 384 5 434 362 3 567 360 4 610 463 10 515 297 6 627 310 
4 1 47 0.700000 0 5 1 1 0.664171 3 5 10 392 440 6 624 352 9 450 473 2 452 323 4 451 381 NA NA NA NA NA NA NA NA NA 
4 1 48 0.700000 0 2 1 1 0.614141 1 9 6 602 326 3 424 437 NA NA NA NA NA NA NA NA NA NA NA NA NA NA NA NA NA NA 
4 1 49 0.700000 0 2 1 1 0.522227 0 6 5 473 310 9 424 437 NA NA NA NA NA NA NA NA NA NA NA NA NA NA NA NA NA NA 
4 1 50 0.700000 0 5 0 0 0.724168 3 3 2 594 333 7 502 300 10 538 449 3 391 295 9 452 371 NA NA NA NA NA NA NA NA NA 
4 1 51 0.700000 0 8 0 1 0.621748 3 6 2 431 410 4 563 352 10 484 321 6 483 452 3 575 440 8 637 397 5 406 319 7 389 472 
4 1 52 0.700000 0 8 1 1 0.618603 3 10 7 511 323 1 560 451 3 390 311 4 603 401 5 420 470 6 444 401 9 591 310 2 632 455 
4 1 53 0.700000 0 8 1 1 0.620313 2 10 5 463 454 1 466 306 7 572 426 2 529 306 8 401 323 6 591 332 3 616 388 4 428 407 
4 1 54 0.700000 0 5 1 1 0.544203 4 6 3 429 322 5 493 451 1 577 463 2 401 444 7 563 350 NA NA NA NA NA NA NA NA NA 
4 1 55 0.700000 0 2 1 1 0.481370 1 10 9 458 469 3 403 340 NA NA NA NA NA NA NA NA NA NA NA NA NA NA NA NA NA NA 
4 1 56 0.700000 0 5 0 0 0.638844 1 8 7 609 297 8 396 414 9 510 324 2 443 374 6 470 450 NA NA NA NA NA NA NA NA NA 
4 1 57 0.700000 0 5 1 1 0.727563 4 5 2 581 306 10 519 444 1 424 449 7 619 427 6 398 365 NA NA NA NA NA NA NA NA NA 
4 1 58 0.700000 0 2 1 1 0.619286 0 4 8 603 364 10 401 439 NA NA NA NA NA NA NA NA NA NA NA NA NA NA NA NA NA NA 
4 1 59 0.700000 0 8 1 1 0.846073 6 10 7 461 305 3 462 456 4 523 461 2 613 315 9 576 409 8 403 296 1 559 341 6 394 383 
4 2 0 0.300000 0 8 0 0 0.395923 0 5 5 589 432 3 621 365 9 460 463 8 477 307 6 422 344 7 554 322 1 431 403 10 619 294 
4 2 1 0.300000 0 2 0 0 0.648214 0 1 1 479 320 6 625 426 NA NA NA NA NA NA NA NA NA NA NA NA NA NA NA NA NA NA 
4 2 2 0.300000 0 8 0 0 0.314755 7 7 1 568 449 4 456 310 6 630 461 3 391 397 2 559 323 5 421 466 10 570 381 7 620 315 
4 2 3 0.300000 0 2 1 1 0.479404 1 9 10 490 462 1 429 343 NA NA NA NA NA NA NA NA NA NA NA NA NA NA NA NA NA NA 
4 2 4 0.300000 0 2 0 0 0.475023 1 2 9 542 310 2 470 310 NA NA NA NA NA NA NA NA NA NA NA NA NA NA NA NA NA NA 
4 2 5 0.300000 0 2 0 0 0.373292 0 2 2 498 316 6 584 360 NA NA NA NA NA NA NA NA NA NA NA NA NA NA NA NA NA NA 
4 2 6 0.300000 0 8 1 1 0.465995 0 8 7 535 308 1 564 425 9 425 345 10 488 466 5 623 408 4 400 466 3 628 345 2 465 297 
4 2 7 0.300000 0 8 1 0 0.992092 2 4 7 582 442 10 407 394 9 617 395 8 508 305 6 399 458 1 634 474 5 568 312 2 391 329 
4 2 8 0.300000 0 2 0 0 0.517311 1 8 3 410 303 8 526 446 NA NA NA NA NA NA NA NA NA NA NA NA NA NA NA NA NA NA 
4 2 9 0.300000 0 5 0 0 0.471171 0 2 2 390 422 6 416 355 10 563 322 1 477 328 9 579 434 NA NA NA NA NA NA NA NA NA 
4 2 10 0.300000 0 2 0 0 0.656052 0 10 10 588 318 1 427 448 NA NA NA NA NA NA NA NA NA NA NA NA NA NA NA NA NA NA 
4 2 11 0.300000 0 5 0 0 0.525176 1 5 2 513 446 5 435 402 1 601 328 9 392 445 6 479 329 NA NA NA NA NA NA NA NA NA 
4 2 12 0.300000 0 5 0 0 0.782081 3 6 10 553 436 3 567 312 8 435 399 6 625 320 7 616 409 NA NA NA NA NA NA NA NA NA 
4 2 13 0.300000 0 8 0 0 0.647648 6 1 10 404 297 2 560 466 8 431 370 4 444 446 6 608 389 9 506 312 1 630 301 5 390 417 
4 2 14 0.300000 0 5 0 1 0.809192 1 9 5 621 347 9 563 347 10 441 473 1 402 372 2 432 298 NA NA NA NA NA NA NA NA NA 
4 2 15 0.300000 0 5 0 0 0.533827 3 10 5 571 409 1 565 335 6 446 425 10 387 376 9 513 449 NA NA NA NA NA NA NA NA NA 
4 2 16 0.300000 0 5 1 1 1.476986 4 5 9 471 445 3 623 339 4 613 420 10 397 393 8 412 462 NA NA NA NA NA NA NA NA NA 
4 2 17 0.300000 0 2 1 1 0.651599 1 7 2 485 473 1 565 439 NA NA NA NA NA NA NA NA NA NA NA NA NA NA NA NA NA NA 
4 2 18 0.300000 0 5 0 1 1.969914 4 3 2 427 365 1 636 453 6 589 311 7 453 474 3 396 446 NA NA NA NA NA NA NA NA NA 
4 2 19 0.300000 0 2 0 0 0.479907 1 7 5 621 460 7 564 334 NA NA NA NA NA NA NA NA NA NA NA NA NA NA NA NA NA NA 
4 2 20 0.300000 0 5 0 1 0.727314 1 1 8 427 472 1 426 334 7 524 323 5 615 362 9 485 459 NA NA NA NA NA NA NA NA NA 
4 2 21 0.300000 0 5 0 0 0.349088 0 4 4 404 374 8 585 361 3 390 455 6 545 455 2 477 307 NA NA NA NA NA NA NA NA NA 
4 2 22 0.300000 0 8 0 0 0.605117 1 8 6 539 323 8 567 474 5 390 415 3 597 386 1 465 315 2 393 320 10 629 458 7 618 300 
4 2 23 0.300000 0 8 0 0 0.497763 4 10 9 460 411 4 599 382 5 464 337 6 637 338 10 627 445 3 509 470 2 395 316 8 394 428 
4 2 24 0.300000 0 2 0 0 0.617257 1 6 5 388 312 6 490 324 NA NA NA NA NA NA NA NA NA NA NA NA NA NA NA NA NA NA 
4 2 25 0.300000 0 5 0 0 0.841622 3 2 9 501 294 6 604 462 7 591 361 2 521 459 8 630 305 NA NA NA NA NA NA NA NA NA 
4 2 26 0.300000 0 8 0 0 0.473750 5 7 2 415 398 6 457 339 8 592 420 1 521 470 9 627 350 7 390 460 10 541 302 5 392 299 
4 2 27 0.300000 0 8 0 0 0.747784 5 8 2 561 429 10 435 405 9 594 355 5 461 331 6 530 310 8 410 296 7 622 303 1 635 451 
4 2 28 0.300000 0 8 0 0 0.742361 0 10 10 577 342 2 404 418 1 567 460 4 387 319 9 447 369 8 542 294 6 453 463 5 620 395 
4 2 29 0.300000 0 5 1 0 0.658946 4 6 1 400 440 2 607 431 4 422 355 9 550 461 5 589 322 NA NA NA NA NA NA NA NA NA 
4 2 30 0.300000 0 8 0 1 0.628633 7 7 1 409 379 8 613 331 10 418 446 4 617 442 6 442 309 3 519 296 2 563 469 7 502 459 
4 2 31 0.300000 0 8 1 0 0.826661 0 1 4 520 448 10 420 294 9 631 371 6 446 472 7 463 351 8 502 296 5 575 299 2 593 459 
4 2 32 0.300000 0 5 1 1 0.608006 3 1 4 453 399 6 582 423 7 507 460 5 635 334 3 393 396 NA NA NA NA NA NA NA NA NA 
4 2 33 0.300000 0 8 0 0 0.384063 5 4 9 411 380 5 633 464 7 564 424 10 524 318 3 391 471 4 615 355 6 432 314 8 483 438 
4 2 34 0.300000 0 5 1 1 0.604043 4 8 7 429 473 4 397 319 1 602 426 6 447 372 2 637 360 NA NA NA NA NA NA NA NA NA 
4 2 35 0.300000 0 2 0 0 0.588614 1 10 6 418 366 10 560 319 NA NA NA NA NA NA NA NA NA NA NA NA NA NA NA NA NA NA 
4 2 36 0.300000 0 2 0 0 0.765643 1 4 8 632 383 4 422 294 NA NA NA NA NA NA NA NA NA NA NA NA NA NA NA NA NA NA 
4 2 37 0.300000 0 5 1 1 0.686446 0 7 1 624 424 9 394 376 2 461 341 3 413 466 10 599 328 NA NA NA NA NA NA NA NA NA 
4 2 38 0.300000 0 8 0 0 0.614883 4 5 4 409 380 6 448 423 3 571 389 7 612 448 5 548 300 2 467 295 1 390 473 10 540 467 
4 2 39 0.300000 0 8 0 0 0.758763 4 6 2 465 459 10 635 379 8 390 343 4 596 317 6 529 328 5 572 418 3 394 453 9 436 395 
4 2 40 0.300000 0 8 1 1 1.042351 5 8 7 399 392 9 549 300 10 593 449 2 493 455 3 628 394 6 620 298 1 492 323 5 457 405 
4 2 41 0.300000 0 2 0 0 0.613278 1 6 1 534 313 6 608 423 NA NA NA NA NA NA NA NA NA NA NA NA NA NA NA NA NA NA 
4 2 42 0.300000 0 2 1 1 0.874292 0 3 9 615 323 1 607 452 NA NA NA NA NA NA NA NA NA NA NA NA NA NA NA NA NA NA 
4 2 43 0.300000 0 8 1 0 1.085099 7 10 3 627 382 1 511 309 7 560 445 2 637 469 6 456 451 8 425 307 5 403 423 9 436 364 
4 2 44 0.300000 0 5 0 0 0.454359 2 1 7 593 445 4 479 441 1 504 317 2 426 378 3 594 306 NA NA NA NA NA NA NA NA NA 
4 2 45 0.300000 0 2 0 0 0.556717 0 8 8 448 313 10 389 393 NA NA NA NA NA NA NA NA NA NA NA NA NA NA NA NA NA NA 
4 2 46 0.300000 0 2 1 1 0.524008 1 5 3 422 444 7 454 375 NA NA NA NA NA NA NA NA NA NA NA NA NA NA NA NA NA NA 
4 2 47 0.300000 0 8 1 0 0.873470 6 3 6 393 473 9 438 326 2 627 394 8 610 337 1 443 443 10 588 465 4 404 386 7 503 295 
4 2 48 0.300000 0 5 0 0 0.908344 4 10 1 618 430 8 492 305 5 436 362 4 594 358 10 476 444 NA NA NA NA NA NA NA NA NA 
4 2 49 0.300000 0 2 0 1 0.631255 0 9 9 454 351 6 610 394 NA NA NA NA NA NA NA NA NA NA NA NA NA NA NA NA NA NA 
4 2 50 0.300000 0 2 1 1 0.634641 0 1 3 582 394 7 428 428 NA NA NA NA NA NA NA NA NA NA NA NA NA NA NA NA NA NA 
4 2 51 0.300000 0 2 1 1 0.596787 0 1 6 430 381 7 600 463 NA NA NA NA NA NA NA NA NA NA NA NA NA NA NA NA NA NA 
4 2 52 0.300000 0 8 0 0 1.201438 5 1 10 413 353 6 559 318 4 473 463 3 417 429 8 616 405 1 611 466 7 533 448 9 473 299 
4 2 53 0.300000 0 8 0 0 0.591961 3 10 1 408 397 4 555 302 7 439 321 10 623 474 5 538 444 9 432 468 6 616 326 2 634 403 
4 2 54 0.300000 0 5 1 1 0.580286 3 7 10 539 327 8 449 404 1 467 345 4 571 398 9 395 331 NA NA NA NA NA NA NA NA NA 
4 2 55 0.300000 0 5 0 0 0.641477 0 6 6 605 395 10 395 311 1 396 407 3 449 451 5 600 325 NA NA NA NA NA NA NA NA NA 
4 2 56 0.300000 0 2 0 0 1.648085 0 6 6 570 314 4 570 392 NA NA NA NA NA NA NA NA NA NA NA NA NA NA NA NA NA NA 
4 2 57 0.300000 0 5 0 0 0.618757 4 4 5 505 298 2 411 442 1 451 323 6 498 464 4 618 335 NA NA NA NA NA NA NA NA NA 
4 2 58 0.300000 0 2 0 0 0.499929 0 2 2 603 297 4 594 412 NA NA NA NA NA NA NA NA NA NA NA NA NA NA NA NA NA NA 
4 2 59 0.300000 0 5 0 1 1.043269 3 7 1 614 367 4 545 308 3 482 305 7 417 295 10 530 470 NA NA NA NA NA NA NA NA NA 
4 3 0 0.700000 0 8 1 1 0.390274 7 3 6 554 295 10 536 459 1 443 381 4 409 462 2 568 400 7 628 336 5 438 295 8 611 452 
4 3 1 0.700000 0 8 1 1 0.992474 7 5 7 452 455 2 440 300 10 573 425 1 568 309 9 406 384 8 618 383 6 634 308 3 389 466 
4 3 2 0.700000 0 5 1 0 0.783902 4 2 3 395 461 5 479 327 8 491 474 6 634 470 7 540 306 NA NA NA NA NA NA NA NA NA 
4 3 3 0.700000 0 5 1 1 0.918376 1 9 1 438 430 8 536 329 4 627 453 2 624 308 7 419 333 NA NA NA NA NA NA NA NA NA 
4 3 4 0.700000 0 2 1 1 0.538054 1 1 8 504 324 3 571 425 NA NA NA NA NA NA NA NA NA NA NA NA NA NA NA NA NA NA 
4 3 5 0.700000 0 2 0 0 0.611602 1 7 8 567 340 7 624 406 NA NA NA NA NA NA NA NA NA NA NA NA NA NA NA NA NA NA 
4 3 6 0.700000 0 8 0 0 0.507268 3 7 9 605 375 6 420 314 5 448 368 7 467 426 3 543 461 1 632 453 10 624 302 2 510 315 
4 3 7 0.700000 0 5 0 1 1.123690 0 8 8 397 402 3 586 472 1 596 408 5 394 473 2 557 308 NA NA NA NA NA NA NA NA NA 
4 3 8 0.700000 0 8 1 1 0.487107 2 6 10 400 411 7 572 401 3 554 300 1 495 322 4 495 465 8 420 473 5 631 458 2 613 358 
4 3 9 0.700000 0 8 1 0 0.770601 5 8 2 404 466 9 604 365 6 627 446 1 439 397 4 395 352 3 537 326 10 613 296 7 455 341 
4 3 10 0.700000 0 8 0 1 1.277450 2 7 3 489 471 5 578 456 7 547 314 1 390 369 8 586 380 9 444 331 10 611 313 2 418 438 
4 3 11 0.700000 0 2 0 0 0.693998 1 5 9 635 354 5 435 433 NA NA NA NA NA NA NA NA NA NA NA NA NA NA NA NA NA NA 
4 3 12 0.700000 0 5 0 0 0.802100 2 9 7 446 341 4 549 310 9 564 455 6 426 462 3 456 412 NA NA NA NA NA NA NA NA NA 
4 3 13 0.700000 0 8 0 1 0.823148 2 2 6 618 458 5 575 309 2 499 327 7 397 401 10 441 443 9 571 403 3 426 310 4 530 456 
4 3 14 0.700000 0 5 1 1 0.516622 3 1 3 586 404 10 476 435 8 583 320 5 387 437 7 428 303 NA NA NA NA NA NA NA NA NA 
4 3 15 0.700000 0 5 1 1 0.739452 3 1 10 572 360 3 542 309 6 631 366 9 531 454 8 404 447 NA NA NA NA NA NA NA NA NA 
4 3 16 0.700000 0 5 1 1 0.583533 4 10 5 422 349 2 389 402 7 445 464 3 568 330 6 535 447 NA NA NA NA NA NA NA NA NA 
4 3 17 0.700000 0 2 1 1 1.099608 0 6 4 522 298 5 486 437 NA NA NA NA NA NA NA NA NA NA NA NA NA NA NA NA NA NA 
4 3 18 0.700000 0 8 0 1 1.204721 4 3 2 418 447 7 578 339 5 461 311 10 392 325 3 450 396 9 521 449 4 610 415 6 524 308 
4 3 19 0.700000 0 5 1 1 0.947904 4 3 2 500 302 5 391 307 6 510 462 8 437 385 7 581 393 NA NA NA NA NA NA NA NA NA 
4 3 20 0.700000 0 8 1 0 1.359929 2 8 4 580 388 3 522 448 6 394 406 9 634 428 7 567 326 5 405 320 1 464 429 10 471 319 
4 3 21 0.700000 0 2 1 1 1.161121 0 7 8 517 315 3 592 328 NA NA NA NA NA NA NA NA NA NA NA NA NA NA NA NA NA NA 
4 3 22 0.700000 0 8 1 1 2.069032 4 6 4 405 318 9 561 437 3 397 430 5 528 321 2 620 404 10 636 304 8 468 340 1 456 437 
4 3 23 0.700000 0 8 0 1 1.158676 2 10 2 400 459 7 475 307 10 563 350 5 527 456 1 407 384 4 623 328 6 613 447 3 636 391 
4 3 24 0.700000 0 8 1 1 1.600734 5 8 9 522 449 3 596 297 4 394 345 2 450 374 6 587 369 5 400 418 1 512 312 10 430 297 
4 3 25 0.700000 0 5 1 1 1.224650 4 1 3 590 396 6 619 456 7 584 329 5 408 309 9 479 304 NA NA NA NA NA NA NA NA NA 
4 3 26 0.700000 0 5 0 1 1.134533 0 8 8 405 455 10 533 326 5 436 346 9 464 434 1 589 447 NA NA NA NA NA NA NA NA NA 
4 3 27 0.700000 0 2 1 1 0.643568 0 7 3 595 342 2 637 472 NA NA NA NA NA NA NA NA NA NA NA NA NA NA NA NA NA NA 
4 3 28 0.700000 0 2 0 0 0.841747 0 4 4 593 465 10 427 404 NA NA NA NA NA NA NA NA NA NA NA NA NA NA NA NA NA NA 
4 3 29 0.700000 0 2 1 1 1.098351 0 1 8 467 297 3 452 384 NA NA NA NA NA NA NA NA NA NA NA NA NA NA NA NA NA NA 
4 3 30 0.700000 0 8 1 1 0.765603 3 6 4 393 404 10 606 362 9 428 459 3 622 420 2 494 469 7 404 321 8 561 306 5 551 435 
4 3 31 0.700000 0 8 0 0 1.645213 5 7 6 411 385 1 599 415 3 447 468 5 607 338 9 516 451 7 544 297 10 424 325 2 578 470 
4 3 32 0.700000 0 8 1 1 0.857889 6 2 8 428 451 9 629 380 1 390 361 3 450 389 7 486 470 10 564 296 4 601 462 6 452 300 
4 3 33 0.700000 0 8 1 1 0.639521 7 10 5 566 452 1 396 301 2 629 304 3 483 331 9 561 349 4 635 464 8 603 394 6 388 457 
4 3 34 0.700000 0 5 1 1 0.624670 0 9 7 466 443 5 513 300 1 573 444 8 407 472 6 396 406 NA NA NA NA NA NA NA NA NA 
4 3 35 0.700000 0 5 0 0 1.456525 4 9 7 569 465 10 613 296 2 458 312 8 623 438 9 445 401 NA NA NA NA NA NA NA NA NA 
4 3 36 0.700000 0 2 0 0 0.613953 0 5 5 609 451 10 582 384 NA NA NA NA NA NA NA NA NA NA NA NA NA NA NA NA NA NA 
4 3 37 0.700000 0 5 0 1 0.584656 1 6 5 440 418 6 636 318 4 587 433 9 545 326 3 519 450 NA NA NA NA NA NA NA NA NA 
4 3 38 0.700000 0 2 1 1 0.769444 0 7 9 565 345 10 594 447 NA NA NA NA NA NA NA NA NA NA NA NA NA NA NA NA NA NA 
4 3 39 0.700000 0 2 1 1 0.566832 1 5 3 584 311 8 544 444 NA NA NA NA NA NA NA NA NA NA NA NA NA NA NA NA NA NA 
4 3 40 0.700000 0 5 1 1 0.667460 0 9 1 432 313 5 601 408 3 606 297 6 474 444 7 526 327 NA NA NA NA NA NA NA NA NA 
4 3 41 0.700000 0 2 0 0 0.541368 0 7 7 448 306 5 615 452 NA NA NA NA NA NA NA NA NA NA NA NA NA NA NA NA NA NA 
4 3 42 0.700000 0 2 0 0 0.462489 0 8 8 432 339 5 441 425 NA NA NA NA NA NA NA NA NA NA NA NA NA NA NA NA NA NA 
4 3 43 0.700000 0 5 1 1 0.624291 4 10 9 568 297 3 587 394 6 444 458 8 443 332 5 589 459 NA NA NA NA NA NA NA NA NA 
4 3 44 0.700000 0 5 1 1 0.756546 1 4 5 509 317 10 438 461 7 596 447 1 433 310 9 434 395 NA NA NA NA NA NA NA NA NA 
4 3 45 0.700000 0 2 1 1 0.677052 1 10 9 586 428 7 429 340 NA NA NA NA NA NA NA NA NA NA NA NA NA NA NA NA NA NA 
4 3 46 0.700000 0 2 1 1 0.656396 1 3 2 573 414 5 430 392 NA NA NA NA NA NA NA NA NA NA NA NA NA NA NA NA NA NA 
4 3 47 0.700000 0 2 1 1 0.536087 0 9 8 409 474 10 603 454 NA NA NA NA NA NA NA NA NA NA NA NA NA NA NA NA NA NA 
4 3 48 0.700000 0 8 1 1 0.635396 4 6 5 432 376 3 621 435 9 590 316 1 452 434 7 466 296 10 391 442 8 527 446 4 583 389 
4 3 49 0.700000 0 2 1 1 0.443216 0 2 10 422 315 6 619 347 NA NA NA NA NA NA NA NA NA NA NA NA NA NA NA NA NA NA 
4 3 50 0.700000 0 2 1 1 0.544434 1 1 2 540 303 7 613 351 NA NA NA NA NA NA NA NA NA NA NA NA NA NA NA NA NA NA 
4 3 51 0.700000 0 2 1 1 0.459329 0 3 5 445 330 10 612 306 NA NA NA NA NA NA NA NA NA NA NA NA NA NA NA NA NA NA 
4 3 52 0.700000 0 5 1 1 0.513194 0 6 1 633 297 9 442 395 4 559 464 10 387 308 3 590 408 NA NA NA NA NA NA NA NA NA 
4 3 53 0.700000 0 2 1 1 0.666630 1 6 5 556 295 2 403 352 NA NA NA NA NA NA NA NA NA NA NA NA NA NA NA NA NA NA 
4 3 54 0.700000 0 8 1 1 0.674495 3 8 6 568 359 7 462 348 10 586 298 2 637 357 3 400 312 4 577 461 1 451 422 9 484 471 
4 3 55 0.700000 0 5 1 1 0.639918 2 7 4 581 373 6 606 426 10 556 459 3 621 308 1 426 415 NA NA NA NA NA NA NA NA NA 
4 3 56 0.700000 0 5 0 0 0.659429 3 8 9 411 413 4 577 326 10 391 311 8 471 314 1 477 463 NA NA NA NA NA NA NA NA NA 
4 3 57 0.700000 0 5 1 1 0.530705 4 2 5 430 386 10 594 357 8 525 456 4 631 416 9 439 445 NA NA NA NA NA NA NA NA NA 
4 3 58 0.700000 0 8 1 1 0.590652 0 2 8 467 298 4 598 448 5 484 438 9 607 297 3 616 390 10 419 359 1 402 455 7 573 347 
4 3 59 0.700000 0 8 1 1 0.582489 5 10 2 635 458 1 576 422 3 449 442 9 539 302 8 406 323 7 570 356 4 391 474 6 522 455 
4 4 0 0.500000 0 2 1 1 0.568269 0 3 8 584 298 6 503 472 NA NA NA NA NA NA NA NA NA NA NA NA NA NA NA NA NA NA 
4 4 1 0.500000 0 8 1 1 0.656243 5 9 3 606 345 2 398 425 5 468 443 1 399 356 4 547 296 8 610 457 10 463 300 6 570 411 
4 4 2 0.500000 0 2 1 1 0.525720 1 4 5 404 451 9 611 472 NA NA NA NA NA NA NA NA NA NA NA NA NA NA NA NA NA NA 
4 4 3 0.500000 0 5 1 1 1.126110 4 1 10 637 388 3 529 321 5 412 365 4 422 305 2 569 437 NA NA NA NA NA NA NA NA NA 
4 4 4 0.500000 0 2 0 0 0.396557 1 2 6 578 350 2 425 417 NA NA NA NA NA NA NA NA NA NA NA NA NA NA NA NA NA NA 
4 4 5 0.500000 0 2 0 0 0.641422 0 3 3 585 397 4 441 413 NA NA NA NA NA NA NA NA NA NA NA NA NA NA NA NA NA NA 
4 4 6 0.500000 0 2 1 1 0.520918 1 5 9 483 465 7 632 294 NA NA NA NA NA NA NA NA NA NA NA NA NA NA NA NA NA NA 
4 4 7 0.500000 0 2 1 1 0.509967 0 4 5 433 420 8 606 448 NA NA NA NA NA NA NA NA NA NA NA NA NA NA NA NA NA NA 
4 4 8 0.500000 0 8 0 0 0.832486 2 7 3 391 412 5 401 305 7 579 435 8 544 312 6 636 446 2 602 334 4 454 443 10 448 348 
4 4 9 0.500000 0 2 1 1 0.531515 0 9 1 433 386 6 566 447 NA NA NA NA NA NA NA NA NA NA NA NA NA NA NA NA NA NA 
4 4 10 0.500000 0 5 1 1 0.545724 1 9 8 395 471 6 594 416 5 485 328 2 446 432 10 583 311 NA NA NA NA NA NA NA NA NA 
4 4 11 0.500000 0 8 0 1 0.671444 2 2 4 635 468 9 543 471 2 603 331 7 412 314 10 601 401 3 465 435 1 470 315 6 531 303 
4 4 12 0.500000 0 5 0 0 0.686510 3 9 2 634 335 7 590 459 8 521 312 9 581 389 3 459 461 NA NA NA NA NA NA NA NA NA 
4 4 13 0.500000 0 2 1 1 0.638889 0 6 2 530 466 4 621 366 NA NA NA NA NA NA NA NA NA NA NA NA NA NA NA NA NA NA 
4 4 14 0.500000 0 5 1 1 0.572767 0 4 6 569 329 1 450 381 7 403 295 3 400 437 8 566 463 NA NA NA NA NA NA NA NA NA 
4 4 15 0.500000 0 2 0 0 0.727946 0 6 6 402 429 3 486 470 NA NA NA NA NA NA NA NA NA NA NA NA NA NA NA NA NA NA 
4 4 16 0.500000 0 8 1 1 1.223018 1 4 10 506 474 8 412 353 3 462 298 1 623 339 5 590 397 9 398 474 7 626 463 2 445 423 
4 4 17 0.500000 0 5 0 0 0.644299 4 7 6 463 432 4 455 335 3 627 460 10 392 408 7 626 377 NA NA NA NA NA NA NA NA NA 
4 4 18 0.500000 0 5 0 1 0.946788 3 8 9 437 471 6 582 333 2 421 368 8 618 397 4 428 297 NA NA NA NA NA NA NA NA NA 
4 4 19 0.500000 0 2 0 0 0.784275 0 9 9 415 391 10 591 345 NA NA NA NA NA NA NA NA NA NA NA NA NA NA NA NA NA NA 
4 4 20 0.500000 0 2 0 0 0.582622 1 3 10 444 446 3 635 374 NA NA NA NA NA NA NA NA NA NA NA NA NA NA NA NA NA NA 
4 4 21 0.500000 0 8 0 1 0.915914 2 8 10 532 443 1 546 309 8 624 366 9 575 403 2 444 360 3 412 474 7 400 303 5 614 472 
4 4 22 0.500000 0 8 0 0 0.509665 7 4 2 403 295 9 497 327 7 451 462 1 404 381 8 585 393 5 637 454 6 566 463 4 623 338 
4 4 23 0.500000 0 5 0 0 0.474518 1 4 8 634 449 4 460 345 7 581 344 5 431 452 9 577 471 NA NA NA NA NA NA NA NA NA 
4 4 24 0.500000 0 5 1 1 0.835475 0 10 3 533 460 4 442 387 2 604 317 7 592 418 5 398 344 NA NA NA NA NA NA NA NA NA 
4 4 25 0.500000 0 5 1 1 0.582842 2 4 2 578 471 3 496 303 1 567 299 7 430 420 10 401 367 NA NA NA NA NA NA NA NA NA 
4 4 26 0.500000 0 8 0 1 0.720423 0 8 8 547 309 3 530 440 7 456 437 2 441 371 5 395 471 6 456 309 9 393 309 1 602 418 
4 4 27 0.500000 0 8 1 0 1.082594 7 8 6 477 310 10 439 375 3 474 446 9 407 464 1 624 395 7 393 319 4 613 324 2 566 466 
4 4 28 0.500000 0 5 0 0 1.170755 3 5 3 414 365 1 486 321 8 561 335 5 396 468 2 622 316 NA NA NA NA NA NA NA NA NA 
4 4 29 0.500000 0 5 1 1 0.634454 1 4 1 626 328 7 416 337 6 518 306 5 388 405 8 429 455 NA NA NA NA NA NA NA NA NA 
4 4 30 0.500000 0 2 0 0 0.525084 1 3 6 449 321 3 559 468 NA NA NA NA NA NA NA NA NA NA NA NA NA NA NA NA NA NA 
4 4 31 0.500000 0 5 0 1 0.530279 4 9 3 442 450 8 551 320 4 634 305 6 636 399 9 559 431 NA NA NA NA NA NA NA NA NA 
4 4 32 0.500000 0 2 1 1 1.059901 0 9 6 477 331 10 392 334 NA NA NA NA NA NA NA NA NA NA NA NA NA NA NA NA NA NA 
4 4 33 0.500000 0 5 1 1 0.696432 3 7 10 407 383 9 635 321 3 622 434 1 481 324 8 468 437 NA NA NA NA NA NA NA NA NA 
4 4 34 0.500000 0 8 1 1 0.607265 7 5 10 546 331 8 601 437 6 616 368 9 459 451 2 397 344 3 471 329 1 522 467 4 389 447 
4 4 35 0.500000 0 8 1 1 0.665832 5 7 8 571 392 4 450 423 6 466 299 1 606 313 9 393 340 2 616 436 10 535 314 3 559 468 
4 4 36 0.500000 0 2 0 0 0.408894 1 7 10 614 462 7 511 468 NA NA NA NA NA NA NA NA NA NA NA NA NA NA NA NA NA NA 
4 4 37 0.500000 0 2 0 0 0.525243 1 5 2 541 295 5 637 347 NA NA NA NA NA NA NA NA NA NA NA NA NA NA NA NA NA NA 
4 4 38 0.500000 0 5 1 1 0.521937 0 9 8 446 444 7 632 351 10 575 328 5 634 430 4 415 295 NA NA NA NA NA NA NA NA NA 
4 4 39 0.500000 0 8 0 1 0.658609 6 2 4 452 347 9 431 470 8 557 335 3 613 351 1 566 469 7 636 448 2 401 413 10 504 442 
4 4 40 0.500000 0 5 0 1 0.482914 1 9 2 486 465 9 633 335 4 622 423 3 547 295 1 407 388 NA NA NA NA NA NA NA NA NA 
4 4 41 0.500000 0 8 0 1 1.336792 5 7 3 428 391 8 604 459 9 420 305 4 588 338 10 521 445 7 458 448 1 615 398 5 474 329 
4 4 42 0.500000 0 2 1 1 0.570156 0 8 4 572 362 5 493 306 NA NA NA NA NA NA NA NA NA NA NA NA NA NA NA NA NA NA 
4 4 43 0.500000 0 8 1 1 0.666385 4 2 8 587 444 9 411 389 1 529 314 4 454 321 6 612 366 10 392 470 5 503 442 7 620 305 
4 4 44 0.500000 0 5 0 0 0.915023 3 3 4 575 393 2 429 395 5 476 471 3 464 308 6 391 343 NA NA NA NA NA NA NA NA NA 
4 4 45 0.500000 0 8 1 1 1.050508 3 5 6 511 450 4 613 455 2 626 359 3 450 314 10 508 310 1 394 387 8 564 348 9 610 298 
4 4 46 0.500000 0 5 1 1 1.039437 0 2 7 572 341 10 637 355 5 445 340 1 440 437 3 632 467 NA NA NA NA NA NA NA NA NA 
4 4 47 0.500000 0 2 1 1 0.541159 1 8 7 585 359 5 428 370 NA NA NA NA NA NA NA NA NA NA NA NA NA NA NA NA NA NA 
4 4 48 0.500000 0 2 0 0 0.684131 0 6 6 401 404 5 559 298 NA NA NA NA NA NA NA NA NA NA NA NA NA NA NA NA NA NA 
4 4 49 0.500000 0 5 0 1 0.682920 4 7 4 559 421 9 628 473 8 507 466 5 438 314 7 532 307 NA NA NA NA NA NA NA NA NA 
4 4 50 0.500000 0 5 0 0 0.715962 3 8 7 632 316 3 553 466 5 403 357 8 617 391 6 466 442 NA NA NA NA NA NA NA NA NA 
4 4 51 0.500000 0 8 0 0 0.662226 6 1 5 510 307 6 605 409 10 387 411 2 393 319 7 586 474 8 596 312 1 451 339 3 528 472 
4 4 52 0.500000 0 8 1 1 0.545217 5 3 5 619 335 1 393 463 7 388 351 4 439 426 2 444 333 9 590 392 10 507 450 8 550 301 
4 4 53 0.500000 0 5 1 1 0.549788 4 10 9 433 472 6 623 400 8 579 344 4 396 400 2 538 455 NA NA NA NA NA NA NA NA NA 
4 4 54 0.500000 0 8 0 1 0.533975 7 3 7 445 394 1 628 474 6 551 460 5 471 337 10 552 330 4 388 340 8 632 386 3 628 296 
4 4 55 0.500000 0 8 0 1 1.032949 5 6 8 583 427 1 440 297 5 516 463 9 466 424 3 637 347 6 391 428 4 422 358 2 567 318 
4 4 56 0.500000 0 8 1 0 0.381989 5 10 4 613 365 3 387 434 2 407 298 9 636 452 6 448 340 5 468 461 7 558 317 8 630 299 
4 4 57 0.500000 0 2 0 0 0.466864 1 7 8 609 444 7 515 466 NA NA NA NA NA NA NA NA NA NA NA NA NA NA NA NA NA NA 
4 4 58 0.500000 0 2 1 1 0.460185 0 8 3 543 295 2 482 329 NA NA NA NA NA NA NA NA NA NA NA NA NA NA NA NA NA NA 
4 4 59 0.500000 0 8 1 1 1.014323 0 3 10 427 439 7 590 442 8 592 321 5 401 320 1 526 323 4 624 379 9 467 344 6 490 459 
4 5 0 0.300000 0 2 0 0 1.287545 1 9 8 618 447 9 389 372 NA NA NA NA NA NA NA NA NA NA NA NA NA NA NA NA NA NA 
4 5 1 0.300000 0 5 0 0 0.619645 1 1 7 553 440 1 420 366 4 628 381 5 467 298 2 480 461 NA NA NA NA NA NA NA NA NA 
4 5 2 0.300000 0 8 0 0 0.547837 7 6 1 610 297 4 575 427 10 461 473 9 445 315 2 439 399 5 629 355 3 538 294 6 391 474 
4 5 3 0.300000 0 8 1 1 0.472404 4 6 8 429 360 3 457 416 7 391 441 1 588 387 10 577 303 4 494 469 9 579 473 2 430 301 
4 5 4 0.300000 0 8 0 1 0.771205 4 4 6 560 309 2 423 432 10 583 456 9 393 353 4 629 336 5 502 313 8 631 409 3 509 470 
4 5 5 0.300000 0 5 0 0 0.403027 4 4 7 405 302 3 459 470 9 613 359 2 518 300 4 573 459 NA NA NA NA NA NA NA NA NA 
4 5 6 0.300000 0 5 0 1 1.045284 2 7 6 582 336 1 419 369 7 577 443 8 458 474 10 441 299 NA NA NA NA NA NA NA NA NA 
4 5 7 0.300000 0 5 0 1 0.696494 2 2 10 548 445 5 434 412 2 581 325 1 629 421 9 457 313 NA NA NA NA NA NA NA NA NA 
4 5 8 0.300000 0 8 0 1 1.652817 4 8 9 542 301 1 389 379 6 433 439 2 457 357 8 478 298 3 491 453 5 615 355 7 633 294 
4 5 9 0.300000 0 8 0 0 0.467281 3 7 8 487 319 4 428 380 3 614 372 7 614 454 6 605 308 5 390 473 9 544 446 1 468 473 
4 5 10 0.300000 0 2 1 1 0.583922 1 7 2 535 313 10 634 344 NA NA NA NA NA NA NA NA NA NA NA NA NA NA NA NA NA NA 
4 5 11 0.300000 0 5 1 1 0.628242 2 1 6 388 443 9 427 391 2 631 427 7 521 311 4 566 474 NA NA NA NA NA NA NA NA NA 
4 5 12 0.300000 0 8 0 0 0.601428 6 8 9 391 409 5 629 366 4 584 319 3 572 449 1 426 317 2 520 320 8 474 429 6 406 466 
4 5 13 0.300000 0 5 0 1 0.595396 3 3 7 555 428 5 452 415 2 616 441 3 621 355 1 435 473 NA NA NA NA NA NA NA NA NA 
4 5 14 0.300000 0 5 1 1 0.953859 2 3 8 454 386 1 398 318 9 620 298 6 498 310 10 606 469 NA NA NA NA NA NA NA NA NA 
4 5 15 0.300000 0 5 0 0 0.943448 3 8 10 468 315 6 587 377 1 531 318 8 440 391 4 610 438 NA NA NA NA NA NA NA NA NA 
4 5 16 0.300000 0 5 0 0 0.554093 3 7 4 450 398 1 622 307 3 582 371 7 517 294 5 605 444 NA NA NA NA NA NA NA NA NA 
4 5 17 0.300000 0 5 0 0 0.471885 4 4 3 401 391 1 584 346 5 621 442 8 451 438 4 431 334 NA NA NA NA NA NA NA NA NA 
4 5 18 0.300000 0 2 0 0 0.850775 0 3 3 389 422 10 626 439 NA NA NA NA NA NA NA NA NA NA NA NA NA NA NA NA NA NA 
4 5 19 0.300000 0 5 1 1 0.684314 1 5 8 574 335 3 389 392 10 394 312 7 613 384 9 455 466 NA NA NA NA NA NA NA NA NA 
4 5 20 0.300000 0 2 0 0 0.713628 1 1 7 447 451 1 478 311 NA NA NA NA NA NA NA NA NA NA NA NA NA NA NA NA NA NA 
4 5 21 0.300000 0 5 0 0 0.363976 4 3 10 454 342 8 434 424 5 587 384 6 555 436 3 528 314 NA NA NA NA NA NA NA NA NA 
4 5 22 0.300000 0 8 0 0 0.426097 4 10 9 551 296 3 616 319 8 485 307 5 431 411 10 572 364 2 635 473 6 520 443 4 390 296 
4 5 23 0.300000 0 5 0 1 0.581552 3 7 10 562 462 3 419 353 2 598 325 7 485 330 8 398 408 NA NA NA NA NA NA NA NA NA 
4 5 24 0.300000 0 8 0 0 0.767610 6 5 9 506 445 10 453 406 6 454 322 7 623 416 8 586 347 2 410 452 5 567 435 1 525 307 
4 5 25 0.300000 0 5 0 0 1.300029 0 7 7 606 450 5 627 343 2 436 425 9 388 353 10 454 311 NA NA NA NA NA NA NA NA NA 
4 5 26 0.300000 0 2 1 1 0.575796 1 9 4 587 324 5 459 432 NA NA NA NA NA NA NA NA NA NA NA NA NA NA NA NA NA NA 
4 5 27 0.300000 0 8 1 1 0.637617 3 2 9 591 471 6 480 456 8 492 299 5 453 396 1 393 374 10 558 333 3 605 413 4 408 473 
4 5 28 0.300000 0 2 0 0 0.502965 0 8 8 614 325 7 601 431 NA NA NA NA NA NA NA NA NA NA NA NA NA NA NA NA NA NA 
4 5 29 0.300000 0 8 0 0 1.012653 5 1 2 434 411 5 556 343 6 416 313 7 610 433 3 619 362 1 477 320 10 411 469 9 389 370 
4 5 30 0.300000 0 5 0 1 0.692783 4 6 8 406 472 1 456 425 9 635 467 10 390 330 6 519 451 NA NA NA NA NA NA NA NA NA 
4 5 31 0.300000 0 8 1 1 0.716503 3 2 7 562 294 1 416 442 4 414 344 8 566 410 9 485 461 10 623 346 6 618 470 5 544 472 
4 5 32 0.300000 0 2 0 0 0.357254 1 6 2 435 349 6 591 442 NA NA NA NA NA NA NA NA NA NA NA NA NA NA NA NA NA NA 
4 5 33 0.300000 0 2 1 1 0.476019 0 2 7 450 407 1 615 325 NA NA NA NA NA NA NA NA NA NA NA NA NA NA NA NA NA NA 
4 5 34 0.300000 0 2 1 1 0.488872 1 4 7 598 448 5 573 314 NA NA NA NA NA NA NA NA NA NA NA NA NA NA NA NA NA NA 
4 5 35 0.300000 0 8 1 0 1.318089 2 9 8 567 469 6 411 431 10 437 322 1 578 375 5 627 433 7 534 295 4 497 470 3 617 306 
4 5 36 0.300000 0 2 0 0 0.481950 0 9 9 447 307 8 634 358 NA NA NA NA NA NA NA NA NA NA NA NA NA NA NA NA NA NA 
4 5 37 0.300000 0 8 0 0 1.360878 5 8 9 631 350 7 417 463 5 577 309 10 404 397 6 443 316 8 525 443 3 636 442 4 583 387 
4 5 38 0.300000 0 2 0 0 0.500490 1 8 4 560 432 8 555 324 NA NA NA NA NA NA NA NA NA NA NA NA NA NA NA NA NA NA 
4 5 39 0.300000 0 5 0 0 0.700703 4 1 2 500 311 5 438 472 9 589 326 10 423 415 1 425 340 NA NA NA NA NA NA NA NA NA 
4 5 40 0.300000 0 8 0 1 0.652568 2 2 4 580 380 9 536 317 2 462 421 7 531 440 10 405 455 6 635 418 1 447 308 8 626 334 
4 5 41 0.300000 0 2 1 1 0.533795 0 4 5 469 450 7 629 382 NA NA NA NA NA NA NA NA NA NA NA NA NA NA NA NA NA NA 
4 5 42 0.300000 0 2 0 0 0.479743 0 8 8 452 449 5 622 361 NA NA NA NA NA NA NA NA NA NA NA NA NA NA NA NA NA NA 
4 5 43 0.300000 0 8 0 1 0.619246 3 9 7 556 435 5 425 370 6 525 321 9 634 388 3 395 427 8 446 307 10 473 471 1 602 339 
4 5 44 0.300000 0 2 0 0 0.388419 1 3 5 416 407 3 635 353 NA NA NA NA NA NA NA NA NA NA NA NA NA NA NA NA NA NA 
4 5 45 0.300000 0 8 0 0 0.848674 1 8 4 424 431 8 618 377 2 547 315 1 413 312 6 606 435 7 547 461 3 486 458 10 412 374 
4 5 46 0.300000 0 5 0 0 0.492064 4 6 8 612 416 1 430 329 5 480 448 7 542 323 6 408 448 NA NA NA NA NA NA NA NA NA 
4 5 47 0.300000 0 2 0 0 0.428311 1 5 2 500 473 5 435 356 NA NA NA NA NA NA NA NA NA NA NA NA NA NA NA NA NA NA 
4 5 48 0.300000 0 8 1 1 0.734921 6 3 4 448 331 2 582 463 9 616 398 1 452 443 6 599 328 10 387 400 5 391 461 7 539 299 
4 5 49 0.300000 0 2 0 1 0.885764 1 9 10 621 391 9 448 337 NA NA NA NA NA NA NA NA NA NA NA NA NA NA NA NA NA NA 
4 5 50 0.300000 0 8 0 0 0.480432 7 10 7 546 464 5 423 421 2 573 364 1 548 309 9 449 360 6 612 441 4 477 296 10 632 371 
4 5 51 0.300000 0 8 1 1 0.559705 1 7 10 415 383 3 517 442 4 576 459 9 518 319 8 615 345 5 577 394 6 457 443 1 412 314 
4 5 52 0.300000 0 5 1 1 0.966105 3 7 5 582 474 2 606 400 9 401 346 10 393 444 3 518 469 NA NA NA NA NA NA NA NA NA 
4 5 53 0.300000 0 5 1 0 1.183604 4 1 5 416 436 9 582 340 2 602 403 8 509 461 6 469 329 NA NA NA NA NA NA NA NA NA 
4 5 54 0.300000 0 5 1 1 1.881566 3 8 5 576 345 7 575 459 9 415 453 4 390 365 10 480 455 NA NA NA NA NA NA NA NA NA 
4 5 55 0.300000 0 8 0 0 0.616432 1 10 8 487 328 10 617 389 3 507 447 1 393 387 9 628 311 6 390 319 7 583 436 5 560 336 
4 5 56 0.300000 0 2 0 0 0.683832 1 4 3 499 324 4 406 448 NA NA NA NA NA NA NA NA NA NA NA NA NA NA NA NA NA NA 
4 5 57 0.300000 0 2 1 1 0.760883 1 3 8 554 464 2 510 295 NA NA NA NA NA NA NA NA NA NA NA NA NA NA NA NA NA NA 
4 5 58 0.300000 0 2 0 0 0.518304 1 10 1 550 330 10 487 460 NA NA NA NA NA NA NA NA NA NA NA NA NA NA NA NA NA NA 
4 5 59 0.300000 0 2 0 0 0.539954 1 2 4 631 356 2 407 420 NA NA NA NA NA NA NA NA NA NA NA NA NA NA NA NA NA NA 
4 6 0 0.500000 0 5 0 0 0.509605 0 7 7 454 304 1 388 299 4 394 431 10 637 458 2 559 463 NA NA NA NA NA NA NA NA NA 
4 6 1 0.500000 0 8 1 0 0.861603 7 4 7 442 359 1 404 473 2 476 431 5 554 436 10 567 349 8 613 418 9 628 298 6 482 307 
4 6 2 0.500000 0 5 1 1 0.606890 3 6 10 408 387 2 498 310 7 417 296 1 631 373 9 628 446 NA NA NA NA NA NA NA NA NA 
4 6 3 0.500000 0 2 0 0 0.497720 1 2 6 589 355 2 500 325 NA NA NA NA NA NA NA NA NA NA NA NA NA NA NA NA NA NA 
4 6 4 0.500000 0 8 1 1 0.984371 2 10 9 391 377 4 578 473 1 572 346 5 469 317 7 463 466 2 394 453 8 408 299 3 620 383 
4 6 5 0.500000 0 5 0 1 1.918182 2 4 1 488 455 3 609 383 4 410 381 6 555 461 7 453 330 NA NA NA NA NA NA NA NA NA 
4 6 6 0.500000 0 2 1 1 0.615113 0 4 6 513 474 5 422 296 NA NA NA NA NA NA NA NA NA NA NA NA NA NA NA NA NA NA 
4 6 7 0.500000 0 8 1 1 0.651647 6 2 6 397 405 1 615 453 3 496 323 8 438 337 5 616 375 7 544 461 4 446 461 10 628 306 
4 6 8 0.500000 0 5 0 1 0.862821 2 1 9 568 463 3 429 378 1 467 299 4 619 379 5 534 307 NA NA NA NA NA NA NA NA NA 
4 6 9 0.500000 0 2 1 1 0.525925 0 4 3 438 361 1 572 330 NA NA NA NA NA NA NA NA NA NA NA NA NA NA NA NA NA NA 
4 6 10 0.500000 0 2 1 1 0.751419 0 10 9 587 465 3 426 422 NA NA NA NA NA NA NA NA NA NA NA NA NA NA NA NA NA NA 
4 6 11 0.500000 0 8 0 0 0.776660 3 8 10 568 327 7 568 405 9 444 419 8 495 449 2 403 326 4 483 298 6 630 446 5 627 303 
4 6 12 0.500000 0 8 1 0 1.090326 0 2 10 629 381 7 474 472 4 401 371 3 631 462 8 560 306 9 471 334 1 447 419 5 409 307 
4 6 13 0.500000 0 8 0 1 1.048437 2 10 4 425 333 6 587 391 10 609 304 5 623 468 9 559 334 8 535 446 1 397 424 2 481 471 
4 6 14 0.500000 0 5 1 1 0.879423 1 1 8 624 374 6 569 343 9 577 427 10 433 460 4 397 387 NA NA NA NA NA NA NA NA NA 
4 6 15 0.500000 0 5 1 1 1.031539 4 3 9 605 423 6 429 318 10 594 366 1 440 451 4 413 397 NA NA NA NA NA NA NA NA NA 
4 6 16 0.500000 0 2 0 0 0.489231 1 3 1 477 312 3 614 429 NA NA NA NA NA NA NA NA NA NA NA NA NA NA NA NA NA NA 
4 6 17 0.500000 0 5 0 0 0.541220 3 8 4 387 352 9 470 343 7 457 461 8 599 389 3 537 310 NA NA NA NA NA NA NA NA NA 
4 6 18 0.500000 0 2 0 0 1.087469 0 9 9 605 359 5 635 471 NA NA NA NA NA NA NA NA NA NA NA NA NA NA NA NA NA NA 
4 6 19 0.500000 0 8 1 0 0.728803 0 9 4 489 318 3 559 448 6 586 374 10 405 399 7 632 435 5 436 462 2 501 461 1 397 296 
4 6 20 0.500000 0 5 1 1 1.301795 2 8 5 625 433 7 395 318 3 548 465 6 455 399 2 510 315 NA NA NA NA NA NA NA NA NA 
4 6 21 0.500000 0 8 0 1 0.829489 5 9 4 412 458 7 497 305 2 569 338 6 442 346 8 581 422 9 399 387 1 626 354 3 477 434 
4 6 22 0.500000 0 8 0 0 0.845308 4 6 7 453 410 2 396 357 9 595 359 10 629 441 6 506 461 5 637 311 8 461 348 3 538 295 
4 6 23 0.500000 0 5 0 0 1.711055 2 2 9 599 402 4 629 339 2 548 434 7 464 302 5 439 378 NA NA NA NA NA NA NA NA NA 
4 6 24 0.500000 0 5 0 0 0.581609 0 1 1 611 388 9 611 321 10 443 448 7 391 294 3 483 332 NA NA NA NA NA NA NA NA NA 
4 6 25 0.500000 0 5 0 1 0.879786 1 9 10 611 367 9 468 298 8 493 459 7 426 423 5 620 441 NA NA NA NA NA NA NA NA NA 
4 6 26 0.500000 0 5 0 0 0.597016 4 8 5 571 390 10 544 306 9 634 389 6 402 331 8 506 462 NA NA NA NA NA NA NA NA NA 
4 6 27 0.500000 0 8 0 0 0.798360 3 7 4 420 300 2 571 393 8 636 455 7 631 308 3 448 450 6 482 326 9 389 411 5 568 295 
4 6 28 0.500000 0 5 1 1 0.558665 1 9 5 573 300 8 580 397 10 506 307 3 391 377 1 445 317 NA NA NA NA NA NA NA NA NA 
4 6 29 0.500000 0 2 1 1 0.854670 0 10 1 555 462 9 413 310 NA NA NA NA NA NA NA NA NA NA NA NA NA NA NA NA NA NA 
4 6 30 0.500000 0 5 0 0 0.802247 4 5 9 450 366 8 573 327 7 626 467 6 496 302 5 482 442 NA NA NA NA NA NA NA NA NA 
4 6 31 0.500000 0 8 1 1 1.198151 2 3 9 597 335 2 471 433 6 632 392 8 537 303 4 452 318 5 395 379 1 570 461 7 396 440 
4 6 32 0.500000 0 2 0 1 0.917727 1 7 2 425 416 7 609 342 NA NA NA NA NA NA NA NA NA NA NA NA NA NA NA NA NA NA 
4 6 33 0.500000 0 8 0 0 0.536426 2 7 9 422 406 3 613 389 7 559 320 5 497 469 8 485 322 4 417 327 1 569 456 2 629 473 
4 6 34 0.500000 0 5 1 0 0.443741 0 7 2 493 464 1 493 311 5 421 368 6 404 427 3 604 330 NA NA NA NA NA NA NA NA NA 
4 6 35 0.500000 0 2 1 1 1.294833 1 10 6 463 466 3 557 471 NA NA NA NA NA NA NA NA NA NA NA NA NA NA NA NA NA NA 
4 6 36 0.500000 0 8 0 0 0.974216 7 10 3 621 352 6 426 330 4 434 454 8 574 411 1 535 473 9 507 308 7 576 295 10 418 394 
4 6 37 0.500000 0 5 1 1 0.827211 0 7 8 496 308 9 431 456 2 620 330 6 402 301 10 418 373 NA NA NA NA NA NA NA NA NA 
4 6 38 0.500000 0 2 0 0 0.659425 1 6 10 596 378 6 587 443 NA NA NA NA NA NA NA NA NA NA NA NA NA NA NA NA NA NA 
4 6 39 0.500000 0 2 1 1 0.623114 0 10 7 606 346 2 413 426 NA NA NA NA NA NA NA NA NA NA NA NA NA NA NA NA NA NA 
4 6 40 0.500000 0 2 1 1 0.563561 0 10 1 556 310 3 563 429 NA NA NA NA NA NA NA NA NA NA NA NA NA NA NA NA NA NA 
4 6 41 0.500000 0 8 0 0 0.619107 6 4 8 590 299 1 602 404 10 432 402 2 430 332 5 456 464 9 479 298 4 517 453 6 629 352 
4 6 42 0.500000 0 8 1 1 0.984297 2 3 1 624 454 5 462 458 6 455 343 7 408 383 4 636 338 10 507 315 8 584 302 2 531 450 
4 6 43 0.500000 0 2 1 1 0.549579 0 9 4 420 358 8 634 421 NA NA NA NA NA NA NA NA NA NA NA NA NA NA NA NA NA NA 
4 6 44 0.500000 0 8 1 1 0.761845 7 2 8 448 465 7 429 403 1 413 305 6 557 466 10 531 327 9 602 301 5 627 374 3 620 451 
4 6 45 0.500000 0 2 0 0 0.747213 0 5 5 605 474 4 405 472 NA NA NA NA NA NA NA NA NA NA NA NA NA NA NA NA NA NA 
4 6 46 0.500000 0 5 1 1 0.549018 2 5 9 488 454 7 427 357 6 602 446 8 584 355 1 493 296 NA NA NA NA NA NA NA NA NA 
4 6 47 0.500000 0 2 0 0 0.409522 0 3 3 390 360 2 529 453 NA NA NA NA NA NA NA NA NA NA NA NA NA NA NA NA NA NA 
4 6 48 0.500000 0 8 0 0 1.096426 7 2 1 545 317 5 636 305 6 460 440 3 430 323 8 407 468 7 624 412 4 535 464 2 390 389 
4 6 49 0.500000 0 2 0 0 0.708226 1 1 7 433 379 1 404 313 NA NA NA NA NA NA NA NA NA NA NA NA NA NA NA NA NA NA 
4 6 50 0.500000 0 5 1 1 1.060822 3 5 9 590 392 6 607 318 8 390 378 10 451 417 3 439 329 NA NA NA NA NA NA NA NA NA 
4 6 51 0.500000 0 8 0 1 0.808599 2 7 9 452 473 8 437 316 7 543 334 2 600 420 4 621 318 3 440 390 5 519 464 1 388 351 
4 6 52 0.500000 0 8 1 1 0.857391 7 4 6 395 357 8 589 300 10 630 440 3 446 428 1 622 357 9 534 319 5 521 457 2 433 299 
4 6 53 0.500000 0 2 1 1 0.583024 0 4 7 635 309 1 534 468 NA NA NA NA NA NA NA NA NA NA NA NA NA NA NA NA NA NA 
4 6 54 0.500000 0 5 0 1 0.770269 3 9 7 466 444 6 591 427 3 414 356 9 392 470 4 568 325 NA NA NA NA NA NA NA NA NA 
4 6 55 0.500000 0 5 1 1 0.977523 2 3 4 602 329 1 458 432 7 568 424 5 482 317 10 398 371 NA NA NA NA NA NA NA NA NA 
4 6 56 0.500000 0 8 1 1 0.613417 7 4 7 426 330 6 603 328 3 393 459 5 606 474 2 636 394 10 494 313 8 460 420 9 406 390 
4 6 57 0.500000 0 2 0 0 0.507809 0 8 8 475 449 5 388 296 NA NA NA NA NA NA NA NA NA NA NA NA NA NA NA NA NA NA 
4 6 58 0.500000 0 2 1 1 0.754752 0 3 5 595 406 10 444 469 NA NA NA NA NA NA NA NA NA NA NA NA NA NA NA NA NA NA 
4 6 59 0.500000 0 2 0 0 0.640129 0 3 3 433 463 4 505 461 NA NA NA NA NA NA NA NA NA NA NA NA NA NA NA NA NA NA 
4 7 0 0.700000 0 5 1 1 0.454157 0 10 8 396 331 7 582 294 6 461 331 5 633 458 9 463 430 NA NA NA NA NA NA NA NA NA 
4 7 1 0.700000 0 5 0 1 0.534030 3 9 6 592 408 8 559 350 1 431 328 9 488 448 10 616 306 NA NA NA NA NA NA NA NA NA 
4 7 2 0.700000 0 8