0 0 0 0.300000 0 8 0 0 1.243039 3 2 10 437 383 8 624 379 7 505 473 2 554 319 1 465 306 9 637 301 6 392 341 4 634 455 
0 0 1 0.300000 0 8 0 0 2.011630 7 10 4 389 359 1 610 420 8 523 441 9 409 300 5 469 314 6 423 473 3 565 351 10 632 315 
0 0 2 0.300000 0 2 0 0 1.041533 0 9 9 473 324 5 614 365 NA NA NA NA NA NA NA NA NA NA NA NA NA NA NA NA NA NA 
0 0 3 0.300000 0 5 0 0 1.481890 3 2 7 620 307 3 410 381 1 542 309 2 535 459 4 579 410 NA NA NA NA NA NA NA NA NA 
0 0 4 0.300000 0 5 0 1 1.190384 4 6 7 427 399 2 556 452 4 415 342 5 394 463 6 463 474 NA NA NA NA NA NA NA NA NA 
0 0 5 0.300000 0 8 0 1 2.967625 6 2 7 606 336 10 577 424 5 395 335 9 470 329 1 415 397 6 430 461 2 534 317 4 497 466 
0 0 6 0.300000 0 2 0 0 1.143170 0 3 3 512 465 10 423 391 NA NA NA NA NA NA NA NA NA NA NA NA NA NA NA NA NA NA 
0 0 7 0.300000 0 8 0 0 1.182173 2 1 6 544 319 8 404 387 1 430 322 3 415 451 7 607 313 9 607 406 4 502 460 5 563 467 
0 0 8 0.300000 0 5 1 1 1.268996 0 6 4 593 400 8 401 410 5 396 313 1 468 467 3 604 341 NA NA NA NA NA NA NA NA NA 
0 0 9 0.300000 0 5 0 0 1.403846 2 4 6 396 330 7 428 438 4 591 335 10 557 467 2 498 326 NA NA NA NA NA NA NA NA NA 
0 0 10 0.300000 0 8 0 0 1.511323 0 4 4 591 356 10 474 295 6 628 415 8 482 464 3 389 460 2 418 365 7 540 316 9 636 316 
0 0 11 0.300000 0 8 0 1 1.175144 7 10 6 550 329 9 583 377 4 568 456 3 413 372 2 459 335 7 391 469 1 627 299 10 484 451 
0 0 12 0.300000 0 8 0 0 1.253175 5 7 1 574 405 10 499 322 9 494 462 3 592 345 2 413 387 7 434 463 4 435 296 8 636 397 
0 0 13 0.300000 0 5 1 1 1.220021 3 5 3 522 321 4 437 312 7 621 305 1 494 468 8 630 439 NA NA NA NA NA NA NA NA NA 
0 0 14 0.300000 0 2 1 1 1.122605 0 5 9 513 300 4 389 327 NA NA NA NA NA NA NA NA NA NA NA NA NA NA NA NA NA NA 
0 0 15 0.300000 0 2 0 0 1.208955 1 10 4 629 466 10 599 330 NA NA NA NA NA NA NA NA NA NA NA NA NA NA NA NA NA NA 
0 0 16 0.300000 0 2 1 1 1.083424 0 9 5 574 416 8 420 440 NA NA NA NA NA NA NA NA NA NA NA NA NA NA NA NA NA NA 
0 0 17 0.300000 0 5 1 1 1.219842 1 4 2 446 308 7 462 423 1 584 436 9 584 316 6 507 466 NA NA NA NA NA NA NA NA NA 
0 0 18 0.300000 0 2 0 0 1.141850 1 2 7 629 414 2 593 296 NA NA NA NA NA NA NA NA NA NA NA NA NA NA NA NA NA NA 
0 0 19 0.300000 0 8 1 1 1.136019 2 10 1 588 376 2 462 427 5 435 325 6 633 442 8 572 294 9 401 466 3 567 458 7 405 398 
0 0 20 0.300000 0 2 0 0 1.124843 0 5 5 546 457 9 599 396 NA NA NA NA NA NA NA NA NA NA NA NA NA NA NA NA NA NA 
0 0 21 0.300000 0 2 0 0 1.384421 0 2 2 449 391 8 474 336 NA NA NA NA NA NA NA NA NA NA NA NA NA NA NA NA NA NA 
0 0 22 0.300000 0 5 0 0 1.410639 4 9 1 526 442 2 396 320 5 453 295 10 586 452 9 582 357 NA NA NA NA NA NA NA NA NA 
0 0 23 0.300000 0 2 0 0 1.107439 0 1 1 569 303 3 610 447 NA NA NA NA NA NA NA NA NA NA NA NA NA NA NA NA NA NA 
0 0 24 0.300000 0 5 1 1 1.131982 0 6 4 635 453 2 450 336 7 585 371 5 538 309 9 561 464 NA NA NA NA NA NA NA NA NA 
0 0 25 0.300000 0 5 1 1 1.930690 0 3 7 628 414 10 581 357 5 451 394 9 392 322 1 590 459 NA NA NA NA NA NA NA NA NA 
0 0 26 0.300000 0 2 1 1 1.032613 0 4 10 410 423 8 514 448 NA NA NA NA NA NA NA NA NA NA NA NA NA NA NA NA NA NA 
0 0 27 0.300000 0 5 0 0 1.204673 0 9 9 398 448 3 610 464 2 425 369 7 571 321 6 438 310 NA NA NA NA NA NA NA NA NA 
0 0 28 0.300000 0 8 0 1 1.160446 4 4 3 575 432 6 635 337 2 575 301 1 403 466 4 423 334 9 486 447 5 510 324 7 418 398 
0 0 29 0.300000 0 5 0 0 1.101852 4 5 1 541 471 3 396 408 4 597 363 9 633 297 5 436 453 NA NA NA NA NA NA NA NA NA 
0 0 30 0.300000 0 2 0 0 1.769358 0 7 7 571 396 2 571 330 NA NA NA NA NA NA NA NA NA NA NA NA NA NA NA NA NA NA 
0 0 31 0.300000 0 5 0 0 1.049720 1 1 4 391 343 1 399 441 6 497 314 5 606 318 2 619 461 NA NA NA NA NA NA NA NA NA 
0 0 32 0.300000 0 8 0 0 1.166528 2 2 1 425 347 5 620 370 2 466 446 3 635 312 6 405 426 7 526 463 10 625 458 9 475 305 
0 0 33 0.300000 0 8 0 0 1.102292 0 8 8 466 329 4 612 371 6 403 319 1 612 429 2 446 453 3 542 471 5 402 398 9 578 317 
0 0 34 0.300000 0 5 0 0 1.811561 3 3 5 394 399 8 585 304 2 426 474 3 461 310 1 626 462 NA NA NA NA NA NA NA NA NA 
0 0 35 0.300000 0 8 0 0 1.273942 1 2 1 419 400 2 597 446 8 432 337 4 472 469 9 619 307 7 575 373 3 500 305 10 558 299 
0 0 36 0.300000 0 2 0 0 1.068190 1 4 1 513 296 4 452 428 NA NA NA NA NA NA NA NA NA NA NA NA NA NA NA NA NA NA 
0 0 37 0.300000 0 8 1 0 1.509048 5 5 6 393 346 8 602 424 7 624 327 9 473 452 10 553 308 2 404 455 4 544 441 1 458 339 
0 0 38 0.300000 0 2 1 1 1.011243 0 1 3 600 427 8 512 463 NA NA NA NA NA NA NA NA NA NA NA NA NA NA NA NA NA NA 
0 0 39 0.300000 0 5 0 0 1.133317 2 8 9 428 309 5 430 443 8 607 401 10 606 466 7 442 378 NA NA NA NA NA NA NA NA NA 
0 0 40 0.300000 0 5 0 0 1.663914 0 4 4 602 420 9 415 326 2 567 354 1 437 421 7 509 470 NA NA NA NA NA NA NA NA NA 
0 0 41 0.300000 0 5 0 0 1.052328 1 2 9 417 375 2 464 313 1 593 297 7 582 358 8 599 429 NA NA NA NA NA NA NA NA NA 
0 0 42 0.300000 0 8 1 1 1.155030 6 10 8 430 381 2 483 455 1 625 426 7 510 315 5 421 295 6 576 393 3 627 334 4 399 444 
0 0 43 0.300000 0 8 0 1 1.959612 6 4 7 570 309 8 420 437 6 534 471 10 451 379 3 584 385 1 633 424 4 396 323 9 478 433 
0 0 44 0.300000 0 2 1 1 1.391618 0 1 2 627 451 7 421 423 NA NA NA NA NA NA NA NA NA NA NA NA NA NA NA NA NA NA 
0 0 45 0.300000 0 2 1 1 1.183490 1 10 9 401 336 8 633 440 NA NA NA NA NA NA NA NA NA NA NA NA NA NA NA NA NA NA 
0 0 46 0.300000 0 2 0 0 1.016295 1 9 5 603 351 9 474 313 NA NA NA NA NA NA NA NA NA NA NA NA NA NA NA NA NA NA 
0 0 47 0.300000 0 2 0 0 1.138397 0 10 10 391 326 6 624 323 NA NA NA NA NA NA NA NA NA NA NA NA NA NA NA NA NA NA 
0 0 48 0.300000 0 2 0 0 1.124149 1 5 3 404 389 5 490 326 NA NA NA NA NA NA NA NA NA NA NA NA NA NA NA NA NA NA 
0 0 49 0.300000 0 2 0 0 1.369815 0 10 10 584 374 4 502 308 NA NA NA NA NA NA NA NA NA NA NA NA NA NA NA NA NA NA 
0 0 50 0.300000 0 8 1 1 1.122249 3 9 6 609 458 10 425 425 3 596 336 5 440 355 2 575 397 8 538 472 4 523 312 1 387 300 
0 0 51 0.300000 0 5 0 0 1.141775 3 10 9 611 335 8 611 403 5 437 361 10 534 300 2 423 459 NA NA NA NA NA NA NA NA NA 
0 0 52 0.300000 0 5 0 0 1.144397 2 5 3 591 385 6 403 345 5 498 318 9 418 421 2 555 297 NA NA NA NA NA NA NA NA NA 
0 0 53 0.300000 0 8 0 0 1.205739 0 7 7 622 420 9 405 401 1 605 302 3 475 301 6 566 456 10 569 363 2 420 325 8 482 474 
0 0 54 0.300000 0 8 1 1 1.250722 5 8 4 628 424 2 591 343 10 389 364 3 548 470 5 395 301 6 396 467 1 434 417 7 534 302 
0 0 55 0.300000 0 8 0 1 1.416287 5 4 5 561 435 10 422 294 9 586 329 6 507 297 3 465 474 4 451 407 1 409 358 7 622 442 
0 0 56 0.300000 0 2 0 0 0.990567 0 4 4 480 331 7 600 336 NA NA NA NA NA NA NA NA NA NA NA NA NA NA NA NA NA NA 
0 0 57 0.300000 0 8 1 0 1.573568 3 2 7 394 355 4 604 467 6 477 454 8 584 331 1 511 326 3 418 433 5 636 294 10 596 408 
0 0 58 0.300000 0 5 1 0 1.310559 3 7 6 594 462 8 391 314 4 534 318 5 612 371 10 427 420 NA NA NA NA NA NA NA NA NA 
0 0 59 0.300000 0 5 0 0 1.347845 3 4 10 587 448 9 411 339 7 603 331 4 492 471 1 479 306 NA NA NA NA NA NA NA NA NA 
0 1 0 0.500000 0 8 0 0 1.032161 2 9 5 579 417 2 522 457 9 541 316 6 608 469 4 413 431 10 469 311 1 633 393 3 635 318 
0 1 1 0.500000 0 2 0 0 0.930804 0 10 10 600 443 4 419 308 NA NA NA NA NA NA NA NA NA NA NA NA NA NA NA NA NA NA 
0 1 2 0.500000 0 2 1 1 0.934892 0 7 10 494 306 3 627 298 NA NA NA NA NA NA NA NA NA NA NA NA NA NA NA NA NA NA 
0 1 3 0.500000 0 5 0 0 1.137308 2 3 1 614 304 10 542 317 3 628 438 5 405 472 9 555 444 NA NA NA NA NA NA NA NA NA 
0 1 4 0.500000 0 5 0 0 0.958252 3 1 7 629 323 5 535 315 6 590 442 1 439 399 4 440 327 NA NA NA NA NA NA NA NA NA 
0 1 5 0.500000 0 8 0 0 0.960131 3 4 8 616 376 6 410 425 3 532 308 4 476 330 1 607 470 10 398 313 5 499 462 9 614 313 
0 1 6 0.500000 0 5 0 0 1.034272 2 10 7 607 398 2 463 460 10 387 402 8 606 300 1 437 309 NA NA NA NA NA NA NA NA NA 
0 1 7 0.500000 0 2 1 1 0.960747 0 2 5 594 344 4 605 449 NA NA NA NA NA NA NA NA NA NA NA NA NA NA NA NA NA NA 
0 1 8 0.500000 0 8 0 1 2.337579 2 10 3 612 350 6 578 448 10 411 461 1 630 294 9 395 303 4 467 425 8 433 357 5 513 308 
0 1 9 0.500000 0 2 1 1 1.090170 0 8 4 602 413 2 393 299 NA NA NA NA NA NA NA NA NA NA NA NA NA NA NA NA NA NA 
0 1 10 0.500000 0 2 1 1 1.008425 0 4 8 618 332 1 543 455 NA NA NA NA NA NA NA NA NA NA NA NA NA NA NA NA NA NA 
0 1 11 0.500000 0 5 1 1 1.359784 1 5 4 547 434 6 398 388 10 455 337 8 574 300 2 406 299 NA NA NA NA NA NA NA NA NA 
0 1 12 0.500000 0 5 0 0 0.987122 2 6 2 614 457 10 425 383 6 611 390 1 456 441 9 625 310 NA NA NA NA NA NA NA NA NA 
0 1 13 0.500000 0 8 0 0 1.620370 5 8 9 418 439 1 426 312 2 605 368 3 503 468 5 611 433 8 403 369 10 510 307 4 610 302 
0 1 14 0.500000 0 8 1 1 1.042030 6 7 8 614 414 10 404 333 5 405 443 9 563 349 1 505 445 3 456 303 6 634 348 4 597 300 
0 1 15 0.500000 0 2 1 1 0.929831 1 3 2 590 316 10 402 364 NA NA NA NA NA NA NA NA NA NA NA NA NA NA NA NA NA NA 
0 1 16 0.500000 0 5 1 1 1.003825 2 6 4 621 344 3 463 312 5 454 404 1 401 298 2 412 469 NA NA NA NA NA NA NA NA NA 
0 1 17 0.500000 0 5 0 0 1.341183 1 2 10 431 390 2 591 468 4 474 453 8 532 310 5 579 361 NA NA NA NA NA NA NA NA NA 
0 1 18 0.500000 0 8 0 0 1.060133 6 1 6 518 456 10 402 314 5 472 297 7 455 353 2 609 422 8 601 325 1 408 451 3 531 316 
0 1 19 0.500000 0 8 1 1 1.881104 4 2 3 570 409 4 517 450 1 540 301 10 452 398 6 612 331 9 396 426 7 632 400 8 387 357 
0 1 20 0.500000 0 2 0 0 1.021997 0 2 2 405 356 7 463 472 NA NA NA NA NA NA NA NA NA NA NA NA NA NA NA NA NA NA 
0 1 21 0.500000 0 8 1 0 1.191801 5 5 10 500 474 1 431 390 3 633 469 8 447 333 6 609 412 2 589 309 4 389 318 7 442 474 
0 1 22 0.500000 0 8 1 1 0.968427 7 9 6 411 341 2 605 408 1 561 323 4 401 410 10 545 449 5 483 329 8 420 471 7 468 433 
0 1 23 0.500000 0 2 0 0 0.993110 0 2 2 532 470 9 412 299 NA NA NA NA NA NA NA NA NA NA NA NA NA NA NA NA NA NA 
0 1 24 0.500000 0 2 1 1 0.930603 1 7 9 498 464 5 449 323 NA NA NA NA NA NA NA NA NA NA NA NA NA NA NA NA NA NA 
0 1 25 0.500000 0 5 0 1 2.320992 0 7 7 437 449 9 411 378 2 453 308 10 635 390 8 609 306 NA NA NA NA NA NA NA NA NA 
0 1 26 0.500000 0 8 1 1 1.160629 4 3 9 407 387 2 530 309 8 624 430 5 457 444 7 616 298 10 540 459 1 473 326 6 394 299 
0 1 27 0.500000 0 8 0 0 0.968126 1 3 6 471 313 3 425 375 7 417 467 1 565 456 2 573 332 4 630 371 9 507 447 10 397 307 
0 1 28 0.500000 0 2 1 1 0.995482 0 6 9 420 443 5 589 349 NA NA NA NA NA NA NA NA NA NA NA NA NA NA NA NA NA NA 
0 1 29 0.500000 0 2 1 1 1.075448 1 2 4 412 470 1 431 326 NA NA NA NA NA NA NA NA NA NA NA NA NA NA NA NA NA NA 
0 1 30 0.500000 0 5 1 1 1.049864 1 10 5 425 323 7 604 357 2 538 302 4 613 445 8 395 409 NA NA NA NA NA NA NA NA NA 
0 1 31 0.500000 0 8 1 1 0.976589 6 9 3 410 437 6 450 319 4 588 297 5 606 443 2 525 442 7 607 378 1 521 318 8 396 361 
0 1 32 0.500000 0 8 1 1 0.967278 1 6 3 554 321 10 617 440 2 474 438 8 401 362 1 621 379 9 463 321 7 542 438 4 612 318 
0 1 33 0.500000 0 5 1 1 0.955102 2 4 3 630 310 10 623 448 9 423 343 2 422 470 1 481 295 NA NA NA NA NA NA NA NA NA 
0 1 34 0.500000 0 5 0 0 0.942810 2 7 5 395 454 4 558 344 7 550 453 1 396 353 6 451 316 NA NA NA NA NA NA NA NA NA 
0 1 35 0.500000 0 2 0 0 0.905368 0 8 8 499 314 5 392 370 NA NA NA NA NA NA NA NA NA NA NA NA NA NA NA NA NA NA 
0 1 36 0.500000 0 5 1 1 0.881627 4 3 2 437 330 10 610 391 8 439 450 5 617 460 4 506 301 NA NA NA NA NA NA NA NA NA 
0 1 37 0.500000 0 2 1 1 0.960965 0 1 10 624 402 2 480 453 NA NA NA NA NA NA NA NA NA NA NA NA NA NA NA NA NA NA 
0 1 38 0.500000 0 2 0 0 0.864699 0 8 8 519 315 10 610 327 NA NA NA NA NA NA NA NA NA NA NA NA NA NA NA NA NA NA 
0 1 39 0.500000 0 5 1 1 1.030812 0 4 8 620 443 9 601 336 5 570 411 3 387 381 6 512 318 NA NA NA NA NA NA NA NA NA 
0 1 40 0.500000 0 8 0 0 0.985420 7 5 3 576 346 1 429 365 4 626 391 2 457 297 8 549 458 9 471 436 10 392 448 5 534 299 
0 1 41 0.500000 0 8 1 1 0.973459 3 6 9 390 375 2 572 385 1 579 458 3 631 349 5 448 461 8 544 327 7 469 297 4 626 413 
0 1 42 0.500000 0 2 0 0 0.838344 1 9 5 629 403 9 499 446 NA NA NA NA NA NA NA NA NA NA NA NA NA NA NA NA NA NA 
0 1 43 0.500000 0 2 1 1 0.881098 0 2 4 388 307 9 398 406 NA NA NA NA NA NA NA NA NA NA NA NA NA NA NA NA NA NA 
0 1 44 0.500000 0 8 1 0 0.963253 1 5 10 542 319 7 404 341 4 604 355 2 423 419 1 487 446 9 603 452 8 598 296 6 467 328 
0 1 45 0.500000 0 5 0 0 1.155052 4 3 1 397 417 9 592 380 2 585 443 10 443 326 3 521 467 NA NA NA NA NA NA NA NA NA 
0 1 46 0.500000 0 2 0 0 1.163869 1 9 4 497 471 9 396 314 NA NA NA NA NA NA NA NA NA NA NA NA NA NA NA NA NA NA 
0 1 47 0.500000 0 5 0 0 1.046643 1 9 2 419 472 9 636 447 8 411 360 3 411 299 5 519 315 NA NA NA NA NA NA NA NA NA 
0 1 48 0.500000 0 8 1 1 0.982143 2 5 10 391 378 7 497 297 9 572 471 3 622 393 4 439 430 1 560 297 2 395 297 6 624 324 
0 1 49 0.500000 0 5 0 0 0.987139 1 7 10 607 437 7 447 326 9 473 473 8 510 301 1 456 400 NA NA NA NA NA NA NA NA NA 
0 1 50 0.500000 0 2 0 0 0.857775 1 8 5 421 330 8 627 399 NA NA NA NA NA NA NA NA NA NA NA NA NA NA NA NA NA NA 
0 1 51 0.500000 0 5 1 1 0.981709 0 10 3 631 436 4 415 401 9 434 470 6 508 442 5 598 331 NA NA NA NA NA NA NA NA NA 
0 1 52 0.500000 0 2 0 0 0.882912 1 5 9 518 442 5 413 343 NA NA NA NA NA NA NA NA NA NA NA NA NA NA NA NA NA NA 
0 1 53 0.500000 0 8 0 0 1.077174 7 1 5 441 377 10 612 406 3 470 456 2 574 454 4 423 320 8 512 295 9 634 316 1 396 457 
0 1 54 0.500000 0 2 0 0 1.297779 0 9 9 614 301 1 577 408 NA NA NA NA NA NA NA NA NA NA NA NA NA NA NA NA NA NA 
0 1 55 0.500000 0 5 1 1 0.921348 1 2 5 477 449 4 524 301 6 440 394 9 636 312 3 398 304 NA NA NA NA NA NA NA NA NA 
0 1 56 0.500000 0 8 0 0 0.998216 5 9 4 449 383 5 392 413 1 591 334 7 590 411 2 487 449 9 451 300 6 551 471 3 628 465 
0 1 57 0.500000 0 5 1 1 0.916349 4 10 1 552 309 4 629 400 3 529 456 8 435 433 7 613 323 NA NA NA NA NA NA NA NA NA 
0 1 58 0.500000 0 8 0 0 0.984738 2 8 5 594 313 1 396 428 8 435 302 7 569 396 10 457 455 4 525 321 9 627 391 2 557 459 
0 1 59 0.500000 0 5 1 1 0.888897 2 10 9 528 470 3 628 377 7 430 468 1 444 367 2 619 456 NA NA NA NA NA NA NA NA NA 
0 2 0 0.700000 0 5 0 0 1.033363 0 2 2 434 386 9 406 455 8 574 415 7 625 333 6 513 313 NA NA NA NA NA NA NA NA NA 
0 2 1 0.700000 0 8 1 0 1.138811 4 2 8 562 302 5 436 455 6 612 393 9 419 362 3 463 322 4 637 325 1 559 460 10 500 442 
0 2 2 0.700000 0 5 0 0 1.043851 2 9 8 577 305 5 424 307 9 568 440 2 397 433 7 629 397 NA NA NA NA NA NA NA NA NA 
0 2 3 0.700000 0 2 1 1 0.850412 0 5 6 628 453 1 572 400 NA NA NA NA NA NA NA NA NA NA NA NA NA NA NA NA NA NA 
0 2 4 0.700000 0 2 1 1 0.862509 0 1 6 441 295 4 592 455 NA NA NA NA NA NA NA NA NA NA NA NA NA NA NA NA NA NA 
0 2 5 0.700000 0 5 0 0 1.265936 4 7 9 393 438 10 440 328 1 447 400 2 564 347 7 463 471 NA NA NA NA NA NA NA NA NA 
0 2 6 0.700000 0 5 0 0 0.942656 2 7 3 607 376 8 471 294 7 423 367 4 550 319 5 562 447 NA NA NA NA NA NA NA NA NA 
0 2 7 0.700000 0 5 1 1 1.067163 1 7 6 634 328 8 611 429 1 429 410 10 456 302 9 514 325 NA NA NA NA NA NA NA NA NA 
0 2 8 0.700000 0 8 1 0 1.019421 4 8 4 565 343 9 469 454 5 631 453 1 413 435 6 414 368 7 505 325 3 568 410 10 397 296 
0 2 9 0.700000 0 5 1 1 0.868047 3 6 3 524 325 7 558 420 1 409 354 5 454 304 9 451 411 NA NA NA NA NA NA NA NA NA 
0 2 10 0.700000 0 8 1 1 1.039702 6 1 9 546 470 6 391 437 4 482 472 5 568 365 10 629 431 3 483 329 7 429 366 8 599 301 
0 2 11 0.700000 0 8 1 1 1.704586 4 7 10 461 323 6 417 399 2 608 372 5 578 445 8 541 302 9 492 440 3 389 317 4 389 464 
0 2 12 0.700000 0 8 1 1 1.465357 3 7 8 598 473 5 500 472 4 432 360 6 578 403 1 446 434 9 620 310 10 546 295 3 389 294 
0 2 13 0.700000 0 8 0 1 1.107126 3 9 4 475 311 10 636 419 2 612 363 9 534 465 6 431 370 5 416 438 3 566 306 8 609 473 
0 2 14 0.700000 0 2 1 1 0.883312 0 6 1 425 327 7 601 371 NA NA NA NA NA NA NA NA NA NA NA NA NA NA NA NA NA NA 
0 2 15 0.700000 0 5 1 1 1.415571 0 3 9 592 297 5 457 461 4 447 338 1 394 368 6 593 372 NA NA NA NA NA NA NA NA NA 
0 2 16 0.700000 0 2 1 1 0.842410 0 3 1 623 380 5 636 296 NA NA NA NA NA NA NA NA NA NA NA NA NA NA NA NA NA NA 
0 2 17 0.700000 0 2 1 1 0.863034 1 1 5 534 318 4 462 299 NA NA NA NA NA NA NA NA NA NA NA NA NA NA NA NA NA NA 
0 2 18 0.700000 0 2 1 1 1.099097 0 7 4 513 303 8 606 457 NA NA NA NA NA NA NA NA NA NA NA NA NA NA NA NA NA NA 
0 2 19 0.700000 0 8 1 1 0.962435 7 6 9 621 460 7 400 358 1 474 303 3 573 403 4 533 321 5 413 429 8 529 465 2 623 315 
0 2 20 0.700000 0 5 1 1 1.462097 3 9 3 530 297 8 453 305 10 398 336 6 631 423 1 533 450 NA NA NA NA NA NA NA NA NA 
0 2 21 0.700000 0 5 1 0 1.581894 2 8 6 533 321 10 446 379 5 631 427 4 396 304 3 611 302 NA NA NA NA NA NA NA NA NA 
0 2 22 0.700000 0 8 1 0 1.199129 3 5 1 414 338 9 438 442 7 601 357 8 399 398 6 511 442 2 482 320 10 584 450 4 626 410 
0 2 23 0.700000 0 2 1 1 1.004106 0 5 1 522 298 7 403 325 NA NA NA NA NA NA NA NA NA NA NA NA NA NA NA NA NA NA 
0 2 24 0.700000 0 2 1 1 0.992098 1 1 10 396 322 4 571 384 NA NA NA NA NA NA NA NA NA NA NA NA NA NA NA NA NA NA 
0 2 25 0.700000 0 5 1 1 0.904737 1 3 8 453 461 7 411 411 9 611 319 1 404 334 6 582 399 NA NA NA NA NA NA NA NA NA 
0 2 26 0.700000 0 8 1 1 0.976014 3 8 7 499 298 3 404 337 6 593 398 5 594 311 9 454 429 10 403 469 4 525 470 2 402 402 
0 2 27 0.700000 0 5 1 1 2.388969 4 5 10 453 419 1 496 316 8 615 314 3 515 473 9 624 376 NA NA NA NA NA NA NA NA NA 
0 2 28 0.700000 0 2 0 0 1.268629 1 2 9 513 316 2 471 466 NA NA NA NA NA NA NA NA NA NA NA NA NA NA NA NA NA NA 
0 2 29 0.700000 0 8 1 1 1.781067 4 4 9 452 453 5 462 295 10 617 304 1 399 425 2 621 431 7 558 425 6 436 377 3 543 302 
0 2 30 0.700000 0 5 1 1 1.092438 3 8 1 511 314 5 415 400 6 405 328 7 585 397 4 452 457 NA NA NA NA NA NA NA NA NA 
0 2 31 0.700000 0 5 1 1 1.170495 0 8 7 420 429 1 511 303 4 545 432 3 451 306 6 611 435 NA NA NA NA NA NA NA NA NA 
0 2 32 0.700000 0 8 1 1 1.419372 5 5 6 607 441 10 627 347 2 405 336 4 498 317 1 415 452 9 564 345 7 499 442 8 440 396 
0 2 33 0.700000 0 5 1 1 1.063768 2 2 9 600 458 6 390 377 7 508 314 3 622 347 1 454 385 NA NA NA NA NA NA NA NA NA 
0 2 34 0.700000 0 2 1 1 1.113530 0 2 5 586 389 7 413 461 NA NA NA NA NA NA NA NA NA NA NA NA NA NA NA NA NA NA 
0 2 35 0.700000 0 5 1 1 0.962652 2 4 3 573 366 1 611 417 10 467 340 9 527 327 5 414 365 NA NA NA NA NA NA NA NA NA 
0 2 36 0.700000 0 2 0 0 0.908614 1 8 7 607 368 8 579 427 NA NA NA NA NA NA NA NA NA NA NA NA NA NA NA NA NA NA 
0 2 37 0.700000 0 5 1 1 0.968996 3 9 4 597 433 8 546 331 3 410 298 7 434 366 2 419 435 NA NA NA NA NA NA NA NA NA 
0 2 38 0.700000 0 8 1 1 0.990603 7 3 2 613 430 8 389 382 7 545 314 9 437 302 4 408 438 10 532 449 1 620 311 6 457 360 
0 2 39 0.700000 0 2 1 1 0.953612 0 1 9 633 340 10 569 370 NA NA NA NA NA NA NA NA NA NA NA NA NA NA NA NA NA NA 
0 2 40 0.700000 0 2 1 1 0.933620 0 5 10 441 420 4 391 390 NA NA NA NA NA NA NA NA NA NA NA NA NA NA NA NA NA NA 
0 2 41 0.700000 0 5 1 1 0.913002 3 1 4 576 355 6 578 455 2 429 391 3 404 300 7 467 299 NA NA NA NA NA NA NA NA NA 
0 2 42 0.700000 0 2 0 0 0.889557 0 10 10 417 426 3 579 463 NA NA NA NA NA NA NA NA NA NA NA NA NA NA NA NA NA NA 
0 2 43 0.700000 0 2 0 0 0.798757 0 8 8 463 335 9 605 318 NA NA NA NA NA NA NA NA NA NA NA NA NA NA NA NA NA NA 
0 2 44 0.700000 0 8 1 1 1.484382 4 8 9 516 324 5 623 386 1 530 471 6 617 308 4 450 464 7 416 339 10 595 460 3 413 408 
0 2 45 0.700000 0 8 1 1 1.028450 7 7 8 396 340 4 578 303 9 579 425 6 418 451 5 486 449 10 631 353 1 467 320 3 452 386 
0 2 46 0.700000 0 8 0 1 2.905963 2 8 5 610 325 10 553 300 8 571 442 1 402 423 9 435 339 6 630 383 7 475 452 2 629 444 
0 2 47 0.700000 0 5 1 1 1.092892 4 6 1 510 301 3 439 441 8 605 452 7 517 445 9 416 314 NA NA NA NA NA NA NA NA NA 
0 2 48 0.700000 0 2 0 0 0.822255 1 2 7 454 298 2 417 357 NA NA NA NA NA NA NA NA NA NA NA NA NA NA NA NA NA NA 
0 2 49 0.700000 0 2 1 1 0.968590 1 2 3 502 447 9 418 342 NA NA NA NA NA NA NA NA NA NA NA NA NA NA NA NA NA NA 
0 2 50 0.700000 0 5 0 0 1.367821 1 3 10 441 354 3 589 403 2 516 459 4 408 461 5 543 331 NA NA NA NA NA NA NA NA NA 
0 2 51 0.700000 0 8 0 0 2.188723 5 8 10 397 438 6 607 349 4 415 308 2 517 300 1 576 441 8 458 457 7 420 371 5 467 335 
0 2 52 0.700000 0 5 0 0 1.094961 1 10 3 432 326 10 462 448 4 606 308 7 610 466 5 589 381 NA NA NA NA NA NA NA NA NA 
0 2 53 0.700000 0 8 0 1 1.162453 2 4 1 560 297 6 634 347 4 596 450 2 428 399 10 419 303 7 525 458 9 466 474 5 460 348 
0 2 54 0.700000 0 8 1 1 1.176996 1 8 2 482 312 9 617 317 7 566 362 1 466 460 4 592 460 3 396 357 6 616 407 5 557 298 
0 2 55 0.700000 0 8 0 0 1.225700 5 8 2 589 407 10 436 436 4 414 320 7 549 299 9 504 446 8 634 327 5 400 379 6 572 465 
0 2 56 0.700000 0 2 1 1 1.000342 0 9 5 611 436 3 441 466 NA NA NA NA NA NA NA NA NA NA NA NA NA NA NA NA NA NA 
0 2 57 0.700000 0 2 0 0 0.944287 0 8 8 389 450 7 600 314 NA NA NA NA NA NA NA NA NA NA NA NA NA NA NA NA NA NA 
0 2 58 0.700000 0 8 0 0 1.013217 3 7 2 437 400 4 610 376 1 450 472 7 391 443 6 533 472 3 462 346 10 525 321 8 399 295 
0 2 59 0.700000 0 2 1 1 1.141627 0 10 1 403 312 6 573 371 NA NA NA NA NA NA NA NA NA NA NA NA NA NA NA NA NA NA 
0 3 0 0.500000 0 2 0 0 1.152537 0 8 8 616 367 9 549 442 NA NA NA NA NA NA NA NA NA NA NA NA NA NA NA NA NA NA 
0 3 1 0.500000 0 8 1 1 1.287575 2 6 3 602 412 4 466 332 7 397 343 8 544 466 5 460 420 2 552 321 10 614 474 9 612 312 
0 3 2 0.500000 0 5 1 1 1.040181 0 1 3 480 328 9 393 353 8 539 314 4 600 351 2 629 461 NA NA NA NA NA NA NA NA NA 
0 3 3 0.500000 0 2 1 1 1.034553 1 6 5 434 336 2 636 386 NA NA NA NA NA NA NA NA NA NA NA NA NA NA NA NA NA NA 
0 3 4 0.500000 0 8 1 1 1.084729 3 5 1 577 405 10 598 331 7 454 374 4 538 307 6 474 301 3 527 460 8 416 318 9 629 433 
0 3 5 0.500000 0 5 0 1 0.995666 4 9 7 556 342 4 597 452 2 635 357 1 606 295 9 390 314 NA NA NA NA NA NA NA NA NA 
0 3 6 0.500000 0 2 1 1 0.902944 1 6 7 588 381 9 430 375 NA NA NA NA NA NA NA NA NA NA NA NA NA NA NA NA NA NA 
0 3 7 0.500000 0 8 1 0 1.273939 6 6 2 431 321 9 535 330 8 633 389 3 629 473 7 564 417 10 399 438 4 597 332 1 460 422 
0 3 8 0.500000 0 8 1 0 1.118741 2 2 9 632 394 3 453 310 8 583 446 10 547 305 7 403 402 4 492 473 6 434 454 5 397 342 
0 3 9 0.500000 0 2 1 1 1.149855 0 3 5 573 413 7 472 301 NA NA NA NA NA NA NA NA NA NA NA NA NA NA NA NA NA NA 
0 3 10 0.500000 0 2 1 1 0.920962 0 2 4 418 423 9 440 350 NA NA NA NA NA NA NA NA NA NA NA NA NA NA NA NA NA NA 
0 3 11 0.500000 0 2 0 0 0.852926 1 2 4 622 353 2 427 349 NA NA NA NA NA NA NA NA NA NA NA NA NA NA NA NA NA NA 
0 3 12 0.500000 0 2 0 0 0.946429 1 5 4 441 390 5 573 415 NA NA NA NA NA NA NA NA NA NA NA NA NA NA NA NA NA NA 
0 3 13 0.500000 0 8 1 1 1.529572 3 8 2 591 394 6 528 303 9 615 474 10 425 376 1 526 457 3 606 295 4 455 435 5 431 306 
0 3 14 0.500000 0 2 1 1 0.917831 1 1 6 566 329 9 510 473 NA NA NA NA NA NA NA NA NA NA NA NA NA NA NA NA NA NA 
0 3 15 0.500000 0 8 0 0 2.364549 6 5 1 493 462 9 617 411 6 577 324 3 419 313 4 558 463 8 412 372 5 496 309 7 452 420 
0 3 16 0.500000 0 8 0 0 1.341842 6 8 1 509 303 7 421 343 10 637 360 9 416 423 5 631 468 3 580 343 8 562 445 4 467 461 
0 3 17 0.500000 0 5 0 0 0.904996 3 8 5 392 389 10 630 438 6 439 320 8 550 446 3 602 321 NA NA NA NA NA NA NA NA NA 
0 3 18 0.500000 0 2 0 0 0.873331 0 4 4 536 450 8 625 368 NA NA NA NA NA NA NA NA NA NA NA NA NA NA NA NA NA NA 
0 3 19 0.500000 0 5 1 1 1.076464 4 8 4 578 386 2 506 456 7 554 318 6 623 468 9 621 321 NA NA NA NA NA NA NA NA NA 
0 3 20 0.500000 0 8 1 1 1.143910 5 2 6 440 449 9 437 347 1 637 327 5 590 387 7 626 440 3 570 331 8 570 473 10 478 299 
0 3 21 0.500000 0 2 1 1 1.155801 0 7 8 600 460 4 580 387 NA NA NA NA NA NA NA NA NA NA NA NA NA NA NA NA NA NA 
0 3 22 0.500000 0 5 0 0 0.994338 2 4 1 623 339 7 472 308 4 531 309 2 618 417 6 407 357 NA NA NA NA NA NA NA NA NA 
0 3 23 0.500000 0 8 0 0 0.929235 6 9 8 444 422 1 506 311 6 620 344 4 602 423 5 416 343 2 548 467 9 572 302 7 404 468 
0 3 24 0.500000 0 2 0 0 0.973149 1 10 3 634 453 10 427 338 NA NA NA NA NA NA NA NA NA NA NA NA NA NA NA NA NA NA 
0 3 25 0.500000 0 5 1 1 1.036860 1 8 7 622 432 6 400 449 9 571 343 2 399 352 4 469 315 NA NA NA NA NA NA NA NA NA 
0 3 26 0.500000 0 5 1 0 3.708302 1 3 2 566 461 6 410 301 9 434 384 4 432 458 5 637 442 NA NA NA NA NA NA NA NA NA 
0 3 27 0.500000 0 8 1 1 0.955954 5 4 10 539 469 5 600 305 7 618 377 9 438 457 1 434 335 2 632 474 3 506 315 6 571 411 
0 3 28 0.500000 0 5 0 0 1.329661 3 6 8 446 438 2 450 307 3 407 349 6 575 348 4 593 473 NA NA NA NA NA NA NA NA NA 
0 3 29 0.500000 0 8 1 1 1.188837 5 8 10 452 419 2 402 345 6 421 473 3 515 307 4 586 398 1 599 303 5 635 353 9 595 458 
0 3 30 0.500000 0 8 1 0 1.538946 4 10 5 600 392 6 486 316 9 568 295 3 468 464 7 540 466 2 387 300 4 630 474 8 407 399 
0 3 31 0.500000 0 2 0 0 0.988693 1 6 7 429 372 6 557 345 NA NA NA NA NA NA NA NA NA NA NA NA NA NA NA NA NA NA 
0 3 32 0.500000 0 5 0 0 0.996479 4 1 5 595 419 4 396 414 9 536 439 6 446 351 1 466 474 NA NA NA NA NA NA NA NA NA 
0 3 33 0.500000 0 2 0 0 0.884250 0 5 5 392 358 10 440 471 NA NA NA NA NA NA NA NA NA NA NA NA NA NA NA NA NA NA 
0 3 34 0.500000 0 2 1 1 0.964358 0 8 5 473 301 1 584 374 NA NA NA NA NA NA NA NA NA NA NA NA NA NA NA NA NA NA 
0 3 35 0.500000 0 8 0 1 1.254147 1 7 9 618 358 7 399 401 6 470 340 2 407 329 5 489 454 8 588 413 3 541 329 1 387 466 
0 3 36 0.500000 0 8 0 0 1.001020 2 1 3 391 304 6 449 316 1 421 382 5 570 392 2 543 332 9 618 297 4 459 465 8 403 439 
0 3 37 0.500000 0 2 1 1 0.908286 0 2 10 497 317 7 445 346 NA NA NA NA NA NA NA NA NA NA NA NA NA NA NA NA NA NA 
0 3 38 0.500000 0 5 0 0 1.315524 4 9 5 606 420 2 419 312 7 533 308 10 465 429 9 601 313 NA NA NA NA NA NA NA NA NA 
0 3 39 0.500000 0 8 0 0 0.962402 4 8 9 604 311 1 400 296 6 456 414 7 464 320 8 577 414 4 398 405 10 530 303 5 637 446 
0 3 40 0.500000 0 2 0 0 1.498418 1 1 5 517 442 1 572 297 NA NA NA NA NA NA NA NA NA NA NA NA NA NA NA NA NA NA 
0 3 41 0.500000 0 5 1 1 1.794908 3 6 8 449 296 1 452 438 3 389 399 2 604 319 9 564 424 NA NA NA NA NA NA NA NA NA 
0 3 42 0.500000 0 2 0 0 0.977989 0 7 7 635 337 6 436 399 NA NA NA NA NA NA NA NA NA NA NA NA NA NA NA NA NA NA 
0 3 43 0.500000 0 8 0 0 1.058483 0 3 3 545 308 1 479 453 5 628 439 2 411 434 10 632 361 9 427 336 4 558 452 6 625 294 
0 3 44 0.500000 0 5 0 0 1.111857 1 5 1 588 353 5 539 321 4 403 354 9 472 342 6 636 471 NA NA NA NA NA NA NA NA NA 
0 3 45 0.500000 0 2 0 0 0.866152 1 5 2 456 368 5 439 439 NA NA NA NA NA NA NA NA NA NA NA NA NA NA NA NA NA NA 
0 3 46 0.500000 0 5 0 0 1.451942 2 6 5 449 316 3 592 456 6 474 438 9 408 396 8 412 455 NA NA NA NA NA NA NA NA NA 
0 3 47 0.500000 0 5 0 0 1.096966 0 2 2 549 306 3 573 450 9 583 358 8 501 452 10 633 402 NA NA NA NA NA NA NA NA NA 
0 3 48 0.500000 0 5 1 1 1.114118 4 8 9 538 330 1 633 404 6 598 461 7 408 342 4 469 469 NA NA NA NA NA NA NA NA NA 
0 3 49 0.500000 0 5 0 0 0.955132 3 3 9 468 446 10 434 316 5 556 305 3 608 414 1 541 454 NA NA NA NA NA NA NA NA NA 
0 3 50 0.500000 0 8 0 0 0.937939 3 5 9 618 363 7 455 474 10 590 421 5 554 303 1 448 406 8 529 442 4 409 303 6 476 301 
0 3 51 0.500000 0 2 1 1 1.116022 1 7 1 570 325 6 475 304 NA NA NA NA NA NA NA NA NA NA NA NA NA NA NA NA NA NA 
0 3 52 0.500000 0 5 1 1 2.399461 3 1 2 422 344 8 624 390 9 596 299 6 426 453 10 563 436 NA NA NA NA NA NA NA NA NA 
0 3 53 0.500000 0 8 0 0 1.011083 7 10 2 550 322 5 395 371 9 630 326 6 454 361 4 418 469 3 622 458 1 561 425 10 617 397 
0 3 54 0.500000 0 8 1 1 0.996868 1 1 8 594 442 6 501 298 3 574 308 9 457 471 7 424 308 2 387 390 10 573 368 5 628 391 
0 3 55 0.500000 0 5 1 1 1.033197 2 4 3 439 447 5 572 381 7 550 467 1 550 312 8 404 306 NA NA NA NA NA NA NA NA NA 
0 3 56 0.500000 0 8 0 0 1.053382 6 4 9 419 425 3 595 346 1 509 325 8 626 410 2 567 459 5 400 329 4 473 454 6 457 299 
0 3 57 0.500000 0 2 1 1 1.008889 0 2 6 621 435 9 423 344 NA NA NA NA NA NA NA NA NA NA NA NA NA NA NA NA NA NA 
0 3 58 0.500000 0 5 1 0 0.938773 4 2 1 610 448 8 526 325 4 434 319 9 593 352 5 452 385 NA NA NA NA NA NA NA NA NA 
0 3 59 0.500000 0 5 1 1 0.955000 2 1 3 394 328 6 534 321 5 562 474 8 467 340 9 619 378 NA NA NA NA NA NA NA NA NA 
0 4 0 0.300000 0 2 0 0 1.217769 0 2 2 593 465 10 469 296 NA NA NA NA NA NA NA NA NA NA NA NA NA NA NA NA NA NA 
0 4 1 0.300000 0 8 0 1 1.107381 0 6 6 519 314 5 595 408 1 525 465 4 392 464 8 388 312 2 585 324 7 442 410 9 605 474 
0 4 2 0.300000 0 5 0 0 1.027254 2 1 3 467 457 5 624 310 1 416 404 10 511 299 4 417 305 NA NA NA NA NA NA NA NA NA 
0 4 3 0.300000 0 8 1 1 1.049763 4 9 2 616 456 5 566 294 8 465 423 4 435 338 6 591 401 7 393 473 10 622 346 1 402 401 
0 4 4 0.300000 0 5 0 0 0.946782 3 7 1 569 425 6 513 460 4 553 310 7 418 405 5 630 327 NA NA NA NA NA NA NA NA NA 
0 4 5 0.300000 0 2 1 1 1.155896 1 9 3 620 381 7 390 349 NA NA NA NA NA NA NA NA NA NA NA NA NA NA NA NA NA NA 
0 4 6 0.300000 0 8 1 1 1.056178 3 3 4 440 427 7 523 298 6 553 436 9 600 351 1 422 322 8 630 469 10 489 466 5 611 413 
0 4 7 0.300000 0 8 1 1 0.997821 6 3 8 387 424 6 594 434 5 587 312 7 521 446 10 412 351 2 480 304 4 456 408 1 464 468 
0 4 8 0.300000 0 5 1 1 0.992433 4 8 1 598 392 9 472 308 10 406 365 2 550 451 7 455 414 NA NA NA NA NA NA NA NA NA 
0 4 9 0.300000 0 5 1 1 1.062399 0 3 9 411 394 10 586 312 5 395 320 1 555 463 7 619 461 NA NA NA NA NA NA NA NA NA 
0 4 10 0.300000 0 5 0 0 0.825523 0 1 1 451 341 6 443 463 4 566 456 9 523 296 5 627 316 NA NA NA NA NA NA NA NA NA 
0 4 11 0.300000 0 2 0 0 0.810190 1 2 7 590 343 2 414 379 NA NA NA NA NA NA NA NA NA NA NA NA NA NA NA NA NA NA 
0 4 12 0.300000 0 2 0 0 0.856402 1 7 2 440 401 7 391 342 NA NA NA NA NA NA NA NA NA NA NA NA NA NA NA NA NA NA 
0 4 13 0.300000 0 5 0 0 0.941819 1 8 4 395 411 8 477 334 9 611 294 7 633 399 1 559 334 NA NA NA NA NA NA NA NA NA 
0 4 14 0.300000 0 8 0 0 0.966673 5 1 8 559 459 4 435 445 2 446 350 5 611 323 7 631 447 1 523 301 6 390 332 3 586 405 
0 4 15 0.300000 0 5 0 0 0.941326 4 8 5 573 335 9 456 364 7 611 418 1 405 316 8 630 352 NA NA NA NA NA NA NA NA NA 
0 4 16 0.300000 0 2 1 1 0.974643 1 9 1 587 442 2 567 333 NA NA NA NA NA NA NA NA NA NA NA NA NA NA NA NA NA NA 
0 4 17 0.300000 0 5 1 1 0.952364 1 5 3 603 311 8 400 342 6 439 463 4 389 422 7 445 295 NA NA NA NA NA NA NA NA NA 
0 4 18 0.300000 0 8 0 1 0.974648 3 4 8 633 313 7 399 407 6 517 315 4 631 470 2 526 441 10 569 343 9 437 327 3 593 398 
0 4 19 0.300000 0 8 0 0 0.862928 6 7 10 523 461 2 619 396 4 460 421 5 387 452 8 587 456 6 419 346 7 615 326 3 528 304 
0 4 20 0.300000 0 2 0 0 0.875980 0 8 8 582 436 2 586 340 NA NA NA NA NA NA NA NA NA NA NA NA NA NA NA NA NA NA 
0 4 21 0.300000 0 8 0 0 0.939589 0 3 3 448 369 1 577 325 10 607 378 4 459 458 5 439 308 8 388 427 7 611 472 6 556 437 
0 4 22 0.300000 0 2 1 1 0.916951 1 8 3 424 413 10 396 341 NA NA NA NA NA NA NA NA NA NA NA NA NA NA NA NA NA NA 
0 4 23 0.300000 0 5 1 1 0.849523 0 1 10 461 333 3 420 388 6 634 456 5 587 393 4 609 328 NA NA NA NA NA NA NA NA NA 
0 4 24 0.300000 0 2 0 0 0.773198 0 9 9 445 461 6 431 396 NA NA NA NA NA NA NA NA NA NA NA NA NA NA NA NA NA NA 
0 4 25 0.300000 0 8 1 1 0.947474 5 1 9 465 420 4 425 355 6 583 344 5 536 445 3 595 458 10 505 323 7 395 441 8 637 415 
0 4 26 0.300000 0 2 0 0 0.860638 0 9 9 454 309 3 627 473 NA NA NA NA NA NA NA NA NA NA NA NA NA NA NA NA NA NA 
0 4 27 0.300000 0 5 0 0 1.027393 0 2 2 570 456 1 492 463 5 447 399 9 592 302 4 630 460 NA NA NA NA NA NA NA NA NA 
0 4 28 0.300000 0 8 0 1 0.963735 2 6 4 394 403 10 425 328 6 608 429 8 506 308 7 519 473 1 404 467 9 613 349 3 458 435 
0 4 29 0.300000 0 2 1 1 0.907988 0 1 3 447 467 4 585 359 NA NA NA NA NA NA NA NA NA NA NA NA NA NA NA NA NA NA 
0 4 30 0.300000 0 5 0 1 2.441859 2 5 4 608 459 1 606 380 5 517 451 2 391 364 10 561 323 NA NA NA NA NA NA NA NA NA 
0 4 31 0.300000 0 2 0 0 0.738097 0 4 4 480 463 9 510 316 NA NA NA NA NA NA NA NA NA NA NA NA NA NA NA NA NA NA 
0 4 32 0.300000 0 5 1 1 1.063453 2 4 6 486 328 9 410 446 10 606 388 3 425 320 1 523 465 NA NA NA NA NA NA NA NA NA 
0 4 33 0.300000 0 5 0 0 0.843187 2 7 10 464 432 4 621 417 7 479 301 8 590 358 6 600 300 NA NA NA NA NA NA NA NA NA 
0 4 34 0.300000 0 5 1 1 0.976773 0 1 9 488 307 3 468 443 7 606 467 8 389 311 5 412 417 NA NA NA NA NA NA NA NA NA 
0 4 35 0.300000 0 2 1 1 0.929807 1 5 4 617 306 1 635 417 NA NA NA NA NA NA NA NA NA NA NA NA NA NA NA NA NA NA 
0 4 36 0.300000 0 8 0 0 0.837029 7 8 9 605 466 10 416 321 6 619 383 4 547 472 2 551 322 7 394 384 1 458 430 8 493 295 
0 4 37 0.300000 0 5 0 0 1.310846 4 9 1 412 370 7 524 466 6 580 347 4 389 474 9 599 470 NA NA NA NA NA NA NA NA NA 
0 4 38 0.300000 0 2 0 0 0.815288 0 2 2 423 459 4 628 343 NA NA NA NA NA NA NA NA NA NA NA NA NA NA NA NA NA NA 
0 4 39 0.300000 0 5 0 0 0.856143 1 9 10 428 419 9 615 455 6 446 333 3 481 468 1 515 316 NA NA NA NA NA NA NA NA NA 
0 4 40 0.300000 0 2 0 0 0.799561 0 5 5 395 351 4 609 296 NA NA NA NA NA NA NA NA NA NA NA NA NA NA NA NA NA NA 
0 4 41 0.300000 0 8 0 0 1.069587 5 2 3 633 412 7 401 471 1 479 300 10 569 434 4 401 371 2 599 305 8 613 472 9 475 450 
0 4 42 0.300000 0 2 1 1 0.818439 0 8 6 561 441 3 575 347 NA NA NA NA NA NA NA NA NA NA NA NA NA NA NA NA NA NA 
0 4 43 0.300000 0 8 0 0 0.912677 6 2 9 516 458 8 614 337 7 442 302 6 597 403 3 624 471 5 563 304 2 429 436 1 506 322 
0 4 44 0.300000 0 5 0 0 0.853378 0 2 2 434 324 8 505 458 7 502 299 4 630 338 1 444 437 NA NA NA NA NA NA NA NA NA 
0 4 45 0.300000 0 8 0 1 0.872098 6 3 10 437 346 7 599 439 9 391 455 4 534 468 5 617 342 8 549 334 3 439 412 1 489 320 
0 4 46 0.300000 0 5 0 0 0.899612 0 5 5 593 353 3 536 317 2 409 323 9 633 454 4 555 428 NA NA NA NA NA NA NA NA NA 
0 4 47 0.300000 0 2 0 0 0.856946 1 1 3 595 473 1 444 301 NA NA NA NA NA NA NA NA NA NA NA NA NA NA NA NA NA NA 
0 4 48 0.300000 0 5 0 0 1.091162 3 9 6 460 317 8 394 363 2 578 309 9 608 456 3 447 415 NA NA NA NA NA NA NA NA NA 
0 4 49 0.300000 0 8 1 1 1.429818 7 6 10 450 367 7 413 440 8 575 303 2 607 408 5 630 354 3 438 297 1 498 456 4 579 460 
0 4 50 0.300000 0 8 0 0 1.225930 2 8 9 429 309 10 404 398 8 564 295 7 575 401 1 401 474 2 462 430 3 637 326 6 637 438 
0 4 51 0.300000 0 8 1 1 1.118724 4 8 9 389 308 6 447 401 10 636 354 2 571 411 1 459 309 4 544 308 5 518 466 3 621 296 
0 4 52 0.300000 0 2 0 0 0.899156 1 4 9 427 318 4 527 456 NA NA NA NA NA NA NA NA NA NA NA NA NA NA NA NA NA NA 
0 4 53 0.300000 0 5 0 0 1.010198 3 3 5 559 348 4 405 333 6 393 428 3 618 457 1 617 301 NA NA NA NA NA NA NA NA NA 
0 4 54 0.300000 0 8 0 0 0.819820 1 3 8 604 417 3 457 452 5 437 372 7 568 347 9 388 471 6 614 294 1 518 444 4 419 307 
0 4 55 0.300000 0 2 0 0 0.860417 1 4 3 546 296 4 438 332 NA NA NA NA NA NA NA NA NA NA NA NA NA NA NA NA NA NA 
0 4 56 0.300000 0 2 0 0 0.756248 1 7 3 577 467 7 459 440 NA NA NA NA NA NA NA NA NA NA NA NA NA NA NA NA NA NA 
0 4 57 0.300000 0 2 0 0 1.064791 0 5 5 621 402 6 387 417 NA NA NA NA NA NA NA NA NA NA NA NA NA NA NA NA NA NA 
0 4 58 0.300000 0 8 0 0 0.937068 0 9 9 508 459 8 411 434 2 585 306 1 514 320 6 609 467 7 406 302 3 599 386 5 422 360 
0 4 59 0.300000 0 8 0 0 1.339693 0 10 10 448 347 7 623 390 3 393 393 2 425 464 6 551 459 5 529 305 8 618 329 9 637 449 
0 5 0 0.700000 0 5 1 1 0.955875 0 6 3 608 400 4 587 474 9 489 474 8 463 313 5 426 366 NA NA NA NA NA NA NA NA NA 
0 5 1 0.700000 0 2 1 1 1.151634 1 3 8 528 472 9 580 398 NA NA NA NA NA NA NA NA NA NA NA NA NA NA NA NA NA NA 
0 5 2 0.700000 0 5 1 0 2.393833 3 6 10 492 319 8 568 299 9 551 466 4 411 424 5 479 433 NA NA NA NA NA NA NA NA NA 
0 5 3 0.700000 0 5 1 1 1.095395 1 4 3 565 430 10 533 308 2 461 340 9 616 466 6 398 379 NA NA NA NA NA NA NA NA NA 
0 5 4 0.700000 0 5 1 1 0.970391 4 3 10 433 474 5 395 408 2 600 361 4 523 466 6 403 330 NA NA NA NA NA NA NA NA NA 
0 5 5 0.700000 0 5 1 1 0.922770 0 6 9 407 304 5 520 302 3 606 416 7 446 371 8 549 442 NA NA NA NA NA NA NA NA NA 
0 5 6 0.700000 0 2 0 0 0.855453 0 1 1 492 447 3 530 313 NA NA NA NA NA NA NA NA NA NA NA NA NA NA NA NA NA NA 
0 5 7 0.700000 0 8 0 0 0.871501 5 3 5 603 439 2 478 311 9 595 357 8 435 441 7 402 316 3 551 313 1 515 464 6 451 377 
0 5 8 0.700000 0 2 1 1 1.125795 1 2 5 570 371 3 560 457 NA NA NA NA NA NA NA NA NA NA NA NA NA NA NA NA NA NA 
0 5 9 0.700000 0 8 1 0 0.920717 6 2 4 633 327 7 417 296 1 424 394 9 627 415 6 574 310 5 414 452 8 565 418 3 499 299 
0 5 10 0.700000 0 5 0 1 1.164409 4 8 9 465 435 6 576 373 5 454 367 4 388 391 8 628 431 NA NA NA NA NA NA NA NA NA 
0 5 11 0.700000 0 8 1 1 0.903573 2 10 3 629 370 8 490 299 7 558 435 2 396 391 6 420 456 5 609 472 4 477 444 9 415 329 
0 5 12 0.700000 0 8 1 1 1.074497 6 9 6 611 472 7 401 391 4 583 366 2 512 320 3 619 298 10 515 464 5 444 317 8 444 468 
0 5 13 0.700000 0 8 0 0 1.028643 4 2 1 477 314 7 539 441 10 396 321 9 413 408 2 616 467 6 466 461 8 626 356 3 555 324 
0 5 14 0.700000 0 8 1 1 1.183692 4 3 2 565 333 5 599 467 9 395 377 1 570 415 10 399 448 6 472 468 8 484 323 4 628 377 
0 5 15 0.700000 0 2 1 1 0.951077 1 3 7 580 405 9 421 297 NA NA NA NA NA NA NA NA NA NA NA NA NA NA NA NA NA NA 
0 5 16 0.700000 0 8 0 0 0.887627 2 10 9 625 358 2 547 308 10 453 428 5 412 307 8 394 378 1 544 473 7 616 463 6 393 450 
0 5 17 0.700000 0 5 1 1 0.932438 0 10 1 630 378 5 387 354 9 477 295 7 578 349 3 569 451 NA NA NA NA NA NA NA NA NA 
0 5 18 0.700000 0 2 0 0 0.882626 0 8 8 622 298 4 433 422 NA NA NA NA NA NA NA NA NA NA NA NA NA NA NA NA NA NA 
0 5 19 0.700000 0 8 1 0 1.123017 3 8 1 473 460 2 579 391 7 431 354 3 598 452 10 592 300 5 493 320 9 389 313 6 404 436 
0 5 20 0.700000 0 5 0 0 0.926431 4 8 5 559 325 7 563 457 9 412 393 4 463 440 8 590 385 NA NA NA NA NA NA NA NA NA 
0 5 21 0.700000 0 8 1 0 1.320737 6 8 10 632 474 2 546 450 6 515 319 7 633 304 1 612 378 3 397 347 5 422 409 4 410 471 
0 5 22 0.700000 0 5 1 1 0.884737 0 3 4 602 324 8 487 294 2 470 445 6 407 343 7 567 426 NA NA NA NA NA NA NA NA NA 
0 5 23 0.700000 0 2 1 1 0.854105 0 9 6 442 400 5 443 299 NA NA NA NA NA NA NA NA NA NA NA NA NA NA NA NA NA NA 
0 5 24 0.700000 0 5 0 0 1.536456 4 3 5 584 377 4 431 414 2 457 301 7 630 437 3 520 449 NA NA NA NA NA NA NA NA NA 
0 5 25 0.700000 0 8 1 1 0.956995 0 10 3 390 382 5 423 301 9 610 370 2 559 304 7 501 449 1 412 472 4 444 358 6 448 416 
0 5 26 0.700000 0 5 1 0 1.265197 3 2 3 567 437 5 424 320 10 630 426 4 405 454 8 491 297 NA NA NA NA NA NA NA NA NA 
0 5 27 0.700000 0 5 0 0 0.982782 3 10 3 393 361 2 545 314 1 448 464 10 627 387 5 555 431 NA NA NA NA NA NA NA NA NA 
0 5 28 0.700000 0 5 1 1 0.854998 4 7 8 629 408 4 419 301 6 629 470 1 425 371 2 606 345 NA NA NA NA NA NA NA NA NA 
0 5 29 0.700000 0 8 1 1 2.379028 1 10 7 436 395 4 578 326 8 476 456 3 465 322 5 591 462 1 408 451 9 622 391 6 393 314 
0 5 30 0.700000 0 8 1 1 0.910527 6 1 9 461 430 7 483 330 3 611 417 2 405 363 8 590 330 10 527 460 5 435 297 4 388 449 
0 5 31 0.700000 0 2 1 1 0.818699 0 7 9 529 470 10 598 301 NA NA NA NA NA NA NA NA NA NA NA NA NA NA NA NA NA NA 
0 5 32 0.700000 0 8 1 0 1.095231 1 1 8 565 308 5 418 449 9 462 316 2 590 448 6 399 305 4 627 393 7 629 294 3 446 386 
0 5 33 0.700000 0 5 1 1 0.932192 1 8 7 441 375 1 572 336 4 516 296 10 400 422 9 522 450 NA NA NA NA NA NA NA NA NA 
0 5 34 0.700000 0 2 0 0 0.879940 1 6 9 504 310 6 428 337 NA NA NA NA NA NA NA NA NA NA NA NA NA NA NA NA NA NA 
0 5 35 0.700000 0 2 1 1 0.902716 0 6 8 406 447 10 412 316 NA NA NA NA NA NA NA NA NA NA NA NA NA NA NA NA NA NA 
0 5 36 0.700000 0 2 1 1 0.908527 1 2 6 601 387 5 447 412 NA NA NA NA NA NA NA NA NA NA NA NA NA NA NA NA NA NA 
0 5 37 0.700000 0 8 0 0 1.141095 5 3 9 420 350 7 623 439 10 586 376 8 535 447 6 484 324 3 600 310 2 418 466 4 399 409 
0 5 38 0.700000 0 8 0 1 0.994801 7 6 4 549 436 2 625 408 7 627 318 10 424 373 3 466 323 5 557 336 1 397 470 6 485 453 
0 5 39 0.700000 0 8 1 1 2.516471 6 8 7 620 346 6 578 429 2 467 452 5 513 326 10 398 368 4 402 458 3 428 314 9 526 470 
0 5 40 0.700000 0 5 1 1 1.021321 1 10 6 606 336 2 613 443 9 498 444 1 418 420 3 505 313 NA NA NA NA NA NA NA NA NA 
0 5 41 0.700000 0 2 1 1 1.000293 0 7 6 636 351 4 518 318 NA NA NA NA NA NA NA NA NA NA NA NA NA NA NA NA NA NA 
0 5 42 0.700000 0 2 1 1 0.906256 0 10 6 391 411 9 578 306 NA NA NA NA NA NA NA NA NA NA NA NA NA NA NA NA NA NA 
0 5 43 0.700000 0 8 1 1 1.051800 4 9 6 400 303 7 477 443 8 581 401 10 593 337 4 421 410 3 556 471 2 636 426 1 481 330 
0 5 44 0.700000 0 2 1 1 0.827083 1 4 6 580 389 2 549 464 NA NA NA NA NA NA NA NA NA NA NA NA NA NA NA NA NA NA 
0 5 45 0.700000 0 5 1 1 0.888348 3 7 5 432 448 9 401 392 3 623 424 10 530 295 2 512 468 NA NA NA NA NA NA NA NA NA 
0 5 46 0.700000 0 2 0 0 0.936225 0 2 2 509 310 5 451 300 NA NA NA NA NA NA NA NA NA NA NA NA NA NA NA NA NA NA 
0 5 47 0.700000 0 2 0 0 1.601959 0 6 6 574 448 2 579 329 NA NA NA NA NA NA NA NA NA NA NA NA NA NA NA NA NA NA 
0 5 48 0.700000 0 8 0 0 0.972672 6 10 3 475 331 1 620 345 4 592 437 9 409 338 8 424 444 5 496 470 10 544 302 6 446 389 
0 5 49 0.700000 0 8 1 1 0.987426 2 3 1 609 472 8 420 356 6 599 390 2 465 429 4 394 422 10 595 320 5 533 454 7 490 326 
0 5 50 0.700000 0 2 1 1 1.332398 0 3 4 636 335 7 424 362 NA NA NA NA NA NA NA NA NA NA NA NA NA NA NA NA NA NA 
0 5 51 0.700000 0 2 1 1 0.891062 0 9 2 545 309 7 536 454 NA NA NA NA NA NA NA NA NA NA NA NA NA NA NA NA NA NA 
0 5 52 0.700000 0 5 0 0 0.931147 1 3 5 565 415 3 610 321 6 447 468 10 530 471 9 462 325 NA NA NA NA NA NA NA NA NA 
0 5 53 0.700000 0 5 0 0 1.071545 0 10 10 535 438 9 456 414 5 470 334 1 586 352 3 390 357 NA NA NA NA NA NA NA NA NA 
0 5 54 0.700000 0 5 1 0 1.232748 2 10 8 543 461 7 413 447 1 575 360 4 628 443 9 454 322 NA NA NA NA NA NA NA NA NA 
0 5 55 0.700000 0 8 1 1 1.045376 6 5 9 619 468 10 562 330 1 566 437 3 497 459 7 413 297 2 400 438 6 622 387 4 485 306 
0 5 56 0.700000 0 2 1 1 0.930223 0 9 2 522 307 10 624 399 NA NA NA NA NA NA NA NA NA NA NA NA NA NA NA NA NA NA 
0 5 57 0.700000 0 5 1 1 1.020202 4 2 6 469 314 9 463 417 8 523 444 7 624 367 10 396 463 NA NA NA NA NA NA NA NA NA 
0 5 58 0.700000 0 2 0 0 1.016383 0 3 3 493 443 4 428 358 NA NA NA NA NA NA NA NA NA NA NA NA NA NA NA NA NA NA 
0 5 59 0.700000 0 2 1 1 0.953772 1 4 8 601 314 3 526 452 NA NA NA NA NA NA NA NA NA NA NA NA NA NA NA NA NA NA 
0 6 0 0.300000 0 8 0 1 1.097731 2 9 5 411 446 6 578 365 9 430 351 1 520 454 4 595 457 10 458 295 3 633 299 2 518 317 
0 6 1 0.300000 0 2 0 0 0.848182 0 6 6 540 315 2 391 431 NA NA NA NA NA NA NA NA NA NA NA NA NA NA NA NA NA NA 
0 6 2 0.300000 0 8 0 0 0.853975 6 3 1 595 360 2 442 342 9 527 462 7 464 440 4 527 296 8 629 448 3 625 307 5 404 433 
0 6 3 0.300000 0 2 0 0 0.759060 1 5 1 449 412 5 467 330 NA NA NA NA NA NA NA NA NA NA NA NA NA NA NA NA NA NA 
0 6 4 0.300000 0 8 0 0 0.951372 2 2 4 604 335 8 480 434 2 420 350 1 626 398 5 501 323 9 399 412 3 600 467 7 537 451 
0 6 5 0.300000 0 8 0 0 1.307146 0 7 7 460 436 6 475 336 9 576 391 1 413 375 10 389 294 4 637 396 3 627 461 8 388 443 
0 6 6 0.300000 0 2 0 0 0.810485 0 7 7 568 318 10 479 330 NA NA NA NA NA NA NA NA NA NA NA NA NA NA NA NA NA NA 
0 6 7 0.300000 0 2 0 0 0.872152 1 3 1 592 471 3 617 364 NA NA NA NA NA NA NA NA NA NA NA NA NA NA NA NA NA NA 
0 6 8 0.300000 0 2 0 0 0.914466 1 6 9 568 309 6 633 367 NA NA NA NA NA NA NA NA NA NA NA NA NA NA NA NA NA NA 
0 6 9 0.300000 0 5 0 0 0.780987 0 8 8 615 417 2 455 397 7 588 470 3 424 300 6 616 325 NA NA NA NA NA NA NA NA NA 
0 6 10 0.300000 0 8 0 1 1.747625 6 7 8 613 371 4 407 347 3 425 445 2 573 320 6 480 294 10 537 459 7 614 442 9 633 302 
0 6 11 0.300000 0 2 0 0 0.806678 1 7 9 447 356 7 579 354 NA NA NA NA NA NA NA NA NA NA NA NA NA NA NA NA NA NA 
0 6 12 0.300000 0 5 1 1 1.278820 3 8 9 449 350 6 571 457 4 399 444 7 632 434 5 496 470 NA NA NA NA NA NA NA NA NA 
0 6 13 0.300000 0 5 1 1 1.030471 4 5 9 599 378 6 407 335 2 590 456 3 435 437 4 533 322 NA NA NA NA NA NA NA NA NA 
0 6 14 0.300000 0 8 0 0 0.880584 5 4 10 421 329 5 443 460 7 606 391 1 618 326 2 507 465 4 407 393 3 570 455 6 485 329 
0 6 15 0.300000 0 5 0 0 1.149386 2 10 3 389 351 7 443 373 10 633 385 6 548 461 5 400 421 NA NA NA NA NA NA NA NA NA 
0 6 16 0.300000 0 5 0 0 0.771817 3 8 3 565 315 10 400 420 2 605 376 8 543 437 4 486 470 NA NA NA NA NA NA NA NA NA 
0 6 17 0.300000 0 8 1 1 1.006670 4 6 2 495 322 1 428 471 4 576 457 7 388 393 3 600 336 5 421 305 9 447 398 10 586 398 
0 6 18 0.300000 0 8 0 0 0.924492 7 9 1 590 373 3 521 471 6 444 452 7 465 296 2 415 386 8 579 437 4 555 296 9 387 304 
0 6 19 0.300000 0 8 1 1 0.947530 6 7 2 426 327 4 544 330 10 421 413 5 583 463 9 460 456 3 617 326 6 485 321 1 598 406 
0 6 20 0.300000 0 5 0 0 0.945985 0 2 2 630 393 10 447 354 4 531 445 8 590 460 7 452 414 NA NA NA NA NA NA NA NA NA 
0 6 21 0.300000 0 8 1 0 1.477904 5 1 5 519 442 4 554 295 7 615 349 6 483 303 8 443 399 3 600 460 10 391 368 2 388 301 
0 6 22 0.300000 0 8 0 0 1.007259 1 10 3 399 457 10 575 451 5 547 328 6 391 344 9 632 418 8 500 449 2 444 371 4 475 311 
0 6 23 0.300000 0 2 1 1 0.921869 1 7 6 443 423 4 617 327 NA NA NA NA NA NA NA NA NA NA NA NA NA NA NA NA NA NA 
0 6 24 0.300000 0 2 0 0 0.768734 1 10 6 594 450 10 408 402 NA NA NA NA NA NA NA NA NA NA NA NA NA NA NA NA NA NA 
0 6 25 0.300000 0 8 0 1 1.629291 1 5 9 390 386 5 448 325 2 613 450 1 563 320 6 434 462 4 586 382 10 628 322 3 493 440 
0 6 26 0.300000 0 2 1 1 1.008130 1 10 5 451 462 4 591 347 NA NA NA NA NA NA NA NA NA NA NA NA NA NA NA NA NA NA 
0 6 27 0.300000 0 5 1 1 1.465300 1 3 1 622 423 6 464 458 8 512 305 4 619 310 5 553 474 NA NA NA NA NA NA NA NA NA 
0 6 28 0.300000 0 2 1 1 0.972850 1 7 1 606 368 10 552 448 NA NA NA NA NA NA NA NA NA NA NA NA NA NA NA NA NA NA 
0 6 29 0.300000 0 5 0 0 0.893007 4 3 5 479 334 4 562 309 6 470 473 8 404 391 3 619 363 NA NA NA NA NA NA NA NA NA 
0 6 30 0.300000 0 8 0 0 0.840707 6 7 1 623 436 5 511 305 4 430 423 3 507 448 8 597 357 10 388 373 7 635 312 9 440 328 
0 6 31 0.300000 0 8 1 1 1.070286 5 2 8 454 441 1 598 454 10 527 471 7 542 304 4 389 342 5 470 342 6 569 399 3 395 460 
0 6 32 0.300000 0 2 0 0 0.879594 0 9 9 401 392 4 564 452 NA NA NA NA NA NA NA NA NA NA NA NA NA NA NA NA NA NA 
0 6 33 0.300000 0 5 0 0 0.840859 4 10 5 589 422 6 576 349 2 509 303 4 414 307 10 504 443 NA NA NA NA NA NA NA NA NA 
0 6 34 0.300000 0 5 0 0 1.808314 0 3 3 453 356 4 491 303 2 611 295 6 598 365 1 397 440 NA NA NA NA NA NA NA NA NA 
0 6 35 0.300000 0 2 0 0 0.817173 1 6 9 447 382 6 428 446 NA NA NA NA NA NA NA NA NA NA NA NA NA NA NA NA NA NA 
0 6 36 0.300000 0 5 0 0 0.917938 2 10 7 455 459 1 600 338 10 502 297 8 433 384 6 603 411 NA NA NA NA NA NA NA NA NA 
0 6 37 0.300000 0 8 0 0 0.960530 4 7 4 609 474 1 513 321 10 456 366 2 432 461 7 587 295 9 593 385 6 524 443 5 403 390 
0 6 38 0.300000 0 2 0 0 0.805138 0 7 7 408 466 4 554 451 NA NA NA NA NA NA NA NA NA NA NA NA NA NA NA NA NA NA 
0 6 39 0.300000 0 2 1 1 1.132295 1 8 10 577 299 4 626 364 NA NA NA NA NA NA NA NA NA NA NA NA NA NA NA NA NA NA 
0 6 40 0.300000 0 8 0 1 1.084190 2 6 3 623 398 1 444 385 6 542 462 2 420 319 4 636 336 10 467 452 5 493 308 8 398 447 
0 6 41 0.300000 0 8 0 0 0.879316 6 6 8 407 310 9 419 393 7 626 297 5 480 312 1 588 422 3 470 436 6 543 469 2 389 450 
0 6 42 0.300000 0 8 1 1 1.190148 7 6 1 610 413 2 546 336 8 404 404 9 419 336 4 616 326 5 474 457 7 538 461 10 499 302 
0 6 43 0.300000 0 2 0 0 0.720407 1 1 4 598 370 1 525 311 NA NA NA NA NA NA NA NA NA NA NA NA NA NA NA NA NA NA 
0 6 44 0.300000 0 5 0 0 0.711684 2 3 10 415 409 2 619 357 3 564 443 8 487 466 6 546 312 NA NA NA NA NA NA NA NA NA 
0 6 45 0.300000 0 2 0 0 0.772621 1 1 4 583 320 1 515 302 NA NA NA NA NA NA NA NA NA NA NA NA NA NA NA NA NA NA 
0 6 46 0.300000 0 2 0 0 0.727969 0 7 7 575 304 10 439 407 NA NA NA NA NA NA NA NA NA NA NA NA NA NA NA NA NA NA 
0 6 47 0.300000 0 8 0 0 1.160688 2 10 6 428 377 5 595 415 10 618 356 1 616 474 8 409 452 3 494 458 4 554 335 7 617 294 
0 6 48 0.300000 0 5 1 1 1.143295 4 7 10 500 454 3 430 345 6 621 459 5 601 393 8 515 321 NA NA NA NA NA NA NA NA NA 
0 6 49 0.300000 0 5 1 1 0.967241 1 10 8 400 336 4 595 370 3 634 461 9 447 381 7 394 421 NA NA NA NA NA NA NA NA NA 
0 6 50 0.300000 0 5 0 0 0.923847 3 2 3 529 327 9 617 460 7 602 343 2 509 469 4 392 308 NA NA NA NA NA NA NA NA NA 
0 6 51 0.300000 0 5 0 0 0.807335 4 6 4 409 380 7 540 437 9 588 302 1 460 331 6 433 457 NA NA NA NA NA NA NA NA NA 
0 6 52 0.300000 0 2 0 0 0.698518 0 8 8 425 307 3 609 314 NA NA NA NA NA NA NA NA NA NA NA NA NA NA NA NA NA NA 
0 6 53 0.300000 0 5 0 0 1.217875 0 7 7 420 373 4 630 343 6 577 381 9 629 434 1 458 329 NA NA NA NA NA NA NA NA NA 
0 6 54 0.300000 0 2 1 1 0.759553 0 1 9 578 329 6 523 471 NA NA NA NA NA NA NA NA NA NA NA NA NA NA NA NA NA NA 
0 6 55 0.300000 0 5 0 0 0.774069 1 7 8 405 300 7 403 392 4 598 459 2 531 321 3 467 468 NA NA NA NA NA NA NA NA NA 
0 6 56 0.300000 0 5 1 1 0.874292 0 5 10 487 456 4 415 392 6 632 376 7 505 295 9 596 474 NA NA NA NA NA NA NA NA NA 
0 6 57 0.300000 0 8 1 0 0.804919 5 8 2 410 390 6 519 456 10 461 342 4 567 345 3 588 472 7 387 328 1 616 410 9 426 470 
0 6 58 0.300000 0 2 1 1 0.844459 0 3 8 615 305 2 534 294 NA NA NA NA NA NA NA NA NA NA NA NA NA NA NA NA NA NA 
0 6 59 0.300000 0 5 0 0 0.897984 0 7 7 416 458 8 517 307 2 589 412 4 406 380 9 457 338 NA NA NA NA NA NA NA NA NA 
0 7 0 0.700000 0 2 1 1 0.848455 0 5 7 473 445 4 592 385 NA NA NA NA NA NA NA NA NA NA NA NA NA NA NA NA NA NA 
0 7 1 0.700000 0 8 1 0 1.639951 3 9 6 600 437 10 466 459 2 418 320 5 636 377 8 473 295 7 572 374 3 633 294 4 550 302 
0 7 2 0.700000 0 2 1 1 0.838074 0 9 1 467 462 4 622 424 NA NA NA NA NA NA NA NA NA NA NA NA NA NA NA NA NA NA 
0 7 3 0.700000 0 5 0 0 0.882945 1 2 3 637 438 2 413 427 10 575 349 9 562 464 7 472 436 NA NA NA NA NA NA NA NA NA 
0 7 4 0.700000 0 5 1 1 0.855557 3 9 3 395 455 6 432 395 7 523 453 2 474 295 5 625 332 NA NA NA NA NA NA NA NA NA 
0 7 5 0.700000 0 5 1 1 0.892242 3 4 6 589 435 1 608 316 8 470 323 10 403 329 5 514 470 NA NA NA NA NA NA NA NA NA 
0 7 6 0.700000 0 2 1 1 0.783937 0 4 8 610 412 9 539 460 NA NA NA NA NA NA NA NA NA NA NA NA NA NA NA NA NA NA 
0 7 7 0.700000 0 2 0 0 0.948682 0 10 10 413 363 7 503 310 NA NA NA NA NA NA NA NA NA NA NA NA NA NA NA NA NA NA 
0 7 8 0.700000 0 2 1 1 0.897007 0 10 5 606 465 1 597 310 NA NA NA NA NA NA NA NA NA NA NA NA NA NA NA NA NA NA 
0 7 9 0.700000 0 5 1 1 0.869757 1 2 9 624 305 8 437 414 3 408 472 10 442 313 7 599 424 NA NA NA NA NA NA NA NA NA 
0 7 10 0.700000 0 8 0 0 0.945858 4 2 10 544 435 8 489 301 4 600 359 5 428 333 2 440 390 6 561 310 3 605 457 9 633 304 
0 7 11 0.700000 0 2 1 1 0.759733 1 6 9 633 456 3 611 297 NA NA NA NA NA NA NA NA NA NA NA NA NA NA NA NA NA NA 
0 7 12 0.700000 0 2 1 1 0.832334 0 1 6 591 353 8 636 465 NA NA NA NA NA NA NA NA NA NA NA NA NA NA NA NA NA NA 
0 7 13 0.700000 0 8 1 1 0.821268 2 3 7 415 390 8 528 326 1 465 342 2 559 473 9 637 376 5 627 450 6 584 349 10 482 462 
0 7 14 0.700000 0 5 1 1 0.796160 0 3 1 546 431 6 416 434 8 401 310 5 465 299 2 630 338 NA NA NA NA NA NA NA NA NA 
0 7 15 0.700000 0 2 1 1 0.804861 0 7 9 448 381 5 588 469 NA NA NA NA NA NA NA NA NA NA NA NA NA NA NA NA NA NA 
0 7 16 0.700000 0 8 0 0 0.939088 0 9 9 401 415 10 479 465 5 569 346 6 627 382 7 407 329 3 394 474 2 543 459 8 611 464 
0 7 17 0.700000 0 5 1 0 1.032379 0 2 6 472 431 10 582 457 4 400 313 1 574 323 7 636 342 NA NA NA NA NA NA NA NA NA 
0 7 18 0.700000 0 8 1 1 1.727450 5 8 1 429 461 7 574 443 5 586 363 9 390 368 4 415 298 2 635 469 10 511 457 3 449 365 
0 7 19 0.700000 0 5 0 1 0.979227 1 6 3 597 435 6 486 306 8 543 317 1 415 354 10 421 473 NA NA NA NA NA NA NA NA NA 
0 7 20 0.700000 0 8 1 1 1.604397 0 9 7 611 453 5 429 427 8 527 308 2 609 307 4 459 341 1 552 442 3 398 319 6 493 457 
0 7 21 0.700000 0 5 1 1 1.053705 3 2 3 576 348 10 568 456 5 497 467 4 612 300 1 448 367 NA NA NA NA NA NA NA NA NA 
0 7 22 0.700000 0 2 0 0 0.826744 0 6 6 628 433 3 605 377 NA NA NA NA NA NA NA NA NA NA NA NA NA NA NA NA NA NA 
0 7 23 0.700000 0 2 0 0 0.790729 0 2 2 630 411 8 421 429 NA NA NA NA NA NA NA NA NA NA NA NA NA NA NA NA NA NA 
0 7 24 0.700000 0 2 1 1 0.782390 0 9 2 416 320 6 500 307 NA NA NA NA NA NA NA NA NA NA NA NA NA NA NA NA NA NA 
0 7 25 0.700000 0 5 1 1 0.888655 4 7 5 436 320 4 602 355 6 608 418 10 442 437 9 538 445 NA NA NA NA NA NA NA NA NA 
0 7 26 0.700000 0 5 0 0 0.847567 1 7 10 481 302 7 413 371 5 618 344 9 424 450 2 624 460 NA NA NA NA NA NA NA NA NA 
0 7 27 0.700000 0 2 1 1 0.797620 0 6 1 530 299 2 454 338 NA NA NA NA NA NA NA NA NA NA NA NA NA NA NA NA NA NA 
0 7 28 0.700000 0 5 1 1 0.892662 4 4 1 451 462 2 631 397 10 392 473 5 577 441 3 434 369 NA NA NA NA NA NA NA NA NA 
0 7 29 0.700000 0 2 1 1 0.753269 0 2 5 474 310 4 613 387 NA NA NA NA NA NA NA NA NA NA NA NA NA NA NA NA NA NA 
0 7 30 0.700000 0 2 1 1 0.680348 1 9 2 629 378 5 449 404 NA NA NA NA NA NA NA NA NA NA NA NA NA NA NA NA NA NA 
0 7 31 0.700000 0 5 1 1 0.838811 4 7 1 422 295 9 611 390 5 620 471 8 514 457 4 389 349 NA NA NA NA NA NA NA NA NA 
0 7 32 0.700000 0 8 1 0 1.403920 6 6 9 612 301 3 477 446 4 547 324 10 588 402 8 387 391 2 628 472 7 436 347 1 411 448 
0 7 33 0.700000 0 8 1 1 1.050424 7 9 2 388 458 4 484 472 7 586 446 10 448 301 5 428 407 3 620 361 1 609 301 8 517 295 
0 7 34 0.700000 0 2 0 0 0.820265 0 9 9 580 449 7 535 319 NA NA NA NA NA NA NA NA NA NA NA NA NA NA NA NA NA NA 
0 7 35 0.700000 0 5 1 1 0.932252 3 9 4 426 337 2 528 456 7 387 463 5 624 390 3 610 466 NA NA NA NA NA NA NA NA NA 
0 7 36 0.700000 0 5 1 1 0.986554 4 5 10 461 316 7 428 470 6 578 326 3 513 451 4 428 408 NA NA NA NA NA NA NA NA NA 
0 7 37 0.700000 0 5 0 0 0.976574 0 10 10 534 450 2 619 357 3 442 388 9 446 305 6 431 458 NA NA NA NA NA NA NA NA NA 
0 7 38 0.700000 0 8 1 1 0.896618 4 5 3 449 427 4 623 409 9 594 322 10 444 295 7 518 299 1 561 432 2 397 341 8 510 460 
0 7 39 0.700000 0 5 0 0 0.872377 0 8 8 634 303 2 453 358 9 420 410 4 389 340 7 609 406 NA NA NA NA NA NA NA NA NA 
0 7 40 0.700000 0 8 1 1 1.026587 6 2 9 401 402 8 536 298 10 602 298 6 394 470 4 473 311 1 575 439 7 591 373 3 523 465 
0 7 41 0.700000 0 2 0 0 1.346957 0 3 3 451 442 6 616 400 NA NA NA NA NA NA NA NA NA NA NA NA NA NA NA NA NA NA 
0 7 42 0.700000 0 8 0 1 0.962115 2 7 10 565 343 5 590 414 7 413 467 1 627 355 9 482 300 6 457 422 2 412 352 8 537 474 
0 7 43 0.700000 0 8 1 1 1.642522 4 8 2 602 431 5 421 364 3 562 298 6 437 299 4 433 425 9 502 309 1 478 469 10 601 347 
0 7 44 0.700000 0 8 0 0 0.935700 7 5 10 589 314 1 576 438 9 506 295 4 389 333 3 427 429 8 471 469 6 454 349 5 626 396 
0 7 45 0.700000 0 8 0 0 1.132484 2 4 6 434 318 1 613 317 4 416 388 5 529 449 2 624 387 9 545 327 7 434 469 8 586 462 
0 7 46 0.700000 0 5 1 1 1.062184 4 10 6 563 302 2 512 469 4 468 431 5 575 419 9 624 307 NA NA NA NA NA NA NA NA NA 
0 7 47 0.700000 0 2 1 1 0.854333 1 9 4 507 294 2 425 384 NA NA NA NA NA NA NA NA NA NA NA NA NA NA NA NA NA NA 
0 7 48 0.700000 0 8 1 0 0.933287 7 5 3 625 378 2 447 456 9 508 294 8 417 297 10 573 447 4 425 356 1 612 304 6 395 425 
0 7 49 0.700000 0 2 0 0 0.848009 1 10 3 411 313 10 571 394 NA NA NA NA NA NA NA NA NA NA NA NA NA NA NA NA NA NA 
0 7 50 0.700000 0 8 1 1 0.940795 5 9 4 511 450 1 620 401 5 437 362 2 497 302 10 426 423 3 615 311 8 576 469 7 419 306 
0 7 51 0.700000 0 8 1 1 1.037144 0 10 1 398 458 5 422 379 9 476 448 3 625 379 7 630 440 8 543 331 4 455 309 6 568 465 
0 7 52 0.700000 0 8 1 1 1.003011 5 5 1 542 438 10 635 379 9 427 328 7 428 428 2 597 467 8 622 309 4 532 321 6 480 457 
0 7 53 0.700000 0 8 0 1 0.828711 3 4 2 421 334 6 419 398 7 497 310 4 537 458 3 612 339 5 444 456 1 581 395 9 611 447 
0 7 54 0.700000 0 8 1 1 1.321299 3 5 10 631 369 2 420 330 1 536 318 4 583 447 7 413 465 9 420 395 6 525 471 8 475 311 
0 7 55 0.700000 0 5 1 1 1.789095 2 8 3 410 458 4 523 466 9 635 470 5 457 403 6 566 339 NA NA NA NA NA NA NA NA NA 
0 7 56 0.700000 0 2 1 1 0.910098 1 2 10 609 378 3 462 344 NA NA NA NA NA NA NA NA NA NA NA NA NA NA NA NA NA NA 
0 7 57 0.700000 0 2 1 1 0.807599 0 6 2 486 444 5 446 400 NA NA NA NA NA NA NA NA NA NA NA NA NA NA NA NA NA NA 
0 7 58 0.700000 0 5 1 1 0.846757 1 10 4 503 464 5 583 454 8 399 405 2 452 345 7 559 349 NA NA NA NA NA NA NA NA NA 
0 7 59 0.700000 0 5 0 0 1.688972 2 10 8 459 422 1 398 391 10 590 398 5 622 304 3 623 464 NA NA NA NA NA NA NA NA NA 
0 8 0 0.500000 0 5 0 0 0.913523 2 10 2 539 307 1 537 465 10 398 392 7 605 375 8 467 456 NA NA NA NA NA NA NA NA NA 
0 8 1 0.500000 0 8 1 1 0.922818 2 6 8 424 367 7 578 374 3 499 299 4 434 442 1 506 444 2 441 305 10 583 305 9 633 432 
0 8 2 0.500000 0 8 1 1 0.923991 3 5 4 588 472 1 441 360 9 388 414 8 526 319 2 403 474 3 573 380 6 613 332 10 511 451 
0 8 3 0.500000 0 8 1 0 0.883205 7 10 4 411 322 8 617 418 6 519 447 1 593 339 2 423 390 7 390 439 9 490 329 5 449 458 
0 8 4 0.500000 0 5 0 0 0.772295 4 5 2 607 415 1 398 387 7 586 330 4 528 454 5 484 310 NA NA NA NA NA NA NA NA NA 
0 8 5 0.500000 0 5 1 1 0.931578 2 3 9 440 364 7 577 373 5 504 469 6 466 312 1 444 429 NA NA NA NA NA NA NA NA NA 
0 8 6 0.500000 0 2 0 0 0.767939 1 5 1 620 320 5 397 327 NA NA NA NA NA NA NA NA NA NA NA NA NA NA NA NA NA NA 
0 8 7 0.500000 0 8 0 0 0.835106 6 7 1 449 471 4 417 368 8 520 442 9 634 379 10 408 305 3 508 305 7 621 322 2 564 343 
0 8 8 0.500000 0 2 1 1 0.916531 1 9 10 542 318 1 397 412 NA NA NA NA NA NA NA NA NA NA NA NA NA NA NA NA NA NA 
0 8 9 0.500000 0 8 0 0 0.822859 7 8 5 413 471 9 460 299 4 564 443 1 613 317 2 439 418 7 536 316 6 489 450 8 392 307 
0 8 10 0.500000 0 5 1 1 0.778613 0 3 7 602 370 6 443 342 4 457 432 2 574 299 5 576 456 NA NA NA NA NA NA NA NA NA 
0 8 11 0.500000 0 5 0 0 0.871289 2 2 1 413 402 4 548 297 2 621 343 8 637 399 5 446 340 NA NA NA NA NA NA NA NA NA 
0 8 12 0.500000 0 8 1 0 1.400298 3 5 9 566 312 1 393 365 8 463 323 4 545 437 2 407 306 10 577 371 3 610 422 7 627 338 
0 8 13 0.500000 0 5 0 0 0.949105 2 5 4 545 468 10 577 353 5 631 328 1 410 447 9 433 298 NA NA NA NA NA NA NA NA NA 
0 8 14 0.500000 0 2 1 1 0.813358 1 5 9 607 435 7 432 403 NA NA NA NA NA NA NA NA NA NA NA NA NA NA NA NA NA NA 
0 8 15 0.500000 0 8 1 1 1.193791 4 2 10 421 387 3 585 473 9 585 329 7 477 456 6 434 295 4 397 460 5 633 296 8 604 395 
0 8 16 0.500000 0 5 0 0 0.844332 2 5 3 442 336 8 440 439 5 561 439 9 622 395 4 577 311 NA NA NA NA NA NA NA NA NA 
0 8 17 0.500000 0 2 0 0 0.741526 1 3 5 575 294 3 437 432 NA NA NA NA NA NA NA NA NA NA NA NA NA NA NA NA NA NA 
0 8 18 0.500000 0 8 0 0 0.811099 2 10 9 550 462 3 635 322 10 407 317 6 590 382 1 538 305 4 459 432 5 403 382 2 614 453 
0 8 19 0.500000 0 8 0 0 0.912022 5 1 3 457 353 2 617 320 5 610 416 4 466 471 8 569 460 1 420 419 6 553 298 9 422 294 
0 8 20 0.500000 0 2 1 1 0.826282 0 4 8 459 303 5 553 457 NA NA NA NA NA NA NA NA NA NA NA NA NA NA NA NA NA NA 
0 8 21 0.500000 0 2 0 0 0.876625 1 1 7 441 300 1 596 310 NA NA NA NA NA NA NA NA NA NA NA NA NA NA NA NA NA NA 
0 8 22 0.500000 0 5 1 1 0.871079 0 10 5 608 333 8 574 440 1 504 324 7 454 447 6 418 324 NA NA NA NA NA NA NA NA NA 
0 8 23 0.500000 0 8 1 1 0.829442 4 5 1 390 315 10 581 351 3 488 301 9 618 439 4 403 377 6 402 455 2 477 470 7 552 469 
0 8 24 0.500000 0 8 1 1 0.849197 4 4 7 435 358 10 602 307 3 496 456 8 406 458 6 579 387 5 561 444 9 416 302 1 496 324 
0 8 25 0.500000 0 8 1 1 1.054029 0 8 10 602 461 9 602 327 7 402 388 1 441 311 2 511 444 4 568 406 3 542 303 5 405 461 
0 8 26 0.500000 0 5 1 1 1.022318 2 10 5 590 436 3 490 299 9 405 302 1 491 452 6 406 439 NA NA NA NA NA NA NA NA NA 
0 8 27 0.500000 0 8 0 0 0.844983 7 5 9 460 311 10 440 461 4 543 444 6 529 309 8 608 310 7 635 455 1 418 356 5 628 397 
0 8 28 0.500000 0 2 0 0 0.973797 1 6 7 444 449 6 628 395 NA NA NA NA NA NA NA NA NA NA NA NA NA NA NA NA NA NA 
0 8 29 0.500000 0 8 0 0 1.173381 7 9 5 454 320 2 576 409 4 454 457 7 544 310 10 630 318 8 404 351 6 390 427 9 536 453 
0 8 30 0.500000 0 5 1 1 0.862687 4 6 8 527 309 9 459 419 4 387 410 3 598 315 2 560 432 NA NA NA NA NA NA NA NA NA 
0 8 31 0.500000 0 8 1 0 0.868452 5 8 4 596 405 9 437 366 6 511 464 3 405 423 10 567 317 7 462 305 2 390 322 5 635 464 
0 8 32 0.500000 0 2 0 0 0.955447 0 6 6 595 375 9 510 464 NA NA NA NA NA NA NA NA NA NA NA NA NA NA NA NA NA NA 
0 8 33 0.500000 0 5 0 1 0.931207 3 3 1 627 405 4 595 327 2 535 474 3 420 351 10 390 441 NA NA NA NA NA NA NA NA NA 
0 8 34 0.500000 0 5 0 0 0.937453 1 2 10 611 404 2 450 457 4 388 371 6 471 334 3 387 297 NA NA NA NA NA NA NA NA NA 
0 8 35 0.500000 0 5 0 0 0.848747 1 7 6 445 407 7 594 325 5 521 310 8 621 427 9 552 469 NA NA NA NA NA NA NA NA NA 
0 8 36 0.500000 0 2 1 1 0.796034 1 2 10 629 433 8 488 468 NA NA NA NA NA NA NA NA NA NA NA NA NA NA NA NA NA NA 
0 8 37 0.500000 0 2 1 1 0.832203 0 5 10 389 450 4 560 464 NA NA NA NA NA NA NA NA NA NA NA NA NA NA NA NA NA NA 
0 8 38 0.500000 0 2 1 1 0.751261 1 7 6 412 369 2 479 444 NA NA NA NA NA NA NA NA NA NA NA NA NA NA NA NA NA NA 
0 8 39 0.500000 0 2 0 0 0.815152 1 5 3 575 392 5 412 419 NA NA NA NA NA NA NA NA NA NA NA NA NA NA NA NA NA NA 
0 8 40 0.500000 0 5 1 1 0.798507 3 6 4 517 294 8 440 306 2 567 404 9 453 394 10 393 446 NA NA NA NA NA NA NA NA NA 
0 8 41 0.500000 0 8 1 1 0.968888 2 9 8 452 470 5 389 375 10 404 317 6 449 379 7 630 451 2 505 305 3 509 443 4 584 333 
0 8 42 0.500000 0 2 0 0 0.738125 1 8 10 617 394 8 465 304 NA NA NA NA NA NA NA NA NA NA NA NA NA NA NA NA NA NA 
0 8 43 0.500000 0 5 1 1 0.871997 1 10 3 411 389 7 582 362 4 439 451 5 438 308 9 544 438 NA NA NA NA NA NA NA NA NA 
0 8 44 0.500000 0 2 0 0 0.783108 0 4 4 533 326 8 633 471 NA NA NA NA NA NA NA NA NA NA NA NA NA NA NA NA NA NA 
0 8 45 0.500000 0 5 1 1 1.056920 3 2 7 460 331 8 422 394 10 573 387 9 614 471 6 477 447 NA NA NA NA NA NA NA NA NA 
0 8 46 0.500000 0 5 0 0 0.891816 3 3 6 614 407 10 500 298 7 572 367 3 436 467 5 569 295 NA NA NA NA NA NA NA NA NA 
0 8 47 0.500000 0 8 0 0 1.549152 7 8 6 391 457 2 476 312 3 617 417 9 611 333 7 388 296 1 466 473 4 413 357 8 535 456 
0 8 48 0.500000 0 5 1 1 0.791219 1 1 4 565 354 7 401 343 9 392 461 8 527 447 10 635 394 NA NA NA NA NA NA NA NA NA 
0 8 49 0.500000 0 2 1 1 0.847139 1 2 10 469 447 1 389 400 NA NA NA NA NA NA NA NA NA NA NA NA NA NA NA NA NA NA 
0 8 50 0.500000 0 5 0 0 1.045889 1 6 4 471 463 6 591 365 1 577 305 2 423 319 5 620 469 NA NA NA NA NA NA NA NA NA 
0 8 51 0.500000 0 2 1 1 0.795680 1 7 6 496 449 5 538 311 NA NA NA NA NA NA NA NA NA NA NA NA NA NA NA NA NA NA 
0 8 52 0.500000 0 8 0 0 0.882098 7 7 8 576 408 10 401 474 6 515 459 9 591 314 2 403 322 3 635 406 4 446 401 7 635 467 
0 8 53 0.500000 0 8 0 0 1.024847 3 8 6 528 310 2 600 309 1 588 433 8 526 443 9 442 439 5 439 315 3 416 371 4 571 360 
0 8 54 0.500000 0 2 0 0 0.833343 1 8 9 389 452 8 630 463 NA NA NA NA NA NA NA NA NA NA NA NA NA NA NA NA NA NA 
0 8 55 0.500000 0 5 1 1 0.805563 2 8 1 466 432 3 514 304 2 403 427 6 446 315 7 599 411 NA NA NA NA NA NA NA NA NA 
0 8 56 0.500000 0 2 0 0 0.822421 1 8 9 391 351 8 581 358 NA NA NA NA NA NA NA NA NA NA NA NA NA NA NA NA NA NA 
0 8 57 0.500000 0 8 0 0 2.748702 3 2 3 637 347 7 576 433 9 402 335 2 453 436 1 583 306 5 451 368 10 509 470 4 499 301 
0 8 58 0.500000 0 2 1 1 0.836044 0 5 9 491 327 8 525 458 NA NA NA NA NA NA NA NA NA NA NA NA NA NA NA NA NA NA 
0 8 59 0.500000 0 2 1 1 0.825122 0 1 2 545 324 4 629 381 NA NA NA NA NA NA NA NA NA NA NA NA NA NA NA NA NA NA 
